99361 53624 
29443 67491 
80948 4933 
10760 67316 
5743 47809 
72929 29462 
82420 64062 
98629 63342 
48050 12669 
87645 21088 
85576 63844 
60014 56769 
48564 42603 
83353 23098 
9482 57178 
18388 73213 
35339 35381 
40865 21943 
60232 42891 
90308 60874 
68221 11437 
16509 14637 
21907 62014 
43152 72017 
72182 68461 
44649 24779 
62866 70177 
37049 99583 
260 9198 
16776 73904 
92148 36527 
42011 25565 
73359 5337 
40677 77311 
25733 44560 
46272 62810 
69172 85377 
8211 58490 
47447 95246 
96872 96870 
57504 59366 
25195 1306 
74265 37854 
38481 59550 
4244 18404 
81927 84072 
60777 78853 
41494 90787 
91272 71794 
67846 64652 
2591 44292 
35393 70519 
24546 9741 
58867 10741 
23430 96036 
88422 27155 
27649 4482 
30882 94451 
55692 27261 
99557 54314 
43060 87742 
77964 95354 
49242 87597 
93811 92461 
88402 67402 
38775 81120 
68195 13296 
36878 57078 
39952 71278 
59697 59890 
60461 62838 
10137 20020 
40665 30892 
48213 23516 
9815 83345 
12024 75689 
54979 43132 
95032 25832 
5257 58205 
76800 48669 
17674 72687 
68492 65067 
87431 11297 
26720 24465 
49042 83154 
9755 64562 
56866 68197 
98621 9978 
33637 9702 
82292 70926 
53805 99774 
10946 55376 
84876 11184 
54200 13765 
44385 98544 
62224 93973 
42744 64592 
16847 96137 
72941 63195 
77010 81785 
76884 89740 
68364 9859 
65195 91652 
40314 43381 
92323 17073 
15509 94820 
92088 8097 
86523 55689 
60109 36477 
72409 86433 
29039 74308 
33841 26383 
20128 90008 
59697 20366 
70376 60730 
80257 48492 
28347 96399 
32564 88703 
83725 77654 
2058 37890 
45778 20260 
91238 66655 
14102 91908 
20901 85278 
91400 23850 
52407 53987 
72487 79429 
30467 79330 
6328 64312 
85101 280 
68648 89136 
98701 82613 
1474 24265 
39549 8187 
72967 18470 
86662 66951 
85985 88646 
22522 33799 
17046 25999 
49995 39851 
98710 5684 
97695 28297 
67856 31487 
14049 18642 
89964 94900 
14513 89991 
35184 78808 
38635 33967 
25863 90035 
94109 20920 
97164 62096 
13472 69266 
12484 29776 
25770 7133 
53641 40528 
50303 67895 
62120 34186 
52464 66800 
42136 92122 
62722 64514 
48903 29725 
48967 35294 
76183 81955 
49715 22391 
26050 10751 
21076 81376 
90803 45167 
23934 83266 
2000 50392 
79443 73642 
4877 10173 
50719 61402 
97711 98678 
66541 41346 
35183 12443 
88883 38480 
32387 30828 
40275 98767 
21866 74265 
49279 40962 
9882 33585 
42756 27245 
50111 50868 
12162 6582 
3072 42470 
7750 34021 
77770 68296 
69355 71590 
58443 67878 
85328 32046 
3723 3435 
82255 35387 
68159 72878 
87217 9870 
36734 81563 
71667 84217 
81897 90623 
81381 85772 
49565 91840 
80503 80521 
55684 94253 
89339 65266 
28117 46102 
75355 49622 
60029 57189 
64744 46121 
50358 31375 
77953 20369 
94598 66703 
56729 40036 
54818 31473 
42530 1381 
81706 78654 
86542 5114 
83392 18095 
20106 99535 
35889 26288 
90984 8276 
8247 36798 
75710 12338 
31821 20981 
11165 61749 
77567 38239 
49550 50817 
17843 7826 
30098 2776 
39933 30076 
78153 74585 
47371 63952 
87636 10682 
32074 49926 
16486 45697 
25444 52461 
26281 80446 
39777 84755 
27076 32966 
92684 69878 
46367 96911 
66712 87111 
27144 23351 
93923 50003 
74152 78772 
70937 63572 
9768 22088 
3780 12062 
71305 86490 
53853 35812 
80091 48170 
6435 66030 
39337 13271 
11366 99665 
72591 56854 
51877 13042 
97468 3243 
82040 32595 
40426 45798 
35888 3756 
37451 65978 
51980 24939 
32872 26505 
76032 42585 
83876 81505 
1233 35334 
1869 67684 
80907 50664 
13465 14937 
1469 95707 
3689 42188 
34932 25459 
11867 84876 
99690 16226 
86742 34157 
45936 59906 
71479 54715 
47757 65593 
81542 88026 
27812 8963 
58806 40989 
62488 27082 
33834 6006 
15491 16472 
4870 57924 
26088 55700 
46919 25716 
34530 40225 
97187 42294 
61692 86876 
24165 34580 
72541 38113 
76837 27768 
43767 72049 
27752 2637 
24768 3265 
69121 62855 
28158 41566 
94633 40410 
11038 61046 
1342 91599 
11530 20270 
75760 13471 
86384 65828 
86217 41171 
54977 46171 
89558 70336 
92584 60408 
74431 85489 
31563 67580 
5690 65346 
22896 85972 
4857 79005 
82562 19126 
112 83157 
97242 55490 
5952 79819 
92157 2005 
47439 96492 
70116 28436 
26852 6228 
15375 18893 
41640 13792 
18482 49727 
1666 95887 
19007 38881 
61074 98406 
81915 40761 
75503 61686 
20295 92843 
18879 65961 
52272 55458 
45738 63523 
33145 24617 
64743 91548 
35136 39183 
97035 40074 
56624 48398 
29055 83378 
30313 53450 
33635 69731 
65524 87722 
25468 4534 
3645 54292 
37441 54833 
87737 96447 
52879 49463 
47402 37189 
5398 48335 
78232 87102 
62841 6861 
51520 86451 
44698 67057 
24371 17019 
83435 65566 
32951 91934 
29315 60648 
42355 7616 
15599 45136 
95387 20990 
46390 30418 
49553 97230 
42951 57708 
16636 58540 
85982 17157 
22476 52902 
21098 32827 
85891 53156 
52705 2109 
75174 91484 
37470 61840 
38190 32046 
2753 90217 
17813 85471 
57673 43529 
58306 72835 
34843 69797 
80198 53953 
99401 37612 
51340 45025 
88584 67769 
10007 64061 
99891 57742 
2295 59036 
28792 44597 
80512 93316 
67971 60666 
71876 85704 
19261 98068 
67536 28260 
36692 13167 
801 34142 
14513 70059 
80422 99761 
57563 43436 
19871 846 
23030 75428 
56783 80391 
2424 8519 
88083 27931 
20506 97170 
55783 94255 
63941 34470 
6034 33404 
16605 16982 
9738 14671 
70768 10856 
76893 1351 
3770 75373 
18774 50086 
58372 46262 
12205 44931 
41575 80461 
98341 43625 
61548 16417 
4789 80074 
55152 9602 
14312 36658 
19635 61606 
15996 72764 
51199 72985 
65467 71775 
10443 14986 
49597 47807 
80088 33334 
98105 35564 
53923 68461 
9564 71968 
97590 869 
62552 66585 
51577 7760 
64006 49372 
4732 47648 
46350 78915 
52633 73333 
62533 92052 
69294 10449 
43858 76681 
63006 28745 
79307 53550 
57480 76314 
47069 59942 
38045 43171 
79050 38441 
29255 69919 
67378 47333 
25098 19658 
28271 25692 
75882 86884 
23084 65857 
46900 25783 
98983 68726 
3171 42187 
52385 83200 
41802 8349 
37169 60097 
88944 27807 
36634 82987 
1860 98763 
93267 73665 
68248 98744 
43620 8342 
74799 40736 
36936 22149 
24822 31557 
25637 24166 
20860 96937 
3378 92965 
92332 24553 
32117 73502 
40557 16259 
43465 50228 
93903 33777 
21581 28399 
14355 68320 
74957 15818 
73442 63943 
82676 60647 
20272 76849 
57055 67385 
97288 58436 
99072 82786 
20453 8596 
35573 16208 
29691 57537 
17970 34778 
32692 99408 
30988 52774 
10646 19007 
7006 16719 
27945 24105 
66624 72982 
89592 20174 
9295 93008 
19842 41810 
59256 22861 
93481 85656 
31397 18335 
37212 73354 
19379 24687 
32764 9866 
23963 60900 
95635 92419 
33422 72395 
73770 68446 
39830 23242 
9042 37037 
25164 9173 
31024 37755 
79330 86074 
7374 73112 
18624 25138 
58006 66564 
57570 25509 
51319 66573 
49686 37963 
39866 69098 
53470 79080 
60143 45832 
98723 44372 
16621 33555 
25299 60922 
93619 61162 
41496 55381 
90335 65259 
2490 51536 
54094 72647 
40581 53163 
94810 8574 
88500 12501 
99681 23351 
24597 32459 
31294 16722 
34476 1532 
84616 79326 
27495 14392 
98735 63657 
68485 88288 
67779 43124 
85188 45598 
72075 17116 
90096 96295 
55404 72434 
11759 20555 
7128 17006 
65054 21401 
68987 60498 
2553 90000 
75527 28256 
79828 2130 
54413 59939 
36372 43327 
58281 62284 
40799 42349 
73319 56642 
74087 77862 
51446 86205 
27837 11616 
42701 25337 
75886 92890 
62424 63939 
37056 73616 
13782 23508 
84465 71342 
409 98343 
72492 18071 
6169 5292 
46394 37026 
89500 68525 
71485 96509 
38298 61979 
68949 285 
57986 81457 
73520 87290 
20188 20790 
34659 29983 
82328 82057 
67299 40274 
99531 58532 
20840 14713 
89349 90849 
75805 76532 
77113 11812 
96385 1096 
45150 63370 
64130 43474 
32601 90417 
93067 22090 
84268 90449 
79824 50795 
26696 25520 
73627 53180 
57583 83498 
60539 37635 
70684 9350 
43914 59343 
2505 13961 
68728 46332 
79381 7957 
81338 20688 
63944 1065 
38165 3161 
48509 53726 
76899 49651 
19586 67004 
42058 31456 
22497 49268 
13067 37636 
87983 3699 
17509 47504 
43742 39342 
24777 94003 
22979 20286 
6104 14592 
99335 32433 
15787 65285 
22992 65452 
95372 55612 
6263 78641 
27698 47520 
8649 43784 
70909 49605 
1121 35514 
83867 29603 
47315 70246 
13916 62636 
25328 78466 
55501 30538 
28010 31945 
3907 88394 
21878 37422 
22189 18481 
15242 51323 
11383 98903 
84631 66333 
24142 24467 
35270 69897 
90203 30742 
26174 77196 
28400 88718 
73301 96721 
4444 57154 
55248 95223 
56275 2404 
85160 90677 
49499 21443 
79771 16801 
44304 32773 
51927 70761 
52190 32051 
76475 76881 
35961 44518 
31061 73483 
59653 44691 
93153 57437 
26404 55283 
82539 1548 
51766 81949 
74559 93637 
7528 88201 
73512 32929 
36883 65727 
27952 59367 
85572 9343 
89996 84494 
15644 62928 
69315 38744 
68565 62982 
9121 49322 
22614 69766 
16262 15263 
45866 42554 
10445 51846 
80538 85100 
18638 35224 
7060 60209 
29855 89958 
26957 48175 
42846 27060 
72490 2840 
84565 58240 
97960 41170 
50900 83237 
32676 87493 
22730 71425 
78839 81928 
40229 36332 
18892 54024 
76194 32268 
56411 57277 
35245 85963 
52172 57924 
19882 12930 
32767 72319 
46688 58183 
42998 51173 
66354 44054 
85223 16086 
39769 4000 
38956 64043 
49039 30635 
82233 68945 
77124 68650 
42595 25710 
72661 38856 
90030 2155 
27591 88274 
46792 86592 
34375 23013 
29763 44953 
56835 95626 
59850 30288 
44128 86676 
69890 19568 
40821 41471 
17633 88017 
97760 97221 
63603 69553 
68172 63296 
4968 93436 
81361 97887 
66039 31825 
22406 57984 
33607 40746 
10400 86479 
91050 27796 
60086 40090 
48996 33959 
32140 54879 
92294 74005 
25881 92364 
63134 40227 
44862 8480 
78417 37617 
70572 40148 
35764 85119 
12395 9717 
97086 87198 
63001 6305 
51191 52737 
77498 14800 
47645 14148 
11995 28307 
62964 78568 
2573 97818 
7148 25188 
39265 44131 
3711 47950 
91256 81334 
79553 31288 
69313 78599 
82376 38056 
69388 17635 
2827 83422 
27338 86805 
16132 66276 
28877 89745 
73729 30552 
61188 36266 
69232 32897 
62977 26374 
75050 224 
28349 34447 
96073 70962 
46493 49925 
15059 27168 
13989 33288 
10717 41207 
39430 1705 
13927 80290 
71095 67380 
30164 34961 
17602 13478 
96901 63456 
98684 7433 
63615 72905 
58718 19506 
78987 90443 
99130 35674 
45009 12569 
37450 28213 
50899 59464 
80619 74814 
31094 2479 
8017 97615 
1067 77649 
95736 27226 
12293 45820 
77787 83656 
33433 10871 
32203 5973 
8636 61520 
412 55596 
65834 59311 
96799 64336 
48025 55651 
42025 97577 
18715 84155 
58459 55466 
49095 41017 
98998 40527 
28948 35811 
41569 78814 
55929 67839 
70785 93528 
48523 59030 
85490 94976 
96911 53421 
16370 68797 
12867 75337 
11305 15592 
64966 23689 
47827 19408 
88575 68146 
61819 99939 
41457 4480 
39507 33922 
35294 20962 
5822 14861 
11010 25502 
56382 57030 
41548 84053 
22628 39678 
39526 24824 
30040 30380 
19259 69989 
7918 22711 
12649 66802 
35866 72712 
66729 3433 
66884 21063 
56958 11334 
49915 43451 
34852 75574 
85702 80303 
91138 97327 
88988 58884 
56319 78600 
97356 35682 
79414 28265 
62446 55084 
22586 20597 
82802 41540 
84489 72787 
89248 16703 
18364 46260 
73524 60523 
42283 18136 
58761 15777 
48405 13815 
46468 69267 
5702 39394 
38827 29695 
16337 3539 
27381 62182 
29736 72389 
59631 32463 
40333 58267 
43573 59979 
95132 3148 
26864 78402 
15356 81279 
92116 54578 
92912 11813 
42701 22428 
56766 41957 
14490 47045 
17007 33891 
38128 46051 
85044 64599 
93701 60187 
37259 26732 
45099 83230 
36398 791 
14874 32454 
50077 54133 
62079 65235 
9026 10714 
55356 24791 
28996 26956 
91447 28643 
79790 3788 
95323 97067 
22408 62638 
52318 55616 
51075 14035 
64917 35742 
70736 51507 
97255 40610 
12590 10556 
68936 39392 
40314 42773 
86429 2633 
27890 68517 
55080 93745 
96235 88098 
97708 87218 
80373 51024 
16765 92871 
61434 5630 
76213 27235 
38518 77287 
46550 88151 
34285 52390 
51846 56684 
25141 77456 
81147 71686 
61946 17910 
78309 96625 
418 59529 
4073 25770 
91756 77004 
72130 57357 
93455 38715 
96934 95077 
47920 64570 
55209 26022 
42163 4639 
55359 63199 
5764 60306 
29404 33739 
26206 26801 
10615 40176 
60819 96239 
36664 21438 
2785 23643 
22896 92663 
14995 24953 
83241 48516 
80030 45655 
37323 73361 
27131 11401 
31475 13467 
87758 47881 
18656 31375 
156 36209 
87687 80613 
30365 52226 
5738 10118 
2153 23339 
39682 32096 
31624 24959 
51692 64412 
43576 30024 
22389 89253 
6144 19799 
40876 53427 
57899 61848 
15141 72526 
17261 61966 
98623 91098 
57944 875 
99120 94044 
6132 73602 
34771 60656 
65170 59710 
28485 2015 
1784 65950 
87009 24918 
34186 99382 
93687 21074 
46901 48665 
55048 88978 
19744 73944 
80491 57726 
99097 31673 
41626 96934 
58489 89681 
53237 65021 
92452 19950 
41386 69296 
62723 91808 
15820 85604 
69078 26617 
43615 12720 
48457 16564 
28949 17283 
15468 54748 
39874 58691 
45008 71575 
87158 70256 
63409 23268 
52537 12821 
58413 32391 
84120 10124 
40214 37343 
25248 21379 
85924 68077 
19749 5858 
78043 28654 
41312 86713 
3843 33759 
27637 26829 
17077 15932 
61036 88188 
75980 93007 
26310 58068 
62313 61160 
94045 90293 
54975 57944 
22845 27880 
78745 21824 
47573 44551 
73774 59990 
22344 66960 
34688 24602 
16754 16875 
49503 89102 
21800 43149 
28029 10894 
7928 97009 
47030 64425 
91843 40974 
55153 29566 
10975 71703 
74450 24239 
74918 80104 
7321 77311 
61699 68239 
7790 48081 
53376 91877 
4253 12016 
60267 99986 
67174 48949 
66014 98025 
99700 89522 
36722 70586 
91732 98469 
76575 60745 
18753 99167 
79603 18441 
85509 72915 
22723 98251 
11669 98511 
68651 8122 
31638 32977 
99006 84957 
33960 72621 
77657 355 
97054 75172 
52326 80423 
87542 68319 
38439 57213 
74999 17767 
93433 56206 
82672 78772 
81974 64163 
37596 9142 
52955 14761 
5468 78828 
97707 75604 
95758 71441 
35476 19527 
770 36473 
77036 15540 
88680 17435 
50194 80343 
5091 50815 
32006 90021 
50204 3471 
21651 63336 
89456 91973 
5217 93009 
24311 6405 
9069 19409 
96859 43271 
11965 12286 
26994 37398 
87806 50491 
84130 71118 
80631 67068 
76806 30486 
71429 57671 
2966 72979 
82333 33950 
41320 68792 
77952 40364 
79897 78812 
65864 42828 
71782 36285 
68718 40651 
79942 6369 
38911 49440 
23222 7978 
13476 51930 
63735 95754 
61604 16166 
82283 16441 
60136 36021 
72876 73627 
43373 57722 
50036 57535 
12748 17869 
3281 22434 
59160 33399 
52051 23251 
46194 51971 
51286 55078 
25982 92480 
72982 74547 
11124 79692 
42278 20393 
5868 4472 
37937 92065 
7655 21585 
76623 89832 
26190 30811 
87897 67634 
31329 73873 
52645 754 
33389 19656 
21450 24438 
19870 3232 
51427 56693 
21134 30435 
105 78741 
54238 59001 
93203 10015 
98902 19769 
39450 81061 
92503 46980 
107 77337 
92023 45420 
33427 99690 
40050 33946 
25030 63111 
89182 69908 
83979 34439 
84643 77019 
31377 91755 
78410 70424 
33339 73505 
49843 97044 
33462 73734 
37571 86699 
21235 31354 
45315 40099 
32326 55961 
70360 63451 
14260 30500 
17529 96294 
6736 31932 
3838 69063 
79685 15083 
29373 69990 
44127 11965 
88505 97126 
985 9127 
22194 20575 
21266 78956 
66935 82492 
57319 57378 
38787 17952 
69388 80013 
1994 88478 
14265 11599 
10834 81868 
83573 29391 
80638 46851 
98044 50226 
39325 99223 
61147 23092 
34330 57252 
50517 44271 
21471 38510 
78841 90538 
42076 77685 
87219 7358 
2615 5520 
43504 33699 
7098 62720 
5682 92791 
56675 9451 
76121 29070 
23162 31047 
16334 25536 
23611 33563 
13895 92882 
71584 69021 
93220 82014 
57463 29528 
40178 34950 
14904 1844 
66822 55597 
63438 79601 
77003 51535 
78286 89012 
6246 70684 
27597 95762 
99975 32617 
34609 25691 
63021 33272 
67633 49969 
60317 83971 
34314 56631 
73810 30881 
58268 54662 
23795 89435 
45982 34289 
44266 19760 
9779 37653 
61326 63754 
98683 77781 
61315 62229 
3172 80552 
51009 71409 
42108 14313 
6132 2076 
10521 14866 
76354 11795 
65489 9729 
65071 90879 
53978 94906 
30481 96167 
41334 19818 
60813 3161 
81985 91650 
61038 66720 
84988 19016 
51002 3250 
66186 76703 
15619 33209 
46035 88157 
66638 51756 
47575 90485 
72444 27497 
72557 67889 
87479 64535 
85373 13802 
66058 1415 
14270 9424 
76735 62047 
87171 86922 
42826 18334 
55544 79242 
22304 71982 
23835 45321 
5988 13830 
94334 99400 
56829 73069 
57710 66219 
35026 25840 
8019 30080 
53831 92928 
37613 45046 
89128 19700 
72195 26024 
22188 97883 
39161 46007 
29508 58449 
23402 23490 
46228 37608 
53916 95841 
20331 93791 
81829 39376 
43698 32509 
55892 14962 
93044 78116 
74994 89140 
38877 16725 
98927 5084 
83835 22955 
28432 55177 
73094 74637 
23427 37497 
79030 54273 
14388 62275 
99922 33789 
76013 11117 
28155 39980 
74542 41801 
37315 2091 
70586 74466 
9452 90056 
57782 91250 
73946 62217 
44307 30707 
57611 54688 
39033 60809 
52016 61067 
87032 69888 
88479 70789 
10170 23562 
73802 57203 
47697 97526 
80507 32314 
59011 10992 
4207 14135 
46190 53681 
97716 84743 
77433 20407 
66575 52353 
44197 41649 
63935 69139 
64597 25936 
54042 98003 
53572 10422 
23079 66155 
16321 49745 
3686 91082 
85711 60061 
45234 15397 
16602 75094 
5741 41054 
70481 64107 
63321 10517 
72315 7892 
45141 42779 
98188 28187 
50084 95442 
57089 18385 
97660 90636 
63117 28942 
70197 12122 
55392 19615 
27916 53740 
12164 2432 
67234 75184 
22830 64297 
61497 135 
27058 76140 
70270 73889 
3676 66749 
28485 82865 
93703 63738 
29888 26786 
71652 81517 
638 25799 
37151 66735 
18352 39440 
84974 95334 
69490 72116 
25720 52161 
53710 40636 
71673 14064 
37650 83331 
72777 418 
32594 97451 
86214 51254 
20546 1749 
89697 42455 
81486 34572 
3427 49950 
80904 14254 
68516 30380 
61211 8267 
40763 94409 
43194 80305 
97794 10681 
84421 10384 
24887 93350 
60349 12037 
40199 94174 
30849 2783 
43642 41387 
29987 19367 
25342 41826 
70076 7576 
49369 90284 
82422 57980 
36352 10597 
26597 3585 
4630 86664 
87725 43092 
93738 28436 
46944 4390 
86329 57827 
54096 16882 
65028 92578 
53628 18367 
89255 52308 
14822 82490 
53719 10272 
95672 16108 
95059 66819 
26075 42454 
46036 26093 
30495 55605 
97685 16211 
22823 4491 
19036 4973 
96919 40603 
1264 28105 
5124 42513 
38553 65087 
64057 12497 
31497 68826 
52051 25758 
512 79743 
65856 1172 
26529 32280 
85541 53936 
94129 92413 
56051 85177 
98346 48425 
31403 61279 
90496 14044 
43307 36621 
80688 92957 
49775 77379 
85088 96792 
91303 51184 
4523 4873 
32283 57716 
47699 3317 
93532 88627 
67070 43542 
88173 21759 
58312 15783 
57579 74204 
85402 41915 
66677 61528 
32437 53704 
58646 36355 
50644 37537 
87882 8514 
64419 94769 
47079 81073 
23774 87980 
79367 71849 
42241 17798 
19682 28347 
39052 2348 
40877 85609 
12331 11962 
89566 61050 
6082 45499 
84288 28143 
97884 21405 
14299 61681 
26534 96610 
21144 1327 
99236 19421 
67144 37349 
66534 68743 
95022 82617 
29776 31314 
61119 58381 
50740 21035 
80992 87812 
65936 50086 
60671 60947 
69119 20172 
99438 7400 
14761 14096 
40716 89108 
12440 32767 
16510 4385 
27584 40828 
77812 76648 
77503 55301 
28465 86491 
13307 35910 
83238 94110 
8113 13256 
52168 90621 
29823 21518 
12735 11413 
62821 86083 
69015 42472 
57078 53322 
12678 51435 
25440 39651 
94552 79196 
80299 20099 
87449 34967 
99360 72807 
71039 47986 
36900 45152 
97774 42415 
51675 9701 
5245 18497 
5578 33695 
24780 42654 
98131 94508 
98725 71976 
41123 35320 
59560 64411 
44920 70181 
42847 54997 
83448 15712 
2986 10575 
28332 47900 
75842 10699 
94366 56723 
85553 40828 
18276 98823 
24134 25399 
614 28975 
42017 72979 
76699 24818 
75218 53497 
46657 6116 
580 78394 
86897 89774 
54358 8539 
85777 14867 
71413 71924 
94756 18178 
2360 33341 
62962 40017 
44249 21700 
27926 92558 
76692 87065 
68116 28488 
29845 29207 
83945 6456 
23219 12133 
63104 61623 
5055 55013 
3329 54565 
90809 68871 
11146 89832 
46291 90554 
68652 66673 
86089 50777 
62076 48741 
61133 1354 
95613 17047 
90605 18301 
71980 977 
52860 92081 
7127 65908 
87654 14021 
60739 72740 
77651 68830 
6437 14633 
71064 47123 
35973 79291 
79251 99012 
90284 81319 
33169 60055 
36919 58511 
10834 94251 
68118 28361 
54262 15261 
76757 56653 
78855 66675 
78406 98678 
40784 64881 
86884 35449 
68643 33995 
18018 42222 
84510 91298 
91674 94691 
36500 73753 
25727 39428 
40011 31445 
67221 29448 
78085 52148 
85831 53223 
42641 22739 
62591 66037 
7829 77806 
42914 66254 
14329 33542 
87097 45911 
9165 55909 
43759 84964 
29433 66049 
92109 51591 
40326 43057 
47436 17163 
37927 44475 
916 93779 
5482 28257 
69571 54730 
68180 26447 
65164 3810 
25982 90442 
51822 18089 
56598 487 
51364 568 
71463 7887 
72563 44100 
76395 57471 
86016 26007 
35597 19934 
39812 24007 
62758 48961 
12840 68432 
66237 66408 
32398 23075 
56662 70305 
40633 17663 
84728 55115 
80400 38568 
14620 31379 
85289 21233 
54153 32812 
852 77708 
56618 2880 
34460 35762 
81272 60038 
29764 62242 
49502 51050 
88414 92634 
61932 15205 
16432 91271 
48090 98726 
55579 22139 
4695 78329 
71090 18984 
41272 75603 
6288 5198 
92470 69801 
81896 28918 
75358 45604 
13267 46836 
66899 44576 
42282 11413 
51945 24248 
32346 90512 
45272 67189 
54667 75875 
22569 23897 
1937 17486 
4729 17970 
1570 54507 
27406 89797 
64780 322 
93528 5860 
122 79141 
50286 14765 
40472 4706 
54122 88218 
80999 37811 
87288 45458 
2313 58685 
67837 23000 
57790 42707 
51182 18070 
36950 33502 
55896 3718 
77819 66162 
58980 86388 
90375 5135 
96565 52550 
70430 26289 
74869 30063 
28758 90701 
43183 72006 
33758 28935 
5780 56016 
67657 78866 
52843 80533 
25999 97575 
71872 30842 
48100 98384 
60492 82457 
52188 47795 
99187 7129 
63069 93931 
58207 47642 
62515 87996 
6743 31565 
62894 3348 
64427 1265 
3180 52973 
85338 47726 
93077 55456 
92886 49099 
85812 1998 
90317 31443 
43056 32573 
56038 88682 
66458 38051 
95581 21633 
9436 66870 
62716 81778 
50178 29844 
81100 34485 
2182 64716 
94808 88516 
62229 43270 
51187 73892 
47317 78148 
72706 88589 
51892 13926 
5812 76020 
64613 67606 
44292 39912 
19917 17345 
12210 50907 
23815 25073 
57242 50134 
85645 18586 
49059 8975 
7895 51768 
99388 61381 
34779 7803 
20481 85359 
36860 9516 
16931 73628 
13858 53466 
62148 99925 
30632 89958 
45250 57102 
62418 29834 
86744 15889 
14507 70721 
12084 29079 
98883 363 
41050 84906 
95720 52707 
97845 95495 
1180 63653 
71934 91542 
64621 97620 
62840 82742 
48103 93603 
23490 34996 
98984 9895 
76148 10049 
12448 30389 
12599 10982 
74960 32152 
5937 77833 
21916 3933 
55191 81655 
13196 48324 
55976 72420 
28823 96476 
40452 46465 
13633 13601 
58111 12512 
54612 75923 
75253 51842 
57490 55320 
55468 87802 
197 56571 
46074 2589 
79966 13956 
36150 65129 
38142 68891 
70669 62887 
42162 18344 
2199 62550 
27712 44979 
36755 59795 
55744 14276 
83577 16737 
18776 51335 
49987 27134 
38864 90619 
31941 94078 
35620 25600 
38473 52649 
6851 72079 
53979 20873 
56650 98891 
86113 16347 
26190 72775 
69059 33023 
31022 10388 
92014 32878 
85303 29741 
978 70596 
98208 45795 
78251 35884 
60651 60509 
38552 67666 
1507 56329 
93238 67174 
81665 13915 
24839 12804 
11532 39871 
82982 58636 
23036 8258 
59732 80631 
674 90927 
27475 19771 
77860 75964 
25719 59804 
34562 51027 
64494 68732 
90172 58889 
71544 27839 
71548 16217 
48076 69778 
50373 23407 
13560 48155 
86207 83272 
13936 65006 
82071 89409 
39527 89732 
57893 41283 
49088 13282 
73845 92384 
24620 94774 
90349 40246 
87933 74234 
34464 22683 
94419 44765 
53400 93301 
82088 218 
75050 11140 
94642 310 
62732 94265 
16219 24136 
46731 55173 
52392 15158 
38782 57087 
67138 56002 
87272 4512 
38672 49780 
10750 8883 
28432 26142 
55220 50691 
66945 34918 
56750 93171 
47899 37929 
55068 89446 
87506 60470 
96118 64969 
50036 17924 
81954 50166 
62417 90125 
74883 84379 
40871 76340 
39421 11522 
30789 27111 
10437 40303 
17384 15694 
8734 47433 
99160 81484 
86388 60938 
28786 50554 
73289 72496 
16747 14307 
13649 92679 
61933 26268 
26624 81027 
20337 59144 
98748 54086 
48128 49561 
17536 98856 
58564 46239 
85386 96534 
13584 68896 
10838 92003 
30373 79778 
60267 28210 
20807 67486 
67259 1398 
97395 43628 
39200 83084 
73176 56854 
71008 97763 
55037 35933 
74499 41491 
79967 83817 
58510 75814 
72023 57971 
49696 33982 
4112 88807 
26847 31909 
33171 7647 
52573 85066 
39931 78397 
25396 94297 
45159 53033 
42547 78490 
93129 99937 
59202 98 
90056 86324 
53402 50709 
60298 31185 
57583 38160 
36376 83614 
97403 44162 
30211 22829 
86498 1927 
42422 20884 
61791 77024 
54165 56778 
8182 21472 
11689 21576 
13690 11048 
57635 8133 
16571 68821 
85092 36172 
54428 24156 
90507 23703 
2029 55712 
79774 79136 
89298 19413 
38166 54985 
23893 67945 
9276 73638 
3770 27018 
40683 8471 
94355 5433 
44826 79428 
62166 80969 
92390 1197 
2189 22130 
2501 4272 
69820 77027 
19091 34401 
29848 84946 
66061 24323 
64744 43626 
55184 23209 
42440 95812 
80176 63823 
29791 82368 
67958 45205 
52102 46019 
73855 9530 
41365 59753 
1329 95812 
86283 96986 
98808 60262 
95663 56762 
36279 63341 
13460 6588 
92529 36941 
78489 7963 
90269 61630 
4794 45184 
853 3530 
69632 86755 
2887 83132 
35247 70493 
19764 74261 
97850 18407 
79999 60374 
52671 55456 
41206 7536 
87446 27523 
93669 48649 
68392 88217 
12672 11893 
62486 51584 
60106 67856 
47798 88376 
45336 14434 
99636 77191 
42922 66361 
4445 8647 
30492 67094 
45668 80671 
53941 94776 
26207 16061 
49060 91155 
40632 79667 
48849 2551 
86975 71856 
83939 85387 
12709 27364 
39937 95263 
22426 54203 
69955 48209 
35775 5993 
73198 15494 
73372 92890 
41186 89256 
65672 1239 
42066 35194 
25220 10124 
60415 30755 
96219 64214 
35035 72408 
97030 86578 
40489 24086 
967 92622 
39439 70273 
58722 96835 
92343 31932 
51720 87756 
48664 1162 
79920 83355 
59454 51389 
29834 68982 
45039 83873 
38956 63121 
23493 78459 
71316 52327 
55689 26754 
45562 86098 
90943 39277 
11723 24837 
3606 34647 
55745 89638 
95441 38498 
21903 71326 
1209 42556 
82380 17987 
75620 213 
50561 35171 
58653 63908 
30019 1023 
13205 1787 
14697 19778 
4159 66324 
7451 11370 
41140 26024 
3909 62376 
38626 12766 
96506 44026 
56502 82030 
89588 36771 
71792 30968 
80643 87651 
97976 70179 
55014 66699 
12208 99036 
61816 81649 
72648 91565 
87380 56423 
8299 60098 
19146 78189 
41890 27333 
97744 70214 
62759 3914 
87914 53307 
1096 38285 
59933 17354 
67571 78323 
62387 36221 
13039 60137 
84422 24303 
31896 18414 
50991 51007 
79614 94835 
68183 677 
103 6329 
37350 89786 
61729 23311 
86546 30658 
82218 99570 
25713 61532 
82111 90068 
18061 46507 
44034 90712 
74267 85682 
70801 34991 
18399 65790 
29171 86409 
44873 24651 
38090 72769 
84297 98982 
10333 18583 
22718 74424 
84669 45326 
73554 59068 
92047 25686 
84425 57340 
83759 97642 
72121 29803 
12124 66933 
18109 86227 
94985 52361 
24263 74256 
14134 57383 
23915 94020 
94764 83572 
66848 90285 
88147 36771 
48546 48000 
32958 15165 
33743 44581 
1999 9977 
32295 92808 
50580 94136 
21360 41928 
70370 22020 
72100 91356 
18301 14243 
31349 11309 
33913 55474 
29136 57789 
80529 90399 
31469 15505 
45728 63186 
34460 1639 
14829 9198 
638 15834 
87418 74204 
71226 27298 
41446 5957 
49185 48656 
62016 35784 
36980 57969 
42694 43670 
30325 95293 
36035 79386 
14561 78219 
76985 94262 
83860 52010 
27912 23537 
5112 14293 
97256 47535 
78130 31685 
65112 51458 
1725 96305 
8563 98199 
41232 53817 
57150 26341 
7234 71468 
24604 86371 
97512 4513 
56811 32171 
24664 62501 
7946 91940 
50358 73090 
6821 52986 
73867 90340 
3708 8189 
77298 96937 
94239 28450 
12844 5302 
1477 45055 
28432 71274 
59832 48655 
67282 95855 
85218 37431 
44199 5450 
34714 76017 
96809 69105 
55942 58891 
33503 32423 
1487 7179 
51498 22177 
36901 66232 
78219 3060 
2180 12789 
97119 48594 
96077 25223 
55076 21895 
40224 18067 
12671 48825 
45721 92951 
90955 5994 
48754 12030 
88690 39128 
3721 57159 
92605 73558 
22483 98288 
79874 77824 
26556 57960 
16787 93914 
35422 25275 
90514 53157 
48600 42321 
71882 55523 
91718 58834 
96267 1871 
87555 26710 
66955 33656 
81864 85020 
30775 52642 
759 68287 
49308 64378 
41552 56038 
90655 13518 
2146 70050 
96532 56472 
35435 17177 
37360 47495 
74632 70296 
54063 97952 
13065 77662 
99445 5372 
37669 91823 
34285 38800 
9271 13289 
3746 10039 
54755 51227 
18160 56579 
86235 13749 
88981 11309 
90659 53720 
25430 36542 
39550 12522 
80298 55477 
53115 23832 
44393 22897 
15506 62242 
28282 38701 
78772 47403 
37269 22860 
11881 43412 
40939 38382 
48144 25248 
62175 70140 
59504 19368 
62163 41663 
39343 63892 
77727 79489 
6842 75381 
75222 15197 
55351 53762 
21269 48968 
54895 4785 
34749 85315 
84593 10220 
76776 91563 
14654 30024 
55788 22753 
79595 77849 
73404 2795 
84382 71503 
13378 51055 
63468 23350 
80748 95960 
69002 2151 
31216 22809 
99001 67476 
91785 61644 
88837 50558 
62898 32855 
80128 31361 
9543 33156 
49986 40606 
94264 62596 
30516 97666 
78498 64509 
73582 80463 
20354 74567 
19071 11899 
26721 52604 
6223 38843 
75499 1386 
27098 74334 
9793 60242 
58808 71417 
20059 98246 
26897 97891 
72491 21621 
46084 85271 
12320 53071 
56559 32385 
69275 36946 
24130 54287 
19068 73489 
718 80528 
9586 87796 
48074 23365 
43366 94760 
12040 56076 
18969 29893 
97290 64345 
73029 77791 
33200 59512 
32036 44907 
40350 71543 
78327 91394 
4125 71651 
58289 57946 
36995 9783 
12435 97913 
64255 90568 
86818 52361 
99383 52808 
93128 86371 
84603 62230 
20884 38512 
59897 74983 
69261 22270 
89367 80224 
58411 58144 
17756 84152 
521 8192 
51865 54978 
59392 30995 
61717 8562 
3996 74333 
74560 77854 
66236 75293 
91111 75733 
46055 43118 
87941 30523 
68067 58775 
82504 46172 
83061 37041 
28012 14987 
24982 61872 
74224 89811 
79441 23848 
77184 4658 
93306 59698 
66039 18075 
56617 18240 
78299 41883 
17829 54481 
56235 9453 
51314 84205 
56588 32292 
82069 15085 
63377 91479 
86773 7130 
9291 11375 
32560 5260 
5005 67003 
85371 29846 
47748 83675 
18183 7253 
30533 97644 
76171 71725 
1680 59975 
10563 72430 
30625 82319 
75915 74985 
20466 42892 
96538 55551 
70303 93742 
46975 47338 
31153 36245 
58722 14330 
18058 60770 
60781 95124 
37986 78611 
85177 80921 
68231 9501 
20238 66070 
73205 26435 
74203 36985 
78924 1007 
19652 45813 
33886 37109 
25275 48958 
72714 28597 
45670 77329 
64593 27389 
32126 45179 
72428 62493 
47770 97415 
70594 7558 
19006 41502 
69250 54823 
31791 9350 
71427 16711 
86128 47051 
45425 42802 
55039 35892 
29556 9571 
55307 6738 
98823 13017 
26475 21738 
13907 70200 
31825 62203 
41628 14681 
40507 79601 
83038 53027 
23523 37807 
70428 34763 
97889 99029 
97700 76553 
83147 83320 
29953 72882 
92257 62117 
97576 20151 
64952 29945 
17745 78848 
65814 35259 
1949 99329 
11587 41318 
2013 40754 
62671 31057 
19059 19862 
12277 66126 
49944 36492 
33369 59557 
73936 36178 
98317 23989 
88740 86605 
69095 12930 
89454 64387 
66886 81228 
46634 71342 
69110 52748 
80378 25344 
49211 98183 
46162 99828 
69893 93999 
45177 18143 
64085 54709 
46955 44228 
89536 4972 
65360 49424 
22755 85486 
60308 76793 
65888 67160 
47099 68884 
76205 81802 
82806 72691 
91974 64321 
64918 86396 
20841 41426 
21259 66502 
77199 94834 
92195 71105 
3593 73229 
6219 75272 
87857 26492 
28257 57914 
92460 88190 
16344 26017 
45461 37876 
56832 11729 
3498 33421 
60870 50567 
86399 15449 
95610 24871 
283 50860 
92467 35643 
11448 503 
21701 48041 
6848 67264 
47729 41049 
78650 5114 
82737 80218 
127 47157 
37582 23884 
18070 41232 
28387 67900 
72911 65352 
34857 31653 
71950 32057 
22066 89059 
83324 80711 
31308 52167 
88777 99835 
17576 22213 
31858 17763 
61336 33134 
24774 49215 
10476 26006 
31963 87838 
14680 9321 
31342 90314 
98915 79674 
65209 6345 
85348 180 
31958 70621 
13720 59805 
37045 87839 
29046 65832 
17042 9888 
2494 53768 
74166 25521 
26383 34296 
10326 57147 
77482 35217 
29503 86807 
74101 37858 
85220 13992 
61988 52042 
85849 81608 
51604 21459 
34705 93267 
95087 2177 
74139 84961 
35062 11014 
23255 7301 
79425 97641 
47409 20653 
56333 54527 
74326 4833 
81841 42211 
76428 37481 
28988 73916 
71901 762 
21604 73113 
58043 34781 
88696 90422 
79623 67868 
6015 42122 
52230 18873 
20234 11500 
6032 84642 
98145 36470 
88889 97064 
68394 92079 
69414 58370 
26473 64937 
10381 40840 
55048 8093 
40776 67598 
71189 59528 
40824 74902 
49629 5153 
68481 93140 
86935 68126 
98183 73673 
65314 10268 
13030 31753 
46733 38502 
90139 71923 
78154 19500 
45536 11620 
16887 19084 
59780 21155 
91427 99445 
88378 53797 
97605 26871 
72115 48389 
92478 65422 
1577 48744 
89122 57877 
57426 98984 
74313 24275 
43389 42097 
68081 40508 
52486 70136 
19205 94670 
58639 48813 
83934 57252 
5641 66707 
66590 42776 
73316 39828 
10146 85076 
36791 36006 
12511 96224 
98931 70378 
9943 29922 
68265 63175 
12871 24241 
75174 44111 
1391 55690 
67622 33818 
87773 96832 
4364 32142 
31563 33103 
68390 95510 
49202 60917 
56221 91179 
94551 58840 
59752 74837 
99321 96313 
46474 49878 
53113 20329 
61199 31588 
71644 39435 
17817 57548 
48687 6590 
23168 56767 
12349 87632 
76731 14361 
9569 90524 
19679 46037 
24002 22020 
64686 27206 
92002 33030 
23982 5259 
18953 11734 
67241 60317 
13950 84346 
83237 69754 
54678 87458 
89558 74826 
66310 83004 
33240 43933 
48317 97150 
51837 76384 
11353 77790 
19203 92936 
92687 81834 
83208 14979 
3130 23097 
13620 42917 
21035 34363 
17563 6098 
89626 23064 
47218 71622 
92790 29031 
19884 67379 
81431 24891 
94018 95897 
97580 34940 
96545 89881 
96676 86722 
76520 87759 
99788 50997 
68127 88130 
17017 70483 
82027 75692 
70905 25438 
8256 98057 
14425 35072 
6120 12778 
81945 47778 
76975 16999 
33548 30278 
64308 18335 
53193 26061 
2172 4876 
39407 16844 
37862 24683 
83552 87316 
87571 90700 
65204 63034 
44848 85678 
6742 64097 
50814 53557 
19994 93122 
52382 28667 
46637 55012 
20143 72190 
40992 88180 
71112 56501 
68991 72113 
43187 62345 
282 64549 
97953 31230 
51815 13056 
86395 45990 
691 80405 
98084 96152 
21691 20913 
28602 21585 
20597 45788 
42221 17821 
28269 19521 
77271 29511 
92434 36500 
40195 54689 
54214 37272 
60898 31813 
24658 37256 
36830 83993 
82887 57224 
76123 50404 
1942 64477 
61153 43547 
70999 56426 
93045 32855 
23369 44123 
44944 70075 
98527 22351 
47259 39923 
63383 44947 
51647 40715 
93143 59328 
72144 73954 
65263 92570 
81652 49356 
51428 22852 
49891 92301 
1889 14764 
44960 74428 
4134 44681 
84817 74900 
63572 93323 
17267 19792 
97763 36594 
27463 40143 
57696 22940 
20455 35382 
89721 85718 
2986 28186 
29954 2443 
93520 49220 
79327 79287 
22384 95838 
41938 8820 
44964 67458 
21924 21764 
80041 92171 
64846 29387 
2634 24090 
98373 32171 
66135 8983 
74076 52523 
2063 86960 
37189 34557 
47402 25268 
54469 42334 
79297 51720 
11582 79471 
94782 89822 
50968 47654 
59240 80376 
58679 59335 
61470 11137 
24464 20774 
55526 66056 
93178 5617 
39868 48705 
97581 46274 
22946 30650 
12710 80683 
50972 24901 
180 5368 
28417 86955 
17178 2228 
44701 1556 
49341 26140 
31549 21969 
89323 63162 
14687 90379 
23588 95066 
90787 82978 
8795 34867 
56034 91365 
16126 30211 
36169 73067 
97000 66683 
19575 78325 
76850 41498 
74708 87705 
14966 19551 
41131 75686 
77900 28421 
19406 49044 
61521 96662 
49289 95693 
62519 90626 
57932 19560 
44028 59041 
80227 30160 
61985 51710 
1960 1702 
18956 38933 
53079 15912 
90383 21664 
83203 55156 
24541 88885 
84379 18048 
51977 48329 
87141 88397 
52809 29429 
45086 180 
20953 33262 
40467 6150 
33236 83232 
88705 75779 
78299 12407 
93270 19403 
25287 8630 
4030 59770 
15582 26955 
61962 49622 
42123 70413 
71014 64519 
40396 34785 
23969 83794 
52725 10773 
23286 9352 
43236 37881 
80208 61959 
34719 8285 
45830 37748 
10574 26113 
26345 3844 
75140 37830 
61347 61337 
93898 62764 
98883 6267 
41435 69340 
83803 74861 
69475 62216 
87058 67936 
69934 68254 
42689 11224 
48616 35157 
26591 23286 
44091 85586 
6511 30777 
23193 1724 
16289 91996 
59731 50484 
59011 63978 
56190 97957 
23522 75830 
99581 3181 
6655 51570 
52034 25964 
69590 59434 
64359 31220 
20880 51412 
66498 23183 
10996 96739 
32667 96848 
43642 6111 
40913 51129 
57631 89605 
46971 68468 
9756 90588 
70472 29023 
93908 90346 
47926 94043 
64562 83726 
41393 62694 
93833 84784 
4309 79338 
80417 33235 
96698 44138 
46055 37460 
10832 58895 
549 7874 
15369 22121 
29893 5658 
51101 72623 
63764 56182 
14673 69241 
8360 53868 
47975 85910 
88541 15836 
10382 95806 
29204 25335 
48610 16130 
20025 42806 
94694 85941 
49978 52345 
16429 53444 
68426 54420 
16585 56309 
28155 11862 
27313 88788 
92350 5497 
74388 62840 
42303 58190 
92251 86933 
5576 41685 
55341 5843 
35336 89268 
53731 67512 
10787 99136 
81885 8917 
95860 28268 
28132 81898 
88779 44676 
49469 72026 
18621 27113 
91386 98837 
96660 75591 
65631 24155 
10085 23572 
30175 36710 
53556 23182 
25124 25905 
30147 8562 
5915 5323 
17333 29228 
80842 97453 
86003 85303 
3826 45123 
80868 89497 
95323 72239 
19186 26967 
64311 76712 
41361 83438 
82593 1790 
51791 64459 
18942 98571 
21220 34210 
75106 62055 
82902 60970 
78309 95866 
44037 68176 
75560 36661 
51233 54948 
43990 48236 
94148 68005 
78344 77461 
5003 78118 
41918 49458 
13327 38525 
70390 67779 
45064 80207 
99404 76869 
13099 29472 
46184 38732 
32282 16994 
13086 73439 
6200 84262 
96717 14036 
75211 83346 
80068 30393 
85707 8943 
57131 83659 
39049 97866 
89511 83261 
5338 80453 
22821 31743 
41916 70802 
96948 59258 
39452 38336 
68780 69161 
29452 11851 
28585 38873 
26250 29053 
31923 46117 
43757 59509 
87857 19570 
22713 97020 
41182 45166 
27691 38593 
61492 94480 
24766 41531 
5123 80053 
30550 77587 
47372 83983 
31213 83689 
91850 50759 
6123 42454 
51431 83066 
54928 12501 
60977 30147 
19158 68541 
25878 12352 
9851 4260 
32408 82590 
1253 97231 
45992 85684 
27269 34377 
1719 39990 
22171 48981 
47767 32162 
79930 25779 
36882 85553 
67621 89376 
73666 35516 
17482 3038 
16118 20733 
39493 69857 
98761 78713 
41768 46349 
91628 15726 
19580 49741 
34499 6687 
75482 64513 
88979 68904 
62807 31204 
32394 45075 
2708 31066 
76904 25582 
10956 63831 
34882 37860 
84856 52676 
67283 31507 
42941 410 
45619 91807 
80511 63980 
30078 21462 
2610 10581 
16487 40582 
22707 67964 
32970 68373 
70120 83997 
73565 66444 
32147 66065 
40484 43312 
67883 79640 
29342 42407 
69884 47104 
32358 61785 
17106 2913 
53430 82749 
57970 29207 
25912 16694 
85935 17178 
99045 14777 
21607 73856 
12209 23366 
95231 21349 
7519 9725 
31288 16202 
40740 27047 
72972 50206 
38118 35674 
48479 80782 
12430 48230 
73324 79060 
95416 20402 
3321 76785 
65709 66233 
1369 39406 
51506 37032 
57894 92012 
65420 66402 
9526 77214 
85304 50384 
33550 29654 
29337 1333 
56674 10489 
86213 86920 
5827 57045 
52048 41506 
45989 67748 
94420 16162 
95462 60525 
10973 15717 
82515 14054 
75078 56489 
9024 25551 
64285 66709 
16481 96240 
48653 43192 
7675 86198 
75495 72376 
63386 63975 
24694 21682 
7576 13197 
24468 7945 
16862 48303 
11285 53742 
40462 34636 
89641 49521 
95331 4298 
97467 49713 
27886 8485 
11202 44387 
88473 49486 
30866 64502 
47666 91063 
69992 98446 
94518 54652 
37817 20309 
96029 70608 
41913 56203 
64391 68699 
58237 43959 
73997 60076 
12584 73663 
93698 84179 
92514 31723 
51495 68318 
62032 9563 
28599 75147 
82686 79540 
87731 93773 
54169 85292 
76562 63978 
75161 41502 
11335 9814 
90826 88921 
38026 98784 
37256 4518 
88792 35897 
15112 23723 
99983 48069 
24816 92031 
34682 13642 
73862 26558 
57493 44278 
23179 34686 
42226 31996 
73932 6546 
54153 32860 
8752 70839 
37679 70613 
92122 79388 
57537 8499 
3463 64796 
87066 55596 
23478 97742 
10608 45149 
19360 55672 
8784 46735 
77749 3041 
25139 51514 
15614 74763 
70590 392 
58755 49141 
8142 8621 
15195 94323 
74476 77163 
86442 73196 
37329 71105 
53496 95632 
57967 88458 
46381 14143 
26616 38878 
56152 69244 
65341 1159 
76483 4193 
47691 30796 
68339 85318 
67294 44463 
25689 83714 
98655 16974 
82801 96906 
32561 88079 
44411 14903 
35757 91401 
38885 64104 
80021 85910 
91471 94634 
9237 91470 
89842 11940 
64782 4359 
67334 91866 
69288 96088 
60665 59910 
76776 79394 
8360 60021 
33167 58999 
43718 86031 
55380 71533 
1885 99695 
29448 58951 
4436 13323 
48567 12863 
6854 72119 
60454 73360 
94357 31586 
70116 65257 
89810 88743 
48870 7107 
93740 92395 
33387 33909 
10977 27345 
59563 33109 
31059 40165 
65181 5349 
20210 50042 
12611 26303 
51611 67210 
28202 4062 
47590 23611 
28571 97684 
32526 5674 
5630 86853 
98410 67498 
71995 60040 
66428 94210 
26331 19111 
87333 79906 
84205 82028 
61028 82332 
34208 2103 
71477 17361 
21355 12214 
26900 60290 
30220 45433 
67207 28141 
38777 79745 
50713 27395 
40572 3822 
60377 64955 
87654 3269 
76193 36659 
89604 22337 
44810 27271 
15003 64759 
40055 78652 
80891 59218 
48770 8676 
83009 29872 
35205 92468 
15058 80432 
34195 49667 
48716 21492 
98445 16681 
97849 45111 
78451 21253 
70092 78094 
44972 18197 
16940 26000 
73385 89767 
29474 53562 
96920 61875 
91034 34064 
1426 38278 
90435 40118 
78220 8820 
19730 41391 
73516 44985 
29050 20988 
73037 56233 
87714 21537 
38628 43999 
5616 84453 
70057 56718 
1749 51437 
99631 18888 
67816 55922 
39882 79915 
64012 44053 
95283 4382 
1344 29670 
17805 4376 
10277 5868 
33105 96638 
69024 6884 
89225 52561 
66461 38383 
82906 97434 
4422 71649 
99973 6835 
2058 27760 
65721 42704 
50968 61524 
38811 69384 
83960 91741 
97941 90794 
62615 14344 
64370 53909 
59199 77990 
75376 70830 
7040 97891 
73795 22016 
20113 33000 
7045 16591 
37401 54067 
35359 2172 
30455 85703 
33435 36277 
23680 14225 
32315 54131 
15964 14921 
89010 93564 
59610 67279 
90251 66711 
47907 94806 
93724 330 
86214 87256 
85209 1826 
73116 37400 
83321 46453 
97963 51904 
54843 22642 
69029 76466 
13161 17065 
22579 9027 
59869 68774 
27251 61724 
95366 72650 
90490 72157 
68089 66390 
94153 57632 
54030 92388 
34949 52229 
58237 86134 
22029 65855 
8274 6119 
88850 56885 
65923 86739 
9312 15566 
17898 65335 
69236 14050 
18943 7237 
33385 90714 
51405 28579 
65532 1426 
34210 95646 
4483 88398 
61165 61642 
72499 88541 
73582 87029 
94215 27497 
75470 77957 
33953 22987 
80848 68818 
17218 51686 
42263 69574 
88230 17502 
47133 96284 
69453 95989 
84298 4103 
31444 19526 
77003 46059 
51668 10999 
50492 88028 
39536 69874 
52515 20583 
31536 63912 
73247 21770 
15128 82166 
17492 41380 
22989 60516 
66495 96895 
50215 99657 
29289 94054 
86261 57274 
24243 10863 
20686 11108 
50300 12876 
77152 57637 
4374 99692 
53714 32334 
76496 17885 
99038 11741 
7475 13952 
34015 85074 
25239 42364 
36132 63610 
85454 88454 
39989 29821 
29642 13597 
71522 15023 
39719 81048 
25779 34256 
11752 74795 
18492 175 
93674 80899 
90241 83923 
31811 61081 
18648 90275 
49308 11651 
98849 66785 
35855 67423 
85362 72225 
62631 79854 
49558 88311 
48936 71409 
96049 70515 
97741 44055 
98629 98715 
86214 98748 
61798 6480 
44259 4944 
87437 39013 
79195 44402 
27864 14055 
7935 41928 
36282 37518 
39374 87216 
83544 56175 
9149 46556 
96203 13422 
6556 60967 
84946 10951 
49113 28149 
74837 69107 
54117 69690 
19175 21772 
28508 92059 
77310 77818 
48463 60202 
63445 30467 
28338 15918 
28196 98357 
84970 89688 
17635 37675 
87765 74294 
65547 73406 
47655 51263 
13800 59553 
38684 87124 
23021 93158 
64849 45381 
31165 74973 
81810 92328 
41116 30868 
58139 9997 
70103 82342 
14046 67987 
73521 81974 
6843 47361 
63622 10190 
41879 54478 
79619 63437 
75286 10343 
29872 50660 
40598 51960 
19127 54921 
75139 36173 
94188 10054 
44074 93594 
89924 88478 
60085 40495 
34196 95553 
74883 19897 
75052 18356 
75091 9613 
26469 82282 
49532 4612 
89925 27590 
7527 53836 
98287 29828 
18551 7489 
45751 52994 
12427 9793 
12985 42380 
26227 54370 
70190 35224 
9131 4632 
42415 91612 
99730 69963 
51262 25523 
71595 19968 
5052 46458 
2415 13696 
95509 5811 
59615 18495 
73230 78924 
11046 94050 
16449 3748 
63251 21132 
78054 40062 
1723 61750 
94318 9415 
57701 47610 
65482 25267 
54274 7213 
73122 25250 
90892 58378 
82105 73020 
9871 12643 
86024 5890 
51068 60729 
94130 66228 
41641 34150 
25060 69548 
86621 67026 
68100 30303 
23043 14315 
96223 87565 
75442 17929 
66837 47103 
3761 50551 
25917 83794 
66060 8510 
39160 28906 
27896 69684 
9797 434 
37823 80139 
6860 21528 
54211 84129 
20019 11972 
52400 66043 
77468 30742 
63203 30051 
11908 93867 
93859 3425 
36329 91136 
60754 12913 
96059 77615 
19592 50031 
96489 21547 
13148 10783 
66891 48838 
69356 68053 
9919 36218 
73196 10811 
3672 70040 
4682 63269 
68590 5808 
82253 79251 
85020 34664 
75934 92303 
48910 87411 
57884 90430 
82908 84097 
39278 75891 
78044 67706 
1948 65043 
27180 44261 
70816 81061 
25634 88395 
88855 93173 
56595 63432 
50170 60092 
49425 48065 
18784 42431 
97421 57921 
10764 59170 
48323 99604 
45606 76589 
35587 97270 
79081 34611 
1398 87331 
14284 35118 
73408 85594 
50153 39550 
96340 92959 
67524 49001 
86910 20711 
71560 68987 
75897 84555 
6433 93236 
24755 37700 
33186 76078 
55799 87613 
14948 1390 
14795 68538 
85019 97568 
92690 22400 
82814 92623 
69259 74439 
30247 51242 
5582 76709 
86867 86551 
4600 32549 
65911 93302 
79343 8155 
15383 6353 
17013 83633 
68402 48551 
3742 95161 
45271 95508 
79628 72395 
46043 51277 
26564 80772 
6875 98544 
52421 37073 
6034 59723 
24299 78440 
96131 81206 
20828 29945 
8033 32042 
18948 33916 
18870 90421 
4098 75390 
1618 76624 
94425 62390 
77022 79454 
99394 97153 
69913 14680 
91107 5029 
31479 48650 
52657 71431 
26641 17984 
82020 74042 
1396 77144 
72250 87452 
38861 9656 
59190 80415 
84687 45938 
26396 22159 
72662 40876 
83678 63462 
9483 77732 
90428 60660 
84082 81428 
77798 66331 
51324 43898 
34866 19069 
2509 86955 
63050 26598 
75837 13988 
70334 51397 
78832 30821 
72282 76103 
91686 48176 
90337 47112 
95619 13469 
89584 69154 
23529 58005 
77909 51026 
61571 87169 
96443 83255 
39792 85850 
67152 62143 
37523 59036 
27669 61478 
94971 78476 
75676 93104 
66270 60225 
65609 90650 
71282 55087 
48966 96880 
3461 94180 
26164 34458 
29383 95247 
82679 92347 
71849 1832 
15118 65650 
2957 97077 
13890 45379 
86147 6639 
58316 66443 
96911 81114 
97315 87117 
20761 27358 
34175 91294 
73960 40216 
7506 76027 
17670 71436 
62074 11175 
39366 60910 
33054 35420 
56712 46909 
25114 83483 
58590 66574 
53793 23047 
35542 55716 
30786 16737 
67625 57839 
17050 14422 
31530 56291 
38041 24191 
60774 50609 
53926 6521 
42873 8350 
4295 85516 
65653 37083 
1645 73477 
31163 37747 
30873 60683 
40158 20166 
22979 30931 
12705 84300 
10417 25187 
51185 96678 
38759 90673 
70827 20463 
4766 20758 
19856 89725 
14507 12208 
86468 53757 
6821 40700 
43028 55648 
67175 82897 
9289 50828 
64932 93994 
25831 15923 
83033 83306 
16592 46037 
73286 17301 
85024 89411 
62712 19409 
32296 22469 
56850 29024 
7917 25344 
34410 28283 
3251 78248 
4357 44549 
76636 62445 
1290 88936 
55140 16053 
27865 96816 
92486 64565 
14081 94906 
75250 18722 
52395 31364 
60188 8228 
84887 70280 
94364 98842 
64176 69977 
16750 22479 
83237 35764 
65051 35207 
71004 62085 
14737 6430 
80382 56445 
58611 34032 
53223 68061 
94709 74875 
32850 27900 
27943 77834 
8866 43539 
6590 7389 
21291 82271 
8611 49840 
21451 18911 
64736 1287 
85607 20963 
55352 46841 
3953 93134 
46462 53835 
22399 5596 
36315 18367 
97477 85994 
68803 24110 
35735 63864 
32285 95071 
28134 17961 
3267 49889 
57271 91922 
13157 94228 
50644 11774 
13348 19976 
76712 59962 
88926 15224 
32177 34915 
24563 27329 
48666 52604 
57469 62936 
54958 27083 
61785 53407 
66871 752 
96364 61886 
41134 81834 
13627 59112 
21834 86551 
71033 49067 
28431 76517 
8653 82717 
82892 28081 
56462 58321 
50122 69645 
13173 70176 
70702 75446 
94768 34178 
97799 9846 
85399 88198 
11191 74870 
35874 38022 
70494 25535 
45712 95493 
86962 82477 
33567 34498 
38639 89439 
47817 72556 
27193 34356 
94193 71035 
76398 77131 
60553 35399 
2032 4588 
265 88381 
40876 63701 
95111 83620 
12500 7850 
56245 25045 
1729 27703 
37443 58182 
91928 28244 
28758 3527 
49679 56535 
70611 9319 
59943 81007 
78524 11232 
37470 72373 
96850 99938 
95007 38709 
6251 13965 
31750 22810 
94119 94919 
16536 78618 
59767 64883 
79428 5345 
66882 11697 
92615 32843 
74657 96808 
16997 19848 
75909 32527 
14310 47912 
45665 10782 
76351 68155 
56852 3808 
2618 85416 
51131 98766 
65607 44929 
62354 72867 
39041 20373 
77724 63357 
28449 88927 
87479 37592 
35827 18933 
17746 22431 
10506 88810 
63200 9307 
86873 2081 
36257 11594 
86292 62651 
27736 14264 
65314 26975 
30308 22324 
25203 55257 
10484 84169 
58823 42555 
27522 38719 
109 22475 
88330 11112 
58614 1064 
96315 60708 
67037 96596 
99085 67295 
43187 32128 
65001 26647 
69473 52015 
21830 14956 
22821 11029 
72057 73168 
45801 15279 
58921 56875 
35825 77820 
94815 95187 
43376 88673 
79430 2854 
12577 88903 
28846 93954 
67772 81466 
8784 52554 
48349 7742 
15287 26029 
20697 67982 
74360 20093 
50950 66322 
38406 91096 
5115 16618 
41819 50788 
54191 54009 
40637 21479 
1060 58957 
1927 5429 
13197 15452 
27384 61275 
40691 93116 
92639 12480 
22567 64164 
58825 47973 
36079 40468 
66208 13602 
23424 43421 
51015 34468 
38249 99882 
36084 52874 
90332 91127 
33529 14349 
31002 68620 
63374 85118 
14139 90275 
35922 38354 
88011 24026 
67620 3714 
21723 11654 
270 34888 
46736 85162 
71664 13288 
98686 80441 
42056 72487 
77644 98508 
15375 97674 
5993 23311 
6669 27121 
52270 16899 
97987 58539 
6579 77716 
93779 42234 
38628 65807 
33825 25050 
42940 69967 
46854 94397 
77484 16128 
31181 59992 
31721 93762 
30087 2481 
18012 7615 
29108 12715 
66319 45801 
40000 43225 
16349 92084 
51895 94301 
43515 125 
23976 61103 
25558 90545 
65988 75347 
55151 27825 
3014 85372 
30522 83403 
49128 31757 
10868 93760 
20939 92196 
6282 77849 
6459 88916 
82921 86920 
67359 74733 
3328 21606 
93395 39665 
89083 66081 
46618 9081 
88378 57157 
29981 36440 
54663 27391 
90021 28967 
94131 35591 
16544 82981 
19640 25522 
33586 47073 
56540 34229 
85371 76003 
81942 5038 
8609 85893 
43099 47143 
48207 72209 
92875 23613 
17273 6006 
669 42728 
24318 81046 
45723 73740 
90608 44657 
76359 7464 
58893 8581 
23538 34574 
51032 2539 
89973 19999 
66554 2914 
97127 10552 
26762 41664 
61542 24711 
59726 76482 
89255 38422 
90348 82215 
22457 98870 
46656 5679 
46087 69329 
18601 11271 
63717 32557 
8817 33156 
81869 57598 
96183 41291 
99806 65470 
92492 23215 
87884 12852 
10113 81252 
51719 49763 
74280 45668 
21678 97105 
7469 8333 
77653 33059 
85306 88557 
17584 73478 
13546 53025 
4866 80768 
3890 25139 
84561 38163 
32732 35577 
41245 81873 
51446 85506 
82355 92300 
79366 16645 
70066 7292 
51378 8243 
92000 35379 
10863 50056 
56494 14990 
35730 72515 
21684 86832 
60339 50562 
19314 20956 
9370 35967 
13981 67438 
91031 14487 
46421 80204 
6456 28832 
45478 97198 
19765 56147 
57582 46921 
98967 79640 
34801 91301 
81732 47937 
42988 7922 
42049 72912 
62 60843 
33852 76982 
31101 8535 
65959 64231 
31750 49923 
18979 56235 
64328 15071 
49350 3093 
72059 65762 
38222 52915 
86025 83006 
33688 38905 
16698 83490 
3637 22172 
67353 25026 
63545 10542 
80169 32237 
68568 58881 
27497 98076 
62548 44846 
90560 94166 
57892 5445 
25766 53545 
79739 14456 
4834 73097 
45444 78492 
29097 19730 
66125 30357 
60661 14355 
50871 2383 
83456 10731 
66165 69545 
5793 82488 
53202 62386 
42687 80901 
33979 63205 
70989 28487 
43387 15433 
33284 69002 
9032 95764 
77534 3165 
63065 21346 
58640 1206 
11064 90251 
95334 98311 
1843 82407 
71260 47077 
39025 80320 
92628 22291 
50339 4186 
66468 47684 
83794 94338 
43323 41705 
31260 15500 
76117 59978 
89432 1944 
82959 45762 
55774 10399 
65828 86567 
22744 98438 
29344 15007 
77456 74 
64261 85053 
35917 27426 
8842 1036 
41055 87572 
77936 76046 
31992 67079 
54362 48853 
48363 3207 
70130 94009 
67940 30420 
66036 18489 
88442 63568 
7354 50071 
55109 55022 
50623 87543 
4482 42002 
1929 956 
41806 82504 
80641 41278 
94548 63471 
4181 43154 
87779 53219 
39248 81908 
68485 61669 
22763 76484 
65364 66523 
41890 13724 
8254 61297 
76626 6194 
47068 82022 
50723 85701 
3948 73372 
7155 77731 
64341 62178 
22834 98211 
62771 16478 
3976 63318 
47326 81670 
58273 5507 
13233 1836 
22964 44491 
80320 53900 
38910 70596 
51835 45095 
99955 59730 
32742 50033 
74132 54158 
4507 92722 
88684 11320 
50356 10970 
94405 44141 
54 75895 
76469 50589 
16521 77626 
58699 57675 
77903 29776 
56139 85665 
18234 89924 
66812 71955 
77382 41065 
57748 80887 
76723 29886 
92590 65716 
80822 11726 
68565 42011 
27371 9208 
79073 77957 
7741 51766 
94874 6357 
58723 26718 
61575 15546 
82370 38965 
44088 82035 
45349 46106 
9713 66349 
21788 8447 
30700 5386 
34326 69305 
4408 99521 
16944 59982 
34586 10785 
70102 5936 
90864 59607 
3812 95909 
65164 31948 
67515 64181 
73550 86085 
46956 27571 
9948 78871 
67728 13503 
44187 14992 
82777 13148 
70986 59557 
36842 94573 
58779 44287 
94691 14797 
17718 40666 
91960 76826 
4673 69568 
17513 87954 
9761 66223 
64460 89008 
23693 21810 
93317 40735 
68135 78534 
35257 73128 
82342 63742 
26029 26280 
98447 10440 
1794 37186 
5101 26518 
7025 55969 
94557 43063 
61557 7088 
11832 93318 
8989 46376 
76228 48173 
21854 3116 
25307 61517 
70317 37861 
39284 59321 
70650 91364 
39877 40067 
17310 47691 
21789 40878 
68189 85518 
67288 63731 
96433 45579 
14764 49123 
44209 99377 
677 30810 
13910 64533 
70960 4520 
10479 75499 
62749 95999 
4911 84900 
90193 19316 
23451 40368 
29156 75022 
79599 54505 
84769 49619 
56772 61478 
43089 42679 
18304 32769 
53507 66077 
68441 6708 
62114 30946 
13099 71698 
17875 62310 
72358 31395 
3241 58774 
78020 71633 
98761 45233 
49041 43488 
77269 50224 
75220 74655 
37390 76411 
55282 22172 
28406 22573 
29313 83532 
88902 58586 
17491 90362 
20186 51047 
27163 19097 
42106 86517 
18507 66444 
33689 41804 
25411 53959 
43931 6267 
12640 45667 
69102 69817 
12972 85418 
32090 52100 
28704 86561 
66607 63305 
791 35492 
4456 55092 
45812 2797 
87637 41327 
36121 90942 
78693 42634 
51694 85846 
22502 36215 
63579 21179 
20634 72943 
18311 8856 
15401 57453 
80250 36950 
44933 73729 
54523 87125 
22842 78670 
57111 77698 
16506 79162 
20576 95562 
46483 54366 
24032 40468 
6274 84278 
14185 68523 
6405 98026 
40620 88279 
79724 60959 
62964 32426 
45841 78258 
185 823 
21802 4633 
82978 46519 
83364 14590 
39067 55397 
26662 5838 
88182 52200 
53573 79582 
48625 50965 
5776 65780 
60506 56278 
2256 38869 
12117 13220 
92926 37 
15360 98575 
27088 85809 
13762 43556 
49590 99541 
22318 79236 
79842 52336 
92248 99832 
99248 42984 
65755 46164 
71159 2702 
35929 21818 
44107 79787 
55191 67958 
43863 41710 
42011 39218 
42774 27770 
20113 42738 
5871 94104 
86960 25156 
52393 54668 
49051 18264 
38678 36750 
80420 83017 
63743 37634 
57652 23728 
22460 90240 
99900 79538 
82844 19859 
95538 38611 
43800 1571 
28488 62033 
37554 8469 
26700 49000 
77044 74537 
42869 22647 
12697 82819 
43205 66751 
55321 29468 
23905 97526 
42225 7339 
96966 11890 
72234 98963 
87050 13797 
11932 68068 
59364 83647 
80225 91258 
54852 22252 
51243 77013 
43457 70505 
76654 77870 
18830 78611 
17573 13480 
48573 74660 
93590 87143 
62960 61281 
1806 96515 
12030 51290 
32335 10368 
46076 38469 
8369 7591 
77758 87999 
8692 52079 
65407 22574 
88452 7692 
16588 74863 
8 81202 
48555 74719 
29870 17922 
57977 40435 
9984 64669 
46155 47332 
32081 57791 
17919 54115 
92288 90153 
22491 77657 
19897 60315 
32832 20283 
98975 9567 
66333 70098 
74369 8060 
34168 14567 
44740 59949 
69263 30268 
84399 59293 
23513 37653 
3000 43400 
43752 38645 
47566 58356 
32957 87011 
74850 72692 
78250 76734 
73699 49426 
80483 71957 
96876 14203 
51568 43605 
69697 37779 
55145 22397 
78873 84808 
53804 25713 
9134 67720 
91810 66692 
87452 84375 
86083 7887 
15138 11308 
20220 78996 
16580 70503 
36380 38376 
10085 87015 
98136 21482 
11048 7142 
53686 85844 
10598 52467 
63345 31831 
33892 43739 
67790 51210 
71396 40405 
64283 31387 
93784 6543 
26934 22212 
6479 31998 
54036 54363 
73404 8725 
50611 83596 
41186 86669 
57507 23482 
24806 10930 
19775 20817 
73634 72549 
46480 22457 
22804 88927 
51723 80141 
49048 66721 
82385 40693 
92389 89981 
31915 73043 
75514 19383 
11497 90598 
51179 84588 
0 37783 
34645 1073 
22351 22906 
32947 45230 
12316 96066 
65706 77099 
143 90385 
83211 8766 
28126 67657 
26687 78314 
37864 35340 
42922 4118 
91847 30859 
60858 62370 
88953 1285 
61265 51888 
8565 41733 
22308 84605 
71222 94184 
3568 67546 
35064 49956 
38999 22693 
56821 43652 
45369 24822 
33667 74210 
16831 24195 
8014 39500 
68623 60960 
61138 24983 
13251 71164 
43525 44017 
1084 30458 
89912 87686 
33917 80937 
45219 5391 
64876 38941 
83923 3961 
30923 87254 
39892 22636 
25261 13812 
76296 14086 
6115 70842 
15931 37440 
55624 93312 
21160 48362 
48005 33617 
59602 53309 
59694 40640 
16861 80361 
55797 35628 
20746 7405 
17012 14764 
22828 79948 
29050 38899 
42634 45465 
42660 54572 
17364 28947 
26482 27297 
15766 75189 
77274 57997 
68631 87356 
22442 96574 
40351 98505 
48350 62760 
16082 22993 
14554 33724 
7264 48069 
68860 60372 
84624 42466 
61061 29789 
32226 78425 
64195 36 
78762 86357 
51371 95262 
2978 87194 
43451 64084 
28991 76521 
38335 72224 
24214 66689 
56074 21598 
87715 28364 
85760 62358 
70046 11349 
99871 91849 
96944 66025 
9683 14975 
78753 31377 
71420 74200 
75041 3326 
16911 44197 
49589 47980 
74880 26106 
94784 78395 
69352 69443 
26418 70595 
30217 95863 
50006 54840 
27650 98344 
77928 81494 
46872 41734 
33086 27387 
52636 96245 
9208 78157 
53878 94102 
70547 94838 
68113 11419 
64440 48813 
2447 42287 
89035 88283 
13496 50143 
5476 81520 
82030 52666 
8932 67410 
39808 20776 
76065 32200 
15888 49741 
87895 22847 
27566 90976 
86499 1997 
27169 16793 
61548 47391 
30061 27200 
78440 99356 
91518 97760 
53628 64043 
70546 10623 
54691 87228 
17228 6987 
52834 23715 
46862 48624 
83686 40767 
18956 78479 
78642 10521 
21995 25973 
13452 65925 
76015 11305 
83360 17530 
4099 64860 
54824 54334 
91255 92794 
62688 80870 
44500 87913 
18661 74868 
91557 6157 
72039 85086 
7177 3338 
16845 27258 
35941 54180 
70899 77630 
88256 56328 
61812 8183 
22326 55631 
42482 55382 
89032 15872 
24405 65192 
8932 96014 
60958 11081 
71015 91123 
34782 38876 
91360 39323 
3496 52581 
46539 96436 
36177 18662 
1355 32419 
29422 32785 
83440 9256 
26251 62633 
18270 58691 
73720 53192 
27306 89955 
45829 56752 
9251 22624 
27175 28903 
69846 57790 
99752 13891 
39145 71922 
401 28016 
16857 42111 
19652 38053 
16169 88835 
94028 23271 
34331 52953 
3370 4169 
64336 7310 
22316 18857 
76209 40170 
90827 28879 
38658 37629 
62456 40252 
22295 35227 
61075 32665 
24148 5158 
26827 3 
79844 94820 
60328 18749 
84635 34856 
80476 77336 
27353 90437 
95702 19125 
52401 38187 
51081 74465 
4057 13023 
54471 83136 
74661 84062 
3670 37525 
73643 86869 
33565 8970 
57903 60469 
77352 54987 
15715 11889 
89104 43476 
76096 58423 
6342 71471 
23510 78397 
40718 689 
33796 34869 
72520 79824 
11386 23558 
90429 74448 
147 36200 
61820 79382 
60599 23623 
40850 45507 
54806 89005 
21690 13276 
56877 41106 
22477 8522 
11808 89707 
41900 22699 
98324 71042 
64828 69308 
12374 49724 
5960 81001 
77146 55458 
71213 87760 
2694 77792 
85423 95530 
63736 60212 
81875 66824 
37684 6095 
74318 90080 
46619 33323 
35292 12902 
76754 91838 
86003 5859 
6780 88948 
62390 18101 
62577 50913 
59685 83857 
29889 86141 
73441 39698 
98892 5278 
48886 16511 
84938 96526 
22409 77217 
68358 50723 
89104 81544 
22806 80048 
58500 72519 
56460 76625 
66958 95891 
73269 12906 
99707 83273 
72497 94362 
38058 52582 
43963 36855 
88085 5227 
83658 56016 
65887 28484 
49835 23969 
11542 43647 
3212 70003 
78940 75785 
26567 76046 
1908 59318 
98812 45277 
68409 35121 
6522 2769 
44037 39516 
11950 20737 
73655 33229 
60703 47782 
55726 69316 
4552 61498 
27753 53014 
35248 56805 
23200 3643 
73757 28646 
60367 88927 
35988 6937 
1936 65452 
873 54128 
80211 25548 
39562 41300 
17593 20428 
25537 77414 
84388 2251 
34620 78131 
26809 3593 
61094 25580 
66841 51852 
21632 88506 
22636 98222 
92202 43436 
23204 26134 
24806 61794 
94368 92442 
20699 5359 
74315 46124 
94634 3018 
76549 63917 
50714 65454 
55642 40032 
4596 31236 
46899 68007 
29078 27699 
44911 56727 
70514 73103 
57944 29789 
82015 42703 
25181 67649 
46095 70738 
12110 65332 
14153 62721 
5640 95047 
73156 48049 
15044 82616 
60854 11574 
47398 29430 
90072 4654 
66929 37491 
9893 51101 
66514 24124 
26935 31529 
76558 45055 
33493 50794 
11561 79824 
40961 67536 
7939 71855 
96727 92258 
37959 57038 
70656 40973 
94183 59290 
33317 65120 
26361 79304 
12244 65265 
78459 53617 
4836 36057 
17363 15073 
46893 82969 
66758 42941 
84326 97548 
59778 51160 
72236 77204 
2260 26589 
30352 28026 
94771 95633 
16712 94668 
96046 67245 
42517 20040 
23096 73053 
40249 49366 
73928 1259 
14429 58091 
27714 99936 
49785 1208 
24172 7493 
25164 52765 
49056 53339 
83161 28597 
55861 60120 
35220 62821 
35186 70463 
39897 39160 
2686 15743 
77984 61856 
14148 42152 
62360 87771 
31910 10255 
62735 31200 
60749 88186 
95844 95979 
43281 65791 
30188 85682 
55045 27261 
81087 92010 
67663 33200 
26596 63900 
54799 79544 
57718 15475 
138 20409 
87435 39638 
29178 64685 
82174 55908 
27363 82063 
46676 36080 
25949 83199 
88586 19306 
33924 70855 
12667 49445 
69448 94079 
46160 41779 
97476 75911 
76637 13699 
11573 26555 
91559 94477 
7420 98639 
44838 62974 
83087 88882 
39810 48917 
66888 41424 
10348 73343 
17477 62036 
2248 96860 
62799 9562 
5534 90580 
44648 91232 
65015 43873 
13754 51818 
1207 75564 
76716 13133 
6620 20726 
30537 90015 
43480 23948 
33148 81650 
58092 81747 
48981 13022 
44338 41744 
77553 80225 
34230 84298 
19970 35550 
66945 83467 
63341 33483 
89466 68495 
66349 47136 
71695 84466 
10557 56149 
76860 81317 
41487 1712 
14031 44105 
61136 2116 
13747 14253 
49285 23142 
10041 41404 
84839 1553 
82536 48618 
10369 27134 
10852 89813 
33159 98952 
20199 27678 
84261 84888 
51831 62729 
63432 29999 
74941 99734 
82263 78908 
67612 46431 
80450 154 
33593 1297 
30847 26334 
88974 2030 
67812 52846 
48218 74501 
70301 70210 
62564 43123 
6304 40154 
15462 37884 
98396 64064 
59499 60750 
1556 33886 
87164 54693 
93856 197 
63863 52319 
68250 39926 
15732 67841 
79372 57068 
57096 36138 
43145 3755 
62813 95662 
8945 66169 
39314 58176 
24176 20029 
24758 7602 
89320 23782 
53560 22720 
57905 84106 
53413 23996 
70263 97996 
4005 3550 
22584 48413 
75740 9049 
63473 6399 
84120 17278 
79088 71544 
40789 51196 
74865 64808 
55830 65492 
86999 72984 
47535 49944 
60008 32447 
45662 77351 
8095 31335 
32099 53368 
37486 3956 
48910 9255 
44511 88952 
17859 15381 
19929 23625 
57835 83253 
83842 50871 
56983 66927 
47504 22236 
54897 70812 
48455 90922 
16878 20244 
33605 1915 
37060 53597 
71261 2911 
90097 50318 
57539 19375 
62169 17898 
45238 59772 
31190 22692 
63937 42947 
33417 64347 
18944 68576 
49043 61754 
53696 83788 
62923 39564 
35306 34281 
8200 78653 
76175 26647 
80432 21375 
35934 70122 
17689 2974 
57450 10601 
78151 14242 
78244 17529 
10881 87332 
24366 35130 
7748 36542 
37642 63465 
44873 79002 
9167 91934 
70509 6338 
92029 68067 
72933 77741 
44455 47876 
66693 57288 
10921 40488 
68508 23939 
83268 29452 
95079 41324 
96412 25839 
4322 86239 
4012 84161 
18733 99743 
48272 91097 
15068 42763 
85037 19187 
38014 9361 
50444 22890 
97221 75092 
58612 42761 
36817 35350 
1187 75051 
24474 19138 
79063 58617 
93088 47426 
34152 28816 
82333 42043 
64849 88913 
69615 81003 
2644 53564 
50361 39252 
99328 26018 
26119 49966 
24339 81000 
85610 70902 
99994 38552 
18646 42706 
8729 30655 
85742 81660 
90933 82074 
77297 58052 
14539 49603 
35359 73155 
38288 89802 
78292 62741 
9412 54283 
64062 23148 
33465 43761 
51396 77068 
29103 87321 
69741 70577 
33884 51746 
88712 20357 
58456 27234 
85638 10612 
96006 80492 
45874 72896 
81434 13913 
94660 68873 
60424 20447 
51634 35969 
72462 77778 
19498 48946 
73780 82527 
66873 96633 
26353 85487 
42040 72329 
57258 52250 
59050 28880 
49070 40096 
30602 54962 
56444 51649 
83100 87815 
56615 98559 
78499 89476 
32299 84334 
84796 78511 
54283 94463 
82459 27302 
78016 64110 
67603 6155 
93562 78875 
14407 79777 
71532 52542 
89019 39152 
28945 17209 
65131 82390 
98448 55837 
77438 41805 
21911 4994 
63339 91321 
5146 56470 
85541 58228 
64351 90432 
98634 6381 
66834 79904 
21227 54124 
18692 16644 
1914 39540 
80321 21826 
22112 48075 
97002 21487 
61719 73136 
16263 86274 
64601 88971 
26322 57839 
80032 76940 
90649 10049 
23550 61241 
72504 22238 
96056 78207 
40311 73804 
23542 24503 
19818 4765 
31491 3841 
12194 25200 
47777 19294 
28594 98072 
35799 38842 
1177 64515 
95611 95500 
18155 28427 
35007 70143 
96197 68110 
4742 45151 
47325 96684 
12543 10006 
19450 50125 
79068 46197 
89760 42063 
75617 18099 
68422 87807 
88233 48922 
26378 66623 
85681 66408 
95530 60859 
29876 61634 
2151 83330 
56470 16109 
85135 80195 
70588 17265 
19520 75605 
48138 558 
12679 6506 
6612 27527 
65711 81245 
11016 33528 
95736 84005 
10285 56265 
96200 38597 
57502 86831 
71718 39762 
53248 68644 
21611 57900 
65585 6487 
62019 24013 
22431 37817 
70293 5655 
42549 61545 
7359 91823 
69839 15705 
23864 14940 
2346 44736 
84082 51518 
62140 99539 
47971 59540 
35156 69061 
36191 30249 
21092 50798 
65529 54803 
72672 29493 
82872 32096 
70799 48189 
44729 73090 
77597 23895 
86285 89098 
32833 81304 
99046 86732 
10886 52322 
89372 30603 
35226 16600 
21543 76365 
55245 38843 
58463 21318 
26355 92341 
720 67549 
98399 45009 
90434 43463 
9722 24136 
90172 83553 
4650 69130 
69190 23410 
40667 27729 
29341 27196 
28237 50474 
81240 28205 
51006 90659 
37597 29643 
47016 22564 
25115 82355 
92627 49460 
28946 29037 
19968 84679 
74418 80278 
16049 54010 
19604 66862 
97066 85717 
79251 94806 
24967 25694 
25722 14933 
35004 39566 
15792 7123 
72794 41010 
73510 70884 
97301 16108 
18796 8544 
92213 97262 
69048 85079 
42311 77006 
56767 49512 
73766 41977 
23 6794 
27640 50415 
34591 36207 
34483 72693 
66680 62605 
84494 63757 
33367 162 
42575 38752 
64245 4828 
40464 78694 
22228 91275 
89196 1746 
64075 92944 
94282 97451 
1902 69600 
23309 36246 
65821 95869 
71038 34618 
64785 96325 
90649 77470 
17854 27969 
11402 73585 
81285 49303 
42817 47507 
28221 56720 
73336 51730 
47213 13554 
7504 16771 
13410 44889 
49842 43532 
51980 22104 
35883 82289 
57167 15134 
31243 35710 
52360 47566 
68153 69496 
76654 49916 
65507 13569 
61601 69855 
83290 89151 
18198 64608 
95160 2660 
88633 70418 
23979 6036 
29901 16695 
74260 34918 
87145 28370 
12777 1062 
83381 38953 
93992 33406 
99303 18944 
505 33439 
41899 9501 
70362 34805 
3864 39619 
12883 34528 
97153 96617 
72532 93809 
3454 14337 
86438 90046 
21992 41202 
95296 38532 
10785 51195 
9683 92230 
11316 64787 
4226 71102 
18564 53993 
10598 68636 
8437 15982 
6984 32564 
62865 13047 
56417 19180 
39160 93241 
29342 76233 
14734 25632 
56744 18090 
846 6843 
99396 18641 
59785 21477 
86008 62390 
78736 67982 
68519 62226 
50557 93673 
66281 73568 
86781 17854 
22546 8888 
41394 60403 
76466 84063 
55267 34625 
61715 8565 
40622 7881 
78871 65209 
12481 81183 
52884 11961 
39780 89885 
79194 78290 
32696 81555 
82533 21581 
4668 84280 
60921 55332 
47734 38883 
64070 60190 
37994 31922 
60170 41274 
44378 32851 
77954 865 
48366 8328 
71972 54172 
94891 59449 
48151 27751 
85407 3511 
4033 45058 
92917 974 
83447 21693 
25756 10361 
18970 64112 
92018 39142 
37117 89849 
19713 46972 
31051 64775 
69130 49222 
63479 83465 
33313 63299 
48440 2447 
60185 38070 
74851 72912 
45566 7538 
76983 9416 
40170 13950 
27408 74162 
85658 52621 
26533 52652 
44904 1047 
89477 45811 
19861 8213 
85832 6109 
56772 36552 
70771 818 
22915 68605 
56981 94174 
1704 13208 
16086 2083 
93663 71893 
65487 87912 
29653 55217 
91965 36007 
99695 70832 
86932 60733 
75842 40393 
19864 83183 
60761 40756 
56254 35130 
25044 6444 
34311 30347 
5734 74957 
50677 77140 
26161 4296 
69602 92740 
62875 42912 
62285 20137 
29368 86321 
3517 41016 
68169 11745 
1274 24637 
43086 42384 
11604 51835 
1503 56325 
95888 5722 
33055 21580 
10524 26289 
85445 8374 
80054 84745 
10762 2572 
93979 45293 
6398 19996 
84735 46947 
83502 402 
89749 56088 
42877 42000 
74020 11629 
63328 22674 
91329 8992 
10700 42416 
91956 46521 
57165 13004 
42716 88546 
59838 15594 
11145 82983 
85340 44614 
79824 8185 
82699 57277 
99126 13690 
806 51979 
57076 62589 
18605 6036 
43545 79425 
6324 13401 
12667 56839 
64241 76458 
2143 76640 
91861 22409 
51021 56532 
24825 34483 
68560 42410 
39480 10876 
45958 27988 
65776 90271 
69995 98424 
67972 11740 
93085 62692 
49640 8999 
37711 60662 
14520 74219 
64933 5109 
68044 64973 
16419 46390 
75637 69422 
47339 28018 
3440 89448 
3553 35116 
54651 49223 
60612 24502 
80406 87545 
34447 65143 
88015 46320 
93975 10731 
91267 24658 
54426 72377 
47689 28336 
6821 58692 
5811 7737 
43849 3004 
41870 43885 
75279 2985 
99849 11845 
87084 56699 
61332 23465 
87618 90850 
62404 27373 
1464 41999 
43649 23092 
16999 69543 
66281 28308 
67221 50475 
52552 23549 
25097 30222 
11781 86935 
24417 81357 
94705 23146 
75098 52466 
78347 85386 
27889 73241 
21145 86893 
57596 18580 
43874 99396 
76231 24523 
85666 39950 
57904 91820 
56480 54684 
55805 9203 
57411 18276 
18286 77683 
68485 81331 
65833 19691 
9930 14342 
73644 12397 
67366 16558 
15546 93273 
33979 80815 
64152 47759 
63460 31286 
9443 3849 
46318 80094 
53375 26454 
19181 80872 
61640 25623 
91775 92598 
5369 67000 
29499 5418 
5358 340 
60853 21682 
99299 2463 
88479 30023 
88541 64754 
70124 58088 
85064 42072 
1609 40399 
71628 19938 
77692 91814 
8474 49885 
28713 34218 
68501 49084 
30995 84286 
59471 59643 
67198 73584 
96616 15445 
69186 38734 
21917 69948 
10402 89035 
27332 97044 
27393 31659 
28475 88921 
40814 10445 
52460 39797 
15092 93279 
49085 22452 
42930 25235 
8049 35696 
65884 49842 
66551 25217 
45511 89271 
21412 57686 
80919 65712 
17768 58580 
27999 40848 
72420 7870 
13260 48095 
4086 24518 
50875 93139 
85078 60704 
65417 2317 
99350 69734 
94709 5519 
90391 7802 
97353 50532 
9099 79070 
17673 59136 
26546 35996 
67203 51757 
59478 2379 
66287 87125 
67413 95305 
51980 86118 
19346 83989 
99153 34866 
95400 38432 
20537 91204 
84114 88905 
8455 50655 
59651 38447 
56037 63421 
74821 44879 
48980 32207 
85632 16291 
50225 62226 
30973 44507 
9436 79352 
27091 34741 
16726 80143 
643 76468 
85818 28341 
76439 40469 
95676 66448 
56366 80076 
41606 68129 
74533 60858 
46926 17408 
90335 42258 
64544 64048 
85914 87189 
54090 70974 
67416 81113 
54778 39242 
30476 854 
86709 68815 
39496 85194 
4110 89267 
87623 24241 
92791 73575 
49681 2647 
51137 30237 
13892 2910 
18990 54262 
79860 99347 
22043 5918 
40081 50730 
80699 77642 
20152 30182 
91807 4152 
38894 14588 
29317 68536 
63747 92611 
25588 57998 
79108 40337 
88946 26911 
55658 56650 
85064 31996 
7293 46604 
59810 14658 
48907 90417 
9482 18930 
23086 38105 
10628 49941 
46648 25383 
6185 97486 
39045 15117 
7234 72009 
33751 30464 
10385 26195 
41096 60730 
49697 64371 
26368 89101 
98946 74054 
90586 12534 
15210 49210 
92974 98462 
67938 13211 
33958 50375 
29004 90935 
25433 34915 
8746 24113 
11067 56825 
10576 71770 
63570 54897 
42466 88492 
78150 31998 
67467 27243 
1786 25345 
97390 70599 
86467 69364 
33880 54505 
31233 2801 
39322 12063 
82625 24193 
76391 31331 
96045 5356 
89498 90770 
21606 31274 
14018 8719 
67159 46551 
89874 19150 
8513 53549 
24925 64972 
62243 25405 
558 82272 
10045 68299 
37010 34145 
65225 91673 
39128 41124 
1722 22527 
24660 46758 
23964 30510 
96627 51477 
41877 14180 
58921 45663 
29566 35663 
89992 73722 
88421 80845 
83366 64945 
5859 65329 
35664 74075 
99410 2559 
12916 84773 
62547 99833 
54186 42526 
83417 50386 
77874 59 
90560 45257 
40506 77944 
90735 37384 
60462 65843 
3114 52159 
59789 15711 
61422 53619 
96092 7278 
50987 43538 
53486 98279 
71197 91848 
36669 7115 
65548 71156 
65423 14056 
41217 95537 
98167 8570 
8034 44395 
22691 54985 
2740 85825 
39766 96478 
28599 758 
31083 68228 
32692 49105 
46787 44601 
63657 12172 
69862 2340 
1157 91833 
14726 42011 
25019 46227 
95608 73319 
96794 94232 
56619 36409 
59353 26495 
89930 923 
21221 19512 
81028 57290 
81479 61065 
10787 90658 
68351 60255 
12897 6841 
10016 33443 
32200 61804 
29716 28610 
54557 31455 
58883 74946 
82112 46891 
91796 21931 
9138 11759 
63200 62743 
13166 13005 
16347 20497 
13649 34049 
43066 12669 
66166 80315 
19777 98963 
54010 31009 
33765 60973 
10979 38219 
92551 58180 
59275 4623 
35888 54118 
74658 84489 
24663 9020 
97336 69156 
63910 90789 
91541 37808 
28190 64849 
19362 77101 
96716 85244 
35092 99103 
72929 24290 
25236 15985 
58607 46154 
16255 62046 
76146 50922 
47263 88915 
84297 90058 
58080 98121 
12447 81539 
74413 16769 
46414 33597 
81399 66653 
34792 19625 
64359 24906 
49022 33643 
61297 25179 
22656 95685 
15581 2302 
15686 69482 
39161 40568 
98367 1065 
96805 45987 
25581 86182 
71 26256 
77626 26899 
56030 28692 
76177 43290 
50291 56012 
45232 64842 
56422 52575 
76006 37998 
54624 29609 
72017 51206 
11333 76932 
96026 96919 
18415 90799 
14023 61159 
15716 32786 
33108 55612 
23941 22975 
59920 84613 
96193 62224 
64143 69999 
55976 72921 
17692 40454 
27053 45399 
94306 28816 
76287 78032 
56598 10746 
84434 3073 
27976 61227 
31823 97397 
45436 1551 
35966 87585 
15839 58765 
6368 72137 
53109 62009 
88128 154 
56676 55710 
50431 65388 
2524 18319 
38601 97393 
57375 37077 
49120 57318 
93827 4252 
5865 74930 
79649 68327 
12779 95574 
38005 94854 
33313 41020 
27012 65958 
155 26539 
66848 74959 
90162 18050 
50500 53111 
8849 57803 
10315 99173 
16392 34824 
76665 69334 
92832 27228 
57291 24951 
84018 97504 
86364 28639 
91777 79002 
40772 25424 
71933 52123 
97843 45004 
81981 72072 
13485 13601 
76601 76543 
32638 69443 
83644 71350 
4957 34608 
5855 64747 
67822 7806 
84261 97075 
76052 7571 
28082 91374 
3089 13433 
62906 32727 
11992 23827 
74044 69360 
96207 73805 
25159 16885 
19875 33059 
13609 38608 
45361 35342 
83459 69416 
21707 74036 
54655 48546 
21879 35481 
42630 27385 
58963 31564 
36418 22485 
81878 36176 
75358 91080 
49695 26318 
14540 16662 
10339 77955 
97383 5546 
64200 69168 
60089 11855 
76122 98692 
77164 28001 
10261 36669 
19822 460 
1442 86210 
39797 56554 
43987 49328 
9939 56932 
74319 58880 
49935 20584 
47256 59308 
40615 4465 
57519 93338 
83489 58196 
37780 79195 
93558 15810 
72501 43470 
22864 31129 
2813 8488 
99874 11127 
61888 19804 
35512 52512 
72509 39431 
90487 40745 
58969 23449 
20547 27865 
73958 48840 
16396 65739 
17764 53720 
33205 34717 
31896 7563 
61030 74203 
82144 33595 
21902 91256 
7127 64216 
91954 96113 
97550 22136 
37670 89382 
88657 84832 
24215 4673 
93801 8027 
720 92563 
80561 55061 
92572 17030 
92523 3352 
33906 23887 
49601 76574 
54890 32249 
17707 81772 
97862 94684 
24602 14292 
73951 69450 
12913 30235 
87565 49136 
63615 76105 
49963 93972 
93640 8346 
75097 25244 
29869 31695 
1019 44490 
88367 34565 
8368 57541 
42539 2129 
13779 98941 
46798 43347 
574 71967 
93336 76842 
11637 42170 
18806 82384 
70143 48264 
44940 39660 
12641 23188 
32607 44073 
15945 50303 
52293 10514 
74433 14916 
25676 50369 
37521 49733 
72762 34456 
48468 14324 
6913 35146 
35117 93325 
56196 74652 
90788 45842 
53587 93219 
49258 89423 
30881 90970 
1601 55942 
71564 90158 
24656 13885 
26419 10811 
90955 11782 
72338 52051 
8205 60895 
99543 23824 
92740 41792 
45385 79330 
15823 89050 
53882 57142 
74319 81104 
29342 53825 
27922 38108 
69693 12787 
14025 9717 
10547 33183 
98254 16786 
84578 73876 
43803 96275 
2434 51771 
85921 86996 
91197 11276 
79264 85363 
84319 72236 
45282 94921 
42993 47338 
84409 91202 
3073 56837 
33563 24305 
83953 58370 
43294 85641 
66216 52705 
20897 72366 
43407 22464 
35902 93331 
79933 10159 
12586 73704 
61893 44342 
40483 31970 
10537 78231 
18345 22609 
39096 13843 
9633 60520 
72888 46533 
28279 69153 
19877 79705 
92376 23274 
74291 27610 
80378 89462 
59417 45270 
99508 2670 
67381 98916 
29290 55545 
33475 17770 
34482 18747 
90518 48555 
51128 55091 
84789 67813 
37088 38123 
99194 93934 
44087 36606 
21639 80729 
12198 80391 
16995 67457 
9636 80294 
9562 6402 
40841 34830 
59596 88410 
24044 20064 
22272 39242 
95875 25309 
10339 65173 
35015 67059 
42772 84926 
9523 86283 
50891 96903 
43182 10089 
30682 95552 
65029 37771 
75496 68825 
53253 93377 
96801 79852 
9712 72205 
42354 60271 
4540 96985 
50923 20102 
11682 91041 
40620 9617 
15663 70329 
13909 52357 
7470 54020 
76557 5240 
3190 94164 
10040 91679 
12858 28976 
7348 96663 
58963 71432 
80670 8972 
94155 55076 
76085 44995 
95899 72370 
85186 91072 
22205 57383 
26459 56838 
97008 84254 
80295 40749 
56370 75638 
646 70782 
27419 41184 
93650 98236 
30771 95144 
48931 90636 
94153 34295 
32842 90940 
40051 92649 
4565 84533 
63430 27781 
95757 42983 
46910 35112 
2379 94053 
70264 31131 
73325 1189 
58701 94254 
44676 22499 
80115 2959 
60672 59186 
45334 64766 
42895 96475 
87366 86826 
17700 86242 
95759 99090 
88601 19898 
60382 4437 
45088 92491 
35304 96633 
32268 64591 
67931 56611 
66758 87176 
51113 10340 
73420 66591 
46718 7411 
34804 11559 
97966 58478 
90601 22319 
94808 51823 
97897 53137 
81748 54558 
64730 3755 
696 92380 
99200 72804 
42817 93258 
74318 36743 
42796 75114 
94787 1597 
86548 55254 
66099 11588 
19111 60237 
8596 88669 
33324 18842 
29559 20071 
91851 27928 
64928 7131 
85221 91246 
28906 38022 
56763 44628 
64503 49400 
31676 97496 
70969 97607 
71941 40234 
95098 68699 
41378 89777 
12573 18448 
5878 71570 
92770 48343 
12678 65132 
35874 91738 
89535 72539 
94691 5454 
79747 4406 
45192 36468 
82174 16342 
49611 60755 
96788 70332 
63850 71937 
85741 40151 
76945 31061 
47528 27648 
34533 75651 
67557 7636 
90534 26134 
52291 73121 
51683 20783 
76074 9721 
28060 56529 
69889 88395 
79453 12311 
59474 28979 
52155 84061 
16617 53521 
33719 65992 
21874 18041 
14211 71565 
49605 84096 
31689 99300 
76892 67416 
96902 13555 
86798 79863 
37602 28472 
83359 63114 
76445 54442 
60832 97702 
58046 90813 
72922 59459 
70608 25952 
29064 86866 
65407 36382 
4320 17486 
63475 60375 
87029 49380 
52968 58216 
4089 84307 
23004 61292 
57585 13482 
50162 55220 
78461 13845 
52362 38422 
53014 32989 
51511 46880 
6235 54321 
41090 38225 
32346 50505 
37757 83915 
47369 52885 
7082 26900 
1164 87324 
92697 24039 
27069 52780 
45408 7432 
26168 47952 
44251 66941 
80138 83437 
24998 77309 
61754 52123 
83264 67658 
65351 68885 
99195 58563 
10872 32198 
38565 72447 
84622 4864 
21204 56777 
67440 58845 
11803 46322 
66723 80043 
80436 30686 
12572 82888 
562 86395 
335 41721 
778 79024 
61879 6209 
63287 40134 
26177 31410 
66800 76257 
86126 19609 
4525 72726 
22994 40685 
68910 13834 
52490 70498 
83996 52634 
47164 62699 
83476 28606 
58709 48327 
78023 49532 
10692 39743 
28933 25049 
57357 632 
46821 63730 
7346 32256 
63887 22931 
92543 17595 
86166 31245 
21722 59656 
18233 87071 
96272 48005 
66969 73649 
80983 88405 
73304 20816 
16756 34516 
91250 86845 
34042 67678 
32062 29892 
75921 81086 
18054 87900 
67969 38046 
45352 88261 
78389 90487 
37797 64084 
96367 63545 
85232 62626 
19203 34790 
98581 93253 
79500 62536 
81397 77228 
62539 46694 
12981 29717 
60922 37735 
61704 25566 
88701 44610 
98818 74733 
30390 30820 
62831 60701 
31642 29379 
32446 75762 
47816 51984 
2065 20753 
54284 15517 
18057 23635 
88022 59842 
26249 71266 
33905 84878 
1518 41764 
91072 92074 
78899 71058 
54854 75626 
82274 86545 
27942 72203 
51508 93203 
30866 44411 
1802 3082 
16288 42884 
10048 57789 
4233 64626 
12170 5388 
46094 1109 
12690 58093 
94106 48652 
53174 75188 
99942 35710 
59759 86802 
91189 6974 
91608 98480 
77695 92559 
41937 93943 
21093 82054 
1158 83981 
60337 17844 
77728 33134 
23609 19862 
86440 32606 
72751 54820 
56200 77826 
20175 66947 
79706 52121 
30191 94426 
26031 14152 
66800 5942 
63723 36106 
78215 5153 
96855 42039 
14704 67396 
99350 51374 
60857 92558 
43945 41216 
25946 80817 
61324 2981 
76779 63813 
32228 83767 
16307 52828 
10764 70975 
8196 97683 
664 99857 
22691 85307 
57924 38013 
32317 45313 
72999 28278 
17302 71426 
93699 52005 
50084 12231 
85901 8469 
15877 32463 
93402 92902 
91961 96946 
50505 95619 
52238 83281 
21327 37788 
85556 86530 
88380 5527 
16409 39368 
89617 43412 
94819 34587 
7925 20838 
78596 3322 
49955 90294 
65602 71984 
12225 15304 
46268 93684 
21577 57549 
37336 25749 
54364 77712 
26619 3996 
84148 22573 
5591 46515 
81232 42115 
91668 4981 
88998 4731 
45293 69908 
31821 56005 
68280 27732 
67233 97184 
29346 62268 
81039 43079 
343 90816 
38258 55996 
2449 26093 
45053 42225 
55402 59153 
47194 40664 
94851 65591 
89178 29383 
72985 47593 
84739 25212 
85822 37747 
4325 53906 
76908 7064 
67961 23989 
51606 39270 
43026 46077 
98814 56178 
85558 1306 
57610 4843 
31054 77408 
85215 46205 
36087 59067 
79616 17034 
95642 80375 
85300 72282 
12690 21512 
63755 53279 
76341 59222 
41775 68765 
12817 61240 
60029 20327 
9496 48475 
32010 51611 
76482 35628 
89144 51525 
2397 805 
31742 95667 
81546 27802 
27404 67345 
38086 10893 
98612 59784 
49559 11296 
19456 24543 
76857 6916 
97797 97613 
40670 82535 
53628 4334 
45452 66316 
17006 17009 
41118 30294 
59644 14977 
29981 37479 
43100 75900 
71827 36257 
13471 9164 
13571 73967 
97606 27535 
71613 25840 
59063 41598 
24758 12954 
53389 52997 
33525 13388 
81779 17155 
87654 54486 
79753 43859 
97831 10920 
93230 5020 
89885 23229 
88220 22893 
30167 94532 
12316 19182 
9325 19329 
76279 15706 
38362 47624 
52238 90686 
65647 90027 
91344 11204 
6461 25072 
48232 82033 
87692 78681 
62204 73771 
49453 7501 
85797 19110 
12686 32820 
70226 95052 
17224 39786 
14187 41046 
58312 77884 
57574 98232 
1256 72931 
54924 93393 
33657 88275 
94710 32705 
22575 53470 
40107 15000 
80044 12383 
54446 22018 
4472 29509 
40273 94000 
57777 33199 
64813 52984 
58518 67586 
66583 93276 
19795 71184 
38004 18854 
37374 99448 
57098 70806 
38269 61011 
97672 54437 
32921 42920 
81907 45286 
75150 58833 
51827 26065 
23229 65992 
26871 82404 
12684 61722 
83624 64280 
96874 88257 
40757 2167 
84904 45903 
57285 52150 
8113 38857 
55523 32678 
76130 55439 
61430 7095 
41452 15068 
14514 60734 
77474 98003 
37086 19113 
89105 10669 
68344 54651 
17379 29374 
62635 33305 
69860 8224 
23224 59707 
7204 33302 
92961 89573 
42884 54438 
51505 91583 
67868 28380 
75076 57407 
94965 62710 
99198 78201 
28569 58566 
87482 28626 
4711 12031 
50238 25350 
13597 48994 
75526 55977 
12232 36367 
32258 6481 
58257 33712 
80035 50483 
47801 23667 
73643 2078 
19908 86997 
81477 75430 
98035 68641 
46618 38979 
75150 14874 
6921 99869 
13086 48435 
56146 5049 
19158 88495 
72066 99557 
83374 15359 
59405 39586 
8192 25997 
55600 18186 
39372 25810 
25588 24866 
11288 54510 
28147 26825 
52965 49506 
70827 29198 
62152 8926 
83085 44446 
43882 28205 
27964 76893 
27275 49089 
41490 7433 
19740 78026 
35976 45537 
31272 2034 
28464 965 
3193 54521 
58793 15952 
5478 60928 
43134 90151 
24720 24641 
68276 25236 
50806 97343 
69567 13829 
84559 14728 
51139 98288 
30876 68510 
875 28904 
12294 28682 
24563 58181 
36456 26181 
73780 18118 
77633 55445 
70266 40804 
87194 58764 
35893 99143 
30874 9930 
21818 64134 
61694 23339 
92990 97900 
76573 76552 
64932 27556 
71921 49233 
8525 73965 
8952 49485 
35531 41604 
22971 19753 
52676 10992 
62536 88807 
25329 13516 
24216 63762 
23169 10005 
56546 36643 
29711 39001 
42826 13696 
85143 48481 
36572 62482 
97663 75601 
15711 11700 
2343 93094 
42026 31784 
68531 98042 
60875 70491 
56886 79018 
52901 17017 
5368 60966 
54201 20618 
79871 93685 
94347 95289 
59623 19429 
62699 735 
40108 27872 
2584 1683 
26970 82565 
50216 72543 
63216 82036 
80660 32461 
79001 793 
96622 67039 
78371 40750 
97581 17267 
80586 11975 
96504 93705 
14956 53168 
9318 4465 
27636 96899 
28370 69288 
96389 82385 
5209 28770 
65062 19489 
10381 47804 
3391 11587 
8276 55286 
69667 52124 
83633 58411 
3959 19892 
82974 19122 
7760 11469 
88992 82790 
72305 65761 
28873 4700 
2249 55193 
28513 28672 
44039 40879 
63811 33911 
68974 14974 
27448 81159 
79853 82382 
25014 57260 
7051 66185 
37860 38470 
34963 56340 
41708 67127 
52995 59640 
49862 63763 
56602 50374 
57738 77302 
33382 65803 
1497 9662 
56794 38296 
7711 37923 
75816 6841 
3271 97141 
32705 4679 
75174 79962 
62972 76914 
18349 55396 
31820 42217 
86340 8396 
39474 76103 
64453 54357 
84215 59805 
17894 88210 
6380 8345 
28443 86463 
49194 64196 
22374 92371 
63033 18791 
9631 79363 
48547 3141 
99654 5902 
81052 70954 
32814 46162 
83710 82903 
68044 5216 
20215 89059 
97068 4870 
59072 98032 
13521 56840 
21017 15963 
51295 23682 
58720 36290 
20605 4662 
33657 62064 
12556 73739 
48857 46627 
13398 39862 
68220 45557 
68197 96002 
3193 83075 
60303 72643 
75825 49453 
27788 13888 
73543 62489 
20934 49930 
95501 45745 
15885 48301 
52917 98980 
38736 88148 
26557 62102 
21633 16709 
3365 2971 
7830 15248 
11212 91496 
46236 22890 
45835 57742 
67599 41097 
37253 70137 
14288 69009 
34314 11359 
3529 390 
95476 74129 
39999 46651 
61527 46888 
57823 37219 
51699 10206 
64329 88459 
68436 18774 
78302 25438 
18082 977 
4033 87006 
54834 68276 
59106 43962 
33543 90028 
78652 12564 
13274 55854 
51721 51150 
88028 17314 
6446 86383 
33615 73397 
49832 27403 
50396 40198 
85302 91145 
50448 24183 
76529 80126 
84698 547 
99619 25214 
30654 83451 
27381 30185 
64591 63267 
19194 32340 
23383 77502 
47889 24006 
20685 76674 
81121 63440 
19700 44182 
48833 40463 
80564 30080 
70723 52116 
94169 62677 
88036 86673 
86251 9006 
42520 10533 
25651 65479 
72056 1870 
98894 73383 
47269 77304 
19563 70433 
56314 13471 
25427 9161 
56074 74033 
78881 95746 
47192 14494 
26972 28696 
97588 52138 
96139 45856 
34598 56452 
93758 20315 
49326 36606 
63702 81039 
8527 76878 
96311 72450 
49095 98324 
24567 8662 
38122 5618 
47685 22723 
17575 11610 
10970 58958 
16760 19024 
36502 7390 
8038 78612 
43046 33224 
1679 36198 
15566 11508 
24253 27181 
84833 37320 
1650 76425 
55809 45246 
72564 13892 
79863 38376 
91226 21929 
345 96709 
39180 88832 
13617 7585 
55068 55106 
78398 36667 
8672 3801 
75107 36973 
90874 64356 
63854 75601 
64715 70573 
14852 43052 
24427 37679 
88221 98420 
39062 848 
21511 95220 
15267 88147 
42757 27278 
99798 84541 
64442 31826 
56513 80420 
29522 87855 
94866 88052 
74446 51769 
97354 52426 
46138 79502 
91884 79146 
59973 94540 
41701 51356 
14002 74642 
80282 10100 
81044 46578 
1553 28117 
84731 97816 
26760 15738 
28162 36852 
8557 59370 
84608 59762 
87 8016 
78473 9538 
12302 91311 
81778 46923 
6263 73781 
26448 86702 
18846 24322 
85977 91772 
47 7349 
11344 58863 
48004 82639 
15547 74338 
63880 34552 
88721 66337 
12911 38181 
91513 30337 
70213 9875 
18263 59249 
50360 82669 
43476 66290 
68247 93348 
65194 49102 
55459 67184 
37102 7017 
61117 38813 
37523 89798 
99093 53312 
57959 25905 
64527 50214 
6416 50996 
31729 44996 
11476 33332 
62846 87560 
81935 71703 
2066 95253 
23784 23648 
3692 29182 
41423 6989 
44052 6896 
53212 6088 
97014 21943 
32801 5706 
10784 71385 
47195 70029 
9686 76030 
32 82117 
58803 14974 
4369 59962 
71628 85978 
3030 69314 
11296 46268 
26608 60578 
34482 84553 
29273 67326 
53741 24348 
70776 17365 
48834 61154 
19386 23790 
40478 91601 
34961 43086 
51029 1353 
53964 10098 
15748 40390 
38949 85561 
75563 29230 
73891 80897 
77710 7710 
83709 57106 
34093 59140 
31430 29830 
38941 16972 
99656 51055 
27064 88543 
94352 79421 
61949 11048 
18451 95727 
78980 88555 
50352 67984 
73198 45728 
28117 21247 
13326 73839 
84042 21450 
84185 37718 
96211 39608 
8162 58502 
23766 23005 
73054 86331 
70852 63352 
98397 29612 
80516 18423 
5291 13004 
94344 13283 
15780 95000 
26203 19998 
96998 87783 
89165 90582 
82585 86967 
83566 96944 
49265 36922 
1100 13725 
51 28552 
24961 65178 
7162 50725 
9266 45598 
97554 93992 
2321 14358 
21858 35787 
37811 61182 
33554 20020 
55528 35079 
19391 80758 
29038 31227 
64313 49644 
71484 34103 
4597 29790 
62732 22273 
21416 15031 
91136 50534 
53717 82783 
31446 38442 
64093 91162 
86713 10811 
74200 66600 
6518 55355 
97379 76882 
56464 85417 
35213 46358 
54581 21608 
72109 84983 
9136 35193 
97375 70973 
89336 28151 
7770 47977 
35478 60152 
95238 72063 
68348 71000 
4229 71180 
89018 88674 
51014 60381 
69631 57647 
33349 89764 
23407 69987 
23082 88892 
7796 32575 
26512 11411 
58557 57805 
17779 76657 
74517 22253 
99055 51201 
72872 98037 
17992 12649 
13086 25019 
77653 90394 
43825 58434 
7075 83651 
61821 96227 
21641 15728 
84140 63086 
91593 95368 
26097 4057 
54314 20884 
45856 19643 
51418 80908 
63759 56374 
45201 76759 
89531 52160 
70696 15748 
93684 24030 
9343 2176 
40861 77455 
28187 83358 
62263 10998 
14583 91690 
81960 87865 
50505 60594 
27561 46731 
12885 82116 
49597 28302 
56773 17020 
45932 1129 
36698 64422 
37621 80488 
48203 47289 
70837 47516 
26384 72635 
25870 92264 
21117 80729 
98645 24009 
79718 6396 
82810 14868 
6937 37270 
21184 68674 
39480 68796 
14178 36064 
67636 23865 
69793 28853 
60161 26152 
54892 22025 
192 90522 
60655 70066 
19785 21349 
26496 5840 
28542 90115 
76170 34862 
67873 97393 
7405 85564 
86555 11091 
42133 27027 
25562 12815 
88207 19674 
20551 77235 
85491 21518 
78895 55573 
9307 32840 
64865 33611 
82427 25538 
31291 87078 
3159 69892 
68984 62840 
31559 41126 
6224 73000 
88363 60884 
79765 843 
12003 4656 
16117 82488 
87883 85128 
7256 46196 
11070 3640 
38463 62446 
68671 47108 
27632 82235 
31366 96219 
65204 18494 
24933 2151 
1758 56047 
12057 83741 
16363 59284 
52333 94757 
12907 83497 
24069 11809 
33966 85775 
85377 97461 
52128 74433 
23977 190 
97252 32135 
95260 63144 
4808 97187 
76371 26986 
25197 89901 
70426 28651 
16911 26547 
79436 17438 
57363 72031 
27124 32640 
44441 44315 
53537 12780 
29088 98503 
22205 35529 
14618 86594 
77559 19507 
82040 10090 
65447 54435 
52299 56966 
82773 64462 
76134 41958 
53660 51014 
50161 49668 
38997 6138 
93847 13718 
73834 35061 
86146 51937 
92805 77566 
52933 17592 
47612 71792 
16697 19647 
42573 61201 
68559 11311 
14338 5681 
99300 45383 
60097 21183 
30878 47399 
74948 38739 
22842 63100 
93576 43370 
89051 95486 
43979 26147 
49303 58489 
11711 58527 
57737 39274 
81951 77108 
95296 79216 
73686 49070 
87068 54822 
5392 73822 
6980 64151 
34807 64752 
62119 1762 
96774 46484 
6842 35743 
22549 97679 
22894 84114 
61621 67165 
15891 24674 
42787 92050 
20841 62320 
5056 50506 
79748 20940 
982 89008 
52911 23148 
25056 74083 
52176 70486 
48069 32002 
39179 39104 
44673 56350 
14549 61555 
85832 83035 
35042 73990 
30500 55051 
34781 69870 
91517 25204 
94008 16258 
69631 73982 
94228 56810 
46463 51914 
22092 46786 
2392 90999 
36086 39705 
78499 68155 
89838 72730 
33106 45171 
13786 78402 
52890 54243 
92976 84084 
66157 45953 
42920 47231 
71589 67406 
77737 14597 
39617 92277 
85197 86525 
65554 81603 
71836 13672 
53706 14458 
17959 52823 
89916 90984 
87144 60911 
16344 76794 
67760 11903 
56736 27357 
85055 79923 
53069 3756 
11529 43783 
65145 67074 
20578 33053 
53582 17666 
73839 53837 
13609 27718 
6155 3663 
52177 733 
73785 9150 
4102 79971 
61231 97610 
64342 19366 
99995 44277 
72938 25083 
38588 20558 
26775 73629 
17291 5521 
8041 13295 
43455 12766 
13091 59741 
33507 27896 
37412 3635 
86418 48003 
22486 58517 
79988 63891 
98551 90470 
36138 28204 
63624 87622 
84283 8193 
23622 47198 
62895 30542 
81005 80549 
38546 87507 
99 62477 
88975 88529 
96091 80199 
92163 9601 
91680 69379 
86915 13796 
60444 59959 
22117 90739 
29223 92862 
91622 90204 
43154 10165 
59615 5617 
6475 65953 
17377 96904 
99809 52843 
76475 28967 
40357 90017 
95748 42004 
95288 72622 
59817 62946 
80572 39531 
75424 13484 
77623 76698 
28540 69478 
78301 36722 
49975 78981 
25222 21755 
70131 51659 
48752 46485 
4580 91112 
14687 70723 
1301 53391 
87329 66956 
97705 79951 
81523 67268 
80972 71369 
24189 16139 
18776 39312 
70982 40899 
29129 98579 
26942 39973 
87844 38488 
1318 80592 
30058 43421 
86275 92230 
88264 16059 
86715 39817 
23473 93628 
44254 61641 
48411 37444 
92157 60852 
12063 19098 
50077 46628 
13426 22807 
17499 31288 
38958 32794 
53031 3049 
73041 76979 
33016 10604 
13650 53844 
67441 15330 
36468 78024 
13679 89707 
89862 41986 
69354 66383 
70381 6102 
44444 71334 
23900 97500 
9734 6710 
41013 19248 
93797 84189 
66991 45759 
53938 48058 
26367 7738 
77846 68728 
70131 50557 
82225 32044 
89574 83653 
62198 97466 
4947 25328 
11082 49123 
29402 87302 
73912 17702 
29107 36426 
20112 8293 
48930 17138 
20776 29555 
49775 17589 
94267 82934 
8420 14796 
40180 37199 
63637 39723 
16183 83158 
53379 61925 
24858 36187 
77013 5168 
68384 30084 
33842 70411 
97745 24757 
34567 60565 
30122 32395 
55892 72677 
33237 52006 
10128 47475 
78615 90606 
31420 43658 
47106 40833 
38157 34889 
29456 79398 
17155 11129 
2336 48527 
89340 2775 
75946 83438 
58973 36002 
3156 52901 
18859 70783 
12137 87050 
82498 69237 
74518 76865 
40837 91282 
49323 43153 
96018 17022 
49308 89313 
7473 50832 
60774 71835 
96721 70838 
10535 45232 
96390 49262 
14451 63962 
96282 84078 
60770 52920 
34704 50479 
78495 90219 
6802 1832 
16117 81191 
13342 24150 
9230 40967 
53117 75503 
46948 44472 
70103 22405 
56461 47298 
2506 18876 
12705 28682 
45004 60691 
45833 58700 
27792 87298 
63003 45769 
36403 96924 
23007 77703 
44875 86592 
2322 29814 
11432 28086 
69426 76909 
90688 43357 
40540 12584 
49242 48389 
24438 48785 
32615 93294 
76581 41419 
20594 38166 
73529 63623 
25374 69195 
87439 27356 
32280 77618 
87454 36050 
56374 95233 
19843 36372 
89935 4567 
22010 25474 
45583 19202 
6831 61641 
57704 60337 
13226 20872 
90901 39345 
56505 39684 
18327 92933 
27735 85290 
75067 7403 
85210 98331 
62123 11631 
53099 60465 
75109 14534 
92437 49347 
58410 12132 
37840 56949 
40356 91742 
99683 63644 
87860 16422 
15952 80123 
30022 81452 
556 91956 
39325 96478 
75659 67504 
26393 61876 
94373 18869 
99625 75952 
57184 37724 
64609 30808 
539 63095 
89838 28986 
89286 76571 
45076 80488 
75947 61888 
26586 20288 
99351 10501 
19516 20183 
82682 2482 
11852 55623 
56776 42979 
66673 28113 
78294 88454 
79827 36839 
34437 54079 
98685 39371 
25892 53888 
54313 40593 
97989 88692 
64145 1481 
46344 63243 
95198 64893 
57771 83776 
38863 54224 
59827 59814 
37505 12623 
43078 9994 
20345 15378 
89021 50665 
51556 6164 
83577 28171 
67003 79021 
21173 40943 
77735 52275 
7611 85936 
48116 58017 
51344 55444 
14395 1360 
92177 4939 
95553 27350 
54060 10345 
62408 70267 
24335 34055 
73277 49929 
55664 22963 
54870 22761 
58817 68943 
5642 91506 
4623 72461 
25497 26811 
81589 63357 
30503 56367 
62045 49373 
94205 32822 
14153 82608 
68150 402 
59701 56843 
73400 41972 
18342 74558 
22088 3230 
97780 51472 
23499 58777 
86364 58543 
52670 5998 
79676 36662 
11184 47032 
25889 57605 
89606 46499 
6053 46344 
48919 33273 
74910 24441 
74363 48251 
75456 81987 
19230 26883 
6175 36446 
48461 45185 
63742 90769 
12284 51013 
5931 60240 
28701 48567 
79591 97818 
30258 3422 
36763 11081 
35322 87804 
18358 30392 
37038 91413 
19285 57546 
64106 81781 
61541 96901 
56747 9972 
92447 46869 
18460 22354 
94127 8666 
49620 57278 
37232 51332 
42470 76650 
37075 57291 
18750 6712 
73499 61101 
20962 39817 
17214 85553 
26213 79496 
64749 73890 
37573 94855 
21813 14693 
22089 87129 
90561 56846 
6848 61175 
10088 15996 
14897 37736 
71493 81057 
21391 38528 
78915 39564 
36954 25480 
56177 54052 
80069 77938 
5021 38153 
83184 47179 
5406 707 
88294 36288 
10900 48982 
26880 15269 
32962 67924 
46402 96191 
26738 21398 
40944 61248 
87952 53501 
67131 57796 
45610 3280 
78120 48748 
88420 84556 
88232 34157 
94199 24090 
88726 40368 
41004 95914 
71211 6823 
66324 37443 
79414 87422 
6393 83839 
2229 23271 
91527 11102 
41465 36727 
95364 35513 
36172 42837 
35994 77277 
2138 73580 
5154 59628 
49907 62776 
58071 81123 
77585 45067 
30932 68516 
95739 81101 
65638 90336 
30853 32835 
12147 87176 
71084 77830 
47618 53717 
63485 69480 
98506 89608 
45377 21293 
76867 21620 
94237 17680 
45356 87836 
10226 31131 
6738 66155 
3424 56225 
73229 24020 
43832 54634 
8551 64040 
46415 42067 
51324 41027 
5685 38055 
22271 30009 
64789 42558 
89677 31883 
2560 99539 
17628 13640 
48672 56989 
49809 93464 
91822 35315 
87961 97515 
28762 71583 
8584 34841 
13053 15779 
24055 59595 
1566 17089 
35081 15655 
64030 53127 
40220 87696 
16366 23106 
65208 14927 
62050 47157 
49897 58966 
77419 88281 
83859 55668 
56638 40901 
13041 22252 
39916 10523 
49343 35714 
84639 42708 
2558 46230 
3213 46381 
19889 40152 
83713 96441 
62050 21223 
29847 93706 
66961 35726 
5256 6405 
52150 27563 
43862 16764 
85165 72638 
92748 48664 
7694 8408 
86943 57916 
33510 44108 
16565 25384 
53008 9902 
35891 5027 
67786 79096 
81242 43833 
47577 76556 
9949 8727 
48834 68578 
46236 26691 
59343 14763 
21488 68675 
36457 50760 
26172 85305 
87930 62315 
48580 32967 
3753 5629 
61612 12532 
85029 26830 
32961 79817 
31630 34220 
76353 76799 
44228 80961 
31915 75673 
68267 23003 
62264 24049 
57545 27305 
77577 28881 
63286 18775 
57691 19173 
60938 70873 
22186 83065 
11410 64435 
10437 83609 
16043 62030 
72795 19342 
65355 71061 
41327 10720 
420 97792 
43956 61530 
2742 26651 
49392 65606 
3565 94368 
81892 3472 
56780 66935 
24667 985 
50957 68836 
38685 2630 
45486 58645 
59632 45783 
3401 92852 
99972 9092 
59221 70630 
75309 48083 
3936 6277 
94692 24115 
91292 33212 
3022 79061 
69580 3605 
40375 7361 
21397 11171 
87855 29552 
50161 31098 
2504 76962 
86663 40749 
4798 55899 
1514 57513 
71467 71554 
72 6065 
3620 56705 
45309 6300 
85595 68421 
1001 55328 
23469 87151 
12766 62179 
53831 76883 
47679 82246 
43223 42504 
94532 89981 
56519 51084 
86304 23020 
58606 67456 
