81181 7351 
38896 98407 
97430 84069 
94860 88104 
44629 71936 
13120 59102 
15260 18078 
64359 35576 
27279 2104 
85985 68792 
26028 88646 
22578 85355 
87862 71200 
69423 74373 
37251 10916 
86788 12572 
82941 78034 
23016 69439 
50745 10732 
83029 30688 
40629 16469 
5492 27648 
63981 54221 
66705 62615 
23285 52583 
12159 75777 
80932 38259 
27749 8003 
26442 72295 
1808 75634 
92155 17227 
96379 88305 
86240 87351 
41583 8948 
8889 66449 
90463 76274 
92626 12549 
23341 84380 
60919 7684 
70514 41537 
30584 52110 
30028 10814 
92996 47088 
93309 68869 
96672 58069 
55562 6037 
19552 1015 
80179 30829 
63116 48587 
6766 34977 
22490 10060 
40958 21383 
86737 99076 
40846 96630 
1817 66734 
19621 82163 
84976 44013 
16945 3808 
13874 7150 
52625 77995 
26278 52356 
65272 24859 
56943 42131 
55967 3346 
7102 64434 
2336 81501 
88978 28110 
81970 26327 
12829 3207 
45801 21899 
87251 3224 
11825 1882 
84824 97794 
7460 13138 
84650 38993 
74888 10829 
40923 82148 
67862 22226 
42419 82970 
10765 6362 
21608 56777 
61108 79768 
44091 92753 
15189 74680 
59145 26399 
23310 45456 
20387 86752 
35702 41370 
91930 51418 
83258 19507 
39838 62106 
8175 80193 
71336 76122 
98788 69201 
24909 55124 
50158 5905 
33299 21479 
67376 64648 
78375 44665 
52099 57754 
31932 55434 
64476 42937 
29733 23823 
32424 5314 
57416 78592 
88108 44791 
36393 90330 
47520 33258 
85443 88178 
13225 92890 
99436 31048 
72607 86750 
30474 8166 
84364 5984 
78690 954 
94547 84073 
75 98465 
94 67941 
16891 22004 
82572 28136 
72601 81057 
67795 95884 
7707 52267 
27976 73514 
45492 45977 
32262 76537 
67373 715 
68769 30646 
26443 25012 
6658 64934 
94713 88070 
40312 13838 
64719 46042 
59343 64629 
29315 79091 
17955 64712 
44883 5869 
35070 33548 
42620 36692 
42686 7745 
90185 24469 
14088 84619 
21693 73280 
45808 19530 
47908 68527 
37655 75324 
30446 99715 
13664 18407 
53905 57153 
53475 5321 
58063 97264 
58425 6099 
98613 87684 
59584 66259 
89418 62961 
85944 18001 
41806 44438 
50191 12946 
57226 3739 
76718 63758 
48344 78336 
91999 49993 
60712 79752 
20941 64766 
42193 70257 
84508 53093 
60549 22249 
73695 20254 
981 16044 
82835 69056 
84840 76423 
21268 58570 
38350 96028 
86544 63760 
5911 44590 
74635 55320 
46371 16969 
23025 12141 
72668 30117 
31104 24999 
95293 39319 
78918 49374 
8300 7478 
70153 17761 
12887 27666 
58106 27386 
8083 68829 
74458 77953 
90651 87282 
69797 45830 
97050 22489 
92154 46070 
89141 74648 
75202 51676 
32300 43729 
81313 10764 
39696 94846 
46329 26549 
59710 3250 
2681 42548 
64826 23719 
15410 5956 
59804 23742 
51672 65832 
64512 17679 
18471 99551 
42564 39915 
45648 50944 
40710 99065 
61570 6564 
75935 62399 
7488 32764 
57301 29920 
63205 45548 
57789 70890 
11470 87613 
57763 12116 
51426 42577 
66122 86949 
82485 25047 
87834 76667 
19146 47042 
47246 1831 
64580 76184 
95423 50172 
66183 69174 
26740 59741 
99875 85219 
5041 11238 
81541 58450 
52923 21908 
83837 35749 
89014 74797 
44446 67013 
7626 61868 
87957 68568 
82743 67197 
47656 67241 
44012 67336 
65824 72561 
16288 79969 
71555 17626 
36225 49081 
83616 55340 
59519 15142 
62556 96081 
50626 82164 
41040 25260 
3125 60013 
94312 44828 
73378 29962 
73704 41465 
22723 54260 
15276 96006 
54159 26337 
52977 13596 
98357 37281 
11094 72141 
50753 16369 
24315 57801 
86631 88654 
35381 80605 
84290 81022 
50095 40690 
67749 99613 
87361 46235 
39914 96145 
47957 67885 
14739 38423 
39918 51214 
72618 1199 
40680 98786 
57106 97551 
46549 76386 
3036 78089 
58601 94211 
36195 35518 
80755 63131 
12946 65514 
60595 28542 
74529 51329 
86363 39943 
75251 59197 
64634 23019 
6372 54362 
42319 82851 
78204 73409 
3929 81822 
41810 17620 
70449 3823 
28645 64167 
49695 37591 
61585 27228 
39713 86303 
44011 39500 
66523 38005 
64970 66058 
45465 12005 
67889 7169 
91404 30079 
17944 94396 
67235 48118 
68876 35238 
52399 23816 
73928 15515 
33543 89056 
7512 25882 
67981 41838 
64353 39064 
47278 71901 
81046 27825 
93070 86668 
81325 80153 
50133 9663 
80816 37796 
2756 82272 
99647 57028 
29629 11525 
21987 66399 
29751 71521 
10476 75233 
97246 84181 
30432 68778 
96568 76206 
63865 11132 
91153 33438 
96510 65484 
8449 51253 
42470 32701 
82088 10200 
30513 3908 
98059 89766 
13674 20475 
85868 69988 
79539 35707 
37956 60555 
32409 76527 
11076 40128 
90570 10574 
61856 84776 
91924 34393 
95414 13759 
29512 11778 
60717 83331 
44784 7816 
9255 14785 
90953 83838 
44639 51670 
41348 41202 
29908 2928 
58435 27739 
86608 43623 
58000 49688 
15098 13015 
99963 64069 
89107 70925 
12402 61704 
29196 47636 
8564 89476 
39586 50046 
88028 1917 
700 67320 
22613 76834 
45833 53001 
15247 77463 
14489 47370 
85737 94498 
67242 43741 
81216 55337 
67364 95493 
31025 45060 
83006 6804 
65867 43847 
40392 49368 
99339 48977 
63241 99840 
26223 16018 
66571 98289 
26470 23466 
34066 86660 
76336 37831 
97326 98036 
58916 32065 
52648 32454 
35103 89202 
96353 73092 
83048 5247 
33230 67808 
39216 90571 
14337 25378 
77421 57465 
90156 53171 
43529 73010 
23042 93608 
23008 51040 
88911 405 
56099 54737 
12300 32447 
31108 82270 
21190 33067 
80157 11909 
78418 5572 
73710 90144 
45017 92050 
60297 56620 
57506 11809 
26062 13074 
55914 18241 
55127 59950 
82250 88468 
56225 44008 
80157 68821 
83660 82999 
65649 61020 
21369 59341 
6121 48859 
17709 3765 
40221 33267 
55578 21990 
94726 64830 
17545 52774 
6199 37125 
58932 84046 
35018 31715 
33091 95340 
67244 86183 
22631 39374 
35879 90294 
17919 23365 
57163 2165 
49923 1573 
69898 16310 
28301 44543 
86177 8437 
57608 7659 
10408 28114 
4606 81881 
60239 9706 
67877 72891 
27710 24444 
57276 21420 
51918 2044 
25257 47109 
35497 8983 
4676 71044 
26367 82381 
98425 47983 
3504 83325 
35067 18266 
50897 51611 
51655 71570 
77374 14999 
89970 99893 
41658 30446 
95671 5550 
71788 12191 
91190 21447 
25957 32157 
52656 95556 
27850 61797 
58766 89241 
23723 61356 
95207 39973 
50757 12454 
92109 42997 
76627 32939 
43973 13596 
68756 9194 
11594 1902 
78390 30351 
33769 45550 
79422 11349 
82873 61981 
84780 47301 
82908 1847 
74258 50359 
71180 7691 
6813 82064 
25535 47988 
57631 9113 
97879 25618 
15690 78536 
91718 91977 
1077 29484 
96538 33174 
12965 33138 
45062 33168 
98970 79666 
90783 60174 
44475 11765 
12623 67307 
16588 37986 
41200 46199 
61534 45864 
66865 23176 
46571 74814 
33554 41619 
57928 1831 
44455 31227 
14817 39211 
5588 25183 
36197 42831 
11633 49592 
1794 81968 
34665 76051 
81747 27205 
10946 97867 
70324 71661 
33525 63170 
48291 12594 
49093 74053 
15812 85377 
26421 39882 
83144 59916 
10660 55046 
79979 80739 
2888 56650 
45876 56357 
7506 6076 
94078 80880 
71437 29796 
98857 1487 
98561 49474 
42629 29002 
60402 29147 
73185 25671 
39811 68155 
63689 94164 
38248 72466 
38541 34893 
49225 44230 
26656 34933 
50570 39574 
30462 1148 
96404 58107 
53640 52551 
96066 44040 
13561 42533 
51694 98499 
75418 90236 
88752 25346 
84204 62190 
54561 58705 
37962 60291 
78672 49393 
41165 40219 
85962 19580 
595 5629 
28378 30270 
77773 97735 
54500 44559 
91757 27374 
67450 11143 
74056 77175 
31116 37152 
13415 35173 
72302 67189 
92419 8019 
92088 36272 
10125 1859 
43568 18432 
5348 52058 
55104 49814 
43769 29104 
78302 65402 
8678 47349 
18176 51858 
39973 55712 
59291 85479 
98918 94995 
36151 93887 
97227 65180 
8713 52841 
18171 57899 
94595 5427 
74725 74172 
78437 69885 
95146 65626 
65813 84477 
99935 8553 
74205 23020 
35789 44514 
56770 3137 
61918 98617 
35979 723 
42045 17177 
83674 78814 
81408 50148 
21705 36746 
62266 40539 
32996 86407 
73682 72962 
66779 66372 
1783 76538 
93681 11848 
45210 73561 
16451 8596 
47151 14650 
70335 72402 
90126 43555 
53469 12137 
82596 90357 
12121 54112 
77526 472 
68194 28161 
2162 68716 
17170 41776 
45599 62609 
43473 97616 
46091 87158 
97236 41854 
43628 64573 
51535 66055 
14936 76665 
12389 23688 
87851 45128 
85162 63851 
39937 5464 
10487 29432 
22226 64016 
70412 14689 
13165 14372 
31215 28080 
83 29368 
33159 60227 
5952 37945 
59444 13978 
27713 42368 
16713 13813 
29129 30559 
37674 75221 
35883 90797 
72780 81152 
13577 41574 
72334 82317 
70301 48092 
73043 10819 
14615 8712 
93704 72514 
17059 59585 
13613 62491 
68740 63802 
54214 30170 
4045 22534 
9626 5814 
56226 70015 
74905 88577 
44361 91602 
2247 87770 
48114 34752 
74795 3604 
12758 66431 
25348 31456 
41085 67299 
42934 74577 
71089 42929 
4128 54150 
8761 75421 
37902 12759 
83821 34936 
82937 17560 
22922 20003 
24528 82842 
89597 97891 
4569 48157 
23173 71905 
82575 67836 
19880 11152 
88294 90461 
38564 40156 
47184 32733 
80686 604 
78892 81190 
89696 65634 
65814 87357 
38429 8192 
63952 57153 
24802 99371 
81468 73776 
75885 40035 
81712 34780 
68350 9626 
76957 28676 
9297 49741 
66686 24183 
85656 86859 
39969 96074 
82630 38580 
5367 65628 
92040 40758 
33710 90776 
80008 79147 
99254 1322 
60033 8451 
82891 37967 
22322 94156 
57480 20399 
3152 18045 
9806 39313 
39050 47017 
66291 39993 
39766 76641 
80291 40976 
31288 25812 
7669 10292 
65547 76946 
44311 3936 
67018 27340 
24330 56467 
88055 41647 
80951 1995 
74622 72849 
53394 95359 
1939 49673 
82571 97872 
25659 12110 
75973 89824 
8292 13482 
37895 72764 
22925 97463 
54946 28611 
6668 1529 
98797 9773 
34804 34482 
58199 44685 
13276 25041 
40547 56593 
41932 40900 
89575 9870 
83864 33250 
50291 17829 
87189 70430 
74815 68702 
44821 86211 
3524 52366 
45027 83127 
74758 99398 
60995 99369 
13316 76151 
51166 68928 
23044 14815 
93756 78986 
62076 95802 
58653 56017 
10614 41292 
27816 92596 
50599 23415 
11313 60643 
64254 38281 
70314 43606 
24168 47980 
50611 60052 
91452 46636 
50699 44206 
60485 63773 
96922 95147 
88836 78463 
74907 5705 
29190 81138 
71250 34543 
36461 86426 
12360 90455 
57724 70030 
48386 56640 
25207 75383 
19302 94485 
63325 11728 
57545 31361 
89547 44261 
26975 55001 
35898 59088 
71475 8195 
42969 71046 
48177 1889 
81543 30747 
50072 42188 
38298 78792 
80683 97346 
61496 89653 
29503 14513 
198 45526 
11076 32809 
86248 81322 
72865 29278 
2107 45949 
47484 77291 
49622 32206 
23382 93192 
84883 37821 
34746 96293 
12553 33569 
26169 9744 
39418 30919 
30527 85408 
71350 61249 
9571 44524 
493 1466 
45877 87778 
70205 6717 
42087 43346 
24125 39903 
78788 89529 
42711 19804 
5915 9789 
45698 44923 
94217 12335 
92149 88494 
53107 73812 
41107 1628 
29137 47248 
45330 6184 
35372 8082 
38221 6726 
26091 98929 
39729 1780 
23530 73655 
50899 28634 
23799 34438 
28700 33035 
57634 1644 
32838 15399 
58304 55696 
14531 68526 
93783 42524 
73518 88317 
53201 39789 
44093 8631 
38634 39713 
83511 84137 
2437 16233 
26871 20940 
87626 9059 
41411 33749 
74217 75354 
60117 90446 
7949 30893 
99665 90247 
89528 26911 
70917 9939 
32246 86266 
71557 44248 
53791 53118 
9912 60983 
54091 94032 
46613 89368 
45157 25193 
56458 60859 
41242 30404 
6705 25734 
87970 77578 
19983 75878 
7687 37624 
40105 14443 
64905 58975 
47305 26443 
10507 53397 
75754 20831 
46304 4336 
70680 34260 
62555 17718 
85034 9466 
40215 96941 
56344 87083 
76991 38747 
23271 78744 
91659 14719 
38315 21384 
84661 24350 
8274 47985 
84639 79934 
47220 48338 
90361 10976 
58149 34907 
25403 56399 
68916 73523 
58980 46485 
35662 86386 
10479 63338 
92666 85708 
47552 8579 
71416 50382 
7996 45 
33632 15135 
24232 65479 
63115 1923 
5813 485 
39471 86679 
40202 10485 
73166 61037 
4960 61973 
15767 18282 
45527 27054 
71896 65531 
61919 17068 
30093 40036 
64986 66050 
98649 86486 
8248 42830 
79460 34330 
74880 41790 
38018 99394 
1081 26576 
30905 22433 
46836 78547 
33492 48787 
82997 32277 
70009 47904 
49634 64129 
85779 69283 
54795 36739 
17088 32238 
25052 92189 
8059 50917 
89676 29701 
95831 3111 
78766 99902 
35455 61660 
42357 96998 
64160 20639 
52304 32653 
10960 65008 
31625 30932 
42060 52030 
67080 92365 
95119 95543 
99850 36979 
96153 70015 
56523 51129 
71692 80342 
77979 30985 
65793 75466 
27302 36752 
46607 19142 
9512 45990 
40420 69573 
15689 21882 
62425 61127 
11989 92810 
22972 25976 
30052 73345 
75624 41259 
79502 43533 
39091 38254 
95502 43327 
68930 64019 
54732 32060 
76908 43145 
41717 9060 
95992 47454 
24057 90830 
67167 44900 
99944 92626 
80643 65429 
14209 67878 
38445 91150 
209 17548 
18031 50971 
94032 93363 
7253 75692 
84740 83790 
49872 48582 
9833 89697 
87763 68568 
78620 67810 
11094 28439 
7842 44436 
30937 98843 
83698 79311 
70148 345 
22316 90052 
27826 40462 
86755 31329 
10231 90335 
32781 59743 
36798 76574 
97951 5295 
23710 67826 
18936 13414 
19466 42732 
60571 17717 
16996 36206 
66744 52963 
95072 74337 
98078 20120 
48136 24733 
4202 71036 
48112 8728 
89496 88882 
44400 44667 
70334 2359 
48942 17316 
89129 86610 
72112 97496 
45903 71818 
72155 68129 
31644 1701 
56001 48160 
99359 58402 
22478 44189 
88525 97716 
70340 1165 
26555 19179 
2958 68088 
66916 29220 
49130 42474 
87720 42406 
85214 8160 
66865 5723 
87595 35064 
70234 23956 
66502 66647 
37996 10361 
32268 81043 
30693 86176 
23371 75245 
1609 4964 
81910 88215 
94801 83314 
96677 48410 
29236 78146 
46554 3991 
18596 62682 
67711 69839 
93662 18058 
36912 4524 
39518 75665 
10213 12488 
33430 16445 
81438 51966 
70853 57736 
28040 17540 
96844 35654 
93291 57740 
18051 21613 
13246 82705 
56484 95224 
34476 14715 
20443 32692 
84348 35237 
10252 59702 
49421 86169 
46870 60911 
89535 90073 
9966 34326 
65263 64445 
98741 28163 
84594 18468 
83510 225 
81104 37167 
99034 95429 
20310 77532 
41561 45753 
93504 23938 
70754 58743 
99119 76044 
84914 75624 
30473 71381 
33370 48145 
85762 76953 
53404 4473 
91235 19435 
70741 48762 
81719 61935 
82463 66484 
14022 76778 
49044 88147 
98183 8412 
58308 97738 
19173 68287 
88229 59039 
87342 54423 
87786 72903 
99786 42414 
15512 71650 
16734 51723 
23889 2922 
57215 51368 
54415 54662 
96434 32522 
12955 25333 
3652 41995 
27880 49032 
93858 40239 
54570 43866 
79076 20257 
78964 63781 
95921 99664 
90188 98944 
54824 77180 
37637 87883 
3341 26925 
61483 75751 
21063 89184 
87192 77412 
66839 4647 
4449 81490 
80412 30667 
8789 62072 
3 72686 
70264 48475 
94995 61744 
7644 40265 
28594 9850 
88932 44706 
59178 79033 
49380 56828 
61034 6967 
16727 98553 
95264 42370 
60059 82580 
89873 56720 
33438 69209 
94410 15350 
68403 39833 
58972 10619 
80445 19529 
50029 82583 
93730 42981 
56189 78512 
55643 72921 
55943 31556 
8108 48340 
16321 71025 
6208 60907 
66560 11994 
26253 32350 
44069 10309 
85256 93007 
41322 10600 
1686 42299 
91805 59503 
63376 5590 
20719 4082 
32659 88707 
51881 46293 
11071 71322 
6099 78346 
6364 73498 
48273 80958 
93126 75850 
40578 26737 
34953 73117 
37305 94296 
40902 93384 
13276 65249 
61871 20725 
52232 45818 
93586 17791 
34183 27559 
42026 56607 
51440 77605 
24414 30856 
51887 27795 
24308 40945 
55030 14217 
92861 14352 
11456 3934 
89971 48092 
79557 34039 
88847 37546 
74722 79700 
25403 86484 
5678 62463 
59946 76806 
50241 7872 
32782 13333 
38489 62291 
37626 48919 
5190 82883 
7156 38243 
45305 21754 
3538 64788 
56479 35605 
33444 34892 
80659 65533 
61861 35130 
63321 48202 
81880 4912 
33268 39172 
8728 84828 
68544 51960 
5421 63118 
54757 42287 
14741 57568 
60912 95955 
67625 38215 
54885 10935 
61594 17409 
55700 99490 
54524 8139 
73049 74566 
98820 78921 
15814 26145 
48998 14157 
60827 37919 
11676 22536 
60707 42375 
71176 22876 
35332 63276 
16186 76750 
35356 48513 
13371 30297 
88136 53445 
22346 73818 
36572 95087 
23069 27064 
59529 60884 
31528 10582 
18910 22336 
12485 69029 
12890 73331 
59070 71071 
27431 85819 
98206 22299 
68918 51355 
98095 92521 
29602 55994 
99434 76883 
84508 18205 
65555 81437 
43579 4684 
48338 48095 
86015 27350 
96533 11370 
85157 16293 
91049 9843 
91698 58097 
77794 59010 
80637 86677 
82790 28955 
83084 14692 
36630 60271 
17889 97563 
5674 94674 
10039 29277 
25993 92987 
32862 79398 
62679 62463 
39295 94101 
71939 17863 
53828 521 
26318 56271 
81210 73379 
74399 34332 
50595 45553 
45518 98386 
54522 70186 
77296 32948 
60991 70893 
39219 61023 
73858 48775 
49010 50954 
91851 50206 
30220 58795 
69778 37713 
39228 62681 
16794 47806 
97778 26188 
76102 64223 
3176 61400 
18049 82807 
52481 49203 
44297 95128 
9255 14274 
44598 71950 
61901 45288 
69687 84778 
71100 97066 
83888 63982 
80563 10713 
39250 55357 
70075 40210 
69406 3494 
62719 79518 
35770 59967 
59216 42924 
71351 87087 
61464 63187 
58107 3861 
64646 36978 
42691 99781 
42702 65173 
42351 24235 
25469 6763 
17863 44533 
67475 89431 
93632 53962 
38160 97322 
86373 2778 
21172 87085 
63340 19651 
96478 66944 
88584 88867 
93137 10387 
31530 49438 
42899 66007 
5928 86298 
35192 68082 
79273 90882 
72598 48673 
42839 78632 
52578 1353 
60725 64373 
55991 49099 
22644 12984 
5856 24458 
9663 2430 
70859 78792 
44697 58979 
27248 99212 
40282 50286 
60051 26759 
75015 51062 
79969 37461 
26988 28144 
55812 69080 
67682 27055 
14040 50673 
72973 80513 
36716 19557 
39280 855 
97113 90798 
2329 62983 
8254 78073 
43630 32152 
23809 51537 
35472 41864 
23066 58299 
19091 81070 
32106 24151 
32638 7054 
81847 1400 
5687 60618 
80269 26969 
15211 23541 
80940 7368 
54338 24838 
62854 52711 
99661 71919 
97629 40633 
75444 55544 
69294 2793 
3852 53323 
29145 91585 
99102 35538 
13588 2731 
10481 59156 
26414 653 
44214 21206 
88601 17801 
97421 31015 
88544 76581 
18752 52366 
23499 13088 
69726 61196 
9083 65533 
98450 62278 
47827 27071 
53072 9167 
90050 52688 
56185 75688 
90755 52868 
33394 34418 
64766 2936 
39308 7813 
68995 46311 
52488 71051 
95497 72345 
17205 2146 
41917 4959 
94337 94521 
36916 47024 
46339 69980 
37373 87213 
21936 55912 
81414 91018 
25042 19534 
76742 65666 
49375 84143 
27268 9893 
35334 87578 
52722 33821 
58948 81481 
35678 61636 
94014 11443 
38372 10337 
98055 62768 
67696 71514 
60306 4309 
30932 9918 
15655 13748 
17063 32544 
72324 21664 
58923 75009 
23049 68877 
79957 98193 
9605 31817 
6056 87427 
88749 34015 
27685 98971 
4005 28365 
30457 4066 
2195 4384 
73324 39546 
46187 47495 
82727 85830 
66099 53197 
48326 58016 
60003 78026 
51349 13914 
2172 91322 
30113 53995 
42010 77058 
88968 12599 
79998 23403 
86660 17142 
88395 29148 
98042 22672 
3828 50802 
29100 12770 
56581 11876 
79397 94644 
17055 96774 
88358 6193 
33759 55717 
72193 95876 
9134 54242 
56825 32431 
9640 11080 
38816 50778 
34723 81591 
61098 42926 
75670 60443 
73213 58205 
79789 96848 
56792 85911 
97982 38429 
36192 55199 
34475 45648 
61451 2057 
36352 47761 
46189 21215 
57462 43377 
66556 42066 
6423 83945 
79034 41978 
41617 16886 
94668 37819 
7460 6598 
55211 77093 
15675 96153 
92701 83747 
62907 20309 
18156 577 
41737 31302 
77354 10044 
46006 52903 
32074 8425 
93327 35353 
73710 54383 
87750 44031 
52828 12374 
23801 78112 
13029 63752 
89426 81947 
50380 63984 
59854 81563 
80726 83081 
87026 51380 
86327 78201 
79891 92191 
30587 12262 
39785 80387 
75029 50522 
62042 30589 
6199 38246 
40101 99075 
81865 86909 
11574 43770 
35642 73816 
67129 48092 
37101 90596 
2466 10548 
90432 59710 
31291 99755 
68923 74932 
92921 75405 
24760 11715 
81971 79742 
84122 96390 
99575 11210 
36009 19379 
75679 2200 
49962 26887 
40164 36204 
12592 27982 
26919 56187 
55736 9567 
79426 35616 
60117 60401 
89060 6328 
57536 67168 
37992 63328 
21887 60525 
37447 95572 
34747 57129 
49044 23956 
34764 64837 
52035 62953 
11783 92573 
72489 60753 
86403 33828 
21806 14230 
23572 73298 
1433 99717 
64877 99863 
18235 8310 
28322 95937 
20710 25298 
16704 13154 
10072 47337 
96068 37405 
2226 88092 
54298 92475 
16700 83343 
26526 30787 
46903 69918 
78851 12259 
22342 79339 
74761 77805 
7969 56659 
9671 82718 
98383 87763 
88194 67003 
55368 94267 
35983 4630 
6062 34138 
83458 91795 
66058 28320 
32216 5426 
76811 18870 
16614 87507 
49956 52518 
2785 88230 
92502 75046 
25258 31563 
46304 16514 
47393 50478 
12869 45138 
46012 75956 
50210 68461 
62853 53767 
22367 64504 
35942 6135 
54145 32686 
22463 51571 
93741 64568 
51392 45461 
14146 47852 
98941 6469 
90557 33573 
62767 49356 
75501 16030 
21932 53511 
55981 97807 
8773 58312 
17676 38042 
86110 91386 
60053 11177 
18638 3869 
3260 35492 
50890 8011 
2729 66032 
55810 86728 
40671 84859 
97757 72197 
94960 63125 
61680 71125 
95418 14042 
36241 48018 
65066 3600 
2807 64613 
9662 36765 
74540 13541 
62678 90894 
50197 77396 
14848 25208 
95820 90542 
57509 55460 
44123 80337 
47185 46276 
6194 16857 
55220 40173 
23020 5813 
716 11881 
45405 18008 
77651 9339 
19965 60523 
77768 18642 
76232 59742 
79672 69179 
55249 44415 
21534 77379 
93616 88125 
99935 12684 
78576 94860 
40552 57802 
19546 88830 
67783 26736 
39381 215 
59858 98783 
74705 22264 
13576 24376 
88809 51924 
58559 59597 
42892 16174 
54715 90121 
41838 29280 
78621 12534 
69243 22360 
54616 51207 
53097 36014 
14599 2255 
58264 69160 
76910 12670 
84870 32827 
19114 22301 
62686 66322 
82124 19124 
70807 35015 
83814 84133 
79166 43922 
39118 31161 
3867 69338 
80599 79103 
91842 31960 
48539 29237 
1991 9257 
72869 58735 
29766 12279 
555 82951 
30046 32687 
31569 83715 
29222 99437 
14147 48595 
81524 71411 
15780 16985 
16949 32192 
30202 82882 
48540 46284 
2646 61320 
55288 82221 
55703 85723 
33630 7384 
76378 66779 
15256 11727 
81248 9959 
81867 23232 
11120 58441 
68583 36565 
19195 933 
36809 88239 
7427 59786 
14709 76539 
34672 53787 
48802 42506 
67132 12135 
83762 99497 
66743 1390 
89142 23128 
16366 15529 
81539 90874 
61968 70770 
48626 91139 
11488 41444 
67502 5326 
67647 70952 
23993 3237 
87704 92723 
81795 82082 
57003 88 
20780 22432 
35126 11126 
62316 30668 
83565 84773 
26105 86755 
12051 57884 
17843 18645 
87027 89430 
29895 80174 
30215 17642 
48242 17982 
97841 58669 
98076 74849 
71790 1199 
27761 91730 
12813 80493 
26226 38879 
22896 47410 
92438 27622 
38968 83255 
27238 28664 
33386 49666 
97625 50243 
27946 4251 
31467 10041 
37670 57325 
36658 68410 
48197 92841 
2918 77327 
96347 27494 
36678 39409 
67246 35986 
99959 64400 
43414 27548 
72621 56718 
41279 19099 
34092 66980 
48809 13777 
65398 92867 
34335 60088 
5293 20229 
31054 36556 
55271 54071 
14353 79496 
17433 822 
79778 47424 
66452 28276 
98347 94617 
2300 47632 
72862 8460 
3928 33262 
43976 50486 
5742 20160 
97999 29361 
48541 96440 
9772 25630 
14430 38859 
13406 82589 
41327 22986 
31288 75474 
26780 76490 
7477 72000 
73139 33949 
85446 1283 
96525 94642 
42133 55335 
20556 80983 
40323 57546 
2478 44581 
89629 45964 
94117 69331 
12680 35682 
22979 76534 
97599 44273 
89869 45707 
80456 86958 
18552 26582 
42086 74090 
60263 32726 
22531 72517 
51294 75278 
53336 24537 
45407 16501 
82995 53399 
94496 97144 
24123 22691 
30690 19073 
82210 58450 
11023 45183 
35355 87466 
21798 12292 
21911 93011 
3971 39549 
58745 40081 
53133 54809 
56633 76272 
68102 54514 
21301 71519 
70652 58802 
28708 20185 
95589 22870 
41403 92372 
55142 18091 
89115 87828 
14576 1910 
71238 15445 
76946 54273 
51437 94110 
64076 70132 
5351 46533 
98157 62526 
51200 36704 
33715 48799 
40082 83733 
63297 63709 
7847 70101 
21841 67498 
93651 50716 
44486 94422 
11633 60682 
90518 17844 
21666 14314 
32135 91633 
82679 85682 
20917 64465 
87808 61845 
87160 53553 
74477 63959 
97613 7401 
74460 38538 
95750 83359 
19097 31438 
75315 15080 
43057 70475 
92688 47438 
36363 99134 
6540 71985 
78912 23415 
44249 4778 
54268 56638 
33745 10170 
80281 72913 
6699 89139 
12888 8958 
74432 18762 
76449 86113 
1388 50668 
49070 59613 
52747 50585 
84577 40604 
72477 88570 
84147 77851 
56082 70050 
40105 30738 
18301 31507 
61954 12910 
20202 11458 
60454 36789 
12382 47327 
9411 43184 
71404 41839 
26798 57363 
55122 88811 
16934 73206 
79236 47488 
93682 30420 
22168 7029 
60944 16327 
98279 88324 
61240 93333 
492 88986 
15731 25986 
2516 89222 
69776 57345 
28183 1177 
26958 63462 
40800 62454 
1495 96833 
78964 45692 
44044 14994 
66936 80374 
99118 78762 
57471 60528 
33714 96166 
22899 42503 
36176 82719 
96287 20725 
21971 6442 
78691 6139 
98726 86929 
70756 21986 
36756 21750 
57370 74643 
63274 20618 
72595 53415 
48567 37989 
98748 62535 
80656 8151 
8316 91007 
31294 3373 
40284 81547 
644 55293 
13474 68542 
90546 2482 
18697 16762 
97055 53025 
98756 7517 
31723 79920 
20787 86999 
78114 99271 
68929 12759 
65116 16469 
37008 8565 
91844 63952 
80662 65354 
70280 95636 
96295 6524 
61249 47741 
30235 69543 
66963 23469 
85662 42626 
9049 9917 
87152 35215 
64848 89545 
83082 54028 
56746 65713 
14681 2649 
89373 82016 
57184 21960 
7767 78533 
43317 41129 
5899 94611 
12250 14460 
49474 97448 
88208 78092 
89491 88463 
82063 72338 
33779 15348 
26546 40435 
12572 96684 
1095 32488 
21156 48146 
75932 14631 
47725 84551 
6563 7714 
97797 60424 
39753 57285 
7898 3205 
49866 67185 
685 87909 
10560 12782 
71288 99753 
20922 86678 
10355 32176 
47484 19658 
63163 71668 
13909 62740 
96090 27960 
68697 12340 
91885 78368 
87945 9917 
23344 8479 
24924 49891 
61413 47866 
1203 85179 
58134 19138 
45045 28413 
7532 41396 
21988 8697 
28181 55039 
69782 58723 
30097 63883 
45291 75099 
25558 22647 
14490 15979 
18527 33169 
68331 74356 
60619 51035 
27081 92857 
92854 45866 
3600 66425 
1962 3081 
32079 12956 
7551 2750 
32938 78814 
62206 62015 
76831 86041 
90438 81556 
31142 21176 
14333 93707 
20892 11786 
13914 70100 
12618 36105 
48376 10074 
34590 63654 
20783 97585 
79622 30252 
3205 84020 
97799 9536 
51946 27009 
75564 54913 
33184 91279 
14923 50821 
48214 96542 
71926 30229 
94464 79559 
87115 86512 
23522 22788 
42291 32132 
60678 90379 
7746 34035 
31792 3798 
2000 86183 
2796 83990 
72135 63395 
74729 84738 
16963 37441 
92920 42764 
17563 26295 
22801 74106 
10124 90510 
16771 53454 
34572 86886 
46676 23372 
19109 38890 
4640 93700 
15591 85764 
81380 7957 
83571 27785 
15570 73184 
31873 93871 
70444 72411 
65731 19507 
34532 4824 
54783 37937 
62294 27710 
32664 55613 
67354 6383 
62439 4097 
56174 13541 
53802 34917 
43191 57908 
97731 51332 
19838 63480 
92217 51516 
59269 65368 
68723 91369 
26299 35941 
93155 61977 
27697 5890 
7466 16687 
81893 98799 
98370 75820 
9097 54986 
28226 83259 
42917 80569 
39760 88432 
42825 21161 
51149 79683 
43119 26036 
90814 570 
8543 38286 
82383 39332 
79298 19221 
79400 93575 
78911 91134 
66653 77174 
27280 61585 
90403 54451 
48167 74465 
53338 57888 
85540 18349 
11725 69937 
46352 11060 
42028 26937 
68725 70825 
2166 33729 
73955 79074 
98609 61217 
98362 37653 
84706 35978 
16742 24126 
57868 20938 
62996 52832 
93697 29210 
25526 56493 
53647 9373 
45038 13429 
29480 89809 
70657 58809 
42560 72112 
36583 34870 
98949 19207 
5987 54668 
12281 92464 
91467 76689 
45576 53914 
2078 13498 
90428 64655 
85821 26640 
97406 78533 
33426 92121 
95056 51450 
84395 56047 
86545 60902 
29451 38380 
92767 57843 
34921 84297 
18655 53500 
24041 7216 
55465 77469 
37766 15363 
95969 30261 
63391 64599 
31764 93355 
63153 34234 
22343 52937 
56920 79696 
74064 39670 
13217 76165 
43866 86142 
81026 30668 
87316 56113 
51153 6625 
3528 5230 
70446 74486 
90485 91562 
44721 74825 
13488 66144 
56982 56159 
6733 38648 
96388 28744 
73421 31365 
40362 57761 
23334 5880 
57356 4508 
88503 71126 
1007 12651 
87336 58967 
47750 28044 
65512 83999 
89458 35277 
27985 87971 
30231 91881 
90576 6030 
52238 41948 
21939 81947 
9297 94996 
17096 2537 
78912 62973 
42260 17688 
53541 58594 
17330 61720 
80108 71557 
57232 94239 
63128 55708 
76184 34231 
31266 79832 
70000 69804 
29764 17521 
30707 87833 
41889 77437 
15045 82690 
61406 4292 
83807 71293 
35041 13012 
52531 62940 
69006 53772 
45716 6655 
46885 44014 
26507 66276 
37519 45015 
81706 54022 
80998 5242 
78016 87012 
28479 40462 
69573 18002 
77256 71456 
29094 31560 
86376 94198 
95418 89947 
80033 14485 
78700 59189 
46121 39258 
41225 45126 
15491 80219 
76572 21656 
63854 91894 
42755 38987 
12721 35862 
66043 58370 
18362 35677 
21279 71627 
28511 62856 
11822 28713 
55378 73327 
17660 14628 
60490 95846 
53749 88173 
72020 59167 
82303 19390 
58427 33093 
52565 39915 
63642 50091 
99474 51108 
68447 68719 
18678 18445 
80351 37933 
49534 17530 
69926 22170 
39973 86996 
65475 51127 
37572 86632 
89835 65298 
49657 55283 
73228 38551 
41968 12361 
4301 72444 
169 49268 
87846 73452 
61408 12583 
62138 43921 
34172 89571 
91467 40326 
63843 68369 
90129 78269 
68622 60170 
53003 92664 
65939 38769 
64818 93706 
32962 74036 
35292 94434 
96508 10212 
60576 24125 
27428 67330 
42766 83209 
22446 24670 
8706 40068 
92495 78818 
56940 17816 
40695 55730 
27358 70028 
5484 96137 
31945 98409 
64741 26710 
7017 22508 
45335 75552 
47408 71846 
59166 89969 
61328 34195 
91558 66842 
40914 60266 
766 11538 
78021 94663 
48405 99970 
67341 75760 
69760 30227 
29715 22981 
10236 15158 
57313 9020 
99587 85333 
29344 96625 
9137 43020 
72055 4856 
38832 32109 
39997 58079 
10773 66391 
76897 62483 
3772 89115 
73914 49523 
49513 20493 
80709 23452 
25075 86602 
40419 50985 
18829 13076 
13525 35131 
17161 10076 
27549 22370 
57995 71176 
39615 2614 
23739 58161 
27146 74730 
1093 46134 
28290 66963 
18035 58931 
38179 21184 
79349 33511 
29682 72653 
61238 13819 
8061 82877 
92807 89542 
27786 12133 
47661 63277 
96721 50359 
92360 50775 
68011 60379 
90149 93300 
73207 25785 
38165 88521 
81521 37335 
24240 26972 
79579 96319 
25431 54776 
53623 61129 
34600 70162 
21858 14136 
93623 1235 
8467 79964 
32241 5528 
72797 83421 
60081 78060 
7330 95557 
36048 53945 
96243 79730 
44078 44015 
82748 16039 
37123 47522 
27848 52140 
72327 44641 
55750 1187 
49454 83336 
71904 83544 
81955 40085 
8480 87891 
75452 52020 
99062 9506 
61963 89239 
9455 8738 
39837 60358 
54697 21057 
99177 21818 
13735 41614 
70411 92016 
12697 1815 
19724 55036 
85267 53207 
29230 75561 
34429 74842 
42024 36496 
13662 24293 
22687 53891 
17652 59601 
82342 19954 
22691 69726 
44020 74242 
45146 64424 
78886 5592 
92735 90981 
26768 42883 
67816 64875 
25495 1437 
44489 24178 
12683 13671 
82048 43397 
30907 87568 
56152 71454 
62616 4575 
86063 90633 
44645 89758 
11396 28581 
63901 61337 
25057 93818 
15518 94182 
366 46727 
12735 12396 
59880 62623 
73765 59838 
20975 91237 
75085 84212 
19018 67855 
52857 10320 
52767 85338 
54632 71145 
18648 93385 
91960 11582 
612 51649 
21270 79020 
60541 26712 
85092 67338 
30492 89394 
78667 86519 
42551 38547 
67977 88729 
44655 50200 
74418 93539 
41490 26807 
58617 19915 
68387 383 
81292 50667 
53130 25401 
92602 26215 
45689 82599 
3098 88899 
99104 3227 
19155 76438 
66100 14759 
83681 93754 
35482 3728 
48956 76061 
69956 89096 
22565 92914 
22765 443 
69738 32879 
4327 59280 
25756 51543 
42094 68902 
70675 61768 
26916 28457 
45227 94414 
67404 291 
41590 60211 
80181 76124 
85594 98991 
28321 7251 
37981 11227 
82938 86708 
81501 28605 
23547 97219 
27893 95324 
11720 67761 
74233 99862 
69503 13691 
61647 18153 
69151 70644 
41062 3434 
94003 70801 
30442 85462 
61605 51599 
55863 22355 
9719 31616 
4847 82026 
33416 36103 
84483 16980 
27195 5514 
69197 36174 
29898 74386 
43415 70745 
92193 65065 
92907 76554 
86451 1007 
75262 15853 
57123 7782 
4724 12788 
66007 36387 
19530 83049 
21326 13145 
60932 96645 
92092 93168 
82244 44610 
99979 70287 
23521 45385 
49765 75322 
32927 44693 
6381 76726 
89339 33900 
51696 82859 
82431 36189 
57395 33544 
36242 87307 
91657 60068 
20159 68209 
36801 87397 
77265 30622 
32684 50148 
14182 93359 
76335 94742 
38808 77166 
2180 44134 
2761 88936 
39170 8691 
3883 62335 
91223 37008 
30809 11182 
15621 13850 
86408 54379 
80347 28889 
9784 26747 
65815 59574 
27591 98826 
39054 34178 
4554 90492 
69115 66988 
30392 78207 
71335 86569 
75725 63781 
65049 10200 
73105 93695 
4453 52800 
30966 92391 
95521 97068 
68055 326 
43265 93042 
63843 88199 
83053 99933 
56437 52427 
37338 30819 
83665 83762 
4845 11694 
55311 40897 
33133 20340 
64874 53955 
47399 27629 
97762 28977 
8517 24146 
69492 23792 
51487 78335 
32256 18160 
11874 38955 
21124 6575 
82218 64196 
72181 868 
53073 32593 
34060 41516 
83977 66756 
11625 81546 
18569 79909 
25963 24961 
4999 37400 
48369 72812 
7891 10564 
67685 54374 
1344 88719 
80138 98299 
13794 6575 
48705 29204 
55038 38960 
65116 58839 
93328 12520 
61717 77787 
66142 84951 
62735 43615 
2107 46278 
34880 4418 
3524 3887 
95762 92942 
89020 23208 
65250 75740 
24096 9373 
99702 44296 
73678 31652 
31896 90583 
95266 12107 
50516 18247 
53833 22652 
92236 2395 
80406 60601 
86693 25927 
15059 1769 
90091 88412 
72057 62332 
66671 4686 
39950 35910 
28981 84702 
82681 10703 
27635 13557 
39094 13028 
89179 31224 
27687 68215 
36705 45194 
51105 17605 
92033 96043 
60522 81233 
50527 35902 
83966 9812 
40080 72843 
44586 26752 
24280 80418 
94952 21209 
86461 70878 
71732 16522 
36130 83065 
31398 4915 
12151 41503 
62119 8966 
18122 1943 
79580 3101 
14528 10416 
5186 4238 
9548 67770 
93974 19727 
35793 9774 
26511 22847 
73798 84036 
4159 11389 
84748 29294 
90322 93213 
44699 40105 
21621 34189 
30465 30505 
72420 98560 
93384 93897 
93740 9497 
71341 93278 
63289 58531 
31675 5798 
77215 96514 
8075 88776 
86148 45917 
93022 30438 
28186 84515 
74069 97975 
39722 63888 
56995 97984 
31340 42669 
1771 19875 
490 34120 
8361 41567 
15244 90322 
28478 38567 
44171 71211 
46746 52512 
26183 75633 
70116 43280 
71230 43764 
87905 69993 
57765 75465 
16510 20550 
46156 47548 
22620 36752 
58564 54405 
26658 62664 
85274 41107 
24233 77545 
65055 45813 
27527 61499 
52876 19222 
20835 81922 
32118 42793 
44889 81917 
50418 24608 
73123 98011 
58373 11969 
19707 33844 
8552 23246 
23949 68931 
28607 67960 
88594 87176 
16769 93728 
10561 68482 
20569 71451 
31847 98660 
50407 6014 
55570 17740 
48381 38736 
17593 44876 
79795 89995 
77641 89222 
39858 75641 
95540 80477 
71298 19244 
87944 30232 
69971 73700 
18869 65816 
15025 60344 
63356 62051 
97744 31493 
97760 33104 
38975 63201 
12450 36605 
78833 89021 
13094 85242 
94378 92708 
75279 57242 
51071 88016 
43823 46464 
21995 27173 
22969 95277 
15222 96074 
86537 8939 
34150 73886 
48138 58930 
58230 57510 
70744 44455 
72260 77222 
62159 96306 
91216 58810 
98368 75349 
24619 19674 
40277 39049 
99494 21584 
60992 23811 
14212 41195 
80607 18327 
26871 60903 
13354 83696 
91314 27259 
68010 9769 
41498 71921 
6620 83999 
90657 41003 
58883 89005 
55529 32654 
9939 38128 
37907 99879 
27865 4458 
95867 35827 
73803 98111 
15238 22164 
42477 99002 
48252 87665 
13723 57882 
20754 93755 
56719 37161 
21967 36528 
17749 74787 
81538 30614 
39629 19459 
7411 19277 
6324 3452 
5076 37276 
79825 90587 
23820 38251 
98018 61145 
78837 86782 
32051 73000 
79402 6775 
59635 68785 
52775 72463 
96726 82619 
91135 26053 
44218 36730 
64500 6931 
48537 8242 
36515 81360 
45471 89484 
91904 68692 
55063 61336 
34501 70426 
22099 48477 
43004 21764 
51468 27827 
77936 1879 
70606 17032 
17757 58681 
62271 78548 
64705 26668 
50036 36694 
1620 42296 
86201 19969 
99891 90330 
87203 9027 
75622 46746 
85169 91856 
66202 19014 
15900 2052 
52714 22994 
43354 43513 
84932 77130 
28626 85437 
75156 39322 
87438 45216 
14717 59537 
44324 63602 
32711 72176 
83982 16516 
60363 6143 
20658 869 
86414 47749 
54988 78025 
88994 51813 
64355 57796 
7680 59688 
77636 58337 
75806 49481 
18094 82850 
67511 13326 
59223 12724 
26677 29348 
27503 28532 
35575 71827 
3325 35247 
49908 82066 
16734 86131 
73924 4624 
8185 70915 
74348 78783 
26172 58211 
35106 63553 
63357 59552 
36190 65963 
90762 13001 
99445 37072 
35602 67987 
81683 97847 
62490 89810 
11256 57948 
60077 92233 
58035 94468 
5523 49618 
98757 64807 
77812 36271 
89771 38090 
17525 89973 
87439 42948 
85495 99103 
62815 45976 
55677 68354 
41671 94787 
88593 26698 
63556 82374 
70890 3112 
94295 15345 
73803 10477 
45164 97601 
78759 46161 
48984 73167 
41871 38980 
18431 7133 
20744 46531 
65127 22044 
66781 34356 
89386 48572 
94119 48948 
59995 93953 
72327 30305 
90968 79398 
54181 96560 
87981 48593 
42100 73134 
81006 3387 
17257 31971 
81647 79907 
3887 52545 
3787 38586 
18006 15704 
64367 4981 
54509 93813 
37463 64739 
99547 6248 
69321 85724 
16111 67984 
74572 13055 
39911 70818 
24612 58692 
39917 1737 
7940 86202 
43354 20980 
89262 73478 
98468 93556 
19219 21428 
50029 92279 
49865 65034 
32360 67841 
92338 34688 
42539 11994 
12652 10329 
42498 23607 
99131 8678 
52890 24193 
50738 44729 
43869 59416 
29392 12663 
98353 66195 
91321 38493 
21874 81164 
62652 66982 
99760 15605 
52586 58769 
57214 24390 
3918 90136 
60731 52044 
65097 67487 
10348 47723 
30643 91337 
11376 2731 
37428 30538 
81553 79124 
23215 96410 
44961 66041 
50801 38629 
87585 21555 
76193 19947 
1068 32199 
92510 65202 
20964 49721 
12597 21595 
73760 45228 
62875 11814 
82899 54523 
48478 9370 
48271 75314 
15510 16360 
5867 16858 
80069 77894 
94730 95710 
15662 24544 
6865 17419 
90754 94435 
72435 83334 
26383 49965 
37341 14123 
143 70651 
23207 87189 
57315 73235 
20833 43815 
2498 82921 
57313 33759 
35838 55505 
94325 29881 
66796 29162 
60503 63510 
85355 66784 
94329 2426 
95681 35006 
75651 17643 
20474 54459 
53721 62640 
65570 47256 
37536 19235 
93864 2396 
341 47998 
95191 77476 
64263 17915 
54537 56009 
73372 79946 
14805 83640 
33852 92213 
2324 13693 
98509 698 
33386 2704 
99499 28716 
48329 10021 
87947 30789 
26022 72009 
22037 22185 
16091 41069 
56189 4034 
88799 2394 
23100 65759 
43258 7295 
67702 61520 
33443 90921 
87519 25397 
68512 74326 
57422 11280 
18974 86089 
68450 17695 
13522 77077 
90143 85289 
42649 43442 
73765 35220 
94686 17567 
49785 50420 
37448 34447 
37211 88499 
24437 31837 
74574 55001 
48382 96548 
2859 58802 
86861 26357 
79136 17613 
84872 37276 
76355 80873 
97410 9310 
29534 89778 
71486 30304 
21485 99724 
81471 67150 
62248 49161 
44273 66349 
5583 70663 
31544 61813 
63130 4947 
64990 46799 
22282 96673 
27819 48986 
47335 22009 
50457 32967 
45135 22292 
31890 42814 
6256 95538 
39332 88851 
90611 28137 
88397 77441 
12468 32744 
43552 80300 
93993 95206 
94339 40773 
98707 23296 
56718 18475 
26691 33106 
20844 80856 
51885 5122 
16688 60488 
8473 91341 
97149 10254 
88178 57218 
44632 5123 
93147 97801 
91553 58828 
181 76107 
7830 46513 
31204 93601 
49124 50293 
92159 17589 
78474 73681 
37928 58401 
70907 2959 
44404 10420 
85732 28825 
20505 45353 
44419 80034 
72717 73556 
83351 62237 
42632 69808 
60168 39882 
74028 93615 
80052 46752 
30149 20939 
73999 61637 
74170 44192 
5000 39614 
46211 90405 
99996 46545 
18824 53659 
5593 4656 
89513 37202 
43730 20445 
73652 53101 
99855 32668 
94075 32847 
10614 87763 
24624 61033 
30690 22869 
34128 56028 
49116 12420 
94570 86519 
94256 13349 
62579 30860 
13617 26037 
16962 57353 
39742 73388 
36612 27903 
56669 88838 
32945 4939 
62793 95535 
8904 72054 
85412 53632 
2626 62496 
39872 50337 
87998 26487 
41931 8263 
46653 58254 
75798 91621 
96331 46755 
92306 96934 
59081 10252 
61746 25195 
79448 24205 
34126 45774 
57552 54410 
65971 78885 
44901 62854 
57234 43058 
61798 62484 
4512 36787 
34364 58849 
17460 49459 
16495 31576 
64152 25612 
57469 76668 
8124 38729 
99462 51809 
74897 66046 
40884 41196 
39054 94188 
81243 83834 
54232 26983 
71146 89816 
57907 11431 
27077 2792 
70435 45538 
34770 53652 
73530 82629 
57264 90379 
97200 736 
84137 62117 
66164 62814 
6964 81656 
56840 53749 
82692 89894 
94221 43551 
51420 98237 
74338 92589 
7961 90495 
32419 84373 
87640 24506 
89513 44141 
15893 85543 
1037 77380 
88546 8497 
99552 41425 
95067 3907 
71060 45390 
70598 94074 
29201 58977 
64250 89845 
54962 99027 
40926 16065 
50846 54250 
91844 24282 
17920 3145 
14970 14973 
1786 77906 
40729 28371 
69197 27974 
20651 52924 
70932 40911 
67015 43478 
18481 85382 
30087 37470 
52219 51312 
26225 6727 
6937 75636 
84871 84916 
86987 58583 
65421 66252 
47729 95059 
5924 79776 
42596 68441 
4791 5288 
35799 79979 
3939 12038 
99549 16017 
37206 69251 
11645 87344 
31437 98845 
44373 10274 
99269 14941 
88880 37411 
42442 22255 
90547 87560 
92378 26011 
80336 68889 
50796 39702 
74717 37187 
57296 63845 
82463 81933 
3129 48825 
482 86935 
30774 47979 
2814 69370 
7499 13270 
27009 61358 
37713 85211 
40358 61561 
83720 81142 
24743 50792 
97406 91543 
53404 35280 
26387 52723 
45478 53953 
47357 76089 
74890 62005 
96618 79099 
79059 82017 
13203 81089 
59805 96006 
83539 98355 
93975 37069 
78251 97181 
74521 27628 
1499 40954 
84104 2816 
31143 98059 
62779 52157 
14069 60959 
68896 10450 
95176 63661 
48117 29654 
802 74727 
19231 67557 
67772 86036 
57491 36161 
7803 13726 
6241 62959 
23639 77015 
75856 31653 
48101 23102 
95351 85381 
60117 21843 
66485 95136 
42853 62657 
32807 18828 
88233 47896 
16772 2288 
19382 91850 
96954 2577 
97990 2648 
94303 46014 
7083 45494 
11535 68659 
51382 59993 
22945 25328 
97192 31763 
43271 94728 
81681 99101 
13738 52938 
57456 9163 
30989 35208 
2481 24918 
10328 56927 
17692 24108 
18570 18613 
55042 24472 
33737 76925 
67284 15732 
88972 23917 
47427 78108 
36215 80164 
30598 19594 
21601 73882 
63962 69810 
98941 47792 
11362 26892 
20295 8223 
48534 65738 
33353 6859 
22008 80857 
84180 24498 
90231 55123 
70859 8347 
38992 16942 
18676 99630 
64852 72662 
50692 76644 
50124 78459 
8906 29934 
10798 46562 
40693 80850 
84898 64303 
2782 52546 
42860 41353 
50771 3306 
43864 90401 
76030 36149 
32416 89632 
23802 5735 
68036 71533 
76416 53883 
7563 31870 
13756 18390 
14366 55153 
69455 76323 
51681 8414 
85794 2598 
28291 63870 
32839 47429 
3971 72841 
98108 62078 
29375 28205 
71884 31353 
90456 20796 
50278 3454 
51060 16287 
53234 42981 
38977 53452 
7896 71319 
533 92121 
79102 127 
56696 19735 
38241 8260 
29739 59058 
49314 60241 
73617 6462 
16752 15238 
33547 70124 
83406 29549 
80650 70519 
89077 12696 
16084 11842 
68 57487 
15724 32230 
98463 27803 
91258 93182 
76167 54344 
76466 74055 
13244 58218 
8478 96289 
32646 94997 
62975 13755 
14205 87759 
19594 70622 
19540 96616 
79179 46167 
26574 54379 
28074 77153 
97389 83252 
46326 72733 
6421 95830 
86418 14252 
37310 75180 
7092 62912 
16218 23411 
32846 81923 
86994 65896 
23841 16632 
49334 99185 
83260 66000 
74884 74657 
99548 21910 
88229 17070 
19509 48973 
49824 87459 
74901 26783 
6106 13168 
39949 79068 
78415 24332 
80093 69696 
46795 55754 
63351 54224 
47361 95857 
44822 37481 
42631 90294 
2129 2610 
43074 36784 
95026 45074 
55096 39884 
45942 66323 
5789 29648 
89845 56106 
47977 86516 
21664 19908 
80463 56273 
77348 88503 
27824 83544 
20737 80336 
11730 40054 
72529 74259 
11461 74751 
9942 90085 
55161 66903 
86089 67486 
5322 20401 
66574 79963 
2113 97757 
57527 19917 
6370 55674 
4064 43315 
40418 10539 
71040 67980 
59377 31871 
79052 78256 
98187 34450 
57762 594 
30318 15777 
95919 79560 
42988 64501 
12860 1822 
80652 47573 
49814 86867 
33672 69160 
80981 87528 
52251 82697 
74163 20820 
47100 29013 
88592 80169 
97752 68029 
83709 63802 
27053 69333 
26711 90877 
16082 27804 
29070 66893 
27573 74429 
12552 2955 
77937 59638 
3849 89695 
48015 96692 
83597 75938 
50974 66058 
70297 4663 
82069 98211 
2616 14361 
59476 71922 
94559 22593 
28014 87850 
77139 70368 
38266 3134 
7513 20889 
32485 41687 
21906 74304 
65634 27024 
32210 81265 
64995 19696 
17811 12436 
85030 79806 
43944 68519 
45496 16564 
45847 95938 
50310 31482 
53954 7016 
72245 9544 
99577 90283 
54278 63603 
32790 36520 
22223 91212 
4637 99178 
25308 60264 
14338 54026 
21393 49 
98797 22196 
1803 37728 
46541 73217 
7053 86709 
51088 30226 
19253 63071 
79815 58200 
29544 78887 
23517 27901 
69667 37240 
9184 13153 
65595 32660 
3873 97128 
18142 42904 
11147 34532 
40555 83203 
63160 40874 
86324 82508 
41297 57465 
81781 32769 
16152 71337 
37545 56897 
83695 52990 
50458 38819 
88600 11658 
23385 59925 
68036 57769 
24099 90192 
19597 5293 
76436 89415 
95598 42912 
27013 84216 
52627 52208 
59026 99888 
40012 53570 
30977 42640 
93801 16022 
2673 47421 
13850 75919 
73413 29277 
40808 71243 
98034 2051 
17060 13183 
65300 57260 
11085 84746 
20113 28102 
8258 77344 
86118 98792 
22734 50615 
98495 57829 
64894 28166 
88069 35276 
6689 22513 
67371 8768 
23302 16179 
56842 10736 
53659 12698 
55122 20185 
14660 11274 
1206 76393 
24355 51842 
98221 9013 
37871 23530 
68670 39309 
76526 28787 
89226 70668 
35373 47929 
9494 52975 
87305 54378 
93629 75138 
62907 89596 
36318 12741 
74394 18516 
95321 33726 
69248 51201 
51656 43979 
44601 34570 
55440 36850 
26922 89163 
40541 95863 
23240 90290 
94378 88280 
79920 70307 
50580 78663 
42909 49360 
31693 86214 
99422 85603 
6674 7444 
95170 72735 
43713 26566 
63557 2629 
32687 40053 
73638 53893 
23584 28881 
2205 63405 
77313 22294 
62001 87161 
53524 10241 
72860 59239 
66425 78179 
45481 13233 
24068 57575 
58568 39209 
29143 8136 
49252 11041 
60053 73752 
3960 33950 
69922 83080 
32342 30104 
38103 97848 
30388 1359 
83899 47230 
90512 82507 
5408 24981 
96193 25876 
37770 67563 
46655 38643 
34529 76103 
93102 27975 
63476 92786 
32205 95862 
74014 93142 
94785 65508 
36947 9742 
88092 14167 
79592 59878 
98580 33537 
39174 10115 
38746 38102 
35701 73953 
26406 94308 
21886 5335 
17666 48960 
2114 20398 
75879 93986 
25081 52574 
48083 16466 
45447 22070 
37634 47818 
18685 79724 
7214 44069 
40290 67392 
19897 339 
65607 22249 
27636 26984 
49748 40786 
46293 92283 
28449 9788 
14287 67123 
20139 6181 
17917 90823 
67145 65426 
80621 14060 
49634 19001 
55696 64793 
99782 5496 
32416 26164 
15586 67018 
64031 11522 
23885 52818 
52769 71053 
70328 65449 
81767 66934 
20416 1267 
66776 9490 
40194 56710 
11470 55537 
87763 94552 
89429 31886 
87540 90197 
43064 61963 
77981 7099 
85236 41524 
20524 82496 
12813 30672 
32548 39936 
93074 3667 
60406 83410 
63682 25494 
39911 69457 
94810 4684 
1149 98190 
98090 5620 
62074 11976 
31182 90321 
21067 41373 
39055 99699 
2502 91933 
93480 77284 
31302 22596 
40779 84679 
12611 26674 
44519 57245 
70887 89795 
14646 1027 
59097 65668 
47433 37440 
83162 80180 
61690 60976 
99380 47076 
5809 86973 
33311 54358 
27523 31436 
37423 59539 
43665 82993 
51785 14018 
20740 98209 
57199 22099 
78794 75859 
13369 28551 
60835 43146 
56059 20118 
67994 17454 
86675 21003 
46619 90900 
25282 60115 
27687 21777 
13812 88755 
61173 6897 
50055 31386 
58456 51957 
4998 59313 
54347 53175 
26170 87307 
27010 52833 
57897 6603 
68817 33737 
15682 84222 
84090 73231 
36427 78160 
721 86045 
88807 40782 
21832 47095 
68809 8602 
10885 311 
24326 5653 
99115 27591 
49639 19785 
27655 73213 
65751 46460 
88387 93342 
55721 33018 
7361 27680 
55527 97873 
22505 70933 
10449 43737 
43406 55395 
94535 31720 
45092 42817 
56497 34032 
40023 63642 
99154 37020 
92938 34764 
21578 23404 
91694 33151 
53160 22819 
63946 2010 
87041 83159 
34256 18576 
76717 81730 
49154 58224 
94074 64817 
58712 48240 
59731 77067 
32333 16449 
47276 17933 
3756 4805 
31831 41448 
85693 36147 
362 97718 
68029 93484 
66239 99780 
15199 95505 
33772 87854 
8128 29464 
39808 54504 
34024 33120 
58941 88889 
13376 1149 
96473 95987 
67637 28220 
9009 47607 
73371 90894 
86399 25965 
19068 13564 
719 27758 
79333 59845 
78082 6911 
47844 40141 
77287 47546 
25256 28546 
65672 75239 
41113 37835 
66994 34258 
99897 9939 
18777 81210 
80489 41176 
17273 71433 
85593 76403 
47030 43454 
33111 74333 
89063 38956 
4949 67480 
76665 30985 
20452 14469 
21182 71461 
81390 69913 
61375 10600 
43376 77631 
99489 85454 
4605 26650 
74733 22559 
66970 96278 
90614 50524 
16899 56447 
56406 72435 
93666 82619 
24995 5047 
61460 90718 
9470 52014 
78162 96882 
39018 41766 
58562 59262 
71059 27159 
62661 64663 
11001 13648 
725 81519 
3627 55496 
35950 12497 
50803 35389 
82835 44987 
79093 21851 
44822 15781 
27810 80984 
8251 77445 
53121 4289 
11370 78208 
47086 2728 
36911 44622 
51813 8677 
34654 86831 
8422 22054 
66446 29951 
18076 34649 
80275 11917 
8085 67592 
62331 78052 
89928 60855 
86349 45719 
68000 60848 
78079 8578 
8009 62409 
39422 99309 
2152 74873 
31490 32077 
74561 98394 
98821 1620 
54968 16344 
27983 24491 
11152 32348 
72962 69828 
71439 6414 
47021 41959 
87390 73593 
76140 45218 
83756 60755 
32638 82535 
17919 52321 
19305 13678 
24218 94151 
54089 26485 
49935 66309 
13345 54956 
99182 58 
27650 11799 
88512 62164 
88390 89827 
83827 80512 
15557 26541 
31984 38989 
57656 19305 
22476 26771 
43124 24708 
14664 87354 
79337 75039 
44270 76090 
51 97207 
79157 1467 
95072 25048 
28941 95013 
16921 54619 
25530 27442 
48491 3913 
82449 64576 
32922 3365 
9617 35531 
12363 61584 
7263 67816 
95806 21938 
87711 29250 
77860 49941 
77037 4961 
60085 68823 
29916 29247 
84450 91238 
50454 86713 
74497 78755 
49423 94834 
93940 97585 
83999 80998 
74756 28956 
19980 71058 
37177 35596 
28436 13581 
22588 81987 
78808 74208 
86932 55359 
18742 47937 
57083 36859 
37246 53642 
35473 27850 
92271 94761 
49376 45044 
46380 92839 
80350 59942 
94917 26521 
76661 73020 
89923 37541 
46904 81159 
60027 97433 
56574 18007 
1617 63908 
1017 21290 
69854 94250 
7940 8507 
29409 24549 
30618 23032 
34286 68266 
28915 46324 
93691 35333 
99458 58778 
46642 23908 
8526 71668 
11838 90872 
1678 45716 
1291 64326 
12642 58017 
86339 21558 
70675 78350 
82847 19357 
10368 68351 
78771 30051 
20789 22610 
61738 6256 
31899 29412 
16877 70109 
25322 40682 
55871 98597 
73840 5636 
7033 55647 
59410 40687 
43204 3715 
93003 79376 
49348 12918 
61258 70372 
34951 74094 
54711 69085 
77680 13702 
90261 98935 
44218 3088 
26608 42075 
71819 52407 
85508 56133 
9805 80365 
34006 3508 
14116 54952 
53221 22814 
59972 7460 
17769 68250 
87813 32343 
36597 92007 
25906 98840 
60762 47240 
39346 16816 
46615 44726 
39672 18856 
73881 5001 
51885 43454 
57286 9599 
76409 29983 
57664 69941 
2371 65147 
93890 505 
25532 52742 
80522 4092 
99333 13815 
67695 51317 
714 62678 
39584 63905 
23723 45748 
35686 91920 
23405 74802 
95183 8772 
20060 33996 
88816 34636 
39665 90882 
95001 38887 
10139 95654 
97293 65191 
55058 9969 
28880 69109 
26563 66978 
66418 57374 
97397 27549 
80319 70448 
88381 64181 
81501 55524 
42085 73728 
65672 35839 
66076 92834 
45343 93983 
59822 65810 
77069 51813 
8192 93738 
36842 47663 
71462 75687 
70059 82737 
26843 38174 
44189 32859 
19750 37422 
62009 99242 
64392 10410 
51219 2455 
92744 45405 
32269 7493 
88540 40360 
80389 4662 
58657 18490 
40105 60925 
88118 74296 
20930 99428 
96900 30493 
1444 61114 
66828 96480 
95675 51658 
35091 32443 
90413 79384 
57204 39628 
45077 45393 
26788 16980 
56715 55836 
2061 47092 
31940 88074 
29720 285 
74843 57395 
75698 74640 
95371 99051 
69275 21941 
66156 1552 
42116 44737 
7481 1463 
97018 88105 
59821 77422 
72523 91213 
11327 61627 
78995 8393 
83648 20758 
69382 57208 
43642 45097 
73596 1857 
832 24574 
69281 34283 
70843 83507 
83744 72456 
33614 92010 
21877 55593 
91841 71363 
93166 79403 
39869 63072 
67190 81010 
86179 36904 
21522 52781 
33661 71905 
58509 37081 
10992 56185 
58154 29824 
65753 16227 
3169 99722 
75324 4526 
59215 12241 
5104 45566 
18481 32532 
45312 64450 
17952 69993 
87362 99946 
25061 18616 
58745 34273 
42909 41891 
21377 55654 
24835 48816 
52526 6464 
3804 8421 
69735 59743 
35992 54228 
31541 9939 
29859 37189 
44346 59890 
82131 95913 
32458 35410 
70340 26357 
83082 61272 
57884 49669 
60975 87937 
52082 96488 
98504 67088 
18276 48783 
6014 35830 
93748 6165 
14671 84368 
64088 72626 
59405 50032 
61607 91791 
33060 1716 
20486 94002 
94551 53122 
76586 56959 
93612 70617 
31181 23130 
82602 22098 
7355 61770 
21913 46962 
15394 11156 
49648 14048 
9235 87509 
78534 74423 
59882 1084 
3457 8886 
93661 77052 
51530 16317 
43294 39011 
83255 88261 
37995 76407 
58146 67609 
15125 83568 
11084 94806 
70439 27772 
46698 3682 
76529 76443 
48239 40848 
89816 89504 
14695 47524 
35263 61895 
85307 60730 
4989 83391 
84177 61976 
32019 68131 
19320 25887 
3676 94611 
310 98663 
60418 88446 
96543 66806 
85440 74779 
44242 60275 
27928 25023 
24400 71022 
18597 23463 
76238 57812 
29967 83264 
81075 51288 
5837 48563 
50115 69456 
34472 29564 
76276 3050 
68296 30949 
64975 32698 
99173 50409 
41709 95385 
82867 43739 
45286 26362 
68871 75684 
54747 64525 
32492 1614 
65279 24168 
24953 54092 
23833 4122 
54228 40558 
58727 26479 
84436 93565 
89118 71382 
94832 53418 
80079 1865 
70789 4563 
16858 53220 
8636 31667 
7995 95131 
3804 9155 
91082 61570 
57479 88767 
7277 83441 
80781 3765 
31050 51987 
97470 65521 
90227 87192 
46301 88471 
88005 84701 
62325 42804 
43435 67266 
72834 764 
99757 72229 
78070 12061 
11023 65308 
99464 16642 
6590 82724 
68853 78970 
50356 68668 
994 6933 
57025 93174 
38656 655 
1226 6644 
84686 61740 
56945 11602 
38637 81833 
34554 9678 
36919 20905 
40603 12412 
54907 80307 
71583 88134 
67012 73363 
67028 54012 
76479 97172 
89617 12298 
20494 13298 
70338 72856 
28168 52133 
55302 258 
59073 65985 
17491 73059 
78199 69338 
51459 45278 
29582 21197 
51966 55705 
55302 24095 
88506 39330 
69158 37082 
26915 57006 
35047 25878 
16461 74413 
18923 2403 
56285 89440 
80184 38011 
78562 28301 
43433 70009 
37429 5020 
44772 59417 
72503 66359 
78164 99455 
23728 24823 
76832 18824 
10316 16078 
52292 71650 
50727 3931 
79324 56817 
92895 95954 
59041 63410 
44320 25915 
14182 96135 
40209 5361 
70857 94837 
64472 46009 
59196 25592 
43183 7063 
21689 87387 
63027 27112 
52499 48013 
28290 58990 
3613 95530 
59088 37757 
84411 67595 
50859 76938 
50104 99889 
60500 6194 
21437 17053 
58113 34815 
3184 74759 
84950 49718 
72146 49968 
87956 34091 
86740 67875 
59199 23392 
29732 48715 
94529 99077 
33256 55342 
99957 57298 
50996 23359 
16536 79686 
36245 59606 
4923 76466 
56535 1922 
29371 68306 
25630 43358 
7502 22608 
61884 37400 
47061 62439 
88344 17260 
73716 21808 
74395 81923 
65022 29730 
81424 24392 
44825 67312 
15606 3457 
59669 57044 
9852 89302 
54172 11545 
53871 45423 
85879 90211 
66414 44547 
71766 86506 
57016 54643 
38327 96108 
55844 72630 
55128 96677 
99790 27981 
67710 3684 
50514 26211 
9901 53595 
85861 53096 
67881 5604 
49946 14482 
88751 46213 
69150 43668 
74895 27120 
41394 68606 
82073 66202 
84243 94521 
43997 93837 
83783 24105 
79009 32335 
20657 6997 
95560 54997 
62248 83086 
2309 83081 
732 60004 
45988 43929 
85559 44199 
45536 31571 
45901 27111 
64605 82300 
23689 13215 
66136 2050 
41115 65082 
22539 59819 
7781 32118 
12892 91985 
32182 24247 
24621 46020 
39800 89599 
91276 28940 
15789 56090 
40315 15775 
84118 840 
95206 16385 
6969 18456 
74693 95178 
38310 69491 
58743 87560 
93788 3761 
45466 59427 
5413 69705 
6216 11544 
14001 40593 
57100 39367 
14926 11159 
4322 20674 
13460 44104 
88017 18312 
64818 74912 
44692 53437 
71028 15572 
31904 25803 
81792 33021 
10447 31999 
99774 16537 
59151 59936 
22089 89789 
5262 18493 
59200 67887 
89424 94895 
60095 7542 
48457 19215 
38281 49296 
91388 55349 
37004 4824 
64614 30867 
94081 99399 
50611 64328 
66816 39900 
21258 47989 
55699 42097 
71643 96243 
21934 17462 
93100 75721 
28323 89384 
5304 91669 
45613 81419 
56366 17023 
57154 96078 
17185 15555 
63548 81673 
41725 28525 
35963 66858 
38383 65477 
91847 27763 
99337 64105 
70052 40993 
64483 61594 
63664 67275 
54527 50374 
28374 5152 
93807 74939 
21756 51898 
57603 63186 
44596 9683 
20940 75682 
49232 79033 
56350 99318 
51847 88765 
26550 8018 
35756 21822 
44682 62469 
60942 9804 
29523 23305 
1468 85518 
66007 7707 
16821 2480 
92419 28112 
25896 53056 
74787 13513 
92997 42826 
96277 28789 
54121 7735 
84830 75557 
8748 92738 
25770 79238 
77449 45902 
57824 41352 
78853 20296 
30739 63483 
10884 17512 
10617 29925 
30602 51291 
55111 69723 
14635 57472 
44783 5635 
47871 27363 
49229 37464 
31946 95657 
26963 303 
27025 71108 
6595 84414 
40501 58473 
73515 2770 
54396 83579 
91049 44751 
39681 99885 
17985 60032 
40123 24552 
45406 75409 
20926 24767 
64904 59101 
68115 50952 
97555 12043 
93482 92503 
58442 83719 
46887 13827 
5037 81288 
62780 13689 
19424 65081 
71061 39274 
4131 967 
83734 77866 
29233 70684 
28270 43682 
54449 24882 
36210 75137 
64096 477 
11253 58712 
95054 13840 
94927 99594 
8301 84413 
19895 66384 
53135 39536 
91079 47420 
99824 582 
62976 69665 
71237 52952 
87909 47564 
86916 58031 
94407 48962 
44065 73902 
17538 87885 
99132 13443 
43703 79886 
80884 83363 
51281 24652 
61354 15789 
25467 12707 
34523 25242 
742 88290 
4285 98110 
37657 38867 
63011 49210 
71934 23258 
49966 60566 
83383 94948 
14836 51246 
19705 24962 
75803 13891 
76018 79497 
53878 93539 
74724 61582 
85636 77391 
12382 83082 
64994 10371 
40297 93708 
41365 50636 
23762 56979 
6302 31647 
81285 29676 
33633 2974 
39532 70881 
99159 80687 
52378 79497 
95107 50022 
23149 35013 
71859 27939 
37994 95259 
84848 11257 
65285 87056 
98066 7245 
1079 10908 
97303 67866 
43847 69250 
95985 26302 
63060 19289 
74426 64979 
85682 46092 
79315 27961 
62220 49337 
24445 27444 
89697 38003 
75959 83997 
62769 31315 
75791 83259 
96186 71349 
55550 28009 
11866 62981 
19708 13834 
12119 70234 
31778 59062 
66860 14585 
20054 75191 
27156 40420 
30537 72741 
40027 35577 
93809 59269 
80162 20797 
39930 1235 
33045 50922 
90816 89457 
60970 2768 
83118 69108 
58501 59912 
26253 69505 
57188 42955 
80050 96388 
70670 75365 
44366 29954 
80777 19616 
89075 5612 
52851 66098 
16975 41212 
34203 8152 
44468 14482 
33513 90577 
5260 87441 
899 76112 
30866 20759 
28527 34613 
38364 20370 
69825 23064 
60648 11036 
31732 91020 
87298 37194 
28870 15754 
45263 50042 
1129 44104 
37691 51688 
86890 93905 
76523 32105 
12940 46889 
89889 52684 
9114 47084 
58880 1424 
80811 3961 
39913 69041 
75711 88001 
58708 72783 
62431 97822 
19807 85266 
98268 72645 
61585 9353 
817 21652 
876 76911 
53957 42636 
53619 39220 
72544 6363 
88339 59887 
22140 90203 
67808 17281 
40175 54829 
60908 72855 
33195 71153 
61470 64147 
31168 21204 
33818 36804 
64314 16242 
15741 38699 
90513 98192 
48802 60986 
42055 16330 
73169 25925 
79381 183 
19557 89327 
36391 81713 
54420 46697 
17027 55127 
86187 6466 
56046 1016 
20099 21108 
88242 43050 
57162 47565 
79869 50056 
68713 42031 
63588 44100 
42293 81016 
84008 26035 
86792 40518 
4714 84002 
5245 58202 
49671 7490 
92178 49704 
51986 89830 
89105 49445 
61207 65355 
36497 98836 
16729 93977 
93520 10278 
29308 75560 
57834 94075 
25317 49213 
6911 47191 
99068 8523 
99629 67717 
87399 42723 
22297 76986 
27683 95957 
36801 2467 
85513 22021 
90231 98879 
41550 363 
75122 62408 
8360 70621 
87362 23494 
7534 37602 
14851 87305 
75005 96364 
4151 27892 
78164 27947 
94659 31890 
22262 20286 
80246 30768 
95527 75992 
56832 56760 
52539 78919 
41034 6964 
63627 4822 
99803 2534 
64399 77922 
13891 85429 
23974 94817 
8995 3913 
13117 59920 
27632 99783 
94161 2508 
82016 25271 
73477 74453 
23699 85606 
54208 59839 
89205 24435 
2095 62920 
32579 43609 
90429 79263 
35560 76279 
21525 96410 
93981 12818 
31586 15035 
15045 12781 
73408 29313 
24286 22913 
37112 56108 
73306 61185 
12945 56593 
59784 19869 
22139 51014 
19809 86899 
41942 87626 
29215 84028 
29132 90126 
55414 72784 
2706 74489 
34123 84756 
80863 95690 
6392 91458 
80049 57577 
40552 40814 
74510 95016 
80922 52271 
83673 16466 
10588 80592 
1644 77224 
89059 29585 
8196 38888 
27267 21342 
3862 58922 
92209 3992 
93083 45722 
91361 11550 
98835 9233 
73113 73128 
29760 34884 
93566 5593 
36545 9523 
42362 13706 
88155 32011 
90601 64817 
70462 48266 
22455 1423 
59960 60834 
38731 4173 
53437 76390 
75425 20368 
40847 71120 
63238 28566 
93077 73540 
65029 18586 
98934 87078 
67353 28038 
26358 606 
69543 91424 
1748 64128 
9152 25943 
98252 38946 
86158 99314 
98952 66907 
99958 99244 
54131 41658 
92996 51622 
83115 6419 
2736 15073 
80708 47323 
59776 13208 
75772 99211 
34018 52706 
55290 31587 
23122 15341 
11051 36465 
97860 5075 
88095 96987 
67547 77603 
14135 75900 
5355 78976 
67419 26406 
78128 72432 
96815 94374 
58216 38098 
42398 50541 
55872 88926 
17405 64078 
99938 58031 
3142 4790 
11805 77578 
77287 40204 
63065 87371 
43001 75936 
80793 82553 
51344 72993 
66068 34086 
12740 64022 
21112 93167 
74559 82040 
38360 21267 
1372 9808 
90781 71199 
32029 55750 
76953 81413 
3425 63208 
16672 35683 
24678 63842 
63276 83387 
57409 93077 
97420 11812 
7916 95785 
93677 11184 
65243 63764 
6142 75609 
25524 63055 
2114 38654 
27411 28807 
83979 50987 
86031 28113 
78556 69321 
53618 17157 
40486 40853 
53828 47983 
11611 35429 
33696 12340 
1874 98893 
52318 45331 
8888 75371 
78545 49922 
73130 73677 
1334 44931 
73627 33632 
65860 83693 
5023 81722 
36115 38400 
41089 52388 
50415 95939 
82014 91158 
80098 65115 
3237 48896 
23675 52214 
72090 22642 
68778 22177 
75224 97836 
32485 25976 
4528 99148 
46932 41332 
82196 62717 
91628 43512 
66617 1282 
86439 95727 
69928 45509 
49986 24502 
35343 9763 
96986 24401 
67812 48634 
95102 18651 
85055 41713 
26913 87394 
57714 68456 
5876 63756 
37135 12380 
76468 89366 
27201 64416 
88194 15605 
42676 78963 
70736 34631 
10678 72940 
53227 25097 
14193 48151 
64509 1465 
46929 60275 
23180 62983 
47380 54036 
76355 48614 
6589 33391 
74260 17603 
98923 38035 
74168 91867 
68055 53079 
51613 16020 
11394 87452 
59446 13600 
45368 18395 
16014 43945 
1238 14343 
22576 93172 
96553 16594 
7065 64829 
50860 81298 
66385 71067 
65967 57682 
32662 63528 
70845 5802 
20222 84678 
39138 37738 
19514 64923 
23312 99800 
91846 38611 
13632 142 
84460 2890 
22418 26126 
29374 97414 
14466 88848 
11364 40003 
53046 78408 
90557 13612 
7553 12849 
43344 63374 
73660 16119 
41655 28939 
89741 65965 
25110 7007 
94380 11395 
33177 11666 
58913 71104 
55165 76063 
46260 89272 
24741 17902 
92704 43132 
32644 73429 
82806 67973 
56331 89777 
89322 89491 
8559 53976 
79741 30896 
88214 28374 
49010 92712 
76199 56902 
24029 86930 
56774 4325 
99645 43954 
60470 91541 
8191 758 
18547 93943 
95005 21719 
90934 77046 
70899 99771 
79700 53790 
39215 34880 
68302 61319 
49896 89238 
33238 71572 
15884 74162 
59166 69586 
38233 32384 
51194 56244 
25447 41212 
78717 58008 
59854 76997 
4074 55228 
59245 49412 
46230 72724 
5532 35221 
4818 11615 
63830 15560 
23070 39701 
95185 48167 
99544 99272 
74036 86575 
67992 35795 
57578 91988 
52345 98707 
18318 70346 
69494 16415 
43428 7052 
96392 1618 
24882 64891 
39996 169 
12933 56859 
48630 56991 
82111 4946 
81610 35889 
63734 48345 
10305 96653 
31818 70138 
58254 2433 
90325 70200 
618 3162 
98823 23866 
33895 16639 
90941 30863 
95744 7929 
85396 77060 
61673 49834 
62918 2810 
70501 32461 
84044 95920 
33676 78285 
52552 4795 
64923 10615 
87199 97809 
26130 17983 
50482 78678 
23009 54758 
97289 4426 
99773 19143 
48589 42469 
75916 53717 
65731 46397 
40178 20832 
99450 26257 
66845 15411 
14343 38428 
47782 91081 
44349 22629 
39915 92065 
17708 69170 
12402 2913 
865 8251 
40257 50879 
49991 74917 
31992 21640 
26048 18232 
97623 78062 
24736 91296 
60409 3843 
96215 79919 
90755 29107 
81145 2081 
93955 33422 
69351 37762 
14790 63203 
95376 29269 
31462 45094 
21167 25894 
98965 24678 
20351 33566 
67682 10747 
70798 70056 
46886 59355 
82608 19422 
4752 89028 
37182 25520 
96627 78725 
89701 63749 
91492 63565 
92117 82644 
22924 9807 
26675 12470 
25314 20202 
1025 96700 
28732 93614 
45122 14036 
76494 38650 
67431 23613 
98409 20082 
73331 84053 
19581 98934 
22170 68263 
9796 12389 
1066 20162 
81712 28040 
23352 76976 
27444 98517 
17463 11304 
42580 37135 
58085 30849 
24282 32985 
5583 10521 
45851 24763 
61972 21564 
3961 56609 
22120 65430 
6765 46408 
97418 16303 
21158 7206 
15791 25503 
25706 75809 
56732 43433 
22105 19122 
62921 70309 
42500 8416 
81067 55588 
52595 74467 
23731 27846 
91205 82386 
11196 51783 
5751 93967 
47860 77104 
40169 17506 
11147 65217 
6806 80303 
82616 54010 
27100 97427 
30709 48393 
57167 51842 
62498 4886 
23940 45610 
97836 12196 
85031 29644 
83471 56561 
91290 70369 
56943 578 
74812 65639 
90548 97285 
7159 79402 
94129 7482 
72653 24857 
32160 87573 
79799 89201 
15338 67652 
90278 59617 
59850 45141 
79394 79730 
68465 77962 
54463 38548 
76807 73044 
48375 69769 
25433 30915 
74375 18343 
63736 25187 
75109 13302 
65255 66942 
24062 71136 
35609 28330 
40748 42353 
24086 77150 
62349 5391 
7785 4734 
73989 6650 
3300 13155 
37404 43190 
75035 64593 
73517 85510 
51585 85639 
48250 41818 
31972 62379 
82899 72349 
62095 58283 
60479 72531 
88416 36264 
27683 57178 
50652 68694 
98434 94395 
58200 74728 
49486 57511 
6030 32997 
61137 86099 
24933 79526 
96819 73047 
28332 15701 
34207 23610 
13237 19131 
57423 64536 
96473 71507 
95055 16590 
18984 91805 
41885 82202 
30782 90681 
33611 41435 
77025 42437 
53289 94135 
41752 4637 
35842 33854 
69953 2283 
2680 90021 
80938 33373 
2350 28856 
6394 45760 
55094 60616 
35025 81403 
99283 61058 
22361 83423 
15935 78348 
29086 13818 
63857 63175 
84163 35268 
92444 29435 
30038 69122 
11729 25620 
96413 53514 
90049 72923 
66314 90478 
18501 5069 
43625 88980 
28343 27014 
4774 82020 
72620 94906 
18932 20227 
86465 8089 
50856 21849 
21932 95424 
18433 89579 
12644 72823 
62998 88370 
61160 46686 
4687 15186 
57682 38753 
97334 81609 
32575 11924 
67870 73249 
17128 83731 
23687 46138 
37119 24370 
38108 69564 
91916 49616 
78878 27271 
78253 35418 
27510 44517 
2236 619 
48352 17145 
85786 26995 
5397 80677 
14394 11678 
92152 72353 
91961 76042 
35273 7117 
65434 87261 
56250 9746 
57058 83987 
27022 19615 
95291 35991 
35253 12064 
66775 9111 
82868 60869 
21222 51468 
77491 25 
48670 64684 
40607 29871 
14310 74696 
48519 52512 
79902 70777 
42624 14572 
62780 38499 
94029 81507 
83567 72627 
84213 66995 
31903 19311 
68211 93411 
35872 63453 
19719 64913 
55262 46741 
18548 93380 
31418 74615 
30008 29260 
17126 46294 
43098 14327 
78870 21000 
79794 91391 
10721 15649 
61239 77237 
24261 14529 
18325 29347 
82140 59868 
63927 14418 
24210 83681 
1957 17260 
94681 35953 
34462 12338 
16307 61915 
42117 57040 
73355 82109 
55782 55702 
58948 32884 
7183 86483 
14351 32135 
45308 79376 
37865 45339 
31794 82943 
69208 40307 
83340 59838 
61634 35602 
12098 6706 
38472 67167 
26042 2767 
93418 20505 
90462 53208 
34587 1586 
19009 8422 
91209 48689 
58158 8241 
98811 19514 
52446 21457 
53842 23140 
29540 25280 
81892 4790 
23967 96798 
95039 32875 
66220 69076 
23296 82409 
40 38238 
92757 56642 
54778 94660 
88739 39640 
92079 91382 
86093 26548 
66497 55887 
50788 35383 
88210 97584 
17026 64493 
52660 62678 
22306 23151 
6720 40514 
39255 29302 
53909 31077 
77494 38075 
62211 42003 
41392 37447 
27197 95289 
20312 23317 
60471 88805 
56787 45252 
18826 75821 
85023 96291 
63071 96902 
57251 5468 
37117 22877 
78649 80062 
87722 45020 
52923 36110 
3196 79139 
83 50343 
35383 33969 
45576 64447 
83437 31082 
95642 73453 
60156 53464 
7606 34034 
32066 42968 
35812 35646 
22981 63069 
83973 87680 
97434 92637 
22958 89187 
95126 18888 
39372 64236 
70497 53267 
64762 65582 
2521 2664 
97880 72107 
78998 90221 
73155 31334 
26921 34910 
47366 27357 
55868 67125 
73510 86630 
4936 78731 
5908 69325 
35383 80332 
33864 32348 
90927 65952 
72503 91612 
55563 65890 
48920 55763 
74796 2217 
9320 51361 
70348 48173 
38622 10354 
70676 32690 
27770 44695 
62 24311 
46038 90106 
17547 74992 
75655 61214 
73679 3551 
44340 23682 
57783 51026 
47665 55452 
41411 45702 
87635 38868 
84650 74327 
66486 98157 
61119 67797 
65412 72681 
74778 74569 
6782 95321 
87091 13112 
45383 27528 
46604 65887 
59326 87812 
14669 1694 
14464 98799 
10826 90635 
57532 69534 
59271 6518 
52679 24301 
3863 95236 
13669 86983 
73297 24433 
99746 30913 
20342 19759 
37007 8091 
29457 36031 
99104 78853 
85642 7859 
31176 73265 
24024 73570 
29163 28947 
34486 68730 
92985 66490 
78528 41116 
56525 83298 
86617 47702 
59995 69406 
43412 56009 
70950 74737 
35562 87133 
79073 86232 
32163 5832 
86837 5449 
91509 84225 
93231 52445 
39432 39994 
20977 60171 
44299 77414 
68991 65087 
21660 40084 
81346 44339 
37566 17971 
11549 97608 
43731 38127 
26710 22592 
70024 8454 
40004 87123 
20149 76892 
81795 58008 
64930 14652 
19919 6977 
4286 31386 
17803 77469 
73729 82665 
75480 62511 
4184 35675 
33024 13554 
4900 17751 
28507 72918 
28448 84173 
93327 98329 
94024 6596 
36604 27081 
90740 1548 
17277 9452 
56078 89633 
27696 26279 
26380 368 
15655 93959 
85984 15058 
53223 51657 
99591 70644 
20149 20136 
98414 31183 
7261 19351 
4879 70405 
60969 32869 
22884 98764 
83834 11149 
91082 11440 
78168 12848 
95135 29951 
69675 93596 
61596 59360 
76419 65031 
10829 85486 
94715 63413 
29293 92106 
58026 86752 
32570 86815 
87555 82140 
29646 86056 
93923 90866 
66268 24723 
8191 87879 
20588 23865 
17443 84315 
47861 71161 
55257 97034 
22600 43181 
50601 27515 
6406 25888 
70049 33941 
77563 70375 
97678 24950 
94567 54575 
84605 51274 
29878 8429 
65855 22363 
2499 12 
86087 29116 
58376 73120 
97674 10933 
96160 73056 
94760 65596 
12528 96645 
25087 63836 
46049 54963 
77802 96966 
31475 42819 
79851 55573 
37407 67741 
46234 10029 
49395 2997 
20058 39458 
77876 94174 
7227 34787 
15712 66853 
57533 83658 
43647 54144 
69044 30218 
83681 87157 
95892 91177 
30099 68900 
20903 1061 
45847 82702 
14017 54165 
97959 69917 
35001 8508 
19901 48499 
54710 17958 
30989 33976 
62990 62681 
13450 67407 
3291 55228 
46215 51118 
24146 9802 
21217 42314 
65917 75637 
22725 57100 
7523 51931 
33181 93034 
82376 21384 
40030 87003 
35326 62173 
57178 87038 
33123 24044 
42035 31630 
59805 83239 
84476 98171 
25329 23074 
67600 3329 
90904 22254 
51839 12499 
67704 71392 
13733 42894 
76946 79697 
78606 25420 
68864 78413 
22427 24171 
85621 75381 
82276 99177 
19004 65929 
7138 38018 
57534 59337 
1146 74926 
39638 37231 
59945 62259 
29588 20516 
77490 58482 
11184 84857 
5391 49269 
50455 31185 
79817 23904 
13153 87367 
92024 87831 
35421 89920 
67703 4042 
36702 70518 
37660 20914 
32847 51070 
27731 62193 
54323 33246 
69373 25995 
99526 53604 
34042 64015 
56439 63843 
24237 89592 
7202 87207 
12019 93821 
89658 96705 
1831 32614 
27509 58541 
8617 84412 
56466 85068 
84522 68206 
67601 45539 
97856 54582 
61109 90094 
66548 98700 
53739 52642 
74988 73432 
11448 11718 
57903 83328 
85095 4850 
17868 95640 
11538 11640 
54058 33333 
5047 43499 
19020 36823 
4697 3850 
87519 16120 
62224 11636 
16941 83136 
51841 13079 
2243 75085 
58565 41895 
80134 54245 
54849 26569 
16925 96769 
6674 84756 
22410 63817 
59703 89549 
68183 81966 
43706 40081 
52946 46662 
99203 19806 
49635 2441 
74085 79828 
89645 46681 
59994 41753 
87906 49884 
38288 74810 
89291 84742 
83684 65362 
21565 8749 
29987 63412 
73025 50638 
36814 60383 
74017 9621 
8793 25148 
50653 88269 
9453 1214 
36361 44737 
80883 46943 
72305 68177 
27170 82819 
1228 52325 
44769 95044 
60964 66584 
86160 33098 
13622 1376 
24474 30436 
4369 95068 
46293 72079 
29772 33514 
37379 30665 
9816 50027 
41831 93343 
11 43581 
69019 5955 
50379 76059 
94605 68049 
16708 5602 
52075 22503 
56046 62405 
39401 96979 
93253 75744 
71842 70854 
28311 16601 
96319 60967 
65124 28937 
45431 42239 
81719 84468 
49887 45114 
29037 10774 
46975 770 
40885 10588 
19677 37184 
61218 11351 
76104 64379 
46506 58408 
32199 25565 
80787 92665 
91946 32396 
48880 34105 
28838 47181 
49284 26235 
59939 22653 
92443 83366 
69595 60765 
22348 22568 
83699 6009 
19846 55201 
17401 45855 
94574 59119 
19219 51181 
49086 51961 
12772 52933 
3542 38386 
93668 17773 
2203 9670 
73566 55072 
84062 32776 
76046 60401 
89059 77833 
79605 76505 
88626 97885 
71976 31796 
74729 92854 
26941 98485 
15096 60837 
39875 97771 
83987 64198 
61517 67840 
7640 15314 
50793 1965 
21445 17455 
26990 58615 
21934 79924 
39176 43225 
10822 63424 
86497 62179 
70640 1547 
16813 53539 
81885 87372 
3111 6202 
90181 10296 
47246 89403 
58563 77615 
88759 27882 
94826 57739 
2892 74508 
26756 37540 
56374 51818 
9107 95014 
52160 56646 
85358 50225 
35035 47923 
94563 72493 
48814 66721 
8995 89798 
32877 69750 
11864 67616 
20857 92753 
76011 98668 
57514 98653 
84284 72553 
81199 6776 
40208 74767 
28763 44139 
53586 98319 
7373 7506 
49860 37960 
43421 75829 
44293 77001 
62560 66680 
42507 69739 
76863 87399 
77388 68720 
55210 91958 
69064 45368 
31234 17907 
99451 4978 
59489 44269 
25736 2593 
64988 80888 
18244 25029 
43853 72495 
97273 16080 
63548 76604 
60761 86915 
79991 53397 
40080 71713 
35856 87854 
94769 59806 
29416 49649 
58683 59884 
46567 84718 
79835 29285 
29958 23893 
54081 31935 
18665 88641 
38881 72220 
29439 71693 
47494 88869 
66255 71227 
66256 82865 
38780 61279 
8024 96497 
42305 88165 
13361 56822 
1820 92986 
37746 46137 
11108 73639 
17832 64518 
4101 16254 
92733 5018 
80207 45650 
67298 70829 
67892 67100 
43555 25534 
51581 97615 
13736 82490 
5714 13947 
3742 7477 
76833 76639 
79427 29935 
29635 24696 
79738 32397 
26152 73861 
20542 15217 
38594 92934 
20869 14224 
5818 77255 
39359 82624 
31031 86177 
72822 35309 
84019 62276 
61146 93659 
15075 4019 
63171 61993 
9733 20748 
16699 13008 
13564 59103 
72450 58883 
34452 53377 
96583 37139 
86167 18782 
69297 45939 
71507 76289 
68058 22178 
15855 70374 
13179 67547 
52769 16976 
70733 92699 
32014 97895 
53224 67687 
67476 41 
31950 38068 
67438 83170 
76662 90359 
92968 48138 
67913 27981 
71490 69198 
85395 49399 
52084 48493 
61586 3841 
26679 48671 
4225 36824 
56991 60394 
33367 27611 
40936 65544 
49232 63852 
24214 64054 
45556 94783 
12836 42528 
9837 53734 
70626 76219 
6641 43106 
92045 72414 
23055 30539 
25168 82923 
66399 13716 
82256 36110 
43463 73029 
16062 64785 
17851 46296 
58875 35287 
37383 27778 
18284 15217 
47067 14930 
98719 52513 
54816 657 
71067 76970 
96844 36261 
44011 76786 
57624 70842 
191 47365 
35280 6625 
47912 57333 
7492 96469 
4827 27639 
45243 49779 
73871 73584 
42166 6101 
93711 16770 
75769 81872 
46057 34205 
93504 95115 
80404 75185 
21388 25301 
73139 43075 
25843 71183 
72398 8737 
20410 28088 
92670 95112 
98198 17963 
13855 48342 
88168 70428 
8355 89818 
78810 71150 
66715 25666 
26253 65029 
17461 75455 
65566 26032 
39974 70258 
73740 82914 
50632 61733 
90791 20683 
1857 78508 
91433 61294 
71381 63891 
13945 63939 
34690 29836 
95138 75180 
7522 66080 
30729 2295 
17211 50489 
78981 79351 
11805 16931 
52114 44865 
44094 50343 
94783 52342 
74023 95187 
31824 90548 
17458 83101 
78520 99071 
31855 8315 
45770 26533 
70111 5278 
39866 93761 
52716 11956 
51959 92294 
5314 34357 
55852 69787 
83865 63141 
84404 28204 
62814 31515 
34638 88102 
93057 45127 
59520 52924 
45917 59309 
40438 40861 
46986 26769 
98566 38687 
69377 89702 
95583 71911 
99800 44310 
94604 78641 
12845 62837 
767 20766 
88937 18480 
77520 65368 
89669 21932 
39478 21711 
60565 44787 
55618 24741 
65785 74699 
57617 14692 
71884 19912 
37285 74247 
88488 56676 
34354 49607 
42545 92070 
61272 99915 
9833 96852 
85201 90660 
52474 48255 
89074 71002 
14436 10989 
63340 52410 
8350 76235 
37957 36563 
86445 73029 
50214 24152 
26001 64212 
58119 73057 
75436 39968 
51397 64281 
1001 26013 
82521 77125 
46018 30594 
38761 71263 
64713 64727 
2890 22676 
20887 83487 
4949 62881 
48056 12654 
50424 26431 
52121 44653 
21181 20360 
263 10480 
84698 91062 
80461 60198 
14397 79047 
34881 13551 
19299 20060 
67358 74433 
4759 72263 
300 38144 
37699 23483 
9541 58786 
69529 59976 
97057 85631 
77889 58718 
70880 21931 
24331 98938 
89197 7409 
89277 75402 
91301 76506 
37821 35925 
81936 98514 
90384 58635 
57530 62825 
20776 30711 
62924 32775 
80830 89635 
45421 54969 
55621 40435 
29329 77436 
86148 67970 
68636 99645 
57404 21987 
48059 50105 
38932 64511 
93450 63207 
82237 34059 
21339 5938 
24829 99240 
4436 87225 
24228 45498 
54943 67947 
46901 63061 
30804 77998 
66900 81612 
51333 38316 
86869 27756 
68153 80402 
80134 65055 
74968 53623 
66747 13213 
55409 11455 
78631 32941 
62057 71848 
39398 6086 
91704 53997 
82933 36825 
72015 4078 
61512 49007 
2979 35881 
48991 57196 
2890 28773 
27526 44518 
93052 45049 
57315 89114 
18027 51503 
68007 42824 
38942 55898 
77721 80636 
56236 98045 
41013 7554 
15197 67323 
50679 30677 
22724 53715 
69933 78631 
56999 77826 
51283 77934 
83063 86850 
6345 76413 
96810 48080 
26868 37530 
7458 19308 
21392 16244 
34329 26344 
24275 67005 
37577 31888 
54190 27545 
24510 37113 
47786 68294 
73211 17567 
70798 96601 
93433 58403 
13751 57352 
1037 20421 
12247 77168 
16770 38049 
92907 58037 
12730 23152 
35164 38058 
20619 24416 
56425 1922 
84715 71084 
73487 41821 
89480 11916 
66677 40647 
16804 45540 
74796 73693 
91125 26705 
78766 2481 
51993 24470 
89784 64922 
53138 2977 
43805 49709 
24684 93241 
18362 79633 
50886 25218 
29987 18503 
9599 93468 
40938 59358 
91687 36830 
2444 47906 
68642 22774 
88363 44390 
4941 40509 
27918 29576 
17991 23380 
29084 16076 
72993 40767 
95262 34931 
62668 22409 
76991 29217 
62481 3988 
67776 1325 
70870 11792 
48499 28695 
40959 36411 
8409 83916 
85311 80677 
22372 69477 
88531 5432 
43825 4844 
93848 38218 
80793 84138 
39287 54607 
58368 56376 
6660 89646 
35213 67033 
12287 87763 
33922 39651 
12241 53507 
65491 69274 
16874 22586 
76698 45669 
9466 32959 
25825 23642 
42075 39095 
96956 10159 
38016 79017 
96013 43576 
64852 73388 
32673 98974 
54402 8641 
81543 65381 
36971 32040 
33184 5652 
25873 65552 
91035 27797 
35267 27560 
43803 67777 
39466 36670 
44543 8071 
85043 60284 
57444 33791 
48463 62066 
91247 58661 
91400 97108 
24253 36885 
3524 1314 
40036 13732 
38243 22431 
35272 57626 
40757 44136 
31500 59568 
39730 61727 
21149 81943 
23997 78233 
4862 88045 
53943 3107 
31902 86126 
63548 52192 
38340 77316 
93532 67285 
88774 5474 
58678 96350 
66477 68830 
93103 1330 
24159 68227 
36094 89523 
2940 34840 
18121 96582 
50659 1434 
81705 84480 
22319 55541 
25083 56153 
25243 40390 
87906 30044 
79417 49964 
7736 62368 
99559 98281 
63663 52735 
69578 29783 
89099 19565 
72399 77683 
79670 85822 
58539 70168 
44062 72630 
85325 30557 
45826 58685 
35346 16828 
62316 26659 
27490 98369 
43318 84381 
66828 73375 
86395 18145 
40659 88994 
58554 8292 
57165 38167 
84581 13068 
40443 72020 
91235 5763 
41049 84750 
43448 32294 
94769 99126 
33810 41604 
63962 5062 
89801 29663 
25600 81136 
44601 29357 
28089 59515 
76791 73152 
24911 78423 
61835 53217 
7372 3121 
93954 4524 
954 86286 
30886 40492 
60232 81780 
85947 77829 
95815 21940 
41953 97504 
93461 17888 
89752 2166 
40275 44768 
476 46803 
55820 29391 
25107 39089 
37012 66474 
77523 28609 
64830 51445 
97931 30041 
88128 32772 
12443 54351 
95304 54793 
1507 54229 
8048 83251 
65026 25205 
83110 80035 
25195 42297 
87781 21073 
39455 53518 
22691 31904 
5431 96223 
1582 49116 
27299 50014 
61859 2697 
78789 90806 
72005 54233 
41828 64663 
22375 19013 
21859 57138 
34387 46243 
40904 94107 
99833 30916 
87721 73464 
66763 83313 
60717 93546 
21362 87688 
73761 13804 
76230 40360 
7639 55951 
64661 69292 
80620 29743 
57789 2115 
80446 46517 
66888 67700 
47020 65763 
66650 87496 
20192 5234 
76906 37222 
70239 33523 
70061 36924 
9985 55469 
29422 57966 
47008 95471 
69623 19229 
71937 81453 
44512 81598 
94590 33177 
10161 39776 
33560 62558 
81064 53502 
36796 779 
16119 56466 
60860 77263 
97650 30522 
64731 88933 
21528 35238 
80408 14688 
99333 38395 
7003 49665 
84549 1728 
37641 56600 
73948 38034 
69186 57493 
2600 70705 
63672 17765 
46343 94794 
27290 7243 
69104 59954 
47864 57560 
4118 69861 
85006 73920 
37848 20210 
38437 709 
73371 77911 
29494 85036 
85985 37821 
18377 30053 
47964 80171 
45475 80794 
91697 91751 
28905 39240 
821 7036 
72400 62504 
67517 71580 
37782 58217 
30791 29358 
14453 54630 
15346 88137 
