42611 15610 
34445 23744 
44639 55168 
82857 23773 
50274 41962 
75121 23238 
27970 94415 
48556 25895 
74130 35768 
63889 7607 
80729 83772 
62653 45591 
85502 73121 
56662 33191 
58049 82437 
74438 87990 
50286 72908 
41146 35409 
92934 84029 
48345 77349 
51041 73414 
77811 36025 
61031 32280 
79687 96822 
59381 55944 
69398 60819 
78706 99569 
54 57573 
30935 3376 
87454 61811 
19194 28704 
13370 3887 
20127 6512 
9419 63162 
56595 63326 
28640 85909 
37066 56133 
44790 74918 
72455 17335 
80406 56663 
93783 83650 
53863 43708 
84740 58726 
52904 74978 
12108 38220 
87572 34565 
83925 8230 
48969 20976 
90431 13250 
1956 62985 
85995 78137 
69681 55750 
51626 60154 
25738 21386 
37107 1714 
95776 81883 
19398 52264 
84571 69096 
29689 28583 
86833 86438 
95316 86786 
10431 80010 
14730 86474 
39267 73070 
33810 37686 
89694 67065 
20037 34725 
69120 14897 
37379 97407 
28411 27660 
9224 59928 
10685 84763 
19294 70293 
38281 79185 
41186 89113 
46971 44549 
6046 5625 
71862 78764 
14843 20854 
13028 158 
76818 83152 
60509 46393 
8902 99694 
38141 53821 
62236 89008 
33580 35581 
51417 84281 
17913 10366 
49671 44902 
22409 20653 
78898 84592 
32260 19092 
67356 78488 
77562 94849 
69752 68657 
50315 57874 
44583 47783 
52903 98361 
61804 64152 
88275 91165 
70245 57539 
34976 20444 
88674 5271 
11201 58516 
96990 30454 
21219 44756 
94776 251 
94777 75252 
63254 21112 
75531 32048 
13700 19950 
88059 51971 
30433 85552 
14702 59360 
19745 32870 
43222 64468 
57469 44339 
4228 59850 
87367 37011 
3313 30764 
60104 2041 
67018 32420 
18311 63940 
64044 76849 
27077 11005 
33513 15244 
21188 55489 
50626 97795 
90527 92306 
86742 42377 
53269 38443 
75658 45882 
72865 51781 
80808 27554 
59254 47628 
69104 2369 
57383 54024 
36344 44342 
66787 72787 
96350 14552 
54869 42230 
41441 96772 
23480 29630 
5379 4758 
63480 16799 
11562 99594 
85214 80446 
69061 82901 
44159 10566 
86967 12308 
90482 54682 
13588 19263 
58849 23561 
71162 96088 
80536 44859 
49062 59108 
43763 5193 
38874 87764 
50108 78238 
43247 85806 
14998 96731 
67096 9984 
38468 89603 
4519 64079 
28733 72000 
67684 61712 
95593 45573 
65004 20027 
43297 39151 
25048 58188 
83191 95822 
79945 39560 
55356 91425 
67442 14500 
95374 51599 
84294 91898 
7502 19781 
25365 91909 
8723 16937 
72552 9756 
89496 25286 
55599 51062 
96526 22950 
92879 82863 
80430 94162 
34388 81236 
66939 40600 
71480 46473 
4089 23371 
48284 99754 
9855 72328 
8281 71476 
94761 9641 
36167 40720 
62226 47937 
9928 87776 
95767 39805 
60962 77197 
26622 75121 
51100 97569 
37988 45368 
14566 45986 
2778 20036 
80173 60155 
70630 9171 
84493 69141 
16908 18281 
10234 54933 
41514 37053 
35767 91350 
58537 41716 
61476 54217 
49153 32403 
86569 77344 
59627 71468 
45976 62509 
13873 36488 
81154 38453 
75767 52552 
10881 3881 
40244 22446 
88555 82465 
54171 30464 
81013 64096 
68107 55842 
80593 5917 
98278 95170 
66906 19106 
34428 59674 
67706 72971 
63699 82850 
29306 6584 
93278 46715 
96106 50006 
45282 10809 
16122 22114 
66183 7085 
34791 90067 
40069 45945 
12872 46688 
20118 63956 
5924 86316 
95894 32142 
72623 37147 
95412 35249 
37090 38630 
80406 27017 
16445 36209 
30822 64255 
38948 2468 
30271 23370 
20392 83727 
58055 7031 
36799 14172 
65317 55759 
30034 35807 
62985 89494 
9582 11824 
77398 17577 
68545 23440 
35848 72077 
14810 95807 
28737 39022 
29371 7285 
57672 84863 
2971 98215 
19506 1354 
69483 10230 
95210 21063 
49895 55239 
9425 87827 
44249 34397 
1636 1748 
60622 1689 
3134 96686 
49919 94209 
45284 49713 
23268 31768 
34098 66628 
64752 22167 
13674 35375 
16419 95270 
6836 90102 
4802 28987 
65113 82581 
98552 23306 
82202 14856 
35368 24721 
25120 47232 
33026 2734 
15522 59103 
4135 32516 
49952 6601 
27122 43410 
82325 90717 
87009 51642 
4485 22245 
88684 7404 
51444 45835 
62679 51443 
26729 64396 
28849 94336 
90256 87258 
56903 2833 
76232 10724 
64395 1954 
11820 28049 
22547 78992 
88643 57362 
98227 6103 
98679 70704 
46389 81900 
83697 5080 
81497 29234 
63100 37311 
98693 76345 
98898 8509 
85900 91572 
28505 91055 
66597 38050 
46145 1295 
39636 64109 
41872 74489 
37287 47555 
13588 35075 
5573 67544 
51856 14947 
22022 86504 
59970 95174 
5117 86316 
12412 72493 
36984 17963 
73713 80900 
16309 91875 
96675 30790 
81989 57426 
94036 63347 
99658 94329 
30866 56294 
83080 66136 
16340 58568 
30232 66601 
82989 76153 
89999 23367 
29157 79046 
39524 10249 
66084 50200 
44566 59317 
54904 51314 
95602 57080 
40806 37437 
60981 55226 
91719 12647 
75060 25704 
27085 82400 
84062 42396 
78648 24697 
5296 77159 
59652 71792 
16426 56723 
31439 66972 
80610 38767 
47168 36775 
30650 30394 
21210 98041 
80670 90339 
19754 1315 
7406 27394 
93270 97364 
44826 31887 
74662 1970 
65596 54457 
48339 25635 
80818 76973 
54861 29505 
75500 4097 
33445 66522 
11372 40840 
20316 67739 
70958 11376 
14764 37707 
87215 17468 
96701 29991 
1592 31032 
29658 84104 
20013 64690 
11333 18549 
91090 66616 
40194 91156 
13756 41511 
51085 57517 
92572 8281 
35390 81095 
98100 66771 
2038 74455 
57036 60860 
54468 80056 
92186 93300 
55650 31197 
55926 68865 
28374 68942 
52443 16682 
91194 29232 
23811 70073 
61832 55920 
82912 62803 
69242 40042 
12212 34307 
3198 33452 
11573 23294 
95953 35787 
70576 69079 
74374 7735 
61222 33025 
42937 20736 
95429 98721 
58057 13460 
68398 8784 
32452 88819 
13703 48652 
64584 51759 
28875 93290 
22708 57699 
91278 91415 
25634 14255 
73246 73670 
53044 54760 
82728 36129 
87063 81082 
1097 68545 
33729 55394 
63312 68000 
98129 5782 
27304 2872 
90177 98974 
9201 69526 
19373 24961 
18960 14671 
96319 32919 
16979 80031 
96429 55599 
26443 62786 
56910 60221 
78418 75187 
72021 67907 
37155 29818 
23531 90849 
51551 73147 
33416 46609 
5432 39370 
54063 22390 
94052 98935 
17594 78555 
37152 31748 
50376 354 
49947 63738 
21414 29549 
32550 67252 
34023 33497 
5665 40739 
89022 98281 
15756 51204 
44690 64581 
56447 44124 
73783 60253 
4581 99849 
71174 21946 
49125 42911 
96994 39599 
99048 91278 
49646 2293 
92297 66247 
50647 71674 
92204 70501 
88980 60058 
49897 81797 
16505 44317 
31718 2816 
7898 3785 
59198 53884 
98763 30674 
85774 94625 
93703 24867 
39236 13004 
92548 51461 
91794 25818 
17371 9062 
80697 93371 
35538 29582 
91487 62882 
64759 6175 
33266 20125 
14950 24961 
80754 46868 
68694 58278 
31460 52844 
27179 62512 
27948 75357 
51723 11884 
24954 16998 
12339 91108 
39032 22572 
14267 64446 
4435 79998 
10984 36456 
73115 66762 
27967 20581 
38968 53461 
15263 35771 
36916 19018 
18972 58411 
65917 28356 
11781 67128 
11646 72645 
50942 31398 
99428 74640 
38438 11387 
90837 17242 
42529 56089 
48484 62062 
2496 9589 
32630 86622 
79102 61132 
60554 83740 
32150 3706 
55040 34720 
3483 97975 
31846 89180 
58872 73631 
27708 58624 
95460 38634 
50194 58358 
52782 8314 
38660 12871 
74839 10911 
61567 73518 
58324 73921 
39591 84154 
87801 46464 
76251 70314 
2498 66910 
98179 20572 
61337 42120 
55686 74958 
72934 64921 
10961 34568 
35517 59807 
45998 58987 
88053 13358 
55272 23696 
8364 15514 
49227 68313 
6591 10568 
83768 78361 
53097 32658 
48278 8180 
48754 79498 
90052 70660 
92510 60255 
26599 90686 
26263 38720 
98914 43481 
40250 81277 
48609 76489 
3556 10725 
59700 43991 
43764 61594 
91889 67359 
37420 30365 
46331 70650 
88672 14896 
47160 31197 
67302 41338 
92483 27907 
49347 83966 
27042 66185 
53590 93606 
15446 7701 
95449 63712 
49637 35677 
86100 79645 
7172 41916 
89193 16353 
87932 30506 
10061 72397 
96040 94936 
33108 54124 
1045 40314 
41845 52841 
7840 90424 
53063 89920 
88329 40577 
71718 40053 
79498 91492 
26305 81251 
32349 26939 
75876 61653 
4059 78368 
89305 17904 
21749 53514 
85025 27531 
10442 92733 
85148 28709 
70022 56786 
81780 94743 
6480 42853 
35252 7781 
71201 71753 
24145 36462 
38766 88645 
45171 85656 
58485 71956 
17333 52882 
47813 50821 
79259 95687 
56819 90026 
81205 86961 
22055 13258 
63942 11101 
45437 403 
85581 32891 
79189 12717 
4387 53115 
71391 70852 
50696 50197 
28392 35075 
24312 95481 
80076 14431 
35064 21341 
91914 62184 
63719 15873 
53771 98543 
58015 15731 
89565 38524 
94306 69497 
74208 92711 
29176 48026 
14621 51768 
37325 85305 
50189 61728 
82151 43620 
54654 46418 
93657 10226 
76256 35808 
34676 49201 
35804 14639 
20862 51782 
13448 14390 
22509 51281 
94016 33439 
16974 94492 
8143 85231 
79325 90574 
1745 42332 
95813 90457 
90010 65423 
59874 85128 
3658 80629 
63558 49502 
15084 95993 
28676 84 
39835 28495 
31377 79285 
44978 46697 
61516 26973 
60000 20905 
23853 50749 
78254 12686 
31999 60424 
57281 28661 
67987 89311 
74961 9646 
80440 85187 
75031 25581 
72540 17184 
40357 99080 
87346 11346 
65207 86031 
32475 97219 
58838 366 
98767 20633 
1850 81914 
18274 53651 
94077 71223 
75761 11718 
78144 73276 
34881 70153 
96405 63236 
65268 57365 
40608 11660 
60056 90581 
83428 84074 
14625 11360 
38910 350 
96890 72797 
84920 23045 
77025 28085 
94830 80647 
250 70967 
67987 21634 
80145 82634 
18884 38320 
61927 46725 
83530 95643 
55246 4372 
28131 49365 
64241 34588 
22 40609 
48984 61806 
43666 9219 
36880 12016 
15599 77102 
65211 61680 
71328 14570 
76729 49510 
64511 17578 
9030 50173 
94130 91900 
15464 41133 
58915 61397 
30363 29091 
29933 91903 
44667 40849 
32050 49677 
89307 24952 
32869 93921 
33235 55069 
73798 36597 
90538 73841 
42046 89531 
96843 66796 
74650 58806 
59025 9940 
6028 39437 
4234 91758 
19093 9579 
54336 70613 
36632 22792 
30094 91917 
94430 49345 
45772 55939 
70529 23105 
89280 96753 
6054 9252 
95634 5590 
42192 19864 
12170 7706 
15192 69385 
22846 80937 
96685 80015 
45895 86168 
40122 18297 
44237 65276 
95824 68451 
91228 50416 
86899 25481 
15726 20070 
96210 21627 
9879 31884 
588 83428 
20674 60087 
2672 53477 
61981 66146 
53029 915 
77690 35338 
25610 87729 
58518 19025 
8150 54158 
65128 32697 
95772 35803 
38471 73199 
30833 27475 
84566 35092 
14974 64404 
5437 25699 
30364 95 
10512 1164 
46280 21956 
83498 71704 
54473 60756 
98624 53283 
72153 18027 
77093 74999 
74979 56739 
49684 86807 
74100 74874 
44677 50507 
31061 8965 
51617 38481 
12323 95258 
20906 9276 
21166 49806 
46803 76861 
8892 15664 
47145 41317 
59575 65252 
96953 2658 
62951 39066 
95035 36674 
38636 48061 
42823 71889 
51482 66384 
92904 70132 
62681 93553 
81013 79731 
94137 70763 
89788 99935 
44653 94669 
5136 67962 
85653 83831 
16806 55922 
81436 17948 
83608 43882 
24364 88053 
30683 17462 
48933 67061 
71339 23609 
90334 34351 
49173 6577 
82881 65535 
77574 37633 
51618 29098 
13139 46655 
36434 15317 
37163 61526 
2172 59660 
35073 62125 
30530 12818 
57517 59693 
59921 52597 
18812 19509 
38040 29064 
38525 55056 
78506 83686 
60215 35214 
67747 85618 
87685 62566 
51232 83888 
63573 479 
39132 82887 
77729 49428 
10714 10420 
33506 98856 
64015 62486 
18991 9930 
52758 77054 
27127 16610 
76049 10260 
43806 67771 
37973 62790 
76230 71445 
74089 31646 
25175 43777 
49646 43055 
14267 9930 
70446 55987 
76995 51888 
11388 12545 
67883 49029 
60052 51446 
8099 11321 
93064 93873 
97775 62115 
51537 57168 
27366 87790 
58528 51155 
98637 34862 
26250 64323 
22195 1671 
33678 52668 
92961 41414 
16226 2670 
57576 66011 
98341 51731 
78454 16206 
17123 14290 
68045 42269 
30516 79951 
13844 21842 
77138 21119 
39779 26673 
56470 71957 
52833 38410 
27926 17933 
5102 5094 
85227 65783 
60969 24636 
48531 47409 
96662 39322 
30948 48036 
75199 26252 
78342 38926 
33553 72633 
51725 37973 
90870 31984 
20105 17721 
36635 67539 
58298 29656 
85940 2543 
98982 16062 
95329 13616 
71225 36301 
17174 23008 
68699 43066 
33150 68298 
30006 5972 
48075 54000 
80778 94801 
44241 18517 
82676 2761 
93339 82024 
57880 11334 
98171 76106 
9401 72595 
89567 94385 
37268 12327 
35272 44821 
58572 37807 
27039 29058 
75416 67867 
99774 21903 
98920 89610 
2277 74907 
29767 86129 
83001 22054 
16170 72626 
76191 22639 
58656 24543 
73899 36723 
7753 80596 
47558 91893 
5434 56091 
39166 66587 
54080 7421 
76610 84844 
57778 47376 
80232 90128 
69900 22673 
18487 41719 
98227 30105 
39377 56191 
64264 65712 
51324 98617 
86948 72632 
52236 13404 
62598 77557 
8745 73015 
42749 83190 
68961 14374 
69412 14648 
51515 27357 
13358 1463 
91316 57522 
75152 13634 
38129 86126 
50982 60135 
97949 54472 
35716 1342 
79102 6761 
34158 23053 
55130 35867 
78148 69050 
84709 29848 
1917 31653 
35206 33510 
11028 55219 
40973 58941 
91276 16282 
90039 1728 
43064 5815 
73626 45424 
94069 54055 
51704 65829 
38419 6372 
84849 78803 
74137 79903 
57695 10563 
62268 4922 
72527 7804 
10890 82430 
22925 46475 
95120 69947 
66795 42693 
60262 41239 
5769 17019 
19405 52485 
43648 14178 
49062 87355 
40420 34360 
6853 46533 
365 89311 
43760 93393 
32831 56720 
60175 66888 
2528 69765 
59691 25108 
42496 45183 
87560 88569 
37392 22882 
1722 10970 
97351 62831 
13508 16955 
33372 20878 
52384 11402 
14046 4120 
54516 82778 
30420 88604 
48485 94322 
20861 67370 
13121 81130 
11048 85244 
12222 48636 
5529 8274 
68836 98595 
26772 70352 
27808 92306 
35240 37302 
69470 97677 
79732 29601 
79623 56659 
21076 48902 
51371 52635 
44263 60656 
92921 53552 
24156 95387 
42092 55895 
38184 44548 
43089 57050 
25749 43393 
23997 39156 
78551 52937 
24480 56254 
8631 75803 
62337 78345 
81674 66672 
94852 60914 
21933 27026 
26289 76552 
92127 6013 
36398 66476 
26764 64524 
56493 44096 
50544 97934 
99410 10194 
44871 54479 
57593 19852 
34952 30870 
19578 74965 
57584 74476 
19299 2987 
35411 72322 
24944 22498 
27342 61119 
94485 89242 
46728 49697 
73529 62493 
39042 5446 
87846 30903 
89009 19772 
87640 89441 
83478 34046 
33617 64598 
90812 77190 
75881 43705 
30155 38768 
65878 76066 
94675 77351 
58887 78507 
61717 42907 
9962 96035 
69772 74118 
39779 39483 
67278 16766 
48474 46345 
41476 97707 
85379 88419 
16905 80475 
40444 80474 
72583 23158 
9180 27833 
64526 56967 
97125 87578 
55972 4785 
72100 8030 
51532 62994 
42956 54222 
3460 76988 
42030 23276 
8329 51079 
15200 2909 
40622 46812 
78197 28729 
76112 40290 
80776 51570 
42339 28661 
31341 34769 
96133 98734 
73804 63147 
68835 96539 
75752 60364 
38704 65649 
82370 79406 
86989 54225 
14149 52126 
69241 25998 
38030 58132 
86653 48757 
21441 675 
73569 75453 
86582 57838 
26777 77627 
18372 10970 
89793 38644 
43591 39125 
71081 65075 
91077 8246 
18973 28593 
63221 76846 
98058 7868 
97552 86185 
11886 60192 
73854 2205 
95057 15963 
27059 28977 
54129 55640 
59037 18934 
71223 98433 
3490 63899 
96837 4716 
87259 62690 
49060 70063 
48692 26064 
5277 67783 
19082 97809 
19372 78984 
46773 41972 
22585 34415 
45130 70566 
69361 80763 
75414 63502 
70909 75534 
33469 63070 
18637 9315 
95187 9002 
37234 51950 
89874 16941 
22913 20041 
12908 93093 
16133 67197 
59518 20914 
30143 5580 
60029 51850 
6738 77547 
23577 81501 
98882 9567 
52099 94983 
86173 97104 
69293 20859 
13612 88779 
20297 41677 
6724 60863 
36983 70998 
56822 99077 
31053 21706 
89018 33618 
72531 58480 
22599 5513 
34786 48496 
8457 77624 
38869 98739 
81484 42013 
9755 95743 
97204 16895 
64960 44164 
31382 71009 
92060 34247 
8946 61022 
35808 55099 
94270 18425 
7786 10603 
18743 76421 
52004 87877 
43482 84400 
48327 74376 
55190 17879 
12324 19050 
71329 55138 
54887 85414 
87187 58308 
97891 49947 
31827 66281 
3193 57937 
12564 79581 
61436 60698 
18289 93190 
4413 23032 
20836 12358 
50137 7869 
60557 68527 
63317 16212 
27350 37772 
15595 84845 
51633 52530 
59680 21665 
1088 88890 
89427 89113 
38472 6371 
43951 29840 
33400 14816 
28010 65562 
36715 43984 
63201 90013 
19921 95341 
54890 19964 
54113 62759 
58370 64464 
52948 19027 
54365 21773 
32417 78490 
98815 15921 
46531 62618 
94761 40361 
42495 14963 
45197 84895 
41559 34660 
84924 83867 
92445 23589 
56701 38556 
63094 71231 
92429 34764 
33468 33455 
83615 97793 
27219 96670 
77033 1314 
73266 57194 
11288 74087 
19680 87182 
17886 29030 
31730 3063 
46469 72857 
93564 237 
38008 41301 
98688 68616 
62056 44892 
58303 57621 
54560 3308 
78473 16371 
41263 92540 
57252 95057 
8411 28384 
31078 56854 
87223 62271 
56113 16271 
51535 70947 
44671 89407 
89043 80270 
89476 14397 
95726 75156 
99220 76164 
60326 12686 
37728 48618 
51175 73423 
6013 49576 
91173 57196 
31615 88918 
8411 53928 
32819 78874 
79691 97505 
6706 66860 
42121 41275 
49473 45873 
34002 77440 
55030 95256 
40361 59428 
53638 5484 
60796 76268 
46160 44633 
87694 71068 
61517 31356 
81419 91876 
14993 89385 
55739 12517 
73280 72014 
41524 63468 
38509 61493 
79678 68360 
47961 67887 
5301 90409 
48763 74724 
24214 54915 
47612 4634 
50300 28849 
54377 7167 
67503 6688 
35457 3133 
3854 72790 
67805 55031 
56584 84949 
37826 71546 
87133 51213 
60625 95570 
12807 52578 
4630 69839 
57836 97925 
94140 22044 
90788 84314 
28142 62143 
67532 75750 
97528 38590 
19399 6556 
4851 57365 
74681 61717 
90843 27904 
78312 85846 
50154 63421 
79326 24881 
75091 29630 
88610 10186 
651 5488 
70506 53415 
36683 92329 
20983 32319 
63811 83670 
2366 12618 
38507 86930 
50029 69122 
99773 70465 
40014 40479 
94896 94563 
8157 76249 
45045 73421 
41121 12434 
52754 6638 
17638 42167 
12873 13374 
64283 31961 
26106 91 
4290 70719 
30036 93664 
20168 28655 
56334 75661 
21331 46361 
94850 60706 
6450 70408 
95380 72111 
36910 1217 
66119 81326 
92563 21367 
34152 94270 
63829 28075 
17828 87232 
45279 2269 
23434 17783 
34975 8493 
19327 62023 
11117 34835 
59535 58481 
52979 50123 
25771 71132 
96629 76827 
31966 19233 
67615 52426 
88586 60070 
12545 79440 
55392 52195 
59451 44890 
20737 71393 
72807 23643 
33140 99331 
33277 66912 
76537 55758 
64520 17131 
24517 99104 
49819 83476 
30786 77468 
29808 58515 
13209 72228 
49253 55766 
67005 39902 
25615 395 
99029 24366 
45041 10858 
9510 81204 
52455 67957 
60272 28667 
91599 79635 
59115 15647 
68128 14736 
58953 76042 
54317 97058 
17217 21033 
27421 22185 
86180 6048 
35443 83937 
8034 97547 
13805 74681 
69945 56300 
34350 54342 
33752 48433 
54146 66629 
92579 93270 
45694 17803 
22365 57902 
32451 23286 
90154 12389 
23992 70421 
52955 66647 
43647 41952 
31091 20330 
68125 94048 
68182 70367 
53434 85175 
96228 37367 
4281 7673 
8765 91679 
55209 82592 
7642 82694 
70863 40144 
29696 824 
40076 23080 
78456 30608 
33867 18382 
82965 85542 
20978 43812 
80925 50431 
86256 90217 
76570 95518 
76937 47906 
55052 68070 
9833 25990 
44558 11784 
8440 7270 
5004 12110 
3142 68062 
87875 16464 
19985 32307 
55589 32319 
3902 22368 
70795 63271 
70786 15107 
66066 3466 
59500 11163 
82679 74114 
59670 77778 
23554 52336 
24040 31095 
99841 12241 
35176 82545 
63298 70835 
85495 85742 
7285 7288 
46868 85266 
88065 3076 
51442 86765 
65075 32621 
78886 39004 
83926 19342 
46918 42810 
29105 60383 
31736 79292 
54712 14799 
2915 80296 
61039 44609 
43354 47734 
22375 95872 
39007 65244 
87176 7829 
65442 35590 
65551 42161 
68652 20266 
91021 31523 
36105 53964 
93578 56791 
80665 55878 
49314 75831 
14795 62266 
78228 43082 
75389 60257 
46287 78916 
70581 11562 
90432 70443 
59071 16602 
25918 11355 
39764 84467 
14252 17364 
24964 42218 
66942 85956 
93848 38217 
35379 4407 
74673 68487 
90397 48400 
83884 82565 
26404 55087 
58254 5845 
34443 99074 
52202 49131 
76144 47524 
36583 62920 
56257 21522 
27554 33864 
35286 44768 
94516 13970 
45742 17868 
44664 19232 
75603 16683 
58350 33752 
60818 76628 
54230 7814 
85019 91279 
96104 43975 
19082 23288 
14363 23896 
45793 98381 
4133 40470 
5571 29040 
79503 64748 
68067 93538 
8592 95218 
81422 78075 
27812 8193 
76068 75042 
35265 52378 
3178 18813 
93070 8129 
69214 31966 
26276 62465 
87509 49467 
92077 34637 
5392 86104 
7197 23794 
81117 13332 
63596 40313 
78679 15702 
33069 25357 
20588 4179 
59830 59467 
88768 73875 
66846 10264 
91958 7165 
56466 71834 
24365 39593 
68792 3875 
24756 25633 
72296 87429 
7819 64144 
325 75794 
80291 69190 
14426 34196 
73259 940 
70849 29829 
18952 3474 
90096 55082 
75497 31575 
81066 41093 
56282 86976 
51121 46187 
51964 26020 
41299 84360 
42591 45330 
61971 92618 
84944 99846 
68336 22835 
25881 58441 
7511 83705 
36375 56364 
89311 51463 
82838 60858 
81402 14197 
52482 26573 
6138 13935 
27665 80772 
21194 3102 
60499 44810 
99014 37516 
33519 68037 
81121 86794 
4757 22986 
72508 54842 
26319 86604 
58607 68040 
94405 11309 
72742 6832 
35682 71743 
15512 27573 
60011 58374 
29201 45845 
12768 77477 
60121 29870 
41331 8513 
99661 83227 
49786 64577 
80900 79760 
53500 99304 
21768 50397 
60935 4548 
48030 11515 
3914 47114 
99789 67596 
9541 99966 
23735 17049 
57059 33589 
80021 39455 
91154 46574 
47426 44883 
69574 30955 
93413 21515 
7383 87526 
86664 26508 
42792 29042 
68889 26836 
90213 35158 
69969 11782 
65033 51909 
45890 66849 
61593 60694 
42490 20013 
40921 76974 
39671 45580 
38042 77263 
10542 38358 
29975 94517 
37839 51385 
15052 66624 
66033 24189 
41760 70477 
31672 15347 
91043 24990 
6803 93051 
59844 399 
10725 30470 
15643 28343 
93869 98873 
91839 67460 
74233 50808 
72057 42622 
11623 38057 
67790 42425 
37837 14674 
28287 29185 
21965 34088 
34167 88457 
39148 61069 
16975 20934 
28417 84316 
15748 58651 
70650 33466 
28626 69480 
91207 75534 
42632 99195 
93480 90101 
27988 88767 
59364 10 
64665 96031 
10582 64900 
28341 45510 
10815 28597 
544 27935 
2759 48189 
83475 71871 
16519 22576 
93856 13878 
56141 81325 
82112 738 
69647 90867 
73321 67573 
34575 84394 
54540 49012 
45816 24240 
39514 97104 
75463 61105 
26225 99292 
85404 63183 
25313 12508 
12559 50037 
78177 55340 
13958 81058 
2356 29222 
54238 16359 
98808 71724 
41708 89181 
30765 80274 
70758 3189 
37088 83030 
8203 95482 
74401 75110 
69029 86709 
91719 83028 
63088 73367 
28922 67945 
58399 4188 
96135 29188 
99036 22438 
34902 23544 
35982 49054 
84064 72930 
77847 27700 
73281 93295 
45039 52158 
45432 41013 
15736 48912 
65412 39498 
84925 93352 
7368 18433 
18821 96694 
24971 70731 
76119 12557 
82 8238 
84829 77066 
33988 76205 
8859 14419 
92374 68642 
12031 11032 
40282 71988 
28889 85733 
6549 52830 
81434 60860 
98542 96988 
38838 69746 
47493 1844 
3224 19703 
2338 21593 
18743 66497 
5679 65949 
43500 46190 
79327 56853 
94241 53329 
18884 54854 
72301 50642 
46900 77093 
5932 44712 
2350 42190 
98935 64543 
50567 93853 
58436 35518 
82189 74634 
85647 49903 
32316 44044 
52669 96897 
91774 61071 
55620 30172 
1229 80208 
29829 18877 
15893 42172 
36337 49327 
3615 75775 
80633 18850 
92430 65801 
4318 90779 
14929 83205 
98310 60064 
6335 18623 
22242 12745 
734 7911 
78856 49280 
35648 89308 
84477 81718 
18985 85847 
97088 7722 
34356 63728 
12026 10684 
60888 77660 
11997 34462 
61824 77531 
62914 33715 
52609 17282 
79915 6390 
93591 76485 
49024 73594 
65088 77874 
79021 83900 
73279 59981 
75399 84098 
4239 42989 
73699 16431 
90392 8092 
43027 73589 
78786 95866 
72253 67015 
93762 17566 
81126 41549 
68010 64731 
56513 99965 
75408 97158 
99940 84703 
36673 87001 
86830 840 
84587 97682 
80070 54367 
69372 80279 
10990 22834 
56785 77176 
39342 71664 
21611 33043 
30547 78732 
67419 26571 
43244 32249 
9836 52894 
3111 22565 
45028 6260 
49934 57182 
87708 35280 
84085 90108 
3693 68941 
5841 71589 
80878 40577 
36384 92366 
79486 69151 
32876 17753 
77533 92404 
61637 81184 
80676 84853 
73263 34282 
96968 35091 
31408 31122 
86490 1490 
83014 57977 
83469 13161 
21920 6738 
54172 33880 
90052 30061 
97747 60738 
80837 9418 
19122 86353 
58005 13395 
3213 13764 
79581 22890 
97865 76518 
21697 52331 
69344 82910 
29729 1572 
28633 73048 
85320 31837 
39412 50081 
66990 70887 
9305 22877 
99345 17534 
34836 76402 
31283 33684 
17495 68193 
57148 83292 
93437 34573 
96429 1916 
22531 78629 
77395 58019 
63841 3489 
27974 97703 
24100 49037 
63187 48287 
3308 88010 
72663 92927 
77336 38225 
53984 18434 
51258 51774 
8071 81506 
89091 49070 
11326 34786 
75743 75949 
5914 3471 
95178 75374 
4363 5633 
15148 81799 
87554 65000 
53342 65878 
86215 73604 
62368 79977 
75212 23552 
11722 80793 
77168 42091 
63752 34416 
67410 32227 
37577 41279 
95732 42334 
30049 53718 
92146 62504 
16031 97218 
3573 72846 
81650 47934 
16333 49497 
53622 63716 
55333 67790 
75375 13611 
15004 28868 
46392 1684 
69347 75952 
85067 35024 
28807 59532 
97311 42921 
60297 56972 
33281 14447 
63301 51303 
92786 85068 
99785 26441 
96307 69393 
8575 41621 
73019 6837 
95864 6538 
29808 59676 
82696 90495 
55996 78897 
7543 63813 
87340 32220 
27512 87801 
99845 70815 
35257 40796 
29007 96478 
10311 92094 
13360 79429 
53358 13031 
42527 68365 
9876 45042 
49431 29070 
75599 28212 
23978 45601 
90422 30661 
41161 18987 
69660 9037 
90475 2335 
91957 73456 
65426 18405 
61719 26431 
22059 15963 
90560 94634 
43654 34571 
97073 74782 
55051 64018 
7113 70518 
14581 4203 
47851 5817 
74148 54021 
67987 62304 
38745 83725 
83807 2775 
75520 74191 
46199 11304 
19500 38675 
47224 1505 
98169 77902 
36571 18814 
50299 57681 
97945 90139 
45831 39778 
43384 54745 
23018 41391 
19535 43971 
46673 46308 
84055 64167 
57092 41757 
2610 77193 
23047 8891 
37360 65892 
34222 52055 
46322 18119 
68590 12176 
89701 62253 
48412 73029 
44039 39544 
54906 35619 
57945 4205 
6122 5566 
44223 878 
15116 11111 
92346 80894 
36284 45266 
2529 83693 
76533 4601 
88069 27848 
94951 79330 
66128 27323 
39734 34582 
58828 72898 
74353 11127 
56289 96162 
26284 65346 
51157 64010 
51111 62847 
40217 35301 
42389 37885 
2822 48134 
33394 31631 
8175 96134 
30737 26336 
73902 95232 
91761 99557 
96896 38586 
7792 32868 
4048 86620 
83474 22886 
25314 41604 
8818 58881 
74425 11755 
5041 50953 
33614 78535 
87874 15430 
77883 42629 
32744 50088 
41627 39056 
45076 60748 
25829 79884 
35941 32966 
67582 4272 
78370 77771 
45359 89811 
72879 18780 
73232 6645 
82088 29549 
45140 76363 
3809 74608 
26371 31378 
39555 55426 
53553 57322 
81155 13388 
96748 40903 
82011 95903 
57645 38770 
1500 48880 
26411 29107 
11112 59048 
96363 6985 
29169 33006 
40479 36953 
7277 66359 
86617 81929 
26162 25955 
89372 86106 
71146 40968 
85678 1447 
48201 74461 
38500 12245 
70420 26078 
18424 30330 
91671 98616 
46444 4659 
89334 46514 
22945 13372 
1207 12639 
97624 83806 
3052 51295 
93042 16574 
72697 29966 
80497 73444 
24221 100 
21111 25630 
11467 28073 
27265 49002 
93977 81534 
69948 95827 
30417 73401 
56144 68805 
14651 76076 
26974 72518 
97862 31800 
82187 19820 
46443 1597 
19410 26291 
69865 14851 
87684 34540 
15342 4350 
93909 71985 
66799 37486 
68153 60664 
4537 83311 
89160 65693 
78929 87280 
94942 90204 
26603 60768 
54992 98881 
10769 30810 
60452 79666 
98720 37048 
96468 33788 
98977 7466 
96998 17934 
68187 92268 
46517 49215 
63558 86121 
85327 23515 
60506 23007 
95596 90877 
77137 85027 
93804 77774 
47289 26788 
31900 45432 
62081 80353 
14287 25798 
56273 72259 
70653 82342 
50207 53730 
85698 1536 
70682 17957 
75971 32706 
64875 54215 
21315 58858 
90227 67565 
3831 99195 
10210 75054 
80798 15160 
50993 74531 
19659 16246 
77221 70635 
52960 39172 
26492 33953 
69039 4643 
1593 64027 
40301 39597 
57126 24613 
5076 89625 
32907 20483 
61327 36234 
80355 89061 
921 76673 
59 87321 
11659 20209 
58813 64625 
973 4108 
82640 25546 
49953 34969 
28643 3251 
89273 16642 
23046 83621 
99652 34678 
15322 43055 
78608 29020 
39087 88779 
82573 1646 
89240 19483 
48842 73898 
21844 56250 
25355 29441 
58291 28965 
87985 53104 
28567 41817 
4780 3320 
19751 82958 
14520 36401 
5351 88067 
22986 34627 
18708 15265 
84500 76916 
99378 39752 
28575 30782 
85300 30523 
11931 37368 
45476 28629 
24655 7524 
48038 6752 
55965 46222 
36766 53182 
29804 75027 
45474 89846 
53403 27935 
14171 3617 
82997 54549 
83480 42918 
34 76414 
34533 7513 
8490 7238 
10404 38356 
9332 65831 
2120 96527 
81696 81745 
7371 5521 
2007 17947 
73288 19540 
62052 12285 
15988 71942 
4943 70067 
69051 52632 
83905 23782 
50728 60922 
63035 12785 
55340 81287 
21420 25740 
68252 33430 
92432 91644 
75703 55202 
68548 1484 
90933 87185 
28713 91864 
46225 41111 
33 24406 
6858 50811 
48505 50272 
47423 23995 
4521 57865 
93558 35951 
68059 63573 
72883 32080 
5734 20366 
37748 35248 
47305 87111 
19412 86012 
12778 22683 
48328 79064 
52891 43249 
28465 97601 
65553 8541 
84926 88840 
58733 83522 
13607 68517 
66313 55513 
49228 89979 
87587 73688 
33792 64335 
13380 17771 
11386 72154 
22154 95836 
97203 64324 
78023 17325 
68748 9921 
39243 86672 
5444 12357 
90531 15403 
59181 81527 
45498 56139 
72819 19348 
26475 20592 
76270 48818 
18214 55508 
80498 92595 
9202 15406 
58626 86121 
79750 89070 
50302 92425 
69551 7901 
50599 70999 
59056 88590 
47902 41531 
28817 39989 
56646 74763 
18833 94639 
50173 37391 
95991 9088 
36624 15651 
51844 13970 
36489 43162 
95261 84745 
14269 62532 
74877 47056 
88711 57433 
64826 26884 
96135 2054 
73896 4948 
9636 88238 
93009 37303 
23250 7120 
78881 59581 
94682 81706 
82701 1080 
2765 69568 
71877 96676 
16560 80755 
60145 99504 
91844 84964 
56768 65381 
7708 14206 
69082 1203 
31084 2394 
44297 43778 
50254 41718 
16267 63080 
49713 77132 
30829 64414 
8268 4925 
59369 97714 
89831 89100 
74403 68986 
62069 60173 
53289 88865 
21979 14982 
96554 86319 
29356 93252 
95882 61716 
49279 66909 
63454 52792 
82929 41496 
39129 39506 
22418 35584 
24858 19327 
99761 73660 
56750 43178 
12753 755 
14394 14114 
1192 2956 
84290 15700 
15786 96912 
39697 55183 
69004 33640 
72686 77681 
82281 47108 
15912 31981 
47152 66539 
21331 45942 
99297 2795 
21075 91 
63905 13914 
81654 71669 
68385 52556 
76893 58229 
34175 99040 
47227 79791 
53234 87637 
83438 1667 
26792 40908 
71422 16228 
94016 37159 
61261 71216 
6487 49420 
78622 34648 
10705 10904 
79462 41913 
85359 81490 
60014 79370 
42630 12569 
73209 20553 
43588 33425 
69972 46055 
96535 11374 
79234 46202 
4153 69978 
64046 26836 
400 84914 
42825 12844 
71324 15477 
44578 71504 
85302 71155 
74816 58282 
67707 57404 
4953 21419 
42573 92446 
62104 88454 
29581 37826 
88509 97765 
28516 39465 
60205 31295 
45318 33060 
3112 50799 
13966 27956 
21354 39282 
46635 46971 
57420 1732 
930 66182 
36685 84812 
87456 68291 
9848 33888 
53604 95956 
95988 17551 
70135 67342 
46251 14775 
16002 95158 
93567 77882 
3822 32567 
27338 55704 
13495 54624 
33714 85620 
4726 72251 
71831 40620 
60491 67295 
14317 48098 
73042 31817 
66399 80749 
21553 92519 
92108 56803 
6317 2109 
18357 76737 
98195 83395 
58081 66675 
34005 19024 
92172 94904 
38648 90054 
76582 77215 
82989 79907 
95774 89245 
92830 76764 
66595 59554 
8835 27091 
7693 25848 
59815 15745 
28741 98616 
52536 73965 
61044 91333 
50 45595 
46491 44507 
7516 73974 
25359 91984 
9588 7213 
15133 92291 
6661 57939 
52303 75196 
78608 95104 
76985 34269 
64142 90073 
76275 29882 
81482 86966 
66385 53930 
31795 18107 
85909 47489 
70657 39442 
92966 55682 
54820 17896 
7505 50243 
71615 62933 
16735 49535 
36573 57909 
66385 18293 
1187 13363 
93469 34852 
47209 33985 
17206 72368 
56469 63774 
93950 52329 
35942 49755 
59244 93601 
46617 43666 
25541 98324 
31698 43109 
77649 87158 
64792 58948 
9638 20696 
41909 84105 
76713 21314 
22505 30401 
93495 40275 
84228 94720 
96139 98613 
93642 13552 
99949 67126 
10931 65807 
26347 40758 
40424 87833 
43558 5720 
10754 71682 
63822 93862 
18573 27925 
66667 68181 
97952 7703 
72526 85715 
83955 95183 
73911 39729 
23341 1254 
42380 91695 
47953 12014 
68691 65471 
67070 71503 
60848 90967 
53842 7125 
20111 52671 
97915 38349 
38620 19618 
71436 44507 
13912 7654 
8848 5922 
55419 52356 
32267 74058 
65914 51464 
63640 71053 
16953 69425 
52561 66736 
1472 83443 
14275 32084 
39017 90368 
16284 22131 
29482 86842 
73941 98415 
99765 81283 
15507 61339 
64422 95634 
55352 26189 
26166 67218 
70382 43047 
74983 66642 
9174 30490 
5672 6330 
75968 65694 
62765 26148 
22329 49451 
39085 7465 
48191 43625 
99584 85103 
60924 60667 
75675 97793 
66192 70111 
76893 42090 
67584 75297 
96535 72132 
33335 5128 
45828 18181 
47954 60246 
37201 80618 
4142 50797 
51412 92820 
6131 63829 
65557 36346 
49413 2359 
89407 34882 
13792 45287 
56031 49623 
56806 87586 
39360 48044 
22785 33564 
26100 20495 
89134 32520 
52326 74606 
55954 65726 
26126 46155 
47650 16425 
96815 26915 
35951 80422 
98534 24901 
12584 3842 
91453 40512 
36815 66756 
47339 63271 
58201 66642 
77892 68161 
68069 93996 
84063 18001 
64636 33970 
12466 58894 
26115 72470 
41019 29435 
73784 32961 
80131 91211 
72685 21076 
68021 28053 
61503 8127 
59182 54576 
25109 41772 
53502 20723 
23392 32302 
90278 98354 
68177 26445 
36066 88354 
96427 47035 
28287 92321 
22353 46557 
97502 51554 
63694 95328 
80457 67902 
28109 940 
53254 85972 
14513 34600 
59448 34257 
31138 22152 
81381 93928 
57192 42773 
4724 88377 
78232 66771 
56013 63998 
6701 55371 
50823 63315 
58558 40022 
76318 75184 
94512 96524 
46027 83702 
50129 30123 
7005 27307 
72881 91758 
49950 22686 
56220 52749 
71365 4272 
10837 75477 
63540 79424 
41491 31000 
62878 1839 
4142 31016 
70042 21295 
2599 61263 
66395 76542 
46484 26156 
90402 59937 
33043 40358 
4908 97398 
34174 31999 
81661 55287 
67028 54358 
52938 7048 
1615 38091 
31833 66730 
12102 54485 
82531 23962 
9797 1675 
29788 95528 
5331 70451 
32911 42366 
35097 93976 
13658 87646 
52786 36659 
19770 11509 
30641 31408 
26281 91127 
37097 31629 
25240 931 
57496 4578 
31199 87161 
2853 56066 
34547 83361 
7960 43006 
67723 38970 
54595 99941 
10364 91886 
68212 78419 
48582 27675 
27189 73983 
20889 33042 
92590 94537 
28669 69265 
13327 5974 
62641 62450 
86760 76224 
98413 31819 
57931 27231 
44024 54655 
22047 95904 
80269 97115 
54225 99680 
20636 23798 
28186 131 
31861 35779 
1234 58890 
98369 76766 
36766 84195 
84293 90094 
7486 73480 
45303 5460 
72626 67672 
69122 83635 
50675 46277 
78404 49816 
15478 8789 
12545 1846 
28049 7622 
16058 88234 
79007 20512 
276 12717 
57302 76201 
12440 37037 
79733 76233 
41663 21695 
12714 87817 
14744 65615 
92883 17960 
86536 79971 
6324 17467 
9282 58890 
17555 4887 
73314 90278 
48896 45132 
47481 83738 
98421 65245 
11887 79351 
50434 40661 
67772 41019 
76250 39326 
29778 31182 
45028 68150 
54411 9841 
64516 26553 
35117 213 
49781 35192 
99230 15717 
74341 74517 
74923 48608 
92597 37401 
57337 79237 
35059 72836 
92233 76741 
68579 73599 
12788 26911 
82653 39759 
10568 41047 
9825 32049 
95241 70809 
13335 14381 
99274 78372 
78358 73132 
13607 88658 
24536 92380 
98242 80965 
16990 58855 
97709 61013 
90569 68147 
5516 91248 
17853 4586 
63988 47164 
45230 71214 
56329 10513 
93386 53397 
46231 6405 
68607 9869 
47055 40679 
59535 98414 
57378 96313 
362 59836 
82607 3251 
65925 3562 
73399 4677 
26743 60928 
50798 4625 
32787 98095 
55259 96711 
13602 9556 
52172 41879 
79381 45301 
49999 84208 
82682 59980 
38831 68186 
53711 10775 
36933 48249 
53436 72196 
40762 61995 
98268 80648 
9987 72139 
97646 69359 
83188 69119 
11587 5166 
12195 66182 
79103 92614 
23460 11865 
90371 68006 
63358 90956 
75622 66243 
60998 84360 
61961 6719 
46898 10718 
5652 11006 
98799 78200 
41902 34701 
46906 33587 
6746 68580 
60037 7568 
76384 40059 
51411 20131 
38157 24969 
88250 27964 
54312 61798 
62877 67023 
4832 45791 
84659 67684 
98786 68681 
81957 97382 
25059 61329 
61102 16186 
72733 91185 
55504 14450 
89040 64227 
12126 38499 
58490 81920 
4860 258 
80657 7738 
34736 9790 
96063 4921 
75447 65893 
59686 17399 
49322 89251 
89870 79182 
73664 85033 
26739 54033 
285 77443 
18695 26850 
82110 67381 
18189 90969 
39862 26223 
8649 1439 
69153 53632 
3347 93361 
23688 95419 
53884 96483 
33853 38627 
81160 12512 
71589 75367 
94834 59994 
52261 54322 
98690 33075 
72134 19475 
88753 65140 
16101 69222 
38638 36040 
34464 55936 
32296 12509 
79869 85913 
48195 65385 
15896 72744 
20943 64367 
57334 43342 
6456 11289 
78845 95141 
54988 36298 
33495 55474 
52698 47788 
55553 99649 
26903 96606 
82972 42979 
22755 87778 
24157 33815 
49805 48887 
10875 39573 
65777 43249 
24608 35821 
11819 98143 
57152 79678 
38635 3630 
67953 73092 
66085 25843 
30434 99016 
224 70162 
17497 44044 
91184 24314 
62396 4796 
52950 9158 
45365 12114 
81747 65857 
98645 97122 
3656 12067 
92977 66212 
54009 6976 
67161 48274 
41242 75218 
88945 26738 
76076 53109 
90284 71495 
53274 37135 
2922 41297 
57675 34254 
31294 35926 
28813 36327 
38900 39267 
59143 66884 
91571 9328 
19755 77419 
96495 39340 
4427 2537 
99367 35241 
57940 18547 
53712 29198 
7865 88465 
56204 76207 
50287 17873 
49721 61450 
49502 90754 
31904 79706 
99235 2138 
71154 34979 
58715 55281 
24282 48443 
20745 45131 
70441 55829 
90909 6911 
24502 21634 
57135 68965 
69694 96790 
7059 12330 
54122 98914 
7007 6057 
28667 99800 
90840 56889 
64841 63525 
19542 84689 
80291 90329 
63145 10863 
16961 86421 
25414 26060 
62319 97860 
78723 85513 
77584 17922 
1603 65704 
98577 1627 
14726 4334 
4555 98567 
92365 37169 
8356 45745 
85920 39888 
7169 45802 
33623 80855 
47438 92865 
46326 91613 
99662 98144 
53055 65883 
9299 10510 
62062 4992 
88489 23465 
43127 37914 
39978 9216 
65147 57474 
59421 23035 
29357 30777 
45144 76630 
23029 61547 
55465 87955 
81058 4823 
92876 76701 
83615 60337 
61622 89642 
36839 99880 
40662 8106 
80559 16143 
37511 10984 
42117 15704 
40139 41055 
8570 17281 
63859 49819 
20924 57818 
98094 76600 
3517 53639 
93885 51377 
29246 11631 
97233 97616 
87090 36326 
25584 51321 
62194 32719 
5236 5571 
60783 61819 
35935 36033 
12245 66173 
25620 62228 
58964 45975 
43043 51779 
829 32887 
68913 80441 
95800 78324 
87232 19402 
30536 45697 
47672 33154 
65800 72020 
47108 36178 
30189 43241 
23843 74768 
82747 9839 
31598 71475 
90068 54444 
61988 94010 
66774 11625 
13998 87859 
9539 31518 
66895 42435 
14363 73558 
99021 44288 
4356 14360 
9088 7716 
11022 54660 
38889 63031 
45908 14244 
66736 25855 
71409 10900 
39460 66951 
29665 29703 
37510 51456 
16672 2313 
22419 18804 
95099 32471 
98865 30199 
23766 23505 
34546 19180 
44339 86410 
20292 42661 
6514 32956 
20076 44735 
31829 87274 
56043 13625 
13180 81485 
97166 33355 
22259 36231 
71843 6004 
50315 65290 
4486 47888 
39017 85019 
84113 43540 
67645 53946 
8946 75087 
50455 15628 
15210 31407 
63769 68744 
90584 41411 
66207 42400 
93207 68860 
97424 11775 
45617 52306 
40847 49441 
49728 73072 
14094 71142 
73680 86631 
7137 1231 
94345 58300 
22718 52689 
40274 2856 
86138 89319 
69069 39520 
82267 13643 
30414 38663 
46447 3010 
11428 54673 
82964 98557 
34530 10619 
9834 36914 
79676 24653 
31894 2940 
32601 45530 
25523 73255 
18617 95203 
77788 14979 
67557 141 
60417 1845 
69590 29821 
34732 10723 
23967 50806 
77490 65590 
53106 47859 
89584 3137 
53013 59781 
99653 44429 
77667 26917 
2842 70412 
9780 49771 
81335 15609 
53281 13702 
37747 13910 
93870 43377 
35042 53165 
13182 12477 
77385 21156 
9362 49083 
85184 54507 
72278 45245 
14536 34250 
85124 422 
46404 7004 
75834 2805 
24063 49094 
21502 79962 
48706 32462 
16922 30831 
52582 95833 
54398 84757 
56616 72366 
26129 20102 
85195 75884 
52752 14893 
54669 1801 
62064 95030 
74041 55966 
90440 91785 
96476 84931 
56161 19626 
38437 44497 
58618 37847 
39627 9919 
90304 65046 
71376 767 
9504 74196 
13720 66198 
10783 7853 
12139 52274 
47640 18010 
93755 51966 
7107 53142 
69794 20605 
9626 86204 
76175 24805 
9168 1661 
7348 81259 
98362 37036 
79820 33307 
81308 5079 
21312 7809 
62793 6311 
19048 92614 
16759 78529 
76448 75781 
39195 19808 
21297 91735 
61012 64577 
80469 26644 
94996 88573 
86361 45566 
17609 67752 
8441 17315 
41167 18721 
9621 29462 
14876 3781 
11678 5546 
4181 92391 
16528 59299 
37119 32668 
70869 46605 
73570 1480 
80580 4867 
48791 69754 
78220 1630 
66085 40817 
22067 49530 
65156 93906 
58375 83049 
72486 92405 
9854 34012 
47950 96973 
62873 87460 
77963 57370 
13458 47209 
29571 43644 
97911 91355 
72217 17266 
77690 51929 
94303 35856 
70188 10086 
90210 31371 
17136 58429 
70098 890 
60577 45459 
49599 1619 
52717 83662 
9414 47291 
60405 72345 
75872 61798 
37630 59107 
62655 57767 
30107 39708 
31204 72671 
44902 75085 
72695 13186 
65004 86427 
88042 29647 
13843 74437 
44027 66829 
77995 97314 
13440 14649 
77653 33479 
65039 13035 
33903 49711 
55155 48817 
19463 93094 
86940 19377 
95261 26066 
45532 27692 
29052 27878 
87843 16503 
64292 92864 
64169 45508 
57530 66216 
75531 64804 
30855 71317 
25405 40255 
92237 99180 
7417 42018 
61113 50200 
81634 16131 
99129 41147 
31207 20944 
86706 16223 
58449 25035 
4919 30020 
74793 31383 
79173 2318 
62660 13741 
16232 79944 
38888 25449 
19409 79263 
29175 68398 
98047 24414 
70911 90409 
96906 40991 
97770 12979 
58681 12654 
23649 78167 
98555 59015 
35769 43342 
13602 47168 
27206 45555 
71770 6330 
47640 3531 
25306 75352 
27751 24551 
71697 76200 
37527 35957 
41547 73048 
71588 66587 
27284 46212 
15737 62107 
79186 82949 
38058 30069 
85960 62992 
65188 75414 
25902 95720 
49796 5256 
21710 47970 
8845 52931 
57058 86760 
13848 95643 
16293 49591 
44153 17458 
89969 46454 
72167 99984 
48377 92352 
35481 6745 
22851 66846 
65016 64094 
50359 98067 
80599 31430 
30698 72593 
35772 96575 
17632 79745 
92199 28337 
