88744 42208 
14513 14840 
16313 69209 
74876 14028 
4433 97307 
26686 74959 
76111 15414 
69237 36467 
6671 30599 
44363 73324 
48083 89053 
37101 23050 
86026 2702 
20499 72136 
47466 20878 
65161 58329 
14158 84196 
48269 82446 
13194 98686 
39109 13103 
49559 72229 
8554 10842 
17648 62458 
8456 94304 
78762 95556 
93605 20438 
19877 28764 
13662 53140 
15261 45895 
85397 50331 
97045 94807 
66600 8133 
3421 98511 
92194 62638 
13866 97504 
351 64703 
99644 9890 
71842 11275 
14811 27992 
29368 37924 
28044 5424 
95298 51610 
48830 26951 
86005 10108 
32915 94975 
28919 35133 
61371 11135 
24439 79846 
75242 79217 
39016 58280 
13455 6503 
7993 84149 
45527 34648 
47205 59555 
12570 88330 
20885 338 
90199 90159 
90055 84089 
65161 53709 
70408 59312 
73867 33057 
61552 59782 
85463 76814 
70561 26838 
24684 7421 
41906 54157 
20463 22326 
23153 34512 
35092 92695 
41199 6078 
75743 17412 
37378 67021 
15205 75399 
11402 51468 
51971 7643 
53907 37344 
21102 51852 
5278 87166 
26814 47246 
64470 6556 
5298 24800 
85670 42068 
42028 99077 
42989 29841 
61648 81835 
13715 49687 
80500 44708 
29247 35383 
61964 68498 
69473 41279 
42996 30023 
31112 67760 
6594 93955 
83511 3670 
59398 96699 
36351 52494 
36244 32145 
82940 70928 
94174 74982 
50021 63378 
77303 6274 
80426 44020 
30869 38133 
98484 99244 
17931 69563 
59696 57593 
45363 43945 
66028 1798 
37181 20128 
36043 38022 
2673 13712 
55144 71165 
34427 12889 
95366 21863 
37066 24050 
86439 60784 
31346 56402 
40229 28857 
239 11956 
79240 58304 
43740 7490 
96489 8616 
87338 18495 
78864 84099 
45448 1585 
58984 5141 
75584 21509 
21605 64073 
71621 81647 
79806 8309 
35264 32731 
53426 58365 
33626 13578 
27681 86469 
97862 59707 
43394 52617 
42839 997 
71951 19287 
91087 57905 
57855 43436 
65603 37279 
69700 74985 
75567 23408 
86377 74691 
56602 57749 
59521 1107 
42976 1580 
35473 6289 
42930 79919 
90445 22962 
60360 12094 
31118 22064 
56114 44659 
39550 68876 
70426 15715 
96074 8429 
34357 96184 
96760 66399 
82554 73231 
93050 60426 
42273 63774 
20361 78605 
14313 71913 
49692 96811 
80362 33081 
91730 74631 
68227 19905 
6440 90824 
81517 19944 
22818 53581 
53575 33932 
53255 48275 
16803 84585 
94875 65960 
87979 70712 
46236 89598 
57796 49090 
31961 1752 
38544 77467 
20138 17498 
67724 6046 
37733 39300 
87333 61924 
37817 76848 
18700 31250 
49040 74127 
30914 7192 
42601 38464 
57293 38359 
84837 71831 
48774 81912 
4625 63407 
65717 38382 
93931 14197 
348 21067 
77121 29447 
90890 91906 
30079 32678 
35428 77840 
3695 26333 
38640 66937 
7949 48363 
27733 71919 
42608 51508 
55321 40259 
18465 62600 
66383 84625 
99063 62913 
44102 5194 
7046 67387 
65067 76277 
81523 70512 
88190 73650 
43263 69698 
73649 26156 
23080 73190 
78269 85364 
35411 48858 
1991 20484 
33876 72657 
66398 62206 
68541 91134 
90759 38789 
75607 21000 
93657 70459 
69440 70665 
88963 14065 
74118 83523 
63788 78949 
27092 70872 
23016 67098 
11102 23523 
60103 25924 
22123 65500 
67067 40368 
60928 40629 
27932 32566 
43757 3426 
49370 81898 
63601 19356 
69865 26037 
97795 66365 
54469 54464 
49883 69513 
26057 59938 
34128 93634 
5946 70530 
59583 65097 
36871 45077 
47301 93097 
39512 78320 
19026 13325 
10109 28441 
28653 82439 
1204 49411 
68735 10443 
40108 83251 
73533 29913 
30446 43230 
57319 65936 
50963 98006 
72124 88690 
12748 48856 
42600 1810 
61144 77391 
37372 43967 
11807 29517 
65989 58559 
91768 92951 
48558 16958 
15770 20160 
91118 64466 
65801 46418 
14009 94923 
57433 53501 
22764 49892 
70440 33576 
81470 81366 
93134 14941 
47057 13172 
79961 21568 
49665 85544 
50115 51727 
59004 69773 
61284 77521 
59535 95435 
77106 86764 
68338 41352 
9518 11388 
68699 3295 
57903 12463 
99712 66350 
85771 20895 
37636 77951 
72717 65011 
28246 38769 
54465 51489 
81104 2968 
17035 4464 
16449 6768 
42443 9165 
63317 24837 
12778 51036 
43534 87719 
67124 89078 
40397 80313 
71520 53001 
43129 81370 
5968 7816 
78608 97052 
94520 86570 
90417 87743 
4523 52241 
1898 86690 
19354 13153 
4707 61419 
45326 82772 
47254 74495 
47890 44397 
58457 58850 
24900 54006 
31400 34740 
15385 90369 
8766 60326 
11146 40584 
57332 25936 
85476 91304 
92341 73260 
78362 81159 
14231 45064 
80806 58289 
49979 48404 
42180 78389 
49251 44950 
84081 73281 
71543 65662 
41674 17830 
14704 83921 
69299 23842 
77480 71128 
40910 93622 
19156 1879 
47933 72999 
77882 71985 
47195 53854 
35958 41946 
39819 89596 
75107 20921 
68307 3510 
47709 61801 
3534 89548 
972 46686 
55950 27878 
30192 3875 
86010 63382 
4549 12444 
7724 24315 
4272 18517 
76159 90444 
31557 8554 
24849 55255 
9290 59294 
72275 65185 
61383 11415 
47933 60358 
76470 94554 
97980 85896 
92741 65031 
18037 90685 
5831 4397 
26471 81294 
93988 66926 
35299 52795 
75154 57187 
97846 75346 
59106 65046 
12395 75639 
34493 84764 
39261 15721 
35371 97298 
45095 38170 
64752 469 
22696 16267 
13725 30365 
47176 20531 
3855 29153 
20091 88889 
97864 79429 
21965 66727 
69005 43282 
40613 65236 
93059 15457 
67779 71671 
28573 24306 
59823 33577 
80723 91674 
39515 30487 
2100 93406 
75517 41260 
69748 45880 
13672 12972 
91963 80778 
49992 38142 
40615 60235 
29056 51095 
75192 27593 
23508 61382 
23298 85172 
447 52433 
8968 39766 
8720 86996 
74992 59060 
27480 77431 
28317 37674 
834 98541 
48647 80270 
46020 43377 
39511 70975 
63259 48354 
68363 13275 
94283 42984 
37692 92660 
73516 11701 
52631 35436 
90975 90465 
2245 11478 
39179 59250 
51450 56109 
47722 32997 
48413 66879 
18601 98251 
88337 64703 
63037 90465 
38696 95611 
6198 57812 
23236 89354 
70117 11370 
82532 84117 
67061 18663 
77350 72831 
35701 57797 
77785 25867 
30648 12806 
85907 97330 
32294 57336 
72542 27773 
78336 43420 
69882 14790 
30988 84836 
50755 34817 
84588 447 
42679 64371 
87166 61899 
70230 67042 
96509 72208 
92803 83744 
16350 86985 
6478 88042 
61550 78476 
8523 45818 
82455 34039 
80946 49098 
38129 75373 
35555 77562 
45715 82511 
77155 78082 
48933 7496 
83772 42543 
42556 66678 
73237 7304 
61672 7649 
23959 93841 
94665 57146 
44412 59399 
7035 69586 
40627 28969 
69541 12423 
13895 35435 
68641 44143 
31911 3441 
39768 63461 
55779 74356 
4721 34164 
72548 84626 
13305 19057 
78378 77911 
86313 88591 
80973 52542 
32036 4993 
41567 20213 
61739 21132 
56535 79206 
60850 74817 
86630 86054 
82114 3880 
77849 43211 
14534 55150 
82126 7139 
47672 11278 
78307 61142 
94710 13415 
14293 90356 
59651 14832 
39755 42491 
34126 60871 
75505 57239 
87532 53943 
70362 99702 
70519 28846 
29302 38760 
86369 33260 
57680 69995 
97362 81062 
55495 94590 
23995 21955 
12935 30595 
63718 49944 
3880 50966 
2861 55281 
47535 14029 
20504 9790 
10062 76309 
86276 63835 
47841 55100 
35402 24716 
51915 38739 
63812 80900 
39194 26220 
23697 34244 
50179 14616 
15643 3256 
55217 42700 
67309 64436 
41734 42249 
60583 5861 
53427 44668 
19273 77464 
79038 39930 
97577 35780 
43142 87241 
15948 97502 
34266 32409 
75439 35761 
16723 95601 
44206 75834 
11659 54971 
50566 72850 
158 66601 
35873 83067 
96592 29244 
17420 72426 
64000 23562 
86696 41341 
94890 29881 
21541 83058 
60681 55880 
22085 34427 
40891 86264 
89841 22563 
79213 101 
56906 58600 
77792 88358 
37961 80670 
33295 44097 
21591 2182 
38771 90864 
39448 78666 
23842 60983 
51828 66644 
82422 34810 
66524 11422 
41945 4414 
64092 67155 
60999 30725 
37203 22195 
3285 21914 
64297 75477 
25002 72522 
28532 85579 
30015 67863 
61814 93083 
92610 76248 
40715 99019 
21126 22787 
86143 67401 
37478 62835 
21888 8259 
77303 50601 
28483 89070 
73418 28986 
88312 17124 
71306 50432 
55485 33098 
39474 75349 
99740 57025 
79874 84671 
67438 31809 
13912 86107 
74748 16583 
18177 89894 
98165 92483 
10633 79136 
55759 56744 
42823 2285 
78885 97564 
36539 70862 
58560 61803 
14451 54218 
13318 50329 
13346 24966 
66061 1704 
35908 23618 
36288 53924 
92386 79072 
51056 6022 
7038 42756 
53094 36639 
15883 68557 
37772 75007 
62091 98119 
81913 61320 
3249 91635 
36949 78086 
80773 77982 
46508 81808 
65897 84835 
14232 15219 
88955 49342 
91494 34304 
79089 3040 
76633 41481 
90038 70832 
17438 76530 
64337 23205 
86834 80289 
93024 73284 
58055 12601 
60882 15905 
40092 75636 
28269 64551 
46764 66480 
89739 53852 
63514 58739 
66966 40249 
44868 91919 
38863 51524 
22462 29491 
85357 7060 
28640 31764 
22912 55041 
43871 78105 
39689 50217 
57548 64531 
96153 26435 
91220 97332 
42942 1839 
70919 1127 
22013 91446 
50939 60662 
59328 91736 
85290 19619 
27783 44999 
15022 66884 
57592 87327 
89707 50933 
98016 33485 
69588 76400 
89119 54328 
61254 53383 
85104 57999 
24182 89683 
81874 94828 
48063 38908 
40572 67676 
41571 43274 
66173 44410 
92078 38921 
95593 37252 
52787 23700 
73323 34947 
88840 22648 
44250 48009 
67215 24715 
73128 54728 
6544 5864 
8044 16233 
12455 98239 
41288 62532 
11665 12893 
85182 38328 
63750 74409 
72701 37313 
73374 79790 
13151 46725 
47734 51099 
81683 70130 
44060 11571 
98090 95736 
30271 78341 
55128 29948 
38175 31396 
89487 21475 
23141 87998 
49616 59972 
56706 84597 
3707 45011 
69355 44107 
48492 86147 
29519 85431 
24867 12869 
91843 14269 
19920 44455 
72843 19453 
36585 94039 
15307 87484 
41946 58662 
84167 39407 
63101 77622 
95977 88816 
85564 25153 
21811 17517 
23301 40260 
19054 66278 
71823 86491 
41432 42066 
26147 77486 
48607 50338 
43966 342 
86740 71170 
61044 18137 
39671 11423 
20640 35412 
56684 81614 
61642 65971 
47333 65819 
21182 51032 
96370 75664 
46602 37629 
92558 5360 
78988 42029 
83992 33726 
65835 91080 
69528 51284 
84002 55528 
11016 25755 
5731 63692 
4252 57669 
20317 11329 
77912 19307 
31900 64067 
99222 14816 
89924 82492 
52675 47103 
72922 86788 
23876 27979 
38609 17768 
64413 22030 
73650 44203 
35627 71845 
25025 12535 
29270 12437 
71553 34409 
41239 46129 
98945 59855 
30940 15633 
74636 89557 
33300 82701 
79721 38313 
3042 92484 
44438 73624 
61567 79611 
50957 18266 
85626 50978 
12634 23802 
23946 62428 
12416 93147 
53070 91671 
84755 54632 
86876 98262 
55175 67466 
35635 52887 
9530 69029 
69869 12871 
51044 58150 
81945 18579 
17382 45339 
53995 86238 
72265 90850 
34655 76729 
56588 94572 
99052 27021 
82503 97880 
16577 41178 
80607 6943 
79213 51241 
65154 49397 
49524 74789 
65116 31865 
71887 15632 
79972 74499 
53143 76816 
58238 60543 
59584 81015 
64047 53842 
96000 22388 
92515 5295 
29540 6101 
18130 90454 
96179 66979 
12101 94756 
80860 97113 
44340 90361 
93672 53776 
93726 29088 
73962 63612 
26256 9673 
41809 86816 
64927 64356 
82071 55922 
67414 49777 
90011 57793 
48062 20196 
29536 84547 
29224 7270 
55117 39428 
83635 29921 
26743 46960 
34325 10274 
3561 83285 
11433 77209 
36366 12167 
26387 97775 
91659 84926 
13001 88504 
30758 38432 
2387 23632 
36271 4300 
43962 75283 
25207 24549 
58357 91876 
13114 54250 
9714 45315 
96855 20058 
14642 54976 
4969 95036 
62990 27074 
24034 44796 
11664 31672 
47079 97756 
26834 76418 
5770 93164 
92219 26043 
41973 64565 
71474 59701 
46255 23514 
11318 54447 
41002 18572 
98631 32445 
14016 58037 
39589 11958 
14847 1318 
11772 57713 
10565 43547 
51256 34961 
60257 40713 
75817 33328 
8305 48549 
12707 41532 
15297 77334 
94824 22078 
42432 96984 
12676 56251 
80358 61966 
61168 4042 
66616 64042 
43 51077 
67202 62279 
54718 95186 
7234 84429 
20273 58950 
23312 41538 
95542 1366 
75891 48486 
66510 41727 
3795 97225 
78649 1870 
25032 86540 
86348 19125 
88123 72474 
44279 81660 
56382 66893 
10276 90287 
63973 78202 
62270 56434 
16987 57825 
92830 4626 
25419 88836 
34000 59658 
42636 29006 
82467 63585 
57762 99511 
40434 85710 
33407 92715 
61165 59950 
6239 57650 
89789 8274 
71120 10245 
19769 86354 
50908 6800 
43321 18121 
13452 13894 
60114 69628 
34942 5619 
22770 49427 
24486 19928 
39910 12615 
18621 9912 
27960 88760 
26462 32902 
1435 50118 
56274 30596 
18078 85878 
82478 66748 
50036 50586 
18449 5493 
35146 10488 
44938 32992 
73451 20220 
6561 47834 
73210 24087 
29478 71522 
17982 91101 
32300 59372 
21738 61049 
99161 24268 
62516 7 
59052 20991 
36778 38081 
68695 77206 
56429 89549 
27604 98699 
18355 36195 
63444 21073 
12370 88266 
13400 27903 
97648 24342 
92992 6170 
69954 51324 
87610 63852 
62456 18832 
24034 91659 
71379 68459 
79281 11131 
74464 97706 
62355 14742 
14967 70795 
60831 70114 
56823 14175 
78655 30104 
77673 93198 
4158 63256 
55575 78282 
38005 95021 
22543 73786 
79624 29109 
3418 928 
17679 514 
32171 97242 
95183 96963 
39342 19387 
23143 73950 
34143 13580 
97915 80004 
62643 48473 
36955 3473 
9498 88994 
85239 49866 
24837 26486 
60347 59658 
223 70430 
98059 80484 
87985 50075 
32264 14774 
56788 70532 
93123 74121 
2942 17167 
35599 85064 
91742 4590 
16846 7482 
86056 22103 
25424 46402 
30388 36144 
27874 60785 
97824 72112 
38956 98752 
74548 12865 
40648 17686 
52018 19271 
72032 79793 
20438 99381 
87236 48958 
8811 27096 
31868 53110 
96663 38665 
19700 17800 
30402 15889 
846 21352 
13355 98630 
261 69678 
2660 55999 
71126 39728 
38461 85588 
51528 94580 
51317 3129 
34809 30245 
42204 31193 
64059 74586 
6204 94829 
39458 22074 
75729 84514 
83515 54630 
92054 52316 
43712 68440 
74951 65894 
24683 99359 
49401 56766 
32766 15421 
5620 64208 
84611 23968 
14067 94219 
78500 23038 
90619 84191 
52156 11906 
8771 88221 
53995 64054 
85505 75448 
36175 57351 
25365 64375 
37220 50844 
93327 99811 
59643 95328 
1220 15907 
63654 65735 
34705 18665 
91967 7376 
18274 64415 
12602 95223 
14223 6896 
16752 15648 
78256 34928 
36971 93429 
49118 25095 
57280 3334 
32606 89414 
71287 25212 
51306 6665 
6992 24302 
70601 87887 
77689 64308 
78740 41456 
37204 89840 
94208 71249 
14698 46902 
97137 62595 
79356 45401 
33182 85003 
38503 6011 
18069 68127 
4037 75226 
78909 87983 
71544 37080 
4446 34116 
44057 97753 
40529 15246 
98143 70170 
59407 856 
33841 39692 
51849 89253 
71970 49142 
39624 38817 
62395 1654 
82547 98493 
45086 43210 
59050 25978 
62128 53237 
32208 87683 
53346 41272 
74109 93178 
80772 20444 
10686 28690 
17920 4402 
66365 19143 
8694 53341 
33320 66307 
47698 76882 
63660 81804 
58841 86827 
84509 58038 
52344 81193 
65763 97572 
21594 32423 
28179 52012 
775 47320 
65524 5189 
41802 63961 
68635 72192 
84807 51795 
81561 75816 
90251 85061 
90336 4991 
72764 66844 
43494 55983 
26837 91306 
30086 6470 
62789 45043 
95734 75042 
77714 64975 
60184 74217 
70640 89864 
10855 73783 
73679 65250 
86018 53089 
11726 87515 
28555 35824 
22051 1778 
86641 68928 
62158 444 
61223 28438 
9332 4482 
51842 9406 
8569 47921 
32131 84456 
56884 27498 
94212 96134 
21486 24072 
37270 81866 
76923 50152 
39742 17180 
11992 28758 
46828 2781 
1065 62852 
25452 14133 
56479 11700 
87350 78389 
78704 50781 
57577 42850 
99229 55226 
70580 51534 
67492 13301 
8817 52044 
67595 46043 
60002 13585 
63179 81940 
58176 48824 
59564 11415 
91102 97198 
41071 24861 
1899 45361 
88444 20146 
86356 31654 
6392 50703 
89024 5789 
94456 73753 
30979 92378 
75804 49682 
60063 37514 
57991 38220 
421 1301 
37339 34851 
92338 96035 
74301 91727 
55657 59696 
61037 71393 
80466 97455 
74386 88739 
47266 20131 
57527 6856 
5535 57792 
1842 65856 
94319 29188 
6834 40211 
71466 3250 
80443 39802 
29096 97565 
4675 92622 
12088 20584 
32213 72948 
23648 79234 
98499 67822 
97432 41695 
30759 6769 
39211 66267 
10554 14992 
92775 81604 
99630 88606 
64495 30989 
70232 32016 
48931 73941 
90469 42150 
33864 72088 
2966 72025 
27319 73092 
718 57008 
41419 46334 
47937 41100 
88316 17141 
15647 97770 
92000 92529 
1868 38 
96415 70747 
84476 57951 
55129 79350 
11157 8068 
20698 92107 
65342 9198 
12896 33713 
59629 71406 
34150 93132 
98893 21165 
17818 31297 
24159 84541 
40314 86986 
95262 52434 
1682 55880 
95439 77139 
80818 42118 
44194 37880 
1379 59113 
86156 4468 
2281 86949 
83090 22869 
92761 77389 
73845 44214 
86116 34324 
82732 19674 
48520 87431 
50674 87601 
69744 19899 
35451 86511 
61115 7248 
77442 37684 
12738 73585 
55517 54576 
96762 74107 
64048 52728 
86410 68194 
26505 53475 
71498 56144 
23691 97541 
90358 14432 
55394 10442 
65337 79270 
73076 90672 
24482 96378 
18198 23732 
15531 76003 
75887 60350 
70003 66584 
6849 35585 
54966 87878 
51796 47061 
57972 44943 
12140 55137 
86676 78057 
98265 15652 
28817 90464 
2464 6689 
10536 35800 
97419 64858 
11412 40092 
83130 3710 
43106 79427 
5245 47129 
75214 33720 
46014 73969 
96667 89408 
45391 36663 
33954 69523 
44320 86189 
8464 28230 
54820 8529 
4424 58769 
52200 53610 
36160 28681 
53600 16769 
48859 74232 
94020 14851 
60519 57186 
36081 84369 
54431 11359 
53020 17468 
61348 83837 
5728 42999 
28381 6327 
94142 54590 
57697 15761 
888 85395 
12293 80134 
60791 30033 
28335 75466 
83734 18296 
44035 2858 
30290 52270 
53525 30804 
89677 28808 
20867 97232 
37802 82663 
44114 8190 
59487 2088 
42261 25668 
3480 88335 
48942 45719 
1411 53258 
35910 29882 
22611 75080 
56596 67829 
55535 61408 
95478 17248 
3516 694 
32521 88136 
57668 18605 
83581 13029 
62984 94133 
57507 72094 
25012 31790 
78526 22623 
13989 30863 
58565 16113 
10873 40442 
68326 72968 
5471 39826 
48198 24783 
694 37926 
20498 27241 
98932 42378 
13107 92839 
46667 9384 
81163 91996 
91628 48615 
18324 23505 
63186 24087 
81970 60883 
21107 61470 
17794 39866 
30422 45124 
58348 64080 
10874 63963 
87433 70906 
78259 44315 
7612 17590 
41934 90011 
21660 18846 
47891 35257 
40434 91537 
59991 4169 
59432 39428 
53316 62373 
4195 41600 
53062 40717 
30792 91790 
90004 8866 
81729 72735 
59268 77456 
39949 39563 
63012 11468 
93989 29308 
89581 44627 
25893 9839 
31798 94871 
60131 30806 
75278 94330 
66586 41642 
94006 63735 
93549 97235 
74874 80839 
17719 80554 
55493 15154 
37364 33375 
302 27202 
2062 1126 
58852 59489 
67892 66015 
47105 78517 
90427 63720 
67707 62436 
19600 53308 
38394 67275 
40246 37421 
29040 46241 
10068 10401 
17358 41161 
82797 45662 
60814 12932 
68474 20468 
48078 28698 
75078 16201 
37168 77480 
96117 25284 
9407 43140 
57355 42085 
68434 23762 
12489 14496 
91699 49982 
82390 85256 
98259 21224 
65420 57720 
31132 48500 
7380 79421 
65078 65136 
8806 48602 
41404 42691 
64604 13847 
221 28328 
76437 54992 
27570 2027 
51808 4697 
59917 37295 
5438 94370 
91766 37386 
8334 85580 
13442 10567 
87843 78663 
65615 42581 
68019 73917 
34707 22229 
53818 97586 
29051 76846 
4868 94799 
69526 78483 
15042 34666 
352 88698 
12523 68957 
75844 20150 
21771 35072 
7127 6545 
83547 96488 
59180 88989 
12088 69398 
73036 46447 
79529 92983 
50565 20738 
56870 62545 
80005 12403 
8033 59694 
99225 52752 
28979 81832 
90703 89569 
47408 94377 
77287 59149 
50186 3485 
41034 55795 
85466 74462 
18762 51330 
94360 1644 
37435 61865 
63052 69180 
40086 6789 
50423 29020 
18721 55835 
38516 62290 
14469 14080 
73597 83359 
67255 51862 
14110 92055 
97324 46854 
78450 78831 
79208 68914 
90316 40093 
25047 4834 
52260 66509 
28668 89740 
39129 25761 
34404 84639 
92221 73064 
85376 15513 
12301 87691 
74798 68334 
94985 51810 
70838 16518 
25577 59144 
10676 42604 
52085 65267 
62597 4279 
84922 68803 
36348 86437 
29728 43349 
81412 75523 
45762 23648 
50479 90215 
36488 86339 
21125 3364 
21260 55567 
62516 94089 
7415 6791 
5976 76103 
80633 38329 
28327 58547 
58064 29487 
85127 9030 
3528 6566 
37309 5052 
86978 93604 
99165 79623 
81482 33404 
98230 89648 
30119 26216 
78354 61528 
82465 48379 
96075 97415 
95783 81293 
57395 57719 
19534 2295 
17161 70679 
33501 63314 
16456 58227 
89615 10636 
64782 8852 
15448 79655 
83254 72817 
73417 32205 
12660 2807 
33869 90872 
55934 14023 
12506 64602 
68450 91661 
43051 53045 
31523 30918 
4542 63202 
44584 54877 
99341 71302 
49731 19009 
82712 15264 
58710 77557 
77734 8666 
86839 56656 
70355 25816 
10989 51835 
68547 19385 
59472 43404 
26809 96945 
10519 2239 
82689 861 
23000 40609 
25491 7159 
48159 47933 
19054 83328 
74337 39759 
30220 22424 
38002 39718 
72539 1434 
93912 8883 
60813 95556 
74778 34685 
86205 16836 
86572 92421 
63951 35577 
79444 96411 
76112 85982 
6175 64966 
30347 53694 
30231 33594 
82324 92200 
73654 64261 
24220 17534 
1415 15003 
24605 86238 
23307 53836 
16101 70280 
57062 23652 
66332 4403 
37081 90679 
34974 96346 
72045 38072 
15129 58434 
51615 98344 
80781 40228 
77557 53590 
13741 16242 
47813 70859 
63296 10178 
53429 81482 
99663 17682 
57700 57860 
58392 23345 
14479 88912 
37044 94461 
48348 6303 
97707 74005 
63184 67538 
49378 88364 
67607 59183 
32734 31547 
5935 43676 
6494 86903 
61443 36620 
39350 99833 
55132 67912 
44369 20547 
97614 49720 
53786 94584 
64393 47057 
21274 90678 
55475 22592 
56077 20433 
69141 6329 
38769 22399 
66662 22924 
41982 54278 
29832 94663 
81060 61345 
16434 26493 
49414 66587 
92 71023 
51250 58637 
40424 66008 
30376 37282 
67032 34626 
7968 13112 
76573 39684 
84428 47856 
35995 86954 
30926 64982 
57018 79915 
94701 56354 
57014 38453 
68898 60049 
49683 7467 
32473 86862 
15241 97800 
48638 28628 
84358 21556 
21316 90144 
32610 6644 
48269 48314 
23016 1212 
76838 57076 
53000 7698 
63631 84731 
59145 18321 
63039 91496 
8177 59077 
21137 29406 
55851 87736 
31277 74139 
86752 32772 
15622 78913 
57503 4842 
32885 74271 
53457 60157 
76716 24418 
34692 45967 
21435 90684 
90967 12406 
92260 45778 
47250 32037 
85676 28679 
61570 28729 
42272 29319 
35118 80855 
79159 44680 
10918 30297 
21978 53451 
71812 98404 
37558 15130 
61151 82764 
57431 11244 
40261 84559 
99710 11291 
65640 95267 
42229 64122 
15779 53596 
73395 86605 
22629 68800 
48851 45800 
65937 94900 
11851 8250 
70029 31844 
93120 60616 
2101 24249 
92066 89531 
8644 26157 
55311 45393 
42406 1073 
10839 4748 
26078 30602 
86432 88973 
70921 12081 
39644 93182 
18605 35913 
53169 28565 
2784 46632 
4299 83839 
33256 8279 
34 67044 
90057 14261 
80468 97593 
77392 4651 
32222 80347 
28086 79734 
20995 8365 
68031 27647 
47685 9103 
47113 16033 
56107 69988 
18192 32961 
71957 53633 
98916 654 
32484 40387 
82525 27154 
74227 16477 
73242 5616 
82215 59723 
9483 18723 
68186 61564 
3794 56564 
37668 64140 
72320 10337 
26167 84190 
48543 61363 
33270 41749 
76155 45139 
60078 10928 
54125 33572 
60232 62502 
63397 44988 
47659 73618 
39098 61187 
65216 38585 
64769 3546 
7576 26578 
55809 96041 
8977 96977 
68217 22096 
51860 1170 
15655 64259 
25983 70812 
2961 981 
69212 16868 
87489 23155 
51036 41191 
60948 24552 
17693 92972 
3946 14958 
3905 86075 
2988 2523 
30306 30095 
35446 92764 
47990 17910 
21823 55617 
61991 55579 
16650 19101 
64029 16613 
59407 58394 
31555 51970 
35126 62494 
4869 89572 
649 77158 
37033 12696 
16995 42430 
22309 15291 
90902 65825 
48021 94092 
69317 98110 
82041 52327 
49447 7649 
3475 57909 
63996 81368 
7694 20156 
76249 15694 
68502 23445 
72953 99165 
20002 83606 
74242 29939 
28664 73447 
89343 56037 
62110 97507 
34419 73921 
25293 82912 
94578 71893 
27042 93191 
55984 58783 
60353 64945 
55924 75548 
28327 13479 
98829 47640 
24345 52796 
64433 99387 
79819 27813 
90619 18140 
25795 62230 
47985 25551 
75718 84146 
35725 86121 
25807 3366 
19190 59027 
86804 79261 
98294 78237 
6237 36122 
42938 28051 
13910 54134 
56709 66472 
24963 88414 
33333 37184 
64636 46001 
51705 2398 
36800 81246 
14809 23493 
44329 53754 
75411 14101 
83556 29827 
7167 91185 
77350 98320 
73585 53640 
81750 14867 
19317 25113 
99625 84652 
58294 7943 
61509 43178 
61478 8542 
88513 96981 
53332 11030 
35161 41736 
10608 95547 
21000 83968 
19605 20450 
99030 54330 
88830 13456 
76235 15392 
32784 45817 
96967 34950 
39617 95715 
23419 17020 
10465 42354 
99109 57053 
11502 70572 
61077 15296 
11121 7317 
74406 82834 
84080 55965 
98711 48494 
52098 42193 
60409 61666 
96066 36012 
96857 25970 
18924 68576 
58855 51830 
60179 19485 
6569 42156 
63204 10594 
10546 84683 
74607 5668 
74331 76942 
11359 81789 
28054 15410 
65833 7980 
3429 39077 
31472 39336 
89756 29485 
22578 10763 
87780 34231 
30517 93492 
23720 99001 
5628 59614 
59252 64375 
79229 85168 
34957 7996 
43309 10671 
14476 90089 
86880 69512 
54554 90921 
47387 89217 
12181 12472 
73234 68396 
14203 53389 
9139 33016 
57046 56268 
9937 79691 
74640 69343 
60381 20761 
11108 60867 
28615 56237 
61520 73795 
9202 11024 
98724 10804 
17941 92371 
87228 95258 
85181 42099 
96114 62421 
56940 80936 
62147 97033 
53847 68142 
21493 48307 
56797 28640 
23914 21469 
85149 31969 
66810 66167 
8431 42653 
38150 56359 
85703 99935 
37117 83776 
58104 26356 
49210 67592 
29574 9264 
88566 16623 
58325 47105 
84443 67221 
47378 3229 
81069 59927 
66326 63924 
40499 11072 
58442 54569 
86627 81631 
87364 27992 
5186 45040 
55810 2537 
19341 8036 
85113 93847 
93390 44221 
78852 53966 
78128 58706 
6434 4167 
588 14002 
33242 23744 
18153 12292 
92753 36038 
2454 47269 
43070 15095 
91991 9904 
75346 21591 
54085 56862 
44855 65050 
26545 27681 
76774 80900 
67356 27423 
58227 5495 
26716 75201 
65748 30039 
69921 55772 
93032 15196 
21867 1365 
37680 52171 
74378 73956 
77651 63193 
96065 14395 
18190 44581 
11112 74116 
18261 68937 
68153 47596 
11833 79532 
3330 79298 
23847 29579 
12632 27514 
43316 41826 
87807 29367 
56686 89794 
37394 26133 
63466 30987 
9855 76150 
93112 54528 
59309 3750 
17212 40926 
46033 6958 
4291 70065 
43688 74178 
95854 55003 
33118 40616 
91795 23800 
98635 48899 
20880 19357 
6836 65164 
37732 38106 
40297 41831 
31603 82416 
78894 11340 
54194 58699 
70044 41325 
73864 13454 
5806 81009 
41803 62871 
29580 81056 
12100 38106 
28042 74670 
92096 38001 
25001 66432 
12008 53720 
83006 87178 
93547 5723 
35830 38166 
66094 12435 
20370 65831 
25957 92145 
50023 79657 
59361 84894 
73271 49953 
53007 69512 
90987 99818 
97413 42451 
63890 36117 
47720 19695 
27599 47979 
44220 20793 
46921 38158 
10612 94913 
83259 42534 
41835 52855 
19465 36096 
65281 76059 
84993 19938 
9311 83911 
50843 33129 
41216 54035 
18612 35727 
43088 6745 
10850 64830 
78584 84481 
80947 74176 
66118 79787 
99979 29686 
14762 91289 
45176 48249 
97994 16106 
10112 35118 
37371 19294 
80263 96487 
43343 56142 
69201 78135 
13601 61531 
90517 8452 
20756 62085 
48457 4744 
30559 11446 
66287 35393 
79515 96775 
35567 17275 
6441 15462 
61818 67763 
76384 75020 
2434 23746 
57265 26278 
41272 86223 
9735 230 
20983 48424 
28945 82298 
58940 17783 
33262 24239 
5533 47703 
29471 63582 
64645 53716 
96564 93227 
85246 464 
20959 99705 
50379 10888 
84851 67620 
35183 67034 
56330 29917 
79153 43137 
55047 28859 
19476 35899 
70396 40999 
62111 34358 
90544 10929 
25126 2311 
60109 33193 
74903 29911 
21886 19550 
89949 47922 
13743 89612 
29331 88017 
85645 26903 
53190 15593 
73774 49515 
41299 57766 
18745 54789 
82306 98513 
43222 10825 
61073 15385 
10510 84121 
54453 87774 
70222 12304 
56860 15402 
59701 53619 
96168 47537 
70588 70760 
67737 38353 
8804 35624 
9795 11940 
73143 73674 
66934 41665 
52832 1896 
40130 22868 
97565 52652 
1490 45364 
44920 17308 
59842 52753 
99531 88077 
99302 9243 
45953 24314 
77150 81521 
42920 20366 
59570 83124 
90527 6083 
94298 21841 
83831 68213 
67673 36877 
66479 41197 
70328 11809 
76192 79203 
472 1811 
30263 87793 
66673 19209 
33728 63211 
13068 80088 
5444 60052 
79081 26503 
8041 83949 
23029 3812 
36563 84910 
84395 90664 
67578 9070 
33094 50413 
95649 51895 
55696 97023 
87254 44209 
58384 45976 
63636 93979 
24320 51253 
83480 1364 
49114 13167 
33958 62329 
92286 78629 
54385 76991 
24851 45372 
10578 82849 
23623 24722 
9981 40219 
61301 13714 
97730 7409 
68132 76640 
2036 56567 
95668 38573 
3624 97649 
96090 48987 
88434 97553 
41584 82256 
5394 4248 
47414 3660 
91777 11594 
29635 44454 
47543 29546 
23795 97623 
36989 56578 
14490 67134 
71163 86411 
77334 77825 
77711 19502 
14656 80498 
96177 91255 
74168 67363 
46223 73571 
75871 46652 
3891 54058 
36632 12066 
86679 48145 
74153 82629 
92109 53329 
92452 81619 
56416 11915 
99520 69407 
70 8861 
84488 44380 
5098 94724 
86389 78552 
25490 90200 
19555 60018 
66465 98394 
81687 73143 
80962 23687 
59818 59129 
22451 71970 
66668 64610 
61986 85998 
85292 3950 
24438 51765 
73473 32119 
23884 97041 
80959 49340 
81409 91593 
62432 36163 
89883 50126 
27012 48133 
49770 33590 
51128 82984 
37618 42280 
95747 70036 
84599 95001 
11249 21473 
36322 92608 
83622 28195 
37100 71336 
74226 79183 
31976 61591 
31983 32571 
8010 81277 
11688 69112 
2679 9198 
14999 14272 
91745 3734 
81742 23866 
31498 54731 
98290 89982 
71035 82431 
57090 38882 
69083 26256 
96793 60618 
46820 98418 
76013 31314 
83288 12543 
85361 63366 
13169 35909 
82221 46252 
18080 55390 
40619 21234 
11995 91813 
44593 66891 
9000 45222 
17598 59260 
27326 4375 
72825 10311 
27431 7862 
89644 81515 
3893 1299 
69995 15496 
50956 95360 
5144 28046 
99815 92752 
88064 55234 
82053 18766 
39559 55902 
8129 59639 
77329 28544 
62408 85752 
46299 13366 
6947 12534 
45844 15267 
55103 30959 
34944 1563 
22992 21668 
69824 99457 
91943 51966 
30332 42555 
18287 43357 
21042 93225 
8200 88772 
91027 98084 
34763 93257 
2248 17666 
12023 9680 
90685 8092 
56542 41848 
6611 22510 
60789 91475 
90830 43169 
74677 32530 
42211 51143 
41669 6785 
58561 90059 
64094 47723 
87587 82636 
78645 56515 
7701 14369 
7524 73359 
69365 7427 
13287 10253 
66908 69626 
26171 37164 
77979 18281 
31515 42519 
3251 46814 
1893 21114 
62491 23190 
33634 77773 
54793 83542 
661 73456 
70552 11842 
69907 82054 
50664 76970 
32054 70689 
24478 32297 
88920 64147 
22166 69649 
4566 4891 
49504 59518 
71015 74167 
33412 2404 
61480 96784 
95191 62396 
44056 12457 
85013 53406 
7091 59934 
16028 902 
3784 86678 
69349 7571 
58015 66459 
2232 10019 
86041 79996 
80902 25432 
79385 89661 
76768 52085 
63117 18246 
10208 5614 
90673 23950 
99593 44195 
61489 48966 
74916 60066 
50912 7460 
45163 92287 
23225 70198 
66477 46178 
58090 97753 
44191 88584 
58300 71935 
15985 24935 
22468 75991 
5689 53991 
60115 78121 
7674 39241 
98605 79974 
60306 32126 
81462 2070 
93598 31550 
85836 91427 
90977 66601 
93217 53227 
88004 44963 
31990 27942 
41899 18202 
73009 58127 
44912 76904 
87 14942 
21841 3612 
96155 83476 
47419 79546 
82814 38087 
42827 62312 
26102 74212 
62250 26096 
74511 1479 
60177 83299 
26658 44469 
38056 87114 
35456 42091 
4947 48273 
43267 84304 
50991 85967 
8203 75778 
24769 72916 
25609 70104 
26073 27605 
70747 75293 
74111 52925 
88763 91545 
87848 19750 
36274 5668 
19975 46417 
35238 33002 
18875 30682 
34264 67371 
54046 49362 
85093 72299 
29539 52736 
32717 22628 
27306 45686 
86454 84691 
67725 65657 
86260 5283 
48135 38667 
3659 64967 
21846 18960 
19905 39613 
9903 95289 
5318 5564 
95758 77430 
83229 18471 
39082 60173 
99551 93582 
59069 98898 
34729 16145 
79889 20739 
88656 14597 
1367 38448 
41125 36342 
56467 30235 
40487 76155 
43865 98180 
1383 20667 
78631 20273 
98810 88837 
86999 66677 
30208 68002 
82194 59517 
79882 67797 
97482 17320 
60785 40167 
19876 40153 
27540 42648 
63330 59585 
51536 54262 
43829 98798 
24063 88601 
70384 62463 
6639 87068 
45784 3472 
79053 16734 
78833 94150 
45103 41912 
45831 63288 
43629 86294 
3261 47142 
78138 53377 
45860 42487 
22179 26916 
24735 42876 
79606 30252 
88668 85468 
78943 83648 
88436 35060 
59308 62108 
88756 84456 
61693 22682 
65371 55829 
73867 39897 
25826 46436 
89772 60666 
81659 73876 
34994 65963 
16989 41003 
78765 5504 
43923 58684 
99879 53845 
8716 35775 
99060 21524 
14294 70017 
53485 43285 
54528 50987 
90564 56910 
13549 16795 
17508 80808 
69457 89937 
80850 96285 
55893 54502 
45775 41276 
77282 26894 
78991 26336 
43906 15271 
90827 90812 
91563 59136 
42344 27376 
77166 89776 
51478 16472 
96482 54740 
38564 28731 
53064 5078 
36092 73062 
18514 52768 
50097 90834 
63335 67570 
1366 22495 
4942 97497 
93432 1937 
14804 65148 
51359 66070 
50220 13332 
50361 2309 
27884 47767 
6562 95066 
36222 52026 
33537 73828 
91318 30506 
77745 10052 
77370 68879 
33565 57845 
76700 88292 
4369 84283 
86675 9527 
19918 89221 
41286 36419 
42322 71592 
3685 13974 
92934 59417 
72598 16009 
10735 84161 
50386 69514 
9149 46543 
53358 28549 
32661 90561 
6043 69167 
27254 75235 
50245 88644 
29364 9448 
17006 57290 
46921 94275 
55012 89133 
53006 99318 
82511 68985 
37773 84820 
31465 97710 
67468 69697 
82466 94954 
80767 37155 
46818 29171 
12101 64165 
38261 28444 
69244 58837 
90950 62462 
8154 90606 
22596 75911 
41925 2145 
12076 96631 
92647 99067 
59372 38064 
45108 23700 
22342 64858 
89460 32626 
79622 92903 
46340 14171 
51861 50674 
52403 1648 
24534 37415 
46821 60939 
54720 75539 
40024 56835 
11559 69556 
64813 31620 
95446 51890 
6933 61443 
4629 17164 
87315 91334 
69475 20825 
21396 88072 
54497 45441 
12279 91609 
36121 18549 
43981 90414 
216 99649 
28608 93816 
67569 40725 
26994 25343 
47773 64653 
6240 15018 
42404 98874 
19504 25746 
66896 47961 
93545 9132 
37194 87963 
87696 49489 
72037 17899 
44329 21285 
94640 9321 
85330 54891 
78573 53549 
21691 78271 
71814 18022 
34073 78121 
50205 88115 
51016 2972 
96991 88881 
98462 12888 
78607 52331 
19353 65668 
88602 20199 
65269 17822 
61307 49580 
43456 10094 
14816 19397 
62030 1946 
68850 19330 
53751 17161 
97266 39682 
74511 63609 
17222 70565 
66481 94213 
87445 61890 
47869 83294 
86583 91819 
41326 2720 
69267 40635 
81271 95668 
52305 69481 
46723 62299 
66339 58914 
50751 91293 
19335 70986 
80190 93941 
57424 60307 
20056 23351 
75906 74555 
15889 90356 
28644 52910 
24252 19818 
7598 52112 
76715 26303 
15914 4147 
35855 26437 
37778 37016 
53167 46814 
16135 70590 
48257 30904 
85428 33265 
16264 96194 
70661 31944 
36206 43660 
56375 47793 
96781 75686 
49548 23326 
78111 35654 
8944 52513 
28061 42701 
90114 84978 
49927 58506 
60043 7740 
74679 89491 
68308 73564 
25407 97420 
22706 3644 
94207 64167 
6420 4184 
42464 32273 
91098 1362 
4368 21943 
45640 17246 
20418 7243 
13999 80414 
52825 19509 
36980 89340 
37899 34390 
22798 24070 
11884 90405 
29079 32252 
6163 81560 
4991 99298 
45362 64308 
56404 49260 
97589 20016 
39208 12942 
19908 18107 
56364 42853 
14124 32182 
32794 50767 
58017 71661 
68852 93011 
5444 4891 
27944 31008 
55020 66135 
96729 50188 
71591 58529 
67412 29074 
7314 87799 
30767 12143 
9854 87461 
35823 55038 
24089 25181 
67574 78748 
90661 12138 
17577 90558 
19823 72471 
73996 3931 
72247 68266 
37394 16864 
9814 17057 
76540 88877 
88865 83433 
74479 90464 
56010 74093 
79306 85640 
72297 16589 
66360 48197 
35399 55980 
38966 5298 
91447 60758 
43383 48278 
28237 89664 
50288 49800 
19764 34382 
59896 78978 
48366 19621 
20737 11639 
65273 11685 
13141 91578 
62897 59446 
37652 10496 
22978 67447 
65852 39233 
73516 79914 
56527 60988 
34390 36576 
13594 28399 
56690 46413 
63911 90678 
63969 13882 
62848 14446 
85023 43641 
93429 52458 
27219 44419 
10859 98116 
77044 50458 
98460 483 
30228 79808 
43264 4450 
47677 52773 
9974 23764 
5392 925 
90514 50841 
56673 7375 
33043 56578 
53115 32339 
9112 35835 
77259 94580 
60549 9828 
24228 98895 
78669 5339 
32275 22600 
7606 92507 
2907 99836 
30810 77865 
70064 71512 
95194 17383 
74851 847 
50930 35452 
77374 89723 
36550 10069 
90483 69419 
18832 11915 
51557 80833 
4799 65605 
57948 3914 
79249 35047 
79298 43758 
85369 21698 
25657 31741 
58268 4427 
94178 54037 
41687 42758 
39167 77004 
66676 11474 
10303 99186 
47678 33870 
82139 23040 
56251 33374 
54283 6013 
65588 28850 
36156 20226 
19986 57544 
42831 22761 
72632 21513 
19154 14442 
52298 18246 
78223 43991 
65005 34310 
87245 96586 
10209 52019 
58918 91080 
92742 43449 
9685 98537 
41526 3547 
27570 86238 
3973 4678 
51763 85940 
71042 38618 
3732 82920 
2068 48832 
25366 23224 
60760 45810 
73480 40536 
44198 41311 
92001 11223 
85163 33541 
33260 56343 
34819 24620 
28015 22813 
87544 54131 
10194 92412 
92604 88107 
86813 86934 
8420 11508 
6130 60561 
94331 34052 
17803 96402 
2026 34210 
37687 53142 
24251 34238 
26861 39895 
81925 20310 
69578 32574 
82441 96143 
88068 83509 
61743 85917 
63452 17516 
30663 82906 
41493 52267 
82031 73881 
89551 28564 
79251 56193 
36771 86980 
39298 4364 
73422 81370 
43528 36112 
7270 76842 
58199 73882 
74958 40065 
23282 97317 
84584 93157 
72921 34504 
22042 68887 
83805 45439 
88131 74588 
8761 9802 
46050 44892 
42021 42985 
49629 39310 
79927 29235 
91475 19656 
86211 78852 
57195 24472 
44569 87574 
96954 42837 
82855 582 
28853 78343 
83059 61027 
69945 85507 
49102 53516 
50206 55543 
90536 36706 
2336 26132 
94395 95976 
36040 90753 
99727 37060 
99233 87100 
59745 84622 
624 51276 
75068 45933 
18214 34676 
8197 49115 
46474 93867 
44133 67879 
41299 80289 
44980 240 
6346 76192 
57388 77374 
26905 46027 
70870 40623 
98227 98337 
92291 39568 
14056 82246 
97275 72177 
78077 74734 
42747 9215 
76113 50165 
76568 19427 
106 61904 
59934 39432 
46280 7357 
26165 12855 
19337 92414 
35526 56903 
62165 59012 
49885 1391 
96225 90423 
43311 85203 
1657 62873 
85091 88209 
88107 69225 
80235 22853 
7377 724 
29134 8963 
37225 36162 
72880 7758 
21980 54337 
23621 96592 
90122 55317 
40394 24678 
81569 48749 
12 1851 
8136 43358 
29888 37350 
39479 50774 
15068 63701 
53800 98940 
65312 51928 
17715 35642 
29667 48697 
62874 91045 
75837 43359 
8290 59640 
9495 3518 
36809 56652 
94747 1348 
71739 1661 
51143 89779 
15383 83140 
44854 77555 
5075 61547 
62108 95266 
14285 75792 
51470 40649 
76447 28113 
48228 40729 
37417 35808 
48933 70880 
48772 54745 
87052 26383 
98675 99219 
71709 50796 
39601 5472 
90683 87254 
12963 12076 
46087 33745 
89490 59376 
86580 51504 
41235 42321 
23485 96816 
36135 86268 
69865 20887 
99299 53725 
21374 9839 
16544 31488 
5626 17469 
65164 92280 
62845 77111 
44509 72734 
84744 65750 
44702 60442 
30827 33458 
35634 36818 
61762 4340 
80372 79612 
77978 1301 
77207 89218 
28302 46322 
12790 66242 
58262 40347 
65156 34342 
551 32436 
29899 71967 
71226 46565 
55374 89370 
24334 46241 
63508 63146 
34991 82059 
1665 19586 
26284 85381 
17968 40199 
28984 42516 
77591 48081 
64630 8104 
40749 22141 
72410 93830 
4468 77708 
58112 99171 
69681 46695 
29492 34578 
32796 88203 
96550 24295 
16626 61385 
57492 65965 
49367 96340 
61568 67255 
72353 5978 
38518 75887 
7341 92021 
10997 68821 
42371 11698 
61159 68751 
1533 88198 
5478 11633 
48493 67569 
42926 97700 
36192 47498 
80767 20171 
55890 29305 
9553 80869 
57530 73463 
94267 69966 
10416 71117 
72143 8327 
48268 79284 
99303 25180 
95944 5847 
68194 71336 
6471 71918 
25650 48705 
46506 23796 
57511 70575 
55923 14490 
69832 53920 
72980 25663 
89026 84959 
60325 54856 
23713 92237 
89110 49965 
79533 7708 
38566 33229 
94890 95598 
46601 20334 
70362 81295 
3351 6754 
97397 18039 
14081 63094 
53004 87921 
70424 53922 
16252 45478 
59673 70489 
79707 77145 
10687 46714 
74352 67859 
21956 9961 
42 37333 
42444 3368 
55232 32806 
79076 4883 
89486 42543 
86068 59661 
60202 24903 
50775 37105 
60999 31496 
28334 21583 
3391 39767 
93097 46739 
75650 279 
68693 87318 
73187 47040 
70546 29551 
93271 15412 
44752 51399 
13626 61443 
15457 57353 
29183 78924 
59225 28941 
4202 66029 
9343 71800 
7994 2077 
55623 62838 
41655 56793 
45987 26965 
30489 69379 
14940 1818 
52223 2751 
61049 81087 
94632 99530 
70612 62241 
87887 40653 
37939 62898 
36681 34934 
64009 11537 
85127 48464 
24741 62895 
83456 16427 
87723 36169 
89689 66741 
21939 24965 
31750 24849 
88924 82017 
75902 62072 
25712 38748 
95914 96122 
30047 80068 
14037 51688 
36579 58131 
89633 41444 
29069 95309 
64244 33411 
68135 96258 
32890 29271 
26653 61703 
564 90075 
15659 72452 
167 10707 
52420 91156 
93550 62545 
69366 11444 
50855 94947 
87609 69348 
4995 10498 
82051 20277 
7934 6420 
46399 76326 
73298 5085 
25896 93316 
75905 80269 
23155 94753 
92972 22633 
98224 20709 
14001 77800 
77859 93702 
16817 33517 
60930 726 
5700 28557 
57007 873 
34271 5334 
23395 81341 
90542 30650 
72214 1148 
4452 64552 
3615 81474 
49278 65986 
83814 24353 
47413 85730 
27330 67250 
58357 12034 
61709 10130 
22116 2487 
49912 83699 
54774 56773 
20738 62798 
44657 59347 
10779 67263 
77286 48462 
52829 34112 
25232 48584 
55098 89516 
75022 36867 
3194 96789 
27392 1247 
82552 7481 
99498 87593 
62851 96710 
78069 26461 
7918 20932 
21047 76159 
74715 96676 
81916 18177 
43244 62079 
35690 93451 
75538 49617 
18464 73503 
36373 68021 
53453 19208 
20965 64137 
25606 91738 
25590 11360 
84161 45162 
65964 50292 
97941 48288 
95151 89366 
61698 54487 
97894 58492 
53477 62563 
41466 97084 
72785 89198 
44494 49410 
47216 4027 
84695 34770 
81257 62131 
4029 57797 
35137 5522 
85530 25056 
63875 95148 
69894 38089 
17091 78019 
51917 40225 
98683 90218 
46908 4696 
12124 45930 
45503 64987 
71929 64995 
81587 4869 
44744 47123 
22548 45157 
94553 9553 
53654 87032 
45643 66781 
69093 97611 
44278 45909 
1045 52466 
95405 99247 
15130 81926 
74303 96972 
75690 3242 
64688 56991 
37554 59077 
54618 96566 
52324 24290 
29427 70849 
86651 87601 
36961 97162 
37597 62497 
64552 50660 
95893 32600 
59432 56968 
51746 90723 
44742 458 
59814 87991 
31766 12998 
80105 69623 
5737 7347 
89711 37379 
67308 71791 
16706 45172 
44713 48206 
81959 3953 
52673 74390 
47237 44778 
63247 83363 
58689 64787 
71140 17242 
43638 59878 
81374 31379 
65608 29954 
20760 35651 
67580 27902 
76272 44080 
36712 11816 
93228 81430 
5107 51501 
24060 25983 
60670 34909 
4512 51381 
79705 17926 
48265 67251 
8637 61794 
93262 48261 
16051 6457 
3429 84323 
8269 35274 
28012 80860 
51728 96752 
47411 87353 
73696 62367 
89199 34840 
19156 16036 
80875 18605 
26226 90418 
17003 70968 
45008 87994 
57484 30939 
65546 50750 
41031 32394 
39381 71275 
93329 540 
76176 70244 
32860 67606 
71985 489 
29090 93009 
78956 76232 
47446 706 
57613 67596 
23455 26981 
62321 45094 
44437 5646 
98162 6569 
81314 4396 
53133 69961 
5373 66069 
53470 69222 
45234 1562 
11836 47901 
87817 27389 
38229 5105 
3744 40166 
61695 11985 
82421 72755 
67246 83342 
94934 82355 
86900 58624 
63941 79541 
96320 19310 
8892 19038 
59276 45564 
52216 37996 
30987 94052 
17483 45551 
78384 60935 
24138 38704 
418 79309 
85006 43815 
34778 88742 
42613 60485 
18718 6062 
38218 15146 
31166 21181 
93539 15385 
80899 39480 
99269 32832 
21264 93190 
46814 32391 
65803 48162 
10037 8648 
51093 39603 
82385 86515 
43214 80555 
1395 92421 
12486 313 
47367 4886 
7454 86460 
85930 48802 
43583 23831 
35224 6489 
84713 46487 
77606 80389 
36058 44623 
3060 57196 
86372 97381 
66915 91322 
33869 34634 
67998 46723 
5611 66083 
5009 10515 
33271 54371 
48702 19160 
79532 50436 
75349 18647 
18880 53945 
43022 13716 
64096 9410 
56360 48061 
95540 99460 
57801 97307 
94111 50754 
3642 49711 
764 25144 
31854 95643 
25568 28952 
5216 46296 
7507 36605 
18125 54449 
82554 91378 
88354 15725 
52055 15610 
16055 87451 
56036 35544 
81481 74043 
46768 1773 
70159 92790 
26778 65329 
59687 51978 
62474 51542 
75840 44476 
9636 59072 
27343 84230 
90250 99882 
58449 90550 
41525 87438 
16364 55652 
17378 75038 
16615 14576 
60303 43929 
3599 73468 
77229 41767 
45842 42107 
46848 75939 
75903 59654 
57845 73444 
83415 98778 
27583 29246 
96372 82640 
78985 78410 
40608 51647 
59738 43827 
50279 72461 
72399 30973 
13222 90441 
46577 63886 
74218 88504 
25097 82440 
86463 30340 
54897 49989 
96974 33986 
70378 52580 
75180 42937 
32032 6200 
45627 36313 
36383 26895 
65474 47024 
44646 60092 
95423 37451 
86944 10109 
48698 15840 
86574 58553 
66907 63453 
14480 11247 
63859 82411 
27977 67243 
98849 67285 
69729 60705 
89443 49643 
3079 86618 
50468 64091 
38057 84701 
50675 36797 
58745 22407 
11484 3032 
97126 87491 
33228 18979 
11181 73422 
23490 44848 
15681 16753 
19401 41305 
82998 24603 
41188 39276 
78218 12511 
87783 14364 
17930 58180 
86982 21473 
45312 65013 
42408 22628 
95453 20853 
77455 71578 
84348 31934 
62428 2453 
92581 9870 
25238 6551 
30447 90301 
88317 71296 
65105 65902 
44805 98440 
62330 23535 
85620 14813 
45529 85596 
15674 38209 
2900 68997 
52258 63455 
79985 91707 
81576 89269 
79302 76426 
60412 15214 
51382 23697 
89063 99851 
2225 52667 
49005 86164 
61054 36684 
94103 68369 
49218 93069 
7780 95427 
66181 21640 
90159 80900 
61777 24954 
19014 16208 
95237 84728 
36279 64941 
90979 13541 
47859 49549 
88747 48662 
88706 28561 
51416 5723 
97348 2423 
37599 63991 
64522 79106 
68209 12073 
69060 76834 
16187 43188 
90850 40595 
26852 52489 
95486 1539 
32661 55436 
18121 13935 
60668 15850 
35079 63048 
43523 45013 
928 49115 
35628 9094 
46034 17540 
4861 61147 
74977 23501 
17307 96082 
79797 90331 
57473 12249 
83657 45389 
29745 51665 
60319 94538 
68147 82406 
32734 26943 
40964 81331 
40076 25580 
74368 73031 
76706 95667 
34929 81822 
48872 13160 
4716 57544 
65301 38549 
54698 43116 
76433 37351 
72213 62003 
3669 98019 
26538 17165 
54811 40458 
62898 9546 
4762 63854 
99769 3775 
31619 91264 
66883 91555 
37419 30189 
62105 29022 
50105 83326 
24168 53428 
98683 11748 
15252 16595 
77080 73940 
82465 7837 
63855 38465 
20531 77455 
44731 95439 
89313 13383 
92803 72607 
49297 68204 
97309 95441 
65738 81526 
96043 17566 
97910 93546 
58729 87705 
33730 99682 
89115 12437 
52028 53241 
62091 20230 
94795 83376 
88746 31544 
9996 58938 
7133 92232 
81865 95353 
29349 33033 
79 71275 
36639 76648 
31803 94517 
3342 25698 
51319 32643 
47809 29809 
50801 2613 
53828 48152 
2777 95998 
79620 94907 
69907 1525 
73135 79510 
60928 75119 
42172 30914 
12976 99081 
85732 25705 
39963 66690 
79067 23591 
24275 26267 
19057 50592 
44786 19613 
78798 60217 
28048 53737 
90738 45966 
81449 51933 
76193 74687 
17275 40496 
65760 59651 
4801 40764 
9924 94620 
93901 52668 
62061 25787 
38123 35610 
27080 47116 
7808 15223 
8099 66466 
24497 70476 
50846 4798 
66785 84562 
80882 58843 
94692 75152 
52274 78790 
14766 54849 
78003 86886 
61325 11059 
92197 90261 
605 35978 
2165 21879 
74060 82063 
24260 77182 
84642 66068 
61742 840 
95620 95627 
75124 17934 
55346 46377 
15866 96983 
83359 74707 
42831 78410 
53275 11526 
17578 1364 
86192 45773 
79352 14247 
24641 72920 
33534 59866 
91607 53355 
48349 84836 
51734 98259 
43812 34641 
82562 76497 
74139 60744 
32473 15033 
50301 84168 
89014 47509 
22899 31187 
6350 50884 
47220 81061 
43838 98414 
82120 43209 
49030 48735 
32261 11767 
77930 85478 
29321 29183 
82881 19564 
61879 27294 
14226 67212 
6046 4303 
75687 20731 
79246 39114 
45429 36235 
38152 40684 
24822 72733 
68383 79377 
5192 30392 
68411 49723 
49140 52279 
12984 69579 
67536 73523 
92441 29358 
35855 24592 
63450 66823 
34257 21257 
13969 57869 
14671 2807 
40652 81814 
95095 12241 
60466 40855 
56435 47368 
29924 87735 
70432 50180 
25141 43034 
18563 43313 
43823 64129 
71276 67087 
26336 61503 
84527 18335 
57158 44947 
36302 43131 
316 22103 
69648 89516 
42798 64888 
30723 83470 
68486 5520 
90473 51609 
61798 23176 
16739 77471 
45039 34774 
19998 44783 
86330 8918 
30347 90687 
76061 80735 
76002 64698 
58953 57182 
24265 65011 
26094 67291 
14759 2816 
16739 29932 
61748 27365 
53193 82836 
27389 29830 
33753 40960 
71049 32340 
38471 29691 
61124 60107 
60421 68971 
95296 89168 
61165 68120 
12742 60034 
63299 27932 
97553 48412 
35229 36570 
66444 88157 
93742 88861 
5832 48774 
48470 54772 
73438 79999 
39012 72163 
7808 49405 
70249 41364 
95485 15461 
34325 54683 
30026 98111 
18757 2648 
59697 31684 
39357 60592 
61340 10844 
3877 74146 
96819 69263 
7729 30263 
5369 62865 
86668 21582 
60298 64711 
2974 86273 
71728 16985 
21455 32934 
48365 27065 
39518 40670 
40800 39249 
71570 58202 
76434 61507 
52184 12642 
61813 77475 
14746 78522 
72056 27917 
22720 50741 
68989 3036 
79173 11272 
89707 47224 
16900 78788 
25536 41263 
76250 82820 
67667 93463 
10674 9611 
30241 40870 
21035 25534 
74267 34418 
8918 95748 
46429 57792 
56408 80715 
15761 8751 
85273 11264 
38061 53822 
21972 14080 
3087 52494 
96606 83814 
22734 35443 
33698 75444 
99794 12815 
50596 21100 
76341 83233 
65339 59234 
98384 11922 
29975 857 
49171 47256 
47619 47484 
97352 49022 
1926 18514 
78200 8807 
26219 41946 
76176 53209 
66154 11665 
5347 33911 
44574 16957 
90528 25178 
20165 5494 
36461 68976 
42494 49707 
34979 30649 
45238 48297 
799 53970 
86632 9550 
45443 33406 
41636 31232 
95766 53533 
73805 12981 
38652 80825 
66545 11455 
26682 31398 
73189 75954 
10906 79791 
53277 82757 
76336 18525 
98408 20143 
43375 25891 
15247 62870 
64102 50332 
25517 14816 
86215 73780 
63225 91569 
79370 73414 
97918 60945 
18768 61603 
89406 58702 
99078 47136 
84201 49204 
8100 27363 
96789 6310 
24082 90506 
79943 48489 
13159 80134 
77391 73958 
94157 49699 
69473 6596 
6803 14005 
67818 81430 
66381 86641 
88613 69717 
12978 77640 
35689 67923 
66662 14021 
54431 52371 
81300 37355 
75455 31881 
49193 27153 
52991 14422 
46308 96597 
17104 40611 
23581 8046 
1149 26831 
43667 59714 
76284 3823 
34424 2094 
23381 32767 
80564 52908 
99353 30228 
3103 92772 
9682 35731 
82584 40269 
81869 11346 
66554 24722 
45531 71325 
64319 97765 
64047 1652 
72783 50625 
29957 44319 
95978 33096 
31681 89208 
17889 2256 
22711 37632 
63268 64287 
76063 75925 
34363 11093 
86556 24903 
42808 94927 
91412 11585 
65436 28897 
15702 43256 
40336 48921 
13310 50770 
85219 23630 
66391 7928 
63993 52681 
26692 26844 
49432 51115 
30657 75384 
29921 77603 
96880 62112 
86457 27828 
19267 86567 
22475 80762 
2184 58323 
63506 55201 
44867 46921 
56282 6689 
71595 36622 
87648 70849 
21341 24830 
12433 38126 
56073 21134 
26482 27083 
20407 75107 
46068 8657 
86946 85276 
58200 22127 
51461 19187 
87622 15103 
99952 4979 
85827 34410 
55680 38648 
84985 92562 
28413 87927 
75381 35333 
30410 63712 
58867 39999 
94088 72978 
2739 80901 
24848 63365 
68603 9268 
49187 18893 
18966 7606 
73029 68733 
10690 95454 
48090 26518 
68868 82958 
55152 86357 
97308 91440 
52273 63564 
22541 86050 
3234 83008 
87084 94567 
96955 86115 
4686 18548 
92130 48680 
65390 78302 
72992 76021 
31438 71500 
81926 69407 
96414 66787 
2519 38293 
89498 98349 
2716 66539 
94277 75164 
11871 27671 
17313 69547 
97791 84118 
85477 3575 
30285 98475 
73085 9157 
66238 31001 
59901 97711 
67915 96902 
99365 38832 
70986 9363 
32690 13821 
51651 39896 
18999 79568 
3298 86220 
64214 51056 
22286 49744 
22197 86610 
19724 89630 
10422 39038 
21524 38524 
29487 17918 
92552 36178 
838 93565 
22358 61558 
40315 61569 
39741 21427 
66465 78312 
81327 84004 
2066 72492 
25376 29941 
64860 35444 
16170 29730 
59267 93926 
46657 46542 
74652 73023 
37395 6612 
67732 63995 
48419 75433 
56764 22091 
87269 27388 
83427 32781 
31232 98827 
4607 1333 
64761 70227 
60811 40296 
44055 31725 
30507 52210 
39939 48130 
20418 30740 
77505 54489 
60641 32434 
86338 81322 
70454 3430 
98716 29836 
35733 80703 
84828 91769 
92170 25803 
93831 35909 
39789 90565 
77481 63959 
23768 58870 
9126 72055 
4128 56314 
74961 41093 
2626 70518 
6799 18961 
58982 78797 
45953 50817 
50588 37059 
76416 59774 
29918 44043 
42143 79646 
12089 58397 
68054 93862 
1367 12578 
37270 40219 
79895 37220 
38137 99841 
94504 82334 
83755 515 
68200 97604 
23997 29526 
31762 13047 
15442 69187 
17867 43416 
88158 39426 
85239 25013 
49939 56140 
43567 81906 
98381 91441 
31257 10115 
69106 52504 
57579 62888 
34458 79399 
58351 18003 
81175 99136 
30032 8885 
37800 63057 
947 5310 
93046 37797 
70334 36649 
44809 16234 
95994 60807 
46248 64136 
39573 95422 
70066 20691 
84817 44384 
95106 26635 
28642 72354 
30347 62417 
7454 2742 
30605 40640 
61857 40445 
25474 11950 
61756 49692 
78492 11636 
10839 49426 
17034 95378 
24486 23954 
25104 86889 
28420 84941 
70962 87665 
56722 62334 
49466 79604 
37341 46452 
55015 84933 
40794 51192 
65151 34748 
33503 19231 
7159 37348 
21042 44062 
431 30663 
88547 40846 
15860 49247 
45653 58346 
70231 35613 
61516 87522 
78328 78152 
31849 88949 
18403 63423 
54374 30776 
27698 89305 
1673 1755 
33830 97321 
71147 39709 
45191 47364 
60670 94835 
68881 76153 
65441 29353 
98244 51910 
16697 40277 
13739 62088 
86118 80454 
70653 48397 
61147 44525 
5097 33971 
55885 81093 
75716 71184 
59848 90126 
72762 75454 
42568 65526 
68415 306 
25898 46763 
52667 52050 
7826 50639 
97639 38594 
71711 64476 
19808 96249 
43089 95408 
64470 40822 
62525 86962 
19628 44841 
27465 33751 
77544 51488 
18657 47829 
1366 97574 
67398 56169 
21504 32894 
38754 37713 
81864 91309 
2831 40561 
79558 90150 
41310 55146 
93386 8791 
89649 57603 
76171 24752 
46724 79045 
93925 66189 
93159 1092 
30879 73371 
47150 25750 
43542 48540 
52383 18629 
39273 13487 
36414 78460 
75237 87248 
99916 43047 
22146 42530 
97261 1992 
13880 98761 
47128 49963 
8824 62138 
68202 80731 
21701 28580 
69467 91858 
45702 24200 
37216 42677 
73871 69739 
51630 84054 
45999 20306 
34583 57465 
92683 49893 
77374 43007 
21740 21259 
22108 21264 
93842 6158 
73725 2280 
63990 98276 
1007 66432 
23396 91837 
44350 56605 
62349 82527 
85713 58828 
88804 84181 
51863 9417 
79733 44655 
15874 70663 
12672 87326 
33835 24245 
23440 907 
3804 41787 
62667 49532 
62256 5370 
78540 77531 
39659 67304 
36121 38889 
81233 58112 
94575 90058 
1596 74395 
2850 46604 
82681 4169 
41617 19141 
43185 76250 
34689 12032 
4771 52367 
76674 89562 
55339 15999 
75279 88579 
62912 50236 
86470 84061 
25029 38529 
28597 94617 
48011 66790 
97621 48629 
38047 53070 
69772 18563 
51804 81906 
70206 70904 
98079 74465 
6677 72251 
3998 82692 
15762 38301 
59368 55984 
45826 11740 
31008 92229 
5719 7540 
95218 51599 
41096 69702 
71048 81093 
61281 42180 
49602 70587 
28777 68534 
5334 37024 
40776 99831 
44163 12377 
77473 8320 
90181 93162 
65486 75667 
37843 94509 
6370 48799 
99745 40207 
49983 33878 
61433 11606 
50384 29476 
14186 72928 
27967 83722 
74283 88255 
75705 97009 
13005 46381 
89647 81787 
15466 13672 
74256 34023 
58338 42251 
71657 67135 
46638 71057 
90579 8480 
77956 70693 
65533 60947 
8871 99524 
59661 87763 
82746 58066 
35776 87315 
40725 51492 
59223 86593 
78440 95957 
63498 96829 
29821 33431 
4985 42939 
56346 51880 
56675 99592 
95179 42865 
42418 41045 
72864 67039 
93032 39299 
22593 39493 
13504 25733 
52534 91551 
86558 65039 
305 13360 
2016 77104 
74401 32514 
93679 82438 
27239 37925 
85839 39789 
26440 15319 
104 90804 
91075 20955 
49840 25891 
37834 83583 
54351 37894 
38407 91107 
37808 35746 
23842 88110 
38979 48965 
84269 83103 
46979 65668 
3045 40258 
95534 11734 
33292 9393 
93663 96787 
71721 30104 
44232 23892 
9746 31176 
3477 84149 
45130 34812 
64384 34820 
18742 66696 
4725 90203 
455 67566 
26591 38131 
85866 99681 
28406 31819 
81178 42495 
92713 96701 
47489 75829 
43403 34980 
47658 55946 
24640 6803 
89048 232 
80335 16280 
83665 9518 
67866 33015 
53533 73616 
22609 35388 
93652 25243 
896 70513 
67471 30301 
68184 87596 
50510 28297 
66489 16412 
56658 65768 
90555 30602 
78592 97637 
25768 56782 
48910 66720 
52478 64674 
81757 9965 
1189 990 
86095 81527 
50955 10323 
51214 27382 
99413 19994 
92719 93959 
96982 52640 
12907 4155 
30077 70248 
73321 88071 
58600 46423 
99241 12967 
61481 9848 
35954 17166 
20730 1247 
54883 16041 
79217 38554 
64004 14687 
40341 90608 
11422 31545 
38747 18343 
83630 9970 
446 54290 
90645 70647 
27947 56126 
99078 36711 
91448 88089 
21205 45625 
80638 55263 
93130 47059 
73355 40039 
78432 74424 
7106 67533 
14975 69229 
97370 57275 
82066 32031 
32649 2185 
2741 71507 
90385 52685 
11663 24090 
60142 73713 
12980 20553 
30880 85477 
24464 83120 
97653 95005 
54344 46887 
69757 74810 
85460 12739 
17117 47496 
47742 55451 
74612 90633 
44447 30282 
35091 84972 
60232 44132 
969 90860 
19823 83208 
31595 52657 
84913 18148 
18988 99040 
73890 39683 
48067 28243 
64083 13172 
49167 41642 
89442 78721 
30432 16475 
77936 65098 
85541 89114 
82382 30296 
8323 53957 
46057 89334 
9914 69839 
10154 40787 
26444 5808 
13973 57511 
25618 51153 
60746 64179 
69111 60810 
22049 84504 
64337 6532 
32029 4373 
43974 56689 
78966 63652 
44484 13124 
36205 59034 
15948 92167 
87072 13063 
84678 48742 
89114 40337 
7349 7434 
91849 20908 
810 82463 
69188 73020 
5274 39671 
52785 2578 
40228 77990 
55799 95127 
42222 85267 
57894 7612 
31556 53890 
81774 11835 
40984 25377 
29164 39267 
53652 69872 
59841 77750 
39810 96455 
91198 74642 
52239 33238 
67776 8071 
38868 12400 
305 98227 
57706 44641 
2013 44002 
34023 69969 
56316 86781 
82602 27304 
34473 22820 
28929 94078 
44381 8425 
2347 8821 
32406 27965 
41479 4653 
79026 23839 
47659 49708 
25972 19563 
45597 11651 
47723 2458 
62228 37818 
33366 70769 
14415 69911 
76242 91552 
4143 92775 
78219 60308 
55832 50456 
63058 1081 
94590 49564 
59069 96623 
56483 9907 
55065 92231 
42340 15422 
55645 74004 
75120 64633 
61878 82491 
97539 19162 
81744 86106 
51441 1285 
30974 5192 
13313 97075 
19459 47221 
21356 80357 
30951 86385 
18715 84557 
94530 96729 
54734 14405 
15157 26941 
31516 7588 
77576 87086 
56620 27577 
62972 2785 
64358 93217 
20978 80760 
97963 28086 
20985 21130 
2802 43187 
66184 6498 
66845 50269 
91359 95621 
58753 39834 
81188 50314 
56249 47875 
39626 28272 
27819 78424 
12961 81596 
29369 45215 
19188 11084 
4076 45034 
64594 39710 
28481 77827 
34796 85236 
30796 84151 
31922 31504 
18390 79286 
92260 20746 
90623 25108 
59387 15093 
80465 95801 
6660 4487 
63725 61506 
99916 70329 
98295 35249 
66326 49444 
7439 2760 
88573 81323 
951 82271 
74859 63112 
35923 41915 
64752 81439 
54897 36085 
18435 37926 
3325 8864 
2679 36126 
20558 52651 
30692 51597 
18995 3114 
34980 63994 
14548 97825 
52432 90271 
48247 25243 
79097 21515 
43594 43145 
8431 32377 
77186 51180 
1300 1750 
1154 60899 
48598 56068 
45130 18459 
78070 22476 
42755 97 
25776 58147 
73116 18582 
39619 4127 
81068 50005 
7423 97359 
42041 14625 
5312 62915 
66723 22871 
43457 99947 
98915 28247 
45747 69540 
45892 12489 
37526 90358 
94771 65221 
31279 48874 
10654 10238 
93967 34999 
82741 73641 
51731 21001 
83149 85241 
37717 11920 
29797 53941 
17073 9018 
99551 60281 
29447 44324 
20698 64867 
73832 63979 
84860 40113 
23189 60793 
57639 94543 
96990 82374 
34538 73820 
38700 70117 
84132 90774 
42146 16534 
44006 57844 
45864 63622 
86614 69719 
67706 3352 
52011 11344 
83356 82884 
52329 47088 
61857 61712 
88883 80506 
58873 15722 
86968 60984 
34107 34016 
45694 53465 
3169 8355 
20600 80555 
56138 72203 
5343 92463 
75174 6623 
55410 19574 
61756 93635 
1572 14888 
40461 64154 
33750 99102 
40688 57272 
96934 79846 
70317 80373 
30029 28366 
86005 35487 
95727 61889 
33703 56240 
94949 98006 
79918 81949 
32919 18549 
79345 80609 
5608 4808 
27742 20936 
5055 83322 
30240 85106 
99986 52092 
74763 8488 
34197 40731 
37837 30396 
99323 94870 
65787 40776 
80879 65125 
68151 11756 
46915 23935 
32148 10092 
47111 29838 
17092 96826 
16834 8007 
15915 33834 
35450 18358 
77255 33435 
71093 38083 
66090 6898 
55138 94147 
3455 90392 
68770 43136 
66537 52842 
91341 10746 
49256 19133 
55608 71292 
80438 74238 
78486 68814 
71778 49116 
87602 55637 
21006 27579 
43730 51737 
27026 54849 
67096 8785 
83258 73155 
11565 96447 
3029 57452 
94903 15358 
96575 75268 
85574 81088 
63035 48628 
66954 16512 
82854 53191 
48363 36188 
96039 49951 
69009 5645 
29985 8252 
45673 10948 
96912 45353 
47933 79443 
15435 77440 
45700 51317 
23384 49691 
63057 13384 
39706 88922 
89625 71474 
2158 1312 
46135 55862 
54419 19862 
74382 25367 
81417 91473 
23425 60056 
94809 81925 
33672 9951 
51989 68530 
78391 97686 
51378 84871 
8241 56755 
84435 79783 
58559 23813 
40482 53621 
21438 93434 
54327 38857 
55033 86794 
58621 99180 
1068 81931 
52986 31522 
8187 2566 
30184 68823 
13555 64902 
5930 97835 
18055 37373 
83428 25916 
1433 77039 
46321 53496 
62927 68091 
14448 34787 
40179 2929 
15657 38318 
54668 14285 
23911 51002 
55401 88099 
88983 4678 
84286 61147 
36312 42480 
66401 34873 
46885 83870 
36243 17440 
36524 91799 
47131 39700 
41535 93228 
75050 77612 
83401 55107 
20544 53575 
29051 71918 
32643 82192 
85211 78021 
27377 72209 
65435 58290 
50062 95638 
46647 93904 
35355 87578 
88355 46677 
51951 45749 
22198 54911 
79866 57497 
32046 86541 
57391 93812 
35643 71198 
52082 74861 
47582 11838 
55582 29595 
50419 58681 
75580 43184 
25790 13516 
99894 10347 
649 20734 
37447 90090 
45079 93020 
98793 87935 
17587 14223 
64915 75390 
91436 59696 
7168 93270 
11232 75263 
63507 75379 
22868 59995 
46574 72146 
91907 5082 
57745 50011 
75542 51357 
7892 91647 
41542 41400 
406 24572 
33903 58669 
14942 61254 
69429 65694 
41364 42508 
12023 76190 
52555 37803 
12240 21750 
72017 71039 
18458 2834 
87613 8417 
63034 45893 
86326 66208 
1867 23689 
36586 70573 
39058 34286 
24477 28990 
99668 75686 
58073 53431 
23074 97680 
90175 9126 
36993 60291 
73864 49563 
38003 79015 
57608 38298 
48203 91108 
47039 51246 
39640 34262 
9062 99300 
18244 89302 
70623 10423 
37201 1887 
69237 62844 
66084 64714 
45305 66506 
76482 11348 
27256 48639 
17527 45570 
49745 11141 
45381 5985 
62394 92378 
39640 44667 
31983 84089 
86558 80724 
14543 25291 
34088 74935 
75451 19351 
26997 59971 
65414 97886 
11609 52255 
18137 85684 
59232 66082 
21520 4527 
94931 48439 
28372 90655 
34002 53809 
14920 90490 
22370 82240 
65802 42362 
49111 11116 
62775 48136 
49379 61307 
81018 87966 
44246 51739 
51701 33844 
70329 12962 
32396 73181 
36522 49894 
37958 62338 
7768 66686 
23635 91856 
56527 92528 
79479 60060 
41434 76221 
90526 19793 
69624 49481 
40749 84215 
74291 94158 
90456 51933 
92278 86982 
36571 39144 
57838 36918 
73176 87073 
38174 74838 
5706 46653 
23978 3010 
36335 29221 
53895 62728 
30431 51946 
95697 32458 
94298 99765 
28920 25983 
43009 71803 
73818 20279 
13779 79567 
89707 6249 
85097 16633 
22114 21927 
94779 25141 
12640 97416 
11103 43059 
98018 13555 
369 28052 
15583 52205 
51516 18666 
1221 95030 
63813 11671 
12827 9814 
77212 5546 
37408 48552 
26569 84430 
43185 69998 
30766 94303 
19401 90795 
85655 93721 
6003 63987 
15767 45128 
52982 81446 
53928 49573 
64856 97622 
60171 17615 
79650 76041 
61764 12254 
3685 67106 
94701 95932 
73586 35979 
53672 62934 
45154 72762 
12298 41012 
15085 33617 
58346 1553 
65983 81184 
99656 26383 
87735 15325 
35685 41030 
69023 11171 
56851 39293 
71585 10400 
29278 91960 
96845 43840 
46067 53762 
29587 98724 
77885 56933 
96603 82306 
35457 7206 
9576 75063 
64427 78625 
70938 11316 
29138 37272 
9040 72884 
5987 10786 
74689 32233 
99337 60525 
74962 35606 
13360 6281 
42175 73760 
61716 99626 
35985 48143 
73653 41323 
54819 3791 
59873 90644 
89184 66658 
34445 20023 
83873 92783 
50051 27144 
88688 9403 
93045 28418 
68012 4035 
2061 22685 
8434 96536 
19338 32108 
10565 11275 
57441 98374 
76319 51822 
65754 36638 
6142 68930 
10857 27120 
1999 4077 
42865 54776 
31438 85486 
5778 91219 
45623 51281 
64128 49819 
59955 75317 
60416 34915 
99750 75229 
88296 49075 
85428 89377 
64979 18588 
81725 19610 
12994 46653 
63721 50149 
16216 6183 
58772 69418 
98005 39710 
7937 41235 
80306 42559 
53079 94577 
21755 67292 
96537 26984 
77 2355 
99131 45669 
99523 45907 
79208 2549 
87584 17055 
50562 14656 
16898 20973 
90262 99750 
68069 11864 
58789 98498 
56984 78288 
4328 99160 
66298 9044 
70700 28540 
24880 84648 
94094 23773 
51312 79355 
17650 53572 
97953 51768 
74880 14671 
80593 48242 
93043 89443 
55404 42639 
45790 14069 
9666 88395 
40755 73131 
65659 64462 
62229 6123 
58155 55344 
1674 84147 
35092 17304 
99527 90908 
48306 47710 
90612 21174 
46602 92610 
92456 91938 
56989 98764 
864 46826 
41547 40720 
60397 22635 
47202 30934 
58671 38417 
23568 51520 
52922 62126 
70085 29891 
74862 7635 
87802 17381 
75556 15764 
53470 19872 
65933 77010 
4015 72519 
80488 60762 
17972 46862 
41832 26061 
7160 27914 
31997 2333 
86635 1285 
82711 45025 
73871 45933 
81356 90722 
79168 36850 
51924 59042 
88431 23803 
10978 74525 
6762 67179 
17517 10704 
26703 80064 
32573 90688 
8519 46870 
79493 13848 
11555 63143 
49081 16561 
95501 68624 
25104 16480 
18292 26203 
15152 34423 
93424 33094 
59450 35735 
33611 37392 
55918 83846 
2 73075 
83637 52753 
96588 19641 
28856 2301 
97958 38692 
17763 80358 
75225 39153 
38472 79393 
89733 75220 
91011 41445 
57061 86711 
38604 75114 
44879 50177 
46090 20951 
57366 20965 
82083 77508 
76186 11334 
30311 79310 
73441 67828 
2533 137 
85530 82275 
70557 40275 
38528 95111 
38074 44738 
45473 27157 
54405 91011 
53852 6564 
31688 79462 
7629 41305 
64678 57329 
2310 24438 
68016 8087 
53809 49281 
39686 41972 
72327 54723 
31359 30595 
30954 17077 
56414 38828 
45381 54201 
94633 20500 
35893 10058 
58948 60979 
25728 43443 
74061 69324 
40911 53308 
79369 45447 
15836 34915 
9351 73607 
76173 76017 
23410 22564 
66043 70302 
54146 64844 
9998 46545 
18132 62827 
51950 86224 
86485 7738 
93007 29806 
43873 39143 
58082 52452 
74067 17158 
57163 23615 
97758 67353 
71309 51791 
54066 69201 
85710 55639 
61019 12924 
12562 95758 
12271 6735 
95042 47583 
67391 76695 
60345 95195 
71312 64826 
94494 78268 
94859 97581 
44577 29962 
22742 66436 
15098 2227 
28019 35108 
14254 86850 
62736 63775 
23296 5465 
63308 19689 
7472 59853 
16179 25710 
60644 5029 
54385 83510 
77308 31938 
58897 96615 
75505 24019 
19914 9935 
52089 82462 
72816 77050 
37764 98685 
61025 64313 
33552 89359 
93790 1664 
52567 99255 
60716 94079 
61420 20264 
36885 14715 
14111 71124 
62453 11032 
97903 31690 
8876 68591 
65489 28060 
50251 93698 
10644 20406 
42717 95724 
55614 54049 
77484 72649 
57627 96169 
13760 29294 
9234 95434 
16700 86682 
2553 69935 
22483 73106 
51059 49988 
27702 22746 
14214 76690 
53494 46035 
50002 84547 
66168 77502 
28368 77060 
45577 51426 
74571 37865 
80063 3410 
75641 6812 
32540 46844 
75404 90317 
66118 27241 
3956 68416 
39643 14564 
35983 7088 
83642 53891 
49028 83785 
45357 58186 
57528 86506 
47927 93396 
31420 52349 
43233 75774 
69095 70143 
50519 74039 
83682 83596 
63638 84901 
78893 96327 
78605 29437 
36097 98219 
40120 99998 
7825 3716 
30809 72498 
14534 17022 
30185 87397 
71293 16565 
51633 94140 
28936 81708 
25234 48450 
250 68324 
31828 49665 
55961 76706 
9427 6125 
17540 45221 
46956 20677 
44270 46161 
52256 95464 
10537 56459 
31401 65424 
96008 25247 
44571 83300 
66084 62667 
10111 95482 
2975 29925 
12841 67609 
58767 19257 
35314 41634 
40995 74302 
71404 31908 
8532 16314 
497 96874 
51029 9715 
97485 55069 
48648 21671 
28900 49390 
60511 4706 
38729 1961 
70060 58801 
58787 43449 
23451 9992 
88035 45288 
33116 76170 
72776 31047 
82806 77611 
85441 94032 
62709 89696 
43475 2238 
83637 28354 
31835 28882 
67832 4946 
92706 7011 
90572 86636 
24250 70044 
51575 50717 
86569 6629 
88085 26950 
47518 27817 
2567 80643 
13619 17295 
67110 1033 
82038 11333 
83890 24462 
18425 34058 
26506 39901 
12433 95847 
60475 95593 
87761 47837 
42889 49871 
46858 73970 
30992 86657 
11719 93459 
87338 46740 
81718 41229 
55261 9580 
66984 91593 
92505 97233 
71578 91356 
93185 61927 
94559 72488 
98634 61874 
89010 21689 
96237 26105 
69184 94384 
32013 58431 
84161 74076 
17496 33070 
82740 94506 
94357 90049 
78795 61670 
31271 47182 
88873 35517 
66667 7237 
54584 57021 
78311 53856 
81138 35331 
56052 97840 
20403 41829 
77623 56635 
1895 93170 
39042 24127 
68406 43777 
70915 15338 
4248 49756 
79916 51155 
53639 10812 
90675 81921 
14281 44537 
27542 35538 
56966 98278 
67910 15681 
65856 57827 
19259 68754 
16059 69289 
20549 84465 
5245 50750 
45312 94153 
34233 33726 
88535 83501 
87857 40896 
52354 41781 
1881 76257 
6618 28510 
14323 76554 
89531 50184 
90283 48772 
30866 4727 
78214 97433 
25672 69315 
2542 27606 
59905 78482 
22647 94755 
91092 63688 
91430 60971 
16915 2974 
28053 8604 
22521 59935 
78892 56953 
83378 74877 
78365 25433 
14687 7883 
36989 87496 
617 23433 
77903 63615 
7060 49305 
15032 8741 
80126 38651 
16201 59920 
59268 13491 
22685 23120 
88705 70275 
3074 94827 
93717 83764 
3789 33602 
99435 54140 
21152 19542 
8907 4094 
60694 65462 
24479 47575 
68180 72627 
91988 19945 
13834 55988 
70752 80484 
86329 99126 
84042 72500 
6339 37499 
84463 53746 
793 10073 
76633 90399 
88438 64068 
75537 41575 
14936 45281 
43118 48133 
41412 57349 
37955 79490 
34250 27300 
33258 85239 
25876 71886 
7004 44515 
16395 19431 
84617 5429 
64145 5310 
19467 59272 
69590 25693 
29293 99801 
91459 3792 
67763 76592 
46605 95625 
99475 63262 
35819 38172 
64055 26296 
6641 21825 
60354 98318 
11219 51129 
55340 30773 
42344 43106 
23895 25366 
34015 794 
55538 21010 
94237 91164 
21998 43612 
97227 51197 
85595 9707 
99814 43651 
42547 11792 
62505 84939 
37613 3117 
49586 71539 
56876 42796 
54557 38473 
4029 58253 
47323 93671 
92162 31368 
67781 85390 
37852 17108 
96773 76380 
27262 59001 
19882 18102 
34980 74514 
62112 41080 
15511 45180 
12229 3312 
54601 61305 
74402 67712 
62988 39110 
81723 11651 
18713 49392 
81315 6930 
15782 71066 
53942 46896 
56757 10426 
62385 38931 
34757 7512 
32326 25131 
86397 84658 
57070 41808 
61343 79126 
83171 79264 
46448 41661 
77866 57328 
2857 75871 
1191 89281 
22976 39537 
5763 67006 
90892 28253 
65422 63630 
34591 14263 
90287 16392 
91256 18910 
20231 22121 
67927 55808 
1413 50444 
69009 93669 
41188 55743 
79354 52660 
5597 47873 
37095 66211 
70581 63773 
3911 11420 
63203 67374 
42087 35489 
32325 93584 
37496 83077 
69597 43608 
65568 60032 
61042 33536 
83314 52628 
87147 95840 
44658 58288 
5068 34332 
78608 73675 
40432 37121 
40197 29133 
88164 59244 
42681 54633 
71894 96902 
6115 11695 
39686 88594 
12236 28207 
80217 94977 
38488 28631 
27979 28874 
55035 60753 
88686 29634 
7812 81996 
56780 1907 
77903 83193 
15808 67916 
2989 95854 
9363 14428 
70093 50097 
45441 50879 
40568 24753 
50224 33493 
48014 58599 
18712 51737 
17731 72226 
19046 18079 
92366 83760 
94986 49778 
12555 88441 
76735 82297 
93656 12045 
54139 7960 
60064 41156 
88260 90582 
47158 79535 
37428 67055 
57575 79101 
52100 10272 
63288 46523 
49191 94249 
77878 31950 
11029 71950 
84446 65137 
66668 49077 
93732 16003 
4031 12947 
24319 21626 
30196 54597 
42224 39734 
44097 4398 
70661 59946 
11048 86674 
82490 28333 
31668 87244 
17584 18302 
79181 19285 
25315 11396 
38502 67552 
18349 35263 
18151 88724 
38129 42889 
21717 46575 
74699 7116 
59484 64598 
53924 47541 
52783 85917 
3729 3080 
33730 40510 
37585 12795 
71231 33198 
48318 70031 
60509 82313 
88174 70464 
97834 58624 
22142 83373 
24782 96834 
80677 37232 
67037 77836 
5273 25704 
11622 8947 
75712 8138 
63396 61432 
31390 99904 
96766 59902 
50741 22184 
71792 56566 
32609 8299 
15183 64779 
31280 44213 
76188 70995 
32960 54538 
54958 91977 
25634 32193 
66691 94976 
6507 49812 
48725 52625 
91670 84041 
39686 61404 
41148 30081 
59944 12790 
89142 83144 
809 69579 
74097 15916 
86267 66394 
96082 86704 
5529 22986 
90066 71630 
27262 31720 
92779 26050 
97086 56499 
98167 45316 
88775 59395 
41856 13068 
26581 53371 
28545 96439 
21175 64747 
17964 71866 
64951 77426 
14757 42629 
13759 22421 
65605 39847 
41623 70827 
52922 82302 
92590 86155 
88605 7305 
69590 92824 
53643 74768 
94010 21590 
99743 89687 
41690 99856 
27727 84447 
11120 65018 
84064 51683 
7849 92418 
71717 20851 
35477 45958 
54386 27256 
68048 79063 
44251 30955 
41278 36438 
2511 4773 
40786 32942 
49257 25620 
84294 14894 
74665 71365 
91808 41279 
67012 46684 
12823 57555 
24677 35671 
32852 73147 
99077 6380 
12931 95222 
23414 73088 
25190 15965 
18108 55715 
35234 98323 
27989 62686 
47727 56083 
38586 63448 
75501 78130 
39256 9913 
14417 3866 
49458 12313 
6336 17048 
1103 74242 
50780 88644 
74719 44123 
82202 65839 
20076 45895 
64255 73942 
52942 10401 
65062 70696 
8821 40790 
68188 68372 
51775 10170 
42894 18045 
81889 7836 
44194 32561 
58424 21554 
38351 9964 
57402 67746 
52677 7539 
12131 58818 
29826 8122 
43095 27472 
26266 14951 
69667 11503 
32196 9114 
10265 39437 
5922 4486 
19856 47275 
9500 39093 
84123 99680 
4509 48933 
88141 85158 
16826 80581 
4080 4066 
7568 12227 
97215 70758 
93670 69363 
32472 6702 
46068 40903 
74723 10149 
56028 24336 
15250 49691 
911 54324 
24060 44039 
59493 98222 
23138 58379 
23937 34091 
99279 68876 
30616 62024 
26787 21219 
85208 38021 
50113 36510 
88809 61114 
84430 98406 
81338 89079 
28148 89082 
6034 5860 
45569 28419 
64625 14655 
70140 10754 
76571 84661 
99182 26602 
77754 36589 
99509 2936 
94102 12297 
20003 94947 
3840 37316 
12015 14643 
58407 51473 
91351 87191 
66582 52535 
36640 84632 
58905 70458 
8063 98391 
40270 65788 
87679 76945 
7334 24701 
88009 73104 
54446 5339 
49072 16512 
16819 75325 
45732 51323 
2949 68746 
56981 56447 
49598 82372 
6721 96295 
92139 25516 
71627 33688 
80677 35710 
65822 73379 
88045 73226 
54415 94597 
49667 11482 
18321 74071 
47211 47521 
91349 97198 
98083 66979 
17195 4343 
41013 11351 
28752 21657 
14359 11856 
35069 81437 
8193 73864 
12329 45667 
33856 18544 
34369 8253 
95396 14331 
45552 66375 
66113 59778 
74209 19465 
70464 11492 
8418 75483 
46624 86122 
7517 18523 
18258 3728 
2574 19174 
35396 81376 
46910 49664 
53765 30431 
13829 99495 
9552 58763 
2854 74078 
12268 29979 
8076 98849 
22257 85784 
22599 44379 
1339 94698 
1631 34220 
25214 50635 
83421 96504 
24414 8198 
72006 72790 
77016 8066 
18687 3198 
10727 15483 
137 65572 
84604 67586 
80248 58215 
11364 1225 
60077 80713 
50101 11899 
65685 85378 
46195 76583 
97174 43099 
20292 58459 
63920 91640 
11466 99963 
60743 11909 
61013 2035 
97709 8285 
82802 82117 
82256 52747 
3711 1183 
66528 89414 
73390 50959 
15058 86011 
36446 96512 
18377 61849 
32116 76497 
76634 18123 
36597 73625 
4008 45601 
91409 81268 
59429 87271 
67539 8648 
92096 89040 
99565 86668 
1250 80293 
86559 59208 
48875 87915 
97319 70570 
31258 2359 
36270 88785 
10741 82351 
23423 36612 
32568 6077 
16797 37294 
3349 50972 
59003 20559 
87475 11673 
60991 75812 
85720 46300 
45452 84119 
96309 74877 
59953 8335 
22863 40546 
35635 71601 
85963 84167 
11106 8443 
15439 75956 
63168 29825 
49067 94003 
86113 3787 
39973 38847 
39525 16646 
79872 25693 
40884 46265 
78145 1465 
13761 48511 
97818 92533 
14942 30792 
38649 816 
54598 62417 
74825 30862 
92421 50554 
171 48605 
39645 92674 
7323 43671 
21957 1624 
28964 91428 
61524 87859 
99014 88413 
17732 74853 
49567 65350 
85657 18355 
45417 65636 
88951 97900 
72166 14019 
19486 49856 
36182 90109 
69995 15317 
5118 64450 
77891 83244 
16195 51053 
48549 19559 
6150 79623 
54577 86213 
71507 93138 
13927 70823 
50759 32031 
34176 67040 
31077 74873 
72908 68603 
21313 67327 
4857 65898 
366 86037 
5303 62847 
45380 52204 
56191 64082 
67778 30795 
56556 17611 
36800 25643 
72037 36563 
49991 8125 
89618 65105 
18012 97694 
53226 98245 
67158 46216 
43375 13008 
27148 64892 
29803 19317 
64025 72460 
69888 92960 
38421 36486 
47580 10101 
17967 25689 
47718 63106 
49311 90603 
38792 771 
99954 42301 
93590 2596 
13073 4481 
11597 66347 
79480 72897 
19674 60915 
20080 27936 
18198 72348 
89442 11097 
8744 49956 
56508 94174 
86350 41495 
92022 41148 
4472 91707 
93898 87112 
24020 66859 
11548 35985 
39140 59447 
88089 9340 
31958 21834 
25386 62377 
46020 75357 
91057 19859 
83956 42342 
28843 74801 
28696 52409 
4154 35746 
59550 81647 
15137 4675 
84590 93448 
26291 16880 
38936 63172 
36407 76614 
4963 85349 
75549 77869 
94866 81711 
36813 8321 
98644 51133 
87760 96328 
41287 28430 
73723 75773 
11773 47946 
20559 11634 
23495 40040 
68008 50340 
40799 23775 
16422 33307 
59554 97541 
49461 39465 
61022 70814 
3223 3167 
67766 24915 
88354 87569 
17929 38343 
35796 80379 
39946 63179 
29153 18795 
53595 93037 
7048 43565 
45264 20166 
67393 28248 
65415 39578 
82118 29089 
74435 21438 
35755 53376 
19434 39465 
34106 49679 
59000 12723 
90329 82112 
65531 90923 
84885 62513 
25488 89259 
13104 79441 
26744 57779 
79521 80915 
69209 52437 
71686 39016 
59971 60222 
47792 48809 
57444 19140 
2264 91467 
10344 65319 
31356 22048 
96805 34160 
6845 26060 
6517 40181 
80055 25794 
24526 61094 
80761 7312 
69150 55679 
45883 82054 
8456 52096 
11477 93242 
29846 53591 
28133 26536 
65503 21888 
14710 86870 
82809 15070 
48241 58957 
33321 76413 
98868 77618 
16485 93331 
57832 95949 
54981 71531 
73836 54247 
97464 98443 
8495 20692 
61409 2126 
45125 95981 
3893 47116 
36802 48425 
61345 47046 
59379 73443 
30670 15380 
43075 51981 
73594 20239 
92287 16058 
13698 57031 
67430 16462 
61336 3493 
94892 27555 
45441 75756 
91611 17229 
53257 61160 
39316 56216 
79067 63813 
20117 40316 
61268 62264 
29934 51497 
43440 45157 
19160 89431 
29579 60374 
70982 63691 
16214 85913 
16947 48672 
74890 6643 
6649 68232 
27316 60072 
93819 95101 
2471 96391 
74638 21328 
90058 83316 
15750 80324 
7887 74634 
39236 78520 
82173 52846 
89732 25207 
99144 50947 
94888 32839 
24011 56124 
44552 96874 
99016 99046 
56311 54185 
26185 36398 
65485 62131 
12318 41484 
76142 36574 
3915 27916 
36415 36445 
67893 44854 
56158 84894 
80350 98711 
67896 72639 
70076 75886 
43064 97810 
26117 63858 
14676 58414 
19409 93823 
24875 28456 
7383 57077 
11192 16871 
87356 79484 
68909 29556 
39679 73593 
78561 29151 
54800 26388 
67402 14626 
69755 22121 
81574 23340 
49082 44330 
81756 91870 
