871 14570 
29375 24821 
45387 46051 
39663 87257 
51838 60979 
67996 55957 
33507 99468 
53580 56629 
30590 19078 
92214 90760 
26115 97351 
9953 30679 
16415 6738 
64479 21261 
64885 49764 
80673 68347 
55368 90032 
91098 80771 
27212 65539 
44341 72850 
17926 24790 
64596 27225 
61301 83316 
94404 64166 
88968 58463 
29122 62732 
61610 3701 
56469 31668 
12353 30184 
47432 33437 
19379 72957 
5823 23514 
37358 31921 
72952 78861 
8047 93589 
1172 54463 
39249 18611 
55441 24850 
88285 62249 
75607 38745 
11237 80165 
33767 39272 
42447 60318 
50825 79619 
50096 13234 
94323 94603 
73172 47573 
65606 72277 
82707 55629 
98579 6551 
25930 34334 
34578 1715 
5786 71283 
8302 42845 
20262 32468 
78271 42233 
36076 98647 
61954 21343 
99474 10647 
90483 90181 
93252 414 
80781 41588 
33578 4255 
33977 86611 
62814 77451 
8117 18960 
35208 55326 
80512 11467 
11238 34841 
10403 15565 
73310 82911 
36238 55955 
50638 12923 
93454 86995 
94351 9262 
18465 4732 
75212 21217 
12485 89110 
85820 92218 
74812 84557 
16744 38126 
79396 13967 
41790 39197 
60771 61045 
91412 64304 
95860 49054 
15294 3170 
16688 90162 
35180 42590 
65701 78961 
67299 86018 
10175 56104 
50040 82385 
65099 73628 
47029 99655 
34979 52196 
8355 51370 
74125 32307 
63401 60317 
82318 86466 
87593 22459 
98126 77394 
32363 16394 
25693 18507 
32693 88866 
32479 17252 
9863 35215 
85210 59301 
68340 85193 
49223 22182 
45248 99151 
62402 90621 
8425 77411 
9086 82668 
14839 86456 
61592 85656 
34929 9642 
27429 44050 
20457 37206 
38794 37515 
43526 20623 
47616 36759 
62655 29758 
44183 27229 
78146 67737 
325 46251 
23439 18093 
49127 87907 
1784 21523 
52325 91792 
18225 5443 
73829 46676 
75805 18531 
73215 8222 
1811 54607 
56561 51058 
45020 85423 
73673 49845 
38118 60317 
30532 11412 
50791 72219 
93691 60590 
68486 34075 
99390 16090 
19441 57566 
44343 79567 
38259 76829 
27377 945 
98226 13922 
31591 76186 
66456 39891 
85161 79826 
36135 45553 
15639 33950 
68274 99486 
17344 67716 
31793 37230 
84356 27084 
65197 95317 
22682 53135 
95713 76514 
44288 59129 
42474 8542 
63013 1459 
99191 37521 
57763 57648 
38729 79553 
41925 95801 
7080 39061 
79619 44183 
77479 90944 
19164 47075 
16731 15037 
72058 23598 
75309 66067 
51816 29907 
50356 59996 
1146 61960 
86487 58551 
78258 26019 
73078 37728 
43479 47089 
68769 33197 
85915 81728 
33938 65791 
56528 50920 
80176 63615 
28817 11209 
52125 13866 
91168 37815 
41492 97015 
85992 2149 
95692 78828 
49932 87982 
24257 61527 
76693 5447 
25018 24418 
19472 30113 
49028 16453 
73488 15590 
98299 98414 
30778 2404 
3654 70830 
79222 73351 
61313 65190 
25639 86095 
16353 20703 
58868 47451 
68736 16550 
32882 80658 
43338 80499 
42278 76815 
9277 48732 
82899 14792 
55769 8878 
38865 80077 
31890 18472 
13977 12342 
35794 54483 
30209 63968 
95331 16013 
48942 57313 
16441 71936 
31619 87225 
88329 17959 
45644 27089 
25131 83516 
38667 61664 
92632 7858 
49783 88019 
15577 86874 
99697 97063 
86198 77404 
3613 72503 
97830 34194 
80334 21480 
8794 46154 
89014 81714 
1248 33188 
11012 33673 
37266 62648 
8470 83109 
30138 45311 
33525 69229 
42753 74818 
32455 96852 
96853 81594 
87629 87075 
27105 82586 
66748 90313 
42098 21471 
3698 7990 
60770 10533 
18191 24757 
77216 5017 
92463 61766 
69421 63535 
62408 23386 
8219 73956 
47841 24658 
41579 53251 
41997 54862 
26329 61851 
3869 53770 
54513 8366 
48712 51456 
74792 58866 
11761 50001 
40665 6457 
68157 5962 
26738 1474 
28113 6212 
41881 90404 
90490 16520 
33841 62523 
30251 22239 
23699 57203 
15677 73482 
30563 42035 
99753 93400 
46974 32097 
6791 7470 
3719 84137 
40161 4138 
19097 65905 
69881 42760 
62164 70509 
19888 83430 
72073 18439 
63929 25136 
66338 65745 
56348 3618 
39731 15906 
69401 18352 
2447 15014 
82314 29295 
31321 95175 
68919 88344 
11050 19409 
60526 47877 
23776 72810 
18560 19340 
4806 39389 
37565 38524 
19891 1756 
13304 30988 
35159 1680 
53001 61029 
44698 3568 
75144 90670 
92712 10050 
44843 71326 
77293 89072 
17371 40119 
51077 85333 
17296 95261 
40385 5349 
63560 80494 
88939 85099 
61843 17254 
94827 71941 
24758 85050 
50124 78362 
47673 65506 
11412 94156 
63396 33537 
26429 75709 
22463 384 
17168 66371 
97453 87480 
72964 40246 
89536 37626 
38456 3225 
23358 50470 
90804 29762 
52408 63008 
88101 61584 
61182 82621 
36682 45472 
42735 20116 
68847 41180 
50606 63308 
44513 87768 
72687 77849 
90389 76805 
51193 21358 
68504 44333 
77752 9322 
22254 59955 
25481 76815 
82618 61038 
40995 38779 
29787 52816 
8416 63414 
96157 70988 
14782 38175 
65522 82482 
91618 25934 
70229 82128 
80990 80066 
13193 28284 
76034 11529 
44869 48786 
15708 78439 
6647 40149 
71452 99223 
11572 77546 
49460 74130 
70942 50841 
46429 36663 
91009 42854 
38954 46475 
57880 70016 
57116 78315 
697 12725 
91376 57815 
73241 72941 
8525 44207 
22369 9961 
7245 62524 
17993 21803 
26728 43386 
3836 59264 
32844 37175 
90740 82474 
45521 31213 
55084 95633 
38246 13501 
23664 24638 
36065 94646 
23390 34434 
61940 20783 
49248 18157 
33012 84643 
57200 28545 
88094 69309 
20018 63579 
35639 39839 
93565 62946 
47440 31546 
28592 19675 
87506 70622 
28870 62172 
57827 2662 
298 15889 
63150 97763 
57644 10988 
45438 47041 
55610 62603 
15328 64724 
89203 13709 
12694 62432 
64689 97092 
61337 67806 
76901 42528 
43858 18367 
41285 28083 
11911 73257 
19748 50259 
64360 50504 
48266 66780 
71221 15494 
21159 47881 
94851 17511 
12032 57271 
61487 95573 
14616 72275 
66007 52156 
68099 44195 
50731 24054 
90980 94541 
85092 63229 
85103 40553 
87161 77392 
87249 44286 
70313 69942 
39489 83575 
68731 62002 
21505 50282 
93955 75444 
38159 91514 
1375 5140 
83826 22870 
336 11099 
11345 59263 
24429 16733 
17930 28519 
89589 8159 
22959 55691 
6772 91305 
53308 31908 
83278 78474 
70707 10583 
42181 44137 
72622 5943 
12882 10887 
73206 4075 
97438 805 
24126 35090 
97143 14950 
66403 96481 
91684 84228 
13879 62411 
99311 68595 
56525 61389 
10546 68377 
37513 55700 
80287 51410 
1854 9935 
83559 92783 
36328 93111 
88691 70162 
20583 19126 
78379 56975 
87468 93657 
53859 8195 
47012 2125 
90328 39006 
62961 42988 
72805 55358 
83357 83358 
30758 7190 
17368 89824 
7129 93 
19442 66374 
42779 19202 
88821 13437 
30933 90333 
17528 7304 
97845 27680 
23216 87584 
95710 94837 
84549 31851 
51721 36465 
56315 91259 
3267 21624 
79030 58668 
63350 76621 
13535 41682 
2666 75120 
24935 17040 
5130 96386 
12182 49887 
52217 58681 
29731 71742 
18120 84171 
75899 24330 
12522 54124 
28910 92977 
90688 68776 
96091 72875 
61610 34900 
4260 34276 
64121 65946 
100 78580 
48149 94567 
48131 6253 
93709 65403 
10883 49651 
23776 97180 
70969 59109 
18815 77518 
7968 68964 
20549 81265 
74389 11773 
20460 83740 
24455 93542 
64530 73991 
37040 90569 
69920 59929 
39818 79390 
41533 97208 
85538 65299 
96867 66743 
53285 32055 
56037 71962 
47730 95641 
30564 26210 
47549 8322 
49281 53156 
10556 25740 
92618 28627 
77592 19431 
67573 50978 
29762 89893 
44834 38929 
44372 11204 
96799 20744 
63756 17217 
20651 96670 
38145 21467 
4179 27797 
28845 48179 
93708 28748 
61193 40170 
53264 19105 
98134 897 
62034 19028 
64708 22589 
83198 58186 
91350 50093 
51384 3992 
59623 31000 
68263 5017 
27855 6582 
66241 88564 
86123 5212 
98710 47562 
40114 10204 
41994 1245 
51636 87362 
48916 16550 
69883 74072 
76810 32701 
72039 51347 
23850 40161 
94389 43043 
46714 26949 
75867 12300 
99897 20242 
54753 54290 
32397 19274 
56279 16482 
1026 36713 
83937 12869 
11261 40025 
80548 37002 
76341 11784 
56476 20177 
93221 28420 
91848 25731 
70019 90639 
7253 18186 
3781 25514 
63088 96828 
99645 20222 
91595 37345 
42896 40462 
87582 42242 
83979 32760 
83943 61039 
73133 9220 
16291 4603 
86152 65677 
37375 44502 
15657 89823 
76435 57874 
63311 74523 
51232 51066 
57551 63384 
31213 71175 
38738 20575 
19133 93642 
98976 34951 
65413 56143 
37446 39740 
54618 94322 
93712 53365 
6668 23246 
51278 24400 
16715 99996 
61565 94258 
17138 97424 
24513 74850 
82665 16864 
76184 75335 
15363 68455 
76011 1956 
40104 51754 
56776 98076 
13067 76432 
98892 87686 
95935 73107 
17267 34998 
76682 57743 
3789 35147 
24180 29551 
51387 6630 
48338 1954 
96662 64768 
65 88935 
57230 17318 
86108 94967 
7221 38277 
92610 85717 
29779 44026 
8262 48861 
8940 17104 
12981 89596 
74928 97260 
51286 43795 
96707 86856 
40884 33292 
23505 98252 
76460 32374 
13107 4508 
76251 62340 
48820 41558 
84724 81855 
39360 49933 
88494 94813 
16250 37198 
24634 54600 
91931 88441 
60587 3843 
18374 51486 
3139 52154 
90824 75934 
50247 60857 
74180 90690 
33981 73338 
90576 63354 
15474 2383 
95857 96654 
83442 61766 
89974 82024 
76723 8358 
51682 48540 
98249 43144 
61500 16562 
12957 4788 
78527 89811 
25361 77779 
66519 96979 
13875 28684 
22496 24611 
58432 78661 
47247 66620 
35549 18146 
11206 52672 
70706 70514 
11481 7576 
31763 15485 
86235 36899 
19105 90223 
51132 30222 
58298 96288 
49244 22759 
29281 54003 
60575 58501 
72440 62299 
298 53631 
96402 41719 
45810 67618 
74981 61024 
71885 51248 
61424 73739 
40480 55765 
66963 19932 
87175 55373 
47633 80717 
69739 56536 
18446 8159 
96006 41848 
67200 91687 
27993 23647 
71559 63597 
67136 63163 
32541 90867 
61535 44634 
25095 48261 
40261 80680 
32224 18564 
72078 65140 
72926 19823 
66320 82652 
56203 16559 
82216 30453 
93499 32206 
89610 7183 
80137 43382 
28810 75922 
12672 3127 
50207 14264 
43566 9848 
75337 22899 
87167 11482 
10236 76029 
81707 10258 
59199 61842 
80897 12455 
32481 79371 
95630 49651 
15015 29230 
31441 83260 
64861 60057 
70587 92491 
39915 9914 
28920 37382 
9292 12484 
77263 83200 
91845 21564 
54548 70232 
78442 44218 
15700 13898 
36900 62835 
51135 24086 
68898 69456 
86672 39770 
86708 31903 
22776 85214 
4265 60545 
274 67427 
91867 47013 
86024 51080 
26704 1710 
56492 66668 
82467 25669 
19800 30511 
40430 14126 
57512 81024 
71694 4118 
86295 64716 
35688 46471 
36541 37484 
63555 3760 
20151 82056 
46718 50105 
12905 80775 
30709 76137 
8169 24449 
22223 83020 
8191 82615 
53454 83118 
6817 8305 
11862 11689 
83186 1304 
35860 93956 
69806 7873 
97282 4965 
80401 92053 
40067 5815 
82992 73906 
21197 39174 
81923 93449 
4784 19451 
28874 25516 
93042 58524 
17377 40432 
38972 26652 
27960 78126 
74706 59993 
81754 79190 
6760 91098 
29251 95402 
74869 96823 
47876 84349 
44579 29278 
47126 78051 
5454 19766 
83262 3856 
76555 23095 
66878 27386 
78706 215 
6155 81946 
19164 20819 
66182 46544 
48420 4378 
40490 35583 
91160 8004 
24745 67244 
23836 12610 
54552 84759 
69808 55029 
19416 14978 
9706 3068 
93100 62053 
59419 72902 
27017 50534 
51053 43818 
37718 51832 
63216 33951 
82160 50724 
86150 62531 
55166 34488 
74542 39061 
62312 16225 
36209 87919 
18481 36098 
28427 38094 
97384 19414 
85324 82041 
10614 8911 
79522 35123 
26102 30086 
29159 7634 
45354 93024 
97426 35131 
46423 81960 
95919 99586 
65302 34677 
95423 13812 
32270 67843 
68097 34722 
1684 61521 
33628 17110 
13847 76353 
58530 19017 
5735 40269 
62578 22147 
43797 8103 
19276 36389 
86445 67123 
98271 16173 
96477 34211 
86819 28219 
14425 66352 
44667 75177 
72601 85046 
92129 97714 
76659 97428 
4686 48805 
6537 82102 
89083 58292 
91896 96102 
45686 83228 
98502 50872 
79772 70086 
21475 99808 
10469 38587 
18942 77634 
40201 33748 
35319 32797 
89809 82672 
57339 98026 
74901 35663 
17878 51379 
97531 67468 
12737 30305 
53975 63729 
23794 74673 
14142 20204 
48226 91183 
11078 37844 
18036 51246 
90050 5556 
56672 57123 
5866 24232 
60278 37046 
24364 40637 
9943 58998 
79412 27756 
18298 85002 
60309 69419 
88910 22988 
56117 81356 
20139 71700 
63261 28220 
16472 95622 
70625 76754 
79824 11504 
72421 58908 
40890 15842 
23262 5564 
56366 33540 
42148 51456 
41676 21987 
92510 4946 
30859 21905 
13952 22487 
55321 6586 
58035 26958 
11408 44512 
85187 61454 
43111 56851 
12784 75722 
650 20957 
65430 1089 
48315 43758 
67665 81572 
85663 4787 
36591 93779 
14988 47614 
77328 6304 
34995 80581 
57744 479 
65673 32983 
40560 98680 
12600 1212 
80717 23834 
60265 10895 
53814 44317 
43443 15697 
67437 42135 
83292 51181 
21383 79117 
90526 63023 
25057 25745 
31890 32879 
50732 60362 
28128 32325 
99885 42651 
1733 45548 
86519 14622 
20992 14832 
96112 84768 
93181 79426 
61797 6620 
44249 97948 
10375 71644 
84917 67295 
69935 98189 
3838 76871 
98159 13207 
47338 65949 
85757 91462 
42182 84141 
13060 38186 
92962 90164 
89426 75439 
38887 62502 
84914 19858 
86114 37052 
71583 20074 
41242 31470 
27821 55750 
59170 63695 
23254 87006 
84265 23002 
94074 82952 
7607 5942 
39052 51104 
85079 86650 
15004 35664 
61142 51271 
87176 51936 
21375 89601 
94764 76630 
53206 3597 
24727 19323 
28721 61975 
48061 59094 
36043 2921 
61867 42109 
76506 62795 
97860 923 
13673 87710 
3318 74295 
7250 67005 
74069 77531 
90006 12895 
20731 97667 
49081 98922 
79217 65253 
54363 61388 
34438 85071 
36121 62531 
12154 91799 
51670 11996 
8098 33464 
96551 43999 
65775 75445 
9590 51627 
84753 60893 
93130 86796 
39790 59579 
19868 44686 
17818 86532 
25923 64832 
34561 74262 
96132 97542 
75513 37920 
32010 3980 
17003 81442 
55450 80956 
22248 54556 
41935 27388 
74588 85446 
95872 98373 
5489 81960 
77673 24963 
98453 15411 
67250 12955 
1617 75375 
1865 72431 
61630 11283 
57586 71250 
99283 57226 
53096 50340 
83417 70024 
42186 86392 
23796 97488 
26987 38427 
95902 33678 
67868 68721 
31040 11103 
87845 85708 
53657 25922 
69512 16703 
24450 91583 
20666 81712 
52622 68751 
41196 6059 
73551 24937 
58234 79220 
49180 35947 
9203 39979 
37584 53079 
43090 43928 
95466 24943 
79142 48318 
22737 80829 
9136 31401 
31887 53762 
54481 48664 
26478 45682 
92644 16723 
2915 14638 
48716 7165 
47536 94452 
7424 27230 
87117 40981 
38485 62014 
65013 35960 
43930 53715 
57491 69310 
29856 97474 
15171 63885 
77059 40492 
13075 2817 
35079 81332 
19389 68933 
92419 79725 
47884 8172 
82057 3688 
41815 84458 
65818 60389 
48159 2243 
3801 79952 
80231 34676 
55752 47276 
33970 10347 
80141 5945 
18638 79613 
93657 90422 
86168 2677 
28953 78004 
95088 75936 
81675 90353 
24718 40559 
69168 15966 
63260 97785 
32724 69536 
29411 89167 
2833 51937 
51323 86776 
12617 25432 
18991 78333 
88485 72719 
46576 25293 
69005 65532 
29696 18110 
3104 28809 
59392 52219 
56910 49776 
59235 711 
14917 47835 
44986 65250 
95612 90742 
67219 45474 
14307 15343 
86510 78920 
16649 86993 
48057 68489 
75103 10803 
68008 32491 
87714 89974 
17336 83536 
43514 11747 
90719 66843 
22190 29859 
77698 65963 
76966 3917 
11285 14507 
9110 50718 
55233 36147 
80120 60305 
5333 71968 
23294 30415 
22396 44195 
10324 77003 
84983 48407 
437 85620 
48479 62497 
49777 78723 
23781 9995 
86905 87319 
43634 17796 
66651 31901 
67575 63890 
99020 37225 
87477 19407 
12469 28255 
34845 51083 
51574 80469 
58285 65218 
27964 26715 
35020 42227 
40369 54974 
3799 32131 
54726 66581 
58274 55589 
88521 2890 
19647 82566 
74864 89833 
15334 41269 
91309 94485 
26415 43678 
25982 35460 
30806 829 
19337 39890 
61363 40928 
63708 93707 
18545 36463 
64755 89080 
25815 92645 
69065 33141 
92569 48859 
40332 45479 
54238 97217 
22928 38401 
92048 27888 
66125 43593 
96015 69567 
94844 21550 
23875 5263 
3516 66048 
25944 8528 
18487 94905 
51338 63305 
21393 433 
24461 1787 
50995 18232 
82406 18963 
4222 61328 
93617 13 
38477 58214 
36147 27221 
36789 27922 
99818 16832 
34929 23063 
90793 73040 
25377 72600 
59341 36271 
46858 60175 
41966 45971 
40133 80891 
7651 34319 
844 29729 
24582 16576 
88407 88177 
18525 46253 
56336 92095 
76952 58814 
53811 83541 
64002 36358 
10927 71971 
50587 87506 
60780 56153 
31175 51684 
70384 87116 
94234 5048 
49391 84581 
36846 66489 
80694 54589 
65645 76489 
70200 94417 
6046 48999 
44400 12361 
49609 77134 
33883 34616 
5451 7125 
68472 19221 
85751 81795 
75427 47927 
47696 94793 
16010 20837 
34621 89845 
17640 35813 
7618 85507 
59015 94882 
35586 5206 
43756 43257 
16424 44795 
54510 13110 
35038 15420 
13892 13827 
24819 58186 
91273 83269 
88441 38932 
85119 90409 
51099 96344 
79446 58745 
64720 34741 
19927 61991 
55221 24011 
80288 28832 
6526 93544 
92835 81883 
4881 84394 
98336 27507 
24870 54525 
29916 7776 
24599 15637 
83241 23612 
31669 16923 
41007 39020 
43836 81024 
13540 80332 
38685 40528 
29367 51516 
85152 19546 
59636 96846 
76412 54226 
88546 55612 
58433 48475 
48254 70065 
11390 16768 
21233 27396 
52188 74589 
75622 39329 
65490 98861 
39849 88770 
37939 95687 
41663 1958 
65667 80762 
33651 36706 
28722 99034 
2457 12555 
77707 84486 
12109 47063 
57704 88370 
63223 3938 
2476 84781 
59325 3363 
67950 96141 
59118 92610 
38197 68017 
59265 25920 
29333 62574 
96086 56638 
37258 33113 
76551 1698 
23620 88246 
49045 98844 
11080 53657 
2603 40305 
63748 91786 
39668 33197 
61544 45354 
1879 6506 
38291 29356 
41025 57295 
42509 7939 
17985 4644 
97150 57537 
81356 98823 
79933 35705 
24421 15363 
19481 46275 
44226 48891 
4101 15779 
29726 10028 
29859 73526 
87354 20122 
72487 58287 
71793 93214 
53715 58228 
27356 92408 
86767 27553 
61109 48683 
28051 13260 
62677 34192 
32490 68472 
57702 89215 
8450 25012 
31982 12200 
94927 47188 
91543 35696 
38390 91212 
30271 27485 
29618 50233 
61177 75852 
71899 73658 
29971 40692 
91120 11259 
70357 78015 
65539 47486 
79291 74431 
48489 59501 
87429 60319 
80749 53612 
75085 5638 
40998 9118 
37242 40710 
62572 86009 
32506 85832 
52609 33549 
60363 18165 
85756 70428 
98707 52145 
8720 94025 
99326 60505 
84273 16233 
82854 17019 
23701 16380 
96727 99204 
5246 47975 
99719 49466 
52727 35299 
14892 56568 
53325 48348 
49128 85774 
26435 50142 
11901 55693 
16499 69169 
78507 32554 
71914 61490 
33740 88573 
89390 92022 
815 50019 
48541 82548 
7325 42772 
35020 45209 
65117 28382 
52190 44554 
44188 12025 
51080 8645 
2063 95269 
66314 40319 
89571 41177 
31711 63338 
91547 17031 
63431 75058 
76709 80849 
40819 67098 
24798 81854 
85514 18639 
71053 52209 
37925 63113 
58182 77546 
56820 78393 
14214 47251 
22592 53030 
80975 1905 
7649 36630 
2380 14974 
88412 91191 
44367 68549 
12579 21999 
58977 8836 
2594 81653 
23976 96101 
71657 8834 
86347 95892 
52159 84639 
13122 93625 
88095 63617 
6193 52996 
22757 64061 
69142 80190 
20969 82720 
23570 462 
1120 32750 
59999 1473 
16432 90543 
74182 48568 
17177 77047 
83454 31269 
45975 92204 
39755 57304 
66831 67376 
56076 70819 
5235 99911 
41238 34747 
81429 86455 
94341 83833 
51869 77177 
44619 24455 
34924 31782 
35095 30100 
86024 69980 
39106 57274 
4769 74032 
67646 85589 
1891 19061 
72439 67941 
27525 78012 
74742 61906 
63885 72445 
53112 1886 
15235 17807 
4718 63032 
85956 42373 
54250 62608 
23547 42768 
22059 42194 
17540 75757 
78927 75032 
87628 75975 
8655 46796 
64679 32306 
71680 65222 
66868 51813 
13010 64268 
99816 89467 
85976 81854 
64394 24311 
69676 6757 
38784 18322 
42428 9832 
12410 2878 
36173 97518 
88505 99575 
37481 51436 
39387 97081 
19650 46917 
93910 73773 
87380 75401 
60096 77096 
90585 30931 
37608 44905 
17149 59312 
54531 81486 
5748 10037 
70802 81519 
29369 75701 
26706 28941 
87724 51369 
78979 84488 
12506 97251 
59367 15613 
33249 42053 
10894 15580 
73570 21476 
5620 4696 
47623 6601 
24348 5964 
4856 40295 
83494 39898 
27477 66244 
27288 88791 
19542 4865 
64457 39420 
39140 3117 
17746 24999 
15902 61075 
71898 52117 
64891 17169 
51117 16477 
54909 56098 
30594 82446 
14354 88694 
88315 25721 
60986 41379 
33173 15879 
23297 84377 
3300 46145 
80674 22455 
14588 1384 
87111 69737 
53507 92161 
58985 31000 
50631 72645 
1222 15872 
41688 3189 
18190 19485 
21479 14644 
5711 13378 
22678 80725 
48842 3838 
6310 7255 
56409 31351 
33607 2615 
47753 4500 
99990 2478 
69725 84347 
51070 83670 
62737 61272 
67858 16976 
13470 95203 
3777 76771 
28847 22327 
79612 46528 
40964 66603 
94183 33596 
5899 32802 
88323 34064 
90663 99278 
7637 69110 
52030 73332 
45585 47901 
98588 19738 
12541 98965 
93063 23948 
68824 51840 
95825 5418 
80054 43949 
72453 53701 
1769 73750 
88345 20138 
76846 20618 
91558 61422 
34117 4284 
41433 97755 
9419 62260 
75027 17997 
71397 82375 
15964 36915 
23519 39326 
21046 85560 
71049 49141 
28817 94776 
87139 73469 
21228 13977 
85735 76843 
34678 92606 
10643 64341 
59896 40027 
79903 4548 
51501 71148 
82519 73268 
27539 39669 
10614 37117 
76894 58629 
24282 32972 
8197 8776 
88639 89175 
67696 39319 
93033 77450 
25541 72731 
60868 80703 
80005 35519 
85203 11176 
57420 50285 
80015 15876 
91930 40875 
19986 61753 
53636 22055 
52656 1814 
56332 67913 
5982 85158 
16711 79054 
81608 88862 
55812 97666 
19567 17724 
30416 51654 
43669 39052 
57221 44314 
48500 93995 
45828 44364 
68723 54389 
87948 72697 
79292 74598 
59671 26807 
11242 21595 
81268 31615 
31836 53271 
44722 56308 
30189 54958 
62990 90788 
69839 37189 
17035 32464 
18341 43917 
76697 94387 
40543 19727 
49754 9088 
47051 37036 
69826 68996 
22273 89802 
68279 13932 
17455 19003 
87863 48937 
83318 46931 
86554 51568 
34152 62286 
48913 6803 
80659 16154 
69239 89812 
42365 60100 
95912 2128 
52066 81956 
29526 55104 
94598 72318 
48752 86067 
80072 85321 
97385 87207 
37812 40967 
3572 24968 
31347 53084 
17980 28635 
37124 56954 
51498 30751 
99988 53689 
65036 49196 
77056 84652 
14083 10960 
8223 98518 
78921 31037 
6345 76007 
17717 76397 
43077 32924 
64207 64578 
17324 30778 
54277 69220 
32483 86107 
6469 30747 
75900 84579 
278 99388 
89377 73968 
93104 69871 
43141 31345 
91789 2366 
77276 74099 
47918 62651 
54481 11870 
77389 55955 
75866 17033 
14257 73583 
47568 25056 
96415 19160 
50115 62897 
46444 32236 
54763 43510 
54776 80967 
51416 57623 
94293 52755 
1315 40144 
95605 31932 
4289 87836 
90449 17010 
75213 57395 
86995 96474 
57148 78573 
75349 71753 
59752 75728 
74105 88751 
654 2975 
19539 15188 
44800 63051 
67891 80023 
82168 98089 
28130 73345 
57812 11679 
67729 90380 
69819 5908 
37157 91640 
80586 94506 
40196 42737 
44702 83822 
36601 92026 
42780 97000 
1280 41982 
24724 53582 
79845 71107 
8216 6682 
74269 67159 
48613 82947 
64325 39623 
94974 66723 
20609 89600 
73605 19140 
93150 28685 
95295 25295 
65972 54864 
65319 18257 
52439 13156 
86319 37325 
68814 91403 
83353 39774 
64171 27569 
47654 283 
3689 33832 
91090 280 
99272 74968 
26811 30656 
56577 73690 
43261 5596 
60749 54069 
18509 12737 
54492 75594 
29747 5402 
71600 55123 
48867 76381 
76649 21667 
79165 39523 
27293 99886 
80509 85356 
19436 72136 
50739 70014 
97552 26066 
79574 42944 
12471 54988 
67970 18180 
87249 41658 
10678 46416 
8004 22574 
72626 50673 
91138 99547 
50818 47041 
90931 38057 
2572 83814 
2211 67767 
38244 97250 
81685 79589 
21940 271 
58440 95818 
97315 91611 
29270 75106 
57170 97232 
37670 2418 
5358 33249 
16703 5638 
17438 10230 
35425 35090 
92526 82346 
26128 40025 
2965 81742 
85403 76976 
90708 68378 
35875 88917 
29755 68709 
7409 1255 
72461 72710 
46720 90969 
24251 8125 
92509 98576 
46021 13205 
59618 69101 
66438 84822 
60159 27876 
97378 87479 
52169 19726 
84902 70608 
47077 65992 
95453 56447 
26092 22841 
32373 28879 
12632 56443 
1372 74796 
22964 85849 
95242 3865 
70499 82779 
47875 31 
30487 59035 
15604 38636 
81363 16892 
79853 36736 
26568 85556 
29307 91021 
66425 17671 
72047 97674 
33447 73858 
48545 41566 
26484 80394 
64915 88397 
79167 5397 
42504 12686 
76356 62255 
84681 46973 
88637 15561 
94576 43143 
29393 34405 
38594 95497 
51553 10682 
39653 86992 
91879 35904 
1395 85014 
39452 9032 
10033 31140 
52053 29981 
34023 40492 
69153 18681 
43424 50651 
73539 87976 
564 37498 
34862 90130 
31593 45946 
27941 51368 
74470 67205 
56197 6583 
13160 31032 
26362 47280 
50052 71379 
14403 99775 
39044 66900 
34634 57842 
270 53978 
74026 4224 
64100 59245 
82001 68811 
46838 1019 
12303 87811 
43443 64631 
98036 47832 
33647 65331 
3543 21580 
36981 74251 
37545 27743 
19538 97861 
30756 76633 
50676 69426 
78242 95294 
31429 32145 
21803 61030 
68040 67977 
944 10694 
43812 53614 
32327 34575 
50395 5608 
87052 8358 
75650 10352 
22739 64375 
9399 21455 
93098 54254 
20661 46957 
1508 9072 
80358 41925 
87112 60241 
52044 68149 
32040 44630 
49848 81974 
56570 80779 
67618 63754 
25404 69578 
16148 7965 
22709 42421 
66432 51721 
66160 52583 
86013 31245 
20947 81452 
72827 20791 
43572 10261 
36293 26577 
32200 90085 
48994 79484 
85467 28111 
93918 94583 
74841 96604 
62017 43021 
16989 62451 
12768 12314 
92080 29828 
96440 14841 
91542 86270 
50934 41111 
94526 43310 
28359 44334 
66164 66862 
76895 85886 
42693 99637 
2061 67454 
18608 88149 
58124 24965 
79225 40245 
75221 61832 
28397 55579 
10630 54635 
45589 91122 
23681 73036 
69109 46487 
12973 17533 
43028 79801 
21812 93629 
84171 93809 
13237 9023 
22509 64026 
39494 1649 
43419 16053 
82512 80694 
13457 97483 
21710 90162 
2687 31393 
93362 85130 
26023 82994 
41790 44527 
13702 18803 
26833 31080 
86666 88555 
44292 49015 
56539 14097 
36486 43178 
91801 26610 
18577 29412 
91908 53790 
22991 45353 
89289 21962 
69045 63266 
55535 4650 
97782 12063 
22529 18697 
73092 14401 
41908 41845 
39303 56501 
96921 1517 
42771 73344 
49648 63566 
70349 49906 
53463 31885 
31197 10316 
85772 55026 
10028 91136 
59246 24347 
49686 72404 
51118 39719 
78845 70616 
49622 13447 
86674 81584 
54189 80828 
60447 97830 
81799 86612 
44402 15212 
25690 20687 
48511 86475 
84630 83396 
34405 75635 
31022 71162 
32331 16441 
14376 86485 
97808 80559 
2991 92867 
99580 16731 
51186 54846 
41447 30817 
42010 26095 
59795 38480 
96080 74402 
5837 37175 
56051 61347 
17080 12212 
53187 26647 
5991 12820 
37610 62364 
45549 8470 
7009 568 
11120 63166 
99964 79547 
46030 45957 
29481 98278 
54217 29625 
19971 16647 
87536 16341 
76582 9745 
87543 68973 
59687 38631 
62024 19853 
59270 57011 
25041 74964 
64062 33604 
5960 30825 
98509 33289 
37678 73829 
56983 66677 
67201 37302 
99144 87333 
92746 50292 
82930 88682 
20709 23878 
2402 28461 
53120 85754 
66504 87613 
61617 91890 
1768 52641 
77510 15283 
87104 95689 
29162 36109 
32024 15005 
87702 35046 
91010 89929 
39995 22079 
66196 99204 
93821 16832 
88138 49129 
34393 33230 
80181 58985 
93613 11298 
5738 55137 
63877 81917 
69833 32379 
86785 46583 
96294 51304 
73764 3520 
30249 53896 
70394 53931 
21900 96015 
59157 77752 
32041 15108 
6322 76962 
62366 74184 
97902 46304 
54351 49031 
76835 46236 
19332 54603 
89010 20979 
59377 38667 
69255 25736 
13647 6040 
50079 1450 
18169 75125 
55754 62938 
98279 9971 
52212 46785 
22476 15691 
59286 99077 
34031 32843 
95971 69877 
42393 17252 
21676 21274 
317 45752 
56849 48921 
14579 45456 
14872 63151 
38265 4431 
53814 75083 
70821 84999 
61394 85583 
48425 27439 
19412 80488 
41692 1436 
54975 94218 
90329 35438 
74952 15689 
95088 29899 
97425 75417 
56188 39451 
39296 70734 
94392 91117 
92722 57247 
15969 90991 
24765 58993 
86044 60130 
64358 27166 
56146 31958 
98672 7870 
51275 38081 
86941 63049 
59362 7174 
14003 25546 
81771 2483 
48085 59192 
97285 27480 
37765 37901 
64040 36352 
81591 53925 
33925 96250 
30501 14740 
82235 61592 
37936 90493 
61661 37244 
55513 29477 
74215 27018 
83092 67828 
17266 86662 
21282 21414 
588 26432 
41688 62867 
50174 37315 
85621 54750 
11527 47103 
25529 31043 
40272 47785 
75063 93470 
21102 74083 
13482 16602 
87475 54480 
98006 36252 
23908 716 
73761 29379 
20342 49456 
55135 80516 
13748 20755 
44613 69677 
96019 11914 
75625 9793 
89142 2462 
14416 7885 
88754 6258 
32650 23511 
55416 70086 
67228 50482 
89258 84596 
16709 53370 
58158 43119 
84772 49067 
62183 56585 
70288 35434 
7775 8699 
20900 34047 
33970 14503 
12371 32085 
79956 27581 
89534 79636 
8347 26452 
6316 22970 
1770 99029 
32103 31797 
31731 35559 
49615 9095 
58183 35064 
55502 55765 
55805 28091 
89042 99202 
78765 19412 
56571 84811 
69533 58359 
89730 72561 
89335 51583 
74126 76857 
97887 43301 
11656 37332 
38325 1444 
34549 10609 
89535 64653 
72083 28625 
32618 24689 
81954 77836 
40773 41565 
97461 15406 
42637 14600 
8941 53440 
27957 61596 
93291 10391 
61436 90474 
28968 49951 
45703 82935 
85498 2059 
27573 48126 
56336 88100 
73117 45768 
11792 52936 
46522 22843 
84817 40096 
15334 55679 
66561 33280 
70392 40189 
80938 27258 
92606 26953 
27803 84322 
20716 55048 
32932 78643 
74239 98703 
19599 30185 
64084 4297 
21377 82297 
79606 61687 
88671 82635 
75375 23494 
2538 85793 
93540 58723 
98510 7808 
48359 2985 
20418 27672 
68343 46575 
69614 49032 
38433 83802 
88554 6446 
9690 32218 
19331 24913 
47264 18763 
7551 18789 
68691 21365 
79848 46806 
84089 49145 
9385 23577 
87384 42139 
97811 24815 
63456 72334 
44483 13389 
69906 31799 
44115 56470 
24152 844 
52601 139 
76627 99388 
87377 17217 
79105 38076 
83511 46457 
63505 2218 
9589 96854 
31008 21236 
58514 99474 
13924 99059 
67496 51069 
13441 6784 
88794 8642 
35287 67942 
28183 62212 
42247 98803 
91636 34239 
17626 1450 
32418 28436 
86943 45691 
70507 78191 
76495 17408 
64239 25358 
96913 55563 
50037 93856 
27411 47836 
30318 9381 
42166 5741 
81893 56409 
64113 94083 
77615 56802 
53408 46740 
62585 469 
37900 61009 
2826 57871 
71210 26132 
29199 56616 
60311 8129 
32161 9916 
39026 82681 
24085 43419 
76423 80583 
74945 78694 
99830 86132 
44511 96639 
81024 7849 
79579 22103 
81139 23057 
18302 42236 
74922 83069 
45360 95388 
78187 54146 
71472 44810 
83677 60888 
68684 81992 
70013 93317 
78878 88148 
85991 36706 
27144 19191 
28236 84065 
13894 69476 
24049 95203 
30047 12643 
3270 73411 
38139 14100 
93061 41070 
88848 59008 
97759 8866 
97259 42035 
32274 49797 
86038 20766 
61990 8781 
13790 43296 
64726 1438 
45982 22385 
71040 81489 
93113 43477 
57990 85224 
36244 61964 
68453 93617 
83508 66251 
3205 87924 
52889 57510 
86171 12971 
56349 24450 
34619 3851 
68298 71980 
75523 76375 
97416 96357 
36950 29378 
45009 86220 
9011 57854 
25381 68836 
12797 29895 
44082 13969 
37671 37565 
78452 53975 
7392 92051 
81534 78029 
13777 96848 
35209 10842 
12940 99217 
11327 91783 
13638 89802 
60635 29031 
99827 93024 
38453 15170 
20279 66771 
93373 55610 
46949 8889 
90607 79270 
50742 50126 
15207 72134 
68442 98409 
1987 98650 
37797 87747 
68799 53342 
59060 76520 
87715 15587 
819 34580 
14682 64206 
5487 56306 
12414 45330 
65593 37672 
43538 76939 
35832 59353 
81438 16535 
17817 25064 
84771 14633 
4581 14535 
8289 26008 
72 23946 
77388 53153 
35273 83126 
36719 51905 
87015 58448 
94210 37925 
68160 73125 
21049 94525 
98573 2471 
35418 97266 
85116 30694 
93208 38837 
35893 87947 
32469 58896 
9071 21577 
70014 57885 
49814 93911 
28371 1268 
223 40426 
79209 1204 
76642 66777 
25359 96360 
96300 10886 
7771 37395 
965 47223 
15966 25566 
69139 64361 
1008 44999 
30309 4055 
38522 75337 
94843 10332 
65958 70809 
91366 452 
23085 44197 
59783 36127 
57605 99752 
82589 42983 
18820 17785 
49718 99033 
51433 5502 
42893 88786 
18856 93564 
94281 98635 
30824 75945 
21254 11290 
23610 61834 
64120 42275 
42832 32648 
56950 49887 
8623 74685 
42936 41529 
822 88464 
5221 93935 
87906 59548 
21709 2586 
37524 12423 
68115 76479 
88807 58959 
87346 98411 
36984 96046 
15269 78088 
79440 3198 
3049 35601 
98952 40214 
4421 66202 
14657 47441 
2651 53818 
14210 6754 
36384 20364 
91610 30046 
46180 20673 
54362 3852 
4276 18742 
30895 33645 
8937 9983 
4594 99465 
21755 86329 
24314 55653 
1333 76259 
92931 81854 
40027 30209 
15248 19853 
41763 63344 
94492 11375 
88405 12274 
2681 85694 
29783 10069 
14278 32689 
98163 34799 
84871 36939 
91841 40832 
76983 41512 
94469 39247 
83691 56300 
96851 53983 
77370 25051 
66158 43707 
15663 17716 
63852 45913 
69713 20275 
48102 69355 
684 52900 
9037 33728 
99816 59150 
75956 31316 
24475 73795 
4403 64407 
8142 94983 
98037 94337 
95760 57596 
45297 23329 
57551 29021 
54098 18644 
64197 25955 
49123 80065 
64172 81439 
55781 46389 
90070 75037 
32464 34319 
34918 75852 
28485 4062 
81756 38036 
38905 49915 
40168 31513 
99450 21270 
41999 86823 
14803 89715 
75127 82313 
41786 91274 
88983 4343 
55282 89368 
88373 66738 
9246 23662 
43238 84415 
67713 32763 
81120 57920 
21483 64567 
96387 40569 
24948 17100 
5705 27923 
84573 84802 
2747 30564 
5568 20448 
16813 65401 
56562 61320 
59810 28228 
43419 9693 
53958 90779 
92799 2375 
68607 99256 
33693 51766 
58739 38082 
30838 91785 
89979 62612 
67830 16036 
55381 97566 
99649 52680 
37768 44172 
94490 80765 
48077 38289 
62927 56131 
74943 54254 
28882 81507 
13654 54750 
31248 25052 
3679 45664 
57696 64353 
93070 6764 
2851 8753 
65402 33916 
11920 31904 
10256 46677 
17799 28558 
91817 86246 
4791 94866 
71835 53100 
35294 19847 
72934 11084 
57160 67155 
26214 15267 
68905 20952 
33104 4600 
57533 67408 
85570 37189 
39486 84252 
31097 35986 
29047 14784 
39258 55718 
30529 9903 
25210 78100 
650 31951 
12139 91683 
55741 27555 
69442 15121 
4762 93147 
46354 78226 
73595 76479 
31752 83851 
48658 80205 
10058 35478 
8624 59465 
50396 30306 
31867 34434 
61629 85726 
64232 70907 
69384 88239 
6829 17251 
22868 28204 
36768 24449 
19051 11235 
5091 17438 
39698 17644 
65656 30591 
32773 15007 
76298 67943 
33898 15742 
79322 99638 
15835 11559 
12252 60082 
74363 9664 
21694 70398 
7469 41831 
53303 68068 
21421 16746 
69049 89994 
2079 38479 
99329 21721 
22720 19514 
71948 95211 
20667 75431 
72582 90283 
64197 186 
82059 70743 
48472 85853 
4663 65205 
4647 68766 
48598 84747 
79853 55178 
44889 54807 
47410 3906 
94185 27081 
36404 20820 
12311 28706 
27684 50648 
4852 638 
49350 35233 
38671 74885 
18993 44199 
93997 41134 
22206 73941 
74531 57316 
87306 53882 
25025 65781 
14746 95189 
55872 87013 
46347 66394 
2460 76193 
14273 82853 
53409 44407 
92585 52524 
66275 65954 
85220 29240 
51886 15937 
23446 86460 
49230 8209 
13088 39442 
31634 32753 
67242 11832 
81960 23692 
83750 63855 
49641 24405 
78339 73629 
55593 54559 
64122 90529 
42405 25427 
76091 60138 
76656 94438 
75223 53975 
97836 97696 
31033 24029 
74042 50071 
73642 42071 
68480 56457 
26874 76748 
42797 34949 
82423 7720 
23310 12910 
51779 75338 
34495 20320 
37391 16878 
60374 71247 
97484 45847 
28968 93975 
39921 89619 
27550 43022 
69735 12449 
47156 2186 
32179 15852 
23682 66765 
38582 26426 
89838 75203 
35846 52351 
77351 45703 
82035 14153 
12018 61684 
20342 32729 
25562 41502 
1603 88220 
67724 22464 
91556 46996 
39602 86910 
13232 90839 
84995 59047 
17115 72348 
70339 5188 
42150 63669 
55805 77205 
29190 61816 
10223 49235 
75145 63207 
50713 11089 
70874 22432 
94265 98277 
48784 65884 
92976 58231 
77119 39537 
87241 75028 
77090 31998 
51926 827 
6285 28881 
29412 71201 
47201 22639 
40337 13708 
63281 23154 
38000 94275 
36505 88736 
25582 84364 
80338 24585 
86707 73385 
29800 76371 
89326 95436 
46414 80254 
10522 87252 
39959 17496 
95524 45049 
1264 61753 
8107 2027 
60644 202 
51496 5384 
35168 55846 
38999 31940 
4563 37673 
71834 44888 
60357 97753 
37919 60652 
5806 79969 
79924 64489 
45125 3716 
93434 86202 
89758 37778 
6820 23236 
26676 84473 
63252 77421 
39114 12277 
72271 53729 
43689 46291 
23412 54733 
9508 50245 
57636 92746 
54641 11192 
73620 33209 
73277 68565 
5473 77453 
32885 13019 
46026 90772 
94869 17256 
5555 82581 
54518 50974 
89676 49455 
66412 75183 
52083 98978 
20036 7274 
27930 82578 
56964 97575 
81868 78899 
75801 60570 
11093 85768 
53952 59496 
28238 98457 
26338 51760 
11540 74674 
331 64410 
50437 12599 
53473 83841 
33586 97305 
55951 11987 
23287 3009 
83323 62445 
35377 73855 
36679 44276 
96878 44334 
67169 8693 
85066 1914 
9774 14395 
61042 39110 
67210 1006 
98540 89964 
49025 46885 
74393 96790 
63225 27530 
30949 7037 
78188 83851 
42679 57259 
21153 55787 
19335 61432 
56220 36048 
56235 84229 
89613 51223 
98590 46387 
82831 83041 
21276 78904 
15372 1274 
38034 15583 
27873 91589 
44821 89301 
93778 26593 
70870 76386 
13077 46381 
57995 15632 
95181 86089 
13777 13706 
99659 12280 
87482 37115 
33352 7407 
98917 82369 
60298 72204 
9900 10630 
66906 99496 
65614 30891 
39022 9788 
48850 16585 
49771 28899 
83970 44550 
27502 30972 
99419 52407 
71686 66421 
7691 20634 
11268 43643 
89892 99032 
54773 35793 
78381 13766 
64378 39492 
15447 10786 
97176 20995 
28574 14201 
96043 47209 
3585 4059 
79795 13857 
55765 46969 
77721 51159 
96085 45153 
77131 8604 
64713 4768 
4211 94690 
57221 62690 
38251 74957 
277 52497 
67247 12203 
43028 34986 
28889 66459 
18047 66314 
45115 59131 
91369 27768 
50710 45640 
65045 95110 
36808 33963 
17583 82634 
78735 32684 
67752 57293 
94234 11454 
25461 81631 
82959 9223 
49735 10778 
30989 31168 
68336 38372 
25165 33912 
26129 59057 
11223 10489 
20033 91042 
46959 51406 
47255 81256 
47095 76238 
40459 97721 
90035 1405 
88625 99060 
58354 34044 
45595 59390 
14689 59389 
9607 18404 
72540 19601 
16649 21025 
7601 65686 
28010 8814 
69342 967 
8150 26158 
94887 24520 
82871 8289 
97612 26021 
39723 25305 
1455 79682 
82679 66621 
18558 34244 
81349 63651 
22669 98446 
61338 65039 
53635 76948 
66835 98371 
99340 20394 
89104 75064 
40638 15098 
95289 20997 
12056 52781 
10779 44474 
26526 88876 
5351 85203 
35872 19071 
8424 23266 
50484 78111 
31950 65409 
21375 92301 
10852 67497 
95738 97729 
80353 96596 
93136 69906 
97174 83915 
13649 97361 
77272 70711 
81563 71639 
66656 3248 
48590 59245 
83789 90071 
29183 67245 
72160 95056 
17121 13571 
79876 3134 
37352 65505 
39424 62032 
19995 15393 
55261 73052 
44418 21315 
19465 76642 
90486 52278 
66422 54375 
51353 42421 
46349 48001 
7575 76794 
44457 78311 
35869 2464 
97608 31860 
27496 83016 
63611 71925 
21026 91968 
79565 21616 
12168 71162 
5217 61672 
89361 63917 
84832 83216 
58017 69514 
76822 36653 
58540 55553 
94251 21861 
53720 7761 
71252 71986 
59565 93049 
20538 93388 
20368 60907 
75399 37673 
83527 10686 
15896 98232 
12578 7877 
63485 43373 
87950 41177 
90865 20846 
84061 73971 
34567 94455 
78720 58782 
16682 2484 
46166 51304 
79054 59725 
8621 81856 
8397 60230 
72917 16365 
83999 76223 
58496 66464 
11030 90154 
31050 88849 
11937 41476 
92046 47707 
36025 17508 
38582 890 
13018 68599 
289 10400 
20268 81835 
80403 70848 
55229 4638 
76676 95745 
4938 69885 
34435 772 
82439 37531 
88911 75637 
56451 34233 
86849 41704 
35056 42105 
38454 51236 
76765 60486 
39877 95945 
93055 40470 
23756 57465 
75318 70973 
40709 50433 
26131 77220 
48217 80056 
99850 77802 
85021 60368 
60765 34826 
38896 16791 
48390 23184 
73625 27233 
98946 39607 
66987 39582 
9668 69903 
25768 40341 
48333 33680 
86067 39026 
4207 29839 
77590 76062 
48610 13269 
29150 58081 
23386 43414 
19270 73850 
3802 58769 
30544 46492 
88708 47870 
49353 33238 
55326 6956 
63534 92628 
78565 97259 
49794 915 
55534 40730 
9913 14343 
94751 22039 
10225 42048 
26510 96790 
2366 15533 
65994 41169 
54964 14967 
13904 16615 
5726 40001 
10771 64586 
51274 93380 
70545 91165 
28128 79289 
6674 48961 
2403 5230 
29622 74668 
78052 16110 
38585 94630 
53905 82362 
52180 67906 
8303 10026 
22941 96571 
66763 40121 
58708 96370 
12914 57002 
30331 87346 
35838 31027 
79575 33696 
68008 79492 
53723 34866 
57143 41672 
84096 45750 
32622 28681 
94549 82903 
72474 26981 
72973 55771 
50519 5541 
63947 47211 
44900 960 
43889 55956 
18993 32323 
21405 5167 
43646 28101 
65024 15873 
15690 31142 
98080 41810 
41853 84555 
16245 63100 
99461 91288 
77057 40173 
55771 83235 
82749 36478 
26256 31901 
27813 28804 
78869 81982 
10913 37365 
46080 91655 
17153 24356 
89386 18927 
61135 29286 
72031 2098 
43884 32144 
34852 44207 
17402 61372 
37419 26266 
69483 92559 
22074 42155 
38384 15970 
82001 69244 
42046 86223 
66115 63126 
59793 5824 
33340 92284 
35758 35792 
76783 9080 
82791 71206 
74296 87145 
53171 67274 
86138 42078 
8195 52406 
12678 92276 
62539 18772 
45536 9820 
1269 37950 
94062 57495 
67494 9536 
45730 7374 
96838 13954 
23801 88803 
31304 7214 
38532 19231 
79517 64995 
89223 29968 
3004 56188 
63569 10833 
98806 1892 
98067 62528 
17651 54899 
8632 63706 
3819 16789 
74128 30841 
67969 95039 
57141 73347 
7413 90929 
76170 23841 
69653 504 
1245 53996 
14490 5514 
31093 70122 
67604 28998 
24064 19449 
74220 31029 
97378 28001 
55340 24190 
79597 34034 
40969 95440 
99834 77200 
4880 31294 
23805 52904 
53689 56638 
1654 43785 
29331 13973 
75392 95786 
68536 29534 
4791 15006 
25475 35473 
9788 23315 
4482 43185 
94683 25668 
68601 91841 
14867 10114 
86686 28345 
70335 22694 
56860 10159 
61894 33739 
97397 60842 
25771 39501 
27397 49650 
70237 23650 
69136 11147 
73878 36835 
91536 68573 
69346 39328 
79948 75556 
28651 91719 
61281 44780 
86524 71696 
35470 89349 
86864 41126 
64397 62829 
13992 86977 
47584 47338 
75169 12056 
70329 5558 
33786 57127 
44432 82175 
53654 94616 
74248 12986 
3974 45991 
71545 75828 
91864 39781 
11459 96450 
34733 45318 
68855 4604 
58304 88448 
99458 20869 
7786 79772 
33365 43116 
89441 63445 
29902 93009 
17727 25089 
2230 77580 
29226 81116 
57746 18660 
38730 8512 
16015 3837 
55132 64145 
59822 16600 
45186 85653 
46917 10485 
31751 62235 
60124 2247 
39755 12910 
1680 72522 
57945 12307 
44063 78883 
67367 59595 
34001 5877 
98572 94836 
8963 99344 
18688 28900 
26181 58227 
16810 67983 
23049 86065 
51545 81854 
24777 36497 
48084 86159 
90215 22373 
83861 83398 
40041 96415 
81614 34656 
42815 52915 
36580 14731 
43890 44539 
40611 36985 
9763 56116 
30123 21062 
26188 28114 
77118 16575 
32186 76550 
62879 88905 
94103 13186 
22527 19460 
23921 30129 
25245 72068 
24295 76331 
59779 29595 
99092 19980 
27742 10466 
2715 60412 
8265 33453 
14068 25923 
46711 10903 
11768 69742 
37450 15532 
96026 55422 
16107 83968 
49615 5050 
50219 91419 
55428 68911 
18912 56173 
91370 63639 
1981 10044 
4641 17380 
56677 1492 
26975 55124 
46532 81782 
29987 55117 
714 61423 
35488 8146 
24699 14015 
89487 15489 
53444 47729 
80589 68448 
36780 60831 
33552 62658 
73429 46982 
37036 13703 
64791 18463 
70896 57125 
42597 71076 
82850 35492 
35544 23138 
26947 97984 
79173 22813 
17005 63811 
40567 32960 
66994 29785 
24833 70747 
87363 34510 
53874 479 
81361 26890 
59611 52384 
38650 25044 
13622 67570 
54865 93222 
23043 49906 
15209 8936 
58641 39286 
67819 40287 
45100 7555 
78319 4332 
35882 18301 
852 31360 
15398 84804 
22837 17048 
19780 6603 
40810 4743 
44215 64478 
2920 3498 
9548 6070 
9999 13960 
93826 59942 
1609 3889 
95431 74563 
66047 47793 
83671 90516 
4031 21074 
9921 19191 
44632 18062 
97874 19246 
58978 45465 
4956 33377 
42368 28005 
48631 72175 
38651 51375 
21123 9370 
62081 59190 
73969 83258 
31306 15202 
39863 82845 
67780 39818 
73413 34052 
26591 30836 
34715 91226 
21546 82321 
10058 82338 
78327 22668 
62606 52377 
99644 3148 
32574 98797 
54504 81622 
61192 95311 
10097 62619 
95650 55893 
9250 74563 
43287 99530 
58998 87752 
82400 38098 
36557 2502 
4377 24667 
37824 65937 
57243 67607 
90499 7975 
84244 37060 
29021 22365 
2774 64671 
81745 56983 
48709 64882 
52118 19086 
19141 86699 
85097 45899 
82525 38498 
97642 38600 
89442 15272 
17845 8713 
9411 97666 
21098 39864 
39664 85191 
73689 25025 
80265 72229 
94281 99609 
46668 74727 
22005 54155 
95558 67947 
36179 76855 
72749 1189 
7207 45789 
52936 14095 
70743 63517 
30276 90969 
7985 2518 
36031 54480 
83778 8993 
4937 18188 
41175 94691 
85507 88512 
76236 31620 
91091 31099 
20028 52955 
18362 93968 
36159 54893 
17760 10382 
1652 88877 
86481 88099 
76549 31342 
68760 28460 
83376 19036 
90475 8704 
11428 41942 
25504 4000 
32822 92988 
89823 21830 
67354 83967 
85971 70721 
61429 50473 
75307 87726 
52657 85162 
38380 4651 
76217 58277 
94790 41694 
31659 7132 
93062 78988 
69538 2121 
48328 71487 
76153 25836 
1069 40686 
31587 33985 
93639 97875 
91393 2082 
13015 27922 
95446 238 
27951 90044 
38872 79899 
56673 72576 
49407 988 
37232 72445 
3144 75699 
36850 56871 
76365 56017 
28829 4757 
74968 46096 
86043 18306 
5023 77712 
88529 41577 
48025 47290 
19401 22027 
82694 76375 
28046 3510 
51484 23903 
72507 44783 
4446 48302 
13975 16267 
65685 90145 
25488 39591 
58380 22018 
94196 99442 
93186 91220 
41984 75266 
71780 63072 
62775 11580 
82466 57853 
76476 69955 
67919 62764 
29353 83199 
26531 91821 
28492 62800 
68288 61211 
84058 94401 
83693 45396 
47225 92900 
99993 80133 
73936 78696 
92789 82575 
15042 79675 
93111 65754 
31937 59713 
80108 34997 
63437 23812 
77754 67205 
24456 52399 
80288 90432 
99925 72898 
15613 824 
8454 85382 
18446 76739 
49385 20911 
25747 75742 
14165 26119 
25814 29175 
38393 35681 
89378 81138 
94419 15464 
86145 53951 
76034 33494 
43469 60573 
6582 43326 
35145 25933 
9725 44943 
97838 23772 
18138 22020 
60210 83355 
59560 41200 
35577 71255 
51923 38978 
72727 7468 
59687 14829 
81551 32207 
12033 95454 
50202 99983 
60250 34283 
48728 40982 
56414 62857 
70489 96221 
68382 16242 
97114 2620 
7153 13363 
85376 76856 
31801 84905 
65064 22777 
14493 6434 
5803 66126 
93489 12399 
57717 2459 
15571 37904 
95963 29432 
71001 59443 
2341 22941 
53910 83242 
98579 8186 
38895 60391 
5338 71275 
50677 91675 
38583 54817 
17810 21816 
70688 81766 
43712 12764 
77505 55823 
98715 28764 
64580 93817 
35362 62114 
15805 55745 
55824 77819 
36019 51520 
15119 57837 
65427 19985 
26710 81121 
28149 95400 
48088 84410 
39848 99318 
63132 10481 
40079 21691 
45293 65578 
33866 84025 
81080 75729 
23968 9535 
56849 52933 
90419 60515 
63567 56435 
27130 41503 
53996 61816 
76679 8338 
94668 31150 
13937 67822 
91031 11179 
16697 470 
28342 73300 
27278 89693 
63139 49049 
52863 94773 
20535 7883 
74333 62113 
1148 70231 
33448 29509 
78083 48090 
46446 41555 
69220 57904 
48490 60805 
2942 56024 
7845 28940 
56485 5730 
61292 4958 
35244 96623 
12982 83250 
78657 2131 
7797 73471 
23710 78944 
37259 6205 
30618 83373 
61105 13711 
76922 3958 
30906 23379 
56008 87092 
83403 93076 
73979 62973 
30773 12140 
24831 62913 
12561 89571 
38055 55845 
89805 51828 
35081 21784 
55676 76665 
1355 23111 
8963 96530 
79424 30690 
86814 15350 
15017 11184 
81362 95873 
42936 84364 
71233 91255 
82444 14750 
83382 14202 
22912 10659 
63327 59740 
19600 65510 
72530 23551 
86780 91197 
50588 86837 
70783 61408 
76803 70781 
9109 3953 
40830 98943 
33384 55483 
85339 44297 
53749 19417 
14939 79144 
70157 48485 
75100 90710 
92108 6948 
92434 73073 
12505 54402 
33359 56853 
73582 33005 
82086 92181 
83308 33031 
60775 57536 
89154 57848 
14870 27321 
92805 8734 
64785 94429 
94184 62384 
81507 10528 
86037 19530 
78120 76463 
81397 61786 
21880 87888 
45383 65649 
62175 17144 
20085 87522 
38560 91395 
76691 51699 
80023 9167 
2549 44442 
31743 22674 
32525 41584 
48826 1723 
63782 74560 
77831 86462 
51045 70307 
6412 30884 
65422 84173 
98944 36750 
14032 81813 
51787 78466 
59978 15953 
95623 23464 
52576 87000 
44341 59753 
76358 72662 
39981 52578 
53940 61039 
71519 65476 
92706 24121 
51585 97556 
48122 24155 
19719 8434 
87557 54080 
3316 25007 
77622 74996 
8189 50157 
85351 28624 
29484 22442 
78937 70737 
70676 7987 
37285 92765 
33463 41033 
29292 73068 
94609 67980 
3556 26846 
17110 91259 
37133 4180 
52568 54017 
27979 19417 
79223 54322 
79888 81929 
85814 28507 
21019 38201 
55331 97242 
17515 28279 
24632 25086 
92240 5810 
96048 4501 
35356 70194 
55280 38689 
98187 11845 
6284 64143 
94806 77101 
68269 23392 
96724 18013 
92560 71212 
95318 4080 
47785 73422 
23833 37914 
90707 36420 
76261 34906 
86977 87707 
33908 98134 
71200 12936 
12135 44096 
38909 43375 
69528 12274 
44410 79191 
79675 22094 
37920 28587 
51763 24578 
13021 40579 
352 32740 
51173 10081 
6999 4780 
43892 37956 
86779 97157 
45142 35847 
71310 819 
56622 75824 
46549 23208 
76822 98291 
38390 81064 
51090 8081 
22024 24649 
44413 8301 
42064 22687 
21223 44249 
69567 99130 
57246 55599 
89393 27825 
27278 64047 
6764 59179 
9727 55764 
85377 74172 
23880 53214 
81131 35312 
69045 9328 
15291 31642 
66102 98471 
38822 95409 
11433 23323 
75660 1744 
40839 4506 
96868 49496 
66729 70684 
69877 61304 
95752 20884 
47447 34074 
56008 87878 
9509 17189 
63035 91757 
47709 95138 
32062 36177 
87270 3651 
285 66283 
73669 14019 
57470 76937 
12711 78959 
95726 32625 
41685 45202 
80050 36301 
26618 2931 
10073 63441 
26034 60246 
90435 59688 
35146 2036 
52272 85738 
26109 16963 
71562 81489 
29700 53677 
11411 12990 
61738 97979 
74814 60332 
83578 46319 
92052 2409 
159 87834 
82601 55328 
41403 97094 
25249 25262 
43148 82749 
42142 43679 
42335 33517 
52525 63113 
27837 52206 
80202 5037 
43108 70967 
5071 67901 
19714 96486 
33564 23014 
31883 42563 
25427 48726 
1335 69297 
54989 79220 
48952 63080 
3919 73241 
85271 59635 
79445 40230 
55291 33546 
27112 96542 
4777 52028 
60354 62872 
14991 18155 
60548 55445 
60734 9284 
10633 68217 
82579 50151 
13031 91041 
28357 46907 
8291 59665 
11243 48301 
54730 87414 
52184 93303 
51352 85529 
22969 50623 
86358 39429 
82876 54928 
71860 71487 
6631 96985 
81697 87458 
34335 30510 
43746 73310 
35015 17239 
50744 81950 
64653 43494 
44304 25251 
16817 6512 
95719 65737 
9410 86842 
54060 84481 
24629 94304 
57227 86951 
20842 99342 
4790 96973 
64914 39030 
72828 80464 
91388 17546 
10453 35209 
81000 4652 
95272 80722 
65130 72499 
40805 83115 
5104 1037 
42685 53876 
65655 25385 
22466 68618 
399 94675 
77953 62098 
93831 61239 
77189 69186 
59141 21418 
39580 97967 
74042 84860 
32122 40788 
47875 57856 
71280 51826 
52367 88069 
61801 45617 
15736 32988 
22577 99991 
75249 82451 
46666 79006 
6847 86825 
17664 26703 
2141 16720 
57838 20899 
42851 7554 
14802 17728 
30668 22861 
2951 62287 
66577 3929 
3518 88471 
37803 60160 
92783 81987 
62862 94493 
11866 34519 
65587 51296 
13461 74162 
97543 20315 
21012 17485 
4901 29616 
14004 51968 
40633 12843 
9432 24059 
55797 41740 
43972 77726 
64700 73536 
73951 61141 
67929 74626 
982 94995 
34465 46914 
99925 74963 
89573 1260 
72860 62959 
28628 93658 
77807 7076 
78762 64084 
84193 18490 
59945 95409 
88376 25099 
55062 40321 
82047 16309 
84572 47901 
3887 91127 
95482 58325 
20619 22606 
16681 24070 
77413 55675 
3055 59114 
29585 62538 
89378 13783 
17640 90061 
1594 22206 
75908 46963 
27929 71824 
71387 95107 
35143 99909 
53882 28839 
26312 30781 
61107 49066 
75635 29214 
63165 64641 
43111 60463 
49646 82640 
67276 15410 
59573 81216 
57773 80513 
29513 94011 
61171 6585 
88398 73447 
53226 57825 
58942 41743 
18703 3138 
35023 83128 
15900 45433 
91994 78473 
87186 71443 
52589 34439 
69143 44499 
74982 13264 
76307 55823 
51482 26401 
81061 96039 
6471 15521 
88864 7946 
60416 7723 
12796 34040 
83123 98353 
84331 77814 
93866 84406 
98245 56596 
78660 44278 
78753 35459 
85614 35514 
71261 96707 
28198 61155 
9492 17505 
73194 37497 
81328 99386 
15226 81241 
18334 17731 
42972 22455 
63730 36709 
83495 41257 
31487 65771 
70654 20728 
55248 17455 
21077 6363 
39964 63098 
16973 63217 
71370 72969 
88867 25914 
8890 70430 
63318 43817 
86058 25893 
90793 33913 
69224 65695 
97082 67348 
80073 73408 
7987 32031 
70439 16710 
81489 33391 
48873 41618 
44206 18091 
97647 37687 
69661 31399 
86105 92736 
54742 47915 
81714 23740 
47697 47490 
83708 91682 
56111 43410 
55847 82509 
16532 8309 
14633 63769 
38767 84793 
37206 7051 
47329 12338 
89207 88 
30123 49848 
37025 59137 
70186 24064 
1152 92253 
80127 88092 
27775 57097 
80907 31378 
4265 3129 
66676 42763 
20880 87353 
75621 91609 
85800 5207 
43124 58490 
33501 83783 
47996 16573 
27533 43235 
75153 37573 
47902 44046 
8829 72037 
70562 2783 
39264 32726 
91922 77025 
12765 91978 
24822 91342 
80171 89203 
94056 515 
1922 33039 
89365 63638 
49346 74182 
91669 33306 
1179 19567 
74392 47771 
71993 56297 
95860 50793 
24895 54619 
41068 53828 
14707 23226 
41484 98263 
79833 97337 
136 71627 
51092 50195 
75853 80989 
74034 32074 
35335 89207 
47598 57325 
64633 75282 
66435 79669 
42651 88716 
16845 18677 
18448 29637 
16965 26247 
1404 1353 
10703 10918 
68710 50109 
21917 69961 
18200 27968 
50379 14471 
46186 89072 
44336 11033 
9747 57003 
15802 5060 
40829 81482 
74198 35519 
15568 36382 
41545 98528 
46371 97813 
78151 68160 
56616 81006 
91569 36828 
18211 7771 
23577 94725 
80806 22491 
10044 28065 
98101 73963 
86738 79235 
61487 32790 
70516 78495 
84155 19636 
79779 26457 
39863 78334 
70688 79364 
49687 39632 
56354 65052 
27384 86345 
45073 36469 
39404 48709 
80628 51784 
9114 29946 
92800 55351 
96463 86361 
69440 22165 
14105 63723 
42813 19993 
98905 22276 
42373 37929 
43777 66369 
3760 27927 
8991 31578 
39510 6735 
74333 72055 
70812 69623 
63950 33989 
91644 74483 
74218 97172 
86689 65076 
61649 16058 
52683 15629 
2635 94077 
79158 95455 
19717 80586 
29058 71903 
80146 88489 
22269 92727 
11615 92404 
65853 14800 
47356 82178 
93591 75131 
8196 14628 
74460 32263 
52708 27574 
24714 41396 
78241 54542 
11503 64919 
35405 5962 
67290 61604 
26509 63252 
43805 42277 
94462 65870 
21869 27576 
72813 58233 
59160 94279 
59924 3326 
1801 50672 
619 62940 
7681 38580 
7245 90595 
29464 19910 
28712 82595 
83485 68967 
80858 85052 
87098 58274 
84425 60305 
81477 95287 
17940 74839 
69492 40119 
81953 82651 
89011 10297 
88405 42915 
10799 57555 
34262 28887 
97182 83806 
92119 56185 
82745 48698 
52124 82884 
41517 9512 
79367 11307 
86502 25693 
8773 51972 
6836 54922 
85589 93840 
85476 65377 
73712 61810 
56043 89744 
96383 32377 
51286 50497 
44184 21423 
67612 93145 
83820 54281 
20210 74352 
27817 77566 
91545 65255 
80055 74690 
82331 46766 
54966 2524 
58546 93327 
79271 75417 
50693 64275 
24264 84520 
2198 47925 
83969 55390 
82690 32415 
9891 14846 
78900 9540 
36603 59272 
50984 53014 
84097 90883 
95325 51021 
2602 15896 
86201 14366 
33469 79121 
78174 26221 
95777 43175 
38681 47180 
72472 7351 
45983 40225 
62122 1098 
31536 34206 
82786 80141 
67755 1585 
63055 99476 
2297 86412 
31933 36757 
18178 81922 
24074 92075 
55395 23612 
49732 95662 
64201 33301 
39881 13763 
72769 22437 
66083 54731 
42724 38768 
51964 42332 
54835 19535 
38607 41331 
14176 96435 
39660 91612 
89112 82890 
23644 31392 
1744 62510 
90728 67547 
68744 89159 
69138 81629 
51017 3657 
42420 43839 
8209 69903 
32912 44039 
69813 34079 
9094 38836 
28456 14618 
54867 56823 
32949 37716 
37369 273 
8751 43451 
36594 30869 
61735 945 
54835 29533 
27501 87483 
6942 75941 
12933 6178 
3348 2046 
39304 39481 
77042 35706 
36970 61741 
72910 65487 
60506 63011 
13297 25757 
90158 68433 
77162 22396 
60529 72786 
81878 93745 
10691 48150 
36497 28873 
81224 24163 
43214 45796 
93178 84964 
59812 65985 
31535 74660 
8 8314 
21492 54057 
40919 65520 
29714 5389 
27289 19352 
44682 38884 
10616 96738 
90377 15310 
38021 68650 
5730 61972 
10457 45752 
78653 26171 
62776 30521 
57909 79738 
79214 44188 
78692 61042 
46993 58691 
28510 16711 
68057 28749 
48801 84338 
94334 37254 
14704 39568 
25472 38347 
60476 16201 
9663 6883 
21308 96346 
17923 80419 
43590 59150 
20149 10420 
75211 71251 
77275 23086 
85004 99886 
78018 27007 
76239 30425 
91006 94789 
52868 74135 
73466 88887 
69212 59093 
76203 98035 
43884 7429 
11253 13 
46965 15450 
3379 68911 
75777 69707 
29491 620 
19101 51698 
61108 38990 
72263 6637 
64134 46878 
6237 77624 
77507 81280 
12769 35536 
87702 99794 
44504 67093 
39576 46850 
44163 18798 
75741 42475 
10086 32866 
76404 23776 
76774 52694 
79538 69920 
98535 20125 
97279 75055 
11961 34462 
8611 20458 
18653 94090 
682 37111 
73492 95560 
51485 42991 
85694 22128 
95221 85550 
40011 13976 
88267 19167 
23652 75745 
98489 99798 
841 43493 
73549 84639 
11408 2840 
4874 83259 
82409 22790 
93134 18539 
32487 45628 
38343 20638 
17537 52273 
23123 95311 
13210 4604 
31200 79075 
54889 51532 
44855 18047 
58994 73960 
94850 84715 
30815 35302 
94243 77461 
23560 98822 
73569 31371 
50874 70840 
48990 5646 
70838 29723 
97315 2913 
53296 4577 
82232 18754 
14305 74679 
74568 16019 
51651 70970 
36104 67736 
43544 74272 
91247 14944 
78988 21421 
93743 41288 
72781 50133 
6693 74929 
80704 36161 
53259 90141 
71165 2202 
62749 95900 
28431 6990 
32179 66832 
59556 55170 
46943 93103 
52173 3768 
55878 107 
83596 79488 
75802 16305 
12986 62535 
8518 48081 
97812 37325 
89295 54206 
63460 58165 
50012 99312 
20532 28889 
72439 5703 
68255 49436 
27519 15919 
44370 39469 
45073 24648 
81978 9408 
34997 37890 
12053 12619 
85811 69741 
6651 79001 
99322 92712 
92351 99857 
81210 16189 
76038 6665 
96495 79477 
15869 62275 
16140 10786 
39106 62027 
26440 21598 
55486 24449 
46398 77049 
39873 36414 
99931 7266 
61185 6044 
19565 2043 
15916 68133 
16138 61811 
84056 81495 
35127 61547 
62808 55405 
34323 21081 
49224 43167 
59880 65198 
36732 44849 
68204 7 
62482 68377 
39622 28244 
92569 8388 
56491 75467 
60381 15669 
73162 1571 
79687 46485 
88115 27613 
38550 731 
39656 16608 
42733 80602 
85673 8791 
18017 27357 
95283 26790 
99667 22748 
75587 34189 
34278 73822 
80275 52190 
94316 35041 
98517 13369 
58902 60084 
2326 58976 
45719 17141 
38517 66806 
88424 46190 
87391 30325 
41506 84473 
74473 96594 
60290 37276 
13879 10445 
47607 25114 
82321 5439 
80636 95564 
71283 28335 
31531 48234 
41572 83096 
73639 84728 
9226 32927 
21497 61994 
24656 4379 
87240 97038 
67978 96257 
48673 43779 
72596 7899 
14969 38660 
6426 66297 
44794 90666 
85537 49652 
18669 73510 
68530 76088 
92422 63008 
81636 50613 
61863 51046 
54285 40828 
50114 59035 
2840 82467 
88537 68396 
86184 99536 
99766 83352 
71048 60627 
7109 42204 
87220 82952 
88394 97239 
23203 38668 
64344 90597 
11431 14296 
61625 63624 
78792 23326 
18979 50650 
93005 74543 
11151 24639 
18309 54204 
49833 81747 
4959 88839 
83428 74637 
76164 17317 
58154 30226 
43418 15713 
21873 16567 
76568 86622 
48982 55707 
78490 45714 
39826 14591 
65920 12678 
1284 44480 
37775 41122 
46555 80846 
20182 2566 
61632 60348 
13507 73367 
73547 59221 
30793 60217 
21190 8326 
9351 39805 
73376 94069 
97605 81294 
60767 11575 
67873 66478 
88393 96711 
82390 21749 
73714 26961 
44695 28517 
11516 47650 
1394 84219 
1423 49639 
20346 44810 
86379 97374 
60495 91387 
41196 82048 
65839 28590 
19111 53635 
61448 40452 
11247 67699 
2973 577 
99005 68104 
32750 57851 
82605 15168 
25389 96309 
50351 60283 
63639 98370 
12688 62656 
71384 24324 
62682 41580 
44733 57791 
40301 58536 
64512 56799 
71721 27410 
43835 93200 
26838 58252 
62974 59327 
88281 50250 
70422 70126 
53443 62982 
83818 91432 
97378 11500 
7312 80612 
8904 50436 
92975 34503 
74841 35072 
13057 1399 
28036 73199 
77122 28748 
93669 10580 
23553 86331 
65329 24991 
38419 25843 
17405 39023 
6386 12146 
13618 253 
78105 88891 
2796 18863 
46447 21770 
2547 97432 
59992 96352 
59001 35373 
66304 34283 
36589 41367 
69861 31563 
35613 41155 
9872 15669 
57385 25166 
11778 64512 
36763 40724 
42882 29509 
40179 96959 
7342 57489 
83568 17028 
48666 11754 
59098 41920 
88892 51258 
72192 62821 
22785 38717 
81058 34955 
2679 13403 
99786 4758 
94996 82418 
73052 64432 
63011 55467 
55563 33118 
32090 72436 
32587 52364 
23412 50546 
99292 75030 
112 8402 
76043 21411 
55783 7965 
74460 74115 
89477 92270 
44707 84119 
53596 86681 
28375 64407 
31495 74511 
13260 54759 
138 54053 
36469 51467 
59829 33370 
10472 9182 
67805 21624 
53088 38567 
95394 31328 
86882 43061 
39486 14543 
35996 60843 
58213 17907 
89217 3920 
68025 56289 
16899 15301 
34753 72957 
26326 97341 
14802 75311 
15231 99569 
54248 9573 
36379 92737 
33434 65250 
17471 97285 
52530 80773 
90126 79080 
89608 55367 
69262 73019 
26877 59086 
89942 45982 
33081 72820 
52591 64606 
10406 83189 
49460 90506 
62838 3440 
45310 85789 
19514 90723 
63533 75117 
51447 82638 
85235 77065 
52886 81447 
3309 87143 
19604 73081 
86125 67619 
45593 79857 
96161 75152 
76903 10787 
77774 36238 
6786 91411 
75267 62629 
69839 26276 
67507 84097 
94504 71515 
8584 64343 
3053 72410 
45326 57307 
6118 51385 
41985 55800 
24845 15579 
79981 82116 
87917 89955 
16333 71162 
92970 71853 
78239 652 
92359 45946 
43254 30038 
61721 94761 
4598 20103 
36500 89253 
49364 18524 
56328 46321 
83726 13215 
40114 95786 
23736 74886 
25685 7972 
32889 33013 
47026 94905 
28354 55287 
89414 13047 
96627 29623 
58169 63582 
56328 79928 
20290 7420 
80954 82089 
29875 86451 
47641 85016 
28039 69981 
9329 83082 
15934 25866 
97174 30933 
35524 49565 
47693 39383 
56915 71112 
14803 42007 
63337 99989 
70807 76033 
45278 60923 
22308 78268 
63808 19829 
67177 57048 
19789 98434 
96874 64586 
70455 28576 
4822 60576 
67754 2702 
95947 27575 
53879 35823 
5158 71397 
38582 65964 
23206 15665 
132 85113 
97252 78657 
97210 10736 
20421 2713 
52564 79089 
49725 91718 
70880 65927 
94966 570 
83169 17593 
2562 12024 
67804 6085 
17740 30965 
84448 5353 
46095 23867 
71225 22927 
51280 32129 
97794 10890 
19422 91947 
37390 23294 
92811 514 
19431 83301 
25544 78616 
50952 72661 
42015 93033 
49909 58543 
85457 18700 
16313 28361 
28281 40181 
78175 11868 
78489 14775 
88427 31646 
57195 45453 
16238 38050 
41142 40816 
71583 52730 
61040 71429 
25442 66038 
21694 67074 
39668 7966 
63073 37931 
358 39680 
12841 44104 
56447 93285 
90344 82635 
1321 21165 
9632 8813 
99357 3036 
94824 59533 
51619 98803 
64978 428 
15343 28380 
67596 75628 
40351 5812 
39979 99275 
62245 54372 
55896 91268 
96968 81728 
71357 26255 
14253 99864 
17753 34488 
28525 33096 
3249 65912 
34950 69387 
73994 4772 
35643 75066 
55619 975 
46445 11135 
42390 66612 
48199 60557 
26575 71285 
48139 201 
63702 58259 
46778 28601 
50836 94971 
63600 91206 
54387 66054 
60875 28539 
61625 14783 
19107 9459 
45749 39737 
59885 1681 
28254 57471 
82336 74784 
94269 49116 
77886 27091 
66661 19094 
14741 77172 
72918 7490 
38231 63125 
45171 14155 
16118 48369 
78182 12217 
68970 41375 
32739 51451 
64882 98575 
12593 77822 
25108 94641 
61954 24531 
82567 12365 
27511 62022 
58730 25597 
4048 29644 
76068 22993 
35942 10075 
2989 47765 
78202 49080 
36143 9208 
30137 67836 
60990 55455 
42390 62788 
95677 83728 
63752 38904 
15577 4310 
38046 76159 
76241 67510 
83334 86267 
1038 9091 
85804 76870 
76453 68961 
18891 3821 
2748 90341 
54590 58677 
80656 12220 
68314 8155 
75762 26577 
51324 75049 
91429 83669 
35424 26006 
98376 93648 
3496 10532 
14453 90796 
6400 77758 
1673 97896 
31887 82732 
49236 52559 
74358 82383 
41058 34757 
35701 12816 
64224 65397 
46850 34217 
823 29457 
37368 27408 
59805 14013 
96036 26958 
47724 41433 
59287 79785 
47730 21089 
36316 25276 
74615 39114 
29772 3252 
457 55055 
39165 9429 
138 76720 
40479 34593 
48943 40068 
19950 43272 
15492 29703 
2554 70492 
32391 37330 
56492 41055 
94292 70481 
73795 44797 
28473 91895 
24140 33391 
6535 91100 
54082 39546 
17548 64098 
57115 57797 
2690 4464 
71329 67618 
59381 89751 
70899 24187 
58932 80785 
5249 89918 
85885 38246 
5434 30718 
99520 874 
21174 54977 
38398 62705 
73885 30370 
37355 32933 
11213 73864 
3021 61316 
26749 73656 
98719 64472 
64995 68293 
22515 93998 
66065 77855 
23216 46010 
17287 54825 
88288 23542 
69492 98154 
54931 28178 
44728 53046 
40980 75345 
9022 1086 
65819 98891 
8965 30621 
33163 34913 
74100 65666 
77348 52199 
68438 23105 
32675 27245 
33899 62609 
71399 45492 
6094 91413 
70096 47246 
98537 87017 
6450 26667 
45295 4826 
58890 35320 
63985 44931 
80056 37920 
51175 62434 
41726 17271 
50444 19139 
3632 27795 
39716 90907 
41485 52656 
68942 64627 
80576 28131 
41819 81477 
20489 60738 
75938 9066 
3720 77547 
94623 54022 
76441 18167 
673 58724 
13147 98112 
57337 61157 
28617 47540 
55054 35198 
80380 56826 
73862 70203 
72805 40974 
60828 93346 
9957 68576 
29464 85937 
8525 87843 
53815 95828 
74417 22176 
73750 2008 
67025 798 
49956 44624 
23694 36171 
7238 93916 
93592 59242 
82958 94938 
34965 76000 
53766 91435 
62672 14369 
48289 1872 
93928 89205 
66009 93383 
29331 24928 
13290 75257 
23567 40291 
36383 12615 
45558 17850 
78177 43034 
1385 51891 
10587 64143 
94947 92868 
97689 48586 
31145 83885 
26046 34266 
24241 15281 
98156 32388 
60117 7097 
22543 93601 
75292 66004 
49745 73392 
57863 53224 
97278 41911 
45920 43032 
78659 90520 
97557 47627 
1638 97615 
33206 33471 
29041 29661 
5877 56636 
1938 69867 
37726 274 
9367 86565 
72465 6001 
51397 76114 
32248 52819 
83074 41022 
34981 52132 
45615 92992 
23396 95471 
88204 2712 
80768 12766 
58825 53483 
59818 73268 
95820 94133 
31136 88716 
83165 28202 
65344 58879 
41967 20973 
99288 33312 
18264 53713 
677 49960 
92936 5340 
37897 51214 
83382 95760 
82118 71065 
28602 82222 
17360 33204 
49387 60313 
10844 99239 
53602 84587 
728 58617 
12822 90313 
91252 57442 
71115 67492 
6345 22040 
59337 10996 
41895 44944 
79010 46608 
74203 65937 
88751 11715 
27506 98823 
73131 51548 
77026 25813 
99001 77119 
65649 5718 
67485 19377 
42107 19585 
51251 5602 
86494 7977 
66087 78717 
74905 37790 
63431 77901 
49241 73326 
46251 99817 
421 16258 
4455 63738 
43709 22219 
38065 10988 
63378 97916 
86404 79396 
30595 31998 
9840 6792 
53196 15344 
76925 34123 
98935 62004 
94277 98376 
44812 50724 
79118 28241 
44273 68785 
15138 81344 
71325 54844 
51173 90873 
96049 5538 
99173 21550 
69509 31764 
63032 70159 
47732 24924 
83071 84213 
64197 20812 
12322 13859 
68212 29406 
50206 56733 
82554 32544 
46849 3239 
97956 38231 
56936 40613 
14252 20300 
65903 28117 
58458 65220 
33226 12860 
58566 94000 
97638 15974 
28489 26494 
67365 82274 
24412 7832 
74804 53016 
65666 22272 
9522 91004 
74326 78458 
56090 60066 
76855 61897 
53941 36757 
28420 15385 
65343 11201 
65924 26214 
84501 16072 
69310 70139 
45928 7998 
12365 86451 
93444 14024 
14055 35889 
52499 47298 
59289 23744 
8006 90762 
44098 54155 
27445 45372 
14325 18440 
84742 40279 
9246 10241 
34271 6379 
91929 3319 
56283 21783 
46687 24038 
45189 48010 
50622 99888 
40323 89081 
81074 67836 
5180 22202 
3665 81869 
45575 68351 
96683 67777 
19788 93824 
6707 35037 
34469 59708 
97662 70611 
38921 65210 
50893 7539 
27371 62937 
97392 82369 
33916 59448 
14972 69841 
58064 52800 
2963 10612 
90140 297 
54908 28440 
15285 54294 
85799 66893 
62393 51640 
34512 62481 
30052 93261 
54429 11065 
65367 4344 
25611 77422 
93580 22738 
70436 44090 
96441 23444 
31276 94887 
15526 50428 
73581 80972 
13075 93511 
10608 22851 
57336 17703 
7141 60469 
12060 25124 
8618 75284 
469 5506 
59457 73219 
82895 10308 
19702 35416 
34248 67560 
62712 14919 
32563 39858 
38229 81745 
73121 16267 
14965 96202 
3959 20416 
74770 20939 
38078 11693 
16444 65844 
35244 54202 
41462 96768 
62004 29019 
36117 28962 
32389 69290 
35041 69210 
3736 4858 
49563 66809 
52179 13316 
71052 82866 
80570 87832 
14153 89846 
17927 48514 
47753 68833 
54010 43787 
72549 80702 
15186 10958 
43225 49168 
28502 91043 
562 8675 
39705 21927 
74209 38088 
47933 66076 
40348 22415 
94907 64243 
70188 59042 
99653 45012 
84991 52429 
61152 61519 
41218 21806 
60789 71327 
5473 80040 
84042 23167 
43030 28728 
46619 65153 
36041 54455 
54050 43084 
67929 4269 
45763 14560 
59004 64574 
74720 64897 
14989 66992 
51965 74229 
54958 97178 
41722 51647 
18061 88115 
27229 21888 
9469 38148 
80010 22829 
35131 5795 
56077 47911 
92215 98339 
11365 46648 
27510 89263 
75684 78465 
49619 70769 
49574 406 
82406 71969 
91670 57602 
76978 50744 
45523 36899 
57363 97855 
14311 38685 
61099 75575 
29460 19709 
50104 49922 
74922 60530 
9474 65525 
22700 15303 
22287 55212 
7196 8667 
6997 72610 
16035 54805 
30688 85351 
3257 87103 
66237 68925 
37114 3343 
44324 96804 
79179 50984 
62298 31108 
54061 99868 
51038 79966 
9770 75532 
68255 2593 
87594 55325 
82063 11240 
17344 61674 
32218 40301 
28910 22066 
8065 27242 
24287 3719 
62001 77393 
85609 72404 
85210 65270 
4153 69510 
8438 58738 
2915 49202 
54730 39178 
91069 68409 
63356 30733 
32453 76360 
24549 44803 
32219 7534 
13215 92117 
45873 42137 
86445 14071 
93156 61611 
14428 37410 
15554 93149 
47290 61941 
50724 6861 
81398 49638 
9679 1970 
77870 95310 
33349 94282 
3253 23963 
73934 96213 
7809 78032 
93466 62746 
30329 28870 
97100 61978 
20100 71185 
21841 17276 
96392 36553 
82806 59565 
23780 92731 
38564 22916 
67630 79132 
74699 14337 
8239 65707 
20475 89563 
34418 12351 
