16471 19575 
94456 40742 
48294 56093 
20669 30754 
4760 79482 
8409 90264 
1415 75185 
99246 49468 
72616 34568 
45896 69676 
30256 5089 
28294 36866 
95720 35217 
79235 68499 
96135 43933 
35291 77562 
47294 86171 
36615 18338 
55126 30145 
35277 72120 
55161 10301 
35942 17882 
75186 70504 
84978 72878 
50116 66036 
44491 81199 
40091 50181 
36347 74503 
2885 31355 
17844 28466 
49975 50157 
55545 90928 
71922 92230 
96657 63279 
53214 22406 
98369 75323 
9322 98410 
64763 5683 
69425 98249 
58148 64722 
97113 74427 
97114 75064 
88366 30248 
27121 55953 
11183 98736 
51098 42030 
54468 93054 
37320 44524 
35125 88857 
79737 93451 
71796 93572 
71957 83083 
71251 55426 
70271 79763 
89189 65862 
63346 41114 
21043 13032 
36673 38705 
50343 51147 
18368 72495 
32317 60748 
19570 14615 
18611 88328 
37501 22567 
35352 70227 
72128 17427 
11283 65389 
18424 31351 
15254 44267 
35382 90520 
3108 7097 
60207 14553 
92833 33732 
31545 81542 
83827 99365 
9119 29000 
11231 25722 
28814 35366 
79479 75694 
12053 54145 
50600 40870 
56171 53307 
72252 16064 
68592 46289 
18069 2682 
71713 87750 
78641 33675 
97728 47147 
85276 66779 
13017 66322 
70673 49931 
60253 53409 
70737 22960 
83062 64755 
49978 83046 
2834 78939 
89304 7957 
50210 72572 
9458 674 
14789 66237 
15989 91789 
65781 20746 
42327 11949 
13586 28831 
36413 25582 
27727 65470 
83286 99325 
65 31206 
81144 63776 
43912 47173 
91599 15610 
49416 37944 
66207 98584 
73534 68928 
10836 96579 
28916 88688 
86999 69607 
50191 63397 
65046 64560 
58451 80593 
37911 36494 
15103 42436 
76128 23388 
54827 64887 
54892 27530 
14021 48528 
12169 70109 
25897 89196 
3243 2056 
36323 52157 
1501 73830 
5509 42259 
57897 89595 
99825 64282 
72264 97101 
45303 82694 
48441 93596 
9808 58044 
2223 60233 
4359 58435 
66171 72663 
45796 18847 
88609 73921 
2721 48490 
55417 37174 
54584 66961 
72756 90578 
29813 83667 
36427 24183 
53037 21772 
79293 49775 
23753 27896 
32060 38483 
69180 1836 
54654 18154 
62593 26791 
95560 72730 
75087 79868 
14685 49237 
33492 55106 
61679 44523 
90096 36812 
36097 13489 
70841 19699 
68407 13312 
57845 84125 
51543 74055 
79353 99677 
21584 65045 
25673 48425 
33077 8538 
83142 30331 
99650 77438 
79876 37642 
73764 2227 
66792 62529 
20808 3750 
15348 32798 
2212 63147 
99445 54184 
19858 37963 
43118 74581 
89776 34344 
57918 75460 
6973 49260 
64299 38839 
35215 3773 
89864 34333 
5674 98680 
63968 20127 
36567 37195 
82995 54174 
92289 75854 
3484 67472 
84989 84472 
31380 59969 
84135 18698 
14771 41468 
40359 34638 
14836 54832 
48706 3971 
25069 86868 
73372 20158 
32427 93453 
31138 21570 
65686 39791 
83921 95741 
56085 84108 
22192 70472 
43244 13700 
30518 42122 
95372 75887 
14049 39194 
76956 33291 
30520 70183 
89392 12770 
16164 58677 
30435 10414 
15926 25817 
66881 61197 
28447 40478 
91559 81201 
54517 20922 
40475 42771 
94050 38161 
78902 48509 
71096 40911 
26184 28734 
79007 94774 
78253 98833 
28599 4135 
4079 77859 
51002 64316 
37730 87839 
53841 73605 
61220 24393 
54534 20067 
75014 13632 
17659 46410 
82819 47700 
4738 87684 
75210 21929 
4229 71214 
82682 80240 
47129 65946 
82860 12254 
29306 69222 
88917 35519 
55535 23048 
16611 39308 
92169 59019 
25947 62664 
65494 81324 
60069 28654 
71024 10654 
58829 59253 
65355 28296 
7341 50851 
96639 79378 
90900 99040 
92385 16938 
66787 23188 
63970 94404 
30765 56225 
6115 43045 
51500 33145 
66552 3109 
69645 32903 
36204 12601 
10024 2736 
63410 96040 
35095 21329 
27098 37031 
75826 37865 
13265 63134 
12111 57649 
26723 19232 
39045 31837 
35797 56532 
47646 48732 
91505 18271 
69025 17171 
84727 60389 
79542 78741 
4961 5644 
41150 84842 
42492 93049 
55897 27092 
32145 50983 
46500 15113 
71269 92005 
35888 54435 
57194 100 
87840 89076 
80121 57010 
88055 38294 
76266 33272 
90461 75059 
93031 51745 
27075 65022 
43106 16634 
81383 9028 
27578 89420 
55026 9694 
89530 84592 
15439 13135 
19037 52718 
98173 60588 
68083 16139 
51761 21543 
49661 23453 
55279 69890 
89128 92958 
9174 7679 
67903 22347 
98457 37279 
49651 52217 
54015 32041 
7359 84310 
92595 57998 
76029 71934 
98906 54716 
40188 19613 
24345 92097 
28041 51803 
15975 81741 
24771 36346 
56713 36447 
36377 77386 
93057 39444 
32389 24558 
50246 6199 
70913 80543 
86385 95914 
62668 27452 
16859 57297 
62028 33999 
48290 73737 
82571 50054 
97283 6720 
22208 42945 
33416 23136 
48697 80711 
78177 32060 
40225 21553 
11977 49662 
97645 25843 
89911 57104 
45141 67298 
43570 15569 
14228 83316 
51033 55043 
62412 70981 
90045 59017 
12277 4837 
50433 25958 
9346 25346 
70976 251 
87831 22758 
83231 30214 
2196 20173 
90216 28878 
29445 41684 
81395 84417 
72144 36742 
87076 91407 
95410 20271 
5103 51565 
12440 79562 
90637 23166 
92635 93603 
85878 82027 
3968 8253 
80700 93768 
16962 11551 
37495 87011 
91503 57466 
83906 60228 
39677 93484 
75683 51140 
7919 57743 
58533 46912 
49986 24741 
12646 15791 
68621 95197 
46480 96431 
88221 45248 
17400 89830 
83464 72913 
95973 60622 
29532 5669 
57958 69390 
58424 61942 
83480 25779 
2854 91481 
66372 73322 
84282 54811 
88380 91248 
54884 40370 
92649 25975 
34598 59400 
98882 45539 
93860 3329 
38550 43932 
20234 96108 
52714 9101 
72891 24859 
87304 8348 
72685 86189 
41104 37885 
97615 42657 
70233 29534 
53496 44136 
29563 6852 
67937 32179 
36317 35416 
12025 12025 
73981 17555 
88630 46480 
15709 40529 
38813 98694 
35566 98945 
8548 26706 
93219 77168 
86837 11653 
23127 95529 
73229 83649 
32777 95342 
57902 94620 
16222 62036 
644 75729 
18899 63181 
76444 8558 
47693 8719 
14868 33818 
6163 24424 
98001 19129 
49090 66438 
97428 8286 
92716 94633 
24634 78428 
87514 65672 
41100 38658 
58827 2779 
24544 13913 
47384 48585 
15919 71276 
36499 9831 
78165 62397 
35647 58298 
82171 75355 
1160 60999 
97993 12014 
13952 74512 
10123 32827 
1444 53259 
94412 40039 
86296 89602 
91268 2359 
68076 24818 
84799 59451 
95654 44351 
50846 82937 
67892 98139 
68148 12139 
8132 67438 
96399 27408 
93985 33185 
12508 71627 
88120 87840 
62147 81373 
8009 72510 
27473 43225 
93003 14279 
33918 47813 
75663 84844 
19009 74487 
40909 853 
64433 2846 
61344 38816 
48878 13865 
30033 43002 
13685 13008 
73017 63439 
45918 80455 
13050 72938 
74191 29440 
73290 77021 
41455 32729 
55113 48686 
65878 59374 
97731 91127 
26107 49128 
28983 55876 
10367 40317 
46426 21230 
50243 58424 
25779 66427 
19431 67313 
39806 60712 
15373 82735 
84880 23257 
57377 48678 
54753 99827 
28718 81081 
71487 45173 
62127 90603 
81997 96293 
18245 6371 
55365 71066 
34767 36002 
70828 29135 
30418 13721 
69276 87566 
32319 8012 
52131 92426 
57935 82984 
50622 9287 
23509 33533 
55770 10580 
69719 43380 
94816 5808 
92299 47176 
63321 81803 
40427 13137 
73889 94528 
98938 1052 
62181 81386 
1740 92000 
98856 43538 
33308 30745 
92070 81445 
62707 69534 
29352 53650 
20330 52901 
99934 68771 
71396 37085 
59057 13724 
62184 94794 
44267 67415 
15134 16306 
30421 48425 
27123 81278 
14870 97667 
81588 42128 
57215 2574 
19646 29503 
59067 28044 
27956 63072 
58403 31200 
91775 26796 
30375 1956 
30538 46795 
31878 89463 
80233 92093 
672 45668 
11955 3754 
21557 41577 
79262 46310 
1852 89214 
68261 66883 
56354 32868 
83865 42043 
87995 56889 
43247 90171 
64554 94118 
63223 28005 
34079 8979 
22175 54037 
92101 72329 
49063 48556 
12216 41346 
42214 90386 
78309 7053 
48740 3756 
11467 74532 
41858 65238 
67521 96420 
17793 20302 
92228 89004 
96573 81827 
60223 22014 
51756 8749 
91200 88191 
12945 92051 
32137 26734 
81963 7421 
17980 95955 
78601 29171 
74800 64776 
85143 38367 
9265 20124 
90158 99645 
36155 67887 
41552 25797 
31700 38743 
6479 96992 
64660 97021 
1405 52346 
49380 90676 
99485 25573 
85433 73541 
44390 53591 
97020 77194 
99800 47179 
61951 9114 
42016 76191 
24810 6210 
59496 88322 
21822 78430 
57565 50045 
5979 35770 
79195 71113 
50135 3893 
43412 49866 
23067 98470 
71800 55624 
78913 46418 
20483 46548 
73931 13430 
60118 6616 
26179 21482 
49611 73737 
63508 17451 
30643 22537 
63161 84561 
29560 59969 
72329 72021 
90761 89663 
13131 55106 
81479 1795 
17824 27790 
1647 49290 
10415 73185 
4559 78258 
49412 53167 
84114 90858 
73083 7938 
12642 32133 
43414 58672 
19687 8893 
67824 61990 
86570 68308 
88776 73687 
94162 86678 
70535 40950 
2024 44696 
79653 57250 
55913 94513 
51140 82156 
17622 56084 
55835 49522 
86227 15485 
36138 61783 
33043 36290 
57054 95582 
3909 36615 
27416 24475 
51944 29025 
82177 98179 
51449 68294 
80832 4633 
9432 2865 
69309 81085 
34994 79871 
73085 33493 
48862 10697 
37808 69694 
15406 64319 
10383 51153 
57716 19056 
58239 20501 
72664 69833 
57438 67669 
97343 57724 
41285 56105 
90876 61278 
90293 42372 
86314 64994 
61615 87379 
36173 99367 
1490 75550 
22166 28982 
57744 29442 
24740 50459 
11117 31623 
51292 50382 
73885 43078 
3258 64866 
62230 37964 
21751 77054 
34815 58240 
89023 86566 
4166 28497 
78755 85833 
69780 61280 
42000 82212 
92277 26223 
87614 11954 
26428 52553 
66083 2314 
57590 83802 
93878 51479 
40822 6019 
61829 12513 
24908 26345 
55473 87120 
54512 87500 
77927 57800 
82871 65545 
6574 12844 
94713 13228 
33669 47608 
34493 79294 
37987 57663 
58581 55315 
9686 74639 
81689 75928 
3813 33979 
67619 25803 
29224 5331 
22309 87232 
89143 60895 
83215 95917 
77212 4858 
63190 59358 
98571 37868 
99343 32176 
29400 84541 
77751 35785 
50273 69108 
53427 55994 
88827 84569 
61636 51472 
85426 64096 
21393 58412 
51878 29925 
64931 82331 
27726 64630 
87925 26606 
51214 22393 
4456 19181 
52788 73782 
7934 63812 
47816 56557 
84669 60298 
52167 87143 
261 9300 
69437 72659 
80675 41728 
1783 51782 
39633 90046 
17697 84231 
61874 49480 
69523 3264 
37873 60743 
91115 43367 
59747 82760 
21759 56156 
30399 13783 
96321 31552 
8315 62368 
13574 48393 
9015 65866 
44729 88913 
10767 3417 
72448 64895 
67008 52853 
56930 19801 
10784 96497 
10173 90831 
47581 89533 
22070 37586 
72078 66439 
22762 69921 
11620 75916 
84481 36557 
94647 2809 
63118 68157 
65821 56716 
54830 3823 
21276 81283 
96230 68350 
17190 65647 
68053 9091 
12791 20030 
71659 45875 
44937 11189 
35334 35235 
95589 40260 
73078 1021 
5763 85442 
62402 37522 
9953 25063 
29643 48325 
13583 2740 
31408 44401 
12667 95687 
98944 88288 
59668 99632 
68647 37742 
12452 49399 
56310 11859 
64251 52897 
45393 75416 
41740 28056 
50242 13080 
75594 97219 
84107 44102 
93295 11543 
8717 10284 
57540 49167 
67297 55219 
75192 55211 
6158 1228 
31563 69123 
71274 21868 
62692 15450 
25809 2570 
64330 17795 
72091 79678 
50501 32552 
77295 49056 
16793 88952 
95921 39441 
33947 64987 
54133 52827 
95832 25035 
11136 84440 
72586 94249 
40951 48234 
74448 47273 
84361 50341 
14747 44400 
5189 72539 
71541 56942 
47762 50555 
86541 85465 
33043 57906 
7278 89419 
49840 34959 
73840 14803 
94420 35070 
75068 27668 
86985 94855 
50754 35609 
46668 74071 
96159 6791 
38074 52074 
33103 76682 
11847 12440 
47876 66292 
49357 95103 
60424 22594 
87307 46242 
81512 31693 
41920 50134 
35002 48413 
74341 84353 
70892 32144 
38966 99915 
71464 78111 
34669 91364 
57619 85667 
35200 88308 
35439 10797 
9538 69508 
84023 8666 
55572 73432 
74798 83925 
61177 54997 
29827 31361 
75650 17292 
71998 67608 
21397 29158 
93549 25771 
884 24773 
71042 9181 
57089 69766 
84646 77895 
27025 69897 
57568 72160 
87388 92949 
17425 60727 
28978 72242 
95585 38726 
12267 61078 
22735 89753 
50332 11388 
49373 69888 
37334 57014 
18452 67557 
90857 92311 
44056 42452 
4585 50106 
4777 49192 
14212 99595 
43378 6947 
63889 4343 
75356 84949 
23149 3359 
48177 35645 
44970 4032 
60248 22159 
74460 4792 
44094 54817 
14648 97409 
41747 72685 
30949 34182 
52015 80360 
29097 83562 
9077 77728 
72682 39335 
59773 942 
15911 93064 
42977 26590 
14795 27269 
38620 77806 
45710 37703 
46192 11054 
4101 47075 
72989 55365 
78081 29701 
60881 21986 
91794 26841 
57055 1743 
91597 95810 
38963 19840 
4491 2523 
36617 23389 
32700 36682 
56412 35670 
60883 1655 
99814 22908 
43196 6893 
87527 84320 
6269 69795 
45192 94256 
51134 16027 
80169 96408 
62229 52581 
80634 74437 
34845 76193 
98014 761 
13709 71313 
31672 95833 
94887 46377 
20808 13937 
80775 54931 
62697 8323 
93676 49022 
18657 18472 
47310 16279 
39579 65321 
47567 59214 
41356 36492 
43920 85569 
87220 92874 
81142 91874 
88792 30340 
7300 38904 
20541 85973 
78486 37350 
53403 86843 
63348 84775 
52441 1195 
91193 20789 
50753 66874 
6277 96413 
7216 39838 
87901 85686 
79191 26845 
70991 2881 
92986 40682 
55085 27001 
74655 43766 
21000 76812 
11612 26508 
83902 24230 
51594 515 
99132 81669 
9641 73533 
2837 49831 
46066 12968 
13309 66421 
98795 97888 
40927 53381 
1986 5610 
54655 20536 
99499 78278 
31320 46866 
66575 67287 
70197 27168 
85992 58982 
89935 41486 
86002 43731 
37430 77429 
36510 2314 
28997 11384 
17245 48493 
13012 33656 
17078 84694 
90204 84654 
97187 98939 
52842 54534 
52413 55470 
7295 87063 
34957 8940 
25808 19992 
62457 2638 
32782 88839 
18538 94888 
68455 18745 
68064 94577 
88620 29942 
51650 76709 
52834 86381 
94338 91975 
25568 24191 
61936 80470 
64825 6887 
25156 49055 
1016 67652 
46448 74264 
15161 15487 
87389 48257 
10042 1668 
45470 93979 
30450 65712 
68321 37521 
29460 5918 
60675 40620 
96451 48558 
94800 64292 
59631 21917 
58645 55793 
50856 76656 
27630 25410 
73800 32316 
25763 7031 
47869 71319 
49717 77016 
9719 46422 
65491 39563 
41828 15367 
51484 73606 
63334 67306 
54056 76194 
62136 59628 
42083 30393 
69291 40910 
95554 71928 
76786 95989 
39893 28099 
78028 12523 
42493 54965 
66716 34902 
20859 4324 
64227 41033 
72783 10737 
58290 50225 
28143 647 
26377 46337 
39194 90592 
86149 79301 
71641 59567 
62230 90306 
32302 51794 
83700 91152 
70858 90463 
29902 16683 
22926 60465 
23527 60687 
19665 48681 
29395 321 
75083 14111 
54962 11813 
76454 96911 
64294 81143 
45469 65381 
11105 17340 
8204 42983 
68422 83214 
10494 53685 
82546 68566 
41978 73222 
7194 44312 
86864 76326 
80055 52444 
2357 25517 
88466 6408 
36753 55781 
33518 99205 
38341 71221 
42615 42415 
73557 84766 
99362 88343 
68222 44 
56633 19621 
9263 55740 
73759 25842 
95943 27072 
72004 25193 
9434 6466 
33857 30548 
77470 66045 
81108 4128 
46842 38297 
54314 92558 
40683 38044 
81947 85062 
69744 88808 
71394 91531 
87301 9735 
75931 94308 
25841 65417 
91895 87816 
30367 80281 
18511 83529 
7913 71644 
69169 24264 
45795 61104 
57411 21435 
12156 82643 
93512 1645 
41503 17598 
18231 24877 
25247 51646 
69173 15536 
72651 66964 
22182 29755 
81125 53965 
75257 67584 
56484 51288 
45731 27113 
53535 186 
32792 89032 
65318 30013 
56896 14813 
75323 75202 
25215 39395 
1165 60944 
87993 40188 
526 84722 
44546 68179 
80521 63918 
29562 34055 
50240 15897 
60526 52539 
82834 86299 
55265 61478 
8314 43706 
34966 48753 
41165 14413 
12517 39689 
57858 39734 
28587 20421 
78561 83 
38602 98528 
74602 65003 
72615 31260 
18646 96406 
87053 83821 
18109 53464 
2388 15402 
23957 21889 
74059 29067 
86860 17828 
75250 63074 
40539 97115 
79664 45842 
28231 34348 
19993 84564 
52304 23060 
63517 8288 
19375 88201 
90117 40344 
73685 95206 
79953 32098 
60016 86122 
18164 50261 
34088 72593 
2154 73386 
43191 67912 
93401 19671 
32665 45953 
90168 97812 
94935 73471 
10118 45419 
66919 74054 
62549 95378 
98937 47002 
58800 89543 
63664 82415 
56379 41275 
47175 85015 
57437 33607 
65841 43511 
85440 28167 
82553 59771 
45254 51539 
53729 82625 
31305 20310 
24548 74824 
86102 63876 
4035 78481 
27108 4892 
93893 34282 
53803 61301 
15414 52796 
18768 40990 
77299 32436 
96685 10363 
53907 67898 
13413 31528 
98236 95399 
3598 79270 
96821 76545 
49799 68630 
84803 31395 
18667 46655 
78576 93089 
50462 27763 
50673 71332 
77038 81184 
67020 80126 
40381 11044 
30158 6308 
58906 4926 
23741 69770 
41925 65132 
33391 53693 
84060 78347 
26876 63689 
80828 24060 
12654 8411 
94243 69837 
59952 81057 
62986 52424 
55850 61082 
95564 97659 
95254 48542 
6812 89311 
48153 89655 
58247 57199 
25257 51493 
40940 18349 
67844 56172 
95978 71420 
20617 90442 
2026 14286 
7341 65308 
72103 27405 
18252 12090 
92422 41472 
35458 66322 
4968 86884 
68020 8890 
82487 4646 
41882 5070 
69638 83626 
91515 6388 
67289 77415 
29913 57702 
18284 45598 
31490 82449 
12485 58810 
48457 2706 
66489 4774 
95433 87523 
49128 33323 
79305 12927 
17746 82489 
21797 60073 
2168 34800 
20700 74194 
23413 63227 
22417 56324 
62420 39593 
33227 62219 
380 94731 
79615 38457 
36765 39356 
39016 34385 
53737 77328 
1513 90410 
36333 68875 
90293 18075 
76679 30365 
64078 55397 
87459 89322 
48294 2185 
24945 48636 
93397 14317 
75158 52331 
38541 63452 
88021 86697 
66720 49169 
53891 95281 
73515 84249 
4412 33958 
35764 60629 
85391 43168 
58734 43474 
93214 68448 
812 33921 
88310 17477 
23242 87191 
99273 2132 
89109 72130 
9451 77426 
40549 10645 
74190 55684 
16085 41086 
51361 43983 
31007 8308 
40434 25591 
32898 94975 
16037 82043 
61661 73585 
10838 31501 
88846 76803 
49519 41152 
84585 54824 
60730 56677 
62125 12866 
97132 80179 
79707 99278 
74977 19479 
37483 45359 
4151 26316 
93161 41645 
17208 38732 
34265 72259 
21639 43804 
87154 18840 
93466 80903 
13365 88646 
2237 12768 
42388 17632 
7573 1950 
16618 48571 
95667 43560 
79044 86793 
30462 21750 
17124 91634 
78714 76995 
87333 70390 
30751 93994 
84039 3410 
79451 45877 
83646 43868 
38812 59435 
90337 3852 
80473 98189 
33313 59570 
41612 95382 
17062 82825 
10912 7365 
5981 33313 
30589 99333 
32592 26900 
61988 20010 
54629 28691 
49822 69635 
50414 6563 
85867 16468 
34249 20720 
16770 71060 
93949 17961 
62595 84632 
1180 45475 
12839 98193 
21918 98346 
44866 32380 
59144 67368 
66048 74518 
92788 59339 
15399 89034 
42975 20693 
73052 50094 
71791 7166 
16679 71229 
56062 7085 
32794 85713 
9052 44006 
37836 13578 
2534 55538 
89055 36424 
42326 69586 
68423 89534 
80188 76617 
4152 72330 
2874 27170 
53864 72834 
25179 67502 
11070 99526 
27973 63073 
12326 14913 
24493 49520 
16278 69083 
8602 93855 
97799 38683 
37215 44777 
50501 86976 
25799 326 
19131 74068 
90604 23566 
89718 62820 
54210 92499 
49795 85680 
42002 79164 
93637 60333 
36353 14642 
88149 68033 
22575 11666 
33930 37402 
56101 84565 
52958 8684 
3920 27507 
9487 88642 
64910 86277 
23941 44687 
53543 86300 
70944 28345 
39301 60168 
62106 62756 
70221 51633 
1768 76708 
73111 59836 
69648 18530 
15279 27476 
28158 37225 
33039 69722 
74164 75316 
80773 86816 
55019 78142 
30990 2674 
46961 87727 
60626 24195 
50288 55855 
91731 21597 
90210 80573 
15697 88750 
24868 43160 
19397 54314 
52730 98423 
48832 79435 
80442 50220 
91334 95795 
59148 26216 
30890 9038 
22430 51161 
32810 16878 
62214 6311 
43767 68649 
60349 54181 
51112 23639 
53032 2373 
31441 49207 
42855 78057 
32532 36536 
88970 85479 
75037 1782 
99718 22948 
30774 83480 
24025 42836 
32943 43221 
88007 48382 
284 25970 
51388 34510 
11985 38800 
64743 96314 
53020 62422 
93004 48545 
60681 18528 
33292 22157 
42190 77854 
95860 29863 
583 8737 
35752 21655 
1460 34051 
19798 83351 
36730 85605 
88621 66523 
93149 19351 
26593 76504 
13220 82252 
83986 86698 
43939 2199 
5075 92031 
4927 6037 
3517 62143 
71598 57617 
92063 5809 
61367 47716 
17527 12052 
31244 60704 
73863 90574 
43741 89092 
66358 94368 
34666 66338 
78110 70740 
21152 40794 
46366 53507 
21203 19198 
90714 78738 
17037 66830 
47768 79163 
83720 63262 
57670 88271 
21807 77561 
16611 64099 
78175 44906 
56511 24861 
12722 97717 
38142 73808 
70303 28763 
47152 79095 
47018 41124 
63830 65936 
97933 70463 
36911 72949 
19289 48753 
29315 22358 
52454 15413 
19452 54587 
99159 71760 
35545 81795 
7935 17744 
72433 22023 
90245 6126 
90370 85871 
51433 98570 
23611 1035 
76423 10573 
32857 76484 
92985 87709 
20183 27732 
46438 64368 
87589 7402 
58821 17983 
61112 11141 
12836 46667 
21218 57962 
96287 66270 
77223 76236 
66268 44042 
98539 61761 
44022 60413 
68816 12776 
31164 17828 
60340 88239 
45886 96164 
35578 80349 
13791 87929 
70308 40037 
12154 33267 
58543 45018 
58719 14730 
3246 54026 
56508 64851 
18884 47953 
54711 85744 
71873 18890 
62323 79253 
63286 31441 
56040 38651 
14463 47164 
56778 58421 
50678 72670 
10268 77356 
90610 64606 
96297 82042 
40078 672 
8480 62709 
57352 4807 
91840 31518 
4329 96811 
99012 84534 
22952 21916 
27564 12955 
79484 4222 
30672 46606 
582 59381 
51359 43283 
84605 96578 
16471 21204 
9178 37589 
40786 68661 
71748 81576 
33894 54900 
93743 48301 
72922 9308 
90888 39543 
2704 32215 
62346 68776 
51640 49889 
79570 22545 
6318 28779 
62101 33458 
70823 19611 
12023 64384 
47750 10638 
41372 26138 
17049 31158 
67531 76891 
56155 61360 
70491 80469 
40240 72618 
2810 32889 
84970 43559 
18238 1722 
45808 71524 
38156 61219 
67689 26500 
6354 47692 
86805 75172 
92140 4232 
22269 36406 
89355 31615 
59594 16338 
24611 13123 
20197 11125 
31911 35015 
31562 58547 
72766 81504 
61220 65782 
81054 43357 
54375 40026 
90058 42609 
19768 1070 
55482 42396 
41317 60487 
22717 80516 
54072 10812 
99225 38122 
12200 79879 
83628 30780 
94005 70438 
71940 88180 
34381 23250 
8355 70869 
48650 13016 
73094 57666 
13390 10859 
3054 25786 
99623 24478 
22312 37181 
11695 57679 
19067 39283 
71150 14685 
43142 86039 
99109 11428 
13933 86038 
92934 45968 
22516 88522 
63358 23279 
83606 25201 
96813 25783 
43161 36060 
34335 70379 
75634 20693 
13226 95128 
11238 73247 
537 74318 
18063 78649 
58507 69356 
26457 70562 
21217 84699 
23843 77397 
29026 13033 
66956 11700 
62765 21936 
55486 90366 
43182 55466 
86187 8401 
12820 98433 
59754 27302 
97267 78558 
44096 80662 
50644 62274 
7138 44203 
26228 33629 
19842 65230 
77267 32572 
95894 97342 
85326 68824 
78337 40263 
33920 20617 
5397 41783 
93718 73781 
87865 79043 
62268 55956 
8593 99777 
5973 73168 
11047 70651 
84964 61557 
78292 49425 
2543 25752 
16416 70471 
10038 47189 
47094 9004 
15196 10627 
82872 68433 
87634 15163 
5687 17341 
28437 7254 
94274 87866 
72612 97572 
49304 35631 
22923 937 
46452 52879 
71533 69173 
7095 21090 
51895 70393 
13879 87128 
77540 5051 
14180 47820 
66635 39046 
48291 31890 
21652 77203 
11148 75304 
31976 96687 
6514 96312 
93984 9184 
80768 89890 
97865 23147 
29756 77738 
13412 32965 
56689 69678 
18006 70609 
21635 14998 
49199 17118 
63869 48192 
31594 86223 
97221 62559 
23090 60506 
75524 77224 
49159 81637 
330 98419 
45406 70583 
96352 14247 
8531 81109 
11360 3630 
63636 70463 
6795 84790 
91942 4824 
92927 76367 
27057 3905 
28111 95149 
20290 69067 
45562 68393 
95884 32329 
93013 95850 
65562 9884 
70741 56854 
48485 43033 
31656 21231 
47454 61882 
63507 89256 
65149 12735 
7715 55551 
5184 48794 
81959 64545 
91955 95580 
64347 1005 
60528 67469 
65866 38158 
13223 29758 
64773 48038 
13084 71907 
1671 63953 
86097 81880 
37272 73358 
33787 88997 
56156 10896 
15748 73229 
59336 16027 
47688 22586 
26032 17402 
74731 57062 
40760 7021 
22011 27530 
75720 71221 
94995 41066 
90421 52663 
507 60353 
60578 27754 
86086 74140 
76537 97298 
50114 38180 
57863 4697 
58023 41623 
15135 15628 
10955 62549 
52668 15901 
52407 38118 
46528 10065 
65661 89781 
51118 32331 
10231 12051 
84544 13526 
69067 54515 
18081 83029 
29952 1106 
48287 23032 
4274 78074 
61659 33959 
94302 2675 
11182 14524 
56099 18285 
11740 7635 
69383 48462 
27082 14271 
17934 42408 
64849 31409 
4539 77389 
18197 27267 
73022 29799 
92590 27325 
86543 25938 
34609 48011 
16169 35962 
35932 81419 
26588 80066 
20142 4052 
6909 74624 
32603 55362 
83627 57850 
44355 7698 
70135 99473 
49866 28329 
52553 16981 
85408 16274 
85211 92200 
19935 81994 
70745 6262 
73596 26320 
29586 88489 
298 66534 
21503 5252 
30285 52129 
67920 98593 
6219 10538 
37868 21182 
62039 63996 
2736 4134 
87674 62705 
35368 37299 
94685 86593 
27628 37773 
47996 78232 
27176 31774 
57102 82836 
49012 77387 
26491 87771 
228 11310 
49483 73657 
67474 11395 
92290 11855 
55785 28594 
55838 69059 
34694 56875 
21700 8676 
42987 77735 
85517 10838 
26984 37108 
56327 68111 
38875 86828 
53496 52386 
1450 50193 
64233 89889 
53445 51784 
34216 25941 
25794 85374 
51385 8777 
63201 80560 
48723 72688 
97762 68721 
95681 54692 
1757 41949 
69878 36102 
95275 44800 
793 60618 
60996 38042 
55412 43911 
23236 25977 
92115 56223 
81281 44535 
43580 29089 
48042 65994 
2068 10069 
34270 87990 
71183 65254 
35812 39466 
17036 8296 
26817 54215 
98734 16867 
35350 33924 
83192 82683 
79494 46890 
52510 29625 
71855 86061 
93480 25973 
58244 40589 
18284 11433 
42391 18807 
3029 57340 
62676 97324 
46483 79353 
29146 60890 
45249 25914 
99533 40771 
53542 72913 
71473 55504 
45886 65225 
94826 7303 
29221 59173 
62756 89743 
57296 36485 
23168 17981 
84661 79930 
63091 1431 
60210 23573 
57817 40631 
914 16470 
43816 44990 
5243 67635 
69942 36163 
62757 72230 
4894 22991 
91430 54177 
30631 8265 
87511 98794 
31173 15021 
4040 90539 
94154 608 
83665 15579 
78533 60516 
58938 36661 
65999 10709 
99049 98637 
5939 77195 
25766 77002 
84194 14598 
43336 38926 
94411 21730 
27205 46525 
67431 21411 
94624 95479 
18934 24311 
36573 48634 
8513 2071 
24880 93827 
64316 53722 
21049 27945 
16631 61182 
3997 45095 
1013 94590 
2764 85790 
36993 46287 
67242 86140 
61943 43438 
35037 51346 
1316 13626 
55846 66133 
86287 55175 
16021 46271 
87702 94527 
65523 29980 
21315 96688 
87023 5744 
93410 31592 
62656 73953 
98234 89144 
87763 43797 
49039 78794 
52944 73948 
23087 45671 
65837 75840 
27640 84638 
12252 11735 
48706 36042 
62654 36241 
27272 2536 
14446 49614 
18746 35009 
23107 53895 
30516 97507 
15969 28848 
99813 35927 
1246 73629 
69467 43384 
81929 92277 
42694 36304 
59223 36363 
49708 29625 
63463 56494 
38715 26929 
81764 55908 
11804 21905 
61141 83984 
62233 41205 
53446 55287 
33805 45609 
34172 30605 
15290 46333 
71033 50479 
3290 86371 
40196 68815 
15430 82995 
88150 94468 
12471 26800 
15400 12017 
92702 85165 
14544 19494 
54855 63541 
29744 90436 
86875 36692 
17213 40393 
26995 73797 
77057 53899 
60854 46306 
95660 6920 
63843 25465 
84769 1918 
71340 47665 
28541 17935 
61217 50021 
53035 66461 
62736 56112 
13967 35367 
63896 22296 
58039 97816 
75311 38762 
50738 60811 
22864 16284 
79219 28913 
83657 79560 
32758 62685 
50220 31121 
35193 18522 
6424 45965 
53914 66810 
25259 6380 
38149 98700 
53379 88893 
45666 48323 
30253 70813 
1463 76879 
787 32548 
94634 87792 
19436 93691 
60312 67998 
11130 35802 
12430 79454 
49716 32885 
90045 57056 
38192 31755 
55011 4438 
26631 98805 
32083 17479 
83511 77107 
13811 6872 
44054 78376 
62106 35701 
95221 67999 
25931 35781 
21176 88152 
60302 17336 
25301 3957 
75634 40641 
65273 50740 
68432 75346 
86239 6570 
84428 33495 
13776 13655 
43493 25580 
73139 24556 
11989 55525 
34163 54757 
42719 40089 
42275 81857 
15198 10950 
85180 43402 
99723 33598 
62110 50387 
37557 56173 
67915 51459 
76501 83531 
77805 54096 
26245 57033 
20240 33322 
1103 8978 
55215 35969 
99084 52076 
33126 19066 
25718 58990 
95413 44622 
8679 84734 
92365 89885 
64930 85602 
35729 22116 
75996 92283 
74195 29948 
98934 1969 
78348 99643 
90649 64502 
48360 73821 
51463 51001 
12456 32721 
153 9891 
67111 93593 
77184 34901 
20973 32530 
35417 92362 
43662 94843 
18351 80979 
87871 75051 
44741 26290 
48631 15596 
15464 44150 
47104 94618 
33572 42798 
77960 47397 
81694 71495 
39155 93557 
32308 65188 
70849 22661 
75869 79282 
66234 24526 
39386 56400 
81210 37419 
33745 17827 
62115 27206 
11944 26385 
31154 3621 
42366 24604 
17658 25994 
1311 12287 
38 50115 
67253 90979 
28003 20318 
55592 69327 
27578 16471 
67203 92963 
52478 24233 
36616 35279 
34540 8752 
56451 61375 
3217 36927 
23510 56418 
89542 11418 
98970 91814 
3508 50788 
164 87849 
75461 74463 
44677 19806 
81900 28657 
48862 6095 
33980 19950 
42292 11554 
93061 6926 
97328 96833 
91776 37075 
88644 45644 
81425 6109 
91465 5680 
96868 59910 
99164 86122 
28633 55529 
91053 64908 
18653 46945 
9344 72326 
50775 63767 
10662 33985 
90127 6600 
41928 75859 
36475 91508 
53055 16835 
95817 37815 
99593 101 
41804 8422 
7343 43692 
33937 79889 
67892 22643 
83056 40733 
9158 30468 
6289 90683 
38223 6043 
93401 41103 
85107 53490 
14419 97344 
85587 27282 
34418 37477 
28778 2530 
65535 88687 
60907 1327 
78540 42534 
80561 99988 
16729 43370 
82665 99174 
3417 30376 
8543 99150 
10986 13010 
37629 85777 
64214 12101 
12761 99382 
83526 4374 
25438 28238 
34860 66904 
53 41172 
41965 29794 
6795 49672 
34268 10334 
1797 68899 
48841 19936 
40059 29103 
78532 6365 
31785 74224 
59994 18073 
15979 72823 
25123 54906 
6513 57997 
97332 0 
25343 7566 
108 11401 
75136 73558 
59495 88724 
19317 70916 
24382 20151 
31372 39340 
98928 58084 
47224 99320 
79963 68012 
4604 33649 
18885 44428 
81540 39114 
82335 90091 
52459 9526 
68872 10496 
64864 30936 
49871 84097 
2117 92566 
42056 30649 
38640 42932 
86351 14982 
12627 49596 
3143 91577 
38385 53127 
17587 16507 
55492 41103 
250 27635 
65190 6375 
48164 21380 
35781 95294 
39278 34948 
68264 96259 
29331 76611 
1046 66683 
24319 33420 
98290 47341 
54040 25711 
10303 67104 
92581 70786 
16346 98148 
20156 64387 
60340 82020 
97384 87860 
68168 10291 
27851 1371 
91623 10046 
17718 89102 
58515 54101 
2206 81020 
21064 88550 
97880 87667 
85408 46179 
57021 49332 
73919 93241 
45717 19045 
18995 39241 
40868 70016 
12069 24627 
42985 42471 
34828 89660 
31380 22262 
80972 19237 
46337 74213 
36297 53088 
68816 36838 
22529 48489 
82455 21894 
25999 83550 
44895 52172 
26149 93108 
65851 13990 
10806 36405 
87935 97049 
15257 5978 
92836 43635 
50395 559 
10296 31566 
91536 1311 
90199 70888 
84005 10319 
9151 2982 
84148 33041 
22073 52580 
95194 12290 
36601 98115 
76206 50315 
83547 93913 
99346 87693 
80143 98912 
5771 42986 
34505 40918 
63715 55500 
19517 72842 
63627 14990 
52228 57940 
94752 6778 
50940 54753 
35102 48504 
6261 59276 
52496 45629 
94741 1824 
58216 46767 
84076 89109 
76775 37120 
27424 28269 
95392 68464 
21031 68877 
35013 87592 
4153 51412 
41031 91558 
13152 56232 
26374 7739 
62709 5799 
12181 69464 
16243 84700 
2039 33845 
24891 6962 
94600 67448 
59856 78220 
86354 7573 
36420 71498 
41448 92156 
29618 59666 
8645 39701 
11326 25086 
46896 52146 
96440 97523 
80432 8182 
71857 55095 
41906 12331 
96126 59837 
77839 65931 
99919 89416 
84450 30207 
87895 69587 
13947 58725 
41052 8164 
41437 86773 
45325 80626 
10852 78611 
26978 19884 
84606 50017 
58246 18322 
6216 3198 
7716 58913 
47663 33876 
49094 54034 
54052 96251 
9298 85520 
16913 40543 
32229 7594 
4522 69941 
58081 95489 
52664 99029 
69757 96888 
72514 34180 
37695 70760 
63662 37852 
2353 78726 
29751 83403 
69622 27794 
81830 54765 
58598 50104 
80220 96201 
33430 45277 
9563 71391 
71367 4018 
3662 48188 
67681 77826 
36862 85675 
54761 58967 
76904 63507 
17521 87322 
50559 60035 
20107 6279 
7801 55346 
19975 48523 
82905 8093 
34550 44416 
41535 30869 
42954 10583 
71785 67903 
50734 94378 
24061 60949 
19000 21133 
29827 74536 
61110 15361 
32443 40086 
39773 44557 
44666 69936 
55367 64810 
6869 86919 
2314 31098 
57637 12922 
84510 71997 
44085 60698 
23070 18446 
93153 77240 
60105 19277 
37032 94130 
60729 72445 
36043 50544 
42201 50150 
70451 67971 
13859 98553 
79105 72200 
94439 48285 
7205 77769 
84376 80705 
88152 72814 
9881 56629 
25111 68141 
22848 29213 
56807 3353 
36054 30756 
89014 34970 
96670 44342 
48312 66773 
52741 45593 
67903 20930 
47094 27221 
46630 90030 
81023 99655 
31808 54707 
26165 94693 
64087 99365 
27101 85944 
88260 9324 
29551 79790 
77833 86766 
89392 23638 
43067 79955 
66297 24432 
92384 80477 
82443 69723 
95183 6614 
31514 96018 
50505 57470 
56152 54704 
431 92118 
73020 84542 
39712 60745 
13830 11528 
63843 90708 
67946 61867 
66644 9367 
57608 91876 
45385 67722 
50329 9811 
96585 14124 
14715 88948 
88838 55707 
55699 48670 
80384 36696 
23132 10891 
8582 57371 
73680 22837 
16064 55227 
80146 74011 
94080 70745 
24625 25138 
17356 24188 
82312 9904 
16796 36973 
1292 66547 
86445 41428 
10352 5648 
49330 36095 
41581 22896 
13190 60295 
37487 21208 
31533 81230 
23350 15242 
48076 9727 
64733 53171 
43365 86542 
97318 5525 
21166 10193 
11675 38978 
69264 9388 
99086 14146 
4329 98388 
16227 20771 
63793 92021 
6267 91126 
38993 98552 
21896 13017 
53319 53263 
31767 97474 
76702 3336 
56076 43027 
33509 5519 
69212 78399 
4737 52063 
27872 58530 
47397 97527 
31553 35024 
54065 19322 
98982 21433 
53784 8246 
48853 26231 
11888 51740 
6138 31905 
20744 42255 
16268 57272 
86049 15857 
38649 51939 
4003 2069 
8264 36807 
93568 44980 
99523 22514 
94948 37748 
42 8987 
70571 97903 
3721 93513 
48039 99211 
62237 92236 
25877 67396 
92034 10529 
22388 41614 
19857 81370 
85505 1340 
64107 27706 
97267 59219 
91521 94689 
381 24410 
59130 40751 
46319 48114 
49977 72694 
14488 73191 
37700 59252 
80225 23194 
69943 60053 
15744 82615 
43383 62461 
92603 39783 
54268 27473 
16869 86617 
47481 7663 
68905 95290 
54434 15105 
38495 20896 
5528 85279 
43068 11302 
26419 4137 
91803 40672 
79020 39853 
11695 21475 
87931 48197 
82939 91329 
910 1043 
40524 15651 
68035 21228 
86478 94835 
88364 93776 
22957 15559 
65178 63457 
60208 39833 
31316 21701 
75408 82515 
54640 32110 
98486 88291 
10316 43074 
79243 82491 
11416 88509 
46451 36596 
22203 83226 
4072 58963 
39556 78194 
22337 93995 
17106 52746 
72158 88914 
23962 85707 
20171 66261 
75306 65532 
48715 22391 
45682 70682 
90110 57487 
77450 75830 
67856 30997 
26683 16882 
18691 27883 
46655 78423 
28953 15729 
95159 50820 
56248 70484 
66004 41101 
23186 49520 
87352 11608 
63774 94647 
99960 63545 
75030 54914 
26927 78673 
76488 29230 
73203 81786 
8468 42232 
47906 88982 
6370 83353 
85408 62357 
72669 58634 
52173 413 
30938 27614 
65494 55294 
86920 23475 
17583 82919 
40519 83669 
93834 121 
89564 50326 
97666 44121 
41294 35054 
45963 3960 
716 81070 
78961 20968 
36377 97146 
36292 35905 
33516 82452 
86988 94111 
32190 9150 
65343 6806 
13693 80473 
56877 6632 
42401 36003 
99017 28597 
92201 33032 
9657 93759 
86700 93094 
33422 72317 
60691 66188 
245 55218 
6659 31671 
23767 68948 
4590 24449 
28127 26859 
45969 47853 
80838 22236 
53543 10461 
26760 33192 
67289 3110 
63574 27612 
14001 14513 
72700 27486 
2998 69118 
21263 16367 
93695 59222 
80492 51053 
62099 34885 
63864 69219 
52793 9799 
74308 68379 
40554 39012 
63980 68404 
41473 25304 
52377 59724 
7301 15015 
18988 82453 
8706 51240 
85201 77840 
63234 62569 
26852 2765 
91991 78926 
13589 455 
95395 82580 
54127 76149 
22833 21995 
37513 35144 
73663 38977 
99675 2449 
7698 85439 
11810 58248 
62185 35099 
82600 91407 
69242 27577 
89734 94470 
42833 17590 
7931 97905 
57562 40338 
80391 68791 
72940 45671 
88554 79717 
66231 98252 
11055 87347 
24586 88698 
26923 46921 
12903 51541 
10394 28911 
77697 39881 
85051 97107 
69227 63696 
53615 53611 
64231 59069 
96308 55522 
49859 18934 
35540 60540 
85700 82476 
97540 64296 
95324 49925 
62639 50881 
51311 62256 
85014 89886 
8497 61179 
80032 78202 
8983 23802 
22724 42877 
29467 48486 
74461 92552 
66502 53668 
56551 29284 
58560 39791 
19280 10009 
25093 56006 
12815 77500 
62268 7915 
52438 64303 
72657 40404 
84714 10019 
21864 30479 
3511 22179 
8953 29012 
35183 54083 
9469 97461 
10762 69115 
99988 95860 
69674 10396 
1323 91748 
94273 97061 
83867 76248 
57389 24033 
63043 93079 
76151 50814 
75395 9095 
4461 26700 
66622 80780 
63824 14689 
41664 154 
7618 44480 
23937 35676 
37443 46122 
45926 18965 
41835 90193 
46535 66563 
7417 87836 
81982 67448 
60492 84536 
66456 11642 
33072 15227 
46385 83023 
11553 75120 
77871 90301 
18477 595 
20696 64153 
98283 47558 
84283 5630 
26436 869 
61079 31184 
38021 47740 
61073 23077 
76661 471 
17484 60401 
97513 59436 
68147 75608 
19158 65941 
29702 54156 
8341 6368 
72450 70793 
98815 93991 
72534 34994 
90941 72892 
65124 180 
52238 59603 
47365 76635 
40745 62429 
83054 76369 
2821 95827 
42390 9732 
54947 37793 
69588 48166 
45093 61915 
8763 65270 
3422 12536 
34192 69207 
34332 81433 
24943 43512 
72302 87486 
95792 20452 
22487 56987 
46484 21387 
33734 51576 
19588 11924 
6399 93208 
63559 36184 
20330 91144 
82095 14104 
79357 84639 
13459 8485 
7826 76815 
24175 94349 
1990 50157 
20350 92179 
34464 22126 
76833 58748 
33522 20580 
59549 64495 
10622 33019 
69536 24785 
89396 11087 
68581 93901 
97186 92357 
55824 75217 
16289 35106 
52281 48801 
56213 48590 
15979 68541 
533 41302 
54223 34884 
2361 2723 
21515 6459 
50950 80306 
91713 74037 
8639 12717 
71259 83719 
22130 32826 
76645 62714 
44964 59476 
33777 70718 
69158 55788 
69452 72635 
53059 43542 
55935 4281 
49808 28133 
38447 81720 
86195 6663 
22329 86974 
15215 2925 
21800 48150 
67308 97346 
75374 20372 
55053 97399 
14428 65426 
43983 24565 
30811 22650 
88225 77605 
27053 61348 
43851 68742 
48387 5907 
15077 19265 
89705 28772 
58885 44153 
42494 13590 
72163 51509 
96930 1059 
12128 31896 
42512 43434 
55568 15117 
16965 10098 
85370 27561 
37634 6292 
3812 91899 
12153 89792 
11278 72750 
65937 96251 
56336 86883 
42859 12898 
58502 64572 
32461 72421 
28608 69916 
52154 74121 
63273 62271 
66063 77797 
69842 8346 
53536 57334 
86004 35120 
49815 45573 
94365 47408 
68939 49835 
96421 20713 
84705 68305 
2629 19968 
89323 91518 
15718 87813 
71417 30313 
32898 92257 
55078 71852 
69279 22887 
19938 28717 
9627 77235 
78538 12563 
28457 84463 
21784 33479 
79528 72236 
55845 98902 
44944 94462 
44581 61875 
51367 2516 
40448 47395 
6241 60637 
33787 67748 
80485 77372 
75493 22969 
65739 49265 
31320 70968 
64071 90436 
7369 43331 
25933 52225 
45840 77467 
38199 20828 
27677 33507 
78288 17611 
34477 65247 
92643 16765 
15898 18424 
28258 38017 
80742 36756 
44485 68303 
80006 66418 
58989 15635 
78415 63010 
36541 826 
17302 21577 
12214 48303 
56151 69870 
51607 45942 
42747 87792 
89862 5653 
2585 41845 
58549 71413 
57029 52415 
4878 89485 
76700 43829 
31250 76767 
51664 62417 
34805 97528 
13212 86146 
6433 86230 
73371 90928 
56597 34703 
57758 83313 
71369 95621 
94998 57056 
66229 41058 
91627 81890 
97491 54843 
65267 86879 
11573 30482 
30828 57826 
60933 92627 
34590 28485 
92091 59376 
9232 8681 
15993 15146 
79242 58976 
3838 69388 
80583 91119 
12562 35165 
71138 46298 
33308 73371 
99112 79060 
73509 13346 
65489 53811 
28618 78705 
63550 42886 
73052 18364 
3605 479 
1572 67113 
34284 75082 
82131 37464 
53096 14567 
39092 75124 
58429 12720 
71789 94107 
32761 43743 
27553 44310 
62587 32153 
90587 54344 
94403 9481 
18533 35452 
98051 16337 
57060 28554 
58863 18632 
89485 25766 
48217 20141 
33238 191 
28510 70087 
77854 33331 
32985 84067 
70244 38182 
23483 19388 
92155 37864 
69894 71745 
41976 74611 
13922 89211 
28526 91976 
76775 31607 
7908 54336 
45473 38584 
46270 42058 
25677 8133 
71004 88174 
80331 28744 
80903 2929 
82830 53043 
21778 66301 
1069 48526 
98226 55388 
94420 11849 
84509 13495 
49546 87167 
17930 60825 
2937 86135 
6615 92885 
98136 67418 
60260 12003 
3859 96976 
57230 89821 
75557 76856 
94242 64182 
77437 99869 
25968 32523 
94559 60290 
90996 15705 
55354 26578 
37911 31145 
53742 61140 
10652 32195 
7020 54277 
25830 41889 
10767 24697 
76378 33505 
55260 27392 
25649 87825 
49218 1135 
14037 87554 
56177 82516 
86179 93031 
86401 11182 
61000 80198 
2942 51803 
9127 11728 
94323 62334 
72607 55275 
38283 45222 
60404 59017 
31126 28500 
79820 43954 
85435 37068 
18742 74884 
5251 30972 
76564 27548 
32323 7117 
52635 78099 
19577 83613 
40271 2915 
28737 11816 
41626 91656 
67821 90148 
14161 44596 
81263 85897 
82951 46393 
80451 6451 
4755 82825 
55749 99812 
49551 94429 
42384 5721 
73143 41558 
22053 23372 
90484 89070 
29734 9434 
23533 5659 
854 70985 
89728 12808 
37875 71965 
17578 11379 
97281 28881 
24416 60069 
98079 31763 
68008 79277 
31133 89720 
88498 6341 
5008 66989 
90086 33719 
98456 44965 
72862 20324 
2311 18475 
14390 78091 
24228 10420 
17913 749 
98603 67933 
89453 19880 
90943 85314 
79645 44500 
11083 84267 
27760 64747 
52837 70330 
75202 77677 
59062 75914 
73635 23747 
70532 94969 
98962 6255 
54668 12077 
96519 2825 
25862 29629 
25140 67958 
62983 753 
38159 68741 
1647 82804 
37945 92011 
28894 36446 
67232 10551 
36182 8785 
55294 98392 
92911 55456 
19906 40795 
87200 76257 
37101 93241 
43218 61628 
29860 5528 
65084 73179 
94166 42046 
76234 10465 
76288 97337 
20083 48342 
38657 27274 
62937 64478 
3382 90480 
93316 14993 
42231 22061 
43220 57679 
89824 42296 
66301 66915 
92784 36616 
95551 32100 
71809 30015 
68801 82359 
65858 18982 
54191 34231 
48090 17120 
29743 16211 
51718 16782 
71252 84263 
20590 68398 
80969 5786 
4120 31601 
45840 56038 
49074 57811 
48599 40648 
1771 22647 
67567 30581 
23408 38347 
91753 71836 
38510 41315 
46688 11117 
81916 67973 
73416 60892 
83229 3315 
28130 12461 
29359 10839 
73204 94081 
75527 29997 
11682 62662 
33036 57878 
76789 12193 
48144 15500 
25604 79813 
537 35932 
1765 31317 
92165 1393 
25933 11888 
67658 99551 
44701 54980 
6019 65422 
18737 52529 
49995 24606 
59172 3042 
94294 56020 
27596 70643 
36725 47859 
99499 7730 
7375 29219 
53565 16725 
30106 21618 
90003 52210 
37924 69592 
99890 93782 
59195 77633 
4507 52091 
15217 1883 
58746 5753 
21308 19369 
65866 5237 
63362 24954 
82254 21315 
29739 86787 
291 60288 
14389 24695 
85047 15971 
71246 62793 
6227 79283 
92265 47534 
50655 80304 
1826 15470 
22554 94772 
8813 41192 
38963 7286 
34298 95259 
5877 86798 
37578 94315 
17024 96545 
96195 31216 
51673 30159 
56632 31639 
60475 38461 
61499 95484 
19045 87326 
76362 46312 
97839 66003 
84722 30128 
43882 47412 
93227 76022 
94959 87182 
90849 55470 
50145 36585 
35519 54576 
1851 36017 
99673 4064 
94092 50308 
92139 95555 
9224 4900 
88013 49451 
1168 82807 
40399 89708 
86944 46266 
18356 23842 
80352 54153 
13874 22702 
1698 56431 
87417 43856 
25713 60343 
76306 44889 
36138 79513 
73154 88466 
39948 96779 
92598 49715 
56752 94322 
83728 98289 
39660 30536 
12887 42424 
2740 72097 
36954 90359 
27150 21797 
10731 5688 
93163 17992 
23727 7526 
38482 19861 
41418 93808 
74621 34204 
33966 46619 
2592 84112 
11417 12127 
56726 67623 
48573 34522 
71198 5325 
74978 63298 
7649 29901 
25931 46287 
4294 27719 
98904 67035 
6990 2833 
36458 84443 
20966 97138 
61512 85010 
78250 66931 
23723 63629 
50330 85747 
76793 7512 
48155 16100 
95653 69702 
42321 68646 
59786 83527 
5120 46277 
74336 87442 
23131 52779 
74195 872 
54093 30963 
57940 16022 
5044 83535 
28237 48021 
90068 21493 
73267 16361 
85431 79436 
9772 14274 
37517 34982 
22444 59507 
94685 70293 
76701 9895 
28009 17795 
52288 70198 
77850 39226 
43666 12872 
13292 97466 
99842 84730 
19713 93943 
31051 73935 
36090 60928 
92607 67284 
48126 17656 
67323 36474 
5885 21968 
6981 53839 
75319 75041 
60704 52987 
51959 65785 
13423 17832 
61978 73614 
81206 4725 
50949 83541 
61865 76678 
13847 5937 
19038 56139 
51180 34803 
85866 83319 
45616 23015 
10400 801 
41060 763 
29052 71921 
71876 14305 
46686 80422 
33778 16120 
22334 51874 
9888 94709 
8102 83614 
65586 92530 
65431 69224 
3942 23939 
87725 56033 
29933 71497 
91216 79691 
6073 8663 
97010 78547 
94699 69610 
16390 2394 
72891 62806 
68761 95066 
74815 4006 
7009 48452 
63303 26400 
98596 96684 
57525 10961 
12378 43568 
46881 68379 
90896 93758 
2552 95486 
45823 88769 
57644 23707 
277 32578 
64442 74826 
15859 28415 
53027 40223 
84589 38260 
9346 3760 
36277 19640 
62797 35610 
10462 90515 
23509 94577 
68650 22349 
37678 89854 
77410 63913 
35726 69627 
75788 53921 
32458 23613 
51512 89308 
1043 9340 
89654 77757 
83340 37859 
24684 18044 
17945 83602 
22247 19811 
64303 15204 
40565 95596 
76333 79374 
72986 32246 
32239 8287 
53019 76279 
58512 62446 
11089 48357 
95627 65623 
8276 35669 
40497 36224 
36484 97902 
66523 70299 
66736 62373 
65870 85436 
47749 76975 
80613 91902 
5430 35798 
89476 17635 
70614 91571 
95109 77089 
67179 21546 
13211 40421 
25519 18979 
99250 29163 
47451 41087 
61171 37232 
37768 56144 
97165 52069 
34925 97347 
66434 29634 
18778 49136 
47884 59187 
46807 62843 
66725 38968 
71944 22871 
72235 72318 
24875 62027 
31246 85269 
1632 55227 
61417 61250 
83299 4453 
65933 86333 
28827 64682 
47005 99299 
24241 50429 
69393 44827 
41931 5633 
17142 35216 
62242 15784 
36808 36335 
36254 90525 
88710 6841 
23427 47392 
34047 36228 
20683 82929 
70217 46907 
10537 26096 
89277 48244 
95072 30721 
75182 56382 
49794 78671 
74318 22684 
26854 33493 
70785 45730 
60637 5469 
73021 77095 
80387 63337 
71535 69490 
14317 55379 
58922 57345 
77566 83144 
12734 4572 
72396 4753 
29456 1971 
93200 31567 
63495 47634 
21137 21933 
68976 97701 
13678 68774 
64089 31963 
42820 24020 
37856 39034 
12439 2139 
97369 89229 
89997 57525 
9942 29761 
20760 36016 
29058 6504 
53694 59546 
5610 89339 
97379 14728 
76652 53951 
41577 81107 
92709 51985 
25463 52915 
91707 83556 
7112 79302 
52632 71400 
90452 72388 
65281 24307 
95710 9886 
33815 68995 
17270 89618 
91285 24200 
98894 76955 
39896 88529 
70446 23006 
47524 14476 
32496 21342 
24814 45038 
45642 14083 
79179 96462 
79891 54397 
92124 80940 
6104 81761 
94509 76421 
66304 68758 
20772 67228 
42563 53798 
7523 98800 
55182 82783 
64611 12615 
60096 44603 
87402 53254 
82664 265 
97920 68543 
20457 73522 
99433 55860 
71161 92079 
4188 42937 
93402 42753 
47212 29879 
88051 31403 
30435 60593 
95516 19032 
50895 36497 
40521 39139 
54329 33094 
20070 88211 
21250 30893 
22558 21201 
36369 26151 
86403 76898 
14286 44062 
55116 4283 
54396 37241 
62372 60279 
76220 15756 
85461 1767 
42709 21454 
38355 265 
13541 28951 
36726 66403 
83026 28428 
56351 83112 
47955 21225 
23675 11399 
19592 38263 
22672 50650 
40955 73427 
75706 6577 
95660 9304 
57753 44265 
97793 1055 
33099 81208 
33648 75695 
61596 5764 
85628 98698 
7528 90201 
6208 57573 
98355 4278 
25589 12965 
22853 25256 
70491 71817 
28588 83336 
43553 44269 
77209 77639 
62862 56222 
42684 47252 
89374 2869 
92403 84215 
76345 45005 
73985 30964 
59345 69556 
41639 13381 
68042 58517 
95120 22466 
81653 36373 
71583 72535 
68816 95072 
26056 31978 
49600 27765 
59789 43728 
92485 37761 
7398 26988 
12340 27540 
73498 79133 
66802 14161 
17443 77315 
57914 62040 
20819 12980 
33482 71817 
36497 79317 
48339 14914 
10328 71591 
89544 57396 
86997 53414 
91522 73870 
60070 88154 
67240 12399 
2916 34031 
59759 34818 
22013 53882 
74817 23315 
7003 96129 
89592 13771 
12946 62200 
45402 89129 
99347 87454 
22779 41914 
67838 27593 
66260 94048 
85794 60645 
73156 44224 
56696 85753 
85694 98357 
99733 24341 
29143 27025 
30900 6683 
19855 85280 
95757 57430 
26674 24885 
90075 77380 
6722 26749 
18724 55577 
52303 82227 
85470 35745 
79532 55964 
76731 4180 
61255 70060 
902 62361 
56903 59637 
71513 96885 
20200 63209 
77247 61782 
71932 27812 
64792 43800 
9498 28444 
71511 89969 
87539 24143 
84074 38563 
44687 98891 
66498 9511 
70294 64542 
96434 78385 
1991 35122 
72081 79282 
20034 17057 
3780 56225 
57591 98311 
84095 10167 
77495 60898 
38134 69227 
75445 85845 
91873 43497 
57251 67487 
60422 12564 
3415 4785 
50435 33837 
78222 91428 
91314 52832 
62461 83565 
58345 42767 
89003 84281 
27608 126 
38682 47320 
7257 75297 
10294 69039 
22689 22953 
12951 7234 
94161 15551 
41693 38198 
34564 75104 
87924 39299 
12346 43373 
5114 63302 
70008 28644 
97187 52873 
62096 38481 
22094 28863 
78314 32146 
6299 74434 
47131 3818 
47269 28539 
73184 38321 
40502 96909 
47821 64744 
5261 86472 
86260 70176 
98865 69982 
87167 25697 
3268 91661 
80819 19846 
39623 31766 
30590 90979 
16597 58274 
79148 99236 
46480 7224 
85519 81294 
69424 49784 
82111 86623 
10645 23737 
91812 2690 
58043 29815 
84425 38340 
88354 19213 
19020 49535 
88865 27603 
14160 59709 
18657 43110 
11508 48176 
28430 30943 
49986 54340 
11232 75788 
47441 72921 
87707 44533 
94663 95947 
38988 16562 
2673 90975 
87947 76586 
8317 91820 
95225 15853 
35529 17985 
80342 41617 
29994 32101 
117 51827 
33515 90824 
16772 92289 
41020 43989 
66280 76918 
87955 89256 
93890 18200 
48682 95026 
58204 84614 
87590 63132 
17828 74523 
93736 14604 
5287 71911 
47138 46743 
61773 28365 
10274 27833 
53273 97807 
11832 66979 
13690 35755 
91451 20901 
63828 63253 
3969 76936 
36446 87140 
39593 82085 
97035 62919 
2462 71612 
87622 84285 
4205 87540 
36573 84200 
71424 67320 
71251 36466 
36386 26005 
42343 53818 
78801 51478 
18768 88848 
13177 81576 
40306 57446 
71061 34403 
21430 20934 
10354 18690 
84299 82712 
94964 59755 
61471 77983 
27172 38433 
49600 60999 
82418 55267 
14263 23284 
91590 357 
42994 8412 
39450 30410 
18739 24169 
99490 28900 
39128 91318 
5293 52625 
38356 9674 
66390 48590 
77891 66843 
72619 58767 
59852 62719 
95193 17144 
82617 73714 
84920 83401 
2069 34711 
88464 50615 
83849 73840 
52063 10590 
32108 95452 
58761 59734 
58444 70023 
50030 80820 
11078 56249 
15537 41575 
18786 50191 
95862 9689 
16708 29117 
32130 95686 
11864 33537 
13812 20 
15084 9954 
21340 58838 
12987 18961 
33740 54029 
78785 98596 
73136 77518 
23895 61207 
87753 17176 
73665 93630 
32986 62311 
10045 25072 
96104 10370 
61573 24860 
24336 93324 
36823 93105 
58378 32136 
91256 11318 
43749 70768 
89451 27152 
90972 37408 
74715 57703 
82227 29865 
86366 9164 
76878 24578 
71286 27153 
51220 64200 
20818 11650 
18802 87442 
26708 53227 
16852 26671 
90470 73163 
11621 13686 
39442 78993 
70863 2175 
99751 79215 
75199 36552 
51502 36111 
91800 71163 
44742 74002 
13571 71327 
86083 1807 
74958 8218 
15350 53345 
91523 93291 
79222 96625 
34595 84787 
74535 14222 
44576 38764 
77789 10838 
6934 70205 
99365 61293 
63382 35900 
1044 72430 
7471 50167 
93659 95802 
18566 96865 
88053 94519 
21096 6769 
6981 37248 
17014 28030 
78205 65125 
28550 29273 
19750 53219 
5629 39840 
97114 67167 
97738 49729 
79247 97775 
63567 62982 
45157 41577 
93395 22601 
96260 83773 
48981 2494 
10927 31436 
83649 92528 
37151 39525 
91263 86469 
56857 70000 
46965 19374 
71106 25179 
44831 90983 
49281 534 
8012 54691 
57328 9209 
45453 47885 
30205 40813 
55956 88754 
81947 30420 
35131 67104 
53048 30213 
23690 12294 
79409 95834 
46568 30094 
29616 22256 
31535 62074 
98106 89873 
63219 36082 
60581 10517 
23903 44454 
95019 95212 
95956 7733 
46732 774 
52461 56078 
69136 50697 
42351 87891 
3249 67299 
84296 45831 
68408 96728 
19607 84033 
24286 56169 
38600 87191 
30019 83482 
87128 42072 
70111 23504 
80400 55147 
38722 42378 
99777 56154 
74087 21510 
24831 26786 
13013 46172 
57806 46084 
91735 70219 
30483 49720 
53918 8070 
44496 59033 
39168 77821 
85335 47481 
16134 95250 
67508 77154 
93151 97481 
13784 56016 
86322 57191 
44969 37754 
50054 33519 
58290 10447 
78284 94186 
2311 97661 
65957 34861 
14153 26209 
79821 16442 
70865 98429 
25188 38634 
20939 43729 
11014 69152 
4242 14018 
9546 51810 
39064 30769 
78702 23933 
53502 87594 
65483 83781 
65061 61587 
36932 62010 
67146 89081 
91496 67763 
64034 17053 
88125 99554 
6918 50122 
93025 33906 
22828 74851 
84749 30550 
95462 58068 
77083 22021 
52420 83923 
16242 87596 
36831 15655 
83915 46794 
93052 42288 
90967 46011 
75874 97997 
77941 53392 
618 22370 
47957 21656 
87500 63545 
45243 26345 
17826 12991 
58210 37854 
11865 640 
69868 39596 
58644 72156 
321 61791 
76461 16317 
86215 60611 
59551 9779 
20187 35807 
71154 98986 
29763 46438 
76108 44481 
9575 53948 
67167 11641 
33413 94605 
28358 3616 
63307 59179 
96028 97230 
41710 36750 
23583 60649 
99826 61656 
29512 2829 
40199 87871 
9918 29041 
54924 3430 
26562 54267 
22200 89091 
39356 56765 
83370 19987 
38247 37834 
40252 6821 
43641 90617 
28235 74013 
86730 70713 
14495 76220 
51578 4437 
42652 61773 
59289 66782 
95261 1838 
1272 10399 
73803 17484 
83405 29427 
2133 53331 
25803 97501 
43868 66101 
73914 28001 
86743 19144 
15871 66406 
87735 99870 
68259 39567 
91569 6051 
87909 54757 
32207 79068 
90848 62582 
2007 97435 
11187 72124 
26492 82308 
12536 34142 
13965 8211 
72424 88719 
58734 56798 
96245 7444 
64267 99277 
81421 47011 
18345 43951 
44736 71096 
96113 39377 
46231 90392 
88915 80732 
91558 16921 
56879 27277 
71382 28028 
81462 2134 
1173 87898 
50502 12145 
57668 80045 
42779 95176 
69294 62865 
91734 75009 
7029 72177 
98653 79809 
39431 59651 
34524 59208 
61020 74023 
16723 17123 
76672 63254 
71785 62711 
26410 62 
98735 70247 
64714 10717 
28826 30187 
66399 17552 
36960 68332 
17156 89336 
97710 7749 
60988 30461 
94554 49003 
19075 29855 
84794 48220 
65014 33576 
94602 79679 
39893 1266 
68729 79845 
17355 55915 
27639 83146 
83553 38877 
91183 76325 
79836 37603 
12388 17772 
67031 62275 
27545 91066 
9341 9333 
69500 87761 
43180 64823 
9888 43530 
91650 68567 
93051 83830 
8936 81347 
99441 70588 
90516 71611 
29565 79706 
64898 65639 
30854 80758 
90498 85704 
99327 34827 
17294 34415 
75504 74218 
37071 70269 
19757 78643 
38353 59387 
96124 16490 
2513 81451 
15602 76905 
26102 14068 
90003 78684 
31105 19104 
25717 5333 
29587 6961 
43037 82185 
42143 60348 
41202 81053 
30559 57779 
41894 10691 
94290 48853 
34658 27195 
97616 98318 
16552 77470 
39769 33971 
65323 71045 
53837 4647 
10479 60745 
21934 78880 
69869 1130 
23904 92231 
727 45092 
94709 81864 
73602 33650 
51748 30652 
15194 31735 
67433 79872 
81855 63615 
4719 59549 
19330 5640 
3614 28504 
36325 1109 
5302 12428 
69546 72290 
27110 77554 
46118 18054 
56392 79981 
55594 2031 
14257 86264 
28282 55868 
51153 69553 
79184 44894 
75451 47416 
17577 69407 
83456 42394 
41108 3759 
54709 14409 
30259 7589 
99939 35350 
34119 78775 
723 50463 
91636 56075 
59678 98617 
63859 20913 
87911 44091 
62169 92417 
92508 6209 
45074 57548 
90996 59972 
21880 29050 
71986 20777 
45401 77958 
41627 19375 
97828 44518 
44038 19420 
73983 91634 
20540 29270 
44426 28340 
77281 12135 
37178 97286 
63800 4267 
11366 89880 
26050 9527 
8630 25442 
86621 50525 
58902 6648 
22144 21449 
85974 42526 
53288 5768 
5285 12381 
36303 93188 
31422 29310 
46693 54556 
16077 50329 
75431 10847 
18518 71625 
16000 62940 
70153 42120 
6589 32566 
32309 26225 
5965 1654 
62120 47598 
23761 27216 
95216 49694 
96409 51982 
25940 16021 
98416 27217 
15845 3292 
5375 13423 
89513 54019 
79888 27106 
83035 71615 
34474 57332 
94994 60691 
36575 84510 
52383 57983 
59945 95632 
44597 5246 
53978 5155 
97521 44422 
97937 58779 
56662 47556 
30608 18555 
23417 29147 
97529 2088 
41754 27041 
37756 76023 
63956 79437 
40016 84587 
33542 70250 
34159 27643 
11067 62778 
47952 89519 
34243 92548 
51565 59843 
47666 44183 
32494 80645 
59386 94283 
92221 211 
81690 62562 
32539 13480 
91664 76841 
4298 21194 
3456 24052 
24188 45619 
78638 28964 
26266 99317 
13652 75177 
4037 15265 
34067 58732 
16234 11577 
94194 43748 
74820 82133 
27613 71594 
7277 75627 
19226 60371 
86922 49842 
72706 19844 
54756 65421 
28535 98487 
14267 13957 
47318 73924 
66658 58928 
10633 95793 
68105 4803 
7426 90955 
32961 99594 
67784 44971 
77213 19212 
77915 80880 
95045 78147 
60232 66597 
88020 60324 
30698 95606 
21165 66435 
51901 2121 
63181 29596 
84818 91551 
79001 59890 
4836 89815 
82107 40150 
88287 40967 
21295 10298 
94641 11577 
71967 45615 
66441 92445 
25604 55494 
44185 23483 
22688 3584 
46567 5982 
54170 77619 
97846 7969 
64454 17842 
93576 13009 
24930 46601 
83547 10548 
11229 28503 
16475 76767 
9679 30483 
34865 48943 
98821 44184 
30419 53416 
414 79239 
70464 7527 
70993 35382 
84101 79282 
9843 13729 
53125 54966 
92146 33164 
87235 34615 
97118 76425 
75642 47945 
90087 2337 
97927 59265 
34768 25550 
45836 8884 
57393 83223 
54661 20651 
57877 79278 
67975 90522 
64896 21183 
62701 59432 
61497 41621 
42839 65255 
65795 28035 
69652 63247 
37341 66657 
33716 2143 
93913 44504 
89951 43943 
65741 42736 
70592 19442 
84624 97839 
63066 18653 
3908 3301 
89784 25583 
71951 73748 
55142 20135 
36507 95967 
31306 86471 
40357 46785 
38893 86758 
79545 66499 
41213 81999 
34753 38328 
11474 7516 
53618 39332 
51206 39665 
57223 96296 
35122 22475 
67501 1265 
32743 58191 
3991 15740 
10319 4031 
78121 19983 
47947 59025 
21150 44447 
16247 69382 
17912 54033 
44551 28624 
82654 42704 
78299 99589 
5582 35908 
67165 39398 
19101 91358 
47416 65635 
81292 34869 
82120 62222 
50824 67312 
1006 86856 
32280 31150 
38163 8391 
3794 30603 
222 72146 
99924 58192 
10254 63919 
11855 92196 
63359 19318 
84287 94537 
98751 4065 
33820 56638 
40131 73023 
87129 12023 
81228 984 
38922 58712 
96607 66602 
59434 11936 
39212 62387 
39150 38236 
45554 98280 
44436 5734 
7082 64107 
71982 22136 
81969 17072 
32181 22013 
15419 64453 
62029 7948 
8555 18812 
66636 46326 
26054 13253 
15110 67879 
60913 77680 
71358 25519 
81088 93469 
23266 17572 
67207 63629 
84734 93214 
13155 58276 
84236 18717 
2081 21093 
20819 98079 
89175 51503 
63908 9643 
19581 9369 
96781 41533 
84886 24308 
55263 83037 
74851 30076 
92967 56511 
12405 86004 
12315 54933 
69380 92061 
36608 83956 
48089 51905 
62586 94096 
79540 89153 
25182 28647 
32956 76086 
26610 5971 
53213 91165 
30442 1030 
42946 81964 
97993 90299 
84246 73516 
49134 76679 
51268 28568 
62538 16579 
99509 35875 
91416 30027 
30117 75403 
59961 86489 
18334 85218 
22990 24018 
64008 33796 
16700 77420 
69072 83683 
1972 62309 
72015 17610 
3342 86258 
72564 86620 
76507 35668 
61159 31220 
95185 17563 
27273 21216 
34150 19210 
58225 57648 
39439 85268 
55850 81106 
19022 2112 
92265 34734 
57596 22065 
97894 37332 
57768 56436 
25063 32242 
36474 15590 
58675 91068 
60324 76723 
51810 67793 
86456 15570 
48595 18484 
86501 46975 
19276 24515 
70442 81060 
73129 83148 
94428 16682 
33731 58288 
32016 61918 
58039 16353 
11836 92528 
55880 7500 
76364 33649 
19604 90757 
96229 77415 
5086 43181 
82443 29773 
14647 37741 
74931 13452 
20141 22415 
49923 40846 
30118 83849 
81051 10544 
48852 32923 
9412 74272 
96995 6732 
26357 67222 
63701 41702 
49493 94064 
38284 35964 
77090 15358 
25864 85618 
39071 84675 
85857 49123 
23733 45404 
44830 66832 
48560 8054 
25923 38544 
60740 93794 
5901 40966 
98416 48051 
57879 49111 
17253 99150 
62838 10879 
88535 61338 
76309 12501 
4816 58937 
17908 63967 
87039 78959 
10906 28253 
73100 43201 
36614 15855 
81950 27661 
84066 67063 
89665 47035 
69357 48389 
24281 65159 
70940 96692 
84755 88412 
77309 54811 
16054 48448 
71692 55879 
27169 83028 
84753 30006 
21763 79333 
30740 26645 
22193 52791 
5162 68712 
6794 96291 
62738 80390 
47637 49597 
13278 59596 
31321 6824 
70068 98157 
68970 1048 
60464 88062 
53190 79438 
61615 90469 
99586 9722 
55579 85710 
18316 39384 
7569 67122 
97204 62671 
58665 89310 
42095 37308 
90050 32322 
12421 32761 
59688 97205 
10352 84948 
34295 5569 
30443 78507 
39617 36014 
53353 77017 
30183 93660 
71993 74044 
36094 75540 
71370 43417 
78870 64217 
44426 25864 
60966 54767 
15343 919 
24292 96129 
59057 57979 
41948 6839 
51138 98455 
54297 7288 
55730 72127 
85674 95902 
60914 75162 
81181 85018 
620 14680 
84410 3723 
60135 75310 
36396 69592 
48316 6889 
13690 28947 
33713 89267 
39182 66215 
84172 20102 
93140 86904 
19823 14638 
23900 85877 
87957 2602 
7760 22854 
94898 56711 
35825 40449 
84818 89700 
11924 76544 
38306 12357 
30174 42441 
74564 53734 
63372 60995 
80251 6533 
34123 84779 
55296 75598 
59446 43381 
61385 75506 
56586 1016 
82394 44456 
72851 40918 
57672 15959 
55518 31360 
28879 17276 
9196 69624 
49000 44120 
97513 44907 
38159 94828 
33585 8874 
35069 34031 
69454 93472 
85183 95775 
38523 69607 
27065 29131 
26991 97410 
87016 35516 
50400 79104 
68638 46263 
89601 88814 
28848 41409 
96826 20211 
64696 16270 
17006 62485 
96454 61014 
82071 87899 
21534 30305 
26709 10062 
31124 45006 
42886 51059 
26818 85999 
37417 37700 
48070 11387 
81970 32417 
22928 52631 
48111 92696 
84339 22649 
1338 44461 
52181 99443 
87535 49438 
67234 32524 
82867 44272 
77461 56230 
93864 30089 
19263 83950 
88285 95143 
6749 354 
9327 60372 
40644 64918 
75857 47889 
75088 89326 
99531 85867 
35357 53820 
56052 79726 
62490 83080 
32274 99203 
71780 10947 
33438 53618 
51304 25105 
75599 53529 
93917 97775 
7083 85979 
51555 76550 
99857 62667 
24233 30682 
26724 35620 
47775 22460 
93546 13333 
24108 740 
26971 51837 
45844 94280 
27693 39804 
2939 16206 
86803 44518 
23347 77755 
28543 36452 
91888 49381 
86638 64182 
11969 391 
43312 8495 
23300 94446 
60228 4809 
65449 17595 
8796 86394 
81820 67945 
63651 67390 
91597 41644 
57564 54262 
18189 8529 
8662 47048 
51894 82626 
21535 67683 
41781 57622 
32678 31649 
57198 95488 
17679 61338 
32852 27642 
2648 24790 
13059 52337 
25632 71814 
40555 89414 
75087 31033 
93171 84127 
91961 26001 
57702 35420 
59531 66309 
44465 60884 
20874 70464 
88322 529 
57683 81349 
52368 4600 
36123 42169 
48998 46840 
75516 11067 
19740 53934 
23866 5976 
70031 44286 
30589 87748 
38004 24880 
91266 9266 
87417 3636 
1865 80966 
53982 36513 
577 29108 
41672 43534 
94264 52101 
60962 95984 
63494 12354 
24518 98224 
15243 36351 
67502 61879 
5529 34043 
39433 97589 
85662 90138 
22486 30102 
35174 24525 
67099 76153 
32190 66785 
99965 11409 
77627 40668 
51747 92689 
33537 8362 
72265 94742 
57833 81566 
49433 67060 
17751 66592 
24919 15500 
42623 74118 
4234 65958 
32881 90712 
91905 72887 
76696 78883 
43411 94147 
38231 45162 
14718 65484 
72230 91589 
7530 72892 
88508 45013 
53800 39171 
36871 40697 
56565 12173 
8102 22018 
5827 66563 
49873 6407 
18007 8359 
77777 59170 
5383 2070 
21162 11495 
67980 23960 
81041 56661 
14528 81757 
93072 59373 
61388 31110 
82451 17144 
28776 62108 
69537 19763 
52108 25415 
35122 63166 
53008 16867 
82485 87372 
69245 41813 
39709 24686 
25823 36076 
30225 63969 
40460 29073 
2130 59553 
95848 96457 
47568 39239 
78393 64598 
62283 94838 
78524 97276 
92460 70820 
71195 16144 
91035 1920 
46887 80844 
58896 88902 
43175 82118 
77748 43199 
34847 81767 
50866 75783 
76600 67085 
55593 53345 
56495 74117 
77116 95781 
10634 74126 
36945 42958 
69942 10638 
51476 75870 
58459 20688 
56092 37546 
39220 73154 
8533 62462 
8577 9569 
41552 89692 
72738 78291 
69399 4691 
1312 11677 
65241 27319 
41837 7674 
17355 39627 
96533 42197 
40784 25930 
7934 56739 
68126 79772 
73606 36826 
68196 17726 
11785 21285 
44560 28260 
29597 59686 
47247 75480 
3382 65925 
90471 72136 
66736 99591 
6729 34065 
15989 43565 
83416 29106 
85165 36276 
21926 37528 
12853 60053 
31164 48153 
21977 83256 
17534 24593 
60080 3148 
61637 89407 
2565 38931 
78308 90494 
4208 79932 
41071 33656 
95306 2600 
14682 88020 
57999 31827 
80177 96899 
85572 37006 
55659 55662 
22942 21338 
13063 50318 
10115 84070 
66205 85768 
2003 9677 
58672 71073 
17815 65436 
11431 70569 
81133 69398 
99527 74299 
47817 24481 
14829 88996 
83044 1191 
37516 1705 
41079 91435 
82813 22162 
21774 48975 
11512 67159 
26335 78224 
92848 10393 
11555 32427 
86577 84651 
46494 34719 
67421 89724 
8498 41086 
49518 29031 
16492 22990 
81129 70725 
88617 59182 
70563 4902 
28612 91235 
73134 47560 
90695 15321 
15927 24067 
46284 54013 
62272 50167 
77523 76169 
21018 16916 
52384 10414 
87063 77453 
94015 28284 
59072 28145 
43048 56828 
17898 74384 
25724 17219 
64961 72202 
83014 75931 
13667 40881 
86267 38053 
98950 48842 
63514 8542 
20086 85384 
87177 96491 
60172 44184 
28718 39989 
32006 61005 
68704 84649 
84573 67673 
61760 57622 
66944 47137 
95071 40706 
87111 316 
46360 61115 
22134 64421 
42704 86521 
32958 54599 
45044 32200 
12327 35961 
34956 62390 
47480 71474 
59993 95469 
10638 32674 
1835 3056 
99762 4795 
67533 26892 
39689 65668 
68255 24136 
19431 68610 
42275 91676 
85311 13541 
99319 13090 
31559 47687 
11927 18132 
30085 97482 
56166 43879 
19402 96668 
8790 39162 
28970 42080 
40874 59448 
49745 78251 
8963 58026 
74302 84717 
33959 91187 
20610 15770 
75250 20020 
22411 21443 
52963 9491 
16104 60587 
44819 96713 
79139 2225 
85664 24574 
78169 99669 
27590 14377 
66510 13455 
76418 81681 
29993 53748 
6404 83252 
17827 10611 
69143 19818 
10860 41459 
54958 9290 
73459 88961 
35467 88166 
7187 9835 
14542 95017 
74582 5204 
41557 39301 
89536 56562 
95588 61149 
77144 87932 
32141 43372 
90348 94372 
95040 45611 
33311 99806 
35230 92367 
82171 32975 
45570 61595 
