32042 69287 
48719 39028 
36363 55520 
54844 55477 
63874 30532 
1865 26613 
89421 346 
99430 3287 
19240 13004 
72497 86647 
78195 22182 
38562 8743 
53017 78223 
16861 22150 
46247 61954 
67666 96840 
64457 55675 
5215 40622 
11272 27845 
1334 30655 
80844 93233 
98495 67845 
50612 98672 
80804 43395 
53565 76094 
9364 37329 
69689 99099 
14453 52520 
13847 77118 
51153 24538 
13122 22073 
67319 37610 
60439 26454 
3218 20034 
3292 98870 
40670 88576 
76500 13358 
46222 60694 
16112 42152 
7630 55904 
97956 58080 
45865 63117 
28788 12411 
95887 59527 
80591 16719 
88571 28386 
99313 83204 
33491 38001 
38146 6932 
97644 12308 
62479 5560 
98753 44600 
48681 67390 
83428 80284 
52164 96958 
40279 21992 
51473 88872 
5956 90941 
84651 5257 
58134 12115 
81711 79883 
53639 77671 
62770 22980 
62165 82913 
15261 54696 
66476 22222 
85595 52331 
48490 78565 
20751 56695 
57328 39468 
73493 46344 
60178 24837 
41264 54930 
9753 17516 
43270 76553 
23128 46222 
52883 76743 
55936 82275 
93186 2567 
73162 76483 
72369 64396 
63201 80641 
82610 43953 
15358 69253 
11230 68555 
82661 1428 
16069 79806 
81621 40339 
98446 16541 
38477 78190 
66469 26403 
77529 98348 
19125 18238 
61283 43077 
97245 68329 
34453 45303 
41337 97532 
94257 25859 
68207 43466 
7968 53870 
28418 62201 
25381 17269 
34854 7241 
88583 52840 
58983 50114 
24392 40792 
75914 26510 
15794 77520 
1929 14653 
87939 2057 
8876 78486 
11476 66650 
18695 37239 
21469 9949 
78284 55087 
73637 12512 
90032 79856 
11348 88617 
26560 98106 
96545 95853 
89563 15456 
65746 24478 
82113 15582 
8239 62271 
51389 99153 
27789 17389 
24510 54774 
41453 21700 
4010 68070 
89495 30113 
11459 32121 
78949 77641 
67824 82759 
60019 55222 
77399 45582 
39300 17779 
38479 48062 
66717 43580 
38422 19748 
94109 22612 
3329 76316 
92537 63544 
63331 59107 
32706 73758 
63270 80783 
78266 85024 
95577 9870 
15325 68559 
57221 12211 
43143 7546 
35841 55730 
80778 72630 
11508 76400 
2349 76451 
20045 97962 
99640 67001 
61431 95670 
84895 56380 
52534 95234 
88974 71478 
17261 2126 
80426 56180 
79206 63545 
29586 50876 
71945 75604 
68447 24372 
10366 61655 
51856 35757 
72789 64195 
8496 59319 
28046 12419 
81133 14321 
4368 50230 
94780 3249 
37572 35404 
58730 77086 
54943 49622 
3775 14248 
48151 91176 
79524 20987 
63647 57456 
88330 35391 
92219 62661 
12180 44565 
70700 77713 
96764 5127 
18342 23962 
93010 90848 
17926 28 
20498 78085 
17417 72021 
9494 19599 
71835 11354 
98710 50411 
66948 21520 
14463 15544 
66536 55448 
33556 8807 
3160 88417 
36976 64242 
88742 78050 
94451 47386 
55718 12491 
80890 52226 
52140 20653 
14941 21509 
4810 94306 
27154 73054 
33388 50749 
10664 32719 
45376 46975 
80831 45925 
67004 41460 
71942 63932 
68224 88114 
28872 78478 
21413 38414 
9489 9021 
92821 22375 
99650 30437 
3419 76783 
56776 65924 
11517 89959 
40279 59727 
63367 36368 
57553 87432 
29957 81486 
52721 57713 
98259 47605 
92053 8783 
13470 44626 
54708 5191 
75090 86409 
20384 96216 
74173 32865 
56494 5780 
21677 20724 
46637 85611 
58578 71818 
69439 78356 
57230 96683 
32212 5373 
20459 43458 
87462 15163 
59951 77263 
11891 2682 
88737 13668 
7359 37244 
93906 71326 
91162 17267 
65166 53497 
79015 3836 
42459 15941 
28317 71831 
11570 29517 
1515 57363 
20506 99870 
29839 73272 
11402 63663 
6182 10676 
62803 41116 
12586 43851 
15398 87959 
92547 8174 
10630 56420 
11303 26426 
6073 44509 
8269 17444 
44071 85593 
34958 32916 
40850 6150 
89023 33077 
32173 58589 
435 30114 
58562 18155 
99378 99274 
98239 18188 
97091 82010 
59113 86382 
40659 82910 
22545 36203 
60690 92749 
91050 62247 
16833 53677 
29713 86074 
60243 19375 
6820 99927 
74426 52960 
33038 59771 
26248 48488 
70474 86177 
57478 58070 
33013 41874 
73867 55977 
27584 68142 
43561 73498 
92328 78723 
99546 93944 
72135 29577 
51879 5809 
34600 5540 
54589 73984 
70170 90840 
39451 3824 
39118 19406 
24211 40933 
24935 33070 
26410 70743 
28838 10978 
65582 56263 
93307 71928 
16420 79825 
73927 92854 
83375 35220 
88261 31294 
3234 50288 
58099 87452 
46334 6888 
27142 92314 
79404 65058 
80015 62321 
73386 91289 
10510 18186 
88169 37008 
87014 25748 
42797 12671 
41330 80072 
84515 55337 
63445 20577 
2906 93131 
19252 34535 
96451 68716 
20853 79105 
87935 95699 
69775 27879 
2492 86848 
62296 26972 
67404 11040 
93035 27798 
66382 7091 
18058 48911 
82659 6895 
42000 7711 
95055 97766 
75010 54267 
49034 84429 
64830 34184 
10873 94811 
46909 5166 
27154 10591 
71166 32818 
54132 93402 
57876 95227 
91908 20663 
7120 33006 
56874 41199 
36333 91709 
52593 10114 
48725 16945 
53996 64851 
41663 78981 
2758 59906 
48620 23288 
22699 86388 
70853 66210 
3250 64397 
95720 80836 
66273 11170 
17390 47150 
26990 55980 
72653 72653 
83237 93997 
79677 24932 
18992 45593 
20722 55997 
87858 15059 
41232 39737 
50127 23247 
47152 88462 
73055 22329 
69931 62252 
68173 87713 
34405 35718 
31709 22069 
8576 40787 
74641 99500 
36308 61232 
77394 24077 
54030 14955 
80910 76278 
70772 23376 
30540 73313 
47210 33805 
22179 74873 
43864 30304 
61053 24553 
21186 41286 
32754 28986 
65006 27986 
3398 41705 
79655 16950 
11182 36768 
38042 21795 
85165 28429 
3065 84773 
28752 17396 
37976 57034 
35136 21707 
4638 27987 
59883 80792 
8111 8799 
61863 4993 
83578 72816 
37897 79622 
37377 56562 
18776 22595 
47707 29006 
64713 37716 
2603 43866 
96836 1921 
2816 36 
27968 74052 
85508 48529 
10755 15236 
30982 908 
4080 66445 
99162 13737 
69778 37566 
5122 46395 
50768 24075 
83699 15429 
49074 82389 
12052 97656 
17552 63006 
56035 66351 
2723 21762 
81309 80083 
27741 3826 
23368 82182 
84330 22513 
42010 10295 
10424 35553 
95209 60116 
66279 55145 
55011 95160 
85990 14949 
53730 45288 
73638 57096 
92627 90727 
33676 95382 
67180 85444 
73740 56985 
63185 33978 
94679 4371 
56136 99241 
87445 91496 
2672 85268 
89325 13967 
47369 8556 
13103 71536 
80745 44361 
51831 73096 
75062 10220 
79238 79302 
93366 27952 
11163 96013 
14179 87543 
66963 2909 
39337 21548 
71510 26010 
55728 87036 
68140 40207 
2982 43619 
70889 18514 
58687 10708 
70309 28445 
90263 84906 
21399 12710 
38370 99347 
84393 81397 
90581 10756 
59631 85844 
75983 7156 
56201 40620 
61533 39411 
60767 9336 
59145 93144 
27738 72458 
58892 34105 
94859 50845 
88143 79665 
39346 67454 
59070 71887 
28829 91431 
7674 53492 
88681 23795 
46335 77044 
2685 51945 
48851 9812 
87557 21440 
62046 32019 
33488 47807 
91234 64547 
82653 18570 
38175 3724 
25559 16283 
79652 85372 
31114 26993 
62366 48122 
90479 85434 
55584 16836 
47057 48156 
46828 80982 
5353 78854 
87856 99974 
59998 76401 
98286 27688 
62897 75343 
12435 11794 
51210 1100 
11300 90007 
91833 67669 
16071 75034 
59037 64312 
32177 92686 
51118 89537 
23560 13581 
69171 55611 
65771 97786 
26528 4927 
73389 53943 
30921 50715 
22425 99637 
83106 78928 
91541 98156 
65463 25559 
27315 38302 
51985 74211 
98202 18529 
57126 2455 
39478 94448 
55119 42287 
7163 49613 
43684 9985 
52767 53506 
96414 3688 
2664 77776 
46716 63250 
76026 52018 
72798 36204 
3446 53793 
8009 96138 
14723 44055 
83726 15334 
48793 78818 
23045 2232 
1329 50604 
42651 76070 
66312 39153 
87582 66016 
46689 79809 
18962 90172 
6217 90189 
98339 91001 
9677 30957 
63924 78070 
51903 14909 
73803 56430 
7363 20101 
99110 99523 
41548 7352 
86180 59192 
13000 90217 
70867 92197 
60532 56429 
20496 22581 
14061 93767 
99314 52277 
89417 30473 
1872 78562 
27613 60584 
75390 76277 
17277 87915 
56979 55153 
95285 88945 
84476 8174 
55126 64485 
702 25592 
5101 22745 
60101 61011 
9215 12326 
64015 919 
12432 2640 
96244 7108 
98964 91399 
4092 72601 
57350 4072 
71752 56031 
29298 38588 
62662 36869 
636 50 
65393 64440 
52146 64886 
63637 57378 
25711 11584 
65054 46978 
76869 56052 
66006 47849 
78761 33663 
99599 82329 
14398 77131 
13038 81330 
44311 49671 
46905 33586 
64817 6232 
43788 57713 
78529 72119 
96598 27079 
83190 47944 
57928 86147 
47505 72596 
70989 58789 
83375 1796 
49926 63998 
42791 88830 
32741 22504 
64598 86138 
53578 58979 
71458 21742 
32777 78843 
70557 42836 
62917 26110 
42933 60382 
76938 9303 
15812 73181 
20507 16130 
99885 97649 
14919 24457 
39237 80389 
89142 57023 
65432 24680 
79990 20453 
69288 19099 
47972 15270 
3917 16793 
33018 2949 
10867 77238 
79052 68501 
17543 48882 
89314 22623 
88534 40662 
35356 46157 
26111 3150 
31804 91411 
5839 15964 
6248 19829 
2136 57080 
39060 73593 
5542 11818 
21441 49885 
58608 64514 
81692 70892 
40481 4280 
59454 20063 
11663 67759 
65617 45700 
89857 36407 
51577 16634 
65423 3583 
25735 51597 
80700 27614 
97377 33797 
91278 91013 
98507 65289 
99287 93131 
32735 11945 
98877 13813 
26967 39101 
2265 98973 
16458 40436 
21085 35535 
76675 18189 
62259 2797 
26457 81511 
60177 10038 
66132 91578 
7725 56057 
81520 97003 
67536 75362 
40166 71199 
41807 67819 
29695 84478 
54123 43850 
39811 18045 
49975 55654 
69293 54441 
53966 26399 
47193 59590 
31205 33988 
93535 5263 
87970 53752 
8933 67625 
12459 15291 
74845 77446 
268 82695 
66595 90626 
31244 24514 
29822 93893 
64423 72 
47679 59824 
96010 52150 
30892 17805 
81709 62495 
95690 13094 
59145 96319 
55666 84852 
18771 34644 
42782 5820 
62342 69257 
90008 91261 
56890 14050 
53513 2861 
39109 68613 
25845 44453 
50167 55251 
93206 70774 
84167 38932 
19716 7882 
14841 31201 
99447 14430 
24521 73722 
3092 96710 
97047 94844 
60227 27152 
51965 33500 
60475 5952 
91259 28720 
27246 48533 
1779 80189 
16284 77747 
6685 95514 
17898 49063 
87391 53280 
96562 39379 
3890 27422 
84445 85715 
25773 38135 
56505 68703 
48896 17237 
53906 97615 
13320 1825 
89833 68610 
57046 99040 
67165 35956 
37003 96895 
61019 57165 
23874 31383 
70823 47284 
30535 58442 
26388 5074 
65267 20868 
40306 54297 
10337 44908 
35114 77109 
14173 48991 
37742 3304 
51056 97963 
26112 59132 
46121 90168 
33129 72480 
85408 21881 
61854 77366 
30828 33808 
42305 60060 
38108 7794 
65122 41544 
32145 48343 
60234 96610 
28654 53215 
49710 68589 
3618 50095 
93129 50515 
2732 52224 
61095 68452 
51928 64875 
17924 20831 
77000 56700 
68087 98755 
65467 95201 
22612 36634 
7032 34000 
71485 19883 
30334 31031 
5960 7014 
13173 71467 
20738 7161 
80989 66896 
40132 90841 
24071 3165 
54640 1757 
57864 13329 
24709 80466 
22669 59220 
7072 6954 
69168 15475 
85648 18474 
4397 63172 
43801 61426 
79164 16778 
97680 91648 
82352 27718 
21355 46168 
70187 30629 
33671 71271 
99217 24246 
83995 6712 
50662 7876 
69453 93917 
30695 26534 
39790 97274 
6389 13075 
97647 1864 
90212 54030 
81818 78473 
17362 47379 
28996 87276 
69666 65076 
45504 25256 
87386 80957 
84714 9287 
75984 75487 
18112 26682 
58763 82830 
8377 78141 
48248 2869 
41411 84190 
9302 61014 
50862 25507 
65159 62064 
73524 40012 
53931 50863 
6861 5132 
77607 62114 
976 92347 
98163 14505 
6473 92961 
26113 80135 
16966 78955 
15701 39258 
90400 80865 
27895 12498 
6863 35810 
47422 47912 
22258 83119 
43351 28693 
6959 62439 
44030 58778 
16516 99773 
56693 78281 
27478 50605 
99627 58394 
85587 6053 
30523 26320 
55870 57967 
48480 74761 
34573 61935 
19102 17647 
81399 33350 
22232 64025 
57200 61029 
50080 95421 
7038 25281 
89851 48478 
11436 62923 
9465 24311 
39699 30417 
27545 68777 
78321 78110 
89570 93716 
74793 63521 
90950 38263 
32527 99664 
84738 1409 
16160 55608 
86817 12285 
78150 776 
44577 43006 
97363 11921 
66499 10403 
28267 42319 
19497 57633 
95376 86358 
88474 54372 
31755 59561 
58297 5200 
52674 54009 
22191 9795 
75910 22178 
42583 75652 
48746 88434 
90489 44334 
18353 86705 
67760 55612 
87040 75321 
72873 40370 
26769 85565 
5396 2782 
88361 19170 
16890 25002 
29975 21818 
6688 3515 
6741 24640 
29888 5280 
8831 63767 
31824 13931 
8779 59202 
48417 21558 
80531 58567 
14993 9973 
82496 28740 
7540 56855 
54761 8972 
99810 96807 
66689 22731 
57313 65125 
65261 82370 
4923 52927 
16824 10657 
98712 6318 
5301 46229 
4567 9393 
48471 96287 
36257 1121 
20576 49115 
33836 89554 
24296 61462 
69617 43278 
38056 91413 
53427 59684 
75640 56028 
71441 32373 
34287 54885 
33631 65888 
74677 15564 
23697 14973 
71672 85219 
42335 57694 
98188 13534 
9781 47005 
56236 46704 
46802 23708 
48959 79516 
84652 15291 
95406 93163 
63982 89726 
25810 40133 
70276 81085 
59303 24302 
19146 54693 
58287 64345 
48622 33553 
74082 21599 
97576 64906 
47022 19731 
49503 66041 
814 82886 
99107 51839 
75773 71397 
55499 13059 
78444 99754 
30260 83990 
86174 80169 
71253 10842 
34333 46934 
93758 8143 
31198 81690 
29386 69402 
90895 77780 
60164 80426 
48350 53083 
30311 68944 
21852 45007 
31429 12559 
18613 98794 
38197 18549 
36626 90818 
31101 83691 
2156 12289 
80370 40003 
96364 75564 
80970 93205 
66821 95215 
22390 64681 
90140 39077 
48904 54887 
50406 40683 
16094 56351 
24828 13809 
77659 57852 
22758 12307 
42852 97812 
7166 33935 
29402 44609 
38692 75647 
99316 4241 
21534 9541 
5748 81668 
97755 63686 
97915 51154 
31957 60050 
28037 23070 
51846 82986 
79375 29854 
61844 26024 
87653 92232 
26704 92172 
59515 68270 
29987 3484 
1122 32502 
48297 9367 
57600 80076 
46333 69878 
29779 1810 
90101 30240 
78499 29973 
96035 95855 
48742 11812 
82312 63282 
45932 28036 
65318 61973 
74990 36903 
48986 13985 
9059 91003 
87656 24487 
89287 43513 
64133 74522 
69681 33412 
13782 99352 
11721 15053 
42778 610 
2319 76464 
34053 58592 
15640 72915 
8002 82168 
64434 87505 
6678 58161 
89725 18920 
99989 39423 
19057 88029 
70326 41457 
82991 49584 
18076 1101 
17095 93072 
44635 87600 
92462 17623 
11841 46349 
11569 69909 
47125 98651 
78300 41062 
62234 17019 
1068 28931 
80049 44881 
16138 85348 
18766 31965 
24668 84592 
65680 12247 
21402 68862 
83778 59983 
55585 49330 
33564 21215 
5369 67216 
59798 33046 
65836 48338 
88237 11061 
47742 16720 
1014 6464 
59166 68080 
10947 8804 
95496 42424 
34857 97621 
94506 76450 
73870 26900 
22766 61113 
44738 59914 
47230 77453 
70353 58849 
11542 34649 
29924 73556 
80485 88306 
89693 66837 
37939 74053 
83600 59855 
23836 51849 
89973 80581 
73801 19715 
55103 50645 
81525 22155 
47459 51491 
38411 48130 
87367 69474 
17575 86228 
86088 31303 
60073 80530 
45579 6218 
90030 9683 
15552 69328 
32323 93834 
78071 91743 
31591 19302 
31499 47442 
74544 59281 
75461 4266 
98900 60342 
56364 96977 
31750 59141 
19053 64050 
37756 91503 
24352 66631 
73295 56909 
34523 98080 
36521 5440 
39072 35563 
75289 21354 
91893 81348 
64975 87705 
57361 90790 
96464 29831 
17824 86407 
20897 52011 
77795 13048 
82284 1225 
11231 97815 
31635 14720 
37411 40236 
57038 33945 
78235 73121 
82917 96431 
45151 2601 
88696 49330 
27483 57035 
72195 63559 
5555 48800 
36295 65887 
91836 80409 
8763 47816 
11198 6971 
14608 54718 
67443 692 
7921 6451 
7408 49965 
35880 51563 
86226 65474 
51466 11177 
57768 58879 
13376 25818 
62779 5782 
11750 78639 
63922 4017 
36525 31942 
81706 90752 
61595 80346 
18195 87436 
52416 93622 
16413 334 
17308 94932 
92556 16211 
13408 96115 
95360 97647 
87087 90658 
92425 557 
75634 87122 
56803 7656 
22058 51027 
28842 95954 
58150 11621 
58028 33779 
92225 81414 
87527 33410 
97499 31020 
30105 69091 
34596 59598 
98328 7006 
57462 2039 
94166 83748 
45746 18092 
33586 12867 
78751 15704 
80231 95286 
16085 71146 
88927 58689 
78422 21843 
14596 53417 
28098 24339 
24994 87978 
33756 89482 
66795 95986 
65825 29620 
73646 88123 
10397 78522 
72154 57706 
7835 73720 
37124 76460 
19493 23093 
70954 38332 
975 12798 
33711 83463 
13610 51975 
30219 61902 
37150 91233 
68400 77196 
56193 96475 
39135 83687 
80402 7438 
32078 98170 
24335 61157 
94137 26493 
16552 14595 
57756 98756 
29609 57800 
14653 52963 
22679 69195 
87341 6278 
66750 28000 
55539 5502 
78685 65286 
27487 53934 
24931 4778 
7221 70480 
68227 17299 
98024 48691 
21415 88603 
99543 48351 
41280 79365 
1488 70290 
42340 38222 
50354 36325 
35584 14001 
67268 20492 
401 1673 
24849 55234 
79258 48050 
48884 66726 
44205 37885 
96657 77240 
21830 78787 
77909 49262 
79052 4249 
26730 36008 
65964 18059 
3056 46058 
83918 10555 
1007 26015 
97140 87358 
67941 14421 
34396 64679 
92904 22596 
33550 1726 
6045 53619 
66371 60421 
41624 79405 
43490 5366 
56377 57586 
40187 82870 
62307 84908 
2493 46870 
28366 51868 
90074 31704 
29040 84555 
87491 6930 
69495 33935 
68599 87799 
96744 280 
30252 16446 
14190 61018 
20911 73550 
52945 3949 
77372 27907 
17479 54597 
48545 82291 
15447 26425 
29075 27944 
1938 15684 
47541 77195 
16935 8865 
54102 3933 
71445 70052 
30657 85065 
42506 27902 
2937 2564 
70247 87536 
68434 35386 
11150 51354 
66651 43229 
90865 44551 
8885 20042 
17205 6096 
53621 74159 
59344 23978 
60556 74081 
72791 64731 
81391 84171 
51375 71543 
48754 2922 
17241 82720 
5944 7934 
17795 52838 
79682 6400 
84546 42582 
35643 87630 
22978 80128 
72254 75024 
44835 86833 
2118 78918 
24654 3074 
42365 58855 
60889 46285 
85355 14072 
48634 82521 
49368 34390 
25733 95361 
15256 60200 
37001 91494 
39532 19835 
72282 91049 
96933 35426 
73243 12529 
46246 14164 
71102 77154 
32013 70928 
12871 25497 
31728 60361 
57260 60470 
33200 31721 
73021 5047 
80018 58221 
52311 90538 
54377 34079 
59568 71822 
76001 77111 
72413 99597 
83506 22483 
35259 66571 
30248 44079 
38605 84401 
70589 93988 
57379 41320 
34423 7702 
30251 36520 
87969 82900 
38481 86722 
57026 3061 
47670 52778 
45214 43648 
8671 39737 
14252 68242 
74968 82467 
5871 94754 
82988 40788 
75703 87735 
59088 92966 
78345 11774 
62381 34514 
89745 63149 
46091 60425 
78174 82117 
21795 33285 
38266 36610 
40684 17142 
83953 59628 
63899 87601 
55594 17237 
80019 12270 
34196 81814 
41953 32527 
71354 86105 
37761 67509 
37374 37622 
80339 4292 
62018 80057 
99458 34412 
92418 98647 
46272 46215 
20917 79780 
75225 84947 
41939 51668 
51200 48068 
81488 52519 
40743 91962 
5433 95394 
85422 88045 
53507 24832 
22610 81186 
64743 89316 
14420 71460 
57093 85768 
69048 61410 
99034 67562 
90438 85324 
64222 45860 
71978 64491 
91556 55633 
57819 12931 
82550 2330 
31491 51816 
55449 52917 
55604 77609 
41279 85889 
78721 68867 
50872 68872 
45932 9763 
63852 89525 
98133 54527 
90706 25769 
21733 56357 
37237 4671 
15255 36774 
57103 65886 
72239 76973 
12558 15143 
40855 71395 
76151 26033 
9838 95591 
96854 24237 
87592 5362 
22911 67322 
86771 2232 
20718 15383 
139 71522 
54098 73046 
55194 23588 
91587 71730 
64817 46221 
90677 52575 
49125 6811 
67450 5069 
89732 26520 
97621 14156 
91786 85569 
10736 69487 
71448 8643 
33120 94503 
56856 22533 
7149 60117 
89203 74278 
64489 58074 
37155 47420 
59220 22406 
92686 16404 
73048 3918 
99266 34746 
89335 22275 
74391 61253 
95241 42994 
27625 90419 
12005 52559 
42561 68063 
72252 33836 
86578 41314 
60151 76131 
35744 13272 
5397 89475 
53932 46981 
75161 31086 
44964 90768 
39541 93490 
4511 77612 
95491 48383 
34543 84857 
21820 88090 
47235 27419 
3569 57343 
77567 97586 
7922 22116 
44234 57554 
15777 79373 
47027 37052 
13207 71845 
65519 87721 
25264 35329 
28645 98347 
30912 72502 
57717 80619 
32371 16891 
46401 93779 
64729 23355 
30393 88343 
22419 97360 
16776 14002 
47998 54297 
88472 54907 
75632 82241 
72733 26704 
46805 66793 
64275 94013 
18969 25030 
23438 44494 
69230 87094 
27685 86203 
54609 58576 
40752 18618 
28024 94601 
77966 64559 
24880 17419 
88497 40154 
28968 13274 
45735 83056 
98378 51494 
35522 55332 
82201 78970 
58619 86745 
87052 56580 
18579 26600 
58753 20615 
49107 27877 
29020 71905 
46021 96096 
39578 18080 
8098 97128 
96870 20281 
58346 33161 
29331 24670 
12696 64053 
16235 91162 
86600 72523 
32163 67110 
81722 45924 
4385 92024 
74648 74814 
11809 60909 
37500 49074 
63606 18451 
56338 66036 
83211 4014 
77406 51900 
89149 18317 
3572 37637 
7964 36623 
83705 23673 
76490 50458 
86287 13826 
90843 80061 
25192 98270 
37682 63223 
10385 17773 
99674 92602 
29156 46994 
61562 43293 
24604 93330 
55813 5138 
27168 19614 
77577 10167 
12362 63918 
67509 24569 
3228 47758 
7994 56686 
9580 35220 
3406 17823 
97775 29812 
18259 61013 
14508 73317 
28450 14386 
46076 41458 
275 20438 
80556 14912 
49481 90226 
54515 40992 
48365 82404 
8167 91281 
42752 21025 
43288 63565 
12673 73152 
76726 72589 
60659 17583 
9037 23491 
39786 49367 
82529 64216 
39947 81302 
85916 68749 
35333 23219 
73837 11735 
58643 42633 
8624 56840 
8329 36190 
99015 96170 
13994 70379 
5909 46117 
82026 82074 
8779 26194 
18683 64746 
78063 21753 
81040 4553 
78570 58893 
37559 72030 
36926 464 
29525 19716 
42060 5738 
12185 83827 
11909 83144 
20147 38939 
51826 5416 
45441 8673 
50553 49545 
38633 92494 
8177 70148 
43455 28977 
67143 14148 
53660 79295 
22178 37143 
37142 81169 
17893 87358 
6846 93159 
3874 81821 
30587 21927 
6211 11169 
62607 976 
91729 74460 
48572 68387 
46566 63442 
2657 73183 
64298 86883 
80486 25231 
40467 49930 
74902 91934 
144 80859 
42897 36527 
43081 28195 
31503 87341 
77032 34821 
8044 25232 
23991 32554 
15868 77197 
26381 90577 
70527 8225 
50616 94204 
83349 10558 
84033 26630 
49442 99788 
47814 75649 
65390 40587 
3319 89754 
48246 41402 
12174 63593 
11916 77028 
21455 41478 
19602 20764 
84519 89414 
71710 93729 
95279 1099 
7480 67901 
9138 71383 
95549 91587 
47354 91883 
63776 41292 
33245 97756 
71870 42307 
88428 22082 
61710 41870 
25215 94874 
29724 63368 
7301 57412 
53280 17797 
15070 49432 
68786 99593 
44081 66634 
43021 47923 
85770 79034 
1195 11701 
87872 46882 
75359 16785 
68794 70194 
14969 97244 
64889 60364 
57793 19066 
22550 27911 
93787 94302 
8032 39096 
67204 56397 
97109 5962 
52882 43358 
23920 39294 
11533 14380 
13799 12059 
75822 7705 
98412 52077 
44104 32737 
13158 7001 
61943 77804 
6628 2107 
52852 6477 
49768 41974 
19192 9976 
18476 90827 
71735 80953 
37489 3124 
62163 74809 
15718 65913 
86573 28723 
73604 57557 
69 15685 
61575 23603 
32600 21090 
95392 19903 
24432 42813 
88895 75528 
5987 32219 
47643 83579 
31256 13147 
97898 36699 
36597 38713 
64637 85901 
37435 71599 
79509 16272 
94248 2555 
95088 1174 
76181 53924 
5306 17755 
25738 50285 
23594 80915 
81218 76671 
50084 80278 
44909 86325 
67075 85336 
94528 64597 
38063 17575 
23004 3322 
49749 75238 
57392 90916 
28748 36321 
51596 77413 
85133 58446 
69513 30804 
83458 40460 
75340 61303 
18605 9937 
25974 53517 
78543 53162 
16826 13034 
9032 9797 
66797 3540 
56307 13062 
40793 23354 
52980 68141 
98875 46141 
29633 26404 
29965 29556 
80028 31150 
75038 77725 
81362 81747 
69789 28695 
72692 87353 
40021 26386 
24398 58865 
64322 28070 
89489 18300 
78092 93036 
13597 88481 
30551 95850 
94636 62770 
22122 8504 
25420 44475 
43392 99746 
22920 88651 
8844 7008 
46391 75222 
28657 46623 
33247 91627 
90078 41373 
36362 5672 
26231 60931 
29373 64822 
34688 90397 
57602 66840 
70742 64848 
51363 8543 
81025 33751 
85735 34330 
61979 48037 
66252 74250 
24643 94809 
43527 82540 
22334 39891 
11470 61901 
51023 76788 
23556 86191 
63519 22173 
69504 14824 
48110 42599 
90759 25810 
9840 44926 
77342 81228 
58384 13800 
80897 78822 
50277 33558 
99204 36528 
55272 89029 
35929 2879 
16659 99979 
16069 85596 
53640 7320 
42325 43077 
10165 95694 
10531 89098 
89135 6695 
63339 19693 
23453 69730 
50479 83043 
26155 53402 
81232 78087 
30661 19301 
134 85699 
79201 42221 
90494 7409 
42544 46085 
11947 11003 
57375 93198 
8054 59753 
49034 56023 
77883 32615 
66798 95218 
91511 26397 
96458 65513 
43596 67755 
30714 71801 
81387 52767 
71708 1900 
14021 74955 
12032 69505 
8431 98769 
90609 11150 
3891 84886 
48091 94347 
31983 76135 
12762 10600 
11699 8375 
32395 46600 
412 19409 
30123 49668 
20620 90774 
3100 29393 
49649 72230 
1580 66423 
54905 6815 
23005 31475 
80822 95536 
30805 52904 
45269 15080 
60823 9551 
83024 29350 
9632 67066 
81781 16251 
8489 20575 
92212 64767 
74242 54265 
57781 84257 
94280 79390 
2260 7797 
46402 66155 
33331 64468 
76504 42107 
69190 41702 
57049 89892 
71718 58083 
27527 40612 
74580 19466 
74453 25544 
27526 36839 
42907 18592 
39179 43031 
84258 74587 
89797 57197 
35391 44477 
2737 10960 
93637 27380 
8787 68129 
98556 1677 
11066 41142 
56846 62515 
59835 31661 
49841 81512 
76357 207 
44439 95928 
22872 306 
87754 29225 
1748 96260 
3399 42661 
81068 20528 
23005 18471 
86181 16607 
80468 79170 
67146 56378 
68340 54661 
50555 17089 
5925 19062 
10871 52439 
96831 32571 
51185 94681 
60087 40164 
66240 80235 
3409 98585 
71584 99980 
69800 25798 
21867 37220 
29376 92985 
8602 71246 
7179 8169 
23109 92513 
34687 72654 
93902 96607 
87862 26748 
59421 98505 
27752 39608 
16829 36099 
91059 39539 
95472 12475 
87532 25727 
39654 60160 
48637 50123 
49533 97374 
37696 9085 
21228 86224 
75528 38378 
47647 95898 
57588 62275 
90058 20061 
38714 7746 
7114 97001 
39797 58103 
32813 33502 
87059 86964 
27777 38989 
29069 83060 
89287 35183 
89253 49116 
94659 18325 
2348 33952 
69828 15953 
52132 35938 
20441 98306 
74693 98077 
36247 75595 
16642 224 
81305 36727 
40853 42352 
12227 62479 
53709 4259 
24666 76699 
87252 61761 
14244 82818 
7287 37144 
52286 69736 
34162 62541 
19023 61132 
56842 38921 
7320 25270 
92820 80462 
8535 58598 
96546 44380 
18770 5734 
47256 59633 
58552 80892 
53433 84440 
81900 11338 
95607 42183 
61783 32194 
91804 7993 
78096 23695 
10667 44241 
1605 96967 
76124 12108 
62710 2432 
4453 18586 
17391 56182 
89690 93477 
74393 53924 
6543 29363 
27471 69599 
31334 59003 
44429 16292 
90957 89262 
729 80773 
37426 58412 
9598 29818 
11346 34537 
92853 26397 
1436 26779 
57070 86888 
29252 38270 
88257 56652 
88332 49878 
54858 80646 
45204 87259 
13688 98176 
66071 90209 
46331 96453 
67422 72933 
14534 16322 
1455 36637 
12324 15338 
77889 71669 
9849 58316 
92609 65498 
29334 23536 
80554 14913 
67115 83979 
35353 26080 
77341 47295 
41443 74498 
62743 15639 
45740 88367 
75757 57064 
55431 13537 
19348 63885 
86008 15936 
51020 10211 
99446 78290 
35796 10794 
66223 51895 
64354 26424 
56874 31400 
51051 57273 
18886 30753 
53205 14912 
22923 51877 
7830 66167 
68753 54126 
64870 97564 
25716 52229 
7085 57756 
45141 93139 
85835 97209 
22885 88130 
69331 39300 
8990 5452 
95340 85099 
58417 61012 
43822 75257 
91946 79772 
96685 6774 
89526 38972 
31610 29827 
69715 45751 
4787 30443 
18324 46393 
13490 38454 
16981 12173 
93514 87019 
88042 97654 
98846 89928 
16130 21293 
31302 95952 
28572 75336 
36424 25737 
17054 32250 
58584 96001 
61105 78302 
53032 88293 
70304 71416 
85522 25083 
96617 90049 
11200 74689 
80857 12599 
13589 18340 
87974 42723 
1801 77613 
54751 74962 
9492 18569 
20423 77178 
12657 20074 
35873 51578 
84962 18148 
50239 24484 
39147 15571 
55152 6484 
60925 76608 
26277 59264 
27818 10345 
39421 3146 
19573 82981 
54218 252 
69040 89362 
52225 52213 
72844 57074 
88252 58469 
79693 52663 
63833 91460 
828 8803 
59984 58399 
41924 93720 
72721 35796 
38624 99733 
79309 82562 
88976 36442 
25786 60248 
15146 75961 
67040 14874 
54111 12469 
9573 3794 
72416 66482 
4039 83178 
23638 85397 
9759 6942 
18835 66185 
6629 26345 
60066 53577 
61181 20952 
94968 47607 
63045 36334 
86399 88117 
35648 51577 
55352 70600 
90691 50596 
47579 87742 
39837 25230 
94832 84044 
98969 95220 
90104 57146 
20503 90455 
72963 38746 
67452 4203 
25830 40477 
99293 92600 
14967 55668 
74151 65248 
70976 66591 
84420 84578 
92785 18626 
33662 67463 
76344 87725 
31465 61611 
14724 85593 
29937 51370 
89773 18228 
50569 32844 
77220 37761 
53468 86597 
16839 4978 
82285 67719 
57233 10485 
77625 27661 
70823 86144 
89358 80007 
48785 75264 
33934 23215 
27958 19920 
36686 37378 
72170 66894 
71049 79168 
28962 89879 
56746 9407 
9327 74931 
7191 1049 
92900 18582 
22732 91905 
43922 43605 
10807 66026 
34351 46090 
76689 70462 
9629 49340 
69237 99949 
99937 55011 
84889 11103 
75140 49993 
30128 59833 
65193 48730 
17734 90929 
19412 24979 
25378 47145 
57821 14459 
76434 6655 
75678 50407 
12379 2304 
98332 27744 
13744 23923 
47719 78374 
92301 55778 
74085 80083 
21005 55279 
26933 14560 
90215 36173 
87754 36276 
78774 79715 
63700 13248 
6794 60692 
46228 53167 
93295 41654 
71568 33941 
76369 58376 
80964 16399 
66082 92282 
67776 28682 
91108 1493 
15803 76849 
68882 61105 
78624 54240 
76078 45491 
23270 93352 
21279 70631 
63206 28300 
24956 2878 
35380 13378 
93203 32060 
34030 73785 
31158 1448 
99942 48298 
79623 84883 
78031 20469 
74151 2221 
98411 24872 
19667 68268 
6498 58002 
45711 77500 
66271 19601 
57456 37131 
87425 59510 
25892 74434 
81984 7600 
66908 60785 
38811 19885 
43480 14467 
15517 82607 
87774 67053 
86417 77930 
80683 4086 
52461 29783 
45182 19729 
14498 16483 
6840 57233 
34750 57952 
49944 42299 
63024 59666 
50896 54792 
84015 22898 
1901 25788 
49908 11405 
47430 91527 
98571 98383 
43560 83640 
21759 4347 
15975 85869 
40054 76511 
36307 41511 
61664 53336 
58428 52949 
50739 4089 
56437 74881 
7535 32568 
84279 66249 
67532 86617 
33292 32352 
59514 20576 
98463 58280 
23675 16554 
76751 7546 
79965 82186 
11567 35670 
54158 7500 
66354 47483 
14572 81583 
57175 9046 
45868 40925 
99314 10321 
88043 45624 
26122 63121 
98490 57106 
19692 10374 
52951 21544 
52404 17350 
87162 46888 
75993 13267 
95221 98196 
10521 52564 
42922 25933 
79450 69141 
24779 84955 
9028 3973 
91939 98074 
60269 96796 
4879 67446 
90035 45910 
19561 39438 
44089 56650 
98619 84216 
69444 18736 
50191 59964 
95935 75419 
36178 93503 
77680 73267 
58995 23957 
3914 10400 
31265 24245 
85679 33134 
56483 36325 
99938 66250 
313 30451 
25905 457 
11950 26139 
39728 2158 
62936 93106 
43153 55228 
6810 84148 
89359 92284 
27147 38714 
34916 23790 
33840 35902 
90636 27373 
87868 68653 
66072 16807 
83336 57113 
2532 70432 
92244 18457 
67653 62110 
82208 62900 
40987 4344 
50277 91187 
54475 82816 
77030 27562 
64309 34335 
94287 34008 
21389 96104 
77052 16507 
76455 33162 
15733 52135 
2907 33046 
98196 36992 
45460 41928 
32890 79281 
5989 4877 
74051 39311 
59262 64409 
67914 48737 
50741 66096 
24884 25061 
66218 17780 
36799 34237 
78795 49795 
674 44139 
72541 27636 
80750 54752 
14141 75595 
39199 87110 
93962 80197 
92483 62336 
86163 55591 
5179 4577 
83842 69591 
15964 57184 
49663 48689 
1498 10202 
85040 3091 
23117 99025 
61628 38732 
68512 49021 
77772 52223 
95996 9013 
99497 36798 
12477 37677 
20737 62609 
67955 81229 
30721 33067 
29086 8239 
7786 60451 
2324 47956 
68348 48640 
13154 12219 
87377 18541 
12097 67863 
72424 62719 
70455 66448 
17109 69692 
49173 31228 
81963 15510 
72731 47443 
50573 80477 
16637 1359 
87258 12264 
21881 65905 
78806 23162 
82615 36331 
77293 78838 
14361 77994 
73609 8741 
99214 60207 
22024 44160 
21788 15016 
4984 68938 
55057 77852 
74298 50003 
28792 38166 
29972 91 
14943 52514 
1172 13447 
94105 49963 
75144 6789 
25124 90280 
79394 92420 
25916 19031 
60019 8173 
87745 576 
14822 29717 
87508 99841 
33669 94768 
32932 26834 
70537 75882 
74192 54087 
21784 48757 
42064 66469 
13418 16342 
27543 5312 
6452 65576 
745 24316 
13950 53183 
77975 83426 
85929 39725 
84971 68652 
59024 16972 
31645 40780 
86664 2685 
9034 83965 
62492 8991 
42726 46404 
24833 25831 
88663 39586 
83262 99299 
37045 90076 
39668 26232 
97917 18344 
85665 30997 
78116 52844 
45823 38227 
23356 74373 
1894 6085 
91572 25659 
77067 38674 
43995 14225 
81260 53324 
89022 82741 
18546 38752 
90561 20406 
36035 3455 
57340 41336 
49898 80215 
62573 61506 
18651 22208 
4408 64490 
46478 98987 
6751 58036 
90017 76457 
77328 88492 
10960 43989 
85280 98131 
63722 33936 
94106 81624 
32581 64079 
87430 22253 
35887 21889 
54852 65845 
96293 1018 
63072 21031 
35436 95057 
23477 58077 
89092 51325 
81576 15388 
54547 88387 
95928 12705 
75785 84933 
44631 13084 
44050 54853 
95969 71951 
41460 33527 
6487 60825 
83540 13784 
64520 55756 
22930 86455 
80148 36081 
60964 60082 
33569 47807 
76416 57108 
33015 47731 
21463 9732 
685 59355 
53722 7650 
508 39717 
70212 81982 
45133 77467 
84193 44999 
71184 16800 
39042 43590 
51608 29340 
84690 25943 
21850 36597 
51600 65536 
32621 19336 
44878 34285 
6208 37016 
46822 67573 
65523 20360 
60071 17903 
25531 93246 
45473 51019 
85214 26235 
8910 98624 
34895 23426 
69523 45180 
98529 96714 
98133 92790 
63478 87151 
49135 17790 
11325 51753 
21716 5424 
52442 45938 
77014 24868 
84294 96714 
6627 85867 
38921 79809 
94899 365 
58497 85111 
42489 57792 
39617 79122 
21947 11012 
16654 50557 
17385 61480 
12531 55791 
59788 26748 
71197 64547 
7105 71245 
340 43039 
34015 82115 
95096 1715 
90062 75905 
83938 77824 
56864 29029 
36494 19212 
85183 35187 
99650 85076 
20865 6291 
83136 81839 
35010 49956 
98646 7888 
58212 76253 
67637 89583 
81286 9156 
52058 52802 
25640 4013 
29586 89184 
5302 1362 
30330 44329 
99551 79543 
75513 76393 
30255 3826 
10299 7841 
91171 8125 
2717 20541 
7890 86908 
88538 24986 
16497 19502 
78003 68075 
36695 96788 
4469 30752 
80801 71121 
87302 6692 
83907 4344 
1767 46334 
62458 45870 
97226 96720 
8597 33088 
81557 66935 
5857 69689 
94556 1377 
8108 4056 
25944 48646 
58174 99454 
94674 72556 
35094 60532 
95362 63548 
9756 56519 
34971 73777 
57450 60506 
28286 17166 
22898 6316 
94235 46938 
58370 49756 
96803 47437 
58761 9382 
4034 54516 
98821 53436 
96561 49300 
37216 94237 
43115 53853 
89696 49069 
74625 94086 
89365 27468 
30836 85171 
45896 8837 
23732 37820 
87509 81437 
60637 79948 
19623 24048 
96487 37583 
62328 24991 
39578 21308 
35145 49685 
17993 20090 
42049 87565 
24946 13060 
72297 31913 
445 71596 
73345 72068 
73962 39022 
70979 6444 
88199 43300 
8752 16953 
47591 19277 
53930 80654 
86827 91369 
70360 32847 
34474 95003 
90030 37328 
54684 95722 
24549 64140 
86007 98507 
45402 22938 
60494 26735 
27521 50921 
78560 90114 
94582 8338 
35471 53976 
26418 91655 
43884 68555 
89012 34768 
73498 16142 
25770 31988 
33687 86478 
5137 83058 
57869 96315 
54047 30070 
9425 27736 
19359 28919 
18123 71692 
90083 73791 
73301 28094 
82118 72219 
45466 31924 
34134 50318 
81499 45982 
88372 53128 
20323 85203 
33338 93318 
5672 14954 
66723 93027 
30508 96240 
96338 58274 
33681 34476 
34481 23064 
83550 25279 
56838 1263 
25630 80690 
90907 88261 
41673 62277 
70861 61607 
66181 43802 
45920 40048 
32966 75402 
57462 73767 
79193 23723 
6515 55129 
17231 17978 
17678 58892 
95673 40607 
68181 43552 
10055 63033 
91466 71403 
91084 41937 
83553 33898 
93597 59573 
37403 992 
33001 12780 
5602 48454 
67620 29736 
44915 55451 
5141 20868 
27592 6283 
19277 50960 
13794 74701 
98788 53144 
67097 17064 
15171 92310 
60769 51418 
87613 25400 
66326 53607 
44199 99099 
37907 58656 
26925 71669 
6031 15917 
64704 44946 
72595 9836 
43350 44989 
55260 24721 
34439 95419 
63882 1516 
5963 86198 
