39601 69122 
91428 18419 
514 9820 
87785 38756 
59233 53537 
31780 79524 
87738 58661 
40383 74057 
4228 4099 
29624 64532 
35569 88567 
36858 91649 
43305 10697 
17608 77893 
23988 31077 
18077 10227 
7215 90127 
13502 39896 
65434 31542 
19872 81980 
18488 60090 
31919 15352 
62778 44638 
13808 54949 
80074 62564 
70650 92534 
84195 70071 
58709 79583 
45137 74438 
50123 56512 
89702 78861 
53944 16127 
15279 68298 
9521 26012 
69134 5605 
10490 24498 
39452 11260 
88053 47950 
76303 7096 
80796 43260 
10824 14727 
44904 68783 
69139 12704 
13455 89379 
83864 72985 
96381 26804 
90542 16892 
23696 35357 
58922 53499 
73772 34542 
49746 89280 
95732 45418 
6548 26829 
30419 45387 
88922 2624 
57952 77367 
28844 49027 
51541 23595 
44830 4115 
96995 81775 
80086 34435 
45310 61812 
40242 80391 
1708 55120 
93903 81754 
18699 15244 
64934 91636 
53011 28535 
89268 41281 
66617 46639 
30996 75177 
682 98792 
52571 36205 
27844 1190 
12232 43958 
93080 33175 
18035 75854 
86294 55532 
2413 30278 
50809 4876 
93745 23782 
21098 9948 
52147 50199 
367 40549 
5557 8586 
34052 17937 
69139 88994 
8759 86678 
56145 90343 
7918 72283 
91595 33048 
85123 26383 
21460 20561 
74116 91767 
69551 98585 
40358 3318 
31861 58533 
93303 77656 
13876 32614 
20792 34292 
10187 31983 
77372 34116 
97725 86499 
56890 17259 
64034 54894 
6378 71689 
20209 87525 
93019 66314 
54502 40413 
18902 37972 
67035 58860 
89300 30341 
88682 71724 
79382 44642 
27901 63305 
11539 76949 
8138 18769 
50914 84962 
55393 71219 
50279 48335 
70665 13721 
27041 60914 
75162 78010 
34962 20725 
47576 23093 
1059 64101 
82137 21582 
34242 24016 
83789 79373 
76329 79548 
82554 75133 
58444 3278 
92977 60082 
46142 6560 
66548 15689 
5198 28743 
85054 27131 
96623 15759 
21089 93770 
14257 85936 
48246 64390 
11218 86454 
18020 54571 
22513 2564 
33039 76335 
80251 93479 
36964 86059 
35238 93837 
10239 35686 
44089 37640 
7864 94365 
54553 32829 
433 92910 
23423 38912 
82930 31875 
31141 77547 
97109 85489 
15176 36530 
72748 28396 
30234 11325 
30697 9834 
57561 65107 
6317 801 
27868 78204 
45799 43757 
92799 927 
99791 41531 
78446 19923 
88879 32358 
81017 97549 
43681 11357 
19599 46170 
28668 75253 
43835 54867 
43284 86786 
5382 94736 
56560 78004 
41174 90762 
72109 37498 
83809 63202 
39260 55667 
9771 9487 
23060 34213 
59746 18808 
20945 1323 
16951 85930 
67149 12375 
9176 18143 
97216 57510 
8147 9896 
54498 42041 
35858 93299 
8092 53420 
51690 59534 
17396 79367 
86382 86119 
22325 95771 
9393 98075 
60180 88 
64652 37199 
10286 26240 
86432 12999 
45706 40371 
11800 61259 
27713 83339 
39051 41783 
13170 95441 
42554 65554 
57549 31632 
43593 53368 
87055 51365 
54073 92931 
82178 46191 
55391 79483 
61951 50393 
48263 96207 
83291 65162 
11018 14978 
73042 15231 
33591 75485 
91663 48350 
52418 31283 
86992 82656 
97416 35055 
34107 4705 
76438 72164 
73028 21847 
64846 41525 
49866 76601 
38267 25890 
38961 37834 
85142 89820 
73708 93797 
62309 92968 
41920 85445 
11686 8685 
7996 34977 
38992 93583 
8574 44159 
66514 62341 
30995 59751 
11045 83874 
24588 29230 
5459 29925 
13671 99012 
77742 75203 
78092 39500 
24883 69371 
42276 16543 
70642 75546 
66931 67269 
76046 97345 
68947 79756 
79330 97151 
4449 20631 
78107 41906 
37620 2462 
30689 99597 
83581 33648 
45784 49510 
57497 47558 
50194 62411 
84026 64770 
72675 53011 
21353 2523 
58777 6360 
32245 8884 
36280 32293 
90930 65614 
83744 7582 
49071 73377 
15710 24176 
96698 5650 
87290 73681 
44689 93616 
38120 63236 
24243 83281 
41104 75931 
45747 88225 
94875 60181 
84547 46621 
593 56730 
64366 79553 
93459 49422 
90424 39154 
57242 56451 
43828 29731 
36159 62478 
86384 82780 
72608 28818 
40679 67690 
41513 8864 
4185 23915 
22493 38954 
28042 7556 
49566 71089 
41340 55516 
4779 63244 
29888 83788 
76931 45415 
84845 52939 
89469 35155 
21038 53469 
12679 85017 
27396 86504 
14431 6142 
52658 41125 
71067 27180 
48351 98673 
55366 15794 
88011 26477 
42129 11177 
56720 58717 
23521 90356 
58245 505 
6137 18464 
18432 32777 
69653 13761 
72956 40220 
2948 91842 
15150 32198 
97770 40325 
45326 77537 
72266 15216 
6905 28031 
17156 43237 
16568 62633 
5810 60599 
95811 44600 
86198 17984 
89468 47183 
77431 33998 
13118 70008 
26537 84858 
5780 37873 
42169 76826 
76884 46494 
11045 59680 
27235 95563 
20287 4473 
92525 28513 
54158 86886 
4943 80511 
7282 88687 
93501 21440 
58074 54107 
46940 69031 
75892 15399 
44416 38787 
93332 32401 
18649 91989 
61128 74633 
53792 40821 
17282 11253 
36035 70519 
44317 64146 
68777 42476 
58976 22508 
36189 49348 
77213 13430 
49068 3450 
23984 72363 
35144 53140 
12146 59728 
42295 38370 
97647 25559 
7655 16213 
29267 32694 
8147 9934 
50301 10922 
48733 61062 
76871 29346 
63501 92898 
72966 42387 
1684 26048 
65835 85946 
45814 21813 
97031 74646 
62424 67648 
84176 78451 
17057 60400 
76441 37563 
94839 87679 
22750 8179 
55434 55453 
35910 18497 
16946 60853 
28107 54321 
7182 63158 
13671 86665 
42634 63081 
23509 99948 
95690 60719 
52273 78705 
88734 25900 
64142 63154 
10218 81191 
15954 89557 
82199 67426 
17526 89967 
21477 34397 
38094 37815 
27156 75211 
85141 90679 
96337 1825 
27268 99695 
16582 41405 
6289 26227 
8925 18399 
85420 30741 
98395 75607 
10197 76274 
70388 79014 
16658 19438 
30696 45805 
7396 45624 
24570 32719 
30205 41841 
85960 22777 
36367 90612 
81888 52443 
66006 11384 
88906 28366 
6491 72114 
88659 93162 
96519 43005 
97846 13006 
3304 66814 
54149 76381 
83193 75712 
64253 12889 
47083 93370 
82604 63839 
91160 22760 
30328 62174 
20770 35119 
82545 8314 
90650 43547 
49324 60617 
8260 65962 
50567 94426 
98649 56393 
38400 22020 
9050 11071 
51930 7331 
39307 36336 
98760 53884 
20294 99054 
45196 92185 
26624 67081 
62854 43666 
2245 87225 
23181 92285 
97921 41246 
53402 52021 
68134 66612 
67491 78759 
51613 28048 
63998 38419 
64466 78357 
38894 9715 
67803 52568 
96082 69539 
32790 98129 
50818 81723 
15209 55729 
12014 85820 
68912 70208 
98214 61533 
72936 29145 
89052 26565 
20611 97870 
39065 10909 
20627 43955 
83962 38980 
89840 21722 
50809 42481 
75477 17813 
43057 21556 
30449 42622 
8928 69493 
79659 89149 
17416 77163 
57431 70820 
59984 37349 
66654 92855 
68042 76269 
8718 7975 
86351 49844 
60013 56540 
70748 55648 
25536 93675 
84932 27961 
83057 61475 
55506 3001 
42337 73105 
7096 64146 
83046 37396 
40052 2846 
2322 67509 
32132 59925 
98312 85282 
42495 44096 
39573 54078 
71461 59781 
21889 47265 
82703 14694 
93807 86907 
25884 19153 
40150 67798 
7232 33713 
48768 15671 
43134 69477 
49959 15239 
97560 96301 
10279 83643 
47982 68137 
82869 57973 
46394 31864 
64957 11708 
42189 46226 
89864 14229 
11815 876 
85616 19 
96534 92007 
65179 19720 
84025 80715 
74377 3908 
82224 32963 
12697 82257 
24470 15903 
59487 65730 
13916 4332 
83448 17466 
62089 33153 
86873 9251 
1638 17010 
37725 84763 
56470 46600 
72450 28234 
33872 62711 
10328 67716 
62668 3622 
6183 25864 
39050 19293 
82459 67933 
57462 46629 
23937 86644 
97753 44111 
88777 6635 
11797 91218 
88121 87415 
2855 68318 
13129 53031 
19204 46081 
43134 79131 
89893 29979 
51477 23647 
14939 25056 
36653 96029 
84924 8911 
45535 21758 
45616 26720 
22745 73846 
42131 51118 
15629 11043 
74107 81898 
87856 83712 
68449 95731 
46299 42623 
29460 94499 
65653 13359 
57472 42329 
3152 79611 
36615 26050 
31774 52301 
79916 21543 
84500 88324 
85673 99337 
94467 62608 
2885 56820 
36265 90282 
25485 21525 
22161 41922 
35231 30257 
83708 94156 
91336 52164 
73964 10366 
21247 90375 
58461 51785 
1477 66464 
24117 77964 
29981 64737 
24402 7422 
82281 89228 
96415 74231 
12423 65296 
30875 34327 
6777 99836 
49611 46571 
23835 99368 
46779 77871 
56344 33673 
79812 59117 
33492 24107 
54036 49277 
40313 30390 
30901 48653 
69091 7397 
3957 39142 
33254 4380 
28974 19274 
68108 83022 
65018 44880 
14715 37882 
81837 82403 
33353 13034 
15568 31231 
21165 22073 
9552 73818 
15003 95182 
59975 67971 
44921 96565 
97062 4337 
66363 78319 
71737 13968 
39825 62688 
84919 25775 
45635 73654 
92067 41720 
18417 70941 
39097 18849 
60958 74759 
37460 21517 
50395 8017 
65957 34642 
80971 24202 
94782 9377 
97117 33783 
63321 46281 
58185 89724 
7364 7879 
41897 43606 
23728 92468 
37413 37815 
80645 94049 
892 56422 
30840 19505 
46537 17615 
60863 33427 
24310 53928 
15042 53445 
91865 93006 
65314 24476 
22732 21299 
59245 59026 
5350 85795 
67700 42443 
78302 64814 
70905 67014 
15940 17878 
67073 76840 
25548 6782 
61269 76600 
42320 65281 
93890 81675 
11609 83158 
97876 64495 
29307 61951 
31713 82571 
70623 94247 
21319 57361 
75179 16211 
58039 9915 
72049 83876 
42291 49219 
22183 27755 
32804 52186 
27691 47431 
59916 70472 
7504 18071 
88063 48585 
67177 94147 
67400 40191 
96956 12196 
97357 65130 
16672 14043 
36009 58290 
48658 34684 
28297 23339 
40583 24899 
93380 19256 
78959 7677 
6873 75645 
31031 99646 
37199 54040 
27888 63976 
46993 46690 
54832 99584 
50245 31787 
46380 12993 
23793 84640 
92792 63801 
7830 78013 
52556 22492 
94207 91641 
31038 30195 
93641 90889 
29312 3985 
93329 27590 
89184 88479 
64995 62274 
60501 14695 
60079 6335 
95084 90568 
33542 35115 
27944 13967 
70686 28447 
40931 68738 
52411 53890 
16563 37015 
83505 19727 
80486 36939 
25826 89699 
99893 73910 
23683 69558 
52181 75666 
82203 46670 
3226 66674 
61195 88264 
37885 25767 
76748 81307 
66678 62401 
60755 27611 
92076 41587 
14564 91422 
55417 85271 
7127 33584 
1197 78831 
10297 56300 
89336 15360 
34349 25591 
57965 17540 
25314 34725 
89435 87137 
12385 21228 
60387 45579 
48453 52516 
63167 45526 
69715 50749 
70255 53010 
11347 36217 
76029 22449 
55396 30374 
90893 12756 
54330 74566 
81641 21708 
69082 88592 
48901 47940 
83970 14403 
7612 25122 
12550 64578 
89690 11290 
88205 22643 
19422 57801 
41223 22884 
21543 27000 
132 70967 
9615 75448 
19216 53535 
67994 70444 
26444 24853 
84551 61571 
6421 51667 
13276 86121 
81540 43614 
45987 47519 
31145 95860 
50603 69237 
93318 23055 
89761 93200 
26813 69293 
68065 61300 
71673 37417 
68827 91406 
36263 92874 
31883 35129 
55707 62222 
92931 83602 
12133 64475 
51803 69664 
80679 84684 
62164 103 
66864 23418 
38392 39968 
30696 33311 
56689 62499 
50842 84354 
87000 72807 
68170 83341 
29877 11242 
62176 9671 
48150 43211 
56060 19658 
77146 46269 
16650 14576 
69127 12386 
13899 63828 
77748 93568 
31337 23990 
16538 32399 
73643 96882 
31777 35557 
428 25394 
14586 67987 
26337 34513 
39668 68186 
66748 86769 
58852 10913 
75627 36301 
96441 72646 
17513 33776 
90330 87252 
39132 55621 
97972 14566 
57820 5304 
39487 82978 
63685 61875 
81540 8605 
40396 31537 
75121 38279 
45466 91679 
47924 11319 
55117 3680 
17766 85947 
71037 10657 
37321 30193 
6813 29478 
2429 34280 
20298 92475 
56334 61738 
34882 93675 
409 19843 
97383 46759 
78316 96531 
53215 67551 
34971 80511 
80498 52534 
64320 54102 
13959 36676 
50641 24168 
6737 78833 
76926 35544 
23634 41028 
20887 93460 
32873 99107 
84215 6750 
65103 46608 
3946 51982 
38148 31079 
76144 50162 
3940 92696 
81569 42308 
60084 58686 
40606 47916 
82680 83889 
40453 91237 
79310 17750 
71416 84291 
31489 21062 
81113 62654 
94451 52014 
5517 80332 
48761 90389 
63971 83393 
53063 71188 
11646 98551 
30157 54572 
27425 92501 
29654 67637 
77739 80596 
49604 15410 
37659 89281 
66790 73369 
69343 5771 
20770 41854 
54964 80515 
20316 63946 
56288 83307 
92526 82686 
26339 52248 
74694 40964 
29902 16263 
56921 7966 
39124 16540 
19485 49753 
58015 99964 
73168 48386 
95450 8554 
2979 13917 
50035 42849 
36180 26666 
92255 34390 
4003 93375 
29351 22632 
43149 147 
16641 95047 
87909 97535 
35333 15661 
36696 58699 
91333 36899 
37765 10235 
2192 62369 
28110 47114 
30007 4094 
76766 8103 
86974 56704 
29182 6093 
87258 93237 
22870 78975 
43932 72429 
46154 50997 
12961 35782 
41693 72000 
67574 64186 
14302 32477 
45805 58494 
88660 36092 
51623 6216 
76665 48145 
5753 97386 
56437 28347 
36171 56614 
35436 99410 
70206 65528 
68658 99086 
40291 60021 
29532 12635 
43625 98 
85967 85154 
2359 26649 
16851 68733 
55381 39084 
15381 68117 
75381 50507 
64751 10376 
45607 3024 
38998 78998 
49552 54741 
77243 20924 
23801 82166 
3062 56193 
99350 76971 
12428 94232 
9958 54449 
33400 88207 
77399 32511 
68691 39481 
92997 84689 
68249 97856 
2394 18370 
43164 90153 
66239 80365 
24490 49561 
13331 45917 
90983 11314 
24712 4389 
38298 86397 
87322 15110 
38837 24330 
34038 70263 
46230 28512 
43256 68171 
31347 93158 
5684 69997 
97763 89580 
78568 85601 
13770 41362 
38324 10195 
15302 92915 
11390 12430 
79561 93989 
10084 56685 
42666 93885 
25341 27580 
36293 63438 
31449 13098 
48079 40281 
39228 94249 
68463 23476 
93576 83773 
72667 27263 
48920 54194 
693 40534 
71792 96386 
40489 28539 
13660 53804 
89844 56427 
69039 84700 
71117 10408 
84087 14861 
99558 41630 
9036 56806 
60767 60315 
94223 87874 
35741 63267 
13911 99269 
23012 86548 
64702 50879 
46509 36936 
26090 92558 
5092 70732 
89498 41592 
15107 56524 
59183 38147 
20823 79747 
3419 35814 
99320 21142 
87655 22688 
66130 68719 
52642 9965 
95886 3332 
10034 69639 
8229 31724 
15538 50653 
33436 27674 
45426 53737 
64450 81839 
46067 99154 
22468 53947 
48104 78720 
11737 67190 
37004 43712 
15876 83973 
49934 43662 
92840 54632 
25255 97522 
58543 36287 
65406 48342 
10191 37698 
86543 25322 
29527 57787 
19032 13018 
23516 50472 
91715 6448 
5337 66477 
79883 12998 
92168 94006 
21942 47274 
97832 44477 
13020 53413 
28214 6943 
65081 80905 
45245 25415 
82602 34558 
51278 36966 
40461 17030 
59861 45345 
66411 83221 
61178 94730 
24352 29809 
60852 51355 
66592 50363 
69339 96914 
73398 96703 
45787 86967 
26337 563 
55036 30021 
68267 26124 
79346 98505 
87318 43596 
37451 91588 
24786 36798 
2733 31551 
47596 83556 
79571 90428 
44831 76741 
92321 11636 
4802 85904 
64958 12556 
4232 94721 
21030 28308 
94339 87825 
13374 84429 
99967 2119 
969 66712 
57376 2302 
26307 90158 
3898 88056 
10847 55833 
98400 91281 
78397 24313 
95326 75696 
36666 27531 
17086 8328 
95784 86971 
69624 32603 
79227 5514 
24262 36165 
87391 52654 
45220 73053 
6946 68391 
76725 69473 
20156 69780 
16187 15182 
57505 55943 
90671 18360 
54237 72290 
22711 80863 
16863 12757 
18520 32873 
79193 10070 
36706 51210 
29117 88352 
98881 73962 
17166 29826 
84830 15588 
15755 37956 
14445 81266 
84082 63036 
56184 77032 
7803 93058 
17549 13126 
24872 2644 
66941 1953 
19382 95884 
8190 59216 
63742 75103 
79190 27029 
16198 16932 
74262 51169 
35510 39441 
96244 61177 
57469 99722 
28755 21605 
89011 69965 
81688 45481 
14817 1874 
3714 86943 
78595 4264 
74425 58981 
96631 26682 
85697 54384 
84741 63137 
96997 83206 
31423 64311 
2516 78472 
29780 74084 
79432 63347 
88691 86754 
96012 17597 
79774 55028 
45898 28954 
40798 65705 
40647 65859 
48532 39864 
36411 62055 
94394 7473 
92657 60663 
44813 52523 
60884 25579 
44890 24084 
79553 91450 
28698 61154 
7765 89981 
32499 84712 
64717 59935 
68179 69087 
54541 20962 
3363 16581 
46877 67273 
11956 24204 
52364 16159 
4277 49472 
79207 28510 
19466 53376 
82078 3716 
64531 22990 
17837 39736 
14165 53583 
3894 40611 
43385 705 
34520 48316 
51075 96376 
47997 73639 
46685 60344 
53240 1594 
14601 27319 
18342 50939 
41145 54139 
95510 74461 
87655 67042 
6900 96949 
19808 58501 
44138 1178 
58081 45558 
40629 88692 
97198 57132 
60221 61845 
53416 26471 
8435 96274 
37685 26748 
13129 98897 
19984 2732 
40376 75487 
45566 19526 
8255 64042 
87351 70572 
36393 25410 
70400 61425 
22289 20997 
84157 13248 
66818 48900 
6086 10533 
80778 54446 
96332 51266 
91934 78849 
87224 44557 
37753 60589 
83716 40688 
72851 58127 
11252 71623 
42168 19681 
96107 26194 
70958 86065 
39897 83505 
934 75947 
54734 80526 
58226 69405 
58435 95436 
73306 75277 
90189 86944 
85619 40573 
96294 41638 
56384 36065 
52822 46365 
81882 31200 
37500 20708 
46507 53615 
36624 15790 
79975 13749 
74491 10010 
86290 63480 
82600 9686 
93415 49164 
83812 93206 
32086 14133 
52663 20951 
89785 3417 
27210 70064 
1618 24368 
90057 43108 
33695 20851 
6633 42693 
86573 25803 
7317 362 
96437 67203 
26667 97340 
39894 15898 
67804 17173 
54619 80205 
42907 25890 
72563 71864 
51802 83965 
25028 90650 
99799 56209 
19624 853 
23218 641 
8005 1811 
86442 85472 
60211 26833 
37882 4510 
36576 40106 
63893 35617 
1360 39521 
59474 14300 
53627 14909 
42474 75066 
60358 55776 
74092 46874 
64374 50372 
12595 75846 
5399 68844 
19468 88297 
36394 77182 
57628 270 
39313 85837 
69862 25901 
44492 97116 
2317 36290 
36132 78842 
42634 72976 
82662 58298 
75269 25690 
65263 50 
17525 42745 
90408 4053 
89028 54246 
63024 36294 
84647 53240 
65694 83227 
66242 97988 
36326 3396 
62215 69744 
61787 34896 
65448 44725 
8241 5691 
50019 16423 
90257 85320 
84999 34947 
40250 11146 
9664 13797 
77401 20063 
48616 91272 
90915 17448 
87588 23683 
46360 19150 
1127 30554 
95749 9452 
21878 8262 
22185 68158 
67861 77809 
78053 33390 
98892 34902 
82134 83131 
56255 26094 
25476 38217 
50712 83374 
98441 12212 
3157 11483 
92079 59498 
9438 37115 
45851 1884 
96360 97267 
10645 46220 
59335 65166 
71170 40694 
23874 86543 
25027 55919 
52860 26436 
47086 18385 
29459 7310 
77284 68516 
81577 52920 
57560 63284 
77918 39223 
9366 94249 
17969 93522 
87014 45873 
58693 76146 
64138 76095 
69182 25124 
10606 61412 
81253 43643 
95470 12073 
8692 62531 
7855 29517 
40803 15542 
22205 47810 
76936 23948 
46868 73568 
57830 98727 
85726 14776 
66900 33611 
11454 67861 
19994 80281 
95920 14566 
35695 68236 
68376 65370 
79892 56136 
75287 74621 
8132 78898 
97007 44026 
87192 85357 
35969 25785 
63304 45013 
28673 34400 
58677 39215 
49459 77085 
20206 42031 
67920 16677 
14690 39176 
93757 88122 
63397 29508 
93000 99812 
35511 2958 
87737 64470 
74720 91180 
57817 20764 
16184 42784 
47503 26461 
62102 83689 
42618 26693 
23289 84987 
24473 26771 
1444 75596 
25681 28016 
82204 5098 
9988 17166 
32622 83322 
73274 35204 
48348 97550 
16188 89820 
75605 35669 
70143 17217 
40931 24164 
67934 43601 
57719 23537 
37806 44473 
42731 10527 
65532 50683 
68060 16508 
12905 4228 
94404 84425 
3032 23920 
80081 52912 
82892 1267 
36844 75461 
51869 10331 
8361 35032 
1308 81795 
80122 20002 
44600 61117 
90582 86077 
29931 43417 
2497 40595 
18518 53578 
10711 50579 
80038 19102 
8036 93996 
3893 65342 
4432 44831 
50076 48016 
96343 6937 
66624 26277 
12808 89033 
81976 71112 
22925 43805 
40046 98487 
75221 77768 
83402 14383 
53700 75327 
5678 59787 
77582 70457 
88184 47651 
42172 42453 
7661 91031 
96845 8430 
52210 31790 
82775 34528 
10668 92706 
7822 90255 
7034 92276 
18924 25938 
36032 81160 
43335 61969 
18480 81953 
9263 40333 
35881 39870 
23697 3842 
22482 20898 
80647 36595 
90016 26139 
96565 20327 
35460 26292 
21354 35679 
35337 58608 
53157 64826 
61470 70172 
93066 32470 
62537 35967 
11860 55925 
43399 27958 
65112 61792 
39871 62280 
85241 66716 
30486 5658 
99503 12721 
48736 79281 
71484 93880 
59413 58620 
40265 10330 
40848 31065 
36258 38136 
71249 39743 
85599 9019 
51762 11535 
76033 52726 
11501 40023 
46366 66556 
30523 70022 
78873 41560 
85545 9329 
19430 92980 
70196 75444 
23703 13660 
66697 70306 
29360 93514 
49045 64417 
84077 25562 
79196 63285 
17014 49602 
17131 23691 
27461 68293 
3360 85095 
78529 7238 
88094 82313 
26046 80580 
75179 9671 
83207 66719 
20875 13901 
20100 94926 
77614 3348 
23843 92954 
1161 74424 
99894 48195 
45874 72722 
77989 90480 
57303 25877 
97186 13339 
33916 7981 
83682 12319 
70476 21241 
2317 33928 
14462 9596 
58143 96828 
63856 51114 
47898 68093 
9772 11247 
12967 51661 
80566 77418 
25127 73554 
75460 36896 
44324 29010 
85167 4558 
23752 90350 
84597 54886 
1672 61241 
48457 63427 
11672 2926 
84396 16950 
63517 51090 
337 8652 
95227 88208 
22707 95041 
73724 35531 
60522 54473 
26155 81318 
66627 53855 
16889 67488 
81851 99632 
46269 15553 
60457 21941 
36306 84504 
65965 16684 
85835 18286 
95294 49298 
23026 58528 
36128 6098 
56695 69422 
87517 64342 
29535 45944 
76941 40557 
6128 54041 
88422 68131 
86564 82001 
75724 49842 
22483 65889 
72294 28745 
26543 88766 
25329 21678 
8588 43337 
75158 63714 
42216 90752 
73158 18955 
63954 44461 
81488 23369 
33942 57360 
26133 38699 
41788 92880 
81146 13030 
24178 16271 
46400 63184 
71842 50990 
43791 16897 
42682 6940 
97531 78588 
65087 2244 
83054 11558 
10933 68310 
25979 61565 
41261 49103 
7727 81984 
79299 79918 
87564 59142 
45285 58314 
82229 77917 
95450 505 
53746 12319 
43558 10146 
43634 73532 
7555 73289 
57460 98765 
16176 33232 
47499 18270 
30760 92029 
63269 95011 
86054 31645 
39784 91728 
30466 47033 
71607 83510 
50988 35869 
77114 500 
935 95241 
91877 54980 
9680 34280 
42647 79854 
42722 23529 
44163 81393 
97710 66807 
29831 88147 
67456 99370 
74335 60030 
74506 87379 
91290 6854 
83497 27994 
92301 53964 
27312 26839 
75133 84114 
40962 60197 
68169 79387 
83155 12923 
95922 84675 
39654 19923 
46104 15150 
44861 28982 
12594 34135 
28404 45770 
60621 34925 
92105 18066 
10577 70366 
49334 65561 
65096 87363 
13522 64010 
10385 40011 
5575 48118 
7257 74654 
60896 6180 
49941 2948 
55935 1377 
11414 4868 
41446 69498 
12914 32610 
65045 10993 
52206 18474 
89210 16404 
313 25049 
62495 38563 
29618 14424 
81559 52383 
67618 54637 
89475 23623 
80043 26198 
91851 41712 
74713 39301 
36445 58542 
83148 23189 
94234 15045 
20880 3164 
327 30477 
49314 37838 
61620 75504 
62127 49508 
14770 49497 
97414 43885 
22853 34895 
33106 81926 
31964 7054 
57697 36153 
70066 36701 
20897 36574 
59553 33910 
59535 87233 
32267 47487 
62921 13391 
81140 51680 
88812 81473 
56145 23364 
66242 19202 
13909 37123 
24709 51659 
60137 83141 
70527 60580 
81881 43325 
90661 68777 
52753 44825 
1934 49354 
8313 46910 
79235 60252 
31176 7084 
90185 8671 
55759 15431 
35718 57043 
1166 82337 
46100 92480 
67315 14064 
10162 95001 
84269 13101 
21846 56353 
87550 95764 
12654 20863 
3355 28233 
1176 42510 
66651 44007 
31592 78290 
62496 20713 
91920 66956 
76290 62273 
99705 74324 
62205 53608 
17993 21614 
90735 29402 
17615 51663 
16041 25857 
33187 29341 
11716 64967 
69678 17150 
59614 54514 
4011 14727 
40556 73799 
91888 1849 
67986 55094 
33849 78557 
26103 63814 
76602 53118 
22492 26665 
25691 88837 
41950 56277 
23852 84058 
93003 73321 
5719 26264 
71487 32644 
74016 30732 
26639 18671 
55000 47042 
4275 87118 
81596 92542 
58938 95009 
21554 50923 
72281 79076 
14899 56165 
88528 13771 
10071 67374 
79470 4484 
91351 28418 
81276 48952 
71530 97750 
3280 30461 
83241 28468 
94966 90096 
39994 76380 
71503 62121 
53636 14758 
40503 46528 
88851 38434 
43059 35837 
7253 47046 
20655 9438 
3748 7482 
46219 58070 
66037 8952 
12364 3484 
94508 40625 
52758 33898 
4220 41395 
83633 84539 
93276 94089 
91570 54395 
2628 62321 
61000 65229 
11170 97181 
30263 36985 
6991 73104 
88620 74897 
50701 47484 
78236 37932 
35 77012 
44981 85646 
96221 65191 
89772 81088 
22114 60132 
8240 61083 
29680 69472 
70641 72049 
142 10147 
86234 9422 
43935 64752 
16754 91862 
69610 73342 
52144 47576 
50902 49799 
38357 89418 
99429 75247 
51855 7885 
6794 87519 
48302 16667 
54385 55299 
74017 44115 
1724 98328 
17899 75814 
54960 90911 
98816 18371 
85941 65018 
28870 72612 
19287 11344 
66484 75566 
29948 61986 
74912 94918 
97008 26769 
31556 37089 
40786 46727 
91403 60625 
29799 22919 
93893 70301 
81739 76481 
16743 4142 
98322 96700 
22475 15517 
67734 37919 
13863 95530 
40378 33176 
13004 77099 
33686 2772 
5413 11467 
50028 49309 
45304 10307 
98074 47272 
1139 2149 
92430 54833 
31557 60556 
68998 98319 
20973 23300 
94184 5677 
71377 36702 
64990 94247 
42347 27408 
93927 50305 
54739 25017 
47845 73088 
25249 33341 
62961 94375 
78788 75478 
89728 26228 
93530 18472 
30665 34106 
69532 17019 
21841 80329 
75987 2471 
74473 33741 
24440 83389 
36894 95431 
35734 16884 
59164 47502 
16962 56249 
42663 92110 
41375 79655 
35248 11421 
28984 57145 
88893 45577 
58492 18725 
31205 55443 
2233 45023 
14811 9630 
64970 13852 
99336 11185 
24651 887 
89517 58327 
18679 50789 
12 15754 
92751 6277 
42516 58286 
31004 6958 
34059 36998 
15971 47188 
6663 9492 
24777 12776 
58071 70594 
54041 71 
20778 17511 
80087 57747 
42400 84360 
3383 81570 
64199 84996 
96517 35494 
56592 10178 
73553 68616 
20550 35377 
25298 46837 
92039 8918 
19743 20535 
92966 6620 
49916 5086 
56609 58767 
22363 59807 
18067 77963 
18670 12670 
1020 42331 
29711 93106 
50924 17495 
57709 3261 
61725 32924 
4755 79281 
18304 63489 
18060 68507 
30068 5415 
42034 75895 
62437 77372 
35161 13552 
82491 22036 
45703 20986 
22590 31216 
4415 10440 
31538 68540 
84726 31674 
26700 17657 
1282 43584 
82436 41094 
66243 26263 
90345 95111 
99425 66415 
5013 9304 
93126 1474 
45303 6204 
65423 13357 
55722 5753 
96727 21451 
44975 32276 
33569 36278 
9534 17464 
60856 188 
18939 71882 
89269 59545 
86459 79644 
77978 84001 
73893 56148 
14551 72831 
82480 97140 
3669 65700 
63254 38903 
74217 5815 
39641 43959 
329 87105 
72691 24456 
46125 53907 
15079 16277 
86180 11522 
93834 20917 
24151 49154 
33740 39299 
30555 72852 
83450 31955 
47313 95454 
34570 53380 
61498 32948 
30332 24874 
33602 12221 
44927 29790 
76696 3881 
77183 37913 
22011 55647 
42993 91510 
73742 16730 
69741 14645 
51300 11703 
92942 39461 
40770 43568 
30432 78375 
28990 80003 
62634 9544 
73449 4258 
78801 84422 
69122 92698 
58602 10891 
9378 14715 
45994 13185 
2282 37517 
38095 20710 
95873 58268 
55554 91868 
86419 79108 
82947 36120 
32192 86765 
67795 57775 
71961 97817 
45023 8372 
52175 83059 
10030 1043 
99749 90045 
98033 9826 
38351 41523 
39900 49723 
35311 99327 
55459 9100 
83503 48222 
14086 85091 
67983 72261 
39361 54766 
40724 67399 
59666 75 
28391 58452 
9846 92986 
27962 65895 
70372 38699 
2821 98584 
89943 69486 
78085 32167 
75034 79430 
47982 69778 
45665 91242 
50477 71524 
50450 50311 
34682 82376 
6018 48294 
45168 84235 
75968 88791 
73930 47282 
32721 21051 
85544 58145 
52042 84116 
3990 58007 
74404 23499 
60612 32435 
30020 65190 
41880 56563 
65058 57693 
42874 14178 
25432 21798 
27858 77337 
51486 79919 
22800 54323 
12053 72065 
16396 88089 
59531 3932 
25925 14743 
18995 14057 
92154 72224 
33851 91645 
3588 83005 
78095 24412 
14481 21458 
10998 6668 
13325 16483 
93876 91884 
18956 33043 
10565 31085 
29926 22467 
33332 98701 
29474 30671 
54176 70859 
53189 5907 
57807 87616 
59407 53214 
47080 260 
3364 41427 
44246 77556 
5348 80427 
82114 20701 
20323 51253 
68061 15745 
61953 89761 
50797 34374 
7456 95702 
44897 79201 
11399 63430 
71329 58083 
86320 7857 
53554 63499 
65975 89868 
68254 27649 
53049 29089 
87334 21674 
67318 28713 
63560 68300 
52546 27045 
6078 41187 
70810 33469 
63968 31418 
11466 2763 
86158 71802 
68658 50976 
54187 23037 
96017 18538 
90687 42309 
30161 41838 
30906 74496 
85578 3191 
7221 28945 
62694 90940 
37268 30614 
78169 16374 
25210 63432 
21906 2205 
82609 55806 
68767 78559 
50466 93506 
24670 96721 
57230 83500 
66512 98344 
78916 33833 
43284 58385 
76944 59275 
41780 53720 
76905 70205 
84439 96210 
17199 53089 
19183 8943 
40312 4903 
81485 17417 
21505 40997 
57471 73648 
29745 56119 
53489 30479 
93967 81749 
82383 35840 
4086 49326 
9620 22229 
10654 38658 
63440 25420 
99645 63489 
2365 78198 
9602 22127 
50710 89861 
27189 20010 
58093 40307 
44196 53230 
12555 88704 
84121 27288 
38484 21064 
9698 73728 
40375 38486 
4057 18797 
11347 18392 
77704 52927 
11369 64766 
91089 47562 
34326 253 
98266 66752 
25320 42868 
10975 24931 
80021 53181 
54478 49433 
56429 33995 
36548 16530 
56038 13884 
79264 43203 
86213 48358 
69582 33293 
98482 28050 
69148 96384 
8471 91938 
86405 80455 
42407 5494 
54771 85262 
22348 78555 
79512 52403 
97750 65794 
12914 60133 
54507 13855 
92440 86273 
84239 93542 
29799 40923 
76421 82869 
70185 12185 
3824 47377 
50431 12760 
7806 97789 
72411 63000 
54119 91909 
73746 96897 
22209 87592 
21728 31502 
11385 46702 
78332 97368 
95763 36152 
84300 87889 
36567 71434 
88489 48781 
65133 496 
5044 95453 
82898 31395 
15392 15627 
85659 65823 
44700 87366 
8585 12450 
33121 18494 
5715 18942 
91018 92433 
23102 79606 
74332 87595 
98308 46767 
41344 22726 
20589 98344 
55322 68975 
15918 91501 
78865 60970 
78892 62823 
65266 33804 
59605 19165 
89772 10593 
27739 132 
79380 66149 
78391 83094 
93620 96311 
14588 44703 
80787 29602 
39950 89062 
84138 28150 
21651 2044 
842 38163 
38589 93651 
2764 66789 
12602 45920 
12691 81774 
31577 92532 
92163 53129 
12509 18132 
37817 81878 
19795 80277 
1997 89948 
49483 25028 
50350 77416 
13762 88355 
44220 88573 
11564 49889 
88906 66632 
51023 32944 
20145 18429 
97371 25336 
10712 55087 
55931 29211 
66571 22362 
64017 34886 
47788 85273 
57826 53688 
93214 85637 
820 37807 
49956 48215 
8649 61392 
8731 71496 
82304 36419 
24434 2450 
65976 89330 
57579 61156 
79032 29961 
6780 50777 
32512 3026 
14988 61158 
29763 24185 
22967 50170 
68051 67710 
12317 65941 
3466 90805 
27328 55239 
14916 50819 
90047 88534 
4696 95953 
26165 20630 
2901 87435 
682 97271 
849 41769 
21763 12765 
24725 65313 
8828 21397 
74819 90274 
36598 6301 
98013 11141 
60713 13471 
31567 63667 
2478 65695 
54829 84657 
20401 81461 
12108 40186 
24412 37289 
24761 12281 
94994 28396 
93457 89667 
53946 2276 
2592 16895 
96056 62502 
78024 17950 
31749 65957 
16551 25411 
9547 65681 
984 14275 
84212 83675 
38187 60771 
71521 33239 
9143 20791 
83813 48811 
99851 50011 
71862 22758 
89807 68343 
8032 93244 
10828 5048 
33315 74984 
53168 47660 
56569 75652 
88118 57807 
38082 94642 
96739 10087 
11636 58059 
42887 56345 
99250 4057 
5331 17012 
51088 96001 
88609 53613 
99312 7473 
65101 82116 
49152 92723 
61903 45483 
43059 28967 
95191 75596 
24535 92778 
72091 39694 
97080 11836 
25456 84490 
20656 15431 
20487 62355 
13181 92361 
73818 48264 
27790 53253 
55435 33638 
57934 85834 
1743 13779 
81867 86302 
54109 69309 
95675 47731 
51370 78795 
99714 87266 
47097 89742 
97178 97937 
92798 18148 
35485 17983 
26779 43041 
71283 20896 
35059 11732 
68060 42704 
5506 73926 
41755 79591 
79269 18450 
54168 8508 
14624 95014 
16622 6242 
17510 65238 
7013 68250 
60321 42144 
22265 57597 
5915 45344 
85147 46432 
77347 20380 
99531 47734 
65508 44966 
1383 73396 
46596 72329 
84124 96245 
89299 42418 
86486 38222 
67583 25431 
18549 54690 
59139 48944 
67431 35722 
1826 99840 
67868 99231 
878 85334 
44978 7924 
28142 83555 
36536 2317 
31314 13478 
80338 5437 
75888 6432 
8589 21323 
75470 66991 
25689 19084 
27143 69715 
58434 67023 
57696 50068 
58316 57194 
3869 12740 
4523 39803 
95127 98693 
3133 68947 
81042 23436 
3170 46484 
47006 23343 
53356 39161 
91791 24276 
4771 35670 
98384 77345 
24094 4909 
15546 90315 
19703 14483 
81724 20005 
98620 69362 
65218 80947 
66161 34610 
64910 68659 
52089 13243 
14421 92043 
97200 60513 
59187 58795 
62471 29287 
30760 60082 
29251 57732 
25544 56371 
43464 30091 
6189 74944 
19368 64141 
83062 91477 
59147 4760 
467 82981 
63479 32068 
47723 7485 
5146 24715 
38716 87026 
12912 54150 
55227 44825 
66074 24080 
29109 74972 
31443 10840 
46300 3521 
84015 5019 
91691 33555 
40149 2430 
18033 53640 
97815 43423 
14354 28996 
22328 53496 
69754 87786 
37937 95337 
76992 61134 
85745 2650 
96955 34776 
86668 29512 
9829 22692 
4474 15500 
11787 78657 
38420 36482 
76954 20311 
87608 83684 
93640 52178 
19901 89549 
1077 39010 
47084 97903 
98320 98883 
54926 58067 
70509 56689 
61914 7810 
79344 22945 
83623 98420 
94402 40334 
61066 6670 
99867 70899 
70811 73084 
97237 80560 
72274 3670 
38755 14400 
63304 73156 
68607 46123 
9031 71772 
19314 28157 
80915 44755 
9289 65056 
93044 84001 
14211 82179 
50928 44669 
39621 64063 
34411 76052 
5074 92473 
20786 75649 
61216 22806 
16775 98124 
309 99338 
8792 76744 
88012 24741 
59739 43845 
39644 67390 
77548 69055 
87680 11121 
55798 69207 
38903 26470 
39943 82308 
99404 69832 
4051 39375 
53548 97556 
32410 12635 
19055 15683 
87963 66287 
64488 72845 
15258 86953 
67766 43799 
69443 24909 
14672 44118 
84813 34331 
84925 62759 
96503 61060 
49989 98556 
7159 89735 
11610 39112 
46759 28680 
42986 26128 
8221 80544 
55468 9925 
54049 19439 
2920 7693 
79976 71228 
53068 44983 
90423 72579 
660 77974 
87548 66573 
70730 65307 
781 77873 
61953 82519 
86946 98854 
9860 49611 
12415 9604 
7573 72815 
88231 49329 
7791 85341 
66724 54436 
43866 8672 
23853 79472 
50159 45952 
45380 21086 
32207 62040 
6942 72303 
35824 1040 
88179 44677 
90885 41379 
89310 9236 
60345 90995 
24886 23668 
7934 80740 
53934 32809 
9041 22789 
68297 52242 
68417 62684 
1681 70713 
75640 68562 
40816 36061 
24694 69192 
17042 21487 
47532 73641 
31795 4255 
63172 79695 
22645 27279 
23650 5616 
7906 55559 
46066 60369 
57308 84074 
55991 1144 
23814 1468 
31679 13843 
37396 64761 
30784 92090 
5417 94320 
1723 83449 
86257 55442 
30338 17672 
2910 53177 
49188 31161 
41490 30368 
41569 54230 
35954 25417 
5285 33359 
74816 15899 
2229 19276 
78196 46904 
8968 63573 
84327 18867 
856 31453 
53425 88649 
47559 56319 
43860 19753 
71453 33052 
40615 2838 
21989 71204 
19278 56038 
48916 6721 
10133 6121 
15167 1408 
86415 46151 
76228 43019 
38362 63055 
67000 95703 
10451 29386 
79427 40433 
73022 57589 
84572 88147 
71490 22175 
51379 44523 
46440 65488 
40999 54583 
46095 16127 
10349 57825 
59048 65572 
41486 40097 
79557 68204 
24412 77144 
80360 52677 
60085 26571 
8650 58434 
17694 39898 
39706 40223 
75678 34466 
19662 15549 
99478 86129 
3983 65272 
60709 77984 
51432 35946 
82182 67849 
64686 33978 
1161 17744 
78192 46344 
79224 62334 
81496 70313 
51313 80113 
31962 85551 
98792 71027 
54674 55958 
51781 37340 
49266 5710 
74538 10685 
23539 74263 
64360 67621 
51937 18429 
99201 28399 
13295 96144 
2190 39247 
96776 36181 
52187 97153 
77463 70824 
58751 87966 
53835 84361 
37114 73533 
8195 9313 
64212 81713 
98071 84397 
70339 24249 
11731 73497 
22641 91830 
24170 33303 
86484 53099 
71263 8748 
8599 14934 
19271 30060 
51978 85023 
44468 82929 
26633 14567 
53380 24229 
2624 88882 
67993 19702 
62175 76759 
72232 87163 
46216 45597 
66136 39009 
77377 98668 
2360 31238 
96212 93313 
85994 42636 
30378 54411 
3148 27471 
27487 6194 
6364 7739 
21547 7244 
25630 96924 
70178 88517 
92627 76221 
95184 62227 
62792 76286 
82634 90696 
94912 52867 
50221 78515 
1154 83017 
69491 78871 
11793 50102 
38426 85409 
8397 30458 
35889 14714 
66777 42288 
53634 71323 
16787 68281 
93835 27084 
69863 17432 
40506 39791 
87183 48679 
61744 82173 
61435 39208 
76346 51662 
63374 43689 
23166 83789 
60739 57172 
4490 97628 
51522 64030 
35708 60409 
66234 28074 
22773 70216 
84481 54854 
6177 20650 
80063 36149 
55602 29393 
55738 68800 
72958 83791 
53918 25273 
63136 80919 
32771 41732 
61635 16992 
78566 80892 
66105 11592 
84556 21570 
4882 35849 
64295 24592 
89775 50526 
83020 25585 
42625 49930 
84555 9221 
55571 50597 
63186 26562 
43510 59922 
80048 27444 
73877 9206 
51776 93214 
13671 38037 
45543 71613 
16542 72492 
99053 35249 
83834 48323 
46679 7866 
72575 92142 
73649 28458 
90755 88506 
39017 52322 
15586 28933 
5160 20242 
94024 60017 
86608 62274 
36451 22153 
84258 40952 
94231 97838 
2352 80275 
19741 69032 
55100 71431 
43532 16813 
57395 93990 
67422 83334 
59799 42161 
64615 56050 
31855 99729 
98343 27245 
19702 64396 
19083 28079 
4114 82529 
77022 35699 
63274 18670 
91280 4384 
965 50692 
50258 77282 
35321 51086 
78562 93963 
55868 87658 
95071 20856 
47342 52747 
4037 96549 
47580 9113 
6494 2037 
53765 22760 
92791 37139 
16436 38216 
78734 8685 
63826 40164 
77603 13465 
80529 36838 
58206 29521 
23873 95199 
25190 13057 
99070 55702 
71974 35039 
29848 55293 
98963 81528 
55188 91324 
60095 84825 
54718 66172 
99341 48724 
55430 62625 
65396 80457 
614 13459 
47622 44392 
68235 45131 
59194 8088 
10461 95182 
4429 59986 
48651 25627 
6474 39892 
98835 80561 
38750 38267 
21541 65171 
99044 88483 
86846 55470 
88585 97335 
20568 83360 
10179 33460 
50789 79967 
79213 20725 
5208 1722 
49268 64225 
19332 8283 
90108 70225 
3064 9144 
19990 8197 
79024 46658 
86496 3032 
49743 37213 
10523 38586 
72863 49412 
56593 99912 
23568 58374 
69303 80839 
1706 78653 
20522 35989 
97377 44773 
44856 61930 
63286 77995 
1934 50802 
54694 50707 
93218 71609 
88595 35694 
78350 99290 
42520 6542 
81441 29764 
60405 37581 
51228 90317 
58018 37006 
40732 79032 
23681 35192 
1780 44400 
91359 41750 
47709 46803 
22675 79468 
23563 27276 
71992 1050 
37312 45752 
24439 95446 
47832 40938 
90598 94565 
75872 7048 
13541 98297 
2704 78796 
94009 46016 
47862 65373 
67744 76126 
72125 76589 
75336 31701 
34836 39890 
49411 89918 
45663 15702 
6597 15718 
90083 80316 
72411 66016 
75147 60520 
86085 99795 
37501 72216 
29276 81523 
79161 36458 
97762 618 
48217 20685 
88390 68030 
61411 80321 
4933 92547 
73456 56538 
95967 84038 
33983 19611 
25469 78603 
37188 34157 
42586 31490 
61504 62453 
60844 77632 
17061 15139 
79052 16785 
67223 4749 
76259 40520 
67134 56880 
91336 81669 
67028 86221 
54100 33365 
60928 50233 
69380 54408 
22417 51979 
68018 50484 
58321 75393 
29513 96602 
28430 1251 
49881 45149 
24778 70136 
75255 46069 
77570 29918 
46871 90951 
56460 29557 
6276 81159 
65720 98495 
90989 11671 
89703 81458 
10261 56904 
31072 82199 
28232 42554 
98404 6504 
97465 88389 
42087 84743 
79713 10878 
7810 97312 
62718 81743 
75503 22495 
31984 48706 
78241 75599 
84630 38125 
50398 10653 
78831 75709 
37257 11532 
96790 81109 
9333 8056 
61804 14964 
63779 14424 
90700 82856 
62590 2299 
81755 29596 
52687 88914 
35222 89461 
36509 41764 
78631 93172 
13414 75770 
22301 70864 
91958 46231 
1818 31733 
81038 21464 
73727 45724 
3933 52699 
18267 351 
43400 45646 
68707 56632 
18322 78053 
30697 82107 
12759 672 
77006 96072 
26831 5230 
3124 22371 
95498 42312 
7431 8505 
26098 24516 
15982 36294 
38404 55795 
6414 18978 
52014 86612 
98113 52377 
55024 6315 
66465 63633 
5250 49124 
7881 80028 
60629 8154 
29265 22534 
9028 23100 
60673 13989 
69285 31548 
93151 80167 
65135 51264 
25070 13525 
31566 91451 
59776 64035 
99197 74588 
34933 19262 
16403 87325 
79697 36723 
11242 68839 
89681 95578 
65600 88104 
81657 41824 
72550 57748 
40027 11415 
74533 81471 
95336 29120 
34817 34429 
81429 97423 
77529 31588 
2330 9409 
42648 47702 
2538 42322 
41472 14421 
75121 14370 
65383 34957 
60883 16359 
96116 24800 
88806 61844 
89295 8192 
83092 34774 
54655 74348 
15361 51946 
36146 24879 
11878 99141 
3035 24438 
35184 44372 
99143 283 
47089 79500 
61546 23293 
25704 92309 
12295 42888 
53063 25142 
47201 41393 
11807 33337 
94185 19565 
29569 16963 
90413 24317 
87852 62701 
32190 82125 
68593 99267 
84499 7160 
46045 39362 
98138 11887 
44230 53907 
71506 59673 
70921 204 
11445 63920 
7963 4652 
92899 56261 
84728 82791 
90724 17589 
86577 64686 
58609 89983 
53442 82068 
59898 65038 
4981 65110 
12959 74687 
88217 91396 
99829 94269 
81214 27350 
996 4438 
2002 3302 
61471 48442 
65877 67356 
63723 64353 
6115 70353 
81568 68046 
23282 44492 
15773 12014 
56524 51527 
66923 47576 
76563 92989 
84010 73572 
84615 94480 
38226 63357 
64031 98873 
10608 23701 
72191 29101 
49492 54160 
79023 10244 
49089 43538 
55496 72741 
24095 61252 
90532 93803 
6858 75745 
68005 72507 
73430 59504 
66851 75512 
12749 20835 
56757 35018 
89211 36222 
49538 28290 
13079 43913 
31996 19004 
25427 99329 
49926 94618 
24758 85951 
34886 91148 
10964 21529 
65477 56957 
98933 98767 
33060 70550 
58921 52117 
38226 93869 
73714 47815 
78777 12222 
63614 53055 
2589 84720 
19480 51958 
89447 4982 
1310 40966 
94793 50872 
5282 54344 
35287 84157 
75687 41676 
21205 46238 
39868 43533 
43885 84471 
74044 88964 
7819 35109 
65829 69013 
56426 83524 
25271 24136 
78163 20122 
10405 20255 
95347 11234 
75609 78081 
31896 8283 
21442 63431 
28197 25651 
23193 42447 
21368 27914 
42031 54949 
37454 80518 
77412 61571 
48388 34430 
2343 75942 
31072 34984 
34095 1806 
28491 67831 
32169 56849 
53526 80846 
82540 79895 
94951 49793 
22689 86235 
82109 87720 
85396 57018 
39811 33271 
90978 22976 
18267 91530 
97423 30160 
14197 42465 
25770 55973 
8711 76701 
14142 77444 
35190 66091 
17991 80515 
56096 27451 
66383 39065 
71493 91796 
4587 85438 
4021 48575 
1758 40461 
5200 94646 
79144 70226 
6112 81101 
19071 89375 
91899 17564 
47834 36187 
13966 63224 
46675 3436 
66384 6595 
34194 20852 
43706 11893 
80800 49903 
66256 88918 
61255 69729 
5932 25455 
24861 4219 
70655 6469 
64533 64559 
8811 32737 
95765 59006 
76407 43078 
14407 52216 
69091 38960 
88233 40149 
58842 8013 
51389 43381 
90793 43881 
13152 11603 
89556 63809 
62805 75148 
96354 32539 
50968 75576 
8373 11288 
54413 56683 
19980 64017 
86145 99706 
71780 69651 
95455 42095 
97979 8588 
13696 27902 
25100 14536 
40670 99644 
15837 8654 
33813 56462 
70666 61926 
57787 71437 
96809 63856 
75593 82131 
29262 10815 
14004 42749 
41778 65754 
15899 53719 
17100 82499 
99972 65111 
55160 32464 
84353 83942 
85592 19401 
94807 2301 
16617 18639 
70488 3102 
96193 31314 
630 93386 
83338 1194 
74065 61271 
27566 1951 
170 51949 
32664 66155 
64578 10602 
37348 93694 
15929 45645 
79810 47036 
40966 24414 
25782 13435 
74432 25227 
30460 90112 
7530 34691 
73464 27399 
4080 97183 
53002 47011 
7096 94642 
50496 37831 
20113 59116 
80151 19980 
77415 97943 
19288 59457 
75211 42025 
74751 10250 
21837 11333 
78286 58586 
79238 28612 
19502 44858 
10254 2172 
18898 42763 
16646 41757 
15387 82345 
51347 67623 
92861 13849 
15060 22319 
98558 22703 
2139 97090 
12340 22435 
43560 40372 
10460 71964 
5878 24561 
30009 86458 
44163 9053 
80936 36830 
74256 52478 
71388 61940 
25038 95132 
9107 49726 
54993 53798 
16691 78703 
68960 45462 
51766 49672 
50791 83871 
54464 78989 
35516 73447 
54065 69355 
80671 58774 
54268 21848 
60585 74661 
82267 3811 
99728 81760 
30680 41193 
81612 65769 
43311 61083 
18294 24431 
95872 70422 
42170 65883 
969 20269 
86542 94313 
23036 71483 
54357 64499 
23358 47332 
35540 45439 
67922 31278 
22514 45149 
21568 44072 
90775 13606 
20750 13303 
56805 58915 
64181 30654 
99154 82935 
85771 77407 
30148 66947 
77431 87071 
35510 15372 
10729 5561 
57043 96112 
65791 3942 
79615 99783 
13503 96533 
97782 76934 
12733 18036 
79730 2267 
78185 17353 
16584 57954 
46443 32901 
43694 24345 
17866 24462 
47148 15649 
80240 50009 
23574 650 
26389 92441 
44157 4054 
62486 60787 
84898 92769 
66345 13198 
24235 13238 
95730 74932 
76474 60877 
65563 53513 
24883 30752 
9863 85414 
41814 19794 
19377 83832 
34907 25208 
99057 95529 
38193 11118 
20917 16194 
74845 96124 
57236 58425 
54332 48068 
66709 14187 
30923 59179 
71855 4463 
42747 14678 
9827 62828 
71045 61002 
60761 56826 
7765 25984 
57891 11237 
96336 42666 
61877 60752 
15220 80843 
38146 26030 
6756 96001 
10506 76789 
14862 64030 
76915 18284 
84294 81872 
63987 13457 
91470 79239 
65668 31997 
22263 4577 
58503 99719 
85707 19656 
10993 6908 
54217 61489 
7778 22632 
50721 7706 
90720 53587 
60990 12088 
78444 80591 
35508 60656 
63473 3675 
59383 35528 
1842 27537 
11056 63684 
3904 23165 
1024 70875 
7016 8540 
80283 57066 
60897 1619 
34888 59156 
84675 12122 
37789 69125 
60974 55211 
12029 31362 
16879 89735 
70428 51576 
4205 6483 
36007 11549 
32225 17773 
14732 98910 
24857 28702 
87547 29166 
71284 2504 
12182 58459 
14070 67727 
76938 59766 
72077 53326 
28360 62783 
26812 79247 
2689 38225 
10328 74728 
26983 41015 
20382 44305 
19949 13628 
54285 52346 
14851 90810 
96732 50995 
47226 39942 
18856 33509 
98707 17534 
45866 55204 
64898 21629 
28838 27667 
20033 72342 
12585 58316 
84055 58344 
25998 77087 
58807 45769 
33847 64748 
89160 57844 
79771 73207 
22210 98500 
18998 7227 
83072 11260 
86349 19044 
59337 35928 
70151 52673 
87932 49869 
65913 63041 
67884 58173 
64974 26608 
80423 27506 
92790 54752 
83869 42179 
49147 18960 
64939 97763 
18282 97740 
70367 37536 
10763 59164 
13154 80097 
70950 102 
46300 82677 
33934 73442 
23526 34016 
44110 47982 
21282 73076 
53862 62165 
79245 85462 
5306 52493 
27546 38099 
60660 60169 
8135 74530 
87523 45418 
64957 8141 
24160 67942 
73039 18689 
46924 24086 
135 78698 
36995 66542 
46185 10610 
96846 70817 
85706 3002 
98221 54162 
46064 94773 
52847 97325 
90682 69874 
84727 67216 
40331 91976 
48560 89464 
58006 48426 
82715 73851 
43236 65887 
7114 52722 
30259 6257 
76515 52760 
61120 50792 
77897 83832 
9560 32776 
16983 95198 
64464 84664 
73425 18913 
42658 24309 
16775 93091 
90037 16705 
66072 33515 
47252 12611 
44739 1118 
1635 83498 
29446 94970 
20536 43441 
16704 85672 
62939 72906 
34158 92429 
95994 36820 
4925 98578 
1002 19863 
32758 94987 
39460 85643 
13452 38469 
63884 3200 
93605 13277 
459 74251 
91694 87696 
950 37638 
68435 64929 
59839 23633 
83430 37683 
19343 80097 
3391 69283 
39714 94876 
33544 40598 
95158 94457 
28280 21746 
66742 7521 
99755 50243 
42813 43916 
83826 23187 
4733 54456 
41583 40047 
71158 5074 
71686 64754 
97619 19986 
83847 11061 
79812 22905 
36983 93510 
88805 32729 
76940 27832 
74270 50735 
18145 9277 
7895 9970 
1154 45062 
3268 44378 
23780 68077 
40837 75114 
87320 12928 
46944 4577 
21398 92562 
24473 54890 
51027 73969 
9300 86867 
47698 14819 
31540 87928 
62690 89415 
93479 23034 
75225 1954 
37112 1364 
727 57862 
63385 23284 
95140 39827 
82511 37116 
60115 14173 
20141 53266 
872 75342 
77707 34451 
13585 21501 
46923 5110 
82430 42679 
8204 508 
47730 94330 
669 6594 
66122 23860 
37453 25406 
21286 15408 
54185 37593 
59459 19031 
20788 23575 
17851 34484 
17170 47959 
86009 26867 
71904 7958 
90310 61722 
89656 95955 
19960 60474 
47905 28717 
19233 93690 
26408 51395 
55166 49186 
43917 33093 
32504 34819 
15768 32631 
68433 1655 
13306 28053 
58461 2211 
1482 71516 
61819 30605 
54492 52362 
9796 26696 
1020 25507 
93707 64665 
30392 89735 
20489 88030 
98892 81016 
33420 97651 
11501 79694 
83049 47115 
18497 17185 
99144 50696 
58630 7777 
58311 63139 
1001 24192 
63921 47625 
86307 81741 
55064 8526 
44772 95258 
39482 28953 
72873 25397 
1782 19583 
83883 36474 
72686 54904 
8272 46719 
57708 45742 
9198 63602 
14321 72844 
95563 61871 
35573 85275 
60563 79980 
45049 49510 
47162 81781 
33199 20388 
43601 54684 
68246 93432 
41829 92916 
96270 89573 
49651 45076 
4508 17940 
33431 88894 
59519 60113 
82347 32885 
47593 20143 
27469 34570 
38611 88629 
19360 67962 
66558 76268 
66412 69241 
69975 82566 
62817 38841 
63857 78757 
89833 80606 
20865 496 
56919 14264 
24173 65507 
60380 6131 
16898 54141 
76260 24793 
13739 16648 
71583 43447 
59353 4 
13379 78653 
14921 19241 
78522 76431 
29483 33486 
19043 30963 
5831 25301 
17362 48606 
2109 23405 
73800 50467 
19721 53518 
4787 40505 
15769 49776 
94289 52935 
43946 10087 
33331 32636 
71676 32776 
2844 95355 
43241 29014 
3632 60682 
58761 65754 
13905 50061 
17089 57312 
59618 94599 
27055 90197 
15741 2942 
25942 35459 
17655 98223 
56692 75537 
51007 44873 
46062 48521 
5645 51051 
94781 91685 
24660 50498 
37750 48327 
53123 38820 
57425 87188 
92726 63520 
36718 72079 
98345 44538 
19148 10899 
10462 32629 
3385 7800 
3387 96597 
36995 40050 
43408 67214 
89850 82006 
93280 55613 
81572 2614 
69849 6989 
9315 69985 
60186 46637 
72294 6854 
28213 24695 
17720 54088 
98638 68367 
39097 15950 
87901 5994 
42360 80408 
62851 36018 
57897 30582 
47089 75711 
17238 89249 
62130 39472 
32038 67378 
85999 64564 
9938 19767 
35386 23366 
17022 46104 
29154 35512 
49767 14184 
70769 20745 
10763 23487 
95151 13876 
91942 71953 
61450 96927 
56642 36576 
37450 90361 
77580 29271 
13547 85225 
31627 43511 
4696 91130 
74267 64336 
47227 21151 
16726 74606 
74105 34062 
6955 53730 
56997 6766 
72030 31632 
36406 15338 
13974 30319 
22185 61792 
63627 98186 
35877 95501 
87905 18067 
83651 43145 
14630 49044 
93975 79118 
86094 44152 
27724 39523 
77613 71385 
70085 7202 
20559 53768 
43386 72686 
50689 35777 
37900 6514 
62073 78017 
43722 62073 
84529 79814 
80942 64905 
18172 30267 
67655 34399 
52558 92298 
35754 26825 
69860 31377 
2963 84869 
81612 10853 
36264 28150 
76785 89178 
96622 21640 
65313 70866 
37847 14454 
85632 82591 
43461 50202 
7435 68643 
24587 11885 
1522 25792 
69173 79275 
67518 26664 
28279 44767 
7162 12792 
48672 54905 
6001 73846 
12656 19084 
39526 67841 
25829 54371 
51140 78684 
1384 15974 
58826 52034 
25599 96551 
34972 98172 
53321 64385 
69538 1521 
74543 50398 
70597 30391 
13565 87022 
78252 97701 
70784 48155 
68038 83662 
93811 38739 
98114 94795 
69388 34947 
10949 141 
60516 81504 
34612 55189 
74198 11407 
41433 96753 
34407 65081 
12490 67944 
52140 50961 
25236 11370 
29838 7582 
28546 50844 
11008 98413 
94585 67092 
87504 95007 
40076 61398 
6747 81487 
90941 92554 
79048 43932 
23738 67170 
71251 91946 
54910 61127 
87057 96478 
64599 50826 
76692 17940 
35613 36919 
88973 41697 
60124 50306 
77388 34224 
16744 40457 
98430 82530 
48885 59490 
95243 81882 
81614 71937 
42537 92458 
98743 39763 
39750 94199 
64420 54953 
78621 31006 
14280 17869 
78599 50322 
60020 88569 
78940 12224 
48234 70430 
99879 63355 
89480 20642 
36892 45301 
26715 20546 
31918 34520 
43648 80285 
73227 91435 
22963 96843 
11751 30033 
52033 32352 
45779 6121 
39406 30366 
18247 62325 
49241 41846 
91244 60978 
82800 89723 
10904 82264 
36251 61133 
52497 64263 
42199 79846 
40332 14006 
58778 77855 
69991 24222 
4533 54778 
21439 89119 
50004 86435 
40734 24401 
67556 19868 
85326 61621 
9933 71063 
73362 5071 
34922 23769 
50927 10577 
18640 13052 
92839 69902 
3176 65625 
82384 61885 
5675 60457 
73275 62027 
75394 67844 
23196 85905 
22900 22841 
2399 78642 
61268 89839 
23146 52561 
93004 79097 
6193 18270 
48381 83138 
99017 50559 
30981 11191 
87201 79849 
54450 13242 
95123 2367 
60829 1735 
55037 57759 
95294 98634 
34670 31591 
74730 58273 
52595 1957 
28299 42320 
77953 64393 
6990 52181 
6490 37339 
56142 56297 
28414 71585 
19989 85047 
55238 61476 
540 4334 
52570 83045 
24420 20454 
33689 64873 
80791 13466 
4835 31097 
81073 44033 
17237 42876 
56873 29587 
73244 4490 
56439 39684 
54310 93384 
21861 17519 
87096 19617 
29389 94857 
40673 19492 
53439 30979 
52530 40625 
71203 72786 
14040 81217 
59263 2797 
7064 5042 
46205 14553 
72527 65439 
75937 30809 
9088 36566 
5282 58899 
45448 68209 
6384 59796 
3345 51671 
69544 92636 
69985 8545 
5364 84856 
28412 91641 
26385 69591 
52234 17883 
47904 26627 
57191 36709 
85233 60937 
16146 74299 
40415 53715 
86436 83908 
65221 24828 
68883 75655 
59256 52742 
16315 95294 
12084 8209 
36106 70815 
26509 71405 
86041 48182 
66505 18709 
45696 93052 
57733 84918 
56580 44027 
31219 29491 
63446 64813 
41463 61246 
56444 57588 
9101 4967 
9220 67954 
35222 25514 
31596 33035 
9535 60247 
7105 98613 
87803 48987 
65480 58614 
45310 92237 
48068 50842 
22596 12995 
60189 76534 
67312 45260 
68640 98146 
41721 23220 
94783 9695 
9291 99089 
74126 67072 
35731 74713 
1781 11918 
39952 92302 
59884 21981 
8662 93042 
27842 73302 
44636 18823 
9155 5155 
53173 1963 
69640 37357 
83874 60562 
70992 1366 
35567 92993 
962 11552 
1065 44034 
46779 21060 
75441 97297 
32035 77915 
76539 33844 
38871 21287 
29740 85254 
67106 35332 
50287 942 
39865 8527 
15975 44112 
51280 30180 
60614 28526 
66013 92541 
34372 9115 
22638 56939 
70978 43487 
63301 85401 
73721 48494 
10658 35416 
82286 86293 
39707 64825 
10689 27707 
46939 96236 
52915 57189 
2149 45974 
37356 3333 
79252 31221 
73710 1624 
1648 30838 
76754 21995 
4937 90320 
70245 22772 
15207 29355 
71158 24707 
64653 31708 
29596 34056 
17938 71408 
52906 82046 
62506 56712 
73895 89559 
23945 53840 
32511 10523 
3562 86199 
27943 55207 
99470 91620 
63832 45555 
64769 60059 
53123 8628 
76842 67311 
71058 71429 
40291 66438 
44909 80565 
22711 97972 
47292 33639 
27289 32350 
16209 75736 
39115 63643 
59483 83995 
43141 32313 
13824 36043 
870 66542 
19477 33897 
90144 96650 
40287 34003 
57825 15131 
5951 16151 
8682 26096 
78339 9304 
55461 52170 
47005 80735 
84904 44350 
40319 86373 
52392 70926 
98166 74894 
3915 45208 
89724 35846 
38249 88654 
75569 82958 
64488 15932 
7209 67830 
80486 71499 
29095 26270 
96333 43481 
98297 69853 
53601 29968 
65213 48625 
45918 35249 
65053 27383 
29318 29103 
54308 37602 
21868 10954 
89001 89817 
31210 82491 
82253 57173 
15960 47319 
97539 69821 
82313 24269 
30980 92004 
40724 82174 
11120 88919 
99221 78249 
97845 28803 
49662 9641 
93477 7222 
11185 68305 
88517 25147 
31113 23016 
52132 178 
7746 39178 
43185 41135 
91770 87017 
61481 70245 
43391 81814 
80833 34298 
70868 46015 
5705 6370 
52769 82401 
71353 43125 
51051 99900 
63779 29171 
54980 39230 
70263 9619 
56955 4223 
83837 84705 
50438 16521 
75795 16252 
57493 76250 
19174 74719 
38841 29368 
93118 37736 
12878 13570 
23131 36274 
11753 78926 
15456 32968 
32400 56906 
25144 8626 
98322 81990 
56882 27574 
33960 53748 
35214 50264 
67640 64112 
96536 62413 
21384 4480 
49073 93989 
16265 10382 
19044 8452 
20536 97608 
51294 52930 
94423 93027 
60902 73394 
40237 65761 
38636 15379 
49406 19958 
97581 50449 
49017 19075 
10863 91346 
89674 73419 
31136 84640 
83701 37633 
1320 98716 
98186 32865 
63068 57037 
30858 29573 
44532 1906 
48469 1213 
62218 12307 
47124 86517 
3077 40908 
1942 78617 
62442 79970 
9410 92973 
1017 13605 
90020 52890 
49858 64758 
11014 71319 
36133 99262 
9490 734 
24398 6452 
44661 69052 
68255 36074 
84709 18894 
45463 34611 
38471 19900 
5923 90656 
75101 29405 
96426 68561 
35878 35469 
38670 82389 
31506 28046 
27749 38046 
35525 9056 
87178 50476 
29866 70162 
63496 24939 
32127 38256 
68574 76642 
35782 12979 
80986 51379 
24351 98025 
99144 1322 
78452 58568 
98373 64755 
80690 20823 
81709 96277 
37505 66582 
29896 94904 
79384 65491 
49949 81477 
71248 30925 
93584 83926 
63373 81485 
66931 99193 
39839 39472 
81176 14002 
76320 126 
105 83143 
1905 60999 
25013 83606 
70703 9496 
20037 85614 
88120 28463 
21678 7508 
4006 94625 
95151 50440 
80258 12752 
97148 40943 
64014 49605 
79727 44720 
49234 6072 
23217 53356 
89230 93277 
17442 87178 
30652 59096 
19963 2098 
75432 45126 
7708 36048 
41378 41021 
4024 81475 
84387 43034 
7072 24382 
65645 16666 
67441 47531 
95734 9520 
62948 55658 
64215 59769 
96843 43962 
68049 98111 
1943 97597 
85110 46601 
67736 79553 
117 76499 
20052 37062 
79421 99054 
73661 32518 
8418 28092 
46970 83946 
50727 71342 
74984 82147 
61845 78641 
81800 36922 
91618 99445 
77090 93144 
39673 79549 
22427 48963 
85860 57452 
72742 3045 
3789 4522 
35806 55510 
79700 89924 
8374 88110 
1205 41193 
41442 53186 
50833 14444 
59077 8081 
37861 84365 
5333 41940 
28553 13467 
22052 55188 
89746 62517 
66621 68519 
43590 59630 
63292 57806 
42336 54199 
44240 34154 
11162 43653 
77253 14144 
74384 75976 
95815 54355 
75747 98980 
44295 56364 
27062 48543 
26072 83690 
71104 42286 
95634 70507 
24474 72669 
67039 43471 
74037 74006 
20604 22640 
36568 71597 
77291 15198 
55443 8023 
75956 66591 
437 81545 
32513 87685 
57143 24648 
81998 33674 
41056 96954 
4645 70736 
48010 66036 
15306 29796 
57446 2115 
51863 13276 
37925 18189 
32804 90332 
65287 45824 
66685 88822 
53064 48670 
86954 68161 
12009 40693 
54445 36177 
1032 94180 
16831 55253 
5354 93778 
39413 68259 
79364 17133 
24856 63195 
21442 139 
20823 86926 
5911 75375 
73935 13055 
83350 56000 
26075 66719 
74614 74186 
64790 9964 
26224 73126 
33378 95385 
65201 94695 
78232 2811 
89927 1067 
61097 84096 
60304 17867 
92144 54449 
5257 88920 
46069 85231 
48523 88192 
7952 72786 
64738 43230 
58159 80628 
16948 86213 
46331 78169 
94001 63680 
23319 28199 
61655 4043 
96929 7442 
64779 63221 
52409 79775 
69700 43008 
31858 80067 
15515 4262 
98058 8106 
51104 77550 
17735 76710 
70618 7575 
86819 5873 
24375 54543 
86024 5666 
74372 15552 
98894 44630 
84059 22156 
46453 57528 
80512 16458 
92681 6548 
3848 7395 
53267 73484 
63484 61308 
96429 26859 
53750 86485 
59089 77636 
42416 30026 
14244 9895 
34852 17215 
16147 48723 
33797 28516 
18723 6601 
60178 27389 
9633 31653 
73889 23286 
27491 66427 
35162 78539 
32972 14218 
76895 45268 
85882 1470 
16254 49013 
39747 19402 
19879 19479 
3058 25785 
51173 5611 
32064 88651 
70480 2149 
13805 57724 
29318 57877 
70107 56513 
98407 31978 
63294 98219 
95865 14220 
12664 42034 
36755 27142 
37057 22882 
8049 83972 
23375 7288 
84141 84702 
83456 50826 
37162 94557 
2480 58457 
63687 64051 
893 78092 
44771 17875 
28821 89826 
79856 61043 
87052 88564 
86680 25083 
21875 96101 
39167 4438 
72414 80281 
23145 13873 
58577 3426 
25792 31313 
85324 70022 
38864 77417 
4695 94512 
48061 23073 
20873 64058 
1253 9109 
45537 28241 
96891 8701 
10862 7965 
10521 62238 
25736 79153 
82145 66901 
17111 53386 
20073 8744 
32896 47210 
37942 83751 
95374 4635 
30736 66196 
84855 13207 
12939 47531 
2143 33025 
87345 87124 
5332 40247 
86596 87352 
41583 71827 
31186 29854 
97723 46653 
77428 87229 
74881 29732 
86826 54981 
51822 704 
34290 32246 
39271 85722 
86838 16630 
43211 12611 
26670 68437 
48995 53232 
62937 42630 
10107 24089 
75049 83050 
75466 26492 
57045 22762 
17421 20945 
87302 36802 
28917 46953 
30801 49196 
42792 19057 
92187 4795 
88763 52668 
77025 78289 
44365 99137 
85928 7719 
54988 98531 
61668 7850 
95088 90670 
32893 39978 
17787 60272 
49737 89046 
93270 30423 
86409 26398 
67743 60072 
93739 17062 
84195 45909 
20708 64135 
93805 76720 
88141 69675 
52534 39197 
90030 31440 
41333 28184 
18368 87870 
70329 71467 
55897 69919 
27468 39485 
57856 17648 
10321 73684 
48570 71924 
36098 33780 
91668 57162 
59379 33800 
53710 29711 
39696 9527 
70204 78316 
91795 35866 
40254 28025 
20269 91637 
21498 16981 
87220 51441 
70528 86727 
86712 69492 
75645 50960 
2994 8693 
58600 85130 
10816 59728 
79845 9837 
35650 89586 
67907 24656 
29202 56670 
7604 85867 
31345 30539 
64153 11483 
83440 58313 
90594 40035 
29985 26943 
64510 65802 
95631 80729 
26687 22422 
52824 66940 
49119 89337 
1699 98806 
42693 51031 
68279 44844 
25929 47755 
89686 76201 
15291 18207 
95750 29591 
64873 49628 
15279 72394 
78704 18786 
32194 88628 
42399 28562 
91872 39745 
72598 19125 
11224 92604 
62376 60158 
77402 48433 
8747 11146 
29506 51283 
44397 70426 
5238 2174 
59967 20534 
204 56042 
95469 17302 
31381 32605 
99835 63238 
18256 29363 
6142 51915 
95250 85237 
46713 69402 
47230 6709 
37062 91222 
16308 34839 
90595 18879 
62540 1158 
86979 58686 
73803 93184 
6277 57467 
10778 26211 
58220 74601 
41887 97002 
81389 87998 
69935 77141 
60650 2732 
77373 89081 
12786 55429 
20263 96285 
20125 84895 
82408 30352 
49817 70078 
60570 72674 
82465 20129 
89311 5900 
88002 38139 
29678 51381 
28947 70092 
39859 12756 
41611 93616 
17843 52984 
44357 97320 
56274 42372 
48672 50822 
77877 28530 
3589 68001 
26182 95680 
86927 21587 
70763 400 
67829 75894 
48804 93603 
4249 66300 
5496 64456 
6331 69040 
14663 70936 
92022 72940 
57952 53860 
84794 85896 
16039 66459 
55026 83238 
78516 89970 
86367 32551 
10474 47201 
56318 10093 
23269 70680 
56298 57641 
84568 29717 
40642 15408 
68466 71621 
86225 6627 
90343 86298 
64867 42459 
93093 60590 
79149 62056 
51433 48977 
88990 21964 
39266 50616 
61083 1457 
61375 49244 
6197 95974 
85228 42039 
30416 29522 
21259 56346 
15514 28733 
90715 29005 
60974 66181 
89005 2067 
65554 98652 
99463 70759 
99837 97250 
37534 4883 
22888 90525 
8611 53130 
25883 19264 
44098 31378 
43532 32147 
39768 90599 
60110 35154 
58031 57810 
51099 44452 
71520 44341 
43731 82391 
19190 19724 
50096 99335 
18127 56625 
25068 255 
24359 62493 
27912 4274 
64184 26978 
21254 67864 
63861 30692 
23992 57914 
90016 80484 
45760 69592 
75669 59181 
69724 45746 
47562 3621 
17770 69533 
89260 53791 
27551 70012 
71522 48031 
94408 1648 
56492 74517 
82818 32994 
35525 27597 
91839 7225 
91762 59086 
66885 17815 
88097 59231 
86263 76301 
68717 49813 
14998 35898 
28177 22763 
10808 74697 
45771 11615 
87465 35216 
4961 40313 
89349 63277 
17715 54091 
7618 88493 
51831 548 
73255 41108 
15660 95552 
95104 5469 
89139 78203 
72098 69130 
2601 31885 
98005 38390 
55612 24266 
94317 56000 
36854 98153 
52314 74864 
53139 27212 
38875 12733 
636 35816 
22267 37204 
14711 70684 
3910 7796 
16054 3459 
67 32423 
30277 37998 
3396 79283 
95768 93929 
68495 22005 
90277 38873 
7842 85818 
596 45761 
54941 5600 
31634 58784 
50030 2826 
1318 61792 
30357 37781 
95944 56305 
61816 95813 
66960 72842 
31657 22005 
34658 58856 
33003 27293 
26805 9368 
11076 50918 
21004 32231 
8318 79003 
78413 68973 
41005 87143 
53411 24309 
63481 96055 
38908 92650 
27809 3695 
60224 8318 
26408 84646 
61794 87683 
13165 28164 
40445 76073 
34550 19992 
66575 60055 
66406 59798 
294 56550 
44385 46109 
53438 44290 
96414 53637 
70330 60201 
34085 74080 
265 43594 
36564 90838 
12923 74400 
65361 10468 
64246 18199 
81230 79325 
54817 60412 
95513 72489 
35341 84800 
77379 53905 
4574 27263 
55706 71611 
13890 14966 
99774 69996 
39644 82920 
36459 72200 
9591 45427 
63274 10113 
72839 88157 
46403 56864 
84161 38126 
50781 47231 
32978 63507 
35289 55137 
84901 52912 
60327 34186 
19454 24687 
97281 17132 
41460 20790 
99824 13256 
15507 46881 
95542 38817 
23058 30597 
82992 65037 
69955 83282 
74138 70550 
78421 67003 
4981 40792 
82159 88281 
48253 65509 
5708 62730 
1201 47377 
49976 20685 
88765 49661 
24687 52873 
17882 78915 
65476 27364 
42164 19916 
48437 44221 
47867 14335 
68186 32719 
51853 2096 
76818 37461 
10162 24934 
90619 84349 
71830 25368 
59007 65163 
76768 61093 
55869 30320 
88787 94780 
97339 33435 
75285 12288 
12017 28425 
93612 68534 
89727 80128 
20831 59540 
13139 12821 
68342 71649 
32936 87501 
55774 64448 
81656 68433 
79560 2644 
33962 12219 
799 63935 
11805 88523 
94260 14884 
1787 20585 
45827 64851 
99007 15805 
59194 79234 
16786 41893 
34295 57591 
4866 92510 
9721 59658 
32 77789 
19321 92834 
92601 69772 
99165 58402 
29780 30545 
95267 90578 
92653 51747 
64705 12405 
77390 38112 
33208 75592 
83237 74840 
70812 47579 
59958 28867 
73836 58429 
95613 47436 
96242 22594 
31911 33933 
56304 6150 
78833 528 
55612 18818 
62847 19959 
86528 71877 
83729 24633 
71559 58033 
73870 30265 
73468 77351 
50919 93374 
38518 54599 
29700 47219 
86894 67596 
12581 99141 
44111 33673 
8806 13770 
15165 81860 
42773 51202 
39185 72148 
98852 76988 
26523 9961 
16054 11662 
72501 43940 
89693 41541 
62431 28179 
59188 69664 
31091 76271 
61215 45968 
16455 33830 
5675 79215 
52303 48578 
88260 99654 
77222 22683 
87893 11038 
98547 90706 
9918 43401 
38963 78330 
26606 93823 
10759 62004 
35446 21473 
8149 67674 
2605 45296 
81597 17987 
84079 78016 
59750 61667 
20260 18461 
14381 96185 
81000 15739 
21617 25439 
97722 13438 
58808 77831 
56730 79744 
90520 46952 
43574 30270 
39434 7027 
22216 54407 
8340 98337 
4664 63091 
17956 74029 
16869 86188 
51945 49036 
94912 61047 
55312 94282 
51818 70264 
15256 74895 
39844 6371 
64593 39864 
95664 63877 
87024 32365 
96613 84982 
70810 4964 
74973 14296 
52830 91918 
34291 50016 
18513 12038 
86793 14264 
74829 49855 
84178 3676 
93280 90292 
45454 22839 
27746 62618 
94905 47781 
48104 83118 
10919 14509 
94647 72770 
52097 78421 
50677 66139 
70942 44479 
50995 20760 
47355 25097 
92596 82493 
74318 43013 
90508 61632 
6323 59740 
26505 26999 
37467 76729 
71343 30817 
10618 26000 
22191 35852 
71638 39730 
86103 28131 
73373 64198 
57642 63473 
2988 62468 
84203 14149 
53163 32324 
86092 53176 
82801 51232 
97 38063 
16088 48480 
45061 33267 
10119 96142 
65887 41192 
80766 5156 
98416 95243 
14046 10551 
11829 5273 
6014 30728 
27447 35706 
67991 89736 
83254 39664 
5973 98565 
12005 68651 
33116 1778 
27408 26625 
2443 9150 
67690 39764 
53255 48509 
28748 68786 
49203 95585 
30120 99359 
48575 59434 
96188 7976 
88075 27891 
2287 15614 
80228 6497 
30823 9521 
21491 16476 
6029 34735 
83282 52604 
27647 31178 
11341 40173 
3618 19684 
90178 71775 
89766 20827 
38865 49239 
80489 24131 
91990 3832 
58649 12079 
85346 18695 
5125 83240 
9749 31495 
88901 11923 
18377 52409 
7110 27966 
73095 92795 
21099 99561 
93471 63305 
39373 54473 
28530 66680 
31192 80577 
5765 80099 
15621 5327 
24523 94722 
59987 65572 
51604 55933 
39007 44111 
45758 26789 
51234 67405 
84753 79324 
63015 30084 
93756 3602 
51825 36190 
77014 12792 
50600 24544 
36170 14046 
52630 76183 
18003 9581 
22593 85524 
71999 90138 
73472 13695 
13869 83845 
11384 32462 
84990 27535 
20768 10185 
69699 34699 
60896 87496 
82495 44479 
71350 39657 
65393 49532 
38880 25010 
42056 17061 
60977 74521 
59770 36952 
52526 86079 
12966 53710 
81056 49040 
82660 64775 
83419 39460 
45092 96775 
12088 94509 
99763 3439 
82859 95754 
42208 64115 
47355 65323 
60033 233 
93544 6397 
62118 68566 
85367 45 
60348 34733 
88650 4105 
10822 78197 
94572 86640 
87243 30837 
44313 66424 
3001 5219 
78860 26001 
20465 25788 
86528 9024 
86081 36471 
97370 12922 
8108 21577 
78488 40375 
50144 43338 
17110 78634 
48116 69117 
39376 34441 
70947 34022 
1920 64075 
35891 60570 
10616 3051 
58323 36034 
66275 18009 
62795 30236 
10613 74561 
7219 21818 
47462 39154 
75300 89377 
43995 10472 
73653 15378 
74634 6442 
29555 45372 
56356 16625 
22830 42808 
38259 66567 
1132 80600 
50543 30636 
21710 14623 
88485 72953 
34724 91434 
5478 92180 
73277 52766 
15932 95284 
43551 12736 
63545 27804 
14777 190 
93428 43741 
93251 78255 
77554 6869 
27197 75913 
82200 77074 
30010 92300 
33296 50295 
28243 63418 
31048 88671 
37703 13098 
88702 98731 
46085 45303 
21999 89741 
33816 73213 
95635 71795 
96138 22077 
40980 33774 
38897 87423 
95309 75026 
8143 77967 
76997 51394 
79331 23452 
3372 36189 
75807 81657 
78369 89770 
8172 35926 
25652 77567 
26282 34832 
19499 75714 
53819 88975 
70596 55899 
31729 6414 
56722 46599 
31302 17840 
49404 26571 
10256 15401 
76739 18256 
75925 4902 
79886 13745 
88472 50178 
66143 83973 
84055 70503 
35043 93024 
22942 37200 
55570 63750 
70806 3966 
2405 18322 
2793 96941 
16971 47939 
79388 85190 
45132 49566 
80753 49990 
17538 4424 
1893 72227 
80886 62882 
4872 61195 
58793 43464 
96276 55213 
19510 49887 
48203 34741 
54349 59350 
9298 2058 
25508 37748 
58698 98046 
24866 93027 
40199 46284 
96359 86637 
76601 37382 
13725 84791 
4864 92389 
72667 46228 
91582 73090 
51913 11237 
85252 39148 
21171 77864 
36896 87304 
25657 25573 
73847 46220 
56631 74057 
42821 42051 
25317 45456 
47904 94474 
93598 31946 
96652 50637 
79039 57475 
33249 15400 
44091 62347 
81499 90195 
99709 32445 
42401 90020 
2196 41062 
91175 68292 
98699 70625 
96786 42671 
81598 34054 
43425 81495 
44938 21025 
67800 80060 
97065 53160 
38769 28762 
72818 43922 
96496 50979 
5899 23962 
37219 67577 
67442 10747 
76651 27072 
50369 72456 
50144 25698 
80745 60463 
10989 30045 
67149 62183 
69535 6420 
56996 56588 
75316 55702 
54756 38432 
81955 50242 
71192 13998 
50340 70212 
15031 61173 
39420 40826 
8867 89654 
5934 78984 
9660 33364 
84488 68136 
40831 56390 
47618 93548 
97754 56258 
51822 86658 
71347 3903 
60017 46830 
45505 68362 
93483 31581 
63273 36092 
7060 32216 
23943 49686 
233 80837 
68678 58879 
73697 66787 
35787 97919 
16100 75880 
18444 77651 
58883 4119 
37430 8181 
68477 39113 
49379 48473 
54608 47053 
47056 12982 
61024 50832 
72347 52209 
70734 35795 
54920 64030 
1631 73596 
9945 85684 
90405 11770 
76785 62539 
62712 36899 
57218 89037 
65791 82593 
16560 69666 
96095 20050 
43955 53404 
88937 38570 
29127 53719 
49777 96136 
2066 78070 
97489 96102 
99393 55784 
58799 24965 
66557 71224 
44 68394 
78570 80405 
7521 7889 
63619 13474 
30904 88856 
43705 42961 
85549 42378 
64353 28244 
69003 37579 
71475 30372 
84596 39255 
7639 28210 
80759 46297 
42259 56796 
8518 90470 
20666 31903 
71621 82200 
15509 20929 
93820 311 
90645 69628 
56089 36009 
42425 96570 
62873 17932 
66207 22832 
80954 64690 
6966 13086 
57121 34107 
92020 66073 
61534 64212 
11194 7410 
22543 30082 
5125 5712 
15677 72718 
45982 54229 
44628 91425 
46510 34499 
5277 29527 
13091 5980 
55136 24764 
66450 46153 
20093 40333 
89638 99319 
57905 40303 
27108 79113 
63621 24006 
50969 9683 
45981 88003 
30929 83585 
25782 41379 
92953 60600 
7317 60327 
28339 31019 
52210 31420 
19704 19378 
41326 99427 
83252 10173 
44886 5168 
87770 35822 
33545 71682 
99928 78891 
53890 72828 
22770 5613 
60669 97455 
39663 65739 
45044 4424 
49531 64988 
23239 48980 
80859 40651 
53203 49392 
1713 48375 
28228 54255 
968 98701 
55959 65494 
1946 65606 
68809 69843 
83830 26170 
27534 32476 
28510 80357 
73557 10460 
80933 43029 
57611 50817 
9544 96464 
22360 48255 
80091 40983 
44889 50999 
10826 83734 
51299 19655 
60071 61223 
107 63665 
8125 99917 
93765 2683 
34678 81016 
18319 26058 
60150 90460 
30081 52628 
14816 3291 
5175 25149 
23097 72692 
42884 8960 
42038 68333 
66981 2816 
72832 36083 
550 11386 
72099 31759 
99296 73491 
25703 15208 
15913 87932 
12040 77894 
33841 29653 
74009 17070 
52548 2941 
39299 62689 
28477 35556 
77143 9408 
75886 77879 
56381 5337 
10021 34589 
74415 1647 
71427 22850 
59597 72709 
4667 20656 
10582 75113 
77309 41689 
25381 25765 
15779 48966 
90089 44165 
3510 98539 
42716 22067 
33810 86622 
1051 54886 
34938 58808 
45168 93555 
88136 28401 
74971 52966 
40685 42374 
21053 43697 
75541 28126 
73236 77417 
36698 51953 
5255 33184 
25145 20997 
16385 61777 
74146 64507 
81198 48294 
84523 37294 
97166 49417 
50739 98586 
46505 71064 
36791 32830 
43421 54616 
67270 95492 
20846 95421 
83421 86557 
21778 26032 
76640 77162 
99493 58400 
52545 40693 
98200 94211 
97639 68655 
81105 80610 
17524 83790 
96384 9775 
90743 98134 
23249 35058 
35544 2109 
20034 3937 
18197 12239 
4182 88502 
40997 49705 
30025 27966 
35640 69729 
94400 84452 
53426 12612 
92470 53269 
87555 1308 
66475 61978 
84785 67511 
38711 38697 
3790 48489 
96698 29444 
55796 60287 
3238 96750 
19430 19425 
37039 37329 
56150 54842 
30564 15300 
65280 24574 
60941 19264 
8336 27582 
67072 16474 
1225 80088 
11461 95426 
19848 7948 
78834 59349 
89732 91837 
5283 57439 
33552 90386 
61438 18085 
31758 57932 
71107 78910 
10956 68157 
32822 92156 
12341 52659 
25935 20746 
8172 64364 
25143 30292 
28120 79702 
17774 25400 
29325 60595 
16684 74803 
94064 7552 
88259 19171 
67169 48568 
69834 57900 
51679 24988 
33727 66715 
65689 55175 
66129 6673 
25939 79527 
68247 46893 
64439 16307 
54397 38353 
3230 86725 
17125 44110 
9402 99856 
53006 52508 
27554 23229 
94398 74275 
40112 3287 
72235 51802 
37274 41460 
42839 89528 
87826 76161 
47784 47978 
89650 68834 
39978 30877 
44502 43013 
1443 34676 
45447 79386 
98664 22874 
87348 26962 
69922 33763 
10869 50717 
15678 29486 
68707 99456 
67875 46777 
59087 44136 
46916 15293 
6050 6533 
76125 68159 
78639 70883 
12656 81152 
31837 46993 
71098 41890 
20940 32351 
61424 68473 
88012 2871 
36500 68189 
44203 47161 
45976 51247 
74896 47603 
23235 91905 
76007 3009 
89911 59960 
89255 82272 
48591 29240 
41789 96166 
48430 6543 
11291 75332 
50705 14457 
31534 46515 
91762 4491 
25332 6187 
39318 73204 
1913 1028 
64759 3296 
83992 38031 
8850 54085 
36142 63566 
1193 81336 
50550 70331 
4793 75148 
8833 13888 
96258 66353 
79329 46345 
59450 66896 
28093 3776 
65798 77667 
18838 16066 
38034 18490 
52139 43150 
45775 9271 
47430 79982 
61134 58760 
2703 14069 
10495 97930 
76259 64046 
94575 28692 
22479 75513 
13101 45453 
79295 1239 
22678 27004 
48892 46832 
76859 89243 
35153 20127 
45949 35473 
1438 82755 
90746 40302 
90521 65794 
69193 55637 
4877 77844 
87849 32802 
79931 3545 
71085 13531 
95540 63293 
10113 54384 
61659 80771 
71208 14079 
83003 83958 
87921 51309 
54501 47361 
35574 51790 
64412 68502 
88056 27614 
85211 60061 
86640 9411 
13714 30561 
8533 82410 
81341 21162 
8841 1151 
93064 63805 
23833 54453 
69276 26913 
65653 42143 
58669 18793 
9046 68152 
62208 26043 
69198 50767 
58336 74520 
96446 122 
47828 13793 
68413 15488 
42997 42527 
43007 10456 
10492 11841 
46794 82832 
39462 66485 
12377 7832 
47638 9506 
45731 48164 
56686 5127 
99829 42604 
65206 66642 
54452 55884 
22791 11437 
53706 47028 
61839 3581 
32592 40704 
75127 45962 
71859 66740 
36622 28551 
56398 66626 
50637 87164 
76628 52652 
80127 77927 
4586 45281 
48780 26686 
96837 7390 
33539 69730 
24879 40256 
64284 62421 
10360 5419 
25607 95750 
47215 89053 
11999 27291 
25745 30999 
22206 2695 
34674 99325 
91113 16606 
6429 3107 
48272 37741 
88104 1023 
60985 1915 
66048 81475 
66866 58892 
45496 61099 
25886 44213 
88365 72867 
25138 35523 
42093 92408 
50884 44426 
50326 81760 
1961 89519 
22278 13440 
56163 94038 
51772 74545 
16999 52369 
19227 40534 
62026 13764 
80296 51410 
85963 38637 
43363 19207 
81858 93160 
64798 45023 
31841 61182 
45628 26240 
85304 69052 
96219 90188 
86851 38524 
46568 99167 
78941 5686 
18992 33571 
44886 69743 
47270 74797 
76694 64475 
21711 77682 
49229 77310 
63151 43423 
57276 76254 
80550 78218 
25280 43225 
46629 50346 
30913 53914 
33929 38930 
93086 88873 
89667 1362 
62606 8314 
91957 73140 
19420 73969 
22239 53851 
24224 55364 
9160 26063 
94190 14998 
47705 111 
72667 27164 
74014 77058 
40926 48529 
81127 74567 
76375 25097 
93794 65966 
96132 89805 
81532 41515 
37456 77757 
78260 12659 
17248 61984 
94146 45021 
81681 91609 
50690 23953 
4002 96442 
43611 27630 
13631 7273 
39781 7024 
42915 29509 
44195 49515 
59246 99317 
30929 33456 
9712 46043 
18022 64723 
43053 82455 
80410 23081 
89429 45220 
37328 36136 
72330 12034 
20966 41732 
98955 28949 
31765 95805 
25474 91712 
12325 32066 
21795 38278 
26760 82292 
66848 26202 
15163 21585 
89809 88204 
3960 11660 
35355 81989 
92025 77005 
71693 76263 
99758 63752 
79019 43894 
63718 99105 
52977 65301 
82935 90403 
32836 80397 
74703 77206 
17290 65808 
77423 77214 
62150 55580 
45983 47416 
63672 68210 
21204 15550 
18840 50616 
19018 23773 
19692 510 
77367 66377 
82561 82660 
19176 96450 
35138 11662 
38334 22601 
84320 34061 
92239 16131 
66043 6089 
89273 1535 
34650 29762 
92475 8730 
83818 79700 
21709 24142 
3643 25807 
25797 89569 
69253 32833 
13356 62690 
25106 96805 
76515 71168 
76154 60494 
15179 63462 
22120 35292 
71217 83794 
74378 45289 
11705 76168 
76250 829 
58265 52883 
7037 3433 
45599 46683 
87676 81775 
6448 2511 
21634 59238 
22518 54767 
98526 57589 
51298 79029 
59891 48463 
37262 3407 
76653 74567 
42576 14008 
16051 75917 
87234 91407 
82134 72915 
71459 70645 
98398 77708 
64225 25885 
63763 28020 
80933 42758 
53775 63525 
40547 56304 
57791 93841 
87913 517 
39868 39349 
90516 36688 
86181 61289 
70597 2046 
55003 35979 
13316 47653 
76651 69494 
99589 15053 
60247 93767 
48242 34905 
51767 32855 
16278 17600 
53558 78948 
98361 45835 
59348 71751 
87017 72182 
80763 31959 
3581 70856 
41448 59817 
86598 92241 
93115 73142 
29159 21131 
64192 25665 
89549 45257 
86217 16209 
60666 99314 
55719 71946 
72763 61557 
80053 64875 
21415 44960 
24500 99649 
57978 42986 
24913 93035 
53367 61244 
55304 50508 
47622 90578 
42962 33889 
27543 54620 
5068 5435 
32541 95368 
40228 28396 
74947 44067 
45945 1848 
75119 61481 
48777 8448 
54018 21564 
27786 57791 
96316 55651 
83824 15165 
95627 70428 
57336 15746 
20132 2297 
25566 77688 
91635 73169 
16391 44008 
54011 68304 
60495 2868 
18029 65483 
66198 58535 
8711 6647 
41947 51245 
8649 18042 
10360 53149 
86141 53004 
54668 99692 
20518 52707 
13495 50983 
88697 94486 
93152 16141 
56807 24823 
97949 15067 
28597 54640 
88526 96751 
38425 28210 
65787 80943 
40739 63858 
43732 40937 
40274 4520 
18366 99189 
27601 9329 
61791 64626 
33171 63574 
70728 768 
89692 83682 
76900 77153 
97449 46345 
83090 23061 
20064 76455 
23132 72166 
99274 87203 
56702 59496 
66421 77536 
511 7951 
45665 57079 
66324 20662 
89318 86713 
23219 77554 
59253 94188 
26602 19788 
69980 48469 
59697 94089 
38789 53940 
14597 20486 
46251 56179 
99425 41641 
96415 34693 
95746 9649 
80191 94824 
6122 67130 
87709 60977 
25502 83385 
85830 16390 
42155 13546 
75539 30846 
23938 58898 
70610 67074 
73897 19932 
93709 58975 
45570 50179 
69009 10440 
92827 38519 
1448 72161 
91665 70419 
71885 15680 
12120 44390 
44734 38872 
37298 49031 
80036 5095 
23489 38072 
65473 39458 
70437 76161 
35505 79962 
24068 66449 
24557 8702 
65301 12592 
9143 68915 
48073 12373 
29805 7314 
37272 27921 
47936 67980 
63026 28383 
84818 4042 
51620 54907 
10632 66406 
15300 14908 
99740 75018 
83311 72878 
45155 77440 
34752 68343 
29970 51984 
50157 58087 
86352 18173 
33212 49408 
33813 76050 
66583 63904 
77565 7610 
56588 47158 
65107 38613 
90263 18747 
44559 77097 
75359 39044 
41826 16074 
58908 54629 
75309 12251 
23213 72421 
56685 30013 
39456 4214 
84175 70526 
18613 17881 
20761 89440 
36939 29284 
63970 43567 
29029 69819 
56135 96777 
35288 68492 
54437 58480 
62633 94602 
78589 24209 
67345 17302 
80663 37170 
97196 51748 
36360 92038 
36347 78001 
39928 57875 
80968 38501 
95967 5692 
36139 42683 
40519 88056 
65303 33183 
91136 33017 
42402 97077 
21013 82757 
53793 37736 
75826 28504 
72137 58133 
3556 67605 
77678 44814 
47386 36083 
33689 83237 
59648 50559 
32298 79848 
30846 27130 
14568 13960 
91943 31587 
34348 93448 
40363 55329 
79336 42216 
60597 4366 
84710 4550 
58834 35016 
74820 11739 
7658 69193 
46624 19685 
1706 74669 
64930 92757 
58030 1202 
73955 78777 
55974 22163 
42325 92748 
526 43073 
49342 2845 
10403 3443 
89224 91185 
77510 16329 
16967 44005 
17983 61249 
84589 11155 
36662 70398 
19737 63172 
56631 25542 
79985 65727 
23376 13560 
75627 85833 
79153 72258 
91355 41989 
17294 94928 
52955 11301 
68495 52049 
78982 10613 
41516 31597 
29356 75831 
39279 95629 
12918 73864 
97979 108 
44216 94986 
51655 27392 
46117 89931 
7529 36369 
79338 35656 
28483 43917 
42571 36471 
58211 13165 
27604 93101 
91845 39017 
32689 1259 
90274 89403 
34388 73432 
59928 81973 
93196 12839 
71422 50235 
21509 6900 
70276 80576 
73813 49053 
40819 82194 
28460 42395 
20422 85641 
17992 86359 
25367 52492 
30704 98546 
41941 18623 
49962 77805 
56770 86606 
19793 71804 
48909 28964 
25351 72574 
42905 63308 
55066 26907 
26804 12840 
67665 14966 
72002 71275 
21707 20117 
52858 49913 
37865 85734 
53170 96412 
54929 30614 
63875 39765 
9336 73636 
21766 34038 
15026 438 
12534 44624 
45483 90120 
63130 45076 
23092 8385 
78187 70044 
2248 65015 
33203 374 
92149 28218 
23170 40162 
2798 86127 
79539 82317 
13456 46619 
10653 49193 
56646 70626 
91235 37856 
82767 41235 
25019 95785 
20487 81120 
31280 2103 
76304 44250 
60820 31882 
23000 24300 
29856 36626 
11207 41831 
71301 82740 
884 95053 
42094 51590 
50227 84873 
92513 19728 
18402 53926 
98807 5883 
35431 11415 
84045 92562 
67690 50847 
3709 4364 
60682 6125 
52366 52607 
72099 32967 
55647 36383 
17663 47237 
47816 23894 
39836 99546 
99348 24701 
75200 16345 
51246 3484 
40170 91745 
33210 78962 
76667 71424 
91332 97826 
99473 30232 
27637 72847 
65225 8491 
58570 26752 
39344 38487 
32454 89064 
71660 62278 
6976 51740 
4112 14699 
76898 1304 
24602 21322 
59506 10094 
49952 40138 
90707 87299 
67865 57848 
58198 61679 
92902 36907 
99835 92145 
94701 97853 
25075 79853 
38032 12944 
75289 86002 
33709 81762 
24802 43231 
37045 57191 
38614 85333 
46184 91067 
45130 9928 
46561 72792 
52543 31816 
19658 41323 
36130 80922 
84358 61237 
50324 48061 
67408 66899 
74240 84172 
5838 95322 
82240 14290 
68692 47878 
42138 36135 
47972 43828 
82838 35105 
9475 54483 
40454 62320 
13003 35806 
87385 90491 
8425 9442 
72350 83532 
89167 77353 
51060 90197 
37920 93661 
66959 99420 
30695 58786 
49410 75631 
74862 45602 
32722 26004 
44362 15079 
63566 38411 
41036 29768 
56629 68789 
54856 27483 
78759 49713 
17798 74669 
90378 38130 
46225 79192 
49629 19560 
44847 5671 
89469 38478 
1670 2970 
10861 30186 
37855 23112 
96251 88150 
88946 83606 
36645 12619 
84713 1081 
82937 51260 
63647 3110 
77497 60625 
5164 7246 
95603 88459 
87630 41528 
27938 1153 
83584 69126 
65175 58122 
84845 71262 
3556 65419 
9685 37193 
76446 24614 
81846 7802 
30965 29769 
86891 20196 
11109 55288 
5233 4746 
79178 20475 
93169 93104 
5845 12853 
33309 6007 
85905 1578 
4071 3046 
91462 74744 
24196 93087 
57296 89946 
12756 23650 
4120 36140 
67703 90327 
44645 66673 
6748 33169 
84639 78283 
33179 16006 
26563 78961 
86221 16776 
6927 8712 
10648 92186 
50151 51628 
33540 18434 
1514 5074 
67471 51196 
9668 52384 
68858 92720 
65244 19151 
67806 1644 
66232 80007 
51513 31991 
73103 22730 
27135 41846 
37046 69579 
11998 69302 
33235 1970 
99123 33565 
7693 33891 
24274 82438 
51128 31906 
17069 73946 
45980 85196 
53179 49476 
94012 87715 
37222 28548 
20884 6417 
36710 31255 
71472 74409 
56219 13348 
55088 65971 
87946 81144 
73288 81576 
99924 38623 
64633 95341 
26358 7507 
30529 94817 
5920 52592 
64206 73541 
73301 39243 
90911 20524 
46923 47711 
41570 87609 
71424 69809 
24433 5624 
67392 17507 
29660 63275 
12786 80093 
305 58956 
30588 76853 
29850 84943 
85436 65556 
1192 5892 
98362 83565 
64926 49121 
73211 18008 
65784 32862 
90918 24207 
65255 20451 
68544 37423 
75702 3422 
98839 52013 
16687 84469 
83020 74181 
27770 52497 
44626 89799 
23694 16244 
65459 27124 
57655 90444 
16021 35761 
66270 9028 
62300 47825 
5896 73582 
18377 35054 
54093 32071 
80027 26445 
42340 22815 
18348 5040 
6487 11721 
34430 59589 
89998 97009 
76153 27086 
11673 54973 
96448 25534 
14333 52740 
88691 42825 
43855 59592 
69368 17230 
69003 47074 
90766 17748 
41621 79950 
57141 8463 
14073 65005 
86687 60027 
76213 42734 
8585 53560 
47702 78207 
9514 7462 
63149 31642 
47239 46052 
17338 66723 
30211 20440 
95730 85228 
21630 86651 
1418 60241 
63971 43797 
3946 77027 
35730 35962 
77604 80603 
45987 25467 
67296 72098 
44346 52308 
18561 92176 
73920 4828 
35024 79137 
23241 40050 
81297 91730 
39345 8605 
32315 42285 
48718 58813 
81077 94471 
95429 17253 
55942 41788 
46459 68991 
65934 97858 
33114 89691 
87882 97634 
94367 13926 
32783 29848 
63067 59276 
80437 95322 
89191 64165 
51161 13222 
25660 38925 
91347 77894 
11684 74157 
85602 2610 
76256 98255 
72434 73372 
50073 26814 
32673 75871 
18056 649 
40279 51742 
66601 66300 
13675 86475 
79772 13122 
82452 30634 
16906 44457 
89030 8502 
60406 26896 
77813 73814 
57007 31240 
85375 30931 
88378 51558 
34397 51662 
97649 64577 
51362 82827 
67296 70702 
73394 57752 
90802 40016 
83206 96098 
5602 71943 
12751 678 
58038 65572 
85965 37439 
52395 89188 
28902 15278 
95593 32155 
61596 66112 
86657 20068 
144 62389 
15852 74968 
39785 99209 
32192 6403 
60177 11267 
10030 26272 
92576 91023 
95498 90611 
15324 23831 
41824 84902 
98802 58188 
48878 85934 
3935 84847 
6783 52933 
49355 7207 
6022 23382 
1514 47222 
17184 14871 
9289 46027 
62359 63283 
62 86513 
97158 59786 
77782 86294 
97408 84330 
15161 83833 
97847 71743 
11975 67918 
61426 88010 
99316 81252 
67355 38957 
5698 62615 
93597 81319 
65071 78872 
35244 57035 
39096 38039 
44045 25637 
46407 67688 
96368 26710 
40183 89161 
96915 64668 
51944 17389 
3785 71457 
24328 68530 
16808 69324 
88470 63241 
5525 25374 
2689 72058 
65830 62455 
58290 61188 
84977 66725 
75623 61970 
63510 11306 
58936 5305 
89664 97537 
52068 33559 
86863 593 
38739 26765 
58166 94632 
60930 57382 
32871 24099 
86782 18433 
79957 82501 
45483 53550 
90622 57662 
60747 54253 
47932 3390 
56800 79741 
95404 1467 
81182 97547 
88369 85010 
87221 39576 
61993 4513 
45684 17387 
78120 31240 
9895 43011 
19416 9160 
41541 57159 
83762 86236 
15386 75373 
94457 78638 
60317 24483 
82511 47319 
61379 56686 
16152 95414 
42926 96608 
49634 27037 
76490 97927 
38563 43303 
8684 60435 
22137 89801 
84199 85855 
4080 11218 
46881 31312 
73504 13473 
37927 53044 
94527 81447 
74359 19725 
59229 51301 
83260 14777 
42323 90347 
87640 40042 
17936 94597 
88349 79429 
98983 74347 
63102 80447 
37818 61541 
8491 63976 
83215 39156 
83723 78197 
23202 62504 
75919 71293 
55867 15051 
95910 69353 
20963 17287 
30799 10848 
94017 86152 
24929 7114 
91588 24651 
34468 69468 
61444 6570 
2448 67909 
34631 9550 
30915 63785 
97762 41313 
84715 89375 
3338 98437 
47530 31035 
73479 94845 
64878 9368 
68208 98049 
51130 39816 
83242 15191 
7970 145 
14241 78053 
279 27478 
74543 86472 
62074 16860 
81660 82946 
59923 95761 
34138 47768 
24175 4513 
84857 23599 
69348 21340 
79463 1195 
64230 32494 
69329 23841 
79479 62903 
27290 97085 
35956 50859 
91384 22460 
542 71410 
36913 9166 
27860 87483 
30367 56034 
26094 35175 
50107 37630 
33029 30229 
68170 72954 
24445 16408 
75144 2971 
41185 63275 
95818 54058 
13480 60860 
87119 18499 
81533 51732 
31855 40243 
59909 87205 
41856 54414 
69912 93708 
62337 92466 
68948 87813 
25665 31318 
38757 83945 
37164 34507 
55446 97540 
88206 6081 
53406 58175 
82546 53897 
12493 12189 
30730 37930 
43250 12341 
14338 61392 
18496 63268 
46966 47657 
1249 15808 
62039 34398 
48763 80699 
38914 7849 
30333 62728 
38200 94715 
82597 112 
54813 27011 
40192 30675 
13017 96016 
21920 96367 
21547 15485 
22991 40707 
78871 21435 
62442 49939 
68762 46054 
61496 37995 
14576 16656 
83393 77817 
66944 47122 
48163 37143 
84118 8899 
46826 85547 
26744 91354 
18667 1367 
29623 87198 
22520 22066 
31797 67675 
28420 49650 
43348 44341 
79483 43968 
2316 49519 
25575 11018 
28441 5892 
10083 20835 
11713 97204 
99032 70097 
83242 96656 
77815 38288 
3521 57349 
4972 73059 
68894 20005 
4728 80378 
80887 47195 
426 88127 
45026 50433 
39513 97983 
65881 36749 
37395 39764 
83269 64745 
72285 94825 
50921 66613 
96041 60689 
93386 62262 
87063 87770 
89536 64414 
60460 30864 
21760 49443 
67968 23038 
98781 47710 
65560 97590 
7024 89297 
152 54970 
70521 26269 
68547 95851 
2593 41002 
31476 18988 
13893 41607 
23549 13057 
853 40091 
85953 55393 
76181 6685 
62880 67305 
18794 94619 
44973 65643 
14384 33640 
13475 93325 
29832 97694 
37313 7737 
14737 62458 
1992 55230 
51594 81759 
3972 62374 
82458 28466 
27118 30225 
24443 65019 
28820 26496 
48977 31547 
2578 32409 
40476 65406 
51098 15878 
68918 94946 
99374 70805 
7809 82468 
769 83395 
4102 26589 
40753 60777 
59862 72576 
22748 84610 
16826 20778 
28449 32951 
44454 67835 
81015 47328 
19702 63169 
3680 8804 
52442 14096 
58639 26740 
54302 26914 
71444 37036 
70695 28458 
94717 52824 
95883 72864 
41609 9897 
69142 1645 
24250 1617 
6467 91724 
65328 3576 
56688 95655 
11973 47019 
83522 51044 
70288 11819 
65737 12067 
96149 74756 
76526 34942 
23304 66905 
50106 31407 
83346 65150 
68674 89449 
73782 67119 
6094 48944 
60215 76334 
45990 11365 
56565 54869 
51456 57326 
13280 84558 
1116 43520 
57669 14582 
22070 51439 
72752 63209 
44039 64324 
71441 84527 
71045 55872 
21404 7215 
17026 84506 
2634 1692 
80041 399 
34487 34444 
36026 88923 
91935 23876 
17577 93844 
41736 20759 
5811 86333 
68449 98114 
4072 71734 
27465 50359 
81121 55034 
57654 69590 
68401 18135 
9764 88051 
71071 97234 
98352 50185 
5730 87046 
64831 5091 
9098 40070 
47123 90770 
71387 73754 
87428 15240 
35704 46150 
73803 26429 
70542 11539 
3506 2669 
66262 21513 
76496 88711 
28457 94112 
75989 48353 
41155 33898 
69644 4082 
51081 49188 
69750 86608 
80510 79213 
23659 22694 
10741 13572 
66788 48392 
