88696 27616 
94552 65529 
91783 71730 
1933 40277 
52531 754 
13780 42216 
92895 49822 
13314 24204 
19875 80567 
57707 69197 
31654 16079 
50460 35423 
33396 12781 
20501 34939 
97107 51812 
60829 85985 
18802 61470 
74922 47653 
23206 14443 
2653 66551 
41307 78764 
49144 39471 
39311 39852 
19755 23510 
8874 52446 
72316 5654 
37994 25945 
33750 77548 
69508 94328 
92402 47943 
19889 72811 
69649 65325 
74866 57292 
94812 16214 
375 79871 
55891 10892 
7446 93892 
75332 67571 
87840 25405 
64802 58492 
93621 94404 
45868 87011 
68300 78849 
84508 23382 
49788 67221 
76535 38820 
56140 21253 
38320 42322 
33886 49468 
2585 42814 
95739 74289 
92594 30371 
99570 60751 
49710 94591 
23743 63203 
19096 75622 
75279 37911 
56217 73922 
26757 64094 
2874 28529 
15492 13677 
95609 10417 
54220 10923 
11669 67461 
96408 27123 
28068 622 
71222 62631 
67860 47116 
53350 78800 
34377 95675 
61042 55759 
88979 61452 
82122 68444 
10775 3661 
12157 92971 
87798 77765 
51613 78151 
28284 75820 
49501 42853 
48007 23547 
99905 88909 
84993 70732 
94732 51396 
16506 32791 
11136 43372 
4851 15628 
65273 90537 
78311 83348 
95414 92773 
61455 8975 
46899 94168 
5105 82008 
19015 90867 
30362 33455 
99622 56981 
93445 78932 
57154 22787 
98439 73501 
81661 96565 
33634 18066 
66585 81714 
83768 56516 
1240 4116 
75281 55201 
293 31247 
44613 61922 
30993 34183 
80565 298 
11554 16353 
80981 67177 
44739 8814 
81209 65732 
19619 10811 
57274 24903 
61392 36505 
80198 27089 
34286 14022 
99563 90262 
5769 71344 
64232 28158 
61641 35076 
45987 42727 
21070 62733 
17956 86759 
38213 26979 
53802 71377 
92786 71085 
55957 83053 
65824 58920 
91595 17875 
68799 49885 
13566 36960 
44396 39473 
70173 96248 
85460 19506 
62468 6342 
24971 28618 
90643 33625 
34379 83163 
42132 62585 
30227 1490 
13205 1075 
29721 60415 
23096 25215 
14739 51715 
75170 28664 
60758 38580 
43096 62202 
62264 47262 
11719 23905 
39445 67475 
82077 87573 
42303 76666 
57912 37712 
77792 47858 
67091 12998 
73216 48541 
35477 47016 
54786 88975 
23099 34972 
64153 32248 
52879 48173 
57642 35586 
10690 64237 
33061 52639 
72202 80318 
7140 89880 
16744 29094 
23040 76730 
21335 22788 
1812 78651 
89037 9234 
64310 55233 
55005 35772 
40757 41140 
30819 81733 
54054 6809 
93157 38314 
9832 37927 
96372 85853 
51408 57941 
90193 42821 
40995 6263 
53572 38290 
9851 76322 
13600 90211 
79573 12235 
4451 55507 
94280 60650 
35469 54838 
19202 75157 
79808 64791 
55013 74707 
65433 13350 
89216 64567 
48847 10684 
56009 38629 
78526 96593 
4255 95238 
9890 88414 
79550 15245 
16487 68737 
10845 70574 
53154 60984 
54666 54389 
66029 2729 
90728 49799 
11631 41540 
81554 83057 
42574 46245 
5697 39321 
41069 47675 
49273 54322 
32987 97259 
93708 33653 
95078 59308 
68972 92875 
75810 33374 
51038 56309 
86375 36760 
69908 99 
82520 64076 
60244 76030 
50185 80698 
30541 6567 
28324 14 
48694 98760 
50809 40562 
41950 84835 
66008 58482 
87443 60750 
97379 3123 
25851 60446 
41355 49229 
65207 73172 
59819 17826 
54471 84018 
13642 9728 
97206 93658 
1015 40535 
44553 52321 
9746 84064 
53647 25130 
66220 2337 
22756 91210 
65356 64570 
17601 67324 
95718 35049 
84705 38337 
31823 40352 
7053 71396 
51731 10048 
94977 88503 
52153 21846 
20879 73005 
75626 72087 
264 89563 
34666 35550 
93521 4254 
16406 74729 
53000 1753 
77826 8063 
68131 9884 
96513 49030 
67710 58356 
24772 83585 
22931 18123 
5960 62132 
57334 90568 
51058 44002 
10584 41560 
40806 47388 
21820 4485 
14110 25716 
95310 8444 
26982 12668 
86220 23071 
17931 52339 
97540 49814 
95498 58490 
10577 31025 
71559 27412 
80849 92817 
34 62603 
18863 85420 
44802 56278 
40955 35639 
92939 12684 
19221 80012 
49749 91246 
81540 4416 
649 93766 
12803 76104 
1595 19206 
86654 17531 
64535 62056 
13439 37866 
37279 35805 
24476 7669 
38215 61775 
25427 34992 
95461 75359 
42195 77050 
57321 66662 
51698 584 
86339 90612 
36774 86195 
22753 52782 
29621 57162 
4844 1504 
11366 1646 
63434 34280 
16720 48686 
65709 57071 
52146 53015 
69577 18725 
73563 41480 
63933 79637 
85326 74750 
12477 63671 
16091 81945 
89162 85419 
99114 33025 
91857 41102 
34656 23960 
47498 700 
40390 63127 
76766 41363 
2021 63862 
69247 17701 
20858 67738 
31062 73261 
17606 45877 
6129 59305 
92445 51504 
39478 41943 
60232 25925 
46468 46755 
76708 92283 
75302 11204 
46632 6654 
1858 89485 
58018 74454 
75680 81873 
17998 81623 
43854 41216 
75282 34684 
15553 42903 
1824 51509 
94169 91453 
71977 95549 
96256 76816 
21318 228 
96917 86537 
89253 87387 
89779 26139 
49639 43873 
26405 99377 
11874 83782 
4721 52475 
31236 90343 
8999 92017 
1766 1070 
64940 44848 
17540 72569 
62565 40171 
78930 37250 
16924 58958 
89294 43215 
82018 13860 
34495 50705 
6892 93995 
62768 43758 
24485 33309 
85663 4103 
93646 38647 
2134 85817 
72595 44231 
7334 23894 
88182 42947 
85266 7652 
79419 81641 
149 50763 
36086 97590 
95232 93690 
23575 16345 
79738 81466 
83724 27376 
34734 69994 
28004 3237 
96931 27403 
94239 30406 
85780 13554 
20943 75558 
23696 40345 
4378 19674 
61831 38294 
42614 54238 
64568 80695 
38161 48706 
24707 45684 
26123 66484 
78347 28673 
18406 27874 
63511 52847 
6115 92731 
19816 63822 
42129 63030 
57834 36055 
33674 86120 
36245 63214 
10831 73103 
72508 52501 
1001 33628 
78464 93761 
31692 68299 
56179 28243 
4373 52991 
11250 99009 
30680 95538 
40954 25201 
98918 44574 
32800 5818 
43606 82781 
65399 25105 
23690 42310 
38069 1305 
76117 38879 
68144 93290 
594 32862 
85716 55448 
48668 90580 
24370 10211 
35653 37149 
53440 89748 
67470 63349 
22435 83587 
76141 73363 
91467 17322 
87436 37628 
2910 79053 
2103 45635 
8948 4841 
58147 37189 
7290 32219 
55762 27478 
53052 31674 
68839 31205 
8644 30014 
37346 34153 
65487 46667 
33443 56693 
21465 74225 
20839 3100 
26253 47903 
81680 92967 
13005 65100 
68181 26569 
19362 35879 
47237 44736 
63329 67925 
45419 5596 
80305 15448 
69030 15493 
46384 50448 
69337 19466 
10032 46955 
46580 77834 
29330 4055 
38082 29798 
65205 71924 
15509 72347 
12409 86584 
24285 63397 
59492 63718 
34174 91712 
56604 49661 
34213 43017 
35670 78529 
97461 31653 
71374 38462 
61451 60158 
93298 7123 
18741 15386 
59714 76773 
88647 9070 
81729 52706 
46019 23191 
42808 75261 
15814 26066 
93227 85309 
3281 83769 
11547 25828 
18722 3320 
15955 48086 
73060 9003 
77176 69946 
65895 71262 
31590 15915 
61228 78783 
18331 53868 
47710 68734 
67346 31684 
10050 7519 
46733 8598 
96142 45027 
37166 70666 
50485 48994 
38811 17508 
98644 62958 
31836 8364 
9781 21195 
5508 59511 
34698 97113 
42801 92218 
15358 57758 
97552 40655 
88536 46406 
29450 42572 
61000 17671 
68436 52050 
16564 5090 
64622 33276 
26380 9882 
42394 17007 
72985 61361 
18108 27333 
65923 14438 
59625 15280 
22155 17704 
62915 67970 
8023 6808 
96037 97310 
91174 52101 
14055 50517 
30645 17028 
79769 26352 
41237 64264 
34625 25506 
4300 80303 
51773 11382 
61256 76028 
68944 8361 
18440 60716 
42697 18668 
12267 80027 
87511 96074 
32261 54673 
63359 74906 
76141 55826 
53554 16267 
15950 5737 
31064 99799 
87116 97613 
45930 59021 
73378 87483 
79028 30982 
49659 22625 
98147 66862 
62264 36019 
21186 29173 
71183 54425 
38268 83303 
52820 38805 
69639 76450 
63124 183 
39471 85324 
90891 11432 
27011 5533 
88903 66095 
16014 50185 
56618 18971 
975 22978 
62283 80086 
24400 31967 
34619 23557 
13230 14154 
24641 15936 
54467 48217 
36724 64844 
171 42914 
54661 37963 
20214 2107 
43268 4959 
27536 83830 
88982 10417 
85088 90476 
53957 94611 
66292 49904 
57292 40711 
81525 73175 
64334 41988 
2016 3623 
60408 50645 
9496 4068 
8842 91084 
75049 64274 
44840 94746 
23833 49113 
36521 41093 
73684 49382 
52364 69877 
45094 41898 
10336 63520 
27650 13186 
48117 85259 
53735 52020 
46165 98641 
74162 70025 
55723 87029 
52352 66709 
32451 37955 
93801 15543 
52985 56496 
5767 11076 
96549 24268 
38492 83585 
6629 26217 
93713 57384 
8762 26056 
98840 1682 
49650 83048 
35888 98727 
40108 67734 
83096 33026 
29742 52303 
74150 87511 
14807 22488 
5016 17808 
82351 82161 
21606 64129 
23525 99296 
2873 51821 
6865 72465 
13366 26216 
88378 80792 
36904 65215 
49433 17056 
18741 13873 
95717 93601 
37435 89297 
20970 53773 
99622 11265 
37706 17790 
969 24261 
3816 41270 
24836 89960 
28713 67088 
56491 45746 
25608 6788 
75221 44426 
87527 96490 
49262 13109 
3850 34012 
99202 95051 
1419 18912 
14363 67300 
89711 85176 
3622 59099 
13053 37519 
37258 31239 
64566 76531 
89603 14977 
96281 25379 
23644 50575 
67789 51335 
68196 10212 
11819 9070 
25842 37722 
59316 19501 
15588 88522 
58831 37898 
98008 7073 
45508 58036 
52630 36382 
63431 45354 
77425 14259 
21797 91425 
58457 74464 
70125 34451 
14139 37364 
10670 96087 
52961 44345 
27199 43586 
96208 62985 
98475 98054 
7875 65884 
82077 74573 
42825 65015 
99579 58006 
71257 65641 
27662 89469 
62587 89047 
1395 62812 
15114 1744 
65676 7855 
99173 80300 
68790 67707 
40942 35582 
78009 61201 
11691 17934 
11383 58253 
2953 25726 
22103 85955 
61974 43669 
42264 26216 
33749 44465 
91379 62002 
6070 97583 
81636 78519 
82204 42339 
6725 28132 
12210 98982 
83901 23383 
98329 11073 
30061 31151 
52515 35245 
91707 2823 
24883 20292 
15995 90289 
40696 46512 
45467 65625 
80489 28418 
42586 83535 
13030 19125 
1874 99944 
44028 93129 
87232 87538 
74865 25708 
39915 69677 
75076 31773 
38698 27726 
59928 74772 
57910 23734 
30146 7137 
61295 20273 
74695 57735 
90092 72362 
59502 38949 
52231 12560 
25087 6254 
96232 49651 
94311 66512 
58149 53767 
47775 97761 
2840 6375 
58905 12853 
41863 52241 
93330 72080 
99448 2295 
67899 25793 
15317 1276 
33514 47031 
18488 92080 
92958 96302 
79769 79954 
89955 45903 
52293 23970 
8958 79564 
39230 60670 
6485 74691 
85727 95332 
54311 69108 
78163 80003 
12402 11980 
47957 34254 
65230 99422 
19462 54564 
48918 99381 
11890 1301 
68679 77426 
3728 48453 
56065 45396 
94796 30591 
43803 68203 
55855 23981 
42324 80603 
38607 54323 
86568 85369 
29939 32293 
84236 27064 
73446 79894 
37410 61484 
48538 25520 
28269 69837 
92862 13761 
56640 98886 
77277 97121 
92200 43479 
94319 51165 
57367 26343 
838 82041 
88282 71442 
63434 75885 
30726 11910 
91331 73331 
15461 21244 
5490 39133 
23150 7389 
85074 36869 
92907 63308 
52734 11762 
50472 24770 
8792 30827 
32120 46360 
979 28901 
58613 70058 
21250 61514 
69892 27279 
54027 71170 
65625 84864 
61340 32251 
9377 18281 
79420 51619 
44851 71165 
18635 66901 
41527 39344 
4048 2518 
33969 99605 
67420 14716 
44192 88739 
3120 81161 
79695 26741 
30232 68119 
81109 69590 
61010 38791 
52890 71627 
61903 50074 
48076 35325 
7512 21828 
93859 27113 
70141 52689 
38562 41923 
57997 99503 
72591 6261 
13650 33680 
26022 19847 
11000 37061 
73716 49266 
43812 2343 
85186 3551 
81755 58669 
40940 41271 
80952 51683 
99581 81447 
75185 69167 
40722 16466 
41185 18319 
27557 54236 
26867 28796 
29965 48865 
54875 76831 
24078 14481 
65491 67 
37479 55146 
42724 172 
40555 85314 
75322 10881 
93988 59956 
40484 42790 
49966 81176 
62183 3061 
70439 99057 
88343 28106 
69550 78472 
51477 60433 
9394 60709 
25963 46978 
78324 9037 
71764 35595 
59245 90692 
59219 98809 
51706 14299 
2402 19507 
46049 11336 
89626 31915 
60490 23034 
88776 23061 
42719 29969 
22496 64819 
6451 40600 
53624 64752 
20356 37164 
94818 95093 
91845 62546 
57982 83602 
91483 20178 
88886 27396 
45065 50475 
90257 21478 
79943 41971 
22702 77353 
49724 33072 
86945 43936 
77229 61202 
33147 32908 
49423 20161 
13521 93740 
70010 93584 
92949 79788 
25480 42710 
58993 96193 
48624 39996 
27468 22740 
69874 56647 
22660 60427 
31297 31740 
22300 59152 
680 73401 
96576 45773 
63855 68333 
37731 86717 
92257 5045 
72239 87383 
79703 48221 
71039 51788 
17448 36936 
25018 213 
29819 17819 
32675 70035 
24067 65739 
54841 5530 
17548 89246 
27337 76079 
92941 65733 
86650 49073 
97949 2171 
55939 83717 
49752 71284 
59149 5013 
26467 30134 
79506 63400 
27976 88374 
55346 84843 
66687 56760 
11006 68581 
5155 73083 
53424 95359 
91952 72230 
26127 67600 
59788 39912 
1437 14850 
40588 65423 
9029 62722 
21096 87829 
44365 81653 
9529 12099 
74076 2989 
8932 56946 
57025 14202 
96075 84534 
29559 22511 
86097 53701 
61371 6728 
22582 32980 
74444 60848 
70330 7451 
31684 69728 
3825 14350 
44146 47113 
78242 46343 
16182 9369 
41812 68516 
46342 54450 
98451 5387 
28550 64945 
57806 67615 
52852 56512 
16186 4592 
87921 48540 
96337 88740 
38595 42597 
36635 60066 
10808 56038 
60944 85430 
83635 73063 
79291 15982 
83519 43615 
66439 58327 
79335 81679 
40562 10281 
68559 88855 
17439 50398 
4638 56548 
46922 12013 
23535 80636 
47942 17121 
63479 56235 
45855 93212 
36089 6918 
81714 47018 
99360 42756 
6866 23180 
3363 34580 
98239 32918 
28092 38048 
29824 98088 
9520 447 
14016 19361 
54722 35579 
82898 43771 
79834 57642 
13954 76514 
65658 23736 
17356 54618 
14859 46407 
92643 76002 
12020 2614 
31493 56435 
33205 83538 
90249 69032 
25218 876 
80944 6188 
76427 89562 
32823 92221 
30775 24292 
57670 66504 
54541 97816 
11766 51495 
51422 92631 
84851 17822 
35693 14547 
62230 59468 
15465 46516 
99982 96094 
8486 24192 
25216 26682 
11454 30902 
23418 68912 
70486 58964 
3138 32097 
55155 86815 
34643 87965 
21424 76896 
43607 23238 
59856 7985 
3521 80708 
64604 17478 
11222 21360 
26012 44020 
48802 69141 
45036 29029 
32107 32057 
91244 56758 
21151 28578 
77812 86942 
20990 86672 
6718 61445 
32948 24310 
45238 46948 
25554 64925 
30906 9367 
82151 89036 
66231 2533 
47866 74137 
56762 93591 
42464 28975 
66517 40657 
27606 85435 
13302 84442 
17088 71526 
3117 14903 
96907 52346 
7637 26367 
78319 92382 
21660 80214 
41528 62157 
98445 52821 
40258 84983 
50031 58343 
28163 95434 
16916 819 
36897 60203 
56864 28161 
82623 94090 
76178 31790 
2846 89152 
28402 59972 
28676 63405 
35222 90381 
78973 26996 
42242 37960 
22301 58362 
8339 57842 
90215 80675 
41472 39928 
41123 29724 
36092 81642 
67826 8420 
37724 68450 
13794 30208 
58822 87948 
13340 63945 
96648 52589 
99094 6174 
58728 8621 
26492 23224 
84340 64321 
49502 25207 
61516 79347 
