40941 93938 
66065 44848 
75426 71360 
81871 3023 
92180 35984 
26044 17325 
39468 61916 
59789 44901 
61197 85567 
20037 77423 
78765 922 
33673 44203 
13162 32538 
75837 47004 
78024 79191 
12013 92960 
24411 31355 
90290 41323 
46339 79059 
4967 82212 
62421 43190 
35585 21093 
73437 82927 
76496 51416 
58281 54747 
11249 59647 
11425 24332 
53349 21891 
43903 61687 
70366 19330 
66793 81946 
31895 20948 
51259 29549 
73536 56269 
12449 41894 
48840 28335 
95900 70054 
49094 97662 
54539 78770 
6826 1651 
92024 95697 
63099 60717 
13825 30765 
70934 62350 
71356 40496 
27606 7393 
6388 69274 
77112 49000 
3112 59804 
748 54078 
33416 88380 
18536 69418 
37305 47075 
57134 80342 
14850 64620 
919 8325 
18669 30461 
32074 5915 
26646 62395 
82796 72180 
43453 37148 
68170 30018 
26419 85445 
41779 77800 
56361 38309 
17756 52199 
77250 99761 
32826 16440 
9903 12570 
79728 18810 
4390 78323 
29507 49952 
33412 90877 
74267 64260 
44665 43072 
64314 20673 
84015 70662 
83980 41196 
73318 4485 
9007 81683 
76791 12185 
14962 58745 
18064 24164 
61025 79062 
16415 54953 
56305 72960 
95126 50810 
26971 42809 
77532 17110 
41564 98604 
27021 4990 
19193 68038 
6134 65674 
40706 36432 
26842 13079 
6468 93112 
39205 70525 
36035 35082 
58831 15761 
84808 6345 
64898 80029 
60637 31744 
9982 1499 
59417 37913 
70516 81191 
2840 40730 
32458 40344 
53784 18619 
50551 32225 
5208 84093 
41577 18485 
86963 12152 
72058 80429 
11601 83432 
79134 98933 
85028 52476 
19623 3271 
40785 57029 
76833 58715 
17734 42993 
67194 35548 
90144 91448 
79587 77987 
76394 99123 
49037 70543 
97980 81753 
13442 81445 
33990 40938 
27086 48040 
17933 59468 
7922 57426 
53529 67485 
76954 67110 
84033 52435 
7519 5093 
35667 69460 
39863 86544 
69897 45693 
32133 85097 
21608 61840 
12767 832 
70586 37542 
71196 74091 
92306 43151 
73930 4574 
60647 9914 
21263 48510 
29964 12977 
66224 83218 
6839 57189 
1842 47993 
32878 4383 
85417 93011 
39081 42624 
9197 93831 
99603 12866 
45704 18055 
8109 76497 
92935 62860 
23496 28490 
19769 17362 
83388 35138 
65101 42146 
63614 2845 
75620 99796 
69769 64973 
76571 14904 
83017 7460 
57477 89786 
46429 40723 
20502 52990 
70465 65323 
82976 71719 
56586 71904 
47605 16400 
86539 62145 
53949 25881 
1524 76757 
3004 85139 
198 68998 
3056 93853 
17441 67766 
19449 73862 
6786 32989 
23521 36245 
38618 17889 
26651 4673 
43505 17589 
54255 70661 
75450 1649 
61497 38484 
43378 99268 
17610 2790 
60839 30228 
88923 90300 
93698 52084 
32054 88499 
43466 24697 
68196 78853 
90004 76846 
47009 89838 
31458 96536 
24381 85945 
1575 56511 
72134 12833 
14976 29566 
9757 25917 
89477 44449 
98316 39965 
21221 82448 
64944 50610 
43168 17210 
32626 95225 
80391 55892 
14508 40229 
26679 48451 
94514 4627 
6089 93695 
56815 55491 
50387 85636 
45510 40085 
18718 11782 
32886 51448 
9399 36182 
49683 59536 
65356 74354 
84041 78374 
54554 94666 
87147 81188 
14637 61317 
33069 20113 
87066 67745 
67854 54816 
30166 96107 
48717 45278 
92825 78429 
17958 17955 
50953 28068 
78248 71679 
57363 56348 
36009 49917 
32416 88517 
57832 69386 
27509 45647 
41239 61501 
26446 64633 
35547 52814 
10741 87161 
61215 83293 
4053 60322 
66748 37217 
28266 56497 
31116 40449 
49118 38185 
66571 59975 
62817 64677 
1902 26850 
76756 61741 
29332 92087 
67211 52978 
79646 16511 
54816 82038 
49605 90233 
24665 38598 
43283 75158 
32016 37798 
4716 64819 
76893 92810 
13056 59830 
1258 63230 
83450 64377 
60999 58228 
66911 19430 
51601 22661 
70707 1727 
21178 36832 
27118 34091 
87445 16117 
22899 72276 
86246 5392 
64376 56263 
18413 24997 
93832 39860 
29013 39928 
91671 41400 
48463 91987 
95854 90508 
48508 55858 
45151 81148 
17738 54342 
6026 79521 
41085 95459 
74283 76921 
75675 74688 
52085 22261 
51414 19289 
88566 16745 
88883 38484 
37962 4038 
19373 83219 
33048 43287 
12309 12272 
93628 9486 
63867 7696 
89935 25923 
77208 81871 
59018 96815 
69581 70901 
28532 74773 
74430 14652 
36823 67333 
67679 82419 
50813 59564 
36543 15023 
73887 5635 
26476 19083 
4851 21231 
47304 67282 
55997 90834 
93093 29616 
63402 89136 
31999 84965 
25825 4241 
52104 39723 
89895 41799 
7158 10840 
58780 83869 
92203 14269 
39093 74032 
93173 36676 
56547 1173 
96900 58177 
64695 58367 
18324 36941 
43071 60387 
259 62708 
31148 13668 
67735 35556 
72754 45879 
73696 28729 
51921 18815 
55774 49858 
85634 67894 
34863 23650 
1526 34355 
25413 80901 
69305 82082 
94610 53635 
73531 20012 
3055 44253 
12346 83208 
83063 57752 
81849 60933 
62367 60401 
59032 98420 
20826 55688 
27555 40584 
75600 48938 
77 30483 
26321 5679 
78505 23166 
55950 95648 
59193 26352 
75277 54291 
34020 33447 
19441 86640 
60213 71492 
53395 84691 
71897 46913 
19867 28669 
84562 35322 
68199 95054 
18 28104 
35307 99785 
53822 18180 
11086 63743 
59826 80056 
9714 99458 
97171 75198 
85595 82902 
53914 92709 
78116 92300 
88457 17480 
42901 67102 
95023 3196 
28919 64545 
62675 15970 
90575 68694 
98690 5893 
81854 37424 
46603 58401 
65584 56478 
66815 75116 
85064 6561 
63378 34718 
87595 39371 
34435 88366 
59851 1546 
95763 51369 
33554 41672 
76933 63008 
46607 84828 
17882 99841 
99586 61604 
99979 44271 
30436 34047 
30182 29849 
41223 69738 
59460 7467 
49984 76970 
57388 2555 
7966 28969 
83654 62313 
17996 73162 
94219 24219 
13213 42665 
94927 72250 
7111 61525 
8631 85658 
5554 62635 
53211 26649 
79416 17861 
37351 57921 
32458 13568 
68536 28798 
63271 91585 
33462 19556 
12366 15561 
54868 87549 
5917 15741 
50822 15868 
56198 11400 
22537 25531 
55395 9449 
75061 75557 
4304 30218 
31503 41812 
50276 16937 
35936 35122 
69861 44177 
52737 91899 
20730 52286 
60803 46431 
4739 99821 
9982 72964 
29443 44043 
53981 67838 
28847 30721 
99152 27206 
5901 98821 
11754 64239 
88981 83080 
7639 1205 
52550 28056 
7803 66470 
38185 10914 
80802 24197 
26362 7032 
8811 65417 
51638 22463 
7884 93130 
24303 60333 
5017 41246 
20093 84472 
24645 77409 
26237 92863 
65487 53137 
86870 15975 
54959 81217 
73771 10559 
52859 39909 
19428 28233 
38649 26292 
88556 99957 
57333 6931 
31532 92458 
17829 43076 
58567 60737 
34675 99717 
97021 41964 
79007 83090 
45873 10398 
57994 89575 
21207 40399 
73225 90467 
94412 5191 
18058 21720 
60906 72675 
61497 95493 
41284 46471 
31921 1241 
9129 40260 
57813 18082 
60094 66584 
44620 17291 
85440 67457 
66972 94049 
89829 13445 
33709 30923 
97999 50318 
39512 62091 
27822 77952 
51404 76931 
68312 4833 
91001 74349 
90288 33356 
64085 55114 
34690 96027 
57954 18459 
68964 80755 
73944 11334 
75446 54623 
87646 63970 
37366 19822 
32530 33763 
17841 12888 
84078 71023 
85176 88942 
80956 14723 
23789 16327 
57377 24188 
84272 43863 
76546 53486 
68347 92844 
48872 79337 
14927 69032 
90673 448 
51994 86024 
29137 36457 
5681 40739 
87564 68049 
12730 84179 
91248 76284 
65408 86211 
18828 58847 
28992 1781 
86533 23652 
11096 7808 
93489 86117 
29415 94945 
75066 25449 
19840 66445 
8265 87382 
50456 17585 
88185 56073 
58593 43395 
47888 56263 
7881 49895 
25291 88265 
70160 24606 
90200 43029 
73154 55787 
32198 92229 
18965 76675 
75819 99251 
70715 50937 
33294 50916 
25111 8619 
27118 66942 
37194 88063 
14789 4369 
40242 38580 
26299 37577 
8548 91101 
81297 61013 
43716 9617 
87315 31380 
26157 94887 
33047 38792 
62621 23710 
81414 72279 
77886 72022 
35952 24032 
44139 88122 
1073 58900 
15125 53525 
81836 60921 
33772 93270 
72070 57015 
11833 74942 
61062 9516 
37949 66228 
48486 63812 
56594 4539 
94837 35133 
74537 69017 
50380 19398 
93701 35220 
99451 17048 
39756 35813 
28917 65906 
54285 46813 
79731 89369 
45027 68224 
68701 79611 
43510 70367 
73960 51987 
2260 32760 
62101 26441 
74837 11091 
97528 14496 
61102 29660 
15302 16271 
67386 11590 
57598 60963 
26668 27191 
70888 56396 
47399 62026 
36027 48447 
11244 80583 
56678 29571 
19837 88853 
62825 77152 
98520 79723 
95624 46999 
1104 78757 
27421 95114 
23821 94756 
36501 51684 
28934 19455 
99977 25301 
98895 13738 
90178 72505 
90444 63986 
60048 28020 
34741 91468 
81220 54430 
34373 50125 
54832 36532 
41011 53662 
49602 15250 
58524 31585 
34276 28745 
5498 25579 
62287 4213 
88426 2624 
35320 22901 
82217 79271 
19438 62972 
88218 22710 
12527 10123 
41608 18576 
65038 14217 
69794 72879 
37370 61730 
61369 46004 
36665 28391 
91205 433 
13450 74205 
61433 80650 
14210 43878 
60340 33614 
79896 39701 
11609 21291 
52282 41058 
84905 72890 
226 54988 
65402 73779 
6090 95611 
34713 90508 
58928 6717 
98522 86905 
85536 61469 
7298 94941 
13022 95905 
55613 65840 
97319 58807 
12873 41871 
70882 89525 
33690 57323 
59789 67448 
19641 98356 
95573 12087 
55835 25721 
328 51100 
25491 91821 
54969 15113 
13635 64102 
70026 62789 
47067 502 
65922 87385 
81898 9466 
35413 6893 
42256 66997 
4746 93864 
34156 56274 
32007 58168 
7083 41557 
81283 56163 
12469 87417 
89459 63149 
13057 86767 
98810 12478 
30049 66755 
63049 74322 
75953 236 
47060 19850 
10222 62388 
31295 92456 
72070 36969 
626 86664 
90228 94772 
44461 17489 
42972 38030 
19994 48266 
43402 28846 
33697 33350 
54723 97157 
77502 23592 
98224 54298 
15614 77119 
2638 21963 
55458 15705 
57774 23109 
52027 67905 
77563 71364 
88705 44113 
48090 38517 
49651 95843 
34702 75869 
48891 21789 
48965 14557 
9514 96590 
31002 72387 
92709 14744 
85680 50287 
60839 61718 
22119 10175 
21372 47087 
85197 87869 
39180 60393 
34966 9580 
23595 39422 
25332 48631 
93562 72729 
56884 80207 
99337 93501 
30410 66259 
32398 60207 
7422 30163 
86584 61015 
91936 61244 
42950 23558 
83765 23009 
38429 59408 
17776 25746 
44095 23483 
95809 64058 
22713 22611 
38390 13002 
57161 64624 
31915 22678 
41500 99585 
23603 50422 
4602 68151 
21344 22220 
92651 38562 
88455 20508 
71285 83383 
84391 54218 
20748 19881 
91631 78752 
88132 13804 
86237 98507 
29659 25298 
54990 2633 
22907 57894 
35544 55899 
53988 56671 
57715 90874 
87906 90146 
93779 25046 
11684 41907 
83586 57084 
99299 32657 
86320 80147 
85076 91062 
24905 86931 
47922 92711 
31331 31127 
2599 90480 
71586 52989 
66253 66706 
27435 72935 
18468 47873 
38912 6400 
1359 35846 
66201 55605 
12583 26220 
12499 89487 
28566 3976 
60452 31703 
57914 29380 
13962 38457 
65626 52951 
4415 62826 
27639 27319 
15803 70346 
72148 15933 
6739 91778 
