32121 78449 
54709 53334 
98653 59411 
7065 12057 
75213 3307 
83172 90730 
81400 29802 
53253 35510 
2882 58342 
97062 80531 
91193 31183 
85125 23820 
27484 90777 
38301 18988 
70780 38044 
32724 20162 
36354 83288 
18861 42001 
53096 89921 
53204 74046 
30063 2630 
98999 19242 
21890 46294 
38509 10132 
20348 79658 
53384 93077 
15023 88709 
72084 60773 
59980 8647 
53642 56397 
55219 70516 
75629 68932 
1836 78792 
20829 88515 
18031 39605 
11916 93095 
9445 75787 
26344 93270 
71782 84548 
34681 70842 
66270 16364 
44802 8470 
49249 79510 
1609 22707 
55990 3691 
87387 80824 
35865 28356 
91424 2960 
11051 16517 
69186 25496 
84186 33305 
91111 28970 
51752 69950 
89040 14425 
89408 38558 
44263 45771 
63129 10765 
25406 62555 
85687 24258 
76592 7485 
81902 35133 
76768 6107 
48029 51207 
39612 82234 
90756 41653 
86 92043 
9525 81691 
38498 12188 
42212 57588 
25832 22857 
28685 26845 
35159 85383 
59368 1191 
53091 25833 
66639 95913 
42514 957 
85759 68008 
53277 40917 
58981 47820 
51014 34440 
81614 54053 
35961 46333 
92005 70425 
53405 34737 
88774 53752 
55318 66096 
18112 37868 
58752 9452 
11525 95532 
60742 28556 
70152 21380 
11754 80181 
85633 2951 
20105 70106 
59453 53963 
58341 14433 
32821 94274 
69202 3214 
67324 74321 
23592 65801 
22981 58359 
65891 92903 
64780 433 
92970 79033 
91361 69769 
52435 10821 
20268 8171 
12910 41644 
83009 30984 
54580 61055 
80144 15334 
51755 88711 
21734 54609 
70862 96811 
31681 96503 
87072 92478 
25855 23477 
30676 72116 
83372 79104 
10351 93435 
17988 91516 
24619 97675 
22281 96064 
65113 54490 
1162 13294 
35613 95022 
33222 95466 
59437 44888 
98502 15125 
24338 68115 
89528 32570 
18925 85509 
78768 45613 
47480 36500 
50167 94613 
71110 12195 
14998 68548 
12314 99207 
22986 33765 
77344 38737 
48535 86027 
96138 23491 
78830 8642 
53154 26166 
55693 4692 
84069 77586 
26320 59749 
43113 89997 
39328 82995 
3724 51592 
82047 69270 
41209 2049 
92592 22344 
60299 35646 
95940 80566 
72751 68501 
7120 90065 
551 49515 
16588 77802 
78825 90808 
22924 87027 
59221 42751 
6276 51062 
69299 41129 
42255 97857 
66391 9552 
40498 97374 
35415 8905 
54711 86615 
19303 87464 
51709 33007 
37966 222 
45835 25817 
47155 34068 
2098 17455 
12087 96609 
86489 71720 
22386 796 
95127 14481 
54662 4900 
25260 23730 
96964 48004 
60614 40621 
85376 54815 
31161 30842 
67200 70465 
73128 76533 
97420 25884 
58902 33003 
95601 27393 
88449 41588 
38863 10373 
33990 50278 
43267 96171 
7870 57092 
90713 43838 
79923 57717 
91368 93894 
5102 48517 
32682 59949 
34744 8811 
55197 35890 
75550 62159 
12658 51235 
29230 95435 
19324 25345 
92719 96579 
60925 42381 
23964 57152 
47372 93182 
81529 74252 
15113 7721 
27574 77787 
44914 32327 
43287 3787 
46930 89568 
43389 32151 
79026 95512 
92101 8126 
6660 99015 
16789 70809 
82994 50744 
87477 19100 
26464 5864 
80511 55778 
99707 13592 
72898 63751 
48487 49305 
20171 85057 
42238 422 
55114 92783 
68796 25994 
7277 68864 
75137 71733 
83937 26563 
13153 37176 
71994 45483 
44947 59720 
17294 19038 
85656 1480 
12926 49610 
13462 99218 
81305 64973 
56245 65043 
66177 71076 
72240 6157 
60150 899 
78096 65587 
80972 66863 
41888 72683 
75494 75148 
50929 32104 
74079 14269 
84636 73060 
40239 87394 
71227 26782 
60325 18154 
83711 99525 
96361 23054 
35391 60810 
81444 10113 
68031 72216 
71593 32974 
86856 40712 
80550 2507 
85736 92315 
14744 33766 
23163 26844 
94479 85214 
55064 32556 
94388 29202 
4017 10693 
61275 78006 
46093 84232 
70711 78043 
26347 42625 
65084 76438 
71871 4838 
75273 58711 
57377 66717 
65727 54136 
92431 35508 
58449 6170 
41726 44319 
85208 9383 
60232 82357 
89324 21432 
23553 72977 
48424 68884 
60514 80899 
17796 79063 
49765 32372 
356 86611 
25109 87664 
33654 83080 
45301 13903 
46990 607 
23203 68158 
82413 46641 
76505 15556 
92236 35651 
57576 75308 
22646 95908 
43610 8714 
68128 64666 
19830 37534 
34599 23468 
68344 8527 
80541 66766 
83130 584 
14843 41730 
67677 4495 
17721 44827 
35958 92280 
16739 11650 
29715 32907 
93874 90483 
85410 4306 
21468 47209 
32778 97772 
25081 9424 
83542 10184 
49404 21010 
73648 71875 
59819 44895 
55290 63587 
46590 21403 
96029 34620 
11333 62291 
31467 46106 
6080 36516 
35223 28274 
64144 82721 
15370 58643 
8926 65587 
20033 39276 
51944 78457 
36489 75539 
94548 82990 
97920 36237 
29152 68135 
69860 5605 
95290 5337 
74423 21274 
83392 74612 
24557 29180 
94895 37065 
82854 76326 
61166 33366 
29849 5355 
95679 94874 
25295 11087 
3973 64331 
72534 68522 
4174 36425 
50901 44190 
17161 45052 
63969 58366 
69994 43684 
62529 74297 
18752 48065 
40303 52456 
37699 36295 
67716 22730 
40532 30370 
24446 95570 
96416 15392 
15003 54270 
78650 87908 
3264 44893 
36986 63208 
81644 7791 
16005 12926 
98544 75234 
51406 48913 
3695 93348 
63678 17113 
35222 13398 
34325 16032 
64514 37364 
93687 8413 
35400 95854 
71359 51861 
82677 82567 
60308 34388 
91670 68844 
24004 64263 
65332 74301 
32259 30035 
98250 75065 
45891 16226 
18003 89873 
82981 32947 
43458 96076 
90168 93589 
26862 92550 
11307 53695 
92039 44563 
92767 6315 
54483 16872 
89764 14338 
10851 25598 
41317 48710 
15095 16904 
62794 92946 
16434 11049 
64476 68964 
20347 34080 
42141 37022 
47981 96264 
1447 23431 
11609 66267 
71678 33716 
94215 33183 
36437 16008 
19805 44702 
58946 49731 
27694 59003 
7834 48022 
18823 50433 
95658 78792 
25065 64558 
26856 29020 
63491 26913 
14439 59587 
76774 71537 
65453 23833 
28143 70381 
54075 52066 
14748 12686 
98212 36322 
86804 4669 
30521 84981 
11573 34135 
8043 55189 
988 72090 
35948 12561 
29675 63999 
90397 12248 
6137 97022 
13088 43226 
24023 16370 
15807 28538 
12719 3863 
77144 28205 
26868 24871 
35484 48684 
62992 95957 
82528 22974 
68038 24893 
39761 88874 
9453 27171 
56698 59384 
9302 28653 
4143 48871 
5994 22739 
48357 91391 
96313 62232 
82714 63420 
27768 31014 
62273 2253 
56655 58718 
33695 93470 
60791 12786 
77999 86109 
97506 26594 
86892 82577 
27296 99789 
74751 41815 
81430 37530 
87812 28895 
37844 79045 
9703 41935 
83817 2691 
78211 48142 
86216 84687 
21979 64770 
60483 31728 
97845 27917 
28107 3894 
59599 2330 
78953 93577 
17175 98789 
9622 28593 
51641 82120 
91931 23215 
35808 72519 
36604 9550 
72900 65650 
56486 43504 
6429 22817 
800 94510 
73284 11547 
27457 96277 
68993 9035 
3889 57004 
69243 16160 
78603 1793 
4943 68161 
45380 47494 
19472 69558 
30005 90711 
46223 25540 
65400 23460 
32166 89802 
85242 77719 
98842 99671 
58387 40107 
76092 23387 
6859 70963 
65761 1514 
98702 8299 
92734 24740 
83625 36411 
78874 53657 
44180 51386 
31793 52671 
68124 61294 
74838 79769 
8626 17552 
57295 46663 
88172 85771 
74521 39698 
19284 29324 
96571 70890 
60586 96949 
50841 10638 
288 76893 
29388 38860 
60818 4407 
94748 39717 
48109 86871 
39485 56568 
26971 41354 
14129 18438 
90013 23145 
75782 47052 
1712 60580 
25391 54324 
41561 1448 
95529 44243 
40593 19316 
22495 40191 
4136 24304 
86662 68997 
40308 72169 
33196 46417 
68547 67979 
91630 25205 
65385 16249 
97270 86612 
15700 78076 
79955 78862 
76847 57649 
26481 32064 
30364 55433 
41796 7997 
91335 93408 
31061 75369 
69046 38930 
99788 36350 
24234 28090 
22459 68629 
47986 16890 
61399 88679 
95297 69145 
27139 86598 
42292 23670 
59102 30604 
296 70163 
71181 90185 
12233 3118 
50601 80862 
77206 16178 
20457 90692 
97698 45517 
76394 8872 
20444 70168 
86139 40179 
46842 29662 
96924 55505 
21675 24872 
30319 98354 
69932 26712 
56602 39936 
40708 29081 
31494 51367 
34416 47455 
46951 40482 
34984 82541 
94683 82912 
42216 39632 
66139 62310 
1184 18604 
15954 23013 
55276 66946 
97180 29906 
7465 18765 
36105 24902 
60369 26421 
52052 67200 
19850 28242 
43289 45359 
89189 85730 
54009 53229 
51269 66717 
9328 28922 
34736 47139 
55341 66236 
86790 53395 
69490 21351 
30006 69715 
12865 54097 
63532 90515 
80505 62737 
80017 6424 
68397 93959 
8799 74457 
16561 35642 
63170 37783 
6475 28982 
64926 28580 
88070 68669 
42971 8671 
86603 95084 
54380 76940 
92959 20849 
56128 99983 
72276 75568 
63602 3017 
35245 97235 
68029 91727 
4057 46526 
49135 62607 
70675 71088 
11633 99232 
88965 915 
94526 45006 
64186 13063 
50779 89100 
3446 64187 
71544 1628 
68949 52762 
33928 6531 
32191 39374 
84203 86214 
61774 23066 
29359 70685 
90059 44510 
99132 75743 
94630 62623 
57831 19699 
99387 30282 
90789 66219 
47047 76887 
63728 12009 
19935 90806 
55036 62445 
89178 83099 
90702 15625 
53744 5414 
69604 5949 
90267 89604 
52832 41982 
72163 74339 
4949 10181 
32304 84883 
17308 6028 
37323 36202 
14021 97141 
13631 36707 
39663 19172 
15309 80175 
54466 54564 
52251 26789 
17570 46742 
3308 90721 
21761 57811 
23627 71334 
54205 86595 
17993 87804 
96819 25603 
92716 2876 
47213 50509 
17405 50443 
36562 3741 
25020 13781 
44273 55016 
53607 36525 
60992 95948 
86411 86835 
31293 53293 
78372 36747 
15256 85983 
66492 63268 
44239 64773 
49166 25590 
10245 20152 
85272 23643 
20623 84104 
7698 97208 
70222 44377 
67910 81975 
31656 76104 
28304 99127 
41009 14944 
97296 18480 
61089 88343 
58419 1643 
37238 27086 
79240 1347 
21762 38006 
98417 65813 
32189 30528 
80027 72917 
25854 54663 
93075 97922 
18723 26147 
21107 663 
49886 85598 
31933 3326 
94842 62883 
40687 18363 
60453 95337 
80807 77551 
52365 79034 
56987 7861 
91736 16002 
91734 97553 
72262 57091 
92932 96784 
90781 30153 
63597 1014 
55144 86240 
47040 72646 
71581 92741 
50715 66573 
40438 51676 
20269 38682 
43968 23818 
41646 32885 
92745 94875 
33595 61849 
8325 28653 
55482 19392 
58919 13955 
96092 88343 
32150 26878 
27894 36703 
24360 98277 
8259 27059 
49468 97321 
84193 99462 
22056 16413 
10380 26351 
49124 70156 
21679 79615 
72879 1641 
10678 94517 
42960 23015 
48535 62947 
60647 4086 
53018 39365 
29899 62702 
51539 96784 
70480 3663 
8938 27280 
96947 99152 
89853 41767 
43959 2962 
3768 87163 
23135 43264 
37157 65559 
29599 44198 
11601 9645 
77405 85273 
19402 41404 
32157 19399 
78881 16954 
26472 35270 
20434 39415 
89296 67935 
61385 3842 
93663 32537 
52759 23474 
29106 80560 
84343 74949 
34753 55327 
15723 91658 
87013 54089 
60486 28996 
21823 87722 
88359 23059 
85579 65858 
25768 65207 
51136 25234 
29182 18896 
5718 62106 
77539 12343 
16066 25752 
80182 50817 
2843 79421 
24931 5738 
11090 37517 
97288 54271 
46445 43385 
86219 62729 
57847 60733 
54576 29846 
86647 13572 
92934 31876 
69297 24472 
94471 40462 
76219 69016 
85480 16355 
92984 85509 
21223 17316 
1592 53324 
10027 96918 
99427 80725 
59909 12453 
1376 23533 
51447 4807 
6639 89728 
28245 60875 
75897 71892 
62055 20025 
56817 89314 
93449 40063 
16273 14680 
70928 95335 
86184 6432 
11448 39808 
6549 67217 
83554 31394 
54034 1276 
70672 80245 
77386 49200 
6588 53408 
21963 37153 
87712 40970 
14853 89510 
57484 64692 
99330 18762 
27105 89149 
52801 24631 
43749 77533 
95941 5532 
42515 19484 
2366 9811 
21609 46752 
47988 31655 
61566 43954 
97095 87125 
68835 56335 
8247 89451 
61604 94200 
57222 79559 
31505 34548 
16558 57715 
8650 24459 
1608 5274 
29459 97908 
91603 81678 
56802 27925 
60852 31181 
30223 49416 
9987 36229 
30363 4445 
70104 9964 
26153 81427 
63651 29033 
35957 42416 
45085 69702 
74583 58560 
11630 25189 
76890 2802 
69827 50229 
85729 81031 
67160 67 
67035 18137 
49656 5360 
68113 53808 
86166 51970 
66502 44419 
7939 15138 
66291 11966 
48135 31253 
86347 28785 
30086 77242 
50625 77647 
45393 67541 
34610 80844 
83359 71681 
43885 49000 
21807 1700 
922 60582 
65966 17938 
94436 46510 
26917 54177 
1959 20704 
63987 68683 
30782 67093 
76522 86377 
35017 66327 
19626 9208 
57227 21343 
35735 36695 
11953 19895 
39317 56726 
75416 54347 
65514 37855 
70774 4221 
95195 78662 
41542 75424 
98701 47200 
87134 81537 
98445 74093 
93948 47210 
36569 46561 
33007 11450 
48052 87462 
10930 9458 
81895 93356 
54794 15691 
83464 48720 
83478 37952 
49588 29557 
68142 62543 
94672 59031 
12728 63930 
20867 80161 
91727 8848 
68253 66172 
66901 4400 
32027 97819 
67284 62483 
72852 98789 
57478 78733 
13786 35243 
38125 53179 
12655 53627 
19394 11949 
22243 52051 
83439 24600 
2339 54893 
4995 50050 
27468 87677 
30614 85550 
42043 29880 
26552 37828 
50715 56997 
92867 83213 
95843 70000 
7066 34508 
66304 50304 
4430 86307 
2281 71364 
24160 67638 
9167 44278 
50575 91048 
70438 74045 
56797 50602 
54075 55583 
14732 87820 
40074 44180 
69610 14156 
57579 93745 
89960 51420 
9362 68029 
94596 27375 
78653 94942 
27063 42801 
58709 52152 
94951 8398 
19084 43344 
16581 35176 
24201 48831 
20799 50369 
49600 11656 
26950 2383 
99180 50887 
91590 12955 
12764 77494 
46081 32411 
67463 25027 
64933 54841 
18653 97236 
98633 53960 
96721 77861 
76623 7590 
74325 43993 
36241 88943 
45547 73735 
61628 16249 
13103 41335 
22956 68803 
62706 48514 
90814 97107 
14677 49423 
63185 77557 
82100 88464 
83157 87991 
32061 85168 
44376 9433 
41959 68361 
78214 91475 
66392 83083 
91717 54014 
81767 67986 
78629 36424 
55617 28447 
57130 46763 
95449 11123 
97416 8227 
68057 19433 
89802 47826 
44327 96223 
69815 23141 
16887 39837 
60536 37007 
58366 12866 
14455 47119 
36524 49053 
37185 37796 
79222 63148 
53617 84515 
86958 20924 
33428 8352 
23605 32166 
27346 87061 
77037 88122 
78158 62322 
70482 76702 
61179 58507 
22712 73693 
77746 7394 
625 26281 
72266 55306 
81266 16403 
68456 14470 
42028 15725 
23634 8744 
27548 21533 
81255 55349 
99706 93342 
61373 18906 
63214 93756 
66307 71813 
73383 73907 
94498 95858 
74998 33748 
49407 64014 
91600 30556 
2267 48444 
83032 5158 
17611 11030 
15753 44751 
78700 46093 
45223 3592 
56348 61510 
92562 58436 
49091 4014 
8711 84242 
85263 57275 
58518 97552 
18252 67179 
24412 29809 
65062 77779 
24783 61027 
35276 93482 
65674 65350 
72624 18314 
96102 94394 
84566 61466 
17058 51699 
66654 39852 
2204 92171 
37920 53004 
24251 14101 
91122 53420 
45236 98158 
27404 86332 
21139 87693 
88780 26882 
91729 97766 
23816 99814 
75049 86481 
21999 27043 
62615 21550 
30473 11847 
16177 27448 
23209 34940 
99822 4057 
27113 7274 
42215 66438 
22197 97235 
12940 67147 
23658 25714 
14197 27453 
22534 1580 
34500 21930 
8620 52193 
84581 32004 
24390 88854 
37356 8445 
1900 35463 
23572 60157 
16016 40168 
92711 17233 
46756 84408 
34713 99920 
81145 1517 
72277 61943 
708 17920 
75757 66602 
94578 33977 
23107 97105 
10132 68637 
25833 98791 
3236 2335 
68602 225 
78321 65939 
64920 62587 
14926 40047 
14209 62322 
61778 48588 
56651 20743 
42093 53405 
61328 56068 
54497 82399 
50456 48332 
72827 52813 
57952 75660 
45012 83344 
44069 1606 
66388 24063 
39539 67562 
55959 71465 
72399 71668 
95513 77492 
38639 96272 
947 6004 
13794 79608 
82771 37918 
66802 14242 
18467 77119 
29716 94739 
3236 63247 
97266 30086 
67640 54599 
78824 82581 
50737 4635 
1947 94245 
95540 18952 
71502 14219 
89958 46104 
21252 46209 
10881 25265 
55836 93693 
41641 86492 
70229 92474 
23814 75224 
51057 85047 
73180 51643 
9554 9353 
36621 97686 
69465 45684 
91846 49705 
34898 89783 
95045 63191 
92858 97672 
62923 7454 
63168 78279 
35047 82805 
94465 93626 
21 50511 
19145 63170 
84744 66694 
22418 58825 
99831 15354 
51033 20250 
6288 42796 
85766 16194 
18574 6021 
28444 26998 
87464 61016 
9044 25793 
12434 33374 
1314 91502 
17769 33301 
46426 95456 
89221 99842 
23289 65221 
8722 85006 
71471 44217 
43537 17509 
68079 33736 
43204 17939 
83466 25174 
72708 72456 
92310 4627 
63555 10465 
96404 39407 
95757 73236 
23371 36615 
33227 5074 
1595 97626 
22664 46375 
75793 79106 
31732 58797 
19935 11161 
46201 66796 
24662 16288 
67669 56853 
84839 18942 
53594 36049 
89582 34917 
19591 14935 
21864 82119 
80279 46240 
7710 59921 
39467 20507 
16039 2950 
53022 92553 
99373 26988 
78526 88518 
82898 49611 
94663 22248 
54791 86249 
20224 31916 
84261 93548 
87761 33033 
95403 56221 
30116 72348 
54751 91038 
19385 58700 
88337 72138 
57399 41449 
30083 65579 
54340 4912 
17521 97814 
47882 48100 
93128 72759 
9075 23030 
39954 95172 
53151 12054 
78776 54238 
23554 34876 
80661 70601 
45702 89308 
3605 12498 
53339 46327 
44835 42245 
74805 39629 
11380 62978 
29168 12611 
50694 97407 
22853 11610 
50393 45262 
56280 43220 
11562 34174 
46980 45651 
23662 99938 
50758 59315 
20682 6419 
15700 20261 
77999 42781 
35159 41515 
17301 16329 
75340 92067 
22974 92896 
40689 30971 
37510 23571 
6026 4913 
95775 36460 
88194 71601 
78386 65275 
51995 68461 
12995 32717 
45235 6388 
28922 5943 
35995 31657 
75355 93843 
81503 65626 
46291 61434 
92538 1478 
16368 95341 
69846 10007 
80935 66182 
79771 82334 
10988 98601 
5183 16437 
79002 77756 
54731 36518 
85222 92264 
38545 19473 
15655 37934 
21758 91109 
92758 84030 
48539 46277 
37763 34411 
88816 41692 
49591 99553 
97474 7968 
19476 32291 
91500 28313 
42694 70064 
44440 35265 
59231 69498 
69486 84045 
53720 15361 
12578 71320 
71670 35254 
5203 81552 
63775 53807 
32831 59623 
53011 75761 
59477 28052 
30262 95973 
11427 89867 
23374 96217 
63916 84072 
51820 3579 
93369 89680 
74582 53333 
54818 6365 
62367 20354 
19184 75090 
76957 57458 
58338 40405 
20271 6477 
97215 97640 
23616 28484 
61711 12837 
83658 33221 
38707 51018 
15792 74650 
30273 99268 
87872 19453 
27958 25115 
17690 88393 
55055 67809 
66106 16626 
24800 20386 
34402 78390 
40722 23733 
79225 73905 
21679 60418 
91381 81929 
68607 5661 
45782 40062 
2594 65573 
19010 26742 
94621 8660 
88254 83790 
76162 75631 
70761 36455 
66793 34630 
36513 39072 
80079 34291 
28475 98788 
72214 95400 
54544 7242 
79239 73436 
73274 40640 
48148 18892 
81424 72385 
4772 60054 
25615 79210 
17069 33762 
2584 11716 
6280 93702 
83010 43291 
30405 32911 
92365 7566 
14522 67401 
8926 83873 
30734 41239 
93885 92642 
36822 29855 
51369 18202 
67220 38054 
27235 85173 
32464 11891 
94690 76433 
24034 9510 
42009 95599 
40337 4997 
73107 45014 
46541 31473 
55200 11441 
56103 4863 
99472 25954 
75010 8203 
40467 91994 
81143 57801 
87789 56094 
20615 17245 
59788 29474 
90552 72956 
73010 55547 
43495 35918 
53523 58274 
92456 88168 
56614 99427 
17635 49790 
29891 18956 
75898 2406 
31492 32019 
92336 68530 
19886 8636 
69582 12648 
64647 67528 
85034 99541 
88645 74377 
58716 18097 
41230 46544 
65249 54740 
19283 31265 
32245 79632 
98428 42367 
14408 90895 
10208 11772 
57718 47382 
2716 36340 
71324 8905 
51937 78081 
6066 94304 
48985 6307 
98091 62411 
74426 53982 
73553 18674 
85077 97371 
26162 51128 
80925 58006 
73171 3362 
90223 69060 
67368 99293 
9386 44422 
92734 44795 
60916 38062 
99659 44615 
87428 83742 
41948 89500 
82719 60663 
62320 88122 
71871 39373 
35715 41096 
91543 24026 
20427 80295 
88878 22067 
85940 25664 
52891 40461 
83321 43868 
15690 28785 
99106 28341 
12599 63811 
86854 58711 
69991 97650 
1882 39067 
97576 72112 
74172 59154 
97912 35594 
42030 70354 
70073 85657 
34813 19172 
76688 373 
36876 34970 
63983 14605 
86871 25798 
72983 43560 
66616 96439 
56700 55280 
12000 66171 
22909 46180 
34707 30231 
55042 79297 
78027 78608 
24736 3616 
42637 58555 
98761 84657 
8923 43072 
60324 41430 
51301 46619 
10150 2957 
86921 11458 
86292 68736 
26290 73269 
43268 81838 
96525 3058 
60923 773 
89322 13892 
11297 86837 
45193 15615 
97850 7314 
23110 98462 
95539 91765 
20447 27348 
62505 68544 
1911 32642 
64587 51753 
68183 90339 
52372 45066 
45033 94808 
57164 78118 
1941 40678 
27053 93659 
15566 46908 
7157 59178 
77908 75748 
79151 85438 
11592 22022 
14366 96162 
95413 74050 
62006 8047 
22159 76548 
89471 48356 
7678 57950 
15278 58539 
45258 19863 
26746 6622 
52608 24743 
54413 58577 
90098 59385 
83021 39433 
38353 96433 
14991 48585 
10920 23909 
66424 80568 
43444 63593 
67983 42518 
44629 53110 
63405 52598 
16242 23732 
46924 49857 
49508 66104 
57566 45315 
83477 39533 
53027 96501 
67275 46960 
18806 93239 
2644 67355 
29241 1176 
55754 10054 
66306 21341 
18012 31408 
19285 89006 
64420 33150 
33857 53127 
5026 43971 
52658 48898 
50093 71105 
91057 222 
12852 97049 
21649 66361 
55031 88084 
98893 77597 
39844 75873 
41362 88420 
94708 71179 
3210 13575 
1690 69611 
8772 2254 
27522 13321 
94603 48760 
77005 79700 
1819 34199 
3714 78375 
88229 43028 
40140 51182 
84573 766 
15756 86311 
2065 34723 
15966 77428 
9468 68296 
97479 81339 
37129 21195 
16407 53655 
32629 2917 
44194 70897 
88171 54826 
43479 79619 
83311 17423 
51093 48395 
38355 73674 
68605 36866 
53457 46726 
92175 37581 
16450 10895 
22973 90951 
98393 8519 
86973 21449 
20040 52058 
58703 93997 
64687 30791 
27346 43555 
33275 34514 
65578 87997 
86167 52832 
61605 94650 
92666 7957 
53124 34244 
14131 31377 
58226 22504 
79462 304 
32786 19279 
72758 8518 
96436 27825 
42101 58048 
59978 12753 
55734 23031 
55916 34162 
77263 55225 
20763 77587 
5112 71762 
2900 44670 
23042 90124 
72939 57822 
38421 52701 
94941 23647 
42745 13893 
76287 94558 
15037 46404 
51585 65717 
2838 60175 
71755 45362 
57835 17377 
63247 40556 
73559 69912 
94336 7533 
71135 42092 
35540 26059 
5704 30471 
29412 70634 
20961 95248 
91322 67821 
62109 73216 
47319 48660 
68624 50943 
77731 27844 
7336 98673 
75924 67242 
73647 80373 
50471 10338 
84098 23436 
95938 6283 
7051 52721 
32622 77533 
29903 67944 
68777 23400 
41011 70864 
70223 93361 
12476 29276 
31698 8586 
5898 98533 
31913 57928 
87436 8096 
20002 45456 
30738 60592 
24883 20652 
6772 83907 
1055 79499 
8072 23038 
24408 84957 
31612 57732 
29897 18689 
49272 84405 
39226 42414 
27819 6378 
61207 16882 
21293 35173 
60027 99233 
47919 17419 
77386 15367 
80898 66859 
63324 82971 
27871 99037 
17522 42964 
47368 37395 
67958 42375 
52219 83866 
17016 73 
79706 24468 
66522 78227 
66107 70975 
92609 77049 
49358 23436 
78951 68096 
37701 75130 
32604 82298 
24461 71472 
553 72883 
99526 77482 
77028 80494 
6636 4579 
41752 38052 
22220 96819 
97512 66294 
86347 79111 
