68619 23171 
13836 75042 
2947 55182 
26121 3612 
44445 27599 
78315 8616 
85096 78403 
33418 25419 
47616 20741 
9833 81315 
10041 44012 
92913 21322 
84000 77593 
81334 71693 
69552 89814 
75221 62210 
9549 55045 
89593 27706 
44753 85150 
81491 61641 
27220 88033 
12041 174 
84001 85676 
25776 73833 
35757 96785 
18666 75713 
65637 65051 
83608 60073 
2605 93052 
67531 3275 
30373 23925 
47816 30176 
58209 98206 
37384 33441 
93079 1621 
57582 90641 
33978 11096 
75923 14602 
68732 40897 
91769 56146 
91172 88566 
67188 15176 
72309 81183 
42526 6019 
12974 26509 
46629 65989 
77362 80678 
10188 92322 
57024 54359 
17345 41977 
43066 92708 
85483 31198 
90667 80903 
46018 27338 
44494 46719 
10075 34114 
56196 54312 
42058 33278 
65885 9313 
31437 60647 
38340 24277 
48468 62488 
41673 25711 
93093 99443 
31270 19139 
97958 39507 
55042 67024 
26225 9006 
27396 75910 
12807 51088 
28770 33739 
33671 74937 
75204 86069 
52001 65727 
68130 90802 
82333 65285 
78410 45023 
34153 26491 
40622 34685 
44996 90636 
33703 18135 
89739 36280 
2276 17840 
57589 584 
29319 61195 
21134 79668 
5329 80912 
82899 73227 
51737 58232 
73997 50462 
47004 68122 
96742 79326 
72751 64558 
48503 79127 
44182 26198 
37631 27774 
14185 67935 
3931 79200 
43730 12247 
85931 24003 
12507 5747 
35147 56858 
3230 60955 
63531 97984 
30634 1087 
24476 52753 
1908 86522 
70048 83448 
89163 5621 
97484 10285 
66495 19694 
96576 54977 
14313 62153 
36194 89424 
21811 5315 
82991 54606 
24834 24750 
28245 70244 
822 10765 
9837 64569 
5161 99339 
55503 15293 
73948 20683 
40805 7838 
37061 92662 
50658 84962 
82372 18370 
56812 83086 
87051 82472 
75301 24959 
85132 79255 
47715 65730 
71851 46866 
98013 70069 
54752 26823 
52653 31674 
49137 15652 
75977 33303 
81179 26385 
65052 85417 
5852 31628 
68621 74609 
68794 17092 
43292 99139 
41356 34671 
36821 68261 
36258 7575 
93068 94431 
67667 6525 
6166 13079 
53965 85604 
12444 23296 
74063 39184 
97815 54621 
78866 17158 
15636 30057 
28315 14751 
55444 13479 
71423 35303 
76511 836 
11809 9667 
21819 38829 
4465 44247 
57852 32207 
10827 61205 
43492 31374 
98712 88992 
17372 75708 
11256 59119 
7149 4810 
44735 65951 
6518 39811 
68983 50328 
36115 79977 
96100 74928 
3065 56018 
53242 69546 
543 30809 
43492 37859 
43521 40718 
85192 33721 
19792 26249 
4553 34687 
46361 9437 
18972 63203 
60516 37247 
89226 31785 
42100 25127 
37514 17512 
58981 3004 
25352 3293 
51225 87137 
60367 58601 
21115 75586 
54295 70782 
76001 92510 
85816 79508 
78818 87047 
31356 11615 
97168 26230 
14538 61284 
6048 8223 
90749 11418 
91533 62078 
27078 46092 
23190 93308 
59894 61028 
11497 80731 
12408 39365 
43224 29383 
32801 23326 
92502 36738 
69828 78906 
38220 35008 
37308 20339 
79443 31031 
31478 33839 
29664 77043 
55937 16005 
88041 70583 
77731 21282 
31129 99829 
85133 94981 
42193 21891 
42725 53647 
96818 85861 
42663 62903 
53334 89888 
32307 54448 
54487 92110 
57916 18470 
32801 78950 
1648 5517 
26262 31124 
4899 72754 
53228 17627 
64797 13502 
65869 91048 
62676 16127 
99996 53742 
33448 8566 
65793 13714 
13011 58185 
78730 51501 
7165 13142 
12883 74923 
10008 91072 
69883 47241 
62357 43668 
95910 36086 
81478 51590 
46405 45485 
12244 33169 
93605 61335 
46826 82477 
95526 61909 
35100 87588 
96687 19267 
61210 18264 
10655 44892 
93022 13756 
42393 13454 
20742 46082 
44428 32270 
88502 81883 
65037 10859 
88497 16813 
38898 24946 
31065 10476 
91098 62295 
26094 6990 
73904 83991 
11233 86562 
32368 34075 
40609 56816 
99627 82878 
4087 59105 
55664 94994 
81606 34710 
44336 71488 
49695 68524 
32626 27774 
48022 3762 
13369 33534 
82656 182 
98116 59117 
89697 90482 
20326 44037 
8050 74751 
70731 27521 
13301 81253 
16530 58498 
46039 13338 
13945 32968 
27424 96856 
9736 90408 
92390 40266 
41404 37662 
86609 20469 
88130 58732 
67195 11394 
94875 11924 
19068 79539 
90620 12013 
49040 80870 
48383 44410 
47870 6895 
89433 60733 
16900 44217 
17029 60780 
40360 31515 
76048 74571 
47015 20626 
74032 19953 
45561 74324 
66462 26203 
37021 62353 
4480 82113 
4351 49421 
66818 88281 
54602 4122 
49338 67572 
42152 96118 
65407 15234 
32920 90409 
18196 50661 
78919 92192 
42058 66524 
60098 43499 
74300 57776 
16182 23734 
10928 53013 
35013 60220 
20369 63713 
85914 11978 
37722 13067 
86676 50233 
38709 5455 
70982 22522 
97339 50040 
79453 53766 
64150 57521 
31954 7311 
62975 87791 
51399 1697 
93317 38048 
30 54781 
42692 25857 
57969 5861 
58752 39724 
20848 48557 
4469 934 
18373 92482 
21397 4725 
58953 60089 
55748 86304 
86835 16612 
59965 87790 
97670 25621 
68505 85845 
96037 20481 
60699 76583 
94170 82887 
65836 4277 
44985 23632 
36051 63470 
74471 67916 
11097 259 
28601 57744 
25785 87863 
78168 97343 
65606 54013 
31267 84030 
59026 93270 
87627 86611 
5913 6082 
31618 56097 
80766 68180 
1431 79468 
16673 48885 
90834 16162 
71345 64942 
36834 89128 
115 77699 
21698 37522 
12425 15764 
70995 76509 
68148 32713 
60687 51146 
77967 89982 
55742 15919 
8090 88791 
90365 19310 
53730 61727 
65657 23599 
38065 74590 
84342 44143 
13812 82151 
64224 49497 
93065 27669 
72056 23977 
7737 75333 
97817 57676 
7694 17229 
45656 95410 
36615 2011 
52295 45741 
86620 91129 
56250 23942 
21887 60295 
31962 78671 
78743 28817 
71773 31109 
95164 17473 
45665 37463 
96090 6813 
93754 70973 
62691 92081 
9792 7954 
43461 8391 
55233 93888 
22932 30360 
2934 60240 
49849 34095 
47116 60404 
40807 46238 
31984 94054 
17618 94729 
45203 93226 
7096 18994 
94428 50516 
30500 93475 
35185 80104 
36507 67729 
46602 15637 
86385 28754 
57856 65543 
82953 46789 
12676 65962 
45944 74498 
21811 94232 
75531 31289 
94139 31756 
13100 19454 
55898 94077 
3722 86864 
64529 78108 
88342 72175 
98685 11733 
5340 42797 
59209 29361 
60929 63321 
47218 38522 
35733 12670 
94915 87239 
30969 1934 
12318 89624 
21754 31659 
78873 18080 
77413 67302 
52698 24442 
29019 4637 
92237 9556 
12960 43077 
85163 21026 
95977 84210 
57609 22264 
91908 25267 
93149 42439 
13283 22831 
25419 86602 
61944 60757 
80879 57974 
52022 68133 
38921 20291 
75914 97993 
45394 7092 
69269 95627 
62576 66957 
4568 56468 
63728 18987 
44522 97890 
83586 81149 
16300 46661 
17492 25662 
25514 74403 
21342 10193 
14914 97052 
2126 31405 
86924 91169 
4553 48270 
51409 69874 
93102 26563 
30497 4247 
827 63100 
50810 72224 
66320 58494 
80092 66354 
8464 20641 
20065 94187 
94984 97597 
50177 60673 
45222 58173 
28018 30607 
70214 61309 
91280 30996 
93835 81175 
73465 68149 
17649 83952 
40917 2364 
89038 84371 
82331 44287 
7336 45334 
33510 11316 
55863 22349 
99960 9869 
79136 95975 
47807 89923 
33989 80133 
69549 51885 
30942 41876 
95334 72710 
47881 19105 
12732 58093 
41948 76696 
78370 20642 
7519 98667 
53344 30137 
28262 74237 
70990 81280 
49452 99025 
50357 76794 
53109 79134 
1663 29285 
52964 95502 
31027 43999 
38889 58636 
40945 56373 
91104 59757 
40258 63282 
53377 3357 
22766 4891 
1356 88305 
47192 25262 
67303 89913 
52833 64140 
85704 83725 
75055 9831 
5593 43309 
82666 73587 
74869 38962 
45262 29683 
39540 61987 
52780 2110 
16474 87 
51801 68812 
92161 93410 
33526 97418 
71907 7931 
6917 22634 
54005 73085 
17119 24777 
31648 43970 
24104 71358 
31688 64911 
39348 39197 
83826 30852 
29420 43265 
76414 65736 
34503 60207 
95768 62967 
17152 49523 
64746 62026 
52025 43367 
93308 67432 
90828 97181 
28892 51527 
88396 67657 
47624 20902 
55615 11982 
58783 67818 
12786 82877 
4363 72585 
53093 27640 
23195 70632 
89968 86209 
14828 48854 
54447 23220 
82180 89859 
29029 22075 
53980 39847 
53063 15258 
88089 36097 
11372 24427 
35037 93452 
22577 36262 
97434 15655 
76547 45623 
55417 67051 
31361 56241 
40858 12900 
69411 41017 
33810 12438 
29486 28898 
23495 27830 
77141 3414 
23129 94272 
49162 69121 
52957 81771 
9606 66516 
9111 67490 
84679 93434 
17240 29084 
1629 21519 
29339 64033 
42860 80016 
59803 37778 
40639 15985 
72444 64312 
80046 29961 
24082 26911 
48239 29140 
42251 53778 
66625 36399 
64713 73681 
69201 42729 
96642 89994 
45118 93129 
47727 28085 
46402 51582 
95898 30613 
72849 99393 
86977 98050 
85223 83020 
20283 97629 
65202 42449 
89070 92912 
35922 19243 
41638 78312 
80486 64568 
4069 38149 
47496 41848 
58754 88206 
12423 46101 
4225 99245 
71551 42611 
31284 46585 
81277 61262 
38009 77585 
19690 69677 
71958 39760 
39639 88260 
31708 66267 
2944 3291 
81879 72616 
33875 80420 
35853 78723 
6753 80226 
38651 33792 
87266 29944 
38746 88039 
80013 11033 
72110 24865 
95848 80940 
94336 39867 
41712 59259 
87432 28955 
52972 73369 
36740 26815 
33663 76782 
20365 19132 
43586 24542 
78643 37209 
72854 14389 
34368 32004 
74282 79821 
15861 16119 
81925 51749 
94422 56897 
30088 89148 
85332 1536 
1302 15911 
77257 16008 
74059 91053 
48788 23591 
11478 82486 
2793 35913 
30644 10782 
99391 79711 
18987 78630 
96534 35838 
18883 4181 
13585 23596 
84560 31987 
17696 83071 
26411 3981 
95437 30916 
96999 34724 
12823 90909 
40320 50115 
85726 29605 
21271 16799 
79672 59533 
75870 10725 
33057 7661 
74342 47608 
51117 85196 
69076 25485 
49251 36329 
7269 10147 
33845 88125 
24185 27882 
96288 71557 
97066 16825 
61613 34511 
32052 28104 
77066 21632 
76851 61084 
47822 52999 
446 63167 
27236 93859 
57801 23945 
47180 71047 
62279 45928 
30388 58204 
21427 79645 
61225 21560 
52801 69617 
3843 90768 
85675 69482 
47462 95187 
71749 49541 
27327 84996 
73389 38025 
16882 38659 
71486 8584 
11785 43505 
36627 50826 
29638 24581 
37136 38159 
30606 88427 
15367 37768 
23635 43049 
49736 91242 
60517 53148 
34105 31195 
35803 90489 
48410 89138 
4425 43352 
64870 92972 
813 56113 
32598 48608 
93455 80235 
10159 49594 
37009 31380 
70336 61009 
90467 63801 
84328 79514 
54323 92847 
3622 80081 
42303 19128 
96927 21799 
43928 33812 
66867 23 
53042 13477 
66522 285 
34401 45123 
59454 30497 
75516 57155 
18502 82348 
24170 70566 
38427 210 
43370 26020 
45395 16445 
24989 87201 
22311 45696 
90908 68502 
33201 17557 
76235 86051 
22089 66961 
33011 85048 
82267 94689 
14762 53523 
40353 56609 
2392 92880 
76216 39543 
10108 78971 
4634 34116 
66428 13946 
77435 20533 
99791 38760 
25941 41860 
70876 48961 
52662 51264 
84490 32262 
98509 84578 
82695 25434 
57160 27615 
67846 70132 
81789 18876 
29282 32565 
31011 52583 
50676 40291 
30674 24431 
56346 80897 
86048 93008 
14345 1987 
65004 13529 
51721 49632 
86918 37336 
53072 83323 
94335 60584 
7362 9478 
54825 48553 
39938 82657 
39018 58273 
16797 33941 
47438 31425 
36348 99251 
13575 31926 
30300 36936 
93498 58204 
79733 43566 
63411 68817 
15056 99611 
85635 21917 
9237 2594 
70867 43995 
92566 74279 
59906 11394 
14166 60612 
71623 49294 
50581 78352 
15578 27171 
14970 759 
47487 57166 
51818 16150 
53664 82408 
11506 37814 
86560 75966 
86718 91498 
37732 57968 
58361 57574 
26813 78354 
42526 98986 
5499 5783 
52003 63221 
24083 9424 
85948 6789 
84735 19668 
39516 54073 
10507 6230 
81655 68940 
91973 17709 
83683 87092 
34400 85322 
93900 29933 
17570 5372 
44202 96566 
97607 79957 
43505 9572 
25600 13464 
59771 72334 
31336 33611 
17504 80924 
22126 30107 
40840 21956 
76487 81435 
53678 79301 
70349 70843 
7764 67213 
59501 76302 
47280 5131 
56148 56025 
34151 50335 
79726 41072 
52191 8628 
32543 89627 
80144 50330 
49346 53737 
73779 69148 
96577 58618 
25433 34838 
51855 97059 
75736 7115 
77147 97042 
36727 97855 
10114 29373 
48149 91415 
37288 83941 
29486 58766 
80003 58167 
9070 30144 
19443 69258 
8654 23036 
10673 23094 
36857 57602 
87208 46868 
98173 29976 
37429 20061 
55550 55428 
42100 18882 
94031 37968 
98247 23021 
20540 70756 
18833 20343 
625 22530 
89947 85125 
76811 19295 
87636 98484 
35193 87629 
5035 25856 
87003 86217 
17129 65663 
10083 15617 
15237 35806 
51581 62739 
76260 70129 
27627 6185 
92722 55724 
68357 81302 
78831 53764 
47383 79736 
85056 11473 
3641 37228 
99121 90925 
10518 45552 
84877 11548 
72292 9746 
12128 27537 
31082 60151 
60328 38789 
48918 20287 
36935 64589 
88955 26234 
37247 92925 
57502 90919 
86735 55144 
84223 7599 
49136 65603 
11726 90842 
54005 9033 
37755 60420 
95936 54525 
3238 83800 
84366 24360 
47740 6279 
77595 48354 
60148 14331 
17635 89955 
36951 97348 
93480 39006 
23010 95723 
99586 27927 
50508 49095 
23619 42993 
10550 87579 
92935 70452 
88901 40934 
32808 38439 
72425 75883 
41066 89927 
86030 10170 
63585 49419 
51245 93441 
63012 26652 
67050 89671 
9097 34257 
1169 43613 
83212 83161 
45762 64623 
81874 59431 
35293 15207 
24552 79354 
46330 48787 
19516 65713 
99131 1426 
18205 87560 
59086 5618 
93319 58198 
92441 60777 
8799 91688 
65193 64673 
10858 76854 
86658 82813 
58413 39592 
89917 8666 
28528 29239 
10208 46602 
77920 82793 
69297 31577 
15072 92016 
98963 84825 
39206 22705 
39954 93207 
32109 12924 
34106 91382 
46757 7502 
86824 20560 
22672 69827 
14668 35400 
72155 48766 
8570 31448 
23780 68491 
37005 69539 
79978 52053 
85441 80718 
44049 85733 
78483 45474 
98628 80530 
59345 54470 
72372 89572 
7632 74457 
14610 95808 
60901 62679 
8665 93034 
68036 95844 
93765 45121 
43236 5600 
32719 23242 
8224 41474 
57973 88992 
7288 14348 
52144 12439 
54834 8802 
70858 88522 
28391 91047 
95447 42580 
51306 80656 
10991 96445 
18896 98935 
41246 136 
9372 54538 
36114 21090 
86602 77812 
99640 22747 
45620 69327 
66907 57392 
73757 85237 
86743 44373 
376 42304 
43805 4083 
86399 88847 
58412 70575 
61191 54366 
35381 11225 
48801 60195 
94172 40565 
38189 46341 
1817 27198 
42783 45501 
47359 57681 
63536 14272 
41977 39306 
16663 13704 
2492 94906 
12306 16581 
77586 27132 
73604 7209 
5902 7089 
67007 30992 
53051 72780 
74129 45704 
60618 6502 
73031 24105 
54421 97155 
12572 58466 
1531 83369 
57286 21518 
76015 16407 
52220 45521 
91859 78019 
7295 91374 
88223 37698 
28921 93057 
6923 36291 
33007 79244 
85004 38410 
57921 93489 
96239 4845 
58600 57216 
14593 97959 
3697 45552 
39966 48001 
16531 75096 
21929 76335 
97546 34825 
40705 92771 
41112 26595 
56329 58521 
12703 20069 
16667 33703 
83856 68420 
22917 8930 
31749 75776 
87239 54185 
97889 55126 
81317 4991 
66074 66306 
66947 45861 
63663 77644 
20148 44041 
12168 52029 
8844 32778 
53255 18370 
60806 42648 
54494 52830 
63333 31922 
55513 60696 
69079 72518 
49718 19392 
43437 6776 
9309 15889 
78083 2114 
52059 87640 
12541 95545 
17176 55194 
51059 38141 
64521 16732 
35616 20678 
36580 60066 
37530 86031 
25778 35993 
59941 11349 
71106 28404 
1337 73563 
67473 51184 
16334 95511 
8817 99695 
24078 6768 
1707 85491 
56922 43184 
80052 86953 
12454 52260 
23459 55628 
70449 67608 
31927 28331 
63046 65125 
37739 8442 
41146 15906 
41813 96321 
63034 6511 
46202 68422 
42178 5891 
17045 27409 
30376 20071 
53019 71480 
79685 90672 
53135 60090 
21963 61380 
74754 85416 
28428 57678 
47753 94129 
63257 99484 
64012 42451 
25059 93759 
92742 8958 
77952 34718 
81636 34214 
10031 72999 
91432 4103 
21135 1915 
77203 44572 
34159 48882 
73515 49524 
44503 53186 
62601 20714 
70858 57438 
4759 58772 
47121 39363 
88439 7844 
60 63043 
13808 22836 
90254 34288 
58059 97911 
54835 3475 
83347 67589 
79782 71065 
38921 67739 
46729 15890 
77902 22705 
44718 84418 
56123 6963 
10836 50358 
5519 14959 
65333 78308 
77820 61152 
36617 2586 
35610 23780 
29421 62931 
27309 40523 
75481 22484 
20225 61959 
20207 30252 
81549 69616 
41149 80203 
91007 69401 
64417 62216 
40872 78341 
43812 96295 
29107 32809 
94026 90764 
79667 59781 
24099 67626 
30316 69199 
202 53803 
12781 45126 
77871 45692 
12690 36119 
82956 16277 
37426 71164 
87859 48974 
38921 56483 
25018 50466 
35337 40675 
3158 15967 
50729 70896 
43456 94662 
44961 1162 
32595 30538 
37535 55373 
97546 34359 
38432 92272 
42988 76240 
86686 67321 
56419 75106 
63113 37329 
78301 1231 
87494 7711 
54990 1152 
32446 79346 
40733 428 
86352 12286 
91696 39024 
75904 86921 
99731 46557 
15202 9736 
46550 70196 
82786 80400 
19960 26713 
40608 9702 
23023 61967 
99641 53704 
24237 66095 
5712 8518 
42291 10698 
66068 92203 
32453 45538 
62329 25569 
43327 16559 
98672 12032 
42484 44497 
15451 8166 
67396 33906 
57935 71246 
44130 66113 
27427 67816 
30427 66446 
57770 28186 
82065 26005 
54080 35795 
11814 1321 
2520 47470 
8851 11436 
10033 50898 
13129 1258 
61171 78981 
94000 42479 
85500 17265 
65296 98917 
13546 60252 
80116 91834 
61823 95171 
87707 62590 
28240 17639 
2132 44942 
97997 12678 
27825 27377 
57069 66662 
10651 7015 
85481 11021 
34774 10995 
55789 36924 
65409 88647 
93526 61647 
45432 58347 
65862 71979 
89886 26635 
52309 17765 
86551 83999 
17026 79551 
3057 21648 
46137 88329 
21407 6706 
35437 32487 
69327 99390 
13968 47318 
94515 95123 
67151 45848 
32645 26898 
79542 16222 
52897 68847 
51709 80515 
25816 40609 
58366 82619 
47450 23927 
5591 48698 
71040 67852 
13825 42727 
42898 76982 
304 21763 
12676 48377 
59690 80834 
89878 47071 
44873 65733 
48256 87597 
31283 23482 
37636 19453 
7499 54883 
48761 98159 
72567 31313 
90889 60380 
36142 38803 
84184 11489 
11421 16450 
39336 77063 
62812 63325 
95380 65958 
20378 98318 
13355 41944 
1315 70708 
78227 3308 
85077 35785 
44389 25428 
73229 29457 
71123 29969 
27706 98520 
33540 6211 
21881 69193 
61810 24928 
57694 65457 
56898 53334 
99070 20937 
54573 763 
46925 63255 
61096 99118 
34335 88214 
63794 49508 
51730 82642 
27630 47116 
21495 99367 
24911 29978 
28932 35546 
9451 84218 
82260 16464 
38771 78190 
18206 40881 
68342 91055 
91657 1198 
90409 47533 
88015 51900 
66594 69839 
75044 63166 
8258 10317 
67400 63001 
91511 33785 
11486 40911 
54815 77350 
10871 58859 
16239 27246 
3239 91136 
64772 17171 
68683 93806 
25449 70715 
96125 86457 
71628 81599 
59752 14319 
59387 49823 
60560 47107 
88804 69217 
69481 62530 
54804 92476 
67994 56967 
36267 83451 
19761 23625 
86280 3277 
22531 39320 
28682 66869 
83402 5057 
36464 49371 
32505 92722 
66122 18353 
40286 60417 
48739 16847 
31760 12377 
93319 24773 
97478 95906 
40837 81851 
85414 47398 
18508 63816 
20575 22250 
82902 65536 
39865 69369 
7857 59600 
48566 39984 
68537 67001 
1809 52568 
96500 97720 
89449 70978 
32339 93354 
56035 91263 
82203 31361 
18885 74100 
92442 31042 
56751 4469 
92659 35129 
29157 7905 
21575 27583 
52233 3549 
42449 88228 
685 28248 
75165 77851 
27537 23047 
20657 93631 
93376 33698 
29988 34047 
75044 40167 
75190 64884 
80069 96657 
11893 83495 
27622 33251 
84782 37187 
69344 43069 
16105 63412 
14151 54688 
34727 84380 
89950 68603 
48634 6781 
22174 18604 
37340 48496 
34139 4221 
42291 38486 
77468 28764 
63164 13503 
82146 68989 
25846 65822 
75263 97036 
73947 79880 
55098 73060 
49822 32549 
22904 27844 
73393 21675 
68619 58686 
97459 30615 
78703 68980 
16711 32677 
84375 92173 
34352 88687 
96765 54160 
44973 93350 
81857 44652 
75285 81643 
12527 87741 
35302 15160 
97638 24572 
71772 30151 
28808 46965 
82897 43943 
4389 49798 
48825 84485 
87103 2124 
55919 28960 
26912 72201 
44460 11722 
33921 80054 
89249 89259 
17451 92638 
30459 30442 
16894 21327 
8137 34014 
37561 29211 
17912 62101 
70459 6541 
97754 18451 
18782 26691 
76032 93184 
75854 52106 
59661 42025 
99403 20002 
17783 67310 
5206 900 
21219 20483 
59565 89656 
30827 51406 
84471 58201 
88950 88438 
1978 72026 
57297 45107 
34990 48276 
61861 14120 
50515 12351 
50931 27507 
78441 92026 
45752 32926 
63949 73362 
65062 60421 
14929 31063 
34528 31420 
87097 37418 
49994 92278 
8997 48630 
49514 38407 
86642 65050 
63273 31800 
43323 62740 
52812 4753 
43890 97789 
21371 85607 
24859 91921 
75691 78556 
1734 18193 
46298 78874 
53187 18981 
28050 7333 
88091 4926 
85660 3203 
85848 3152 
79944 23852 
63073 45829 
9669 60833 
60422 16029 
31216 97257 
62162 96820 
13634 99333 
58116 1680 
10225 56124 
32648 99562 
79446 55926 
18626 86327 
67706 15076 
85612 95756 
74555 55575 
41039 87983 
56762 61627 
10691 963 
91988 31972 
30549 1430 
15012 84863 
25925 25849 
59885 65586 
75736 58949 
89919 52624 
59922 57733 
74104 57882 
66188 92167 
73285 68814 
88626 40339 
32384 85886 
85231 45429 
35964 67487 
73941 14637 
73598 6205 
37519 16080 
78788 25350 
76488 8659 
50603 2661 
96265 22048 
40717 99314 
39751 89197 
90207 96683 
79872 22120 
30250 20746 
67880 13256 
18765 64575 
92732 39296 
71090 3058 
44427 42158 
56925 30828 
89949 62620 
78093 44268 
64256 6194 
12033 31600 
50773 27873 
4517 31181 
75926 32711 
21720 67507 
70480 2520 
26566 76829 
56781 75512 
27176 89869 
5499 25303 
56282 47810 
68036 8489 
79642 89550 
31517 75866 
98758 63161 
62106 71347 
8619 82533 
99359 74813 
94727 71419 
39464 80329 
5322 11368 
98377 39574 
14509 37499 
77272 41830 
99890 6640 
62148 46484 
94359 96027 
77069 31788 
35861 77590 
76214 74458 
31209 52787 
3767 28740 
70449 26031 
72655 30656 
76840 40901 
13233 13441 
54107 2712 
21243 83524 
97485 63395 
90713 72930 
67920 50246 
51953 53608 
89878 78787 
47371 71935 
22328 1770 
68596 37528 
69784 11347 
47201 79513 
45698 29452 
38329 65501 
73997 92649 
61586 63807 
16268 62015 
66825 17805 
41844 66079 
73762 92818 
15962 15382 
93853 50583 
67205 10927 
80459 4076 
9607 5618 
69041 6357 
37053 67699 
62981 31109 
78065 38289 
92590 9667 
97552 71308 
24986 99591 
58792 93380 
30696 73209 
13702 23765 
19249 31070 
72330 49923 
40453 64868 
13575 63018 
10650 17154 
38278 19464 
64003 11035 
33129 9587 
47665 52058 
9220 82515 
76691 36606 
2640 97621 
39636 36398 
76149 47137 
99001 67041 
40751 22033 
62060 90116 
23907 73780 
7028 42882 
47165 58341 
37188 37442 
40129 35535 
1260 22122 
9988 36861 
62183 51762 
6238 7935 
18433 70809 
68745 77897 
82107 73305 
23988 7437 
96220 67280 
99079 19558 
30011 37528 
56076 22738 
25532 70416 
10156 94854 
81381 77084 
84339 8057 
50178 27308 
70784 39702 
95211 85281 
14048 32531 
98669 20718 
5263 38489 
38970 53904 
77822 4853 
57914 81741 
24985 38832 
19732 23301 
17670 17311 
23594 18043 
86802 92171 
68720 7626 
48680 78350 
86956 33073 
94166 1841 
51550 83120 
32872 27810 
42808 36638 
82070 85262 
1422 52328 
16726 53977 
28484 72235 
51797 81882 
97541 22141 
10908 56588 
28529 11527 
46494 63527 
36014 58549 
15700 24925 
4883 91347 
83594 28785 
65506 6008 
20661 25151 
37320 93644 
85091 88068 
84916 84294 
32021 16015 
83923 93727 
71686 70999 
25327 751 
6337 37076 
96338 27231 
11828 12759 
63516 40812 
93920 38584 
49593 51172 
41656 1038 
39270 24690 
20546 47155 
71238 99494 
96861 90218 
73788 43133 
60974 86387 
79569 58498 
22486 14456 
11426 10113 
82779 96554 
65711 12534 
51673 56273 
32055 95378 
64023 22515 
79320 35357 
69383 52323 
6294 24710 
13272 63990 
2663 27537 
2096 42957 
90890 60826 
45482 7326 
22861 25305 
99506 97232 
86502 2778 
92264 82918 
37036 31234 
99233 70016 
5162 66756 
50044 17394 
50146 42146 
90568 72808 
19672 36193 
94641 74740 
50268 74624 
18257 64931 
92215 94043 
15767 5473 
71092 13539 
92349 96738 
4424 75143 
49976 48026 
76396 33962 
95117 61455 
36199 1533 
15564 51477 
26261 71869 
1079 37323 
65519 88633 
77955 13753 
9800 44017 
51118 26667 
86528 35172 
99068 54474 
54163 42388 
46729 23533 
68146 34747 
49196 66553 
44581 53591 
55405 66542 
490 71910 
84902 15701 
15216 78612 
43179 58589 
1348 90681 
21457 81988 
95588 53304 
75330 60038 
79993 48360 
53329 62583 
22335 94997 
51285 87052 
80587 92545 
1239 79829 
51082 25646 
64713 71693 
52450 24236 
89302 63782 
28173 46869 
4838 65436 
19452 34923 
80772 3361 
7042 67300 
39991 92743 
45806 30544 
25895 85252 
18987 7627 
49401 86327 
20507 80203 
399 64695 
33105 33716 
94260 60755 
7709 52545 
38131 37311 
65163 93206 
44055 6028 
35280 27672 
86348 6098 
20161 55968 
99208 7774 
18818 97487 
37199 62734 
78365 83814 
76018 25709 
43389 92376 
13889 27345 
59569 79861 
44935 86985 
50248 97091 
15062 15854 
25339 92921 
38170 76083 
816 43748 
45896 29076 
4034 77319 
67668 27892 
15168 94816 
89455 82681 
48341 33531 
19454 55591 
7314 53997 
96782 22177 
60109 80024 
15363 70015 
64523 67880 
99274 92044 
42228 31702 
58181 72102 
42961 6267 
71838 53174 
62346 85331 
1201 25097 
76912 34053 
353 67737 
38163 37348 
8217 38132 
23846 12560 
31953 95640 
79084 84442 
94971 17832 
92596 93210 
11638 71688 
43987 82291 
68063 69581 
26909 91424 
33737 57621 
99880 62852 
2348 55104 
41650 53653 
61744 88141 
91210 35593 
22826 37978 
33905 55408 
95020 55079 
54579 23055 
82055 73746 
16261 93202 
85909 98855 
38656 6141 
49082 26246 
44526 58280 
35752 1345 
14024 79516 
50926 16812 
37156 5039 
23336 99320 
82746 42509 
32624 37985 
8648 52015 
44287 62589 
22409 75914 
26847 88366 
64179 78338 
64921 5981 
24414 80076 
49111 10266 
27731 3544 
19066 29314 
11271 74647 
59598 36781 
1005 63636 
1383 4490 
42675 85417 
57595 79942 
75350 21273 
35682 53854 
45121 68598 
99579 16568 
43999 72994 
21773 88962 
24827 47954 
56949 53479 
86873 41361 
89339 3894 
48724 65175 
54433 78700 
25207 64905 
12379 42254 
3293 68876 
55180 30294 
68278 23775 
62703 82002 
66003 92614 
83552 39472 
99495 63978 
6024 7254 
49109 97324 
1635 29617 
74110 8097 
69141 61186 
602 78544 
80480 77861 
25828 65382 
31747 99195 
72045 63841 
32095 70863 
4576 79105 
21355 86449 
88080 50818 
93202 11413 
92688 74061 
14883 8970 
77373 61088 
76765 57525 
71788 92121 
75398 92381 
49744 10619 
32328 636 
37628 28710 
77530 47479 
29274 21826 
81147 14574 
85139 8117 
93 86748 
78128 27817 
17164 31915 
10978 60517 
89404 80977 
70882 44162 
89810 29385 
5823 88595 
21831 50106 
4108 8602 
9675 28942 
33681 36674 
19087 7449 
50978 14063 
43048 46172 
20494 225 
94766 1434 
95666 85382 
86341 42659 
99275 38653 
35669 23995 
7309 75133 
36429 63941 
84073 79256 
46400 79770 
38282 78938 
97897 69720 
70012 25240 
10777 35228 
56566 95660 
93235 87953 
81680 5685 
48555 91876 
46973 82859 
66972 49463 
17123 30349 
70990 52694 
40985 82921 
99790 84716 
59724 37201 
63742 75912 
59980 20227 
73610 89405 
55219 45585 
50656 35306 
81606 94764 
53683 90477 
76123 52883 
16915 31123 
64080 22579 
78692 69248 
20833 37589 
95091 20791 
88157 98442 
74881 23241 
19666 56674 
42616 63551 
1554 81131 
35237 73400 
45106 50135 
64169 98152 
75587 26722 
29726 48299 
48519 90617 
57517 97750 
8783 20267 
37605 2014 
70609 41001 
86307 71149 
37239 81261 
17832 47274 
97870 7851 
8342 4530 
36493 43290 
58579 10545 
62311 3601 
12837 62798 
24663 33238 
71867 40686 
6712 55384 
45190 94705 
1639 451 
24347 27814 
62680 23386 
22770 10874 
84068 71260 
20227 14023 
13771 16621 
70242 28866 
20926 29227 
77374 2596 
40935 19010 
27950 4446 
99416 46533 
62601 97342 
72571 63665 
11862 93162 
75977 16877 
77155 28721 
86427 18259 
28602 11411 
92158 65293 
8423 48370 
35643 69378 
74084 91100 
60132 35259 
88871 98690 
96171 18747 
69261 47061 
27605 78509 
28225 89132 
57871 29212 
11500 1362 
56898 97914 
9928 35807 
6512 83380 
45107 33646 
77951 18848 
67866 46091 
68980 42801 
79522 51638 
35 89411 
84391 54826 
18932 20583 
8675 972 
91921 34907 
75661 43801 
65170 5328 
10053 58467 
65280 16966 
55301 1114 
70005 99291 
26965 77998 
21075 72708 
92404 2082 
69876 58642 
62535 83104 
43716 34320 
4895 18330 
95480 48714 
38940 25465 
52740 54465 
54268 86701 
13690 52157 
394 53400 
46781 87884 
32705 94622 
38518 92853 
63416 59522 
99594 4609 
58610 63580 
83401 63507 
42874 1688 
92913 35151 
21553 37333 
52057 69796 
7340 16386 
95880 73082 
42658 6509 
90194 28968 
42260 68701 
25843 85373 
41437 26228 
45329 85775 
24459 8003 
50266 5900 
25093 8385 
6980 33647 
36497 23489 
14524 12503 
41306 95239 
24510 53981 
74385 18734 
5350 12976 
60516 45954 
24868 11439 
27192 49368 
84699 90403 
78724 92716 
77514 68157 
32040 93054 
53794 83209 
56816 48084 
78777 4740 
33015 45868 
32115 321 
37433 70204 
52924 60947 
97504 64262 
61109 96844 
5414 17537 
92194 33942 
68481 96710 
67372 60623 
82793 49729 
83073 97019 
56244 74216 
45079 85093 
74412 56272 
91067 26676 
98132 53792 
42419 28806 
5124 19602 
1250 50941 
39736 34073 
61817 87022 
14626 44254 
36837 56832 
16105 87190 
8682 25764 
933 8741 
3062 19840 
36484 76054 
48476 53707 
28504 21779 
28619 43341 
1087 51182 
56843 32325 
42036 89502 
1929 20808 
3419 46218 
72588 49649 
51948 25319 
24515 58725 
96671 16275 
88250 8055 
82564 59034 
28720 23091 
27698 88254 
38050 1461 
99014 26884 
32073 97406 
67093 17263 
67972 82322 
53867 49140 
25530 65029 
88885 68293 
97747 43819 
19512 26888 
17885 53791 
78361 67284 
9499 67632 
97303 14664 
83599 5771 
71534 90723 
22824 12678 
19487 50548 
86323 60110 
54781 87909 
41071 45226 
84921 50388 
75371 61754 
78149 55038 
78583 35751 
94603 97780 
77420 34032 
60866 5234 
3662 72946 
78031 86441 
30692 77942 
92547 3684 
57038 70259 
26403 96628 
33890 86042 
58640 61994 
30590 65363 
73672 12232 
7151 83840 
43602 10934 
16098 37941 
91475 10197 
87285 36575 
90333 95690 
58782 96175 
88958 78895 
4561 84264 
19386 62774 
75400 7337 
33495 47106 
13303 92932 
36460 32735 
21668 72866 
33332 30243 
73578 34885 
81699 77802 
18771 73327 
48169 25454 
6220 35948 
99304 48610 
73721 33635 
18691 12252 
68468 52531 
30988 19145 
53343 83944 
31064 40307 
22481 66433 
61773 44043 
96638 16585 
57419 11046 
94001 10262 
71656 47396 
75301 64447 
38327 84695 
43416 61373 
71660 87195 
37158 51187 
98298 69408 
96503 67204 
27768 64557 
92275 88665 
10297 74126 
7109 89906 
1290 71870 
26527 21997 
50319 31799 
49034 83155 
59138 99006 
52369 47601 
8009 24618 
59396 39048 
32557 41734 
31596 54650 
44377 67899 
80715 67950 
27813 81477 
29836 65303 
12584 34246 
74015 99205 
17350 30556 
87565 74114 
82858 24659 
189 15595 
64948 62054 
17388 12007 
37513 18199 
91891 59431 
63374 68456 
62366 85210 
27120 56872 
63234 73171 
88068 18181 
75150 64535 
3831 47363 
29555 62465 
95357 4178 
2685 25398 
72863 86259 
34502 94494 
18724 3691 
86256 63967 
28184 40411 
6722 69527 
41650 93372 
11630 39830 
63385 39065 
93410 28548 
50535 88845 
69080 20575 
73780 59411 
42986 84882 
96220 2895 
8030 28667 
90734 12181 
34164 92680 
17627 41394 
96114 16023 
14238 58951 
73678 90172 
6027 81127 
17386 16661 
34752 17771 
9932 80566 
13457 98647 
69481 52833 
60323 38779 
34847 38504 
33798 44300 
44454 95007 
90004 56425 
71149 54934 
10032 80565 
3096 1118 
99574 49959 
67393 58319 
46190 28846 
77472 85453 
30600 68817 
47966 75058 
27514 93862 
61456 92577 
98821 4540 
90338 17012 
77340 59762 
74027 76682 
62910 15886 
26842 9022 
4222 77128 
5085 11758 
19593 38744 
93230 94324 
17811 84983 
78566 82961 
16167 37531 
71275 80735 
17014 36963 
92607 34589 
96418 79669 
97700 15505 
78925 25780 
21540 75044 
20960 39822 
36671 1733 
2075 25129 
89467 64169 
28012 65504 
38152 94229 
82488 93166 
50197 33359 
25620 60721 
29357 37723 
26081 6716 
33291 13830 
31358 69267 
11592 35290 
25905 20325 
41008 73442 
496 64330 
59732 59913 
57761 69328 
5884 87461 
8680 76049 
46607 47048 
72688 61047 
43741 93651 
80119 13644 
39565 31096 
89851 23278 
61872 7098 
77301 63784 
41472 13660 
18347 4190 
7172 95135 
93261 71821 
73421 76501 
61430 42803 
63986 37783 
12398 37525 
21407 77053 
81686 54148 
36433 24077 
30882 81976 
94242 89414 
30660 98294 
74978 59685 
52642 67242 
64972 78686 
71472 27340 
32008 86198 
1968 75484 
93060 21562 
47904 29543 
56190 37488 
18733 79135 
49603 11058 
78510 14711 
60364 83526 
27258 58793 
92850 8259 
79239 9999 
22751 37044 
94824 50458 
66283 28997 
43098 60255 
6226 23436 
20865 28768 
16529 78326 
30366 52050 
5429 39292 
22834 57864 
53366 70704 
47880 5543 
56488 49947 
9785 66534 
99093 98766 
20901 3310 
69105 1443 
59656 29264 
99528 38569 
86083 50280 
65774 47293 
41299 59849 
93893 4217 
59058 83931 
37909 15432 
47249 49199 
65867 89747 
55150 78865 
53627 65756 
28263 3980 
23053 61160 
66734 14925 
76976 13630 
45629 67733 
77143 86506 
25762 2975 
83348 19762 
82288 31106 
22031 16896 
4965 87501 
80861 71828 
78742 62853 
32154 56338 
36249 70160 
72472 8248 
84816 18225 
28315 83292 
49794 23423 
18579 59487 
43234 6399 
83258 11831 
62393 88458 
84886 7293 
46080 23590 
64266 5289 
68511 76378 
85296 87244 
30109 83489 
35033 80314 
12622 17019 
54588 85009 
1961 1648 
64096 64176 
46297 24362 
10659 1697 
9276 15481 
12074 93264 
98595 72755 
91082 88707 
98728 46501 
94992 65628 
13249 3081 
73760 77445 
26993 36438 
45943 85478 
31174 2992 
16421 54321 
15675 13885 
22375 62517 
21806 30371 
74748 56400 
66191 73108 
31242 54012 
91792 74150 
83883 88104 
75647 71657 
69305 62480 
24552 71628 
13083 84360 
19702 78427 
841 26887 
29209 26431 
28296 70580 
93457 28804 
20022 70256 
2426 96255 
22418 94854 
26365 68535 
70240 91556 
31654 44527 
97995 32773 
12190 92968 
17631 14789 
93305 75132 
12140 90242 
20028 13300 
1074 33139 
24370 94342 
18427 54696 
77401 6477 
5926 11096 
70995 69089 
65533 70095 
41445 30373 
33757 32429 
42535 75724 
37388 36103 
99205 10909 
65355 6904 
24597 58403 
44599 56827 
63056 32740 
39265 73652 
29585 41229 
1915 89513 
52255 90151 
93124 64045 
88275 63313 
51504 68599 
76661 79806 
40066 12006 
10919 30876 
16799 5494 
63610 41992 
77448 24623 
71409 5540 
96678 89493 
93988 81989 
50184 50955 
93004 72944 
34757 40214 
38496 28221 
15932 11944 
39142 60836 
23545 86939 
10141 8820 
84408 79292 
37859 764 
28235 75262 
73954 53241 
28100 16217 
93313 52534 
39899 26424 
79955 50576 
86636 17971 
62943 35537 
92849 99730 
10386 21204 
12069 15009 
3782 36128 
5923 33448 
57224 83416 
27367 26700 
16420 85164 
32478 64558 
70984 21659 
95346 78476 
40153 24859 
28840 52766 
46835 88037 
20330 20302 
77825 9095 
75985 59155 
39050 93713 
29791 9359 
53876 6321 
14214 54877 
19781 71844 
8251 44840 
34117 99192 
75589 60271 
23213 18709 
80695 67737 
60746 79 
23889 39791 
41070 44638 
67767 63513 
81120 26601 
36868 3150 
60531 91424 
60019 30558 
73795 6307 
90560 88056 
60528 97817 
83472 2307 
360 4655 
30412 24938 
7485 19777 
53759 35922 
36567 95437 
39000 9054 
16481 37096 
41113 5421 
61287 17773 
35109 30360 
68865 3055 
93465 62145 
6792 88830 
63916 36556 
2343 18738 
89921 50459 
98894 66395 
63077 29662 
14544 38654 
21884 91573 
40444 80456 
14447 21553 
46083 39304 
24081 73377 
16718 77915 
16233 98819 
34145 7335 
2763 9173 
26193 49592 
35310 72345 
52587 28919 
33349 53209 
65241 33641 
24504 12011 
79597 87001 
24775 85886 
20247 14538 
14575 91894 
58907 98052 
72806 6549 
45675 61765 
15681 96361 
45584 44978 
49598 96741 
31586 77345 
88093 62452 
52411 87810 
1749 41806 
89140 46352 
66909 58939 
37881 58827 
54128 23747 
7582 9560 
50555 27445 
1810 73752 
41730 23215 
61234 2342 
87819 36033 
79586 15656 
16836 93532 
70015 28989 
23196 20627 
51083 73214 
3730 94624 
41991 66568 
85304 14686 
5233 39959 
98260 99768 
51479 17471 
28139 92499 
26294 6157 
34476 13039 
31228 54793 
59933 76500 
92810 99968 
65648 60345 
82172 29673 
19381 83997 
5296 59517 
31898 41941 
29291 34756 
84005 13698 
83652 42515 
11733 59321 
77086 42893 
20415 97435 
325 5086 
79728 54362 
43183 65241 
11243 67462 
40237 6419 
17647 23632 
73584 97889 
18498 14730 
3489 20902 
51236 95731 
68084 51158 
68133 38529 
91866 64378 
9986 84572 
69362 80714 
65558 12877 
45144 66149 
32111 56485 
94266 64636 
76898 20058 
18235 43388 
62008 74035 
10810 95572 
35736 26697 
15163 59582 
12480 4445 
89394 82139 
60118 2756 
20901 73666 
88967 5521 
81762 78689 
89583 8852 
97090 11464 
98068 26956 
6221 87595 
76987 2278 
32630 16101 
87603 89916 
42629 3196 
94879 37125 
65194 59014 
90501 32796 
65671 91536 
41207 58887 
14647 18207 
69756 36029 
69936 25036 
54106 18956 
94408 55383 
86742 63851 
65314 16258 
70537 59377 
91766 48606 
40130 85899 
46233 19874 
88557 43264 
33156 62127 
47682 66548 
63232 97001 
17963 31272 
75421 60012 
68196 34863 
50415 61035 
29088 29509 
89075 95215 
85853 73064 
87273 49131 
34523 59279 
24576 30743 
4236 86398 
98416 88452 
63505 24044 
77630 74540 
22298 42296 
19701 51354 
13768 74013 
94537 34744 
89524 91721 
84305 18626 
90597 93716 
83609 26949 
62574 10591 
7229 94933 
67865 62989 
23647 90120 
10654 24158 
71768 45610 
30811 66738 
85524 92790 
41895 2254 
46451 48928 
85334 53875 
7872 36195 
47999 38276 
85978 83002 
43559 70829 
92888 85974 
89416 49811 
94657 91448 
20438 20009 
13284 89080 
68324 63787 
55865 96958 
1175 18616 
46391 57551 
61666 74042 
56046 56918 
64201 58193 
76428 25758 
11527 84206 
56764 80214 
69508 90305 
30966 12803 
95104 73778 
93321 49367 
47074 88738 
42583 46681 
21529 50291 
3463 17135 
45159 63612 
51743 31856 
27834 75466 
14682 71726 
23241 27787 
91907 66895 
71297 78231 
43639 89764 
99349 40968 
22892 43798 
40452 92499 
86209 21141 
86562 81892 
3489 85663 
32019 82612 
1684 74904 
78443 23981 
19366 4324 
66030 44309 
19628 311 
68164 14868 
7269 84617 
36405 94145 
22921 82202 
11102 85169 
41523 26889 
19249 85227 
85481 94826 
65659 36906 
73869 4421 
86141 12160 
68212 83254 
72080 86959 
42643 17379 
94668 93111 
1669 66536 
54022 65951 
92302 49950 
53481 41859 
8959 81727 
52662 97945 
69340 62298 
84134 67737 
47406 12928 
28088 11350 
85577 73982 
26971 66349 
72486 74492 
87746 56422 
64860 20472 
63331 88957 
52544 42517 
26711 29762 
14190 89412 
51326 3426 
87824 53781 
89553 31178 
85269 68264 
97474 84620 
12306 16258 
88545 3336 
17515 59974 
11438 97134 
81883 347 
37997 29552 
78534 48308 
16141 58262 
77392 4968 
89478 90151 
43075 19484 
10531 94084 
76004 17652 
77678 2760 
76492 71760 
7245 26562 
69495 12771 
11701 96929 
13709 69598 
92455 54544 
32919 57062 
71525 98488 
49718 24062 
80148 16557 
72189 16551 
94420 24003 
82628 6082 
58115 48287 
4088 84064 
61076 10747 
75268 24223 
47912 72632 
47222 71422 
16207 32560 
26366 23604 
26050 85217 
27435 35493 
83404 76995 
67328 87611 
78699 23270 
26192 32221 
58993 84144 
25614 49032 
87146 30743 
25466 17781 
94674 72525 
20745 42270 
66302 57567 
27614 41006 
3699 2429 
83948 53260 
3492 55937 
53789 96212 
50353 52118 
17451 48746 
69824 61516 
49381 30577 
7513 7254 
34454 91539 
1376 72446 
50015 25203 
92045 88964 
45780 73426 
72491 64056 
86613 94010 
12800 70924 
84232 22329 
8421 2169 
33051 69596 
90984 60845 
82667 65402 
9612 42881 
24898 70207 
37660 46777 
46800 54664 
84866 31712 
2790 66963 
98155 33585 
88753 86841 
15676 40025 
58921 95462 
98124 20022 
12382 74036 
98978 1592 
90187 80931 
51059 91767 
66363 46879 
40591 37204 
86490 71039 
11985 30832 
6093 96793 
96617 80218 
7721 95523 
87122 66715 
30387 89020 
85060 40926 
27941 96773 
34281 19709 
84010 3047 
14931 72636 
50259 508 
13742 11738 
42048 82064 
5105 27367 
20949 20682 
74408 45119 
17135 98110 
90198 14032 
96298 17775 
84972 74647 
55559 64538 
35724 97015 
40716 54591 
44880 23382 
13248 52435 
9806 98016 
59610 18718 
34853 17532 
27672 92653 
83695 89075 
95556 5782 
91727 40835 
26653 70075 
58375 89651 
41266 82638 
17384 33805 
40120 41768 
39513 5644 
47873 74645 
56535 88262 
5811 35659 
8018 73268 
32059 46156 
3125 12510 
84943 11375 
58477 95647 
10521 68363 
20122 67580 
28866 89887 
2742 85033 
15314 93652 
82454 99900 
62712 83600 
60910 48543 
68565 80593 
77865 20806 
77062 83532 
86994 80285 
20090 38711 
25453 8275 
43639 85214 
1521 47795 
76423 87179 
96654 31270 
96050 59965 
28344 85639 
74770 46582 
48442 22090 
41582 3168 
57915 34105 
80408 7871 
3501 47114 
95083 16196 
84308 85851 
11045 47668 
37150 51331 
50931 3633 
88230 28414 
16653 84060 
55774 77043 
34107 92419 
63313 95459 
68289 92010 
76529 82144 
96399 4568 
7928 64672 
34429 22537 
43089 8343 
48738 40093 
29806 65176 
48317 94806 
37204 74747 
45692 51793 
35718 82366 
94855 55258 
70825 97173 
63130 18519 
3494 73056 
70545 22934 
68570 58596 
35072 48584 
58624 28821 
95000 65126 
75294 81113 
40739 69942 
2737 50429 
77535 72494 
48526 74818 
57818 88780 
66191 21262 
67368 27797 
20545 63981 
22969 23170 
82071 92594 
40926 87368 
39849 15913 
65566 43409 
3834 18645 
4785 19490 
26805 22919 
5716 75704 
13881 4280 
17764 68790 
3211 12719 
32547 50825 
95324 53251 
60667 40820 
80572 87739 
3797 4386 
64202 29877 
7218 25938 
16832 18647 
32715 60368 
84421 72045 
74681 6648 
76335 42541 
53278 54561 
12677 18428 
57689 17537 
52783 41172 
79766 79529 
45640 37805 
73803 51938 
39948 99588 
1680 57760 
66642 73385 
74305 34479 
59918 70601 
80044 74641 
14163 40010 
98756 3638 
83630 95455 
36087 27888 
19355 37139 
76813 73460 
3457 56100 
48339 75081 
84889 65501 
5847 68573 
42623 59442 
99138 85940 
2374 60305 
57855 51633 
11201 78987 
36580 30986 
30629 78901 
94192 87357 
43470 4244 
42915 63222 
82062 5781 
91641 12270 
76391 73293 
25413 74486 
89430 62808 
8330 4312 
53957 88902 
70715 33098 
50241 37570 
43011 71448 
67213 43586 
28673 34459 
71059 67743 
66229 3415 
64674 4004 
16718 21239 
58990 44362 
26880 55751 
92935 30065 
60743 54786 
32605 21875 
62683 60250 
52228 29163 
13544 44404 
49571 47892 
68086 80976 
76688 70910 
16810 66140 
73243 50503 
98102 59981 
74100 12757 
97699 27722 
25509 46058 
11620 21868 
84891 11913 
16003 61279 
98121 55310 
82683 31339 
45131 23929 
2915 50500 
19805 40800 
33252 22865 
63311 13358 
57430 23856 
1399 3378 
65986 46627 
45658 26863 
91376 70539 
6293 755 
538 99858 
29765 4180 
39102 60749 
18427 75970 
41888 37737 
11285 27317 
72840 76972 
5132 8670 
34232 82966 
73469 33381 
89745 87900 
97054 27081 
78935 78182 
54303 41426 
61646 21612 
32448 43582 
20076 50331 
11018 68714 
63506 19680 
38094 1747 
26083 81153 
66737 36771 
21618 78821 
44110 47766 
20991 2923 
49013 92638 
47551 11756 
54919 64126 
43826 63575 
55047 95708 
48854 83890 
23645 28445 
39644 30365 
3326 45528 
32548 7485 
2196 85346 
10721 26197 
56463 50972 
42407 99938 
64301 44270 
81427 17773 
25005 66161 
96048 37821 
23771 41111 
55298 99684 
86960 43536 
12858 63323 
95244 26563 
67805 43607 
82825 79460 
48749 24728 
69685 69079 
63363 6728 
70876 52747 
78782 57574 
1899 85323 
50066 18545 
52473 81510 
93656 38128 
32334 36005 
10692 90182 
2171 48715 
1096 65833 
90427 50003 
73466 15367 
62376 71833 
48131 56344 
51771 64645 
71118 57199 
87326 16979 
5308 51816 
46354 95052 
41748 39857 
46169 82935 
78830 80071 
40151 70433 
49999 89390 
19879 5434 
41651 19289 
37324 217 
32073 92719 
51808 57115 
99536 49862 
75304 57917 
93090 69005 
36608 43520 
33106 58 
10008 95615 
10321 72512 
57317 20539 
81878 17123 
13469 26962 
20794 71118 
5350 83683 
61321 20477 
31143 41573 
96800 69597 
43180 4582 
28941 18630 
71148 38724 
37813 71834 
94462 15097 
40415 96471 
22718 93227 
32333 1099 
71372 64434 
61774 4560 
26117 91382 
68181 22516 
73924 99655 
28679 7074 
41299 99894 
94743 36891 
21031 44973 
68775 70036 
87565 55642 
65696 40013 
98079 80224 
28162 96481 
51490 89202 
15723 66585 
30771 43903 
67981 40188 
85382 19999 
49734 62922 
20019 11163 
22148 54621 
43543 85992 
48106 57548 
97635 22156 
32236 58731 
28587 95774 
16463 23851 
87605 61113 
528 26239 
45102 15983 
33512 53921 
82689 11561 
27260 30059 
82891 31910 
75439 87708 
71134 38046 
23059 98496 
77091 44201 
20399 66668 
73254 69781 
12603 64852 
17405 89537 
61597 5996 
72643 86584 
70514 17090 
3739 98180 
82494 4630 
51788 32513 
55492 79199 
70488 26298 
72634 37131 
66854 7582 
33723 80884 
26752 25918 
87624 96601 
21394 12950 
7562 97243 
84738 40447 
81777 82773 
23760 49974 
90506 65054 
73618 38608 
66928 54414 
37979 98517 
94490 7328 
61114 24710 
75950 90175 
62852 24894 
20495 22753 
30059 88130 
34470 27047 
99054 94866 
68511 21679 
82216 79906 
69322 70540 
88988 92048 
7846 15290 
66618 29314 
7231 95744 
39168 67140 
73821 89583 
54685 38346 
42256 83404 
59896 68365 
81842 20824 
9394 16957 
75503 60150 
81988 28501 
74884 14091 
20762 46983 
55635 37028 
35330 8907 
45391 71574 
4909 87620 
73666 65463 
99016 25923 
97616 22241 
88972 60343 
90595 54806 
57850 10045 
41407 69545 
29122 76180 
1358 20599 
24952 73254 
33467 38784 
33964 93204 
63637 57694 
15262 84903 
7087 30770 
90580 17153 
45036 57380 
79689 81539 
56391 13441 
15478 83060 
67131 12645 
34678 61064 
66078 8065 
77715 80782 
49927 80725 
46959 36612 
2709 51662 
66461 12333 
85217 97068 
58238 50545 
8530 42303 
271 93886 
92373 59870 
59612 73951 
63860 98909 
320 40363 
35087 29302 
50451 42037 
9051 92203 
74885 95481 
2558 10595 
41536 805 
42045 28451 
87318 95158 
83667 15099 
87196 65410 
32536 92632 
4797 77165 
87634 18471 
56225 15576 
18756 82677 
50105 74911 
89685 60130 
76347 78480 
77901 91425 
3709 58264 
5237 53117 
11976 74475 
86207 17921 
28403 9281 
21128 98503 
60056 26053 
9703 14720 
13781 45751 
37388 23481 
73737 55442 
91643 2809 
62811 30441 
98092 87296 
48658 21218 
27645 10812 
67763 28924 
14788 24130 
31591 69329 
44546 20110 
47771 3895 
11026 17110 
36231 98920 
23983 22512 
45281 58854 
41507 22557 
75879 68350 
36734 22120 
3663 69053 
64359 88631 
47791 91792 
78811 38037 
73246 62594 
70058 37506 
28967 1800 
25343 89544 
18040 39576 
95521 5215 
68126 78253 
43245 70401 
20419 42163 
76863 58311 
83654 69034 
28707 43904 
6015 13492 
19360 31479 
2275 52874 
60499 15335 
36109 8283 
88112 55247 
98217 19713 
85127 63461 
39771 43065 
47940 67922 
17643 69005 
74842 37707 
83011 98890 
6012 30908 
98100 51321 
24524 52651 
97228 14440 
35737 91542 
17763 3674 
78455 36476 
14190 32409 
85423 62583 
34239 53938 
2994 15035 
79843 87052 
224 12492 
97687 94747 
46176 38145 
44196 45795 
10891 85665 
48034 52289 
50243 79772 
49549 42795 
67842 96729 
31035 354 
8132 68740 
64334 67338 
24064 68066 
92961 95052 
79921 31598 
34839 94965 
95368 4694 
38667 30581 
10268 54300 
52061 74231 
51506 25649 
62815 41432 
12839 94325 
55988 6960 
16673 96003 
89006 1431 
12759 99885 
24531 84915 
82899 28675 
76605 95003 
63083 17860 
19418 70753 
64863 50149 
80001 61046 
76320 97098 
86277 36172 
49628 49270 
70088 34815 
37015 18731 
31200 95125 
19822 53230 
52725 38195 
86404 10124 
21037 95002 
53774 99905 
43935 93765 
95167 24135 
79699 53669 
31135 679 
86621 63033 
65286 90282 
77720 55252 
97478 12886 
18548 34237 
27024 69500 
37361 42555 
66411 66024 
26381 10115 
22046 69097 
508 69014 
62710 10872 
45512 71003 
88695 99563 
31637 98061 
34989 85654 
90475 13690 
90435 79881 
53106 62797 
91422 18395 
25688 91392 
53482 22958 
35049 23873 
37038 9600 
11308 5248 
4636 57839 
87126 88450 
16093 64406 
83948 22728 
25332 70331 
24402 78148 
88050 68341 
57032 23338 
62917 68683 
4617 58864 
90665 25833 
50552 97025 
65185 5961 
59123 70345 
68715 5614 
84987 45653 
29168 15761 
64731 18431 
71866 62151 
99160 62960 
80209 42898 
28759 17817 
50202 27250 
76788 93377 
22334 75710 
84532 98273 
935 90975 
91493 95098 
25927 11623 
19600 12170 
44811 16017 
5051 57799 
43740 12615 
83947 6235 
35720 54662 
78625 50391 
71236 32215 
50449 45396 
32033 62485 
81764 99196 
92300 20689 
24853 1644 
83182 27931 
8925 21943 
76314 40040 
27534 45758 
9992 61901 
38289 67974 
17625 45470 
94310 4832 
82284 16501 
92632 40038 
33420 14951 
68561 73450 
22275 27086 
87016 98085 
61013 33526 
81934 91431 
87267 96742 
73076 70431 
20582 64008 
45899 26020 
10164 67344 
14649 22698 
34337 60686 
1403 21421 
1321 46339 
54536 59911 
18179 7711 
98918 3557 
40243 83383 
57137 62146 
86819 88776 
6115 52958 
10649 15979 
36743 79124 
38412 19748 
65461 83650 
57414 28260 
6243 34131 
9695 882 
48978 90959 
68914 92048 
6015 12667 
17662 70263 
82454 56100 
13282 84337 
97758 36201 
28776 65118 
36345 20454 
82084 343 
33045 46440 
21748 22632 
5663 67414 
19951 6249 
31350 50484 
34891 76915 
26088 74704 
43661 803 
27320 2272 
14064 33761 
98590 25048 
79200 79895 
72057 20701 
2226 29827 
19813 88087 
70310 23257 
98180 69810 
36614 7898 
40502 11431 
37048 47439 
83420 51428 
44555 64848 
99216 83745 
87865 94179 
72530 85666 
53939 53961 
3616 57743 
13718 48330 
42258 79640 
59356 48247 
56578 46001 
17742 4470 
19174 9842 
9927 96380 
49406 27463 
58983 26337 
85080 68507 
9825 27922 
69403 27539 
13726 68246 
29807 49413 
47522 89453 
94069 59684 
82908 52596 
36139 73464 
94769 18262 
69195 41350 
99162 22649 
6637 79477 
41317 85226 
93115 22194 
11980 14679 
67133 30544 
56408 63533 
54378 87446 
54530 18669 
6651 11371 
93042 4877 
95112 24315 
20631 21671 
38533 16978 
76046 29772 
97349 64334 
5411 52982 
92520 58153 
39942 63624 
14560 39520 
88150 75272 
72567 34055 
7651 75202 
95685 15263 
60845 90806 
40149 47348 
26040 99146 
73913 87806 
30985 56904 
7833 62259 
99315 49161 
17478 59232 
52080 29771 
52864 30962 
86302 53521 
64740 27834 
60436 80845 
85557 38658 
52607 69547 
90816 56762 
21709 54804 
32236 42760 
93683 58674 
78023 8840 
15741 63367 
17495 6567 
69818 28775 
87406 60440 
13201 34033 
55556 52811 
19062 75350 
53603 32307 
22548 57899 
85468 87480 
39097 78256 
50334 222 
10822 5699 
9940 69297 
54082 35593 
98756 73400 
26786 6199 
22545 25254 
7475 41389 
15969 53505 
79941 6095 
33084 37585 
46861 38748 
25923 12177 
53912 55548 
25861 52573 
91782 5064 
80007 49965 
57737 88509 
10647 86576 
610 50976 
59568 24552 
43565 91954 
51080 29671 
77453 39686 
57649 61160 
44288 83193 
80289 72303 
85132 58282 
62183 83035 
9603 39374 
38494 5320 
55226 97716 
87933 24894 
44053 48338 
92343 68807 
11216 23064 
29434 17230 
75525 74952 
20770 50085 
45730 40723 
32195 54358 
7748 62071 
77122 56278 
17919 94172 
4446 84105 
35295 10270 
62328 11846 
61964 44951 
16674 82023 
24606 5468 
68878 56452 
22742 20485 
61229 98022 
89549 88620 
80368 43582 
59663 35408 
69260 88309 
15034 86577 
36392 65283 
84692 18009 
7243 70535 
7196 48288 
97531 53427 
25565 98465 
379 65016 
73658 55462 
70213 32881 
30239 40478 
55107 9955 
62405 1849 
76208 26983 
53555 22972 
78023 63516 
12758 60260 
76527 40706 
92163 3484 
13446 30678 
96991 81488 
84482 71905 
58706 19891 
46916 77722 
56093 94255 
27679 26038 
11286 12114 
46878 22280 
58183 331 
43713 34749 
79218 70442 
41823 11807 
33120 83968 
19323 3708 
51104 42107 
55147 28379 
61788 79787 
7771 40091 
16230 52767 
45001 82708 
23602 68258 
84226 35097 
75302 24522 
21389 85259 
30740 92916 
23896 1897 
61543 97110 
37786 7373 
2604 18448 
12699 94392 
38163 83928 
79542 70262 
59050 73803 
25211 57180 
63217 19510 
96327 24795 
35882 49453 
29681 82124 
37867 80106 
50901 9946 
51135 42954 
4866 71904 
79067 84011 
81454 2799 
75664 71941 
78452 35954 
82680 3265 
99804 98009 
86546 98705 
21832 69162 
68049 43389 
72692 79596 
6820 35490 
61000 88737 
20034 72776 
58469 72976 
60079 24645 
88329 29621 
69534 8392 
96413 90107 
93421 12780 
85011 23848 
78502 89422 
70964 5653 
47287 63060 
88895 14228 
20477 95499 
98128 27047 
75691 74785 
67521 77767 
72651 91162 
6321 46348 
45370 4386 
81097 59184 
60469 3187 
8922 86782 
67350 6990 
45189 39944 
20802 62413 
90792 81857 
39468 42682 
27887 93182 
74688 66729 
56030 49943 
3345 16618 
41222 99914 
25669 46843 
9238 52212 
44336 47118 
11587 26918 
24736 41487 
67546 46814 
87973 80881 
38937 91690 
67894 13686 
25672 77202 
71412 99477 
79530 64854 
17369 64741 
21285 57476 
93398 86233 
11968 85414 
62469 27566 
72929 42652 
71277 47675 
71326 89257 
61113 46015 
87777 96729 
58551 8652 
61103 76273 
28051 71843 
61484 96472 
1506 25293 
77783 66503 
60777 35937 
17402 33767 
38428 84930 
7773 20692 
19169 75469 
57413 4472 
69907 87130 
81458 25644 
99852 23597 
21670 96628 
53774 24982 
94176 69775 
71317 93365 
79484 15939 
3151 10767 
28850 59237 
60802 12436 
98639 11403 
91161 15168 
40046 50027 
8945 90307 
65400 88983 
90795 14146 
84242 96449 
33247 24637 
52470 26217 
3454 62633 
6052 41336 
66330 78334 
57177 25648 
54694 39172 
15175 98415 
60034 84044 
57133 69970 
60668 30660 
13852 2213 
71349 57670 
55663 66785 
93804 51319 
59564 25874 
71203 27586 
14240 95847 
1216 15044 
72777 92314 
42132 11156 
94201 96700 
54375 5265 
24457 29061 
55833 95226 
55029 59592 
33550 11472 
63160 42212 
46619 2209 
81426 7555 
75536 26529 
66433 9867 
21798 48418 
36487 82548 
38188 23931 
26307 20446 
74990 26282 
63207 73543 
60269 59136 
3643 6272 
93391 67083 
81608 49462 
20135 64119 
11102 47824 
75003 65856 
53734 84829 
21772 29286 
9489 49029 
96855 75101 
13798 91060 
61694 91884 
27261 9005 
210 98933 
85733 91251 
55222 75052 
37942 40630 
83799 44319 
35417 1380 
25666 46665 
55222 11338 
21071 11051 
29837 5791 
84913 92080 
30507 6525 
42502 27071 
463 39875 
58944 19963 
62675 40965 
48954 60819 
33086 17812 
36799 45311 
54821 68613 
47115 67219 
31398 68286 
46494 18817 
77735 66199 
23031 48959 
26571 66055 
86421 96724 
24898 90996 
94744 39703 
30107 72268 
65729 70299 
68754 38157 
10057 40868 
