24011 8889 
2238 57885 
32639 97349 
50233 46232 
33952 2297 
60049 69745 
45539 13343 
1430 83410 
73784 98517 
37690 6340 
59595 37621 
18130 82033 
85130 20991 
6265 62609 
75149 14224 
83379 62917 
20451 93395 
37361 73491 
22849 62460 
45292 17512 
11207 74749 
84911 86246 
6320 93876 
64892 89879 
18730 45858 
46753 16235 
48064 33891 
42267 98549 
15088 9971 
9400 55287 
98352 23444 
37079 79940 
66204 95536 
4531 26808 
91877 1089 
24422 59941 
14482 73958 
30730 6762 
61936 90888 
52057 85320 
83232 30244 
18970 54666 
46900 46526 
90041 71597 
50131 49426 
45379 23744 
48739 27012 
88750 49013 
62003 6645 
19787 44376 
28375 4378 
86329 13248 
88182 73806 
3580 99990 
47618 28754 
31578 12513 
34720 80669 
35367 39525 
92460 1208 
13287 27674 
66701 93293 
67991 95618 
37482 29753 
12039 27039 
10940 97701 
45377 2648 
36157 68903 
15495 2443 
36320 1671 
72759 33782 
46791 68168 
63178 18289 
34041 92537 
58775 1163 
28888 79885 
11773 30167 
45037 13897 
32969 88374 
69697 1770 
36949 54704 
6840 49106 
67202 9333 
25701 54585 
12740 97279 
17144 24459 
54486 12740 
88825 20303 
34468 69249 
36344 69949 
23773 76237 
12123 91180 
76262 51319 
76305 487 
94188 59405 
54699 5099 
99153 84707 
47644 5477 
97253 9752 
30654 67601 
50789 96735 
62769 59643 
20588 40821 
71796 85973 
22762 92492 
16955 92984 
51627 26564 
38898 65802 
56583 69207 
94724 82766 
24851 81127 
41259 45371 
14311 34977 
73785 55428 
1059 18178 
49339 68296 
54841 38480 
23800 11293 
32194 8926 
10233 19792 
81894 41334 
22258 9985 
90237 82962 
749 76958 
54697 89714 
34698 79434 
63683 41077 
77854 48472 
77385 66896 
31567 36356 
50121 74187 
11252 4090 
8132 33351 
38971 31119 
98422 7503 
7873 19333 
54035 86031 
45575 54850 
79069 14101 
63013 85758 
42759 93498 
12941 71714 
86124 67014 
97922 62201 
86959 88527 
61548 64226 
99361 24004 
68575 67387 
82506 24823 
29762 4496 
60079 64145 
55419 39288 
6511 29503 
28040 89307 
39107 20350 
68837 11630 
6188 7970 
35611 1896 
515 77012 
30117 82936 
94552 82828 
11911 88354 
89556 26855 
12671 78492 
93974 73484 
20037 61509 
98343 6182 
53290 30633 
93613 48057 
84485 70208 
87785 52626 
68179 27731 
11735 4261 
30435 96867 
69296 54561 
33561 7288 
78936 60883 
76853 71197 
74785 86308 
15593 93514 
83290 66504 
80670 12981 
68459 48288 
59375 4780 
43421 57107 
54313 41809 
78936 56239 
71813 81350 
543 19201 
3839 16646 
55192 48662 
58101 8764 
45452 40118 
59954 93133 
74869 6626 
96587 37278 
21508 52112 
99171 11512 
58433 5068 
61790 22746 
69617 1898 
77378 53059 
67727 39739 
30333 39327 
6222 2284 
23076 27922 
92408 98929 
29560 39426 
50325 47530 
62563 82251 
52808 74113 
13597 61238 
40556 99066 
74321 37514 
72717 28665 
76629 9304 
8301 73231 
94868 99882 
606 68770 
38156 58456 
97908 87650 
23359 2587 
82819 85680 
59990 56552 
49984 47902 
97175 69132 
17232 63460 
79764 26384 
88796 81125 
35793 10242 
40905 71351 
70719 92152 
79807 48183 
75178 92461 
30239 84910 
62528 80901 
48333 91048 
39983 41273 
17160 5042 
82930 74298 
75374 97034 
25807 66636 
49831 69095 
4937 11153 
11597 86525 
88789 23836 
51422 73129 
9372 66068 
75522 55829 
64794 47530 
55456 49523 
97524 54602 
26892 31815 
65461 21883 
21222 69043 
13658 40354 
31277 19960 
23381 74687 
57804 61531 
62171 44341 
56896 52447 
83664 8351 
10220 74328 
29144 82069 
69700 67967 
64168 5651 
86186 12605 
43056 78685 
17706 79848 
31648 73132 
27036 30712 
34443 37607 
20624 14172 
66100 10058 
51301 68709 
79236 63010 
5766 24495 
10556 15793 
24462 53201 
35582 61576 
56279 14839 
28599 73503 
33404 6633 
8876 73876 
62692 27574 
16872 73078 
69072 34177 
4800 10799 
93814 77843 
44829 61158 
45857 82353 
55116 95401 
27984 41163 
19014 31157 
11220 88524 
25984 35571 
10699 25855 
94112 91169 
24072 65411 
43578 77908 
29628 86924 
78061 72658 
5427 89761 
96747 18192 
23030 63049 
3472 67812 
89843 89310 
1515 68841 
62595 43313 
62629 8456 
31162 47193 
37149 8757 
76716 95315 
28335 24417 
41075 67921 
88602 65933 
5219 11307 
7877 44225 
64014 74082 
55055 8221 
1556 53995 
2354 26053 
16898 27906 
9362 42656 
23480 8644 
68662 31764 
47247 96822 
18133 48719 
78218 73130 
6382 81987 
88171 7164 
57240 95928 
13164 42580 
16836 55081 
13758 55148 
82501 21160 
68092 70230 
6593 17902 
23379 69284 
40314 66082 
29923 11164 
32673 1247 
8413 43340 
28002 84 
56046 80549 
11727 57879 
79923 84016 
38641 79112 
57221 83024 
40448 66013 
60785 42458 
50128 15781 
56070 94880 
99489 66155 
70795 23760 
43258 61171 
62175 5669 
38149 44196 
58271 93587 
58585 23682 
29805 50875 
62085 98633 
56649 26068 
26810 75350 
89277 92313 
71335 54826 
69613 62096 
32492 21011 
67972 27862 
20895 14169 
13255 72166 
95821 30705 
42022 37206 
1133 51066 
68795 42915 
82229 60704 
84684 95195 
60293 95617 
24357 31481 
74614 13567 
2411 9489 
16369 64884 
9344 56830 
67920 12596 
74648 64110 
30599 30645 
49905 22199 
70864 91103 
38353 75555 
39853 36510 
99014 87786 
24556 21865 
83269 93098 
70183 2312 
19690 37826 
72790 37156 
48959 99935 
78793 78639 
24858 11212 
43763 14757 
39627 96798 
96701 39415 
2368 89771 
27996 30335 
97722 74695 
69354 25414 
78703 63364 
62210 1561 
2363 8399 
17470 76597 
99867 15939 
53943 74389 
83587 27346 
65358 16168 
32999 1672 
6650 26858 
68439 45563 
8995 74227 
17193 5350 
30071 90828 
99918 57279 
21122 63932 
17074 6119 
45616 17032 
94801 29860 
15622 48036 
57622 88761 
21552 33827 
31350 50702 
18444 58710 
43770 71618 
97741 75054 
82928 9724 
17345 58529 
93287 45315 
84695 77380 
38532 24108 
87716 55520 
36471 41422 
46733 72521 
76267 36917 
16744 10157 
61149 75194 
3977 24732 
80764 46243 
73194 97199 
6524 31533 
12981 88964 
20569 46512 
95067 10255 
34364 88300 
10730 90067 
26519 88602 
92396 21974 
31054 96142 
31806 48432 
37107 90397 
87455 37745 
19039 58942 
33458 2472 
1867 54436 
39643 5801 
81157 84072 
88355 3322 
58787 74284 
27304 71610 
26381 96543 
29797 82155 
26770 36273 
83750 89463 
50498 36244 
59125 15495 
79151 48245 
9768 29124 
70227 82362 
50120 38937 
89291 51955 
9844 40446 
34294 74160 
10142 84641 
64269 752 
24407 63856 
39982 22232 
82778 43009 
7674 9197 
55329 99565 
8681 29390 
1771 73923 
77524 6245 
6968 73438 
98929 65311 
30982 17947 
30326 48649 
89997 62369 
60486 64091 
50168 82873 
67284 76203 
60314 67094 
57942 38853 
71326 6004 
23686 15488 
90269 45302 
17375 32530 
95377 17570 
67467 63743 
94491 42943 
74584 48992 
43953 55660 
97984 9515 
57582 86637 
28400 33626 
26060 8067 
60997 71722 
35931 25055 
27601 97539 
24361 81436 
20893 63771 
30921 32173 
44937 4506 
10877 23097 
56150 14368 
55804 10288 
16797 64804 
26843 45985 
69070 1671 
43483 55692 
52009 5085 
86499 32034 
25789 82415 
67505 74879 
38312 8418 
89579 14431 
67584 22652 
73487 64193 
4 43646 
52264 64127 
59491 61758 
43282 90803 
85280 28189 
91361 30991 
67245 66331 
39121 37881 
86783 93452 
21477 14999 
78567 55630 
8 1903 
23882 46958 
49956 67853 
9810 5193 
87638 54927 
40179 50362 
79342 50408 
63969 60280 
4090 9779 
94791 57480 
52123 96318 
31093 15775 
28579 50994 
50884 81469 
97547 57272 
47088 44183 
45517 19446 
90008 85316 
65250 30218 
51954 78384 
61151 63524 
5729 14751 
55477 91971 
13445 80753 
31057 94759 
55081 17746 
80654 91586 
7189 55319 
45734 10797 
71353 19735 
18079 75898 
69270 84578 
46585 73596 
66725 48688 
38504 48604 
62299 97615 
69535 55750 
78268 29186 
20358 88292 
20974 1171 
38559 92820 
35828 89644 
84394 75806 
68163 30297 
56384 4568 
55305 51801 
8517 6323 
17510 231 
64630 72991 
85844 96652 
7553 86556 
3591 66152 
70661 90030 
64457 25923 
87742 42452 
5625 22427 
63399 12859 
56585 63262 
10699 87788 
55770 98022 
65378 89634 
86117 64271 
26624 29052 
48001 29691 
93307 43607 
83393 29520 
61526 7004 
88606 19603 
24389 28476 
4691 39688 
68217 296 
54294 9033 
90679 92877 
1716 56972 
75845 41555 
48951 24767 
48746 16904 
44622 61897 
97746 21311 
75049 79864 
96890 8544 
27060 19683 
82351 80167 
60720 35397 
37198 72927 
6788 95283 
16948 14595 
8523 54844 
4688 92268 
60343 61271 
19037 46751 
56904 7736 
10824 79403 
55300 67680 
75059 33704 
70385 4235 
73648 92807 
68633 67959 
11255 16465 
99471 67255 
31815 25980 
4687 20181 
6436 34203 
76316 73781 
64773 9097 
91282 7636 
81406 54050 
37151 22033 
66387 85811 
57470 47962 
24826 91877 
87489 6093 
44229 53096 
21444 84943 
40276 24429 
51126 4659 
41844 77030 
42133 82122 
24271 18219 
68954 15555 
6225 22394 
12988 62366 
10016 25569 
38598 92639 
47776 58995 
1478 62531 
36652 23174 
10899 66749 
65033 32589 
62805 97351 
28758 93613 
84252 57330 
31396 13300 
81373 51711 
95883 75151 
62814 6386 
66149 59431 
18496 45432 
86870 30275 
69609 91382 
37026 59546 
69892 39713 
58733 8303 
30533 98763 
66594 40726 
61457 79371 
44859 2501 
70275 64698 
39715 55882 
36844 90020 
32299 27069 
86181 14727 
34354 88012 
15359 74323 
82909 64397 
91069 58912 
22999 34311 
23693 76470 
58115 57987 
41001 24164 
16961 57996 
30005 9008 
32058 51420 
89053 30375 
50809 20765 
33868 61180 
2898 98768 
31071 41990 
29221 33759 
90594 32898 
37022 96838 
34448 51669 
83508 89934 
73465 63501 
5945 14635 
65923 77674 
10072 65722 
2362 49432 
653 20449 
59438 81626 
88078 4877 
92339 69980 
33160 31932 
90040 38264 
98591 22391 
622 65228 
60043 39579 
44872 13863 
92447 91384 
75586 35338 
87727 78995 
7249 34932 
79136 845 
36191 55328 
44267 52329 
94846 53844 
33946 97116 
35418 24468 
27423 24289 
18006 43040 
45636 47016 
86208 94447 
63762 43098 
49188 74440 
51922 85497 
53423 45443 
38573 61814 
19569 65712 
35012 35710 
40344 4243 
81355 60372 
83821 23 
74483 14386 
23223 23545 
16640 93772 
19063 50933 
79746 60414 
12402 66600 
14924 16772 
49028 69058 
49380 49506 
43518 66306 
3462 60503 
9435 12151 
29587 82851 
27307 52929 
21703 61374 
95600 25228 
69041 62635 
11521 69564 
31126 67683 
58298 2406 
92400 92319 
33484 19487 
14232 74292 
38878 87059 
39734 64577 
66785 14541 
22486 60792 
59671 91967 
44153 24776 
90637 18699 
57937 33523 
10684 46071 
44880 22884 
35419 5928 
98316 96847 
98606 99490 
58050 91709 
82903 76515 
358 4070 
49144 43440 
52497 14349 
24696 989 
41112 63395 
78699 26686 
2793 68753 
7408 85767 
82020 99310 
76400 75179 
16796 62269 
18054 79686 
65521 94779 
62509 46510 
59999 94088 
88215 65546 
78938 64652 
14216 75830 
23907 8463 
20478 5809 
45430 35666 
74846 94862 
10749 26593 
65650 36599 
26765 33439 
87471 30673 
31753 70070 
4287 29133 
47677 1839 
18970 15806 
41278 13771 
11032 62738 
76582 5128 
65540 66456 
54058 31098 
5298 78581 
22412 88260 
55665 10300 
17811 19438 
16789 8262 
32330 95735 
91578 70634 
38506 18751 
19393 96407 
101 74393 
95212 38452 
80529 61173 
11958 61400 
19876 10540 
49677 89123 
89027 14512 
49462 63398 
45161 76796 
52251 25279 
6690 7544 
53090 73768 
37728 89060 
19931 52580 
82237 49995 
52752 65085 
16246 98975 
13532 19988 
92878 85088 
40531 65837 
39385 72292 
71376 81182 
28006 37568 
38598 48972 
83167 28513 
68558 58774 
6399 45067 
10101 48425 
97329 42216 
42833 17938 
24180 85733 
66543 22783 
50455 31447 
53118 81131 
55818 39980 
50165 10197 
98658 83564 
61635 40504 
55429 49278 
94855 43722 
37563 93933 
55711 49679 
30632 59849 
94090 21184 
22362 17861 
50246 1517 
86249 64188 
29431 48750 
65713 61157 
36864 23508 
60089 78265 
38093 2319 
48233 59719 
70772 47450 
98098 17331 
23090 75879 
1375 23522 
11331 35032 
41142 58201 
34487 10984 
47423 45414 
57360 65976 
20671 903 
75262 26473 
6400 101 
43192 20371 
85552 67595 
10306 92580 
4638 83712 
86490 11850 
7320 1635 
82061 18579 
44779 69347 
3842 53234 
36121 54690 
61329 48103 
21975 78971 
35156 61305 
4610 74780 
86753 81264 
96051 97081 
42862 32326 
2073 33148 
71494 67745 
54397 76504 
76940 44968 
66025 52846 
80616 39966 
25353 11737 
21793 72272 
63576 26923 
7698 80503 
26853 80210 
65974 9290 
59800 39113 
4184 42868 
60102 76871 
60790 48050 
95399 24907 
39991 69812 
83034 92469 
58793 56483 
20906 35905 
98889 78283 
23331 10945 
48174 42945 
59713 95334 
37163 5182 
15770 26303 
24081 12989 
97170 57627 
59088 33055 
73650 4368 
62868 50017 
18036 9952 
87714 39863 
29074 39805 
90302 76452 
39539 78575 
34487 41975 
1859 83807 
59731 77083 
12312 27965 
96223 24515 
81818 42828 
81233 91207 
86478 65507 
32945 78216 
34202 73761 
67775 5219 
65134 89737 
5102 86906 
63053 25945 
89371 2291 
92517 44977 
73683 34782 
92248 5402 
51281 50773 
49107 70258 
91746 27608 
48974 61675 
37248 37963 
50934 55439 
40871 46968 
59433 22684 
83798 80892 
75356 42384 
91064 81729 
91516 27967 
76620 70744 
60578 34118 
87610 5843 
4224 35712 
85034 32576 
51165 99834 
93412 96642 
88601 3961 
75565 6968 
86834 88641 
40310 12744 
9938 71382 
70645 85233 
56766 89960 
67911 75743 
86021 88003 
43452 54854 
66731 3437 
53447 24788 
61189 71283 
64903 36758 
91265 6279 
61155 38220 
60958 87936 
43816 21092 
8186 30901 
64725 41395 
36987 86868 
26264 33128 
37704 90769 
21309 44833 
37150 33649 
45118 85941 
33390 17330 
615 81836 
60469 21885 
35823 1506 
97275 95933 
97603 39718 
81696 61896 
59392 6845 
16339 13611 
82293 3785 
55277 72082 
98658 36871 
42663 56631 
65209 58202 
33502 23377 
18787 568 
64498 20692 
81966 12897 
58571 12170 
8069 92152 
40535 21671 
25518 50632 
13367 62091 
40003 53840 
94614 19802 
79590 13393 
40688 80055 
22702 21888 
93171 95173 
31797 72224 
65708 16946 
26609 12520 
52660 37449 
69976 49666 
81436 8336 
6570 29398 
49233 37691 
90243 88922 
81928 95639 
59255 99274 
27931 95178 
70288 88903 
53034 53067 
81958 67463 
33671 77110 
86429 49284 
55426 70806 
23781 9771 
11269 94094 
77934 94720 
59691 69785 
45226 42535 
46783 79297 
87136 72365 
18243 48430 
27207 37394 
47438 84155 
28844 41812 
83822 86805 
95494 72452 
82396 28531 
67578 1633 
9351 58517 
51617 76461 
31634 68223 
6138 21621 
88908 25781 
26226 47670 
15206 67686 
14018 74896 
24585 18041 
95941 53974 
140 90891 
49191 89018 
28999 19528 
29699 46015 
7249 48187 
51772 60234 
98214 16152 
55612 39867 
65115 62067 
13080 5 
14852 77115 
64363 50946 
83511 39731 
48609 7963 
66147 71646 
90131 85787 
43530 65326 
28430 90423 
86713 46223 
35097 23334 
26685 49770 
43536 68604 
60791 12709 
28508 42375 
30243 1031 
11643 45688 
43739 22762 
36348 76763 
41066 2767 
50974 26870 
87537 28921 
62605 5076 
65213 14214 
75523 11530 
80061 57766 
8168 6336 
35585 29207 
90332 1669 
32901 45525 
78361 38453 
44857 57228 
90290 95758 
77488 11540 
55133 21006 
75986 14380 
90962 62125 
54290 69963 
74914 29027 
27542 37159 
44982 11038 
4848 5085 
78162 29416 
56140 56934 
22506 9610 
1418 60681 
21608 16625 
83228 98012 
59254 8678 
73976 18775 
69220 29261 
38506 87185 
645 75792 
19364 68192 
2897 54245 
37240 87651 
95560 53444 
2336 88316 
18915 50159 
13726 95194 
18222 86705 
83265 98415 
1133 46441 
58190 59516 
21732 89378 
32290 47955 
86983 43 
29364 18616 
51767 42829 
14652 48266 
67249 16220 
40032 59099 
73946 46637 
57001 70966 
85666 65065 
37785 40310 
93408 65185 
29426 63530 
29333 50453 
28267 45186 
70078 39354 
2983 57394 
25980 13017 
13175 45712 
58175 57448 
67479 68987 
89086 73807 
40276 95869 
23453 4498 
19287 19072 
76873 50269 
87702 89979 
16695 34076 
53947 20808 
56184 1186 
29805 49316 
6987 31770 
23328 11894 
87273 82219 
56815 24896 
3272 64453 
42111 31216 
70512 18694 
45587 29317 
17711 34496 
53358 65362 
21030 27264 
3687 35551 
49363 83048 
87938 15415 
62309 43108 
34099 5583 
91695 11550 
77571 59398 
54744 34281 
92796 36769 
92446 15592 
6256 10780 
186 9874 
36469 38825 
19357 50285 
9854 98415 
88485 53626 
82650 79321 
10275 71264 
58580 18317 
77045 39609 
29520 60583 
11165 20480 
82182 32659 
19408 11651 
7648 15888 
30523 50903 
22568 16384 
83886 33124 
60946 37836 
63728 9305 
23643 76819 
28252 38733 
79084 76805 
65825 21226 
93127 96685 
21505 44966 
28647 72365 
76280 47302 
96115 75893 
28733 820 
55295 5554 
24201 5065 
65152 72519 
79 85469 
54186 84890 
67552 75377 
36577 68334 
29830 84492 
30940 4034 
44876 37623 
47911 9306 
76649 1322 
397 33967 
43036 2814 
56059 96444 
60956 85540 
95435 37596 
9492 38739 
61068 27372 
80485 84660 
83132 19657 
62639 6300 
45242 14050 
10022 51057 
10510 49834 
78703 51178 
62346 26998 
76348 60657 
27148 21952 
58730 19968 
36689 41439 
24397 25048 
56921 37158 
4168 94924 
56834 85741 
15643 3647 
16132 23975 
54573 66453 
73718 17552 
24747 47555 
300 33114 
65933 87500 
37930 78014 
25454 31756 
86874 69940 
33154 78966 
35924 99455 
81778 57292 
26138 52484 
85198 80298 
9930 66938 
85480 30048 
17569 7882 
6401 64386 
71328 59070 
5858 47807 
93916 45147 
62486 60925 
42251 18454 
42858 52190 
60271 67147 
34786 57359 
85180 27173 
99538 27148 
60379 9701 
91190 71567 
5302 87705 
14874 50627 
67483 20654 
47329 15423 
35393 34652 
22958 31053 
21939 16859 
96520 93368 
37990 27678 
29568 85281 
62887 81918 
11981 5142 
84623 1042 
22150 39648 
26231 92605 
49834 46818 
96868 70121 
54225 60759 
6211 86840 
6409 29258 
58987 20314 
70221 47670 
2803 11115 
8367 58169 
36925 28713 
61765 42080 
2249 10262 
39162 44857 
63423 93937 
71438 38198 
62948 47448 
30343 41857 
74017 74513 
85015 98912 
4005 67293 
71234 22552 
3690 61203 
78199 9901 
18676 40000 
15481 48942 
78936 33663 
8875 28335 
59994 49388 
88012 96684 
65009 76820 
70891 7804 
70831 12721 
20894 31566 
53119 57367 
50379 6111 
55669 45211 
71625 56532 
97342 85762 
50647 7571 
16339 7106 
2373 73422 
36005 14123 
76637 16469 
98998 96241 
23667 28545 
57320 45400 
94983 3295 
24608 73940 
31067 36245 
94023 54236 
10674 10415 
181 37168 
88327 99587 
56798 44883 
26336 48815 
33062 74819 
35554 72312 
41227 96584 
75162 42548 
95503 71034 
25902 31197 
68063 71795 
43486 2541 
11814 43431 
19293 52962 
41566 87653 
24036 36392 
65330 29152 
86698 14867 
35679 76071 
65869 25797 
47487 56603 
3481 63131 
42806 82846 
12007 28255 
96248 65787 
35330 18331 
44965 81187 
40787 84681 
96167 65116 
45288 11900 
92074 40 
51957 39586 
37337 37598 
75402 72879 
97129 92603 
63499 5437 
55504 34283 
81493 9062 
83064 95428 
10237 27864 
595 17858 
24587 51672 
41026 53488 
60209 33344 
5948 44295 
47499 57704 
84865 11615 
89844 65993 
55489 95424 
90095 89087 
11569 97691 
83943 45126 
71131 333 
21753 12800 
2444 47979 
51494 213 
67661 8484 
94528 91072 
24774 49997 
73319 64870 
47382 2437 
45543 55829 
18757 3308 
22588 36533 
31765 63066 
2126 86510 
79448 23636 
24201 33459 
52393 25159 
68194 35398 
68512 40687 
44062 5673 
48447 86310 
95414 69612 
15518 65062 
24253 81533 
43014 56960 
67651 23890 
93567 24667 
5133 56524 
95468 64512 
52220 83315 
78999 95995 
372 55948 
52200 49388 
96454 40118 
29965 80687 
15933 28125 
42964 15927 
73107 93698 
43604 2737 
29025 49766 
95090 26016 
3106 88005 
76619 26768 
68036 50152 
62850 48341 
9173 5419 
38993 22738 
59467 85751 
94228 1147 
78823 61273 
95629 27474 
32874 21929 
82363 51408 
40261 68158 
35666 78445 
99850 3383 
73932 58282 
79688 64147 
94245 20130 
48041 19945 
31744 73754 
53543 24086 
36491 8406 
16230 99391 
73795 38355 
74181 98081 
38468 63316 
41494 83899 
36066 34842 
72511 46341 
24881 45639 
94456 71798 
31325 87737 
66112 64491 
48291 57619 
43639 31247 
1193 21611 
86341 18524 
19601 93275 
14953 17482 
83740 16002 
42939 33510 
24585 88656 
37310 50276 
43892 19869 
29666 5212 
86225 47457 
90401 33253 
38887 13455 
99473 28757 
57620 42360 
95639 21688 
16075 30465 
62723 63483 
55230 17514 
16292 70448 
65308 78437 
86983 78122 
67229 42530 
57813 18700 
73188 20214 
1902 45455 
96725 93390 
84391 93037 
51452 4384 
37684 80565 
24615 60650 
92730 35659 
36738 57599 
50681 41851 
1836 10347 
9080 89248 
84019 76656 
14616 38929 
5794 47973 
534 95179 
958 83227 
80951 16564 
20712 60933 
16595 86709 
95450 29134 
36919 8776 
26683 39866 
2051 83783 
33622 65061 
14734 82254 
7187 4211 
47151 21099 
30555 10581 
30494 13231 
9827 82429 
66111 66069 
20989 88411 
56292 66946 
20075 22254 
19963 8323 
82284 10764 
54055 73844 
32764 31373 
24759 27389 
6895 30696 
24621 21654 
31110 73916 
11151 70197 
46635 96349 
50573 7471 
8032 73164 
26358 95041 
75984 70964 
36344 19015 
89519 95849 
94540 63649 
46709 6561 
74111 39164 
44824 18438 
76588 87983 
31076 84185 
88990 92942 
93248 807 
95353 63439 
75896 58598 
42049 81081 
42271 17675 
17326 45055 
14686 70308 
94659 69292 
16813 23201 
6785 48394 
10212 12832 
62695 27413 
64372 49140 
93423 81723 
24668 68079 
14091 37544 
45811 61925 
19479 41150 
39769 47750 
88297 15325 
46569 29097 
57373 25334 
74013 3631 
41110 13502 
68049 70446 
13884 51427 
69389 94686 
43436 1908 
83953 94276 
61864 78889 
44783 23833 
87469 43009 
71333 44163 
65511 72801 
38360 82296 
78815 7155 
51119 6618 
90230 63334 
86182 64415 
18082 96672 
97890 55027 
13071 83003 
9327 40818 
436 72945 
3658 30276 
74788 88358 
6775 2843 
86650 5614 
5426 83430 
39512 97733 
76331 16083 
24166 88050 
11287 30887 
53067 1719 
10841 45976 
21669 88227 
84832 97358 
15941 27982 
41980 43298 
5702 29150 
72626 47109 
11925 67075 
28868 2477 
12839 17957 
84529 28810 
58439 90881 
13773 30597 
95916 67869 
61612 84422 
69561 20335 
92193 89997 
47858 82090 
91450 97482 
47767 24053 
69549 2351 
71596 93827 
55549 81197 
45414 54526 
1780 27118 
49607 81560 
18668 31720 
61961 53495 
42091 52251 
91579 3700 
94812 97025 
67958 83177 
41133 60066 
63726 21777 
49657 36733 
71817 64959 
72861 56147 
28269 6306 
24174 73322 
70377 32212 
83360 74190 
46583 44460 
89206 60076 
49273 28863 
84880 94666 
24554 93700 
65789 16188 
24144 10367 
42369 40206 
3630 50497 
70956 4395 
38671 28714 
24747 35583 
26106 28288 
73807 51539 
60480 8119 
18210 45201 
28149 63811 
71598 37444 
40917 43037 
23802 25962 
39074 95952 
20632 2504 
29710 75127 
86555 58415 
90395 86250 
81694 49361 
60534 30833 
28424 44069 
63168 75197 
64820 39083 
48505 26195 
82318 81773 
27125 93482 
83147 7211 
65595 70547 
49471 61038 
50137 72306 
50620 50078 
85017 25746 
27420 35199 
81512 21921 
83315 56796 
10559 2550 
80868 62314 
37632 72522 
89152 87282 
31910 816 
52686 26679 
43465 96651 
55755 21735 
71986 25136 
37324 78857 
8459 57230 
71228 31939 
17266 32558 
63895 57106 
40323 50382 
37617 49797 
47155 94040 
61199 78110 
25231 37171 
61813 33466 
3401 76266 
1957 9878 
27949 83407 
33676 56513 
65562 75470 
48507 64736 
90404 51656 
26128 70446 
23558 59913 
47243 75266 
32215 14588 
77002 16048 
63312 2646 
44058 41118 
81701 83812 
37389 83877 
6496 11204 
18047 59551 
90872 73345 
96274 49336 
70405 85870 
55749 77627 
12935 41829 
16195 32699 
38968 63149 
13190 28920 
45814 82672 
39732 59487 
60910 26097 
37984 42653 
70215 56228 
51547 21577 
16091 88141 
48770 38135 
35735 83162 
5774 64452 
16025 82031 
94244 42404 
73548 43152 
53512 50954 
29606 10565 
39048 93959 
39171 48048 
30185 76962 
50040 40732 
48793 20469 
13829 83658 
87534 39365 
44027 47908 
71472 3357 
17938 39262 
80017 81725 
49174 41743 
37527 67147 
15220 69037 
40371 68025 
10684 30395 
25850 56456 
10958 54505 
4103 59893 
73319 4726 
67961 88543 
72923 62147 
67687 97678 
69656 49133 
87654 94273 
28473 15342 
90213 10794 
70662 10619 
98357 85427 
16344 24753 
73277 7704 
89587 82778 
5476 11208 
96656 46304 
78852 20931 
55206 86308 
85997 91862 
47642 60897 
69933 7508 
95408 52711 
42608 42301 
2610 95003 
83696 30238 
97176 42812 
54592 23594 
5675 26269 
71955 70161 
33934 56734 
72782 85260 
89751 43277 
68673 45618 
76319 16985 
30829 86209 
5335 53608 
69296 38311 
27359 31278 
70038 7252 
53594 59336 
31677 51730 
48094 66738 
68 93058 
2270 44106 
33352 52361 
64645 92133 
42732 86453 
87920 40928 
44934 69050 
72751 69767 
31173 42945 
33002 74833 
4396 50913 
80793 3683 
61694 38374 
31335 99526 
1998 9199 
57304 75805 
20483 7578 
80430 72182 
10641 93473 
74011 26670 
32520 76948 
64225 35523 
21391 77532 
60388 62387 
4924 78794 
14729 1320 
68958 55427 
10771 94461 
62002 60381 
6095 54449 
56886 72994 
10017 44129 
94268 25543 
59638 21663 
17223 45278 
68757 67839 
68706 71769 
63305 74196 
64431 35243 
84223 85524 
72524 10634 
34134 58361 
28313 94155 
67700 18305 
87687 84486 
77188 73268 
75708 89039 
4588 67257 
18474 17261 
19505 39806 
55735 67581 
38110 89900 
19342 62332 
22567 30039 
28338 35894 
92672 56027 
95349 35276 
1806 51143 
60904 49507 
77894 89538 
72408 44445 
6662 3031 
2723 42995 
39325 27895 
59644 57243 
39710 53811 
72051 48620 
46865 55858 
51100 64986 
18378 2206 
15536 79387 
36894 95137 
39080 34249 
7749 21090 
24786 76903 
49145 56590 
36384 57583 
77997 1272 
19838 49423 
24316 86625 
29696 41486 
64941 39667 
34287 50477 
53452 64435 
11402 94543 
37252 41007 
61851 73479 
95105 31709 
62092 3592 
98818 27216 
49136 62690 
1287 61464 
81023 10834 
79794 73601 
44359 65938 
18234 97630 
86802 29763 
94834 15998 
36802 79488 
53001 22035 
35549 62819 
72049 98007 
46760 60437 
21894 30435 
28822 8631 
81169 52469 
50751 7045 
21762 24215 
8551 71775 
14466 36311 
51749 32377 
90162 49418 
61263 12903 
98920 62912 
29208 81655 
45409 39729 
78851 2161 
43159 1122 
28648 68704 
22540 45068 
48157 63769 
47690 35080 
75555 31894 
46190 52418 
66642 24661 
31931 3969 
23377 34952 
6405 30541 
6394 5077 
56560 65852 
70369 63050 
28407 55216 
73752 13990 
44700 54720 
5060 89553 
52330 96641 
36807 37269 
30453 24911 
65102 13813 
63931 75642 
18045 31462 
88303 2016 
19276 95412 
42309 20321 
74396 61087 
21892 84436 
7405 35233 
15627 79803 
11963 42332 
15703 64716 
97954 78751 
40870 76696 
7687 81042 
78147 64803 
48081 41945 
48653 4924 
35214 17895 
29580 4365 
75896 85209 
19075 4572 
17241 18649 
13769 46312 
79697 85658 
79665 70376 
51591 72355 
36309 88669 
63958 83220 
41411 75498 
83295 85428 
58522 96922 
56819 908 
13899 17240 
19939 84460 
341 95997 
28856 64649 
65577 16322 
12548 65674 
30701 66003 
47895 73082 
20153 26371 
49263 53902 
48957 10883 
29622 92694 
5155 35268 
34089 58984 
85835 94108 
68783 78702 
93654 64981 
47970 42478 
77433 60561 
60699 47058 
5177 1533 
14461 32560 
90797 88753 
47912 47978 
56820 11746 
17261 50027 
4576 42501 
51673 16380 
80578 28395 
41870 33270 
73284 16221 
73088 99624 
47909 10419 
38651 75122 
28666 92969 
73648 87940 
67544 9831 
29531 9475 
96706 59375 
69938 97944 
47562 1959 
5646 10534 
33777 46603 
2266 84621 
37745 60666 
88158 92629 
10453 91491 
61999 82177 
93231 85186 
49544 23456 
96500 36998 
87357 99141 
25467 10221 
17592 88637 
25560 16103 
62439 18114 
31505 55935 
9391 70504 
43045 88309 
79241 75552 
17625 99487 
67571 28980 
65756 22866 
47433 21977 
58323 74744 
96063 97467 
6742 47880 
61664 88002 
56674 31813 
17640 31608 
43912 9435 
61161 6565 
97076 13041 
506 73838 
35928 9870 
41376 66763 
6408 27105 
26204 21597 
13873 19356 
2466 99666 
64601 27858 
96100 12101 
2231 79909 
44350 21525 
30648 29546 
98715 61571 
47682 45980 
43135 84732 
75066 15057 
85172 21789 
59232 30767 
68642 11957 
34822 18829 
25009 41895 
88195 52384 
27834 13823 
31748 91068 
39652 48301 
1534 99032 
43888 15532 
20441 74907 
35776 80621 
27091 57311 
5679 42815 
56696 53151 
85862 46496 
74208 72812 
47452 42615 
2451 46256 
28174 83218 
58265 37131 
43442 38872 
8290 68164 
83454 39038 
82638 20448 
27200 48823 
39495 71657 
10583 12047 
56613 93807 
70406 10188 
36686 39853 
48480 9521 
52749 10243 
80923 94647 
27047 5492 
16501 15621 
32217 38888 
4859 7991 
27158 4655 
70608 80348 
91636 71208 
42406 2339 
3453 96553 
37574 67617 
9907 43505 
12224 50813 
81321 6021 
74480 25383 
98574 44822 
24123 60063 
18850 70374 
25782 65659 
84222 4398 
44832 21027 
86255 97245 
75207 67366 
76425 77809 
66586 23320 
16981 65068 
14745 39867 
99762 75943 
13340 83648 
21514 22821 
78003 10095 
93428 5932 
44328 63626 
79903 70693 
10186 21168 
6926 18208 
39782 77401 
54024 28304 
71967 55366 
45392 78797 
78528 14466 
85580 22118 
99527 19379 
43041 11013 
42266 28055 
70877 48695 
68000 54696 
68266 75677 
6275 64512 
28370 95418 
30628 61050 
88890 84015 
1312 34021 
11 25339 
30859 45790 
51109 62357 
56480 48098 
52403 57780 
9667 37074 
50618 12804 
57824 74216 
68784 1336 
55364 23790 
99448 38978 
82417 82975 
47849 20919 
68157 10064 
17036 31014 
92711 88193 
50435 45472 
36731 97284 
99024 28918 
912 5316 
60075 48019 
49108 31493 
42320 8452 
38145 78536 
48440 54661 
85058 79077 
29931 58669 
88175 52003 
61693 64184 
62328 18605 
4086 45244 
70456 85526 
68753 84907 
33943 61737 
81149 78747 
82263 40162 
37504 20407 
58863 41082 
86872 31990 
34676 84060 
29945 60779 
93246 27893 
15459 75599 
42193 93980 
32322 61051 
74583 67491 
41000 25940 
50716 52850 
61226 13405 
95992 45314 
34757 24547 
13695 68777 
11701 44849 
92900 21478 
66835 93189 
51186 65878 
38363 96972 
89417 96740 
95753 33726 
51595 22346 
85543 69422 
76634 97749 
74426 66876 
858 56120 
7485 33757 
20145 94489 
26067 29055 
48852 83563 
44598 49303 
19017 87795 
68548 71412 
47766 1536 
46784 37659 
63519 29824 
90706 30214 
22231 68256 
59863 97490 
63836 65400 
9131 62713 
55950 83327 
16099 66256 
47062 7086 
58942 67639 
4610 92344 
94859 60504 
44720 81906 
97072 34458 
69835 66450 
44397 51374 
18085 12592 
21572 90535 
93939 32241 
80809 56964 
93567 21244 
35451 40351 
60261 52411 
5141 58171 
5430 68305 
8575 15899 
8831 82525 
4700 69685 
68106 64733 
16127 82412 
2142 54312 
29551 22738 
25363 20262 
57157 68564 
796 60870 
60241 41284 
48610 15644 
81728 15272 
33773 44170 
7753 18217 
81592 11768 
80183 62257 
73117 10251 
11706 23303 
53739 33529 
13036 16491 
47774 22500 
27822 99430 
9445 91363 
85011 71674 
56369 48405 
20672 28851 
25531 28314 
91752 72890 
63678 60166 
2714 76030 
14171 5545 
92699 45565 
90567 14568 
85645 38758 
33530 64162 
88666 32893 
32155 62493 
35083 64160 
53395 26267 
7622 10841 
63973 63468 
44580 11246 
48055 23099 
27203 74897 
20883 5644 
70004 66637 
13703 63193 
87462 17693 
58526 56587 
90287 45118 
32614 78404 
72371 41643 
32053 95274 
85567 31643 
31378 10726 
63603 75732 
51924 694 
48730 46455 
5448 27768 
95092 90613 
1518 97433 
71375 39935 
7266 79794 
61907 31134 
26342 83636 
70217 48841 
20231 36213 
61931 10441 
29583 91747 
44932 70571 
65791 64408 
73886 34811 
33791 57398 
83483 37089 
15895 38789 
204 53333 
93435 96861 
55914 95153 
8106 92983 
28260 51595 
68119 18429 
62655 24496 
85606 53019 
88493 33512 
91211 18143 
28334 50584 
9388 14428 
12913 60433 
93652 35231 
57120 33607 
14878 51125 
22535 41672 
67714 67664 
90607 40337 
10270 68991 
97229 95602 
80473 73219 
34271 30491 
38825 42010 
6515 25451 
71759 6432 
43487 14246 
52414 93887 
4828 78941 
96347 66840 
85154 62542 
68556 13012 
19740 85917 
95168 58898 
15913 76811 
8230 13674 
86690 93092 
5282 88962 
42999 49788 
36714 81416 
8708 40071 
43405 49730 
58731 74015 
54728 65408 
44666 45765 
22732 67530 
64647 79719 
12144 5744 
54568 99369 
87844 12846 
26321 8660 
41517 8552 
55385 75012 
77442 99478 
24860 55630 
33720 6795 
65971 14251 
49691 22715 
96100 34216 
2938 69666 
44548 45520 
29933 11923 
73528 48480 
13291 48464 
47307 34697 
65531 97929 
75926 77193 
64346 71842 
61612 85919 
97623 20607 
5769 2265 
57789 28317 
92340 36786 
84528 27032 
49388 38015 
92524 98928 
4870 17103 
36598 35619 
94908 42909 
60459 27942 
53226 65282 
47259 66619 
8987 20424 
40246 44494 
46913 21573 
30017 64373 
38360 40667 
11245 73051 
34927 42230 
96194 61704 
27212 39390 
34972 95586 
10493 3788 
33157 61856 
66395 76049 
76303 53365 
65014 91565 
67808 38346 
15499 57540 
61691 1227 
44768 91540 
25100 78143 
63797 59256 
96668 52249 
88859 29747 
16343 18546 
21085 104 
89900 75694 
51939 28331 
17066 53170 
54414 53130 
56049 36122 
40221 72395 
19206 7409 
11756 98375 
94725 86561 
14286 6786 
67378 8785 
98595 49625 
67775 53630 
37220 6958 
14007 2569 
98476 11680 
22186 77500 
71580 93060 
53072 88053 
53521 49788 
30873 94585 
53703 81377 
17240 75885 
45920 77881 
48595 75857 
98898 92276 
48147 91833 
46429 97260 
5295 58668 
15998 58788 
74601 77395 
20881 42370 
84102 34984 
34825 4975 
58458 62618 
10719 15291 
56280 83900 
75061 88218 
92953 11543 
28585 15603 
70377 61348 
10045 24573 
63244 65643 
34959 97266 
17854 84876 
4017 41315 
3925 35666 
86885 9130 
22437 76392 
26321 25847 
13301 17255 
74777 757 
25482 50767 
71082 65078 
9154 30750 
88347 152 
64606 63176 
35872 94430 
35798 10553 
77642 95082 
67847 53088 
37886 616 
57170 94452 
232 74592 
10627 47771 
71135 47318 
95726 88292 
70543 12382 
7780 13228 
33181 17914 
1917 6384 
52365 98675 
37904 65428 
74919 94397 
63993 13047 
60548 52214 
22322 79749 
51938 16616 
92919 15665 
62892 69035 
5890 61505 
80951 90990 
42159 84656 
98263 89659 
11938 65451 
29842 42829 
47086 741 
51933 91328 
68612 77167 
94812 31409 
93811 54911 
54176 36949 
28858 94198 
43170 71934 
52156 51466 
93123 37364 
31344 69848 
25260 33532 
32579 89533 
57896 8603 
74568 7517 
84062 7422 
51783 23449 
53043 30753 
1413 18475 
15953 64391 
16793 27395 
50275 40083 
16440 80954 
61185 45734 
62264 14675 
68541 11072 
83148 63463 
27551 56774 
778 87028 
98432 9970 
73501 203 
75787 57131 
70906 14376 
11951 26543 
66969 31478 
20216 66851 
92793 70375 
23655 15642 
21344 46997 
23137 32567 
66034 74184 
94187 5224 
62620 94954 
86501 22803 
69608 13825 
92206 52483 
66176 44767 
69361 46585 
48637 51538 
55746 54722 
26541 16390 
84631 14480 
97726 36508 
19006 46601 
38012 14061 
53666 86225 
75663 75365 
95589 40420 
33375 27401 
22170 74063 
11238 35848 
34216 91056 
53007 87736 
65959 95949 
84943 84016 
87916 92214 
41625 92544 
40084 97750 
96328 80397 
62713 35615 
94930 35911 
49845 88584 
51765 85480 
36833 89775 
3446 7898 
47190 58451 
32408 49919 
66441 80012 
65774 50688 
81034 72274 
27084 89857 
18911 76317 
68577 84426 
55001 59508 
39907 72750 
99674 20733 
55513 40634 
71118 43455 
7371 64093 
63629 50888 
32419 66086 
62957 79417 
84684 10420 
27152 1309 
80993 85038 
46758 95841 
86111 58992 
21715 89173 
78245 32715 
44045 57580 
89098 39540 
55117 16127 
43974 97922 
54244 95428 
36931 58479 
71373 42814 
63559 37686 
80820 71059 
99708 80955 
25236 17760 
58299 51825 
39460 71512 
78376 1142 
12406 67244 
593 30314 
1803 52361 
61616 26163 
21415 77809 
96214 11355 
53234 73723 
70322 24032 
98219 28039 
80941 13041 
68278 98223 
49455 11003 
39505 51259 
3823 26495 
32073 45076 
92032 78729 
55727 35783 
94336 83384 
61479 19421 
5011 86601 
69899 94359 
35691 35690 
4300 61036 
51850 69679 
43142 59452 
91573 10643 
20165 81597 
31489 37588 
43017 86003 
58574 28687 
71570 84599 
78538 64787 
95653 68307 
41564 97384 
78588 87095 
94420 97582 
87683 2645 
74305 19145 
15787 87388 
44252 28288 
9005 52315 
32535 75675 
54847 47815 
79210 11932 
52392 96712 
11812 77017 
81406 86767 
69163 25872 
10953 71070 
67373 88102 
39643 99085 
55324 97737 
39471 28545 
38277 70683 
83123 48969 
57706 52080 
70626 81242 
3098 3541 
35410 4547 
97117 51118 
2126 1853 
39435 68865 
88964 8239 
16490 29969 
95760 92535 
84494 17694 
95850 2057 
11299 51765 
54382 52673 
19023 52297 
28755 51991 
3827 33035 
67844 2164 
21860 88403 
15850 40603 
21052 14748 
43911 41864 
67352 85161 
77992 21990 
60920 79407 
65137 57845 
62921 55715 
21796 58238 
56771 39589 
37758 1097 
49038 96297 
67093 81532 
74676 48307 
23587 99306 
8868 96720 
12271 51028 
3462 6606 
70947 82375 
59861 20166 
66046 98662 
22175 68768 
85640 28302 
24542 65156 
99146 83015 
54769 70518 
7987 61064 
2772 47593 
94448 95384 
46764 30631 
86935 57159 
92756 65775 
99067 87198 
23649 1317 
67263 42433 
33035 36261 
6930 12910 
15803 67793 
30891 85829 
62764 13480 
25327 7528 
59682 22408 
58318 21723 
22512 30983 
3978 42903 
10051 63734 
1189 57455 
42864 27219 
30124 31920 
23026 96007 
82029 47720 
93092 43730 
18141 74751 
94683 29298 
62138 42456 
87146 8656 
47224 66277 
65009 5818 
43673 39849 
69255 43434 
25628 8852 
21957 2747 
96937 1132 
26376 55598 
85000 99532 
65367 86962 
28878 8782 
99781 5547 
33305 85910 
15523 22080 
33824 74779 
93027 60194 
19872 9708 
76115 53178 
92470 30562 
98594 71372 
91069 82254 
86362 19612 
10120 55317 
90443 41895 
40128 60992 
22066 71291 
10214 24245 
54757 67159 
79624 21168 
30374 88828 
24155 83443 
56151 65182 
90145 41821 
7986 32941 
43435 83052 
61593 32963 
23642 50237 
57607 73494 
25098 25291 
69311 92061 
64997 93988 
82388 73582 
66539 9043 
14961 11273 
80314 34711 
3123 29037 
90663 77611 
52302 19319 
5449 82762 
7978 88746 
7419 1301 
30664 45401 
53297 16881 
69505 6191 
42718 51464 
16456 50551 
43350 58024 
88723 97568 
50759 47637 
30999 37641 
82045 91476 
51006 6911 
50776 84433 
1928 52951 
47411 56420 
3577 3582 
54217 69807 
50451 17191 
56537 47068 
89339 62544 
73379 31348 
61708 48862 
19375 94525 
96839 2781 
27509 72242 
10522 67843 
7389 23500 
11106 84278 
87380 83527 
39774 92105 
90575 3028 
75150 88942 
24379 44304 
13706 65436 
21360 35326 
96869 35847 
55099 66532 
93382 79062 
68892 51931 
61139 6216 
97462 66044 
6601 75075 
32252 11266 
31859 78502 
79390 66443 
9506 44529 
86089 16761 
53699 98986 
66033 67488 
62167 58120 
37195 99680 
88333 38257 
96580 34647 
65405 92333 
95549 35799 
44914 8989 
46653 91428 
31112 38933 
88325 90053 
89559 45388 
57314 21141 
83344 10719 
70397 8328 
43615 69703 
96698 9736 
12439 81397 
9851 500 
5455 96205 
45278 86349 
29446 22498 
52012 83893 
55592 48001 
20788 43195 
93110 25198 
90517 81282 
29860 87093 
83820 41462 
6689 19961 
98934 92577 
70432 83069 
90099 34833 
6871 31872 
1451 84344 
89446 70806 
80464 67283 
92046 34562 
86156 66292 
5001 72592 
24567 26790 
62208 90620 
89404 48863 
34279 85041 
59303 61600 
67755 91364 
4812 1087 
53579 56205 
87986 90689 
89439 33887 
95380 52813 
60008 3268 
31295 65061 
96745 98247 
12254 10476 
94615 46207 
45994 61524 
56959 12705 
48662 80545 
11705 57828 
52447 15577 
92191 19893 
82517 19770 
4139 55543 
36949 25067 
6617 81808 
86221 56389 
19340 85302 
19880 81232 
31213 86523 
7175 51435 
25809 73053 
5699 8791 
58235 44501 
47518 94262 
14897 44135 
55799 21713 
62718 87408 
96595 51463 
47597 35981 
50236 26304 
33265 7309 
94699 13294 
81137 54535 
29343 28255 
59377 99146 
31569 6757 
35119 49759 
31251 25300 
47600 94380 
8182 69479 
81990 10635 
66330 92100 
63752 98698 
15348 3532 
71599 5045 
94568 89031 
23502 71659 
7625 53328 
24601 14918 
96893 51473 
78551 11195 
76061 76733 
54487 42038 
56476 41287 
70696 30826 
48296 3545 
3002 84908 
91003 67075 
51035 42511 
69523 467 
98702 12049 
1953 4899 
86585 83002 
42830 86721 
73440 82134 
31889 76085 
1562 46601 
32442 69450 
96524 86346 
45773 63748 
25618 12217 
58371 93035 
11332 13348 
77339 74689 
46267 77599 
36003 21477 
84129 62257 
6510 78301 
87792 38648 
39115 97981 
99872 54015 
58905 79116 
63886 76691 
89860 50892 
64756 16543 
43430 4654 
76295 41615 
4230 40101 
269 44071 
68983 15188 
56727 43745 
46501 63092 
38524 56038 
6276 67093 
74296 92355 
71185 64741 
53632 5942 
85800 86395 
55768 43714 
56014 20033 
88882 15550 
47941 34176 
90867 46547 
54449 83818 
64493 34831 
86273 70476 
19910 97800 
21247 26759 
75705 53032 
50030 48320 
26049 46615 
89597 1606 
15972 11267 
96780 94523 
79359 9383 
3343 8941 
85027 92015 
11321 58911 
5064 83790 
32798 56532 
66581 85925 
31802 38594 
73154 74721 
27684 31438 
85418 61308 
49104 8932 
31656 69939 
85696 28999 
78668 86711 
70469 17847 
30837 28407 
40214 7869 
40998 81967 
63424 25099 
10587 69159 
95683 65209 
28508 98106 
20989 93189 
48263 73602 
64158 51202 
31093 51523 
14203 61517 
89257 39142 
81559 67015 
48023 62785 
22972 60435 
7544 47026 
7123 15358 
26533 75481 
61261 46850 
68484 32293 
34587 97780 
48155 55493 
37642 67991 
91145 68715 
68607 77834 
72592 96083 
17221 85012 
32405 6629 
44936 54260 
73870 79193 
75942 13046 
40109 26548 
97877 13333 
28560 68335 
63311 59364 
47532 96433 
3514 54492 
40809 33478 
14527 66281 
6433 45537 
52256 8423 
13970 33304 
78054 90436 
80944 92679 
29192 91707 
3577 5245 
49648 75101 
49578 91882 
5789 67198 
11449 38672 
28844 97156 
87614 83217 
71425 4253 
5670 31640 
38930 95367 
27120 61792 
58305 57964 
76224 56569 
76420 11605 
16889 2732 
38248 11536 
61049 85266 
81038 1660 
29546 5075 
94870 50938 
2263 48658 
42230 97276 
88097 42458 
99683 65979 
17350 31654 
83231 26052 
9184 33485 
45624 96956 
95051 28494 
88677 20859 
85306 69670 
16521 70989 
50735 9007 
66811 75393 
53282 63846 
96020 97212 
1017 71146 
62265 27534 
21214 6930 
44497 14947 
42384 80201 
60462 77115 
51218 45933 
97442 13996 
43596 20083 
49632 69783 
20189 21107 
63866 71211 
86630 7057 
31477 3552 
5861 25122 
28220 72457 
15930 41331 
96477 39721 
70440 72157 
84356 14135 
80730 96877 
4879 24776 
39060 89805 
55038 3381 
80213 74889 
39367 54932 
95338 71672 
75521 1102 
46280 71248 
20429 39944 
41289 53572 
44722 76979 
23677 33414 
449 47833 
93871 1195 
72478 70576 
32271 7105 
77527 37169 
15419 22155 
76433 77701 
21214 98175 
95045 8547 
241 40295 
7043 6164 
49782 70 
18005 31901 
64637 95144 
4239 70054 
54644 62263 
2136 31293 
12605 54418 
14247 16701 
88321 45 
96806 33822 
74507 52458 
20084 5443 
38622 71076 
47738 14288 
40952 92490 
64252 82346 
63795 69079 
90558 92260 
39167 75597 
67142 20025 
3183 10067 
51176 63173 
24121 44302 
69654 16691 
48132 11500 
94037 70120 
81668 53643 
53570 73581 
82931 89756 
84234 47947 
65967 7642 
18174 94895 
30537 26308 
54519 96326 
18459 24041 
16645 79400 
62866 78005 
93211 63419 
40655 15212 
80743 97822 
60392 31835 
94028 46784 
18004 98132 
87290 75181 
30853 29569 
33856 43176 
17107 71293 
44978 22203 
21794 12676 
69467 3854 
3545 21466 
5000 84951 
86735 62899 
69202 77069 
52581 48187 
24046 6812 
89733 38878 
20644 44344 
50005 18869 
33149 21994 
58078 34221 
80282 82208 
5394 92423 
90922 24653 
17918 7400 
56191 6015 
25033 74283 
24689 82807 
72564 58876 
39745 77481 
16788 90724 
88031 91170 
8233 55835 
27369 82605 
24181 95364 
88250 82055 
37022 29927 
98356 11581 
11931 45742 
62291 38467 
11840 98402 
39763 97369 
50238 12856 
4613 78557 
73102 84031 
34389 94554 
70064 11562 
75538 5545 
11922 34199 
52873 5129 
86686 64720 
43590 42280 
59585 64575 
15909 82859 
13783 38968 
40342 94556 
38064 77724 
17595 72844 
15312 15037 
31284 12346 
31337 32082 
25949 67947 
67468 80472 
31223 43071 
62281 61661 
1583 88699 
27951 57671 
17746 96064 
84904 71881 
571 18354 
34849 5117 
21242 62364 
26678 61933 
52515 49701 
82372 54703 
95017 58970 
40745 49038 
29826 25307 
45713 73037 
93999 91714 
52755 95018 
49242 77799 
52309 59621 
15568 55882 
12107 60557 
71593 1852 
21751 19787 
81010 18719 
82354 37535 
90828 14511 
21626 75289 
61123 52977 
30542 34849 
28323 85489 
11546 439 
74479 15625 
245 18087 
73483 44079 
72628 96672 
11874 90879 
78064 28461 
36658 94332 
44704 43441 
65460 41678 
88353 31382 
5383 95125 
18508 88326 
66095 38763 
75944 70074 
19958 86777 
55122 64245 
57413 61482 
61624 24610 
9388 70836 
29938 46664 
60135 89475 
80147 1766 
53700 74691 
23400 88695 
5142 29377 
35532 6086 
63640 57651 
5801 96972 
38808 45670 
33415 67539 
93784 40112 
88389 36190 
29133 89839 
75231 26168 
30062 62479 
38059 75209 
26172 46961 
23978 99116 
17720 5467 
77885 12603 
55280 43878 
76341 80426 
20738 28421 
20768 44552 
46701 88085 
923 48996 
28706 7308 
8461 62967 
29996 31476 
27380 85090 
52193 79009 
53231 96727 
46844 78092 
96186 20786 
72603 23558 
4438 33938 
60721 80015 
3833 74758 
37556 40968 
87285 88089 
66976 90535 
3197 46785 
17793 4279 
86001 96005 
31819 68744 
43864 72365 
66621 95484 
68742 60480 
13741 54691 
62160 62844 
47933 55950 
76451 75484 
45867 59243 
55667 81428 
23788 7996 
22961 96842 
82784 37786 
1976 30490 
17597 29262 
78600 46260 
40328 41914 
6458 50548 
93907 86498 
34561 61606 
81875 68243 
88803 56310 
20811 60434 
70307 31315 
29625 48485 
43109 60180 
6002 18356 
71277 75838 
4421 49941 
31264 58607 
22473 16036 
69153 63998 
22595 80526 
94420 81673 
64893 35649 
1959 77157 
3372 17493 
92286 31316 
2670 91334 
16258 59084 
65342 3983 
5037 58566 
20708 59014 
58706 14412 
15515 82538 
57588 55194 
63887 12147 
29238 43579 
59477 59731 
51001 60163 
26276 70016 
93145 27133 
86161 21046 
10802 6266 
51094 90225 
74305 97306 
5749 40139 
86949 57358 
32427 62028 
76848 59738 
44221 51645 
65245 11542 
34740 82133 
7500 53244 
23066 81647 
74944 70740 
71168 19629 
95891 60515 
77671 54960 
2319 1998 
6629 1661 
35078 7644 
92905 23369 
44960 40954 
76757 76517 
89556 15365 
59410 83963 
66563 12826 
38682 35742 
43024 89901 
79120 81700 
36989 71335 
94666 1940 
83165 66306 
73513 15348 
67337 80942 
54605 13891 
45714 42196 
73132 90947 
74810 92796 
28435 65637 
