56355 53378 
86460 92629 
98005 44409 
47929 17497 
5017 76827 
26482 13115 
9642 2347 
11902 16162 
31064 61871 
50611 81138 
78325 51380 
64656 34760 
55035 41777 
59187 93861 
63942 20810 
53685 41497 
65776 91680 
5063 61582 
81274 32602 
51822 91012 
37870 94318 
97608 60109 
53268 88439 
69783 57100 
16956 98512 
34050 70479 
77706 27832 
19696 34221 
70180 83256 
11687 25187 
17014 82679 
95624 39475 
24062 65326 
99485 5048 
45997 78638 
62112 71648 
37031 13288 
72565 55847 
17248 58745 
66747 8992 
78907 55803 
38107 18908 
29010 29626 
17781 52371 
14579 97108 
6179 94726 
5246 55727 
92802 45416 
14165 77582 
84014 83805 
22694 51929 
69487 28325 
36898 42269 
97241 73831 
44660 49958 
94445 6956 
61018 5261 
66594 67346 
46327 38961 
31172 43850 
56939 22824 
93613 69028 
41333 5657 
53121 2822 
25936 13164 
33844 76754 
44399 24440 
72919 3765 
51643 85719 
61071 45558 
29753 72831 
23735 69307 
36607 67871 
51076 18638 
70136 72672 
33818 69955 
21180 41963 
38458 44558 
66144 82442 
60221 99379 
7001 30519 
25019 24771 
666 91103 
72728 36465 
32342 92556 
43232 60611 
78203 88844 
3995 75787 
71580 18867 
3310 93900 
33817 15138 
6926 33123 
56064 39187 
77396 60297 
21475 9481 
85299 57686 
38642 79118 
99373 99550 
16571 15223 
88650 7668 
49100 29697 
83832 91767 
92367 11858 
87442 70779 
12812 17522 
92692 13866 
55145 76194 
69528 36397 
29824 88301 
3010 35336 
47807 97764 
23923 50971 
36673 41731 
54472 97453 
56718 98891 
2904 13333 
98184 80589 
80102 45085 
81536 34779 
78450 91539 
1529 61929 
48693 5239 
52801 74040 
34046 67899 
49791 63279 
72477 31479 
7053 85030 
57850 43820 
77323 1720 
58554 58357 
54241 78395 
28256 61114 
34149 68746 
7589 35007 
97187 81219 
7863 21411 
11683 68790 
88304 32034 
87873 43152 
86858 10305 
7026 74309 
41260 40833 
30318 99924 
41839 57892 
48114 35323 
90471 9503 
64808 44626 
1088 92329 
26968 6286 
66345 84460 
93240 82151 
32312 68055 
13332 78197 
68475 51928 
30361 67191 
93865 75318 
45947 28820 
21797 98415 
90652 51165 
15473 62652 
23735 28933 
4633 34342 
45626 88491 
99462 28932 
44159 67462 
52118 49947 
11310 77575 
58532 66664 
61019 83420 
63558 97608 
50681 36913 
31059 63137 
58956 17525 
67198 19740 
800 41698 
39970 91081 
66929 21393 
20945 66385 
59444 71324 
86190 45487 
57919 87201 
52548 71647 
90964 43174 
92681 8195 
7153 85692 
67749 83119 
36166 33081 
40086 46932 
6074 25447 
79927 63428 
35960 7860 
60004 80411 
54363 71273 
39752 8046 
3559 20295 
76896 66139 
77248 84635 
68352 48516 
4970 41977 
14651 92581 
40385 73994 
22526 35210 
32574 34373 
8815 82320 
59564 67963 
45503 18792 
81536 83535 
90517 37840 
27516 49159 
81778 74496 
63815 48818 
33085 86590 
5079 11642 
59521 38379 
19553 1016 
77389 6965 
48986 29837 
69095 49682 
10591 50295 
76904 41830 
73561 51834 
91187 18445 
5889 89321 
28538 31254 
68551 54937 
53070 62505 
93613 1966 
80210 21069 
20407 26375 
16507 83032 
79652 12990 
31211 28913 
9232 57054 
25827 72738 
57331 79087 
66366 74383 
78702 61241 
69672 75891 
58096 46682 
90001 4957 
1197 60079 
34935 44292 
17911 26876 
50735 74305 
85420 91802 
56418 58339 
19168 62923 
73120 54641 
98776 36576 
90705 7326 
92847 90638 
37136 89759 
1758 68822 
67777 48126 
90699 17116 
71557 20387 
16626 74926 
98888 86375 
62228 68163 
52206 38500 
77625 99238 
44208 49326 
96225 79823 
21122 52240 
35029 6228 
68757 44493 
11628 34390 
67636 68075 
10256 71703 
40137 23234 
7463 66308 
37393 21839 
24334 40977 
46586 93413 
6650 88329 
60314 15301 
46978 16883 
38867 50284 
53416 13345 
13540 39894 
38541 65503 
24507 19725 
49105 72256 
60343 94253 
82112 52538 
67896 32985 
36127 53295 
31049 27192 
28020 48172 
74775 77060 
64832 13172 
36963 62774 
98014 63353 
64614 89863 
3064 35448 
33333 89105 
21379 5357 
59409 94303 
73159 36524 
72354 17495 
262 65542 
42398 90433 
26158 44627 
12234 43627 
26464 77174 
65230 49808 
88004 2197 
73336 67375 
96975 6218 
7089 81172 
37471 67060 
57414 52914 
505 62985 
14291 61642 
619 12769 
70954 35755 
72285 47526 
73874 52516 
71509 53521 
18641 8352 
39403 66661 
99694 43836 
93971 44028 
57960 40925 
3937 85540 
34543 96873 
64175 29731 
30961 19128 
36154 1616 
96799 78648 
38769 47762 
14181 5213 
75038 53932 
25143 7647 
58365 4028 
52764 54326 
58415 5605 
99824 54858 
21122 76813 
69777 42580 
29942 62401 
44028 69283 
66201 22300 
66739 88536 
95215 15288 
33834 22058 
51851 82385 
56393 74744 
24280 19868 
70291 88320 
37905 20188 
93717 978 
22797 50560 
92126 10972 
7430 33640 
96203 25806 
19126 92443 
32593 15470 
87318 22551 
69413 78139 
39610 58642 
48995 69789 
52572 9535 
78835 45397 
69306 46146 
78375 8701 
24052 40195 
34046 69932 
20439 67947 
97902 66505 
94457 12945 
76201 10348 
55847 24404 
93471 87349 
42292 13874 
84865 49365 
39671 1702 
65023 7290 
18601 57037 
45204 54861 
12570 10312 
22104 27230 
16227 55552 
41549 25730 
13710 1340 
48191 20862 
56360 73920 
68346 79208 
96815 23651 
37274 46782 
52137 36928 
74512 61300 
12521 9660 
31237 58885 
34080 95553 
82217 86941 
54318 2685 
11538 34214 
47104 75235 
46090 41552 
90330 63748 
23707 62375 
53890 56926 
43887 614 
28219 20713 
38180 65675 
4374 66297 
14621 48901 
85450 47665 
75982 44124 
56124 71496 
85176 6030 
62216 87392 
52774 64431 
55361 14852 
51417 89944 
39256 54902 
19782 37145 
13401 28903 
4820 74992 
47859 84823 
5129 51074 
38281 12151 
20625 26229 
84298 10603 
84065 59126 
6327 64935 
48534 16582 
65979 88402 
31639 34723 
83439 10803 
71978 58534 
51555 3544 
36310 42900 
30853 53777 
26950 6943 
72271 22444 
78011 95265 
55147 46908 
96439 14663 
46829 77888 
99198 82934 
87263 72508 
21464 47586 
77000 560 
22386 6593 
291 59439 
94736 90758 
46284 34703 
92682 47831 
811 87875 
27958 2209 
68862 812 
48858 50871 
53530 56895 
8781 96128 
61115 93242 
51442 8853 
23993 15330 
88424 62034 
32977 25626 
21376 73807 
49140 81224 
65989 51586 
21372 61991 
67737 34449 
70458 331 
60469 89654 
13030 96470 
8039 30949 
89503 19005 
86481 91315 
28912 69483 
9644 809 
30567 71907 
74721 91400 
67544 33305 
5780 74989 
20229 9896 
3181 18237 
29498 4879 
64692 68427 
18588 18498 
30117 68227 
70301 68796 
15446 34088 
61919 2356 
44803 62905 
54038 18309 
58882 74685 
1529 36044 
77083 95107 
4900 47287 
17261 31216 
48577 6623 
31725 95908 
78965 30988 
1095 92449 
59619 98358 
38611 78945 
3455 58548 
96688 94506 
22653 94959 
34761 43791 
55754 5084 
2903 4679 
28421 99752 
19219 45004 
79437 56281 
70672 8622 
36734 99167 
46814 58494 
59586 23370 
23757 45059 
72593 19932 
51804 1855 
4653 11394 
64284 57149 
11866 55368 
17431 90301 
7143 28623 
91570 54643 
41285 61164 
32390 34835 
80369 50045 
87745 5990 
2531 46043 
238 14311 
93558 72799 
48698 4509 
55179 7692 
92757 78018 
52569 26446 
63852 77788 
18252 89347 
63273 60420 
98488 25975 
73297 34438 
75169 57441 
60972 14714 
21361 80430 
55782 67353 
51841 25680 
12204 96820 
11343 95049 
26087 57604 
2680 75966 
59804 56470 
94516 29797 
45300 48117 
64295 51530 
76444 17014 
25649 2212 
72494 81277 
61630 22684 
93028 50597 
35158 47409 
11346 19590 
76323 50579 
8149 80347 
52547 73183 
30187 93550 
12033 99355 
69624 66205 
53579 73060 
59020 45849 
16522 72076 
44115 56051 
3445 85211 
92008 66073 
45239 70843 
15866 8756 
93213 10112 
48954 35024 
76185 6474 
80557 20807 
91798 24839 
74289 22805 
10817 8136 
25300 13139 
60738 56894 
77077 9816 
20759 8334 
10788 59824 
4034 5441 
40563 24788 
25082 3629 
96614 65249 
50320 22865 
54768 19019 
7933 16494 
75778 21429 
89625 94515 
50661 20924 
11255 8680 
9394 2091 
12003 79547 
39403 40065 
62381 21502 
77612 75176 
20287 748 
85204 14781 
21268 43422 
87779 40395 
14235 96222 
65287 22579 
57127 30320 
5839 23474 
68336 70849 
95484 97406 
89215 28854 
2003 83748 
50539 10390 
24984 22957 
51569 78287 
26701 16720 
54170 46138 
28736 96155 
66430 91182 
57821 58243 
40314 83002 
51034 79947 
36132 38350 
85267 21960 
12902 28912 
78798 89543 
88220 88439 
23836 26641 
73795 88448 
48057 81263 
33563 77564 
70446 95060 
30124 8566 
12166 38104 
22229 9360 
46711 31051 
51135 89322 
25255 71198 
6875 10852 
92900 6387 
96826 97488 
19438 81269 
48447 94533 
4273 14121 
65637 45940 
79297 49263 
23917 2037 
25837 70019 
33441 26716 
42146 50261 
20859 29806 
46505 68753 
81129 10634 
77604 9839 
28599 62131 
58706 26457 
33034 51360 
24982 47004 
60733 61966 
74434 66324 
53471 56810 
92011 72844 
68749 94900 
13775 28859 
73644 15791 
43412 39046 
31551 86682 
6905 13433 
46211 92761 
32836 55411 
30614 39686 
75600 82794 
49745 28597 
56685 20504 
45578 58710 
85246 87152 
90375 10266 
33327 34595 
30001 61497 
83390 89501 
72867 97297 
36226 89015 
52076 74370 
65828 98801 
38406 17930 
34502 51079 
10055 38369 
36258 42673 
91350 72836 
19427 88710 
57151 76285 
50508 36238 
62230 9312 
20387 3908 
95686 95981 
61360 28752 
79235 53826 
38820 69203 
25249 30384 
4972 34661 
45480 15806 
53635 86234 
54629 39548 
94935 80738 
44299 571 
76650 10592 
12289 25174 
14959 25925 
19844 94287 
61540 12074 
15148 32973 
26223 35524 
5237 8843 
94832 64478 
80435 43276 
30383 16384 
95567 99532 
22445 84090 
90379 75266 
54282 44728 
87971 93435 
90302 61000 
44509 55229 
47343 43235 
36084 91396 
2531 52380 
59314 24227 
7694 89060 
91113 31471 
25755 31884 
49 85554 
78020 59387 
26800 26760 
93008 14284 
54429 17400 
77161 46193 
70557 15487 
85777 99510 
83002 1087 
58475 96842 
88006 86245 
97690 5210 
5946 40285 
10987 62154 
93225 66275 
8369 81991 
11062 71582 
44323 58596 
81939 85687 
20961 30469 
92741 91822 
23461 76227 
9939 55495 
41857 64272 
56646 52573 
44310 89047 
63981 22381 
6131 88136 
49895 97139 
66122 49376 
97444 88049 
77193 85240 
1508 40500 
41776 72926 
27999 6091 
74189 32914 
82872 17561 
11918 46181 
19567 94225 
5653 90857 
23003 50114 
54006 12746 
95825 24823 
12936 31023 
38358 7893 
2251 20292 
57521 81600 
51917 3295 
61980 64128 
79478 34752 
879 95366 
66520 56102 
81722 70961 
6925 53392 
59341 96721 
32547 56106 
22327 5150 
82994 73408 
15928 48598 
75351 76123 
31130 59421 
46968 97687 
58472 46534 
89849 45387 
52144 79875 
68708 84379 
74993 99557 
16414 81327 
98293 74839 
30356 71902 
11487 29595 
51133 46977 
56568 45542 
91041 36044 
39385 52277 
93973 3172 
85858 14026 
50626 60792 
4953 27038 
63355 49662 
92233 48658 
53490 29517 
57896 89394 
30656 74294 
91440 12651 
98376 68181 
81435 3309 
53158 54393 
93372 85985 
45320 97183 
71120 96510 
8946 79489 
68293 36105 
35658 73500 
34641 66670 
62298 89529 
79559 37800 
66158 29755 
9916 71330 
13047 47711 
92625 67647 
83262 41854 
23704 39463 
8464 92088 
95090 23412 
88470 81840 
38020 67560 
21151 35076 
87548 43802 
70888 37594 
56613 88142 
21484 5012 
30011 28950 
7929 6029 
88781 23573 
98094 48894 
53674 87034 
215 91417 
92774 63075 
4929 40456 
72778 57413 
31673 65492 
46060 25838 
38396 62709 
56349 85676 
70850 70966 
14723 98104 
73100 59088 
44564 50988 
54460 75099 
19247 57122 
9703 72358 
19527 71134 
19180 4964 
18968 19873 
13410 15401 
65203 35637 
72708 21050 
62436 79442 
46608 43042 
76289 42354 
20104 10843 
75982 16929 
24157 19046 
778 37938 
86424 9022 
87729 1804 
44870 97419 
25994 87548 
1662 75909 
9330 18576 
77682 62179 
42846 24208 
39028 90832 
22689 82686 
6024 94703 
48082 53198 
22553 42007 
43939 33503 
58929 62824 
69305 11875 
45068 19619 
61929 17307 
82374 50790 
22508 10311 
62542 43709 
73506 98177 
29381 74250 
36905 3131 
55820 83534 
62839 59641 
72386 49390 
6819 67958 
75759 50018 
97055 85002 
66399 10366 
55392 90838 
12785 67954 
35464 29217 
16464 94179 
19879 84056 
56890 59584 
74621 20235 
27944 37127 
93302 86707 
39073 96205 
76509 52667 
43126 51969 
82220 23438 
70257 99438 
52088 61684 
92694 79963 
65386 21738 
18679 98804 
97497 90051 
15556 36887 
63050 13171 
91787 77242 
5158 86155 
25551 97217 
51684 68935 
13647 61218 
97057 95946 
28563 85575 
83887 45153 
13876 37053 
52466 36673 
18535 69603 
98235 38271 
69130 132 
27364 65294 
5919 73403 
28847 75964 
63139 68603 
87836 79472 
57070 55676 
49428 93933 
56334 18242 
4706 14024 
48092 21703 
11560 73991 
81053 20096 
81671 20740 
61668 63320 
61996 43825 
3361 87558 
14204 44433 
80371 46007 
48737 63817 
17492 64518 
1492 33141 
54991 87252 
50645 51338 
63931 11219 
58668 45340 
51376 95314 
90369 17872 
87149 69467 
1613 42092 
4314 62539 
15334 19391 
74007 13834 
1588 76994 
31966 32363 
56578 45353 
38851 20493 
31957 21818 
89373 84135 
184 96724 
46301 10329 
54278 90762 
64535 4925 
31091 28408 
87764 47960 
16014 51159 
45606 42427 
34033 56475 
52677 3316 
57147 33572 
12692 58116 
61376 55588 
60492 7415 
47937 79150 
32785 24804 
2634 97006 
44441 58972 
5120 87126 
61343 37713 
15400 2563 
3059 63483 
58783 50371 
79034 33236 
2490 15007 
60523 11437 
67199 91875 
17154 34496 
45039 10099 
1786 27270 
1889 40053 
50245 67872 
26331 855 
73549 45731 
50158 5767 
59413 19606 
6123 9314 
67065 97282 
7396 48954 
94880 26654 
30229 6249 
23806 9177 
56385 47751 
91272 20910 
85127 44181 
30008 53866 
55903 8003 
14163 70941 
32360 34104 
91093 1352 
85863 76055 
41392 90388 
82494 41312 
2005 57160 
21276 42706 
7667 7154 
93398 710 
54465 92541 
32290 51226 
65969 12538 
2610 77003 
47157 98560 
32580 47319 
44283 34440 
28559 20162 
89871 20715 
23342 33933 
1154 3790 
407 91541 
17609 55706 
5170 18788 
8594 8338 
1276 61051 
55676 17024 
55075 67541 
15864 52939 
34620 778 
1770 977 
90909 450 
72623 70480 
48524 25422 
16082 9803 
70468 95447 
14985 52593 
77672 54976 
35428 13512 
97531 85505 
42984 94286 
87776 99999 
52428 57093 
32107 63184 
42963 71639 
32207 94911 
25744 44733 
27148 30255 
33416 96698 
55611 29672 
12393 57680 
39008 55287 
37783 18721 
4265 55247 
38154 87398 
83893 27096 
12717 65905 
27950 63254 
47081 90650 
37586 16929 
85349 46736 
83090 65171 
96145 98157 
704 87294 
78054 55107 
71942 21502 
86002 33459 
76754 10318 
24242 48343 
77586 96298 
43933 23635 
35253 83513 
3680 92275 
79490 37402 
99939 8514 
57176 55866 
50877 92493 
59412 7841 
22028 80018 
85008 2113 
15027 55941 
32408 18721 
1708 8278 
24649 8116 
75047 51968 
62711 39045 
5686 36167 
71447 55212 
38202 66996 
49235 82825 
34811 48884 
57632 16440 
75860 71939 
90493 98886 
56256 50240 
43398 2522 
74865 46506 
63673 13760 
99974 2270 
98916 20504 
8065 29542 
77645 3040 
35419 9833 
49533 32935 
52500 89540 
84675 91606 
69581 56822 
81429 30487 
8767 34463 
60589 8109 
32312 25633 
29994 55890 
79 5023 
88175 44086 
39995 56539 
98190 42087 
54536 20548 
3578 93126 
53546 28592 
77166 52495 
99115 71593 
90451 70449 
71773 68715 
66393 36266 
18907 78416 
31637 38311 
26116 20611 
15581 36423 
60105 59481 
53136 87612 
67767 30129 
35644 13786 
80266 79103 
20137 51103 
63200 28743 
50978 74563 
74361 68405 
69865 48578 
39119 21758 
90327 14494 
30129 38705 
91018 89453 
42845 12913 
38485 17451 
91241 31480 
84562 83106 
9148 22000 
96119 71377 
31814 74054 
65643 32383 
49553 77149 
19959 89451 
70759 35141 
91377 10656 
5123 88418 
40641 49385 
79503 99393 
24304 47815 
28745 34331 
80453 88716 
61593 5083 
66247 75600 
87929 17996 
18253 19019 
7690 14078 
22359 7655 
4130 74458 
73833 46900 
54482 8222 
80114 54691 
69627 35912 
8984 14681 
1023 31293 
13015 157 
7950 86428 
67531 98652 
61013 20660 
43776 86805 
68897 62824 
1609 27795 
54540 97778 
26750 89540 
74128 83330 
56439 10861 
67797 11678 
34374 74946 
54381 10677 
10866 84690 
34288 54573 
57375 72879 
44299 81262 
95944 21676 
16041 93736 
53532 10516 
25906 57021 
38806 59248 
88341 88781 
4736 84255 
36731 81654 
4108 39285 
56504 88493 
67125 69851 
83607 47845 
30295 70321 
58200 26344 
24060 96179 
28148 7112 
82976 50467 
29848 58841 
76698 33024 
34937 78930 
72646 13911 
40592 15836 
31940 68272 
98425 40775 
9043 88903 
22379 56955 
72515 74911 
89565 5713 
89399 80116 
49653 53267 
18958 93217 
88192 19194 
42845 13257 
47177 38357 
18260 78527 
92170 31672 
78241 4844 
29505 97912 
18951 89977 
19316 28714 
7699 45017 
616 92000 
17371 20619 
43121 25218 
43059 6289 
67224 29144 
84918 94273 
28280 55389 
87585 16112 
44282 36363 
11014 79538 
57049 15116 
70147 56173 
56196 94294 
21569 96333 
62448 38393 
94161 76281 
62268 31563 
57706 15363 
9312 14408 
98538 35758 
59867 97518 
24509 75906 
89227 76964 
52926 10219 
43873 57486 
44566 72300 
20346 22857 
34490 26620 
25878 79683 
76067 84537 
68114 40854 
58520 14485 
41685 7926 
80221 53339 
27912 57914 
60106 86185 
600 39271 
47768 25115 
35637 34295 
49168 84171 
55055 50747 
19339 17188 
97230 64184 
86095 58041 
94050 44293 
59439 78681 
53180 63486 
50258 59345 
88961 4060 
68812 47459 
19002 51426 
98674 67005 
45202 85222 
44960 28503 
67713 57589 
37066 81252 
38269 78410 
25575 44128 
45332 11053 
50613 48961 
37689 18945 
74656 31415 
35395 93245 
66621 8284 
47373 34982 
96069 87261 
13530 61162 
46418 65464 
15898 53722 
84326 86429 
58081 72606 
28705 41720 
95237 9826 
47340 23000 
7812 70064 
71655 53107 
51445 25171 
60919 50602 
82711 4878 
66002 11221 
55820 54093 
39783 21821 
8885 8344 
16413 57656 
10056 13257 
34842 52177 
13597 41385 
13379 70099 
83898 40286 
91526 59054 
81427 79428 
42915 2947 
68825 50307 
28916 50984 
87596 14144 
6317 50350 
76268 84533 
24451 67665 
49457 78668 
47258 44555 
33875 70038 
13970 96110 
62172 27961 
8472 27454 
58354 34865 
41860 13314 
9593 30942 
65304 58221 
8394 47593 
21073 30835 
66355 56037 
8386 44932 
46190 75523 
87778 41671 
32206 56775 
72706 13052 
61079 80606 
60412 94832 
64584 89093 
35334 48684 
33809 97269 
37900 47996 
457 16965 
29076 79479 
44957 61269 
96807 73631 
83444 88011 
44312 81077 
56008 83719 
72179 18989 
37230 85731 
16294 21989 
16606 89426 
31865 45350 
51294 89986 
20164 84807 
76512 63687 
79048 96908 
69957 2383 
20957 26615 
5758 76674 
42782 74698 
784 18200 
50856 66527 
51531 79553 
41289 15945 
83329 51492 
10969 13197 
85300 91484 
27775 4232 
84264 45009 
19884 70238 
18697 21634 
53544 60872 
9897 21589 
56274 82404 
91664 95341 
8164 92885 
52083 58642 
67823 10445 
61402 78585 
21460 97953 
8571 92378 
43722 47526 
45604 19888 
37090 51765 
43775 83423 
73021 15083 
98523 53801 
92479 28123 
81003 454 
36086 1032 
23366 35100 
64872 27212 
42146 3500 
1433 28200 
49536 97849 
68269 12426 
75861 33550 
25211 65885 
28249 58462 
11013 81123 
40239 40100 
75588 22419 
25021 6903 
48794 19726 
30998 3295 
29310 81637 
12559 55170 
92834 18541 
71198 32288 
12706 71149 
92561 37202 
58022 46683 
3506 46480 
84394 75276 
99947 79344 
60759 12517 
51020 71250 
81955 30579 
68029 85523 
1283 59986 
37666 4853 
79851 66844 
58144 6260 
90238 76227 
84195 38090 
30839 81423 
82262 85669 
4255 10863 
20781 33420 
88157 59825 
72083 5589 
80306 32363 
82245 95139 
30738 80440 
73136 70967 
83601 71853 
76914 87265 
38733 66293 
67412 5665 
8790 29784 
45142 80784 
91583 71715 
53020 52794 
99241 45835 
48496 36882 
85941 16825 
34403 98757 
94151 57438 
55627 57812 
95671 7707 
1626 65105 
38265 97338 
15845 62032 
21223 5183 
2240 37365 
13966 5544 
36411 65266 
625 30063 
34253 24985 
80492 56103 
4561 74105 
79374 17763 
13710 71522 
30060 24044 
20276 23820 
61487 60197 
95414 59218 
95659 42920 
30821 17000 
88966 97803 
50279 77122 
70265 28316 
83057 44670 
21963 49634 
27860 46864 
22264 67723 
34556 96528 
16899 94363 
57554 25258 
16829 2162 
89519 91938 
24796 40124 
66992 27854 
78036 49958 
50528 88323 
57108 46066 
21147 42577 
51464 48047 
2131 48594 
91290 83512 
10662 27610 
52060 11209 
67292 74267 
13399 49612 
42919 12648 
7031 34617 
2714 35891 
19966 71387 
14368 47666 
28526 90098 
24047 57443 
26429 63047 
67621 68349 
75871 91479 
77001 36320 
54368 24482 
61840 72314 
92135 29443 
95384 5584 
94832 93805 
9922 25272 
24773 1240 
12068 70075 
70001 91852 
61010 41265 
65134 85687 
13916 73059 
40472 21516 
31829 6132 
66581 38817 
56667 75037 
30412 9813 
15380 38321 
25998 10588 
80810 51358 
67856 5573 
20498 6210 
38449 8020 
94450 40277 
62417 70640 
20782 46067 
59750 55180 
14198 98102 
67668 27474 
16437 49792 
36727 25381 
80076 43065 
462 51045 
37515 16579 
89919 45996 
85484 94563 
14460 17920 
42094 87640 
58495 1273 
88214 39405 
50127 50408 
87892 8140 
42148 83554 
93547 81705 
8469 18688 
80845 85466 
99735 68270 
25439 58076 
20769 88778 
29162 37986 
89430 13118 
26820 24737 
11590 29260 
56362 53432 
60143 6797 
55010 48202 
77313 14639 
51830 1051 
28994 17713 
63276 56179 
27475 88227 
62379 66658 
4581 18022 
84548 30318 
61170 72448 
53366 4741 
40830 83415 
58295 47453 
75782 39451 
92847 26749 
31174 94033 
66600 975 
30310 79924 
37308 69715 
77848 86901 
70423 58981 
10562 32997 
22478 14338 
96040 35271 
62092 40837 
68467 65121 
87745 46687 
37688 55268 
75021 18798 
32787 10829 
87681 82643 
44670 65228 
16678 76315 
13484 13249 
69204 99241 
66165 48115 
15813 79690 
47015 27273 
17888 42040 
99941 92414 
99974 44700 
54807 73274 
1923 2663 
42350 11890 
44309 4839 
12202 54245 
67272 85653 
56773 69591 
57686 12821 
50109 74277 
62505 8784 
95304 56508 
97133 31982 
36651 21240 
96853 5958 
33425 265 
26627 99216 
11062 1579 
59980 26847 
2440 4231 
61234 66098 
67099 40098 
56998 52403 
29434 42455 
62627 49820 
8246 82637 
37242 70385 
19531 60807 
76990 50596 
21953 64523 
20309 80044 
40193 59716 
31329 17163 
45203 32694 
47888 20109 
92362 58892 
29202 67027 
18654 34374 
14899 39199 
78170 69437 
11883 93092 
51624 10208 
58438 52825 
18 23718 
75981 13311 
45195 54724 
8069 56109 
50765 38400 
63523 45004 
45686 32039 
25955 86354 
79810 11037 
65520 10477 
25772 59676 
90363 54627 
44815 75601 
5036 5593 
15519 98402 
1046 90473 
83852 67336 
90762 87920 
30576 10957 
10022 68914 
67730 72348 
57128 66116 
69825 77589 
6265 13873 
17267 62299 
31957 97174 
79724 81264 
7824 97152 
95278 39612 
97675 23175 
7628 453 
39892 77128 
8040 43559 
37108 4199 
91341 72386 
2319 46275 
76003 92651 
79862 29010 
57173 14658 
55119 81686 
58510 63692 
90313 10187 
23768 18086 
75450 17713 
42293 32901 
63222 95313 
33957 48698 
64614 84871 
28506 29495 
17987 50881 
61919 21753 
8567 84155 
78077 77122 
7553 553 
67904 35679 
20479 90898 
115 23521 
82987 24407 
97781 78816 
18834 7322 
93174 83824 
79741 50822 
49689 46865 
19605 7912 
74102 47875 
16619 97630 
55045 33923 
46019 46764 
54276 26950 
23458 44191 
46186 84995 
84407 21037 
47960 40291 
38540 41015 
7889 22889 
39686 9662 
22571 66823 
41760 88585 
35072 87358 
68958 31438 
25608 12458 
14548 42012 
43893 49409 
96766 91657 
48012 68367 
42577 23173 
8562 88642 
40507 11407 
8728 60621 
2264 46955 
21096 46533 
99526 58685 
70222 16584 
97084 93272 
96293 93540 
86399 25458 
19737 98447 
34705 81469 
69201 72914 
3928 19832 
76038 79304 
60973 28771 
57334 9132 
96367 67438 
6412 62150 
91747 99408 
84909 93811 
28375 41207 
63705 67197 
8612 76065 
91358 87020 
70236 63655 
78140 37895 
9478 10290 
71403 96866 
92848 50825 
63699 41052 
30088 33507 
18934 25242 
999 92026 
23821 61449 
77441 35265 
71970 92647 
58442 84510 
66197 16320 
41154 40378 
80973 79940 
83297 67230 
61407 40117 
73773 41584 
47760 49948 
17279 22812 
5189 14924 
56054 69370 
7308 36798 
97282 41888 
69080 46930 
88226 5598 
49688 15868 
82823 68937 
49223 14335 
73248 72584 
4418 92254 
17873 73751 
48075 37102 
83086 54256 
34482 70639 
30579 17700 
48803 43913 
24017 31044 
12292 94458 
99403 8906 
67136 36757 
41978 35134 
74860 67238 
39186 65487 
90414 78511 
33974 57732 
80432 94019 
85656 31001 
38626 53917 
56565 64973 
13862 5746 
81899 11234 
7195 79351 
47448 4127 
12996 54499 
95297 26476 
76262 61758 
1136 6728 
13308 92490 
18464 98420 
96256 32161 
64773 20275 
33086 72681 
32686 15824 
84499 4126 
45081 25144 
46406 33938 
37380 48085 
92625 32574 
42461 18356 
16175 58602 
74092 854 
29559 73331 
53267 70834 
84501 15365 
98551 32847 
49848 68805 
6264 89788 
42668 25352 
79287 77977 
42087 10191 
24290 42887 
27958 14285 
26337 41954 
77218 51578 
27131 25828 
19615 38636 
78545 67505 
1463 76357 
16632 79978 
31191 98645 
2985 87333 
83655 41330 
10055 91697 
21555 76104 
85012 8970 
51743 48890 
12700 30004 
71830 59791 
12457 668 
78218 22679 
45808 4222 
508 46446 
82488 72451 
99247 87111 
70756 48231 
14033 30190 
84647 71490 
77262 76149 
75567 62992 
15099 18252 
38582 35923 
41785 21720 
14741 73956 
15933 35928 
89987 76278 
68238 97176 
18434 85025 
28833 8636 
93268 78619 
79524 16170 
11989 35685 
31225 33968 
34447 48580 
80126 12361 
11844 92959 
27500 81633 
72828 40406 
57498 50315 
88828 34830 
54903 84174 
4925 40153 
10518 43009 
14861 6752 
5732 6353 
79187 97184 
89754 76323 
34076 57918 
63126 6099 
15021 23108 
59332 65912 
24373 88899 
72689 24902 
4635 2290 
15142 96849 
40428 67316 
97233 70545 
1214 83084 
19177 21420 
54166 93168 
26893 80074 
21946 43925 
34746 15482 
33724 20474 
41892 75881 
19417 53423 
72347 18755 
26900 66849 
50204 52805 
99881 68595 
80951 9450 
40126 67679 
47398 59133 
91931 40377 
44467 88613 
28967 56514 
70926 59392 
94085 20565 
68159 74594 
41166 78331 
46103 91832 
54788 89313 
64771 33010 
78245 67306 
46070 58476 
63376 47335 
75137 92609 
66695 45731 
12990 10639 
55480 41952 
83027 22413 
54741 25726 
12742 17799 
61422 21123 
9012 70548 
75726 20379 
20391 32721 
51086 34605 
93096 90124 
44120 95951 
58681 90713 
53809 26370 
899 2591 
75157 21802 
36839 5909 
56782 87441 
13138 73930 
44137 99659 
61934 52471 
10500 63260 
83183 4086 
26393 78884 
20069 43605 
94750 34759 
72454 55030 
83944 89371 
49672 46268 
23685 17250 
98423 67845 
89853 48718 
54148 94470 
93468 46285 
54974 44214 
6298 25312 
26152 89057 
1023 44626 
89915 92716 
57377 63971 
80761 96865 
87399 89472 
49377 65312 
62660 5780 
19806 87130 
84269 24064 
23885 34413 
22509 58767 
74620 68064 
67068 82832 
55860 85917 
71174 1045 
99486 11460 
43301 24211 
93321 28617 
38684 23086 
13031 78237 
29524 90269 
99544 45358 
87551 40744 
9844 82812 
95526 37287 
53457 36340 
15300 35676 
89586 59184 
79205 6436 
522 29955 
38835 4808 
75845 16621 
688 28689 
38884 61554 
1678 25479 
22010 97852 
29179 83104 
50543 45526 
70060 67900 
26433 77634 
81061 52628 
12312 91087 
8919 11581 
4135 64606 
52786 46551 
46343 37168 
53796 47361 
87330 94312 
17030 83766 
94965 6786 
19648 71669 
52027 26270 
35669 55958 
29616 6301 
12598 4684 
92978 83009 
68066 14879 
28625 19939 
35645 89005 
94243 93931 
78191 52832 
83618 74976 
4326 50494 
67621 31910 
69095 70529 
19305 77974 
13375 27920 
56237 55513 
98248 51435 
36421 47455 
20371 3049 
25526 94731 
52253 86760 
12578 93414 
37403 87822 
88901 43113 
84468 20233 
20804 19046 
46766 50254 
40350 44193 
44028 6796 
50529 45098 
81699 85714 
91250 85103 
49805 4361 
40782 82212 
38187 65192 
33641 35255 
87803 42770 
60365 1675 
8837 17236 
77245 92998 
35521 39101 
94778 79945 
54848 25167 
32482 28117 
41781 53457 
24650 17357 
57084 46220 
36759 33093 
15558 4380 
5441 56400 
12279 84270 
46282 20986 
2304 88031 
83194 49941 
65374 72754 
40683 32858 
51304 70277 
6090 54804 
94008 49455 
12695 42607 
2562 45828 
16573 51090 
86185 29773 
40171 72108 
46744 83554 
33816 12619 
77119 10131 
62689 54562 
36692 2138 
61293 78894 
36289 58155 
10027 8927 
54011 45193 
79213 3980 
20707 71269 
54756 13335 
59270 49996 
6598 82678 
35414 10340 
86234 90374 
79313 28959 
42754 79395 
67231 40029 
28254 42140 
10193 8006 
22912 10092 
82774 32463 
47619 97936 
39267 90969 
47804 52710 
6742 15900 
25902 62515 
14945 44166 
71927 86457 
21508 74998 
91666 77760 
17614 20283 
60281 85344 
54015 34353 
35404 35683 
10265 65718 
48329 16379 
41001 81924 
54462 5646 
72323 80510 
64951 17780 
88566 14012 
220 63679 
45199 25010 
3164 57629 
67095 8403 
24787 36805 
43093 92424 
48363 98332 
7557 57344 
49479 242 
7540 91373 
98850 17292 
90193 16974 
2347 90386 
9240 7606 
38431 59175 
41602 54858 
97024 21468 
25666 39015 
45821 20172 
81256 2264 
50143 18761 
47979 23087 
50651 89634 
83448 42823 
59610 6241 
95763 931 
70819 99476 
45686 94213 
90983 11587 
43090 87026 
90963 56748 
79562 64504 
44232 76414 
84439 38829 
66822 59750 
65099 89816 
98137 84623 
93980 45383 
65245 23092 
34599 84910 
54600 46767 
56735 79066 
74616 62090 
76998 63378 
30126 3318 
75138 79621 
45461 11873 
78762 9055 
66750 34727 
79513 64609 
46005 81619 
42320 5292 
59660 91166 
95971 85423 
42439 69281 
48059 53746 
23801 79850 
50254 73006 
38664 87220 
50894 39318 
46708 72820 
11041 42417 
35290 74113 
27439 22872 
99847 23078 
1226 50372 
92630 93545 
14771 68396 
5717 1979 
30686 24922 
7478 44663 
6831 36220 
82994 95750 
29058 11390 
38433 35286 
99456 98960 
16965 24039 
82035 3712 
39517 92872 
66 61800 
27535 68388 
99698 55335 
86876 13709 
43026 93776 
32058 23504 
70410 88790 
8317 75750 
76689 1689 
25268 9242 
78764 48106 
50443 65457 
13142 3290 
23567 6168 
91126 63180 
43167 94060 
56669 81387 
45949 2608 
37279 20273 
46354 3617 
51947 25497 
28805 66065 
41672 57736 
88365 88266 
17991 92697 
96896 76902 
82810 31146 
31266 81055 
58860 44320 
37746 87175 
84287 16962 
22476 81752 
67145 40109 
51723 92509 
65982 48856 
17603 26013 
61253 96510 
75082 29908 
8932 5858 
84247 21303 
22500 40707 
98220 39391 
12397 96451 
21535 99972 
23030 17061 
26425 52341 
46641 7766 
55147 64850 
60576 27591 
55373 94464 
29931 14006 
92597 27785 
41084 13132 
58644 16234 
83277 63248 
48556 66485 
75199 6813 
9523 88740 
41431 86757 
74944 50072 
79653 16499 
84348 27797 
23661 99966 
55598 8738 
99549 17830 
19671 34235 
92799 89239 
50251 47881 
92566 64510 
20505 63236 
56110 3586 
97604 32124 
41104 47471 
41913 60638 
86464 95447 
12252 89611 
83375 59564 
91207 29056 
67353 79697 
35225 11949 
79467 47419 
23029 11756 
90251 5013 
22920 50212 
53382 57101 
24569 7132 
57843 56739 
84179 32386 
77086 5216 
13200 51712 
71634 35393 
287 52638 
87555 32106 
93774 34549 
7455 79956 
87647 7819 
52869 18769 
47874 30920 
7384 30078 
87907 81571 
28335 74139 
52257 68201 
41585 46356 
95298 1445 
68683 24388 
48773 61817 
18606 32809 
55953 19411 
87331 60865 
13026 84162 
47624 30695 
98966 91150 
78747 28329 
94030 54366 
81169 77821 
83966 54532 
44913 60112 
22134 61818 
91838 52469 
74961 32646 
91918 91854 
7483 61320 
61519 46094 
75231 11803 
87686 10443 
76277 2768 
86628 33926 
83019 69873 
96861 19813 
17094 83258 
27894 37619 
52805 55371 
33861 30233 
34544 34489 
58186 99090 
71903 42668 
117 2730 
32519 83381 
86919 9684 
87181 13717 
96515 5280 
74304 48766 
64538 63808 
41631 41702 
27055 62419 
91816 62076 
95602 31177 
5590 76971 
34741 4911 
41233 24889 
13985 66805 
12353 60677 
35722 51104 
27288 41245 
98708 2897 
32950 16493 
42691 76624 
43481 87613 
33920 91757 
49868 95797 
93574 54056 
479 8400 
41536 93886 
14450 76729 
26504 69227 
39981 49891 
40057 30379 
97780 42494 
67109 45757 
56294 70522 
8080 43780 
69777 89317 
19132 34506 
72900 90360 
56025 36532 
66295 39428 
74381 49562 
46276 67692 
34579 81164 
28981 59474 
83051 57403 
94228 15607 
33380 21345 
27656 9749 
50408 50890 
71014 96475 
48465 7959 
99988 74635 
50866 64710 
36509 57189 
21982 39343 
68225 49628 
75472 13928 
91692 93085 
82693 99807 
17746 85370 
53804 62278 
77708 53422 
40781 15607 
47202 14046 
16311 51843 
60782 26303 
15470 72486 
25012 8558 
88100 50746 
50232 65943 
98986 63939 
11979 49858 
30194 522 
21878 50167 
85365 64334 
34785 2831 
69270 69779 
44073 81025 
17624 46039 
20147 26118 
81897 45817 
28664 66427 
31820 84686 
24376 66279 
24283 20825 
54107 45669 
1495 21713 
18132 11667 
23560 54311 
33034 46764 
11044 78336 
11116 6428 
71609 18392 
21524 88451 
11507 40078 
26479 49993 
87444 57599 
92340 64776 
37300 56004 
59712 32476 
39175 19830 
19406 75146 
87416 21797 
81773 81350 
41567 40084 
45788 87729 
99586 40825 
71236 19801 
70198 83639 
32439 49108 
70946 82323 
85202 62149 
58246 80286 
9978 78072 
3698 80853 
3761 96728 
66914 6287 
80771 6424 
79301 46159 
7758 31609 
45511 95673 
43573 54723 
89693 77579 
74631 3568 
22199 87546 
38004 55822 
79072 2136 
2085 75677 
91429 41002 
31119 64113 
74740 80465 
94377 73920 
89078 74341 
93337 13359 
10533 49703 
70961 38214 
71303 10178 
36003 11004 
71356 97493 
82273 88236 
38126 33119 
7839 81862 
12323 86236 
42422 29441 
67770 91627 
72551 99062 
31040 71733 
13531 49658 
52757 728 
14867 65145 
96525 85361 
1530 81662 
53787 27188 
47261 31209 
63294 73922 
48133 32112 
12409 63816 
14629 66983 
24131 16296 
28780 2238 
88509 24516 
19191 19728 
80036 61062 
91313 50676 
13615 16745 
12877 24855 
30902 54200 
95142 73839 
76056 73004 
29469 56142 
15400 51033 
35673 4209 
78965 48017 
53752 28456 
53614 31546 
63757 51955 
37170 13221 
49961 90854 
70932 63218 
34939 40247 
3961 5224 
96764 72969 
6700 80510 
48256 9676 
43768 9862 
1069 72556 
36175 75151 
59361 92162 
91759 88501 
87909 97107 
59274 16366 
77736 79735 
66375 78218 
88671 97402 
34641 45172 
82753 38593 
25809 22508 
74938 55915 
62555 11908 
18364 43817 
84461 14156 
10206 17942 
45178 51106 
51169 35135 
30373 56915 
16751 78348 
77678 12882 
1634 19133 
9659 77624 
79895 61835 
48726 94950 
83230 68297 
68950 45417 
36949 59602 
53893 44432 
9250 92268 
71874 79660 
23103 10310 
50462 23581 
52078 81729 
30573 53249 
71510 38219 
7159 58569 
64663 50278 
18289 22924 
89848 86407 
27339 15479 
98982 24709 
54016 43228 
60618 7954 
49124 72644 
81240 59069 
75257 45749 
37440 2977 
51015 83462 
28581 72897 
39875 90306 
34626 14413 
16501 48847 
17078 39031 
23081 19693 
32271 20446 
36167 43439 
35762 71360 
549 74640 
44162 86447 
50830 64719 
86457 87944 
33692 50626 
20735 64351 
64205 99180 
14189 49852 
98109 3178 
84376 52321 
78633 24676 
77934 1146 
21212 33315 
19303 52636 
32369 93103 
96465 60372 
20061 9755 
63326 90644 
41960 62551 
29076 38969 
55409 9540 
73721 82716 
78219 73066 
75935 86976 
42990 83717 
64506 66062 
29321 85155 
7839 91434 
88043 79712 
37365 28308 
29519 25192 
60135 77865 
34108 77044 
53512 99728 
57018 6847 
50578 90226 
42101 18014 
18726 96021 
29505 22692 
5876 49731 
40680 40006 
78855 24519 
50858 25122 
6708 17918 
13928 41059 
48038 91721 
87549 40719 
85968 14371 
17352 35322 
16907 75039 
78259 87222 
40000 64469 
38240 80060 
13050 46656 
5212 87224 
37596 77569 
41358 80836 
10990 62373 
80755 97749 
36518 80993 
66036 6514 
13938 53348 
27688 99838 
42316 60240 
65629 70720 
54610 83611 
56876 17304 
69195 80779 
5395 61409 
87349 61248 
70635 58766 
87713 91843 
59783 25174 
68827 16142 
45434 2139 
69058 37592 
75165 37937 
49600 82163 
72404 65691 
60687 26055 
89014 18661 
23766 46704 
59191 34823 
53081 31227 
21547 67731 
9006 55439 
21652 38707 
22383 28716 
80863 36639 
54268 85211 
18919 95926 
58689 90339 
47561 60611 
97355 22923 
10347 73254 
14758 88038 
29888 10826 
19688 13338 
37852 26716 
34897 82532 
5409 47855 
70518 63674 
62168 19075 
48799 97074 
90220 82971 
57824 17872 
6528 32873 
40093 1715 
1729 78970 
28207 38455 
86289 23188 
24369 58462 
6007 47136 
82994 58834 
28019 79220 
96457 2724 
65735 21996 
2868 93983 
6557 88875 
31702 61430 
29757 20508 
78248 22357 
53560 25467 
51028 33214 
30254 17315 
67715 76943 
16064 685 
84534 81062 
78563 92714 
31728 8342 
68557 52972 
93403 12804 
75645 34976 
13909 7772 
7101 65447 
34879 49841 
78225 3656 
67160 2871 
78994 32517 
80084 9505 
86618 85541 
46871 64208 
26513 19314 
19440 51443 
45256 99865 
18494 85383 
48228 83104 
15460 63400 
71935 34444 
51741 24603 
6434 50805 
87669 86814 
56788 19364 
98679 20630 
34175 71756 
39434 7594 
97012 69861 
77977 21000 
20422 89874 
61456 62492 
58357 55048 
12583 85380 
76883 4345 
71689 36433 
79397 74104 
93089 51981 
14980 12989 
76468 51217 
59590 46591 
64051 79897 
86505 57431 
62591 70980 
97156 48524 
55525 5275 
66466 14233 
55129 74787 
67775 50846 
7103 74191 
81650 1115 
741 71770 
60134 41933 
56684 40138 
13399 92412 
61232 59191 
9323 40786 
91277 39015 
28137 62908 
27158 48817 
94115 32540 
82079 79490 
14149 4185 
86199 12007 
89124 82939 
51106 11650 
28130 82623 
6111 18894 
87874 13405 
41639 61822 
80025 33207 
16981 72058 
37790 43356 
89744 46441 
9668 8267 
2585 60077 
53114 31404 
19148 2877 
33745 25291 
35593 81344 
96789 72079 
6720 101 
66586 82966 
16393 13554 
47294 29715 
90830 17078 
43308 39577 
300 29231 
91473 16140 
19850 1785 
98825 72896 
22923 82704 
9355 43815 
63069 48738 
81241 65729 
58433 18911 
41993 11061 
31274 57927 
3134 86228 
70532 79432 
58327 999 
79276 63032 
59255 57138 
40851 6125 
62103 881 
87640 41841 
64160 33096 
84575 67780 
4834 73405 
45887 46726 
88276 30143 
88041 60153 
95862 36694 
84430 18092 
95934 76573 
28079 54799 
25485 34562 
27514 68683 
13875 79271 
57866 97069 
42219 3701 
64425 51627 
83741 24671 
69054 78683 
50158 69453 
61228 50127 
77085 58488 
64940 35259 
17493 26780 
60310 51675 
76386 13347 
4446 44179 
12173 88092 
39983 94680 
50614 78469 
1660 23211 
5742 4570 
31420 414 
78844 30533 
90732 55248 
11358 92615 
15185 28153 
439 69880 
90861 89567 
47021 22077 
44627 16402 
95313 31174 
31156 95006 
40004 47891 
68398 98114 
22802 62681 
20130 65435 
13535 91782 
49367 2768 
72643 93292 
69600 2922 
21710 5644 
2192 83217 
6587 31440 
7744 28980 
23681 73280 
96811 30183 
94163 65053 
41102 99285 
13119 32094 
132 62298 
71093 56665 
50262 22265 
43976 21424 
53169 4579 
73900 52860 
29015 6934 
18548 89112 
5906 93230 
29197 52149 
1745 90373 
28881 12989 
57142 69649 
1188 456 
78798 20254 
67501 18891 
71595 51555 
25904 8333 
34630 92780 
48516 1853 
71513 94100 
85662 9045 
18460 71445 
5082 82132 
25083 78874 
2296 1685 
32234 37004 
54263 52685 
78875 93684 
52649 48428 
35633 44041 
45291 99749 
6609 91003 
34860 20096 
62906 84519 
32256 3165 
71503 37981 
38947 9153 
61294 83715 
37215 48084 
24459 95898 
215 54282 
85809 78925 
94771 4700 
85368 91962 
38995 45682 
10125 56327 
94106 57641 
79794 71340 
15231 5217 
38360 46396 
59501 91671 
28288 42304 
51436 60577 
27509 3260 
35356 65335 
10628 52394 
2528 57569 
55290 18388 
66720 29189 
52218 58481 
76063 79696 
93175 44004 
91354 70259 
4938 78626 
31379 69156 
69364 26609 
84339 89366 
19690 38617 
11167 68405 
31478 76014 
21242 42961 
32922 51089 
83992 26421 
43727 20262 
50858 6106 
14382 90101 
1265 38813 
78322 21836 
93552 38244 
48386 49074 
97194 15917 
85899 55547 
6198 58404 
45836 94973 
85225 98012 
54719 73488 
79748 61473 
9288 56627 
29492 61808 
93406 7436 
60435 32173 
98310 10074 
94781 87339 
96996 84119 
10641 38405 
67408 48830 
3540 79395 
81055 53705 
50417 10571 
73780 51961 
53434 62655 
93638 56928 
45709 38535 
77169 87853 
73980 94641 
39848 81236 
34271 42857 
79073 16585 
25751 65636 
78771 81344 
5301 1945 
73588 78763 
70692 79727 
77537 64589 
73810 41755 
7142 83742 
67047 36079 
32290 66481 
15733 19691 
69381 35104 
67416 54617 
90818 66830 
54817 59338 
62491 56282 
23464 15227 
36621 21851 
17273 17680 
21196 4244 
25781 4638 
19169 12632 
95234 91423 
80727 84088 
32437 90108 
40131 35349 
85020 94085 
14994 2484 
64712 64074 
30325 83639 
91228 60485 
92263 22816 
73551 28887 
77171 98496 
12669 60262 
20570 9936 
5235 15785 
87397 86098 
51157 27087 
80159 77410 
19791 57242 
94770 28953 
9174 35186 
65209 75160 
40670 56831 
47628 40750 
67424 79826 
82098 80371 
39179 25744 
35955 40304 
58292 43405 
76493 79578 
82216 80113 
42793 44997 
76220 53786 
86512 54801 
96801 18261 
29727 9092 
91025 66507 
44238 11640 
29926 22039 
91238 57323 
55160 27523 
72840 12204 
7236 51376 
37666 89136 
20950 98104 
51575 770 
19069 26193 
91560 53992 
8807 48549 
45933 35065 
87354 14817 
7182 23103 
92441 52331 
25180 61062 
91890 73030 
47925 8003 
92090 37344 
14596 94177 
59528 2908 
81410 1347 
91777 75861 
54630 94757 
44756 25577 
77035 40313 
21610 19874 
64274 50754 
55221 87032 
15734 18020 
71147 13433 
30908 5475 
690 41161 
46721 93329 
24836 38634 
73872 93293 
68969 79112 
50965 74441 
35543 76903 
54052 71217 
57303 99142 
96193 76661 
77195 92199 
26723 59207 
12755 36101 
93150 79736 
42541 67800 
59936 27129 
60109 94667 
87919 35145 
77051 53292 
65694 91231 
20772 55501 
50029 98740 
64976 3409 
16200 8041 
51237 48439 
41150 89125 
8571 15373 
42430 78579 
54578 11882 
74123 97165 
66508 96359 
37310 758 
43529 82502 
97085 97010 
42488 17738 
10742 32882 
58639 84429 
62475 34038 
40075 37733 
68772 56126 
70031 12040 
65671 90088 
24752 99132 
14136 48880 
16270 25498 
63022 51397 
59240 33693 
90476 10863 
58873 3192 
4055 29608 
3067 29888 
17476 99884 
55955 20190 
37609 11261 
92427 45621 
89186 69152 
83543 46885 
76667 36136 
41327 72567 
32802 18008 
58068 86937 
31650 29860 
30049 83770 
50168 94001 
38546 98679 
46945 41159 
71937 21129 
89268 9157 
11977 69112 
420 59132 
74526 4439 
17960 58371 
90459 34632 
50705 10972 
36026 68603 
97240 52788 
73549 67643 
41995 65485 
43189 60660 
76281 6068 
54375 73174 
1148 92825 
61549 53288 
56525 36436 
73029 64656 
86832 55827 
34085 56396 
97086 72395 
45734 13003 
75508 33326 
29285 33464 
58740 75001 
23327 88120 
93985 859 
4663 54263 
8753 14584 
57552 36997 
33343 19128 
76717 40609 
33826 64809 
78687 67517 
3966 5635 
13356 86763 
33416 1975 
13032 32132 
16463 89861 
89812 61151 
90699 22426 
93744 30525 
98243 77388 
74049 21029 
43441 15979 
43573 75430 
80499 73352 
32685 96719 
2045 58253 
32979 90717 
15384 40621 
73445 27096 
87035 9791 
42168 35911 
8120 93087 
65156 52916 
83251 34870 
80558 76270 
73836 49461 
1311 99677 
33004 77879 
42185 42565 
53876 97959 
98198 6608 
15481 60164 
568 49703 
51349 47284 
43628 83462 
84644 85234 
71552 68341 
70699 64269 
37272 1729 
62893 65205 
97637 68616 
71037 23602 
88617 51926 
12778 6387 
32320 80148 
68029 19997 
63562 23597 
33990 16899 
27949 37450 
44080 18217 
95669 89660 
57934 24193 
55626 4877 
51593 41339 
3087 1753 
37119 15403 
10650 271 
19071 22639 
77155 28211 
51657 38375 
82041 61431 
94816 71508 
33716 91311 
80109 26305 
89640 24552 
88000 28770 
43135 85442 
6971 33841 
17310 8777 
91875 11804 
80065 82821 
64044 97572 
95759 25990 
98876 74857 
58950 58407 
27971 58763 
13484 60013 
42397 34943 
46293 90654 
21188 11258 
59368 84323 
24995 38706 
65712 19738 
88570 62418 
25440 12448 
17794 70659 
36778 69900 
47036 19989 
23310 172 
40848 28163 
13678 67553 
30367 42805 
92796 43697 
59240 13567 
14693 11780 
76518 18198 
6269 42895 
54666 18864 
58522 78877 
29677 54016 
97211 23797 
57288 3293 
48467 67573 
54341 98140 
66521 39456 
47606 89244 
70488 16575 
83684 23380 
45079 93330 
63126 26872 
96142 51066 
49463 40661 
16071 54314 
69583 2818 
6441 39810 
65746 28368 
25616 57573 
81481 93405 
77613 69506 
63719 90747 
35181 10319 
41736 87726 
94811 68007 
99835 83268 
94330 46653 
95152 30989 
84766 33083 
84582 67818 
37293 638 
15539 63538 
83414 48335 
4119 85626 
31892 91723 
71193 55909 
79500 92919 
32065 60811 
34335 41676 
38550 65337 
182 76713 
53686 72444 
28385 67151 
98734 64094 
29649 57573 
49764 58008 
52428 17036 
76804 15050 
76770 22316 
12404 36155 
42957 48730 
8439 94845 
32783 38066 
90043 61644 
47975 62475 
43840 90065 
85056 5613 
83931 50356 
88855 37896 
23611 16820 
77908 71417 
43356 37273 
74144 41886 
86379 39095 
36539 79907 
31855 55311 
93854 1968 
92932 86291 
95055 72700 
61713 47903 
47738 64294 
76630 95320 
94620 66401 
18979 53215 
86074 80399 
54850 27666 
42754 65610 
26288 22894 
66466 91868 
61249 36790 
49773 92775 
15750 63230 
55191 7047 
83595 86273 
83410 41550 
9161 11626 
26591 88944 
16930 44093 
7614 85275 
27822 86278 
39036 98456 
66850 3413 
96558 97233 
79208 71927 
90976 62069 
62640 5289 
39855 64324 
92769 29610 
85585 58160 
65054 63674 
80015 793 
2127 43270 
57524 41059 
78493 18114 
48147 93649 
95924 41133 
40338 46994 
2345 64523 
88922 36425 
84605 54736 
77998 51073 
81267 39441 
90820 32915 
55377 3502 
9097 69431 
39151 58145 
62673 77526 
12632 17741 
77242 25700 
6563 32017 
22510 43886 
26094 37985 
46121 25923 
76409 15561 
89740 38360 
33943 53530 
22790 11066 
47595 58453 
96672 91 
73197 68088 
17683 81266 
41442 63012 
60387 54237 
34612 5434 
94859 10951 
635 72496 
80995 50015 
64365 92942 
91011 98978 
5458 40598 
57270 40211 
59784 85896 
6741 22927 
67086 57548 
35696 83797 
31393 20469 
98626 91693 
82704 33193 
33933 78283 
28542 8263 
25584 15512 
62206 62467 
4712 53453 
50877 10298 
28062 37570 
61254 23622 
31194 83132 
92924 53338 
43557 96331 
80460 84625 
69780 96606 
94050 76454 
86984 12719 
15439 18102 
81419 96355 
91069 20703 
49415 21305 
67528 50230 
17405 13733 
95752 99818 
93694 89636 
49914 93951 
50690 59225 
44516 14807 
50451 94843 
48941 41921 
68726 48938 
92547 339 
43028 51669 
25374 19561 
68858 13959 
49635 15818 
94834 11064 
65365 23623 
22266 24221 
79974 19026 
97640 73481 
15905 96639 
97495 83513 
13202 85240 
44342 86018 
64519 12669 
59572 77286 
38942 59696 
54685 17541 
47972 74711 
85729 79881 
82113 56301 
47490 30938 
99744 49188 
63754 52841 
81268 40489 
37882 96629 
71056 87891 
63974 90917 
17241 59096 
63039 16496 
85198 12760 
903 97436 
64349 5156 
64978 52349 
9927 63920 
25548 95666 
61431 30508 
83900 78084 
57709 36332 
14411 7798 
24980 44100 
40595 99670 
48558 55468 
46184 58221 
51638 58886 
11435 12103 
95252 67403 
82171 82694 
82314 75196 
24470 87472 
95677 43698 
91430 50085 
25203 13491 
30134 13271 
42078 26479 
86677 28300 
59955 34366 
25087 25110 
81968 64102 
61942 51053 
70273 8712 
32699 2947 
90479 12784 
48010 67100 
77199 25925 
68700 25001 
38901 4601 
26660 78611 
70357 53038 
45507 98471 
69193 7241 
69710 282 
59414 82691 
93743 11214 
9214 25904 
93889 95851 
93029 32804 
4468 73515 
88454 22725 
47552 73662 
17556 85864 
20633 44088 
39026 54144 
70255 47894 
72764 80701 
31274 59459 
91677 51570 
91197 97124 
46835 94663 
46964 10857 
1598 95771 
57561 76841 
37922 79050 
60036 37771 
63786 60349 
8746 67569 
94511 35737 
18092 32294 
2730 24713 
37532 65228 
31868 47840 
64316 73413 
46186 81921 
4175 45382 
46835 2337 
23108 35371 
17801 91802 
94450 58005 
78232 67535 
34547 39254 
8367 54735 
37670 34418 
85137 13254 
66206 41934 
10448 6471 
25678 13026 
40313 86648 
55839 81508 
26162 59412 
98845 15501 
61042 81524 
63435 23392 
82886 40706 
90076 30056 
24625 64074 
36186 76177 
16630 2580 
42852 83438 
40838 42896 
14850 71426 
7871 5274 
44310 8295 
78575 96196 
35056 26518 
79592 97985 
39389 37547 
68978 94070 
2044 34709 
92301 48210 
17048 82412 
32291 78750 
42371 51522 
95800 94861 
84584 75709 
725 90698 
61083 71641 
22457 25573 
71047 87105 
34586 53462 
57886 15409 
31754 3566 
25786 41922 
53937 55149 
80818 69109 
40886 94469 
3133 165 
33064 89445 
20945 48140 
1151 68491 
49237 77387 
29996 44040 
76595 77247 
4927 78333 
32072 14064 
48367 49367 
40642 6940 
32979 38224 
80632 25091 
53868 25539 
89360 10228 
76873 54482 
24324 86056 
92559 90379 
76364 28845 
96255 82985 
48580 37926 
83315 16425 
60144 63059 
95776 13936 
7701 16791 
81657 49813 
18724 24257 
31399 9330 
60949 40304 
37245 28917 
29944 94398 
80893 43496 
22903 7449 
92296 65643 
20892 61517 
38244 22113 
44097 93301 
93192 77269 
14998 25385 
16772 80095 
62950 45387 
12539 81714 
30308 92495 
70702 83721 
95008 13315 
3953 94135 
7446 4491 
69978 87416 
50509 68301 
36828 87735 
70791 69196 
88055 20567 
96300 94231 
83356 6686 
51380 88376 
87462 4765 
3100 56907 
55071 44036 
25039 1376 
12891 26858 
44143 83112 
11167 22512 
44291 88771 
26567 18221 
36206 6135 
85875 41095 
67514 5181 
45688 15617 
39049 59400 
7144 75270 
13903 35371 
66677 4048 
54263 24836 
3915 43827 
97724 92799 
86029 66984 
89567 67633 
24227 80116 
20395 4741 
52508 94368 
79547 14013 
11447 70640 
23893 53126 
10462 23772 
78864 53680 
10871 48884 
34018 65245 
19033 15109 
68949 73559 
3963 57256 
47020 73448 
57002 84290 
44190 54491 
92518 15048 
38103 87987 
48060 46207 
68641 87512 
79979 55298 
95332 52140 
66266 42440 
19247 91357 
22212 18440 
7452 73761 
6437 54084 
56632 37833 
44972 15645 
59127 52382 
29264 25068 
89434 16698 
50351 99733 
12132 46030 
15904 46385 
23219 96690 
59454 6547 
76002 46884 
91813 76590 
9994 64350 
63583 54692 
96649 59911 
4590 98987 
39319 47263 
81186 16509 
16481 3636 
65601 40877 
37048 53385 
42841 98196 
84516 77174 
90139 5264 
62704 83064 
51535 91945 
20026 62666 
95894 90410 
21514 95432 
90517 88013 
58213 57267 
44491 97627 
32113 35772 
75970 59586 
31443 53818 
35875 52700 
15928 55526 
76784 58355 
64539 14347 
90290 91325 
99271 81582 
48695 83669 
87675 5542 
77633 83968 
44144 16460 
55045 13185 
95349 90330 
78942 512 
48780 76073 
71434 7875 
4990 94706 
89784 40103 
83932 96663 
96538 29302 
93686 93958 
310 76581 
55919 67591 
16343 32048 
16558 87414 
11741 94872 
12464 71590 
94072 19183 
35303 55876 
74050 18761 
32318 39144 
83070 73669 
10412 20849 
54615 55402 
64694 48624 
84903 3592 
35576 49736 
72588 6984 
9535 28818 
99954 64101 
17812 76125 
58768 24929 
54619 45503 
42759 43960 
31805 29303 
25734 7014 
10519 78701 
19370 29594 
1993 92159 
57996 62813 
9443 22249 
88996 84522 
90910 31586 
56946 97842 
58960 62334 
57200 7067 
97298 70556 
359 91809 
66627 16627 
72901 54231 
92511 95980 
1224 71346 
76539 40666 
26464 44640 
48714 21512 
75652 2621 
83821 33110 
71133 78423 
37408 49428 
54650 54221 
18058 96532 
15075 36946 
1787 728 
99508 5701 
11703 35362 
56305 50262 
31442 7593 
5569 2170 
94466 97645 
57745 45198 
92936 87347 
4156 80334 
79694 92238 
84706 11940 
94754 42052 
97409 16361 
33777 38099 
52028 52030 
90153 52897 
85808 70974 
44572 27299 
53168 95650 
46428 63496 
73141 32153 
29879 8398 
68499 1096 
34095 71260 
58689 80849 
51974 21841 
75066 74319 
14532 70960 
51382 30083 
29224 43988 
5087 71440 
29567 19649 
65711 12838 
60786 21444 
25462 72112 
21546 17055 
84136 19123 
5422 2314 
35532 36632 
37394 20605 
95785 7606 
80431 96030 
5394 84694 
95175 39220 
46179 42200 
71721 18388 
1995 58662 
16685 75005 
57776 29006 
71039 3442 
75302 59268 
54566 6996 
6080 53982 
81368 88878 
1802 66612 
67490 36090 
61093 46752 
56513 6538 
7590 84368 
21900 35306 
28867 20929 
65880 34703 
18332 70079 
23841 74510 
52928 66350 
485 93798 
8337 39427 
9389 13756 
60332 93613 
61184 92152 
46044 57381 
47192 84375 
62127 56301 
95160 53448 
58144 54103 
31651 1951 
42974 1297 
71666 82517 
59646 28509 
70240 80336 
99708 22564 
13054 51100 
22120 27374 
93488 40827 
13588 18791 
22098 10239 
77402 12863 
41147 35668 
66019 80292 
71621 60910 
79016 56400 
3043 29995 
32491 55556 
47462 39572 
68584 21740 
18145 11379 
14530 72824 
60770 244 
19490 25150 
60354 21106 
94387 17095 
70666 99763 
55059 85594 
64535 26327 
22275 87952 
83273 17868 
63520 2790 
71300 77229 
70879 88590 
18140 68742 
57020 26062 
94073 18357 
16931 21447 
58064 85651 
46952 1844 
36932 48241 
34612 90817 
23338 85337 
32860 12754 
16756 46453 
10531 37853 
36431 43780 
27196 46114 
68199 12244 
15068 58325 
68120 39998 
63182 54807 
34985 83904 
89830 78551 
81092 49496 
58054 98372 
76064 32980 
35993 89872 
12026 94037 
28949 77209 
40128 52489 
13300 67076 
58171 79342 
83696 97810 
87009 83281 
84467 21141 
59444 77388 
33783 31882 
59474 47673 
64777 61717 
92053 34927 
1768 57265 
33932 84517 
61617 69708 
14667 14876 
20391 93539 
3571 4820 
13734 5367 
33143 2210 
45655 70199 
72435 12075 
64965 2282 
74839 31008 
31148 90301 
63962 56429 
32211 22648 
88504 14289 
35867 77456 
72499 16841 
52424 74215 
10793 83275 
62805 19079 
11304 30369 
18371 14300 
65391 67722 
50578 43771 
35557 12707 
37931 91265 
85782 73972 
65346 95726 
43888 39149 
76710 98830 
77675 42346 
65303 94060 
86949 80085 
68718 43638 
62095 90535 
34989 89950 
36535 10191 
4894 51437 
65161 74624 
11712 59465 
93774 35447 
34226 62289 
45569 24387 
51316 94997 
39899 7121 
37248 90190 
75788 34502 
5589 83165 
58129 16870 
56664 47486 
17990 18311 
8555 82096 
80150 92079 
94881 59486 
60729 55787 
93930 35961 
35742 35604 
13201 19649 
7382 92326 
90997 89671 
9046 79039 
92449 60758 
32373 70029 
71178 91613 
29991 43655 
39800 42442 
46189 98087 
42553 97319 
54406 28153 
51563 80463 
35207 93935 
14606 11960 
11319 67375 
66700 68143 
67350 51799 
80456 34555 
20967 31101 
70837 65326 
79581 20284 
88836 91787 
12034 57084 
35532 55271 
88260 95643 
3100 74316 
91626 37464 
2574 94854 
88367 62366 
69498 13473 
46504 2690 
48072 8483 
32623 37725 
42019 61241 
79086 72108 
86095 1111 
6506 1933 
36030 61395 
6742 65337 
96645 90734 
40198 20532 
8011 24709 
77883 93588 
87708 85769 
23452 90671 
83623 46103 
83379 75061 
26164 57705 
14432 67909 
81397 26643 
66803 43561 
97316 84411 
58498 55178 
4298 88257 
62030 44470 
77804 64496 
57988 60551 
96427 94085 
11698 37224 
31669 28110 
58997 55464 
87137 12332 
45051 48429 
64332 94581 
46160 90010 
69819 86530 
18682 44758 
94256 52268 
61477 46971 
87635 88 
48683 19771 
27058 61035 
88176 41215 
23445 48030 
87727 13795 
41831 2724 
65640 96098 
16216 53804 
25592 11013 
24444 30024 
26404 53515 
51156 94062 
16645 82894 
7591 89127 
71256 99247 
95867 19284 
62797 72101 
2343 16557 
23431 10228 
79745 83162 
5457 36040 
30985 35570 
27944 55389 
38932 18615 
4984 94156 
95883 2507 
87048 6713 
74054 23326 
11163 48154 
44169 78497 
47851 42138 
93032 42708 
53221 69248 
12989 26899 
83113 46955 
36220 63171 
2892 71617 
65098 61871 
31211 45343 
6135 53591 
89054 16175 
49549 98462 
86320 18666 
49060 17870 
67448 13815 
47263 79610 
54803 92200 
60761 46475 
73999 22268 
86220 80445 
18840 96900 
13603 79848 
15248 55697 
36064 15283 
73297 37873 
27329 21580 
74421 51204 
16868 97700 
26868 26184 
30753 64240 
36643 61345 
81828 29082 
83489 55635 
86650 15735 
61810 66837 
58660 16034 
45052 31170 
77100 39124 
58643 28565 
59461 42048 
1429 80525 
71552 43734 
38437 23047 
93789 43817 
98819 5793 
24871 90511 
52016 30493 
44751 67573 
2441 56515 
77649 99462 
38412 69599 
92839 5869 
94583 30955 
56016 72104 
38791 98214 
97300 40159 
74025 37200 
93254 66792 
54125 24024 
69795 39602 
47852 70714 
20443 89826 
50146 94395 
108 91449 
31664 89999 
98431 90235 
38081 59511 
18691 63430 
99220 96997 
88384 71105 
84688 27944 
5785 23517 
47506 53875 
83180 55369 
30123 58816 
81901 67451 
68256 92829 
46913 68932 
17122 59668 
39417 29436 
41949 564 
34777 29026 
60051 84190 
65 76383 
95275 84066 
90594 50685 
7310 48962 
8062 11093 
88112 49328 
44243 9242 
75624 13317 
93662 34776 
21006 49660 
56274 21712 
59727 91505 
66891 44288 
79193 85220 
81955 34983 
45960 91267 
26222 64486 
54150 60427 
52022 33684 
83299 97976 
91973 41087 
8723 30861 
92406 5628 
90321 48476 
99176 44414 
76823 96336 
30195 27719 
1636 63779 
9693 59443 
13711 21740 
58094 60219 
82289 34727 
28346 62508 
37900 92317 
54660 62257 
63656 79795 
32816 10088 
30673 35020 
82562 66478 
79341 19153 
52085 90038 
84240 62572 
12147 75717 
4601 34136 
53189 10682 
14558 21874 
42568 69592 
27802 6259 
21042 28130 
79806 53417 
17744 33908 
7436 54926 
41090 37236 
70563 93319 
59410 50757 
93196 17956 
19583 76568 
62674 74633 
64536 12211 
14648 44092 
1204 22793 
48839 9580 
39373 45495 
65989 91608 
68841 74862 
89936 59326 
67382 62527 
40432 52172 
35256 53382 
52085 22962 
33336 71730 
92716 44099 
61417 65579 
20487 2315 
50832 14985 
33265 44136 
61272 11229 
6033 24241 
65505 17636 
82507 51916 
77709 29947 
85711 27028 
31186 64424 
38874 6229 
39487 15244 
42829 42568 
81292 39247 
38995 97243 
33893 45714 
98053 30914 
42694 91634 
13595 43822 
54893 8766 
47300 48891 
64339 17829 
67622 30074 
11542 17279 
47479 59372 
57896 69365 
38117 20283 
6424 44573 
16109 12891 
72674 27029 
8331 96345 
18879 28090 
35830 58198 
52101 3103 
81626 86867 
52787 17167 
79807 63435 
44012 59775 
43651 82070 
33679 65304 
99070 54541 
62012 56607 
66331 53611 
64929 92310 
37772 2544 
20199 64953 
32169 23507 
77807 66713 
67417 16381 
88484 12219 
82384 51255 
35147 83840 
56038 22875 
40794 43847 
17399 33331 
73399 39938 
13371 40521 
93426 15932 
3194 34175 
92838 27745 
78018 78721 
55790 56338 
62038 92824 
30681 3886 
37629 19094 
40848 57228 
51123 74327 
76891 3501 
98113 60528 
7476 86879 
57608 60080 
17430 2474 
42891 34584 
32042 33683 
63584 96219 
14717 52680 
48215 22921 
31447 20227 
59498 44229 
60077 40618 
45559 33362 
84908 50331 
9519 2882 
57921 44827 
47102 16253 
26742 76947 
97390 95674 
26449 92489 
75324 27748 
7416 3801 
6271 42872 
24615 40589 
62718 71667 
45133 58675 
11079 62343 
40149 32034 
12645 76570 
15214 1215 
86856 68275 
98372 2126 
37347 89672 
49550 53156 
61677 61958 
76587 35761 
14119 94259 
43375 63856 
67606 33740 
33817 775 
25680 82235 
91647 49035 
68220 20321 
90634 7790 
75738 38442 
2281 65594 
66223 86515 
18866 71988 
95770 18392 
58511 10426 
19654 25612 
25935 77173 
84043 26061 
27652 56087 
20212 97507 
43598 67532 
42875 23371 
38508 61238 
12215 48704 
55851 17476 
5165 28008 
74716 18739 
55704 83359 
25771 54953 
66198 81229 
56271 29274 
62206 79495 
6046 38627 
61752 92268 
6513 13431 
56679 69531 
42979 14309 
58510 91014 
26830 86 
44152 29258 
8711 1032 
47799 45583 
26350 54015 
84568 44414 
21448 82165 
58673 26429 
78883 30605 
4358 48997 
38438 1952 
31353 23634 
4386 70567 
98253 54443 
31478 92862 
17042 49022 
97204 72530 
99852 13831 
79718 84153 
95124 79733 
48366 6418 
24459 90235 
39512 67036 
23771 24891 
34194 55489 
12717 23383 
76099 16815 
64973 22032 
68490 99940 
28529 13743 
66866 97421 
49996 94895 
40573 79958 
89816 68194 
10971 98706 
76301 29252 
86426 1107 
35594 76419 
5080 81903 
51920 48393 
65216 69953 
57910 12144 
69994 33631 
28323 94921 
38463 72808 
52138 78399 
37922 53848 
87780 50491 
74117 35482 
64161 40894 
35172 28133 
76235 50134 
22802 26943 
37945 18702 
20027 59691 
97712 72809 
38511 94765 
92030 26342 
60563 61473 
11268 14822 
40992 45267 
78444 86443 
62182 33796 
96501 77757 
42123 6220 
2564 57096 
79628 77865 
78641 27545 
83504 35019 
7438 43063 
73241 20573 
29225 6335 
57567 60215 
51075 84959 
94228 50983 
83391 3789 
9444 69293 
30232 45572 
8697 93871 
39785 19445 
41875 80583 
29206 37435 
95252 70732 
34110 72795 
70409 62199 
97142 60815 
75876 23628 
2334 42714 
1178 85905 
82391 46245 
64897 2282 
74559 42883 
28488 28773 
77403 20743 
45788 39792 
65588 64840 
74522 60559 
52706 41862 
10574 67373 
53179 45312 
18391 79655 
83460 68708 
21606 43503 
60031 39452 
86822 85531 
97109 64063 
80469 97878 
80491 6641 
3732 542 
95658 46769 
13795 15548 
18015 40480 
20964 78999 
31070 38492 
10737 11644 
24390 99614 
77447 66395 
37318 74020 
71877 72072 
56740 21047 
59041 96671 
47593 69241 
54335 60580 
93323 22555 
56348 40419 
50199 65922 
22836 17563 
74138 25876 
42731 41903 
61629 97450 
41505 1031 
57364 57283 
19828 7805 
20361 44663 
66165 45097 
7634 7208 
2818 35568 
29877 75916 
21885 36403 
57175 55539 
42699 94240 
4412 90525 
75557 33853 
5811 94241 
7855 95703 
95979 9723 
38269 82060 
50862 3934 
72171 19181 
6144 84273 
57228 93889 
62951 66079 
81959 76914 
11105 12884 
82008 2485 
48718 17404 
98973 33895 
53565 90554 
14889 8187 
66484 78206 
41758 19550 
79926 31002 
80045 70705 
85857 11191 
72620 94265 
26319 32313 
71356 21964 
7310 92463 
2469 58639 
81980 79945 
63600 99989 
82740 1330 
10807 18362 
83495 6231 
96799 29246 
3024 60550 
3123 42598 
18426 50534 
68484 97800 
43592 83660 
52962 78780 
41830 89168 
93633 6709 
84027 11041 
931 11694 
34195 29253 
17066 92021 
42710 41341 
7919 79742 
54300 85629 
88048 44786 
92528 89914 
84780 86289 
65523 84968 
31871 79447 
48657 30899 
45753 68965 
39103 66243 
78183 26038 
44436 4597 
57887 14834 
62882 71665 
30823 46536 
36351 96774 
83736 34296 
9033 47260 
88938 795 
4142 21531 
39579 31639 
39296 97202 
54131 12431 
37046 64392 
16448 35110 
51240 61060 
83428 10055 
22197 67242 
36217 74407 
94052 8083 
72808 44247 
76198 61752 
40021 18478 
7390 67681 
81075 5656 
85873 82944 
31270 11525 
61798 40233 
28836 94623 
49228 19523 
20528 70093 
4206 57359 
32343 17711 
32620 82635 
44515 29137 
37034 85807 
56974 11538 
85170 99662 
56507 49971 
84405 94088 
115 19305 
76411 64732 
10388 27966 
23994 26001 
38202 70397 
48213 2547 
85631 62911 
88024 50192 
97706 38466 
96979 27203 
25470 79911 
61918 79882 
34804 78374 
27135 2621 
85519 13722 
34138 81913 
33521 67391 
41942 36230 
15121 94409 
75710 19240 
57098 1035 
62620 62561 
18681 97219 
52965 96020 
12354 18950 
91824 98371 
69245 44560 
1997 99443 
11805 61209 
62476 75951 
71609 72979 
18368 57425 
43319 80439 
37963 86253 
97200 3019 
40567 56324 
82051 60141 
54737 88480 
38012 74865 
30740 87817 
4438 14620 
23307 67775 
51854 37650 
81207 19065 
89020 70898 
28658 47653 
96182 5321 
285 5321 
13849 58007 
96105 88819 
72771 16957 
55926 89115 
85244 54049 
13597 31010 
30506 64423 
80689 55159 
57675 66426 
26488 59493 
98545 75262 
66570 35110 
29528 45606 
45794 2878 
47124 63701 
3180 81334 
24518 57846 
35940 93871 
98274 87670 
37828 53812 
93525 67234 
73035 49617 
33714 74729 
60978 89328 
96604 2464 
89659 53265 
72173 4781 
45632 47072 
49946 8720 
47210 43401 
13433 62474 
94138 49819 
47559 10064 
1806 42999 
71327 97177 
70939 64796 
92411 32719 
54761 84502 
42987 53416 
24784 93407 
96836 64640 
3655 12712 
86585 59676 
28912 63932 
36939 51756 
35016 72094 
4848 88434 
92728 46360 
70777 56282 
24619 10163 
56599 25347 
23486 33478 
55087 27493 
36424 53573 
43607 10452 
41489 57377 
20314 60332 
36176 38564 
44995 39293 
77332 35497 
88717 42271 
60667 2395 
96476 36854 
4694 65363 
45312 13798 
8688 67418 
36693 42195 
87201 12151 
96415 92911 
44678 74419 
67915 66669 
42874 58219 
75559 39045 
31098 46880 
3363 13632 
54669 8753 
81544 56777 
30533 92784 
98422 72514 
80649 72654 
58386 64741 
43535 75632 
88022 25157 
42265 62831 
51937 80113 
73248 11281 
77438 27305 
94305 85006 
2933 94076 
32793 72270 
58776 53139 
4992 9210 
61239 38642 
36461 6257 
50418 15740 
99763 43079 
31059 70239 
40712 213 
81692 1380 
47243 51109 
81877 20429 
26000 47024 
70020 80535 
90931 89003 
84886 89172 
35444 96121 
62825 83486 
55101 47253 
59682 81010 
11349 94794 
41452 53439 
78457 23098 
40985 9574 
95612 51831 
9375 15010 
54033 64999 
145 20790 
85002 80114 
11950 21005 
78868 58766 
81211 10189 
57360 99814 
59986 65359 
41973 49485 
36317 34703 
9706 8835 
54397 75134 
4095 18386 
70163 44343 
74291 52138 
34193 19469 
47801 58783 
28344 84140 
3595 46584 
95090 98374 
1398 20237 
89300 41756 
40297 42953 
50997 99242 
65202 15079 
44653 41138 
13219 31754 
35639 33998 
93672 6428 
77690 7618 
25281 24492 
66595 94749 
11926 21860 
74769 54843 
24456 67013 
19008 90840 
70153 61846 
29399 68930 
73768 66583 
81237 55203 
64436 97122 
23775 90231 
61322 39327 
89705 32892 
77507 74120 
97521 18108 
16408 9681 
65234 89690 
17941 72593 
38415 89097 
22667 18495 
98101 3681 
61313 84602 
54856 3860 
44366 21414 
54104 27677 
21827 8967 
14839 3313 
6762 84207 
98897 35396 
7936 80362 
61216 19319 
96608 6645 
62852 89271 
40473 77160 
37981 50342 
73780 31611 
93728 92790 
36793 77197 
87382 37447 
10074 21046 
69399 15255 
89464 55576 
2585 41034 
96163 5398 
67913 1847 
93003 43661 
45697 43709 
82744 38197 
17150 6889 
97186 93396 
65870 29670 
46884 12405 
71338 13208 
90436 16101 
77300 16002 
99588 20188 
86699 25467 
41819 89871 
81834 36280 
75595 62728 
93485 50374 
55148 54723 
46002 1857 
71420 41747 
86676 1651 
13720 39644 
67197 91234 
22670 89356 
82598 92660 
19205 90659 
88801 42907 
36628 17881 
13737 4565 
53189 94078 
48993 52078 
21138 96317 
58998 42932 
14903 14057 
73038 96615 
75803 85027 
31695 20654 
13637 88604 
43790 42661 
36501 85346 
72523 30091 
19372 53188 
10197 5276 
89256 85726 
19785 92312 
134 86081 
18563 64507 
94452 11056 
54127 96339 
99580 94566 
76337 62274 
87430 6808 
40076 66272 
33356 86177 
83196 30462 
46474 14639 
11605 19199 
7714 94080 
89177 25615 
44194 21097 
74026 1765 
88919 50762 
64638 70609 
23339 86073 
19464 18309 
76966 29150 
91808 28719 
63036 82627 
78167 88441 
62102 95315 
12684 60440 
26489 4849 
52939 96973 
67698 41892 
93057 38480 
6139 25375 
8941 24061 
7961 96354 
87412 21301 
7313 9212 
16142 68487 
14009 23300 
14488 10594 
36359 15510 
66673 1945 
6839 64870 
78249 43100 
84314 43917 
14357 17225 
20679 88448 
94038 92143 
22080 7161 
8682 58200 
5261 35788 
4682 79280 
48164 36502 
20472 44489 
60516 92699 
96304 21459 
54967 51692 
81537 28699 
82219 23437 
48615 64061 
4653 52078 
85553 49130 
22086 38938 
79458 75242 
30612 10504 
22451 65835 
90853 93038 
68352 1940 
5526 76631 
43563 92930 
57839 25816 
68818 12951 
42064 21340 
79817 65036 
25518 98206 
44240 79467 
17212 78840 
60214 754 
82617 87012 
87044 68454 
36256 68121 
2883 51051 
64243 34471 
5936 49276 
77443 416 
75961 45463 
72568 71507 
90987 38947 
83317 4279 
50568 73993 
36581 58809 
91322 36393 
89764 24949 
93145 67596 
14429 14880 
65170 21142 
8776 79623 
69421 65155 
66850 25195 
87062 16798 
5935 75279 
57267 79816 
55224 51611 
21916 44716 
38662 20709 
90717 2592 
42761 86165 
797 18260 
46218 89372 
82405 6121 
2330 18408 
58109 53026 
7489 14733 
96697 36460 
59446 10403 
14979 93438 
7564 24721 
70775 5822 
23949 98546 
18607 81091 
79129 46934 
5945 24131 
88862 66331 
72349 15242 
9682 41258 
76429 32290 
99967 57218 
16285 80838 
30588 41514 
27910 25067 
24601 21726 
43055 44464 
29002 12787 
63096 76460 
73198 17910 
58721 43617 
48655 56079 
36565 5464 
52079 9347 
23410 19676 
70531 16921 
6161 45106 
51024 29784 
31529 69980 
89456 79587 
13207 2655 
94122 8578 
16289 19388 
27596 53548 
88789 23884 
7428 76078 
88325 36722 
50896 83817 
8399 99288 
81941 93086 
43167 46476 
79476 41805 
42182 75137 
35409 73529 
97334 11191 
7983 78354 
73056 57263 
1495 94501 
37805 84875 
76934 45568 
79987 20465 
99795 12798 
94648 62868 
61054 19088 
8660 61432 
65250 32099 
71563 78538 
65627 77461 
76835 58061 
40445 89925 
94107 22201 
46881 20227 
86632 23076 
59324 58517 
60365 82656 
97414 31378 
41029 64819 
75838 78788 
3837 36717 
62681 19826 
86830 93134 
16026 71466 
3301 37152 
79558 93519 
31363 33196 
57062 94587 
99421 74393 
53001 48840 
5194 35210 
61779 41474 
2868 12434 
11808 81947 
68090 92849 
22178 98337 
3710 24291 
9506 53677 
80535 8333 
90445 5639 
16852 77416 
61380 64658 
88028 67034 
991 92377 
23275 44465 
33651 22281 
90459 9497 
12029 77395 
91854 39801 
25827 6160 
93805 13774 
20202 56900 
91506 7127 
12245 63723 
66432 25953 
26782 22296 
28453 8639 
33800 92582 
47246 1783 
58952 77493 
68342 91087 
55909 91311 
77988 47273 
74690 49821 
28010 29140 
33693 85284 
56902 71169 
4761 13696 
46646 71445 
50419 59209 
36079 87184 
10353 71182 
71115 39758 
20192 52993 
9714 28892 
59848 58575 
15224 56564 
70943 2585 
65560 65157 
53262 73164 
77673 1541 
48700 32446 
96828 28996 
47856 39308 
28479 22299 
9171 31259 
96821 97773 
63454 57962 
98627 49744 
87662 67558 
83539 87597 
70954 8796 
32709 93494 
63328 26879 
26553 49842 
92573 99052 
89332 17710 
58781 77100 
73383 82645 
67335 78276 
99044 22746 
41084 93603 
97664 95304 
60306 63064 
14557 83013 
15115 890 
16366 88448 
19109 40964 
13023 16431 
25355 12307 
48323 37878 
6221 47678 
35136 85875 
7078 74506 
11341 94963 
60578 36699 
70816 58001 
52992 48297 
80157 41489 
66993 85531 
26257 69837 
86320 82513 
52510 61848 
36910 7618 
32082 78541 
56358 62549 
95581 20456 
29013 64145 
77393 94704 
97505 40200 
70086 57290 
63194 94832 
79468 24597 
17803 76450 
54270 39446 
6404 11866 
23870 71753 
7977 53840 
15080 31586 
33899 26127 
34750 73266 
87022 40070 
98775 73194 
94407 99819 
60080 71207 
25316 9463 
38238 75499 
32710 44679 
81616 44549 
11310 53940 
99272 75989 
48177 9881 
84330 51975 
52785 40143 
13114 13375 
92760 28784 
45087 60981 
28704 94346 
67464 10924 
36955 18670 
25339 63653 
32670 21800 
53283 81027 
57260 52600 
77581 4510 
74013 92143 
89611 88914 
23639 47543 
366 70801 
27506 47525 
73701 38385 
90505 37909 
1611 20657 
47747 15083 
28705 67475 
19742 28623 
54987 49475 
89199 30409 
46198 66911 
89282 46897 
59138 19933 
97928 3653 
45791 59279 
65744 36824 
34509 6028 
66033 84897 
99115 1778 
44666 65941 
17545 26520 
64798 10441 
90422 459 
86830 37907 
37020 68181 
97573 36653 
11085 48822 
4205 30422 
82271 24230 
38411 93003 
10256 28694 
74021 2545 
98093 98356 
47456 10944 
48945 36245 
84492 40541 
66072 49711 
79123 10259 
29793 21053 
40697 36401 
57113 79270 
24069 49535 
99799 51103 
84141 18168 
64929 82936 
50969 72391 
48261 41605 
4510 76228 
55261 21804 
39127 6104 
47216 10539 
47135 54686 
90593 84946 
17926 94273 
6625 48793 
44681 1981 
15126 45132 
54133 70170 
41573 17801 
26579 99870 
9776 32864 
53079 2400 
73758 12578 
84704 14942 
51967 79116 
64731 69537 
14529 53012 
98840 41768 
39976 2175 
10662 45345 
1733 91346 
50419 31868 
66608 38967 
72950 1255 
87652 48707 
78073 27603 
51949 46268 
11004 57722 
272 18583 
53495 45148 
69981 22174 
97344 41098 
25179 148 
81143 75691 
28814 23245 
88355 27677 
80321 49309 
50289 98978 
89302 77692 
71011 81548 
80918 60385 
92935 28374 
31809 20002 
51609 17881 
16778 16285 
26108 31552 
5894 97405 
77510 48311 
89292 70100 
82057 95969 
22676 23560 
7914 90044 
80357 45983 
54852 33267 
74646 79848 
74674 45332 
50521 72209 
16928 41729 
92696 89681 
99177 82953 
88586 84321 
84051 70947 
75118 16196 
56299 78340 
59950 61227 
32265 57826 
48360 58737 
1452 94008 
25957 82164 
95294 28079 
44280 48517 
1738 6896 
31508 17403 
95953 82343 
3682 68843 
37228 14292 
83210 90591 
90048 11065 
40895 50298 
63377 74965 
65321 75623 
26311 7288 
29152 16270 
50598 67144 
65760 15928 
50866 71493 
91547 79225 
42003 70001 
9451 79070 
9746 27620 
7328 13105 
95330 253 
21259 84542 
27986 94421 
68298 52241 
70 60548 
65788 67658 
68795 81287 
45075 92190 
85816 81264 
36308 67413 
1325 2675 
47999 92858 
62841 62357 
90075 51229 
30564 30291 
92434 9324 
60922 46909 
52305 14452 
67855 27165 
3233 743 
57435 83014 
36077 17511 
45556 32754 
18143 92724 
10722 55638 
50427 48607 
4378 93219 
74901 93567 
39758 95093 
93890 24851 
6882 56012 
91793 89761 
16126 93780 
55768 69716 
55687 72925 
76449 71119 
59322 87817 
72388 29705 
19874 80719 
22621 60955 
51398 85215 
10602 18134 
98120 53499 
79734 51683 
11964 47234 
