74709 89427 
23567 22578 
38157 30857 
94165 33404 
81080 17595 
30199 92825 
17357 79564 
16469 71341 
46375 80995 
91698 59112 
10330 9111 
14431 66256 
28439 17086 
63266 10800 
78794 18300 
41812 80381 
79918 20413 
16648 84440 
83597 82431 
2644 97272 
28122 75657 
24131 29154 
16819 30328 
22680 52703 
80578 53732 
52715 54681 
55086 12724 
4648 79657 
53537 83816 
21951 81244 
43843 87407 
33313 99093 
45702 39200 
3977 35362 
47351 71504 
21366 13098 
4442 99860 
69267 60763 
24185 36309 
12154 82091 
56762 79633 
6595 38529 
12988 45025 
80269 92694 
2283 30884 
70750 35614 
38252 58835 
96009 47935 
90515 64564 
36501 25880 
70893 61673 
44728 36401 
29674 48550 
62336 52793 
3376 79092 
17093 62006 
99308 72143 
92488 27907 
24166 91628 
11257 40989 
64019 89634 
50762 84295 
1272 68036 
12972 97802 
10513 80814 
4683 29053 
9640 68795 
44650 16521 
55275 91328 
3479 64025 
62160 95282 
99393 29419 
95113 40754 
18410 68888 
29070 84989 
1004 49344 
97851 11311 
38968 65736 
55503 78183 
56002 77548 
55425 55074 
3450 9303 
11950 6401 
88639 43593 
46656 82590 
67439 71973 
37407 78166 
74959 58993 
81962 20793 
38684 17709 
59972 62315 
16899 91217 
27278 53097 
31923 84042 
4648 94339 
22440 89701 
29439 79569 
22133 16268 
23132 56103 
82855 20515 
90310 60061 
99755 22986 
5344 4368 
63027 91308 
61913 28204 
56383 47122 
57468 48476 
45891 73192 
59818 89143 
54448 71578 
56269 2610 
96991 51196 
17075 38910 
59407 3650 
14447 63006 
40180 59926 
25941 68330 
37954 7341 
16805 85518 
60471 86079 
39671 39338 
50770 77737 
11985 63914 
75059 44454 
31642 46607 
93321 76562 
69539 34310 
38532 59089 
34071 2380 
63233 73058 
37113 56117 
73282 6175 
3593 7384 
57739 59344 
57492 44903 
41127 385 
85972 95731 
29739 34376 
30282 57552 
97176 31261 
77200 66691 
55970 75661 
27997 55117 
91936 81283 
3253 41219 
95800 42861 
1307 93755 
12681 82294 
65776 6144 
44182 82429 
33219 19134 
80108 91887 
25956 33896 
7260 27417 
26956 64709 
41279 96413 
23847 90670 
54160 11596 
37303 79238 
24883 72252 
55421 70907 
23467 42032 
80173 33961 
49819 61974 
54601 21001 
87917 99249 
80176 84803 
3117 47050 
52551 40105 
5816 59139 
40946 90003 
28229 23732 
11479 70933 
12690 55733 
47987 8564 
89681 13761 
55226 18452 
31702 28997 
38819 29912 
5121 66534 
43904 59350 
6330 26783 
177 10142 
60768 34371 
64850 30172 
83846 55077 
77034 15267 
51284 27528 
37155 7015 
3081 95682 
3208 96836 
10079 80592 
52047 14674 
65025 35482 
88328 50324 
21068 86893 
96376 28126 
89750 76425 
20915 31686 
27900 82595 
31489 54243 
88187 20363 
72354 32457 
81661 87075 
24731 6635 
2268 47899 
11509 38798 
93082 31261 
55871 11491 
91952 35364 
64759 24869 
80256 30547 
45693 7338 
72641 79086 
81216 55932 
27893 83943 
79026 26579 
31515 21076 
87890 1562 
99106 6082 
19484 71727 
76292 95276 
44563 84363 
65774 23748 
38175 24202 
94930 38512 
33149 14581 
48470 93539 
3644 48606 
29793 35293 
41294 86000 
81983 22331 
5323 80340 
94787 90590 
24984 33515 
47455 97167 
7747 9478 
88990 49745 
59936 77772 
37127 56213 
57798 98774 
85283 9641 
16521 7268 
42742 57429 
92259 98694 
97514 90282 
18002 73289 
83585 26597 
17922 47370 
54681 60922 
66839 98099 
15206 91330 
61532 68364 
35688 39874 
48835 21752 
84823 32723 
11828 4126 
43155 12156 
49884 37921 
24426 11273 
941 48046 
19821 34101 
45090 94144 
97601 48717 
97421 62985 
36038 19078 
45023 56867 
41085 72423 
8162 99183 
1893 23463 
8865 66678 
67067 53973 
11474 49416 
82447 77002 
59239 34125 
17260 98590 
68591 4322 
19632 26702 
58458 51511 
84743 67035 
85862 95756 
89306 88402 
30971 21040 
44606 36625 
24900 41089 
46982 25143 
41781 24731 
59404 33008 
82948 26324 
40759 96509 
65584 86470 
50430 89337 
90739 90933 
94957 48045 
6404 1598 
50844 14479 
100 2294 
92975 34923 
52492 34426 
81647 76915 
58576 32633 
12894 98975 
76243 9062 
16536 35949 
93347 76339 
94335 43243 
13913 43958 
26642 76882 
51675 70574 
40088 73190 
84887 5538 
21179 31790 
70187 7037 
81025 98705 
35270 81326 
25008 92544 
70220 47790 
57823 16043 
15569 97950 
59139 47710 
1524 83043 
98002 13850 
27227 34417 
15184 99975 
81573 93764 
91793 72397 
97775 6045 
39779 45739 
2752 7031 
95365 50190 
69371 19446 
69981 23505 
4684 57002 
14910 77059 
10492 23961 
85678 62725 
33975 89395 
50110 97906 
85533 9909 
69996 89724 
38624 72373 
507 36226 
42100 29076 
93747 72353 
69375 1721 
63274 71549 
745 37807 
64919 10010 
85277 13207 
75929 49952 
56907 88109 
9225 671 
85713 40020 
82476 71765 
29847 17140 
72732 41563 
16162 78167 
26519 25628 
18314 10493 
62577 45138 
19972 47732 
99842 63030 
47727 39654 
66797 76961 
33394 62879 
99986 32474 
18633 99017 
19274 47186 
46148 48490 
75325 17405 
91203 92870 
831 12229 
74795 66335 
61172 47051 
65539 47721 
92468 68298 
21169 38655 
35413 74303 
42548 50365 
21781 43422 
13139 82058 
47204 39790 
75162 37076 
68558 19598 
49967 89611 
97229 66276 
44653 84326 
20580 41729 
99535 24029 
73045 52532 
21824 76409 
95641 94963 
19683 9833 
68024 60812 
97832 50366 
70797 57090 
959 37390 
37420 17084 
94413 43607 
84863 57643 
53013 16710 
70052 68150 
88270 94609 
5181 322 
81922 43898 
79151 64796 
9399 72087 
74654 30405 
30700 68146 
40849 65115 
98105 33036 
80091 53773 
80273 72160 
33869 77147 
30489 35020 
7852 39188 
33161 3915 
58889 84964 
47157 53104 
77820 60481 
27158 22621 
41125 27354 
44927 76833 
71723 60269 
51257 46794 
44640 23243 
16296 87621 
96804 41856 
61099 17327 
51885 62984 
46429 41971 
50871 20956 
16201 13447 
87006 9672 
2446 10894 
79730 93873 
86234 84446 
86419 79600 
74760 50926 
43033 3787 
98614 85086 
45165 96035 
55239 7140 
29529 11781 
24682 27560 
92583 35405 
61958 73529 
87772 4248 
26713 87898 
75787 10090 
45302 61164 
63260 93330 
13058 29721 
54488 56912 
35190 49511 
58057 92008 
73642 33223 
35656 25496 
14184 21299 
53886 70512 
93124 42272 
1558 85626 
26250 6330 
64730 25665 
63949 67521 
9670 97748 
55931 84618 
9940 19818 
46585 8433 
67986 15744 
37706 24257 
23873 71014 
49195 82082 
14243 16139 
80294 54401 
43082 1012 
24017 71655 
52571 72865 
15674 98740 
37055 72828 
2711 32516 
26089 21729 
7581 19883 
73546 74417 
17947 18739 
28955 83726 
79246 50018 
34479 30150 
83491 18003 
86400 41334 
45150 8252 
23479 46718 
30064 7719 
56243 86941 
56550 30015 
31012 25107 
19228 70310 
30418 87527 
95544 58924 
48170 95285 
82578 30508 
40019 34765 
77452 76492 
45111 55239 
58491 2573 
92387 74658 
46260 70077 
55166 21006 
23714 60320 
93747 35870 
72904 64462 
30635 19338 
42039 67846 
35911 887 
91165 67452 
61285 79637 
77348 33846 
50571 89138 
30924 4881 
71556 6810 
43279 77413 
59687 46237 
33555 45424 
37515 41671 
86788 18202 
75496 58466 
59222 40595 
89546 40548 
27866 28868 
28643 36655 
20842 30332 
91808 30717 
2688 12641 
27969 38592 
4471 89555 
14473 23320 
82439 93961 
80453 24099 
60899 16080 
39757 90398 
65109 35030 
24839 61933 
78204 85300 
67769 37678 
62500 16205 
57453 32629 
70030 21999 
13173 29766 
29720 43093 
53724 96441 
39369 64706 
8706 49374 
9435 68258 
13943 20521 
2592 22978 
56544 97230 
88133 40422 
86750 84469 
83514 52994 
93547 64303 
86674 19057 
48882 8399 
12248 1861 
61391 33000 
32388 17249 
44695 72663 
88614 96013 
97602 88951 
84990 60733 
13969 23373 
94871 74106 
88513 50047 
13573 75988 
61518 82859 
67541 89783 
50160 44361 
46944 45279 
47119 9203 
63079 34715 
28121 93580 
44584 91541 
99276 74000 
77173 57301 
32327 83622 
60465 80991 
81331 52470 
2417 77421 
47860 29036 
97030 56365 
63440 45074 
34146 22623 
87740 62865 
71570 38668 
78939 74770 
59177 36154 
78732 8587 
42276 60318 
68591 29054 
87241 32200 
96182 15779 
66235 17590 
41263 40918 
9857 98756 
88897 66162 
86625 55250 
4515 27870 
96420 73484 
60086 81638 
71391 21246 
43644 33169 
62268 42978 
95375 90989 
50643 54383 
52683 38384 
68494 40805 
53921 36853 
25073 92838 
45873 41459 
38269 44731 
63628 29643 
42625 16435 
3129 19385 
99438 98504 
86484 80027 
65706 60547 
28009 19654 
88157 8606 
45044 66621 
76197 64528 
21708 49604 
73342 91339 
26065 20537 
90526 42567 
1586 57823 
86685 70663 
2306 33422 
82069 89846 
17753 26735 
68009 52152 
38520 20627 
33153 61901 
46218 20517 
60730 23481 
72647 96153 
63916 90070 
62123 57482 
17184 56808 
88219 41011 
10294 20925 
21582 1074 
98595 13477 
19006 71639 
48405 92574 
5631 88613 
79435 76390 
51899 40006 
87590 85720 
4808 41931 
90958 60486 
19067 22063 
79370 12384 
47880 29036 
63662 76669 
95391 76164 
14608 30160 
3240 70957 
53453 49615 
42190 78106 
6111 94910 
6472 12888 
61261 14831 
63259 64429 
78967 89781 
92610 3799 
80902 45352 
64235 40613 
15853 93438 
36618 53634 
34915 83480 
31306 35812 
29610 75402 
30580 62245 
83177 77948 
70272 10774 
60328 31386 
51139 39198 
14033 51898 
71990 50574 
19213 96516 
95692 58602 
52715 52065 
95190 98816 
26511 99332 
90851 18089 
46830 54570 
82720 14929 
15735 44452 
1700 96090 
13658 27684 
52186 61214 
1487 36802 
95347 26556 
59045 76986 
27047 51263 
33111 85292 
37297 35249 
2648 23283 
99152 16414 
81468 48828 
24163 6756 
69300 88693 
38743 71864 
31084 12565 
81225 76366 
31257 91279 
92950 89081 
74940 7268 
78346 65937 
11101 73624 
38771 6176 
34176 9698 
42787 7917 
80054 15739 
81580 32849 
49960 86891 
72398 26635 
11477 7690 
15150 31563 
19805 72236 
77740 71021 
74317 82348 
84234 81595 
75587 86234 
6621 17886 
76264 33632 
15701 57584 
25536 39830 
29583 89909 
91388 70654 
9247 79232 
7459 83217 
89849 57462 
32024 83148 
3698 13795 
25476 87986 
46237 18420 
49661 18572 
59929 38006 
67506 75529 
62574 75108 
74610 96280 
26394 91060 
25810 29580 
22110 52495 
29216 9151 
78301 75321 
67806 55775 
70455 26810 
74369 88064 
46446 86374 
29477 76144 
15557 58699 
74096 29614 
76708 79072 
28582 71394 
38225 50068 
87985 12453 
86236 1212 
19986 8912 
91731 68759 
26216 52658 
7334 51493 
40337 19338 
93987 10189 
26963 73500 
35067 43380 
14374 9635 
40825 90107 
40922 90023 
19597 81528 
20133 25519 
93897 87592 
32755 33808 
69266 82398 
35303 1157 
21697 82451 
34183 68323 
55446 95711 
12011 59019 
97242 56138 
8526 70246 
35167 8382 
52298 47765 
80899 50354 
11430 77148 
32538 37563 
81545 31074 
41907 2460 
57562 26933 
44987 44454 
42127 65294 
97082 1832 
28032 39424 
65314 25505 
54545 28808 
70233 36326 
78312 15481 
35599 62662 
18320 91006 
806 22964 
31410 54047 
73959 39288 
49895 33750 
55264 42005 
66079 12511 
40184 53414 
79829 63232 
19727 18523 
34802 60776 
31257 84938 
56535 75103 
77384 20652 
71350 4430 
22784 98436 
28832 60778 
99187 68617 
72653 77397 
97336 88212 
4582 67790 
1352 73712 
64761 29476 
25740 97233 
7669 52101 
48183 51350 
87661 59146 
92303 66581 
80591 85251 
3717 77336 
58710 67027 
80022 97078 
4928 4241 
60736 81497 
99454 30404 
56765 29713 
36957 17025 
629 97815 
35602 24177 
28452 76509 
80668 1533 
62647 15195 
4910 38656 
50253 58486 
45461 61078 
26044 98024 
32748 69575 
11812 32343 
60780 24072 
33641 70645 
60119 80714 
37522 12510 
44950 911 
10312 84893 
33887 64534 
67850 20208 
50492 35950 
54910 14841 
93984 51203 
12751 16160 
33165 17426 
9161 47881 
17365 41404 
93168 98588 
17017 33256 
32031 66300 
3466 63322 
11634 73138 
52702 85562 
33072 38472 
10945 79203 
18010 26384 
91331 1846 
43294 63821 
80461 91860 
61351 59534 
21120 5690 
27039 40689 
3259 26532 
43932 63994 
39106 34870 
63407 51250 
20329 88484 
18444 45419 
55189 19784 
50726 82617 
61905 21732 
94372 27903 
50773 60076 
12596 28267 
62059 19290 
44577 94938 
39271 62349 
9012 38947 
8178 60327 
28097 48792 
730 26867 
81094 17181 
10066 74624 
70179 94935 
87855 96116 
82926 74533 
98449 59722 
65557 83165 
25689 3136 
79026 95753 
87647 1159 
95996 62075 
52218 82505 
10972 78966 
62177 71167 
78116 28485 
72166 31860 
61677 46021 
72058 6248 
82513 78500 
21240 36857 
70850 42162 
46568 88990 
90183 91829 
63107 97455 
80154 69149 
61245 84538 
77282 5989 
66348 18418 
11560 20969 
17869 7095 
44225 62065 
33663 51911 
7441 16290 
22213 16851 
30135 28636 
80608 5107 
85899 46783 
69311 72725 
78679 35532 
86095 50674 
89844 85464 
71029 91324 
46283 74044 
61958 3037 
33354 24188 
85680 87487 
68752 45245 
13826 48313 
73818 34448 
34474 96828 
27316 63039 
90576 40803 
63380 70605 
14543 5652 
80107 43613 
44636 3934 
58202 59693 
43332 38641 
50085 37892 
50393 98540 
89066 46959 
94102 79707 
85443 88673 
52988 46376 
21823 91242 
7320 26388 
33477 19059 
44745 21747 
61203 29366 
87698 3188 
93971 83837 
91509 49160 
76514 53671 
21654 84254 
43083 40445 
56166 69868 
52729 71825 
74949 767 
43770 21161 
91595 65212 
95498 43051 
55269 33455 
83752 13168 
324 49649 
43574 9935 
49532 15607 
7040 78118 
83169 71348 
67188 69914 
70661 96979 
30041 67852 
24093 83256 
55890 55626 
73608 43990 
58250 17903 
83579 72522 
24353 18240 
25386 76589 
44554 25432 
97766 61158 
89678 32904 
38879 67197 
55162 43238 
5624 15848 
98697 70467 
5190 52095 
34166 46470 
51417 29776 
8800 4607 
84297 30669 
82764 53701 
34742 64378 
50808 48502 
38782 52889 
94147 8990 
5391 63899 
27382 40189 
20402 20420 
10078 56572 
25315 80651 
25516 20758 
44252 51748 
90168 64833 
44943 73864 
46609 74505 
10313 86725 
9870 81187 
66133 70009 
82631 25205 
57121 30904 
28206 24518 
89016 97505 
91915 7626 
57348 65072 
91242 46814 
64992 33674 
53071 58437 
90040 70370 
62330 20630 
3160 26861 
553 95654 
49293 44373 
95122 34043 
2428 81590 
70386 80748 
74123 8546 
90387 99710 
6587 19657 
9568 82569 
9305 32448 
2637 9692 
4598 55041 
27671 87232 
31928 25080 
87573 92674 
23374 45545 
94149 23079 
3461 68774 
6383 55226 
85304 9021 
9868 94897 
32068 95999 
27893 13742 
27803 17114 
6381 46491 
54949 34494 
94587 48698 
7145 4377 
51457 95789 
75476 71102 
43522 37877 
33839 55667 
64383 11596 
14888 9701 
98147 50193 
11826 59717 
69547 26141 
63299 23626 
72040 6752 
78752 41755 
41836 2574 
39805 27974 
50580 40806 
69592 13083 
22341 1527 
96438 22170 
41574 13221 
50880 488 
7904 15907 
25741 78197 
10848 65118 
97818 43389 
43011 68039 
56728 74885 
43822 14311 
11531 71604 
67547 88314 
48998 3627 
99081 27198 
98725 1627 
98945 19478 
19760 95939 
44965 22731 
61026 14310 
52217 15700 
63539 48238 
95184 90118 
66248 1835 
26403 30562 
49338 44234 
84479 26892 
98882 96877 
10954 13117 
5007 328 
50346 28983 
12038 21831 
90547 56142 
23587 84399 
11831 89447 
28138 21015 
51868 65746 
51407 83388 
61427 87477 
60604 63719 
20869 46447 
42688 20044 
11065 74346 
53818 31006 
84011 20892 
90416 44246 
58243 87924 
63606 24150 
72016 28330 
68267 49280 
63282 52401 
25538 57599 
9642 70995 
43332 88463 
53743 44865 
83273 24359 
59993 2541 
44416 92507 
97011 35375 
74251 46682 
16881 77656 
95674 13009 
7067 32155 
94972 49961 
23762 7011 
50355 42464 
76464 88581 
93137 22707 
22752 86678 
84412 86191 
49509 53565 
58918 50514 
62240 96151 
34743 86549 
77692 72001 
12625 36889 
16623 84126 
91844 24859 
23355 66911 
11019 48849 
96670 86165 
81616 51398 
2624 59914 
19566 50168 
54029 43398 
96112 18869 
83626 11691 
22864 10165 
8400 16388 
57979 19737 
80997 89045 
70539 935 
50889 13318 
28359 52816 
12702 90242 
80853 20890 
2044 76626 
93028 69498 
10181 85230 
49302 7528 
28115 97235 
86522 75028 
97839 52413 
34467 27304 
44029 50520 
39023 85193 
82891 18593 
18380 55490 
56610 73147 
55775 63835 
21581 33745 
63678 83935 
26548 24929 
63789 91566 
52790 37240 
14799 19591 
52655 4837 
85604 41090 
15052 97181 
15501 61715 
6887 15315 
24871 59500 
87984 29472 
39953 70622 
73690 94022 
73526 82969 
24154 28278 
59681 65900 
72151 57162 
75318 34196 
62406 64506 
93618 16949 
64486 23523 
5451 78027 
38642 33945 
13533 13763 
79382 13391 
51117 35615 
35095 61721 
2105 30832 
3700 41445 
2678 82527 
34095 94689 
85905 22046 
21062 47809 
90260 81185 
67355 38414 
90552 9517 
832 36377 
25538 23026 
76780 20381 
90302 54180 
66012 14562 
33458 80777 
27821 86068 
49358 21086 
93563 53607 
83679 96235 
41400 59535 
77131 77269 
25676 13603 
56490 53942 
35398 25148 
44757 85074 
95491 2348 
2979 16143 
91743 12108 
35101 78844 
95803 62188 
84198 19419 
90104 88397 
23536 37854 
44251 3988 
99118 58398 
74208 95806 
11755 93378 
23514 32368 
36117 6903 
41797 82662 
61884 32789 
31 31346 
7777 51968 
74235 15917 
3150 88570 
49757 4520 
53752 41080 
46794 79224 
8395 25143 
44474 88952 
21479 68055 
85615 88649 
62670 61390 
77164 86870 
59488 47933 
62381 82652 
71201 91766 
29977 84340 
83081 56283 
42699 67991 
78982 93894 
13286 51051 
97149 33308 
29216 28168 
99252 35534 
29371 40349 
85890 78145 
65491 26086 
73140 18805 
39225 33663 
4191 83744 
91616 57529 
7730 24570 
36005 98456 
30438 87722 
67635 37125 
64816 44856 
53657 53859 
65537 39578 
5741 23425 
97612 16214 
64204 63108 
87881 9664 
77295 14744 
57685 91900 
42243 96939 
99058 90302 
85667 72392 
19368 15770 
135 37077 
20049 64434 
20919 52953 
93939 85787 
22433 13960 
22686 42199 
37347 56240 
30800 20014 
53047 97835 
6136 90825 
19897 20570 
27954 63006 
13658 87372 
53174 8235 
30466 22000 
99023 95469 
56917 64935 
26021 15738 
50114 59170 
69084 35093 
82916 12652 
86493 70222 
58186 30380 
96587 41444 
72476 8416 
50247 21221 
14385 34558 
43609 62802 
15744 45970 
9875 63246 
34780 52745 
41737 87841 
39629 48215 
86621 58787 
77791 91750 
25811 90043 
62585 67863 
95486 32356 
81156 96606 
32819 77726 
30265 94606 
33471 60981 
15892 63473 
88200 87591 
10546 12920 
25753 11524 
48275 9626 
26819 84666 
51462 79646 
89531 227 
25844 82176 
20880 56550 
30541 15498 
324 74870 
28458 12146 
12049 14832 
49074 29636 
70479 44933 
50402 45568 
70046 41592 
49829 21436 
74665 10150 
4583 8219 
24971 43865 
61718 28606 
82102 62859 
64807 85656 
45637 3958 
99944 15792 
80307 64511 
87172 25168 
61163 38516 
75142 22804 
114 21763 
76575 91313 
48113 4223 
90013 16605 
76729 12512 
89370 31652 
30421 13036 
26994 16213 
6605 37295 
88168 34350 
64389 44829 
55461 84651 
84877 96410 
89817 84253 
6010 70352 
11975 7074 
33141 18176 
72560 49113 
82894 22385 
32116 99238 
52334 88712 
33402 52576 
18047 77988 
37382 15428 
60490 58623 
11689 15590 
77784 39726 
5699 50001 
121 26992 
19919 72865 
41031 28768 
79044 51676 
25005 28056 
47808 96034 
12287 27747 
86699 94717 
1142 70975 
30608 80138 
25509 36275 
87651 76149 
81635 8062 
97718 75104 
11190 26996 
60654 33139 
40275 31887 
42581 68828 
23886 15080 
95469 99700 
73583 26626 
79895 53522 
52472 79035 
63803 46840 
6091 24065 
81151 31955 
60376 95736 
73448 75309 
58603 39628 
4510 45240 
28071 77563 
34149 55078 
64229 88842 
60042 28796 
95087 24532 
88717 30699 
41937 9608 
76334 28130 
23795 29312 
87892 36672 
62400 40689 
59492 31085 
32257 98024 
12479 91977 
65895 31790 
60541 98185 
68372 74702 
71274 67896 
17033 85628 
92250 97723 
22622 82322 
28287 48281 
6070 57381 
61393 77237 
1643 18266 
37794 26389 
31572 61909 
7458 28001 
9928 67146 
90712 7450 
24203 64129 
63824 24191 
11892 18836 
830 11081 
96396 52951 
82426 43343 
71587 4646 
84407 92708 
27677 24147 
87910 99772 
92323 89497 
11643 28130 
20399 22553 
52304 47563 
3464 82994 
33557 30358 
85664 19004 
6227 34795 
66666 57310 
12771 92882 
44193 22365 
27631 15636 
98816 84731 
11722 78498 
51902 52084 
74110 51938 
33941 32795 
16821 97840 
84965 21628 
49787 60989 
71363 79886 
2067 46753 
44117 8206 
22788 91045 
82343 39184 
60642 96655 
62968 9178 
34330 31302 
72505 3865 
57988 57017 
30090 10513 
65424 87932 
22284 51435 
84898 54123 
59652 17721 
52225 82831 
52678 70094 
14124 95215 
70354 24623 
66033 56719 
88565 95017 
89023 12210 
57439 20364 
98962 83238 
16848 67440 
97760 4080 
67542 60052 
21301 25670 
61695 54455 
11574 22083 
11139 49420 
1568 92945 
24148 92385 
90629 66944 
72371 18896 
5289 76551 
58347 41647 
85969 92160 
1001 87475 
13504 75003 
81658 65980 
91087 32547 
96268 41781 
27027 37507 
40954 73942 
21620 2178 
17412 80718 
47462 83466 
82321 85552 
26699 30859 
80631 1082 
51004 79451 
96452 11983 
60454 33269 
27230 24546 
96039 80298 
37002 61182 
67200 29921 
72741 91399 
30542 65965 
34155 7320 
58822 64064 
71763 71423 
90317 30778 
50687 86952 
87855 83697 
58306 67312 
4064 6727 
52776 9785 
44807 82799 
46386 11012 
46320 27435 
92827 96948 
33207 20947 
651 78385 
4255 64447 
26588 84634 
916 65445 
11798 72571 
49372 92488 
11810 56040 
31214 25110 
36543 51453 
30106 65313 
60722 89454 
22162 69854 
86920 99613 
26339 8809 
43590 35419 
7781 55208 
78661 70160 
31859 62968 
65614 60835 
99539 95917 
73436 46834 
55763 29398 
64447 22904 
51678 57762 
74708 1770 
58834 5986 
581 60811 
78890 61736 
61973 49306 
65892 15374 
37887 18014 
79853 19724 
73157 21244 
20151 58875 
36549 33062 
45160 45820 
69919 13932 
70589 52480 
5687 61803 
53131 12427 
45645 82579 
8341 26590 
87911 18887 
82046 45285 
60885 83175 
93146 96111 
73081 51463 
92306 76549 
16003 87418 
35847 32566 
63538 82934 
57030 82 
95809 21041 
27976 94846 
38077 89695 
44624 98088 
45929 916 
34419 260 
86915 98707 
81811 33229 
65695 71340 
90204 42506 
14930 18840 
50659 25366 
27299 64885 
67397 88217 
35435 43829 
98119 57069 
55999 38204 
3146 8721 
1745 89780 
61572 77032 
31122 58190 
4881 28644 
48819 55075 
38928 95535 
92648 38871 
73676 98017 
42221 15602 
56768 91092 
63130 54427 
11802 19505 
56685 93172 
15056 72433 
19711 78742 
5485 87416 
31539 60032 
11941 64950 
76019 26849 
98872 20126 
75254 67359 
77151 15749 
58696 98693 
237 92552 
16391 10624 
67509 36466 
88320 50571 
86432 326 
23199 69719 
3076 27957 
99503 44663 
96604 12303 
39146 86732 
47442 56032 
59914 52034 
31189 93048 
6633 69274 
60680 72354 
73004 9499 
97202 1938 
76162 32230 
78476 99655 
74191 55741 
65840 522 
23236 15843 
95957 25405 
55274 97074 
33410 24782 
20230 43008 
59722 73069 
76844 78246 
1596 3932 
35528 3671 
96604 45107 
53453 58662 
18087 32395 
57169 79231 
32666 56847 
21310 19425 
43581 26603 
63278 44819 
80961 5368 
23263 51588 
36172 23261 
86553 12364 
1555 42546 
70846 999 
69141 705 
45054 2322 
62346 46396 
68145 70139 
23179 30008 
36586 56962 
54177 9850 
7248 2332 
19027 87468 
18915 33110 
38778 91114 
70058 98737 
81584 85122 
23109 37223 
33033 94743 
96213 43487 
51474 919 
72244 90700 
58098 77580 
1903 37387 
85098 15200 
2758 38314 
6894 98689 
59333 65554 
9180 85129 
10718 37649 
8468 57433 
71598 49382 
20836 13698 
70251 92454 
92758 88831 
2745 58239 
49160 94976 
96426 17772 
84270 10342 
47782 81274 
19369 42208 
49828 49769 
78184 39205 
52402 84723 
85498 30431 
5119 38129 
77397 24486 
17176 5119 
22676 10243 
30820 83911 
94033 62970 
46004 53781 
94995 74349 
52607 10776 
43925 93034 
23567 32981 
39982 83547 
97368 82440 
87585 85652 
31556 89174 
35699 83782 
40294 4282 
96185 76654 
38445 53697 
41482 70907 
2274 71971 
46055 9406 
22570 46298 
28329 84805 
69851 55012 
70222 82026 
13277 41921 
39965 39493 
35004 28098 
20499 18293 
59914 26106 
50588 20864 
77037 88171 
18644 6382 
63420 89420 
10321 8706 
33818 20064 
105 74570 
30291 36291 
94374 4629 
34653 98625 
78861 98052 
33674 8645 
96945 72548 
92050 40215 
86882 56001 
91367 49738 
35868 23368 
74642 41471 
66719 83030 
95482 58563 
59023 498 
8529 68210 
20737 84176 
53539 10238 
68526 47843 
79324 82390 
45519 7559 
25761 42754 
3718 66916 
32134 19996 
4938 93854 
68333 35472 
48955 94707 
91779 57754 
20431 46720 
17383 29778 
57240 58952 
50492 31556 
81975 93316 
73463 67256 
5680 92434 
95366 94499 
8295 29054 
71290 45805 
23812 12976 
72825 27413 
9807 65733 
44508 19055 
60801 745 
12378 39775 
32818 27182 
20250 89508 
82521 29523 
56922 23908 
88500 61559 
3246 70760 
14545 33572 
71852 50343 
95152 64453 
34262 19226 
72060 16752 
30266 17240 
87258 31922 
32622 60734 
42703 35515 
96502 91758 
69875 87603 
57588 62393 
13368 12424 
55295 6269 
21843 53051 
48355 25122 
56962 61835 
58807 97299 
76354 55428 
27437 97226 
20155 34389 
88802 91 
32382 91701 
77193 34422 
78125 11945 
56230 36681 
75499 93475 
24283 56686 
47314 9599 
85480 60373 
11575 61609 
91797 77332 
72221 66432 
55583 44517 
41912 64752 
3830 4700 
27230 31624 
95606 28455 
33281 20949 
52279 41852 
99509 77580 
56532 58559 
61424 6443 
60609 34655 
43979 96696 
6864 87220 
31502 60820 
4371 43659 
26373 63423 
24240 17699 
4023 82650 
73223 40145 
95413 68258 
80311 7727 
79759 34737 
84236 51743 
50099 55303 
41153 69733 
22171 3148 
81229 8001 
93142 20038 
30481 30610 
20852 79142 
79924 61311 
86553 48946 
27926 38893 
24513 58148 
43662 83568 
50400 7630 
99636 32246 
97017 74930 
99466 63957 
70748 9059 
83488 3150 
74981 19084 
29200 58263 
7807 18597 
76146 25681 
30469 99994 
95605 65094 
20293 77435 
94253 31271 
67277 55414 
87966 29393 
47019 51087 
7020 46332 
4339 22780 
97176 98658 
11743 34578 
62464 29653 
24762 17435 
54977 82233 
42269 70966 
54576 72443 
94003 86862 
97118 89072 
19835 64844 
3681 48917 
75720 35113 
35227 44378 
99797 97462 
47245 30318 
98791 36529 
47131 10478 
69616 75096 
63413 265 
54028 82930 
20416 62358 
35178 67332 
74525 34311 
24103 33391 
8974 93231 
51456 16874 
2889 31611 
75201 60750 
87316 50518 
38527 27540 
76068 11586 
63903 14000 
12404 27667 
48963 62081 
3960 13471 
37841 40690 
27780 62161 
77610 6450 
74912 61643 
33609 38485 
69750 15131 
29776 82188 
43161 84617 
470 30021 
60389 32961 
88832 13538 
4850 604 
3369 80202 
97136 16266 
49258 80950 
84893 7507 
83754 71 
73741 46641 
6129 17614 
81946 40273 
81738 6403 
92337 46576 
17077 30641 
43762 83465 
48116 31156 
51385 72914 
77735 53569 
70184 51957 
99733 99921 
19283 69254 
76673 61799 
66048 77643 
96747 23516 
28385 27691 
20856 7627 
91261 65049 
45284 71862 
49198 35268 
47623 56497 
80319 3736 
54001 24273 
29536 5555 
64222 31122 
28524 50387 
98081 15323 
8378 20720 
80892 95119 
67184 18470 
69177 20402 
39213 34502 
28535 32781 
75040 38366 
14802 50125 
82620 11467 
76973 6656 
98194 75851 
95706 47720 
52866 2943 
94810 99533 
75814 21826 
14737 8549 
28278 85013 
16925 72521 
93866 91183 
95711 65886 
60150 8977 
10599 95823 
14144 93700 
15803 12107 
39969 39655 
56295 33873 
50870 64851 
19972 49425 
9701 81927 
84114 91454 
92118 69429 
70947 89312 
24920 20909 
31931 52461 
88339 15867 
13273 44755 
5546 26141 
16236 67930 
55246 44145 
54944 84471 
33945 95192 
31689 74983 
63327 75186 
95141 43243 
85164 37060 
20413 53329 
11246 34614 
51577 7496 
99076 20770 
77028 50960 
5410 88783 
65981 20270 
29178 39550 
80455 35681 
92954 55950 
91221 74723 
27830 65979 
68497 54124 
20420 80499 
88595 90307 
52689 98504 
96215 4867 
15388 83093 
88801 90754 
4108 24702 
44113 57326 
13328 24652 
95094 28018 
28258 51701 
67157 73032 
76943 47050 
32158 21311 
45750 79118 
625 10957 
80259 78411 
69202 5369 
90517 14942 
63825 23514 
54736 15908 
70792 7104 
68718 59716 
27677 74881 
19659 23941 
53948 94758 
72434 9441 
37193 38286 
44083 10604 
55003 68722 
7925 52570 
4854 53892 
12588 70306 
34753 88155 
23204 61490 
15912 53922 
92120 5467 
75417 52529 
44704 3888 
11623 86678 
22169 65147 
47901 82266 
57795 24382 
41439 96067 
75567 63528 
52912 67583 
90920 71817 
161 38307 
62163 66117 
64407 79705 
88123 72607 
91072 42429 
72631 56581 
28923 63571 
79716 75521 
81078 46226 
84699 22085 
99272 56187 
85875 18306 
38856 64290 
79045 20033 
6147 99754 
12906 91522 
72030 69775 
37132 14108 
96130 43729 
26968 0 
4399 96525 
18254 92495 
89634 54934 
15006 47303 
59217 93216 
38048 6168 
37284 79879 
67655 93576 
39561 86139 
95743 90158 
78266 28429 
43906 62188 
21777 32282 
22413 55666 
29137 72948 
2262 95543 
3048 69327 
47496 65924 
56637 82076 
8184 85469 
69071 94237 
5850 33697 
13005 33265 
52572 28550 
72888 27036 
32603 3306 
37311 73232 
41056 81819 
40857 41453 
18073 5077 
51333 20446 
38853 19178 
46802 69054 
20011 95093 
3479 28810 
80973 13957 
20351 8505 
55450 18145 
39289 56675 
82517 97986 
80462 96612 
19405 56779 
2004 10315 
8853 72582 
10186 22775 
2709 54320 
91756 56012 
90426 71833 
13642 93496 
6236 24765 
36855 19902 
91960 3575 
21256 78581 
73788 87440 
55716 19699 
70840 18456 
34259 95683 
90895 89313 
12935 97454 
84414 82464 
24456 14816 
21822 2846 
98018 47496 
31001 53325 
30306 89488 
82015 12281 
80298 58667 
34353 86155 
15300 46098 
68275 26253 
18539 15029 
6358 18753 
79673 88224 
93922 79613 
28755 24153 
47726 11932 
41451 97450 
1203 12366 
38743 67149 
71439 45277 
27862 37384 
48227 38596 
82874 89566 
58732 93717 
43119 92479 
92672 43281 
15619 77313 
82355 35304 
3588 98334 
19556 69888 
47367 86732 
56901 65598 
56365 45082 
85305 86635 
31015 22975 
950 19023 
22274 60526 
75419 44308 
52871 85806 
20806 22625 
29291 4663 
97971 63533 
6368 26998 
50588 32580 
27437 32219 
60225 14388 
52118 88434 
8431 28872 
1117 4866 
625 76237 
92813 15077 
53587 68521 
19962 59724 
73432 90699 
16493 61937 
54164 22754 
94154 65825 
8271 45617 
86693 39180 
287 48503 
25272 25157 
91842 52936 
82989 64514 
22442 69629 
68666 99930 
44084 8373 
20455 17005 
99761 68262 
48378 72718 
86032 45770 
1548 11449 
68030 11643 
90620 71103 
21657 24021 
78936 37450 
62166 64859 
66832 13472 
80932 9467 
32789 32345 
52945 64864 
62331 57599 
96403 41642 
91041 82104 
62738 56179 
11564 58660 
10536 95272 
46140 69368 
70018 13659 
65993 68316 
36083 76401 
46813 12744 
37420 2708 
85608 31511 
16761 15558 
68343 66509 
23095 52355 
70104 62619 
60486 45829 
89891 74861 
60143 41562 
70723 7583 
42443 78744 
32364 99858 
13884 24156 
48782 23688 
246 15867 
35359 67187 
51732 42793 
71905 33610 
68469 58970 
76686 98899 
85438 7324 
63968 35374 
24795 6688 
62989 27253 
70468 37960 
49784 74872 
45062 50549 
44993 8815 
72282 98635 
60524 12573 
89467 8266 
35869 82946 
34278 70952 
90917 41073 
67193 57176 
36252 43814 
7173 44093 
24216 35116 
51730 55729 
94425 20095 
24574 21099 
65969 40741 
44143 65907 
55172 81466 
34515 66907 
52594 35175 
6570 14467 
75835 16070 
21728 48526 
25786 14140 
13200 55901 
13069 48059 
80399 42747 
88760 88183 
91008 25004 
8832 89388 
22191 11789 
85358 94700 
47502 91931 
29109 44967 
29293 72249 
68024 57271 
7761 57648 
33895 15346 
87251 7769 
45672 48961 
8015 52656 
81948 66039 
57371 796 
27455 41221 
18044 26889 
98834 57663 
73430 83833 
3458 45033 
89655 43663 
61764 55999 
72482 35565 
28320 75934 
53507 15580 
79766 66141 
94522 72261 
98820 99571 
11549 45272 
72674 59861 
10758 9831 
41413 39412 
97326 58871 
77481 90336 
65278 96938 
50766 53268 
1440 45107 
35546 13367 
39864 44548 
45278 10258 
84415 37914 
39193 59252 
76720 2315 
30623 24860 
24229 5436 
41198 24429 
18890 57187 
87318 29691 
70797 33333 
55694 77047 
53109 54628 
23340 93650 
4655 15267 
3996 95599 
64883 67841 
57799 17075 
22108 88462 
83885 84754 
40538 65390 
26691 60545 
94125 77226 
65830 37542 
76017 52602 
26742 88970 
71234 32340 
44706 38016 
77183 87148 
38359 37613 
31677 79181 
489 23540 
61406 94193 
93706 31685 
95108 12486 
46458 50845 
95181 31499 
80917 16146 
49084 648 
68427 34993 
27561 79877 
464 77363 
60624 87423 
83504 55383 
4155 59381 
14696 63254 
70100 3953 
71914 47953 
71475 96623 
56563 33571 
89714 28983 
60378 27696 
6376 93620 
88544 96956 
53850 60167 
60587 10663 
30369 73539 
27786 16407 
93546 84364 
91269 29562 
93572 3752 
78480 89805 
32356 59795 
37376 62115 
38058 21577 
37489 37128 
25879 47967 
24902 16298 
75371 13105 
64230 51013 
92203 58246 
14841 41623 
37971 20496 
30846 92285 
5547 92982 
44815 60584 
89385 78144 
93664 37105 
50350 6055 
71879 39415 
2807 3092 
51972 7382 
58090 12757 
95016 42311 
42940 90092 
85115 41076 
74080 13880 
60841 38232 
10829 86701 
83940 84046 
26523 21918 
81037 54447 
36444 48804 
17593 10075 
95086 2258 
15023 95953 
28807 1953 
1691 715 
1248 67262 
96380 74910 
18391 58915 
58888 41595 
67707 86130 
6557 19229 
51591 68811 
87833 16834 
19100 98419 
24348 54464 
22011 98253 
81565 8187 
21296 44135 
4691 78135 
48335 69855 
61329 30584 
81545 48266 
65270 70631 
33562 8513 
16851 60684 
56731 22659 
84461 11836 
65351 70848 
69079 40104 
42007 73125 
39120 97610 
42257 58200 
96405 59941 
37069 24664 
35746 75271 
35613 38560 
90389 58248 
12344 2710 
13516 42222 
21833 27839 
31990 87094 
22341 33269 
22725 76853 
44895 5858 
4335 30847 
38459 49853 
7126 95867 
93768 67448 
83026 82332 
98482 20104 
43715 57177 
4557 34062 
70012 8489 
95058 29983 
18446 52492 
22126 76275 
62037 62186 
50407 88431 
41409 58757 
80961 22571 
69679 21816 
49537 40383 
29984 42579 
90052 54807 
27995 65329 
29225 1026 
13489 36767 
31538 15744 
64792 10333 
45028 49202 
37826 33151 
7907 79036 
17539 76902 
63598 42828 
73653 60800 
97490 57062 
14927 54742 
52564 44241 
56595 43789 
3038 47001 
64104 81343 
65233 68353 
13007 57652 
3131 40539 
9595 62775 
42403 91500 
49802 28667 
41194 47585 
54923 93742 
78521 83881 
11869 45105 
11878 9412 
62947 58563 
24483 53488 
35586 74598 
29582 1584 
75933 19703 
24314 14394 
51950 6742 
88870 52089 
21372 25500 
8018 17309 
17843 65106 
51559 25041 
94563 93730 
87843 5293 
78932 57765 
20236 45365 
33978 52643 
30241 82501 
92750 60503 
82972 64843 
30417 46124 
778 8875 
65435 51837 
39003 94906 
35976 34607 
4275 58649 
80678 43986 
40132 56587 
63845 48393 
67424 5576 
24372 78938 
7639 22993 
94943 74996 
36162 22761 
33491 83751 
9432 54711 
32411 87184 
85065 9981 
22702 4231 
7244 53535 
69982 43331 
61017 86408 
67243 61120 
8605 84887 
65238 16728 
8442 11595 
45564 97950 
83379 44350 
33770 35508 
48332 22636 
70261 14685 
29623 68682 
5261 39797 
8375 387 
60809 6304 
98530 16708 
7499 87764 
26414 2632 
36618 50465 
13235 70487 
69354 67182 
74525 27093 
33920 13388 
41224 32138 
58705 94161 
75971 92169 
75003 68088 
5148 16711 
96364 5682 
12297 48292 
43321 44123 
41772 66509 
11989 77582 
42834 57806 
42971 52972 
43848 37234 
33019 24616 
83880 6236 
46081 58198 
44667 31365 
22630 64252 
19818 32860 
56595 84537 
30059 79135 
7741 50838 
43437 93459 
44003 85040 
87610 92534 
63082 11763 
47729 93142 
25498 10428 
27847 42680 
42338 42283 
16421 52141 
108 49787 
37183 36002 
72376 40623 
85506 92455 
63287 36747 
47359 89576 
51597 90016 
73047 58245 
55510 40288 
31165 31047 
18394 19313 
99509 7864 
23365 84310 
59209 73494 
80760 98801 
45895 40414 
96675 65113 
77481 40648 
23047 52873 
21943 44726 
10146 60917 
90501 42853 
30893 96191 
41656 83639 
23080 52578 
59798 29147 
340 24986 
28425 51490 
15649 99630 
52494 65873 
22147 20123 
97018 67687 
65256 40790 
99759 17189 
57327 43592 
84691 94260 
31494 13082 
49902 27892 
44909 35038 
28695 90297 
3224 8701 
25859 33921 
7956 40008 
12443 41123 
86279 13782 
21847 50950 
48840 26512 
27596 25147 
35321 98184 
98958 16456 
49804 71574 
24342 6245 
58354 50457 
64438 85638 
19811 24401 
47130 64576 
47419 77120 
44441 6608 
53709 77801 
78128 3730 
13981 10390 
85003 25209 
94723 4509 
35659 97080 
32527 93506 
41014 94886 
16283 40047 
99900 61249 
20887 37787 
37952 91964 
64219 18765 
63087 69570 
10796 70570 
16139 61759 
25320 94703 
26518 43430 
87212 18155 
92289 45890 
13290 3915 
91590 84398 
99905 92914 
98115 66183 
88101 49892 
17160 35015 
75836 78694 
80757 65578 
49770 18734 
40485 81145 
85837 33658 
74796 31397 
72575 55692 
84008 33781 
44109 54706 
80629 51398 
70716 59752 
95249 53179 
44056 72612 
8952 77980 
11447 77865 
92084 3235 
58966 72023 
76139 940 
16689 5496 
10662 48975 
61061 55457 
60266 54177 
19144 25109 
78224 35062 
37428 95443 
52550 6722 
63917 39245 
58107 8201 
6342 43943 
63976 13493 
71677 79822 
39184 71346 
62506 93192 
71865 26166 
4352 304 
67003 82575 
4718 7105 
16159 89545 
99395 82380 
38905 36558 
24482 67388 
80181 73835 
63619 13790 
10375 91476 
59074 3490 
15648 18188 
42627 18939 
84897 29305 
37591 538 
96681 85940 
6853 48941 
84573 62337 
73481 4404 
12601 56900 
20215 62739 
23782 23848 
82087 68031 
34263 7109 
82426 55929 
33128 5787 
26708 8172 
13697 51437 
60937 18938 
5965 31383 
21702 66666 
1819 49425 
53570 31199 
64744 75568 
46134 95415 
93985 99753 
47823 22951 
69455 71090 
46500 9179 
38146 73726 
67885 61319 
15438 63220 
32034 75343 
65369 63180 
25360 42308 
92817 945 
91110 34797 
27502 43174 
14736 95346 
4820 77521 
82269 73060 
51729 74886 
19587 32032 
67273 58301 
78364 85801 
46800 99087 
20550 95709 
36504 58704 
67364 7889 
20688 95585 
21081 93525 
37942 60234 
38314 111 
94445 9038 
31997 17604 
92673 77432 
5972 12713 
22021 66518 
80838 86977 
64214 13650 
52646 69880 
50812 37219 
37055 66911 
72775 68543 
90732 44325 
82701 9705 
69035 47281 
49274 85163 
74483 16104 
20362 87075 
73985 86618 
26365 49556 
14517 34804 
8585 25455 
46692 53477 
88760 80737 
73579 29255 
5398 66192 
78173 21770 
30086 73950 
47076 33895 
42741 37144 
221 1699 
88567 85092 
56901 25924 
61467 23465 
16883 12929 
58785 69200 
12058 92414 
30423 33261 
88863 31646 
1782 10880 
14606 71476 
84398 8522 
61886 68143 
781 9585 
14437 36665 
40674 56714 
55021 56562 
34775 7619 
41405 18729 
78980 3416 
49990 63447 
67267 73760 
68319 83871 
94579 91409 
47478 46740 
72414 80401 
83319 12644 
59286 76586 
81453 21864 
45847 37090 
75146 48626 
50156 96092 
7513 16533 
72432 68361 
59826 11028 
30630 9077 
6289 20927 
48229 48755 
2285 90353 
93886 35449 
67897 64884 
78932 32911 
11400 71262 
3172 43031 
48471 78722 
2040 43620 
12015 51789 
88886 58487 
14790 19375 
5029 5743 
22434 53032 
87159 2443 
18012 68437 
36797 38865 
90895 38478 
29722 74162 
62525 33788 
34637 46594 
69563 87086 
19807 36181 
60948 11433 
14011 65386 
29532 89283 
53861 74294 
91277 89181 
93393 60781 
45374 60001 
73826 33273 
97207 98830 
51434 83961 
2733 87909 
59765 53723 
97633 48479 
38729 26494 
7499 64967 
97584 60454 
96365 91609 
91443 36180 
51 65451 
81628 77757 
8045 14588 
19070 81867 
3113 68589 
36911 71992 
41304 49223 
63571 80144 
56719 43946 
70747 46862 
5173 42014 
52190 21798 
18810 43700 
88546 41765 
29745 36736 
91173 60920 
34979 70950 
33541 8631 
17127 52006 
72696 54554 
5878 18195 
35219 67610 
63684 60464 
92234 65779 
5799 95127 
76206 67020 
19590 1209 
98659 68122 
30957 89876 
12385 97940 
76715 82143 
24322 14179 
80976 32850 
6012 38837 
839 53838 
67384 56343 
2098 57312 
56584 30622 
49240 61605 
23673 32532 
45640 75826 
39240 7514 
39647 7361 
90316 54798 
20199 16724 
85452 34125 
61578 77975 
88426 63722 
41138 89728 
65764 24128 
46091 21704 
77098 36468 
5846 74870 
59370 40927 
34951 79378 
55991 61401 
48317 53848 
20264 5697 
15233 1967 
78755 17156 
51534 27961 
74754 63197 
10376 11167 
24564 19040 
21193 91765 
10090 80742 
43706 84660 
34 20676 
49281 56584 
38982 80733 
15439 72665 
68776 83755 
21010 43027 
49761 32112 
59184 77449 
30868 53810 
43639 86641 
76965 51173 
68959 52417 
99488 4889 
693 25849 
52102 87072 
12738 2426 
46997 41021 
60087 66307 
19361 92468 
73545 91970 
17724 67368 
89689 40828 
26034 4661 
84098 92880 
29719 68946 
58817 9001 
22424 87622 
46046 28156 
12747 59819 
29201 65669 
30987 10316 
49785 93604 
54783 90642 
63916 52374 
69495 61694 
35887 63896 
54272 27453 
7809 90938 
37967 27757 
64153 14700 
428 39604 
17931 83309 
4141 81073 
81299 17523 
28823 59715 
47487 46813 
47260 58143 
3307 88906 
24555 3550 
11831 78946 
44921 25011 
53435 612 
70228 62699 
90004 70868 
12772 56490 
21920 82443 
61046 7964 
40352 13711 
31804 79426 
38383 74336 
34256 66329 
33719 66864 
23018 55354 
72941 9370 
85222 59415 
32743 82366 
54224 2970 
7067 34329 
67395 16305 
70770 4552 
88744 85785 
40185 99459 
98438 98631 
8894 89079 
10776 15363 
23036 74067 
19772 815 
74649 10501 
87195 45538 
33823 69587 
81821 13349 
10858 52500 
50550 57987 
38146 76771 
52206 62015 
88166 99938 
13020 64560 
98758 48637 
69155 60922 
59762 76861 
46107 76756 
26134 85814 
87414 42267 
61812 99597 
85817 17734 
85895 5924 
88893 50694 
88114 39087 
48101 77245 
4080 3651 
55346 15154 
92500 11594 
64326 34891 
36296 33126 
25322 36147 
97489 41925 
71532 2081 
91758 69269 
82670 51250 
12712 68312 
17251 58091 
28230 29742 
48861 66803 
91623 83087 
63646 80611 
58888 64139 
76388 68663 
80021 28300 
735 96167 
37115 42058 
65508 49900 
34879 90409 
3476 823 
10260 96699 
51603 18338 
17016 63194 
92464 26532 
58345 5627 
35414 71828 
86116 73027 
83020 53544 
58770 15339 
53417 54133 
51611 85647 
32421 94256 
43011 41273 
10611 29337 
57947 38567 
20060 98892 
36329 99912 
22978 37650 
7745 68277 
20274 58406 
96515 54603 
41878 20504 
51380 26351 
52629 5004 
92673 81756 
57660 27842 
96477 3634 
19411 35657 
90070 89039 
4737 45469 
15862 6619 
65104 9026 
32059 42232 
15392 5381 
57465 55177 
17606 91157 
35094 82362 
94603 66937 
84701 95767 
95956 50364 
37854 39776 
13118 81789 
841 49270 
94338 26669 
70491 76776 
41072 80442 
35889 37597 
77128 26208 
35013 15472 
69404 43341 
99477 58192 
44743 15976 
12828 32483 
91338 44383 
28306 591 
55063 19318 
40449 27133 
41188 79729 
81633 24165 
10201 37546 
19397 94778 
12769 19821 
63327 41191 
43363 48074 
51293 61906 
4662 47490 
74011 74395 
65582 54468 
14173 64656 
64609 70040 
21804 83101 
57096 88794 
21041 77385 
30301 18208 
45181 77131 
13112 91656 
26656 22936 
88824 69881 
26455 62601 
78745 20320 
73600 21242 
2031 61471 
99416 88738 
32890 60309 
93611 57903 
70098 74830 
79628 89880 
5788 40862 
5220 79382 
30541 12600 
70903 41783 
40051 79647 
73694 46461 
14954 99886 
26470 76381 
29928 7117 
24310 2595 
10727 75145 
68353 24144 
98553 45906 
24968 38804 
26 58183 
93474 78165 
97961 45645 
79158 61745 
73284 8141 
19998 99129 
41624 98601 
95312 96605 
39474 9380 
52429 5289 
4283 86517 
23531 81457 
80439 48131 
68983 16609 
48833 34056 
75725 34716 
21528 67823 
59747 47196 
65036 69227 
70170 2334 
15818 15962 
69139 65174 
29814 16197 
66505 16386 
64182 20465 
21192 64132 
23902 70866 
82175 21675 
18463 58334 
31161 15296 
64621 34610 
6341 51997 
40031 4556 
31996 94561 
39530 6568 
52280 62723 
10979 74127 
69163 3516 
50734 59871 
14275 51310 
20233 95094 
42361 28616 
4606 52213 
20022 22417 
71830 75485 
97629 7636 
6693 46132 
94568 79231 
87636 52050 
98362 97545 
46565 39409 
76792 47671 
1774 33669 
28760 62941 
82383 30978 
54449 65093 
69019 77350 
8225 29193 
59942 72721 
8788 90152 
34433 59676 
20203 69423 
25958 82554 
84762 15447 
36496 31625 
84014 19479 
20367 19185 
27850 89595 
41013 69622 
23171 40027 
57400 43947 
53495 80382 
28048 60733 
8696 69908 
30194 20074 
40189 35616 
79157 84892 
80966 39912 
98721 24843 
62207 23343 
37195 82036 
78597 41085 
45777 74936 
3009 58046 
35940 17057 
27873 66732 
10814 90445 
15339 44481 
21822 80449 
71256 72249 
36382 47893 
19012 95788 
15009 87550 
38463 21920 
86929 97659 
52426 7509 
82126 64256 
88664 16825 
24746 46213 
18802 94175 
17857 32118 
77274 23001 
52804 28540 
93182 20074 
57719 30688 
25894 43990 
59267 21140 
81176 80862 
69245 40031 
98888 6917 
23428 71013 
45499 17650 
93868 91267 
15125 56250 
67846 40993 
41303 70212 
36757 78058 
48401 74360 
66448 96852 
26315 943 
26869 6916 
95051 73043 
43358 86532 
36801 46220 
94500 49217 
12276 25132 
22217 86929 
45383 76808 
38571 82837 
55687 30345 
10772 18587 
41695 73935 
80948 36273 
69596 34511 
30480 53723 
1933 52694 
30034 73153 
8560 46304 
25910 67951 
38275 89406 
917 80025 
93698 20642 
13702 11104 
44220 34585 
64330 45314 
32294 2879 
55844 97547 
76837 18143 
21689 42337 
54205 52934 
67041 41371 
41959 78480 
28485 54268 
43585 93501 
90935 86851 
73320 72094 
13275 3946 
69446 51478 
4950 9568 
21662 45365 
64563 76404 
43567 86750 
38513 88584 
94829 75132 
82814 47035 
59267 27482 
14435 75054 
14853 9722 
19885 53254 
89566 56042 
48200 7673 
83056 67066 
53119 72572 
48232 14716 
64941 50346 
69183 71538 
66394 94961 
42249 25337 
18865 52471 
65580 36162 
35361 2405 
69211 41980 
24884 57225 
72431 21835 
39163 93519 
38159 80860 
37232 8250 
5071 30182 
45889 16139 
17372 96578 
34824 30112 
39396 11720 
44031 95769 
37644 98842 
98120 82954 
36374 95935 
17202 72765 
4543 28821 
87277 16699 
11682 74943 
84397 86169 
98177 39266 
56326 75221 
41487 97352 
53047 67060 
63984 47530 
63170 25858 
20370 53979 
57141 29327 
23060 55642 
60146 14667 
12434 62064 
77673 70754 
55538 56567 
74931 72807 
61585 79613 
67691 22296 
35532 70789 
16544 24441 
52023 6510 
29209 8458 
21175 82376 
66227 71547 
34947 54056 
14233 6639 
28249 68636 
37953 56038 
62494 89548 
47200 18363 
40932 42541 
18338 24561 
94922 87566 
91055 90259 
38175 52033 
20722 46388 
72064 44588 
4269 47702 
39234 5360 
13173 59777 
65055 38588 
61037 28993 
96848 16590 
5201 47199 
49358 40243 
31931 32975 
91614 90432 
2925 64808 
65098 7409 
47280 17973 
6042 90517 
67471 76575 
55728 19486 
90535 14945 
81822 60263 
36369 68440 
1029 33329 
93878 42750 
88822 90489 
92706 42897 
85472 67335 
33362 38395 
59318 52887 
91801 19399 
67957 45351 
45824 40189 
65987 43525 
80184 90964 
43932 57044 
14851 86655 
47166 5498 
66615 12380 
15925 16376 
98063 19126 
7904 24879 
29938 20407 
13491 24814 
92970 889 
50312 19108 
73519 11341 
28596 70929 
63684 90787 
11733 61955 
61039 26367 
57456 23019 
75731 34153 
14250 14209 
93401 20059 
64836 96388 
11251 58981 
54039 54222 
11531 12436 
11838 1945 
61837 90216 
84090 27456 
34823 49960 
13184 7733 
21278 20053 
68806 59165 
70001 25865 
15013 70053 
25483 97146 
14003 99369 
50165 35209 
9211 15812 
11840 22602 
822 94236 
88785 65040 
25281 82742 
95282 65665 
77066 3042 
58405 45065 
65776 49122 
83326 36970 
84479 4824 
28828 9216 
76313 9648 
77344 82265 
25494 63878 
24543 43501 
66167 79102 
32338 84489 
97941 48247 
86168 20529 
20489 30439 
72489 87092 
51262 20329 
45660 46100 
70133 98951 
84724 76500 
42717 43753 
50075 68260 
10129 9140 
37603 86598 
97121 75661 
93625 24198 
82810 5946 
97751 13137 
98618 38538 
42821 25379 
66607 96964 
41135 50952 
68002 90727 
64437 6312 
36534 37295 
81427 91872 
4111 39780 
91096 87337 
87367 13668 
62734 46225 
92807 67763 
84209 26819 
35547 9485 
88953 75827 
12052 62691 
79062 63143 
40817 57412 
87023 51334 
86601 75193 
21795 71907 
13595 11167 
26326 71861 
70825 44582 
33050 88691 
99127 93149 
41522 9755 
63184 63451 
58053 72796 
54409 99537 
31071 68406 
80858 74941 
87892 12360 
58906 69516 
28704 65999 
48059 21824 
61756 96212 
25086 50247 
70126 83082 
76537 91536 
84903 2882 
99775 14250 
2195 36858 
41791 26305 
22132 82140 
72358 10821 
6860 70074 
83509 92520 
51495 29466 
30833 58120 
37113 67413 
83751 28462 
88059 78833 
31745 7596 
87229 37269 
1377 14566 
12435 64198 
75006 37363 
44550 21805 
66261 35325 
63888 25093 
99612 56175 
95085 23170 
61781 27005 
82745 56702 
41295 24654 
80193 58782 
49118 30286 
11914 29816 
18098 25389 
26609 83562 
11873 91989 
92240 31064 
34909 38573 
97084 41999 
24516 85019 
11487 98797 
22957 4787 
33899 37955 
73186 40666 
91708 55028 
55292 81603 
92525 35090 
82358 12410 
24758 58810 
4270 25629 
87690 25790 
25888 15367 
90731 31451 
32039 56634 
99120 31509 
25956 10508 
19073 28946 
30064 85408 
9220 22401 
68425 27815 
77147 62029 
48698 11984 
69959 69130 
88121 47485 
96004 89223 
82807 25873 
21230 64760 
2564 83347 
68147 33287 
4477 64941 
7941 79613 
97651 37619 
77020 96452 
58807 14581 
68113 36972 
93818 21151 
43024 74829 
63821 53814 
89241 22542 
46196 58290 
95800 97383 
80490 79956 
55195 65541 
57264 20517 
7552 39867 
43900 68503 
30914 54322 
5532 57986 
47186 89102 
71577 49864 
57165 74409 
18754 23110 
40010 57998 
89974 9586 
52641 81847 
45204 5336 
42779 76702 
45149 43711 
45640 49747 
1512 21249 
68844 10264 
88650 25915 
82619 50926 
583 29145 
23169 78219 
54601 68048 
85870 64521 
88127 62212 
31978 76464 
69038 80739 
57585 19483 
41291 99459 
76815 26831 
57485 65695 
52589 12823 
7932 18547 
67754 4739 
41791 96331 
66984 65520 
90033 99633 
15558 20323 
42254 68383 
15000 3964 
99779 74407 
87520 53422 
26034 27135 
91281 79840 
41815 39422 
56778 67822 
67881 2907 
40910 66333 
196 77895 
79854 55149 
14188 11435 
84407 93546 
33547 59086 
62190 83790 
66382 799 
69991 11027 
6945 9425 
96438 53245 
24683 51527 
50350 90294 
14044 74508 
83284 79291 
58222 61515 
6198 5240 
67960 16105 
69558 60361 
92562 72417 
63886 53323 
64416 13334 
63402 513 
30614 19132 
79317 5421 
45687 62124 
11259 89394 
47975 9032 
85451 97243 
18842 92121 
46455 64572 
28709 62575 
25654 196 
6805 45167 
44128 6657 
32564 71943 
20152 34588 
35749 84504 
42285 42562 
9677 59342 
37872 13060 
87342 28834 
13731 57328 
3738 41609 
70917 27143 
69362 30381 
98664 39885 
9676 32759 
33959 14826 
83183 41090 
32676 13151 
76839 41129 
35794 72025 
91666 36111 
29937 23843 
73716 42740 
95347 95848 
15962 88709 
6331 92415 
55200 37524 
99378 72541 
14738 15726 
52300 48490 
98409 20071 
24159 48008 
24354 37756 
90170 2191 
98090 21513 
68389 43803 
63489 23162 
75721 26759 
37611 4205 
69610 6465 
30751 10071 
28768 52840 
76557 15828 
1389 3113 
48777 25504 
2511 99848 
20958 34573 
73539 1169 
33330 45768 
26435 94778 
67149 62027 
82633 95112 
90930 67248 
82514 53871 
35288 45414 
85085 68149 
73513 81760 
99486 27517 
33541 35830 
90066 1696 
43647 75576 
74965 33783 
18957 14111 
94506 70557 
28816 96290 
60160 30967 
46040 40971 
7465 86696 
68289 56647 
66963 4558 
19042 13058 
36131 79485 
81089 69481 
82170 69000 
88986 31564 
30708 25326 
8572 32909 
98604 9644 
61438 15030 
10463 64539 
10148 9904 
97902 15286 
6045 12986 
18200 68392 
15638 71417 
44740 76676 
83847 2071 
75417 44188 
62799 97154 
77247 51390 
33391 71269 
35428 91272 
73524 53176 
3391 20459 
81651 27903 
56695 45874 
47242 90452 
38085 87139 
70775 81023 
43659 77659 
75018 33496 
40792 93217 
16680 83845 
27309 25888 
2885 53254 
38393 53248 
40492 41856 
82783 88070 
97910 43356 
43074 32101 
38873 18251 
6240 99009 
95527 43884 
10 16220 
84231 93322 
98292 63119 
31628 81800 
24600 53973 
70828 59460 
26241 27916 
87951 22170 
14033 65503 
47822 58383 
62402 11560 
4268 49327 
42930 47446 
5235 92266 
20774 22357 
35892 22109 
77856 22922 
3872 65379 
39314 33090 
60015 72319 
70431 12194 
65213 37901 
80098 98089 
59405 40542 
13849 24366 
62285 98527 
44616 25920 
36955 68466 
72527 95531 
77529 87534 
26486 45584 
39623 91840 
19683 23748 
18684 26922 
48828 29118 
95270 3217 
42590 76247 
8705 39286 
58593 58495 
90901 78616 
283 69234 
90715 62059 
75084 49703 
45840 87246 
43472 45718 
14028 88759 
14958 71896 
58352 28441 
31439 1721 
92244 93879 
40958 24519 
29215 64928 
5676 36277 
49436 23083 
6649 60278 
90778 46587 
5039 25605 
95446 55313 
94426 66867 
94997 43835 
32169 46853 
96305 68480 
69048 45322 
38987 34776 
5960 1792 
30785 65359 
93976 47907 
31596 15251 
59834 15870 
49120 41338 
82775 63424 
29504 25950 
70587 12989 
74880 661 
82848 62819 
96392 15693 
27569 91423 
16044 52803 
13760 43000 
63666 85057 
76977 51253 
76268 45616 
7429 31736 
96274 79456 
1012 48708 
82369 16892 
22445 41544 
92117 25846 
16669 77813 
69050 70984 
29774 85441 
68579 32169 
3928 4723 
86863 12114 
92133 92462 
14687 93690 
98120 5146 
24440 91026 
84275 85828 
12418 75371 
6213 80234 
61007 46610 
26477 11662 
55665 64410 
31801 51334 
90188 49147 
28473 31130 
20390 12098 
18559 59007 
81122 76809 
66111 13919 
64458 9126 
46918 16673 
67908 82061 
38003 95914 
60693 63488 
43747 94307 
83388 29599 
74415 88998 
91648 75118 
89780 32553 
78290 12470 
95687 55835 
59623 26402 
34585 12656 
91748 78013 
42429 87547 
90433 32705 
53809 32606 
64203 20258 
24766 47166 
34457 22058 
8488 64868 
8713 20432 
62903 66754 
93462 38136 
91184 96116 
81687 42201 
16265 11085 
26739 85683 
68695 74335 
19046 13302 
23488 45771 
15057 62504 
56136 13697 
28843 50193 
512 72733 
85946 47184 
82128 32596 
56346 7370 
69068 20900 
28834 36666 
29876 25234 
62605 57988 
12786 5032 
53550 52825 
63895 92153 
82517 37429 
83233 90551 
70705 62187 
77161 80091 
53406 6455 
3111 27277 
97470 77928 
18428 6569 
30130 15587 
38895 39958 
17272 38295 
84511 69586 
27736 77353 
40190 88482 
46911 80588 
87266 67822 
57675 78044 
68038 35666 
89623 54852 
30059 81731 
48590 85617 
59480 85506 
77601 46401 
53475 90926 
67702 35390 
612 79786 
32499 1342 
35039 28234 
83802 163 
5407 65931 
97411 74210 
52713 95821 
37860 76416 
22575 74002 
18872 41876 
46928 93773 
12282 43209 
17720 65713 
82369 52864 
40932 36525 
14814 75442 
3062 43366 
29898 6206 
4208 57529 
18124 18106 
11988 31599 
13066 78998 
68723 27553 
21062 53160 
40703 69833 
60269 46766 
32791 36993 
22626 15692 
4237 78306 
61449 65822 
12298 17603 
24643 40988 
79084 85587 
98953 11715 
24066 4025 
4184 49158 
29730 30468 
78008 92933 
11117 60506 
21729 98954 
41340 76110 
35325 84006 
44600 23198 
56088 67429 
5878 99347 
29353 47130 
62155 33439 
82113 37073 
33897 43032 
40690 36468 
27470 62386 
32197 97062 
89307 44314 
36178 4263 
20805 52412 
7587 90265 
69346 76742 
75191 52902 
95241 25637 
30520 62658 
77052 69086 
61624 2080 
58428 35010 
53208 96767 
58471 88761 
70118 65192 
64585 58298 
64673 35795 
1899 2744 
19 54102 
26538 60410 
61458 30073 
21399 53886 
35596 56433 
82536 74412 
73232 62466 
71866 15497 
16026 54506 
77634 76655 
59291 34386 
67911 12097 
43672 80080 
44391 56379 
16983 19045 
3822 19231 
84163 24029 
92664 5203 
68074 13588 
96875 80230 
36790 45098 
43247 76884 
14053 46759 
1251 2810 
78733 46881 
65138 92733 
76417 23719 
64835 23413 
11653 17146 
1184 93088 
62933 14681 
26154 52150 
64127 48682 
91879 60221 
25894 18980 
73728 36275 
28484 85762 
32082 63087 
3399 61236 
15091 5052 
35527 65409 
20410 99283 
59653 1245 
27752 83913 
95669 47570 
86084 34636 
65318 64227 
89366 90809 
60000 53359 
2987 65779 
83921 23095 
9368 52627 
79795 55503 
25697 56137 
55342 89365 
9351 4574 
67980 90130 
7272 20687 
92393 94360 
24442 60422 
91078 84042 
83535 59897 
31500 67334 
22950 66490 
45139 16615 
33645 68238 
3518 42183 
66538 77275 
94182 60465 
51701 67644 
15673 49350 
58206 15595 
74654 70015 
89158 41325 
60672 74596 
50334 5167 
94428 12117 
52811 68317 
93967 91253 
10048 88481 
79858 57860 
68125 84165 
45223 97616 
64196 67881 
49393 79698 
42659 18117 
54971 16106 
71174 32730 
17287 23059 
89364 82240 
52487 35848 
91884 60565 
55900 46557 
94520 12825 
15904 5308 
57083 5110 
70117 49954 
40064 89493 
80570 6615 
53394 9063 
62401 34013 
15096 82381 
86665 68232 
75239 4531 
91988 61389 
76306 2796 
82109 97593 
14956 89007 
56747 12681 
42105 57740 
21756 40367 
88383 89782 
51220 56806 
30218 33682 
28899 97970 
18154 54681 
79350 79823 
73503 59980 
10108 59985 
21983 32017 
25424 41349 
73770 27339 
39404 33114 
78202 27644 
11738 52710 
78354 61687 
52795 73317 
65817 52016 
96499 95977 
89216 78877 
19176 52762 
1349 95123 
90494 27998 
39337 70595 
78635 18249 
19714 92211 
96018 38608 
96167 96855 
64145 22722 
71435 68170 
96596 57121 
76896 85502 
47688 36534 
33417 73475 
51010 26266 
85314 64073 
76812 70089 
55580 49586 
70138 87704 
5028 74445 
92637 64512 
90598 86678 
80132 48252 
8787 45634 
45330 31981 
79016 61609 
445 20985 
68712 25144 
48064 52359 
87010 69007 
90224 60321 
77153 94268 
35473 57785 
19059 83368 
41582 35258 
12982 17708 
17620 61836 
52781 15056 
23267 9885 
13056 2925 
45500 14926 
68225 48101 
3246 25324 
33634 69608 
29078 92568 
68848 72675 
3717 2226 
11503 54630 
73902 48144 
16482 50145 
67059 7972 
59584 2920 
27279 86828 
27527 73592 
36247 57724 
56783 19603 
50052 42292 
2646 11684 
78240 43455 
16853 83827 
54976 62845 
87234 48795 
3861 10104 
46029 49652 
77731 38645 
84914 59265 
62679 23002 
24205 84393 
71558 26617 
71337 78681 
16416 95697 
69422 19821 
41559 54730 
80543 60083 
19391 72333 
70419 16593 
59668 12255 
61154 27972 
59518 83714 
97035 67315 
26303 57669 
24664 68026 
38369 21195 
23202 88623 
69719 825 
33088 15396 
93825 97542 
22318 77678 
99086 41036 
98240 29491 
93825 88908 
19747 33459 
52288 67719 
89904 68132 
54729 77048 
12223 68248 
4482 55229 
75164 98963 
62817 35936 
88924 59698 
28410 8536 
36152 11024 
2429 31905 
13968 18873 
22502 41367 
38497 14359 
19274 31465 
55120 74652 
47762 93481 
47720 40559 
72406 35929 
68446 99888 
39473 18687 
15849 82137 
53407 86999 
73714 29712 
84729 275 
85534 33607 
76272 12435 
80271 47369 
81803 75471 
83895 22176 
66514 5974 
48194 37983 
22375 75586 
3403 40932 
3024 60608 
94463 35639 
62640 13478 
92038 22415 
91170 99388 
78917 14172 
74291 74975 
99995 15468 
70681 72885 
29781 97051 
91423 95902 
55208 53259 
86812 17440 
93503 86757 
94341 31352 
64957 25356 
78312 93361 
18688 39032 
96318 48834 
65807 91757 
60716 47193 
8880 32408 
24295 1954 
69181 1753 
8460 67205 
3964 8389 
9552 66250 
74787 5534 
64360 26247 
74958 82684 
29360 43838 
49206 71401 
29946 31091 
41951 52888 
65632 68506 
91875 46502 
15181 22431 
49956 52987 
71590 67885 
35757 23965 
51077 94647 
62450 30094 
62456 64357 
54936 4325 
93722 29507 
57357 43789 
71195 21324 
76433 64135 
73235 62920 
35247 13476 
35315 66486 
18477 69654 
66167 28896 
74513 64119 
5741 48769 
2529 98495 
94859 49854 
93288 45781 
93787 10546 
11292 57134 
82274 67410 
2885 27320 
97232 81776 
90003 7159 
15820 32789 
62491 89671 
71519 27729 
13247 38163 
98685 1009 
69929 69069 
37096 6909 
64579 50164 
92182 97965 
48199 25628 
38904 20837 
1204 33432 
77644 54567 
12617 37661 
99047 62325 
994 58643 
91360 27057 
28273 47120 
28639 93879 
14093 15216 
11091 47660 
92604 6566 
89852 12880 
66389 60751 
97662 74708 
2829 3039 
24188 85176 
87112 69442 
20156 36363 
93028 59240 
87976 53737 
57828 92362 
18226 87096 
50611 37397 
61122 53989 
5081 67516 
80035 21063 
46961 96215 
20124 92504 
83974 42534 
39346 11500 
42006 76298 
91359 70654 
24926 97921 
20268 70299 
47490 14441 
25676 59882 
40893 83731 
83190 46893 
58704 12165 
60289 60242 
17309 7572 
50396 10597 
89448 8906 
59006 98824 
32008 36822 
14905 85543 
69990 35237 
46792 49729 
77402 2949 
61017 32344 
92779 46512 
79696 82216 
82181 20836 
50118 95640 
15688 62335 
16147 68679 
54790 60982 
50228 61657 
57546 62225 
80641 9072 
95954 37490 
12824 94924 
45731 12889 
35832 53451 
52527 99714 
25458 48283 
579 27479 
4042 29244 
9910 40475 
93664 65341 
66388 82229 
4210 4915 
45326 58719 
30697 19502 
23767 40861 
95289 46646 
89193 39517 
58596 58710 
43118 62152 
42113 49685 
66891 39295 
49105 50059 
63986 91050 
44741 50997 
18156 89191 
57955 43402 
10073 58738 
97310 54867 
16392 54415 
31026 98099 
74666 42023 
67389 28079 
35154 12517 
85908 42046 
36239 57449 
11872 46330 
34073 38448 
97376 57128 
89010 90531 
70412 98507 
61481 9305 
40289 10234 
98212 85482 
2419 80476 
96012 66647 
68436 73978 
14837 45841 
58628 35017 
74440 99278 
32839 6256 
9628 21389 
3268 19546 
78012 34393 
68029 82801 
11081 81735 
27829 8273 
74561 49955 
99822 1846 
57221 1970 
22462 60425 
38639 46221 
53086 5070 
95921 10784 
96009 11185 
96958 39296 
63046 83938 
93526 76423 
60696 66974 
71394 64596 
18609 65595 
36554 30887 
22487 11741 
16819 3126 
91261 97446 
36225 57762 
43133 55868 
76033 68461 
28016 74562 
70610 94066 
64913 84364 
99051 17308 
11958 79058 
24130 21507 
14105 85960 
99023 71555 
18884 25580 
9208 47542 
24172 69772 
42049 64692 
23555 32039 
79808 1628 
44713 1149 
93141 50488 
34084 59744 
71649 97058 
27170 13363 
65622 36829 
57969 92057 
28847 33765 
3312 76775 
46208 32589 
28293 45724 
1755 42489 
97522 32114 
93046 20445 
43589 34022 
25765 95707 
38888 19523 
28974 93511 
99914 25853 
15842 35697 
64121 59992 
77267 18688 
18626 69939 
36551 95143 
27323 70842 
12134 14616 
98379 78245 
32342 10666 
57601 21881 
21237 57133 
44869 87781 
27860 54670 
30560 63884 
2489 50109 
56835 44922 
33055 35896 
44690 86032 
42401 24562 
71820 81374 
12835 44075 
18645 83955 
48247 53947 
237 75955 
6053 39065 
50456 45018 
31310 98496 
1223 21296 
3579 9876 
4670 82484 
63465 16515 
78818 39629 
20218 53956 
18443 75211 
54389 5510 
1983 16796 
20263 52138 
42603 94504 
21630 61061 
76955 48611 
81419 39646 
58693 24776 
50838 66298 
25481 18728 
6880 98538 
38009 9655 
68384 49904 
47425 52145 
20333 21972 
33663 80175 
73673 75513 
71272 13497 
3629 25716 
21660 46696 
3383 50400 
21052 44259 
61912 7247 
32034 61189 
24914 66366 
53178 58024 
25953 77876 
36038 81535 
81307 10679 
41743 37981 
26475 18251 
80408 94460 
34904 10000 
15767 5727 
206 32659 
84728 78777 
82000 95148 
76920 55583 
12458 2491 
42893 15541 
35777 99621 
51235 73514 
5970 64283 
94701 76786 
99757 29753 
53332 84831 
10795 62713 
58584 49467 
79065 69394 
66658 99794 
75002 53943 
41488 76259 
1751 7016 
68269 51255 
939 59699 
66933 19841 
47442 98116 
51658 43505 
96837 97483 
87246 82322 
5595 833 
26160 56430 
78528 37307 
71007 36432 
10609 47640 
96438 74155 
81014 60330 
81708 50137 
26057 41032 
50564 32280 
64691 19800 
88640 11295 
75326 86073 
10225 2881 
25955 29692 
76037 84027 
40900 97710 
21551 61391 
46991 31420 
41473 53401 
79577 45741 
90094 4521 
44481 14027 
99554 40115 
25874 25322 
88471 13344 
2015 88241 
31886 91782 
80881 65912 
90182 80703 
95966 39775 
49372 82480 
8846 16543 
8120 47060 
49594 12284 
57822 77199 
88738 70295 
41299 13950 
75139 95350 
42910 42828 
93067 15895 
58292 29163 
88678 17895 
15495 12319 
91221 29293 
70927 62801 
7513 72410 
83302 33678 
99584 43139 
76721 18358 
64838 20392 
40003 60409 
25707 57031 
73604 47947 
1473 54380 
87696 65065 
78791 76431 
75414 65828 
19417 16975 
33811 82544 
43749 93145 
81708 79378 
6989 2248 
28443 14758 
41119 45246 
80381 81635 
70321 89904 
33144 53337 
20084 19340 
86626 74559 
30976 87624 
37179 1992 
56871 83065 
46744 17156 
74444 81941 
62261 5179 
55790 60707 
60314 17603 
59295 23069 
21794 14718 
75190 89832 
99248 13512 
21742 94058 
25618 50992 
25576 21815 
27246 9476 
35394 39678 
46294 40371 
12178 54170 
48154 66035 
10946 55411 
87928 35508 
19217 7558 
36761 59209 
45590 61947 
23555 50143 
58147 85372 
30529 54731 
56907 15580 
92106 65052 
27129 78781 
85791 66127 
60990 29884 
70961 86788 
54012 5145 
26921 90774 
79594 9071 
65110 65849 
20081 92657 
41989 43094 
86051 18408 
78942 5925 
86831 49134 
3431 29003 
24727 42094 
61667 20842 
73054 77837 
17236 30776 
63789 3991 
42397 20872 
54477 28199 
29170 96448 
66045 51588 
95893 35027 
83237 94372 
41552 52915 
87619 28589 
5004 986 
49455 99465 
19106 86856 
39228 86533 
10802 79303 
32162 28384 
87387 62623 
69839 10816 
66434 73521 
11861 97136 
52312 71247 
57445 61514 
35711 62843 
41980 71521 
94308 29689 
16758 54401 
2439 79003 
1478 73074 
15588 74479 
58554 32551 
81523 83968 
75884 35164 
44075 18900 
60460 3903 
47840 30119 
39017 97141 
22489 67826 
33934 45202 
23917 9551 
32665 49406 
36110 9386 
97209 97688 
92409 24126 
66490 67316 
57736 27576 
88966 4927 
24415 32930 
85409 96796 
13351 4968 
82500 68183 
39629 58766 
76738 79564 
97016 9647 
85148 19714 
39349 60331 
14343 30846 
88502 85532 
32742 39384 
78360 1707 
62085 7482 
52177 90208 
13852 64981 
66709 75819 
83807 29308 
20671 49415 
83589 71637 
17381 63493 
32141 41705 
91816 22331 
51726 20732 
80894 34755 
13385 32212 
92403 96804 
54909 3680 
32834 24016 
50743 39080 
87247 58644 
47728 30984 
5341 35774 
93160 14673 
37093 4154 
72393 41953 
78555 62492 
42040 31601 
33870 90007 
91811 35464 
73056 21270 
93116 44464 
66805 39625 
95803 47176 
9291 40968 
15711 45120 
97928 50206 
15241 23563 
25024 56413 
16688 74349 
50465 69523 
3866 68186 
66812 91332 
61332 77810 
38651 36654 
72557 60562 
96523 36661 
48439 19188 
92461 5768 
85804 73048 
78918 55846 
61877 88404 
55796 97119 
55174 36118 
41313 73808 
45885 67805 
61619 44376 
89507 27421 
21325 31188 
76367 44196 
12571 32454 
86628 85023 
43732 10529 
25465 79625 
20578 44949 
76342 70204 
92453 66020 
41652 78806 
83959 65357 
49453 30224 
68669 13457 
92640 16066 
5558 1189 
32610 36431 
51098 62058 
43337 9713 
80420 25136 
93709 98108 
99437 94763 
66144 56712 
6508 52424 
87641 77447 
66996 28672 
5848 65557 
96998 98494 
77145 56052 
13529 12258 
46370 50239 
97654 86151 
88524 28338 
34281 40989 
51644 73194 
37805 96328 
87003 22244 
46273 98010 
77894 50115 
68436 81591 
81484 72633 
97828 51520 
79558 54534 
65909 86546 
93465 97767 
92369 65478 
56148 85056 
4833 44265 
49899 54270 
42490 5298 
12290 83131 
28597 42898 
84738 70942 
95325 45153 
28226 14263 
71079 81583 
58955 86830 
95226 8537 
63034 50544 
8046 59822 
33781 43948 
74774 98729 
37833 17405 
41771 69446 
56945 10029 
90119 797 
71247 92465 
47368 83309 
46672 31701 
41692 61777 
64377 69386 
34369 59869 
83204 43484 
46282 80677 
57564 24607 
2059 7775 
42616 82994 
51500 64941 
6198 49864 
92082 79615 
32688 87742 
8659 35013 
47842 38367 
66832 88961 
15595 73919 
45057 83648 
57938 37546 
67151 69849 
27193 22572 
1714 21598 
16356 6243 
27840 22841 
27653 23534 
27546 66332 
32056 39241 
54513 16802 
43216 52526 
46013 55412 
98130 47027 
90292 40543 
83832 81808 
35249 91179 
74480 3679 
25870 23455 
46453 49766 
87690 48379 
20411 757 
31459 69295 
38738 39835 
40214 1381 
24396 70103 
14132 72239 
82941 44150 
90814 52621 
3280 63436 
29073 9376 
84751 12299 
42812 68910 
68187 1621 
98264 28746 
76839 10593 
42637 57249 
79407 31522 
15110 77094 
71883 42220 
2181 36804 
37505 53318 
38520 36461 
84849 3689 
21741 88652 
82947 6173 
4971 63766 
9264 77954 
54571 89974 
1484 25150 
12058 52506 
57281 89595 
79064 64309 
57574 7268 
52049 60727 
98275 72468 
69563 4522 
3100 49584 
98964 74401 
55753 25190 
81833 50122 
33656 47189 
77690 346 
47328 54874 
94198 25575 
89663 64020 
68650 7841 
77540 34488 
70372 71251 
24575 14365 
26540 63061 
18273 24232 
34980 23638 
87456 17967 
16650 25489 
36551 32329 
77810 26479 
92179 16593 
97286 429 
54457 15616 
27780 79458 
70514 64993 
1807 66780 
50961 45324 
62675 56083 
31384 34108 
98790 24190 
40416 88446 
45626 47406 
73538 89436 
33849 28749 
87475 80073 
4384 13223 
23912 32437 
81606 11351 
43216 87093 
94383 47379 
98956 17880 
61354 97868 
12230 88648 
11615 88850 
11167 85002 
94896 75281 
85426 23735 
46330 35207 
68123 65399 
10111 72899 
98348 81338 
93580 40127 
36258 55502 
18731 52822 
99735 33493 
61620 1585 
66661 66568 
21866 28768 
40120 36663 
44179 72362 
5157 90048 
21784 57423 
15212 51825 
47630 49517 
33937 41235 
43460 71446 
23837 58651 
89051 24463 
17002 69079 
94416 48274 
25204 64185 
6215 278 
46688 45064 
16360 33855 
5255 31385 
45514 7908 
13537 69028 
7149 65474 
86874 77954 
18833 77886 
46779 54835 
16579 62783 
43708 20810 
45392 49223 
97693 83762 
44533 81203 
2382 66628 
19575 22095 
63108 38522 
94986 46817 
42856 73808 
70743 85986 
71315 55789 
64400 16910 
31706 36282 
6081 79905 
77650 60129 
68007 35290 
48078 64543 
52461 66340 
42021 67225 
32512 76524 
87100 64287 
38349 25577 
85636 69286 
8718 98248 
50500 38061 
81785 2023 
49207 40530 
82599 45671 
59201 60302 
75426 59181 
99884 25628 
88327 77428 
47670 1168 
84689 24914 
59195 99011 
51783 6916 
24765 99534 
1 33641 
49257 7919 
18047 78253 
10869 10566 
9167 97096 
79513 37087 
41402 21010 
86056 78249 
80884 60310 
21275 57958 
41359 52841 
9067 8256 
75404 24432 
42325 50319 
53215 24166 
91863 41566 
23372 43054 
98856 9240 
26669 24037 
39510 54206 
38844 23659 
6996 75214 
51002 91338 
90171 33508 
57512 90850 
41207 50391 
10349 449 
14964 6287 
16142 92993 
31799 88785 
97559 15523 
62462 19314 
14249 58907 
58848 73360 
40179 32510 
57583 97476 
24013 36259 
64763 17877 
17071 53075 
89660 30029 
39468 68292 
32784 56385 
69166 59548 
49428 60315 
80965 90527 
3662 8269 
32890 85040 
99719 79348 
95928 54085 
27807 31717 
49764 97879 
89620 48650 
21930 7267 
75143 3528 
30696 44497 
46849 2734 
3082 92034 
49955 88117 
78485 19908 
8142 6623 
75777 37021 
82995 83641 
97049 59925 
72382 68794 
64787 53740 
98093 58112 
40891 74250 
86273 34938 
55727 67592 
75562 13401 
83330 64580 
97283 12928 
34916 40351 
59648 40019 
6988 96869 
33667 4386 
12643 65742 
82293 50566 
45080 21888 
96295 43238 
70844 44768 
481 4739 
27000 63224 
72074 66645 
1227 72412 
69430 63787 
6723 16854 
3729 68708 
24838 92373 
98895 37311 
77546 31442 
75695 12333 
9099 1456 
64845 10289 
1678 63489 
897 99642 
23330 10273 
73791 63229 
8194 26494 
18186 26336 
98764 91889 
2012 23329 
37870 78246 
35180 70376 
84084 75053 
56962 9538 
38417 15401 
76298 90401 
12478 63654 
33116 59417 
38625 69483 
20736 34249 
21252 89050 
59520 50677 
54933 23443 
40156 82990 
89995 26898 
61312 55299 
8953 92928 
70858 80845 
88323 35141 
82478 89106 
59437 41388 
80186 26402 
49216 94773 
42117 44709 
77233 23171 
11961 25496 
8960 60048 
21463 20683 
16725 73741 
20672 31164 
79718 49745 
3949 84887 
62277 91165 
29219 21054 
45729 36156 
15567 34816 
53207 78003 
69962 87681 
99177 13421 
37795 42860 
15789 37746 
93836 41924 
56716 51850 
90349 99381 
55813 44946 
57312 55154 
22688 69892 
6037 91488 
90216 33166 
21959 90373 
90041 80362 
44970 80398 
21288 69907 
26371 97772 
94965 92594 
20403 65282 
81989 12642 
15237 75088 
66256 77142 
33468 46481 
5874 65097 
35304 18152 
35437 24680 
39066 25981 
152 77926 
33013 12017 
98635 55736 
90180 8048 
25391 62919 
13560 38064 
46239 62908 
32883 87896 
10386 14880 
46161 97465 
1359 92186 
49297 41300 
55702 60314 
25275 76407 
33085 95049 
70775 53022 
4418 77078 
22562 3456 
35586 7943 
8568 46963 
83571 54111 
89325 74458 
89036 40810 
74245 5912 
44829 85415 
94224 45367 
43413 81294 
87134 93798 
57908 17397 
6007 18387 
91160 46266 
91039 18322 
35240 93738 
56037 71822 
19736 37309 
27514 96875 
91413 66908 
40371 9029 
60079 81813 
37946 13615 
65903 70487 
46171 26852 
71983 66299 
91722 80613 
62603 71422 
12190 28937 
32412 93639 
62740 40936 
84674 46356 
58121 34323 
17762 20793 
1533 76586 
68230 51184 
42565 56684 
96100 58707 
75265 9151 
43375 77966 
34378 54629 
70374 41028 
72881 6096 
76096 18336 
7178 78442 
38631 93250 
97652 30549 
69553 77558 
91756 63650 
62240 58958 
94406 97506 
28250 8362 
46184 46822 
58152 64791 
83688 24314 
13628 58699 
28352 3975 
56200 30776 
136 88348 
44583 52560 
80739 36983 
87465 57669 
57317 29758 
21426 48001 
62145 58390 
94714 47949 
86310 62185 
76808 41511 
86177 49998 
80929 42090 
20283 79326 
82110 12861 
51241 95637 
36949 76777 
22345 70252 
62836 29584 
71815 13500 
14233 96682 
78922 81359 
1498 55214 
45755 38433 
33759 76458 
5942 87850 
31537 30440 
17414 29578 
47080 34580 
40080 62628 
50771 21300 
21333 3752 
90551 45678 
12331 55512 
7898 53564 
16268 19952 
98742 83011 
26184 20633 
40574 77449 
44321 65385 
68049 47705 
87656 54937 
68564 31801 
74942 18404 
86525 66409 
59449 35662 
70505 1883 
18564 88749 
70943 64011 
36506 69683 
97775 89920 
19642 60478 
77107 43037 
65223 92627 
3998 42529 
63854 87977 
74427 26401 
53582 80632 
93693 4184 
59236 20449 
776 45124 
44479 62655 
18592 90850 
76017 55262 
38636 77664 
49504 46213 
75121 2936 
54909 45552 
78561 72523 
65442 94446 
81596 21694 
18638 12474 
60964 10732 
20763 17400 
38606 58213 
46458 37482 
12245 89885 
24360 65406 
1140 49154 
96430 35041 
16280 36359 
13809 37470 
15939 18355 
85231 31152 
87278 77339 
25410 42533 
2618 48449 
60241 98089 
35031 29320 
33281 76525 
82046 31648 
23705 20726 
38570 84699 
29757 3074 
80525 93814 
93701 94861 
69235 3117 
44381 50785 
63264 10975 
11706 82911 
29186 39180 
23736 64954 
75677 62413 
31514 77387 
96365 63206 
19385 76641 
96013 89479 
49268 47518 
91923 56633 
56193 76958 
27833 54261 
59386 69433 
11130 88737 
78291 9482 
85857 17252 
46130 65284 
83783 6292 
94950 18687 
53693 78165 
45596 1702 
55133 92815 
73620 17272 
16955 49026 
37882 22969 
3333 79041 
52425 60282 
302 53684 
54207 19313 
34436 11266 
69344 38915 
61901 72893 
8743 55705 
20956 9193 
30381 31903 
23833 79093 
89919 11541 
75000 69932 
63960 77362 
41959 30033 
70983 6624 
71997 99787 
33824 52986 
43764 15380 
24558 13815 
66030 80471 
7709 77503 
87685 75457 
50987 83746 
62794 1398 
4038 71255 
22450 36241 
55211 31998 
41196 14677 
63929 38813 
49941 29771 
31959 64126 
39602 94466 
20757 61507 
20082 94102 
44002 38916 
47759 7314 
64551 12766 
11299 71950 
3262 95280 
70407 25138 
23487 34158 
75032 52155 
89502 93164 
53579 37470 
9738 35019 
47839 23131 
66406 43868 
89635 44627 
1959 3562 
59598 32405 
79784 30171 
42013 38422 
61658 42358 
91328 71422 
47674 41641 
55741 2085 
5730 66081 
61134 29735 
77122 75535 
44707 86014 
82408 24405 
41805 87724 
67384 78662 
71705 40996 
22918 37939 
38570 41992 
84326 30621 
62282 15561 
66069 60104 
80539 82570 
15796 93783 
18397 49077 
78084 2826 
4326 66078 
42714 80424 
22900 17258 
14904 88956 
33394 53979 
85663 12394 
50856 11701 
99251 19278 
81614 10067 
11736 73703 
28731 60110 
9703 67034 
34573 76329 
11414 81437 
7442 18835 
4062 37817 
87132 71329 
80229 25371 
40306 94376 
24259 57755 
40758 80239 
64986 51684 
81886 75489 
55084 77857 
89146 30677 
59313 91162 
48762 82531 
33991 7419 
45640 73474 
58289 57279 
8231 65689 
34248 14381 
90970 12525 
6935 64552 
85973 8738 
68706 55520 
44836 52859 
2318 42550 
8661 19954 
86432 24377 
89825 61064 
34045 45957 
22580 16843 
59500 29808 
1206 57216 
72904 86082 
54222 36302 
82180 43040 
61098 82449 
42420 34190 
3907 26880 
29805 76136 
60546 11305 
33101 72063 
88433 4758 
49573 79748 
17991 3009 
44121 90179 
73764 80095 
80566 73057 
67687 10799 
62222 58883 
63789 85389 
25226 43790 
96551 93469 
12596 22964 
36147 62482 
19574 81194 
32974 98251 
41508 95012 
41154 89850 
74434 29874 
16107 9183 
15426 47950 
4827 56838 
84922 77372 
99140 80100 
46440 32137 
2043 16444 
30462 13388 
65083 96393 
78703 67424 
90825 73334 
12617 23521 
58570 34675 
95696 85562 
23796 88697 
2965 5437 
62206 14493 
33054 23344 
77787 8597 
98323 20338 
70955 61225 
6740 91881 
67645 47457 
5557 17637 
43110 24314 
91310 72392 
35236 83315 
3252 95719 
31336 19960 
8061 13912 
29665 46498 
52518 86683 
22323 92427 
7804 33290 
19731 8347 
54183 77957 
38543 13107 
58045 42894 
4625 1643 
74643 8674 
80650 61457 
69323 56382 
13902 29362 
87640 3700 
14018 56987 
20492 47959 
12719 43410 
4229 33209 
27945 36410 
67689 65486 
53384 99981 
88195 10684 
21033 95102 
46773 22856 
39198 23161 
79203 67250 
91268 37026 
3988 22004 
91639 33443 
70918 65219 
34298 2239 
14625 79956 
36882 22774 
16393 38744 
78446 66140 
74437 61306 
52672 82784 
57967 74458 
9958 29591 
73590 41508 
41576 17835 
3941 70018 
67010 44055 
87893 51375 
21627 99531 
99320 33411 
5984 40892 
47094 78173 
50362 44332 
62848 10936 
68533 58945 
64998 23714 
23291 20910 
87645 56743 
2950 89572 
41165 44814 
12793 18881 
27670 81821 
18353 83253 
68973 26530 
38471 35575 
17312 45326 
75205 86918 
9791 63557 
84969 62454 
96348 76141 
40686 6127 
18044 50171 
8273 77847 
37546 37559 
62430 11262 
26922 4118 
96512 77628 
99182 72970 
39139 31852 
29514 74835 
76269 474 
49721 95461 
91597 8178 
15112 11391 
80426 29356 
36945 9202 
62598 94310 
45475 90545 
18552 75898 
98788 75518 
99300 31694 
80797 30307 
15849 79239 
38134 61538 
96522 37453 
90158 39390 
11682 76048 
8859 34303 
4499 76525 
6219 77955 
33694 23328 
85369 88237 
29617 11788 
8925 30025 
88529 80645 
12914 18860 
81633 51313 
47988 12971 
35184 83434 
60924 80635 
45906 36879 
38904 74447 
31995 64015 
26658 91854 
84142 42895 
92286 52188 
73278 1955 
61406 74425 
92188 79871 
61262 97027 
56641 10430 
16523 41486 
68366 21574 
16712 84560 
46981 90217 
31568 70704 
70887 17 
85116 65815 
28188 7957 
11795 26173 
67843 37412 
8761 32344 
58554 80336 
67273 16790 
8295 9235 
13093 96105 
70926 70822 
10902 3997 
67991 57540 
90958 9549 
83604 30591 
37583 96797 
48198 98668 
38522 76272 
12999 40296 
31822 96912 
31191 94480 
2614 27655 
4076 34312 
76005 81986 
20902 81269 
24270 65864 
19590 14091 
56650 39726 
22246 75482 
88240 98594 
54129 82287 
90863 90866 
37643 395 
13222 15974 
63992 54271 
20293 63844 
84245 2882 
42592 84994 
28900 28684 
44826 9082 
60392 54421 
20393 61865 
86572 23682 
93310 65774 
14807 55471 
62354 47695 
6167 10485 
53559 19046 
97046 87369 
56691 37868 
91623 901 
8897 10405 
92721 80881 
54473 40527 
30895 70441 
53532 89350 
72013 95549 
34311 64541 
32112 23687 
83999 19045 
4978 28983 
51126 2354 
12677 33536 
88956 73939 
22187 220 
3780 58099 
32309 10966 
84583 92227 
24186 76311 
81324 96381 
86062 86975 
67869 71046 
68314 36265 
72630 12103 
98318 13316 
85033 17282 
86385 91490 
49171 46736 
83781 13682 
37356 91901 
11747 6881 
55724 1422 
66489 41977 
71693 10673 
19246 91683 
68749 22301 
72851 29313 
27914 89197 
6592 54285 
7215 58452 
39729 26373 
40557 45101 
70664 40061 
5648 17830 
3583 72786 
16954 95327 
57248 96436 
84145 71610 
61695 50148 
39086 11371 
87741 34276 
75144 82310 
21474 331 
61448 20386 
91330 79774 
91693 56087 
78885 15724 
2178 65027 
96156 35960 
47007 44608 
91986 33047 
49715 59936 
57992 97971 
60053 46868 
40616 87368 
32270 7752 
29935 91236 
6955 86368 
88226 7982 
22343 62539 
1637 26700 
2960 64019 
86892 62776 
73588 53529 
61597 92242 
24749 12185 
91505 82726 
12259 7055 
61009 24419 
7853 239 
74166 23176 
30530 29581 
82706 29676 
78928 67036 
54797 43518 
53934 39707 
43693 49173 
7681 80678 
88988 11942 
80197 62055 
84806 86352 
88180 50981 
79085 66870 
11732 20906 
25991 41407 
84347 45018 
99549 91731 
29058 96496 
90742 21773 
99364 81132 
52593 84710 
77400 31852 
28191 22798 
53796 1824 
95111 30122 
63760 3067 
86382 97721 
82161 50880 
2919 3032 
86693 90890 
15236 61105 
82739 5157 
63328 63787 
46080 16543 
2725 94863 
80373 36395 
12048 24073 
5147 29635 
72772 51024 
87025 3456 
55462 91166 
2008 61075 
98394 70366 
69863 388 
44263 21995 
32987 78870 
8593 61073 
61641 10682 
89486 43665 
54987 9708 
92529 6541 
73128 43140 
36943 22089 
79180 14198 
29474 96485 
92369 49727 
41076 85358 
53274 28676 
98068 486 
80524 50797 
4252 33493 
54625 11463 
43398 28112 
99070 18097 
72499 91224 
41462 56455 
5410 44759 
28119 90925 
3721 85427 
34487 61948 
37168 37355 
60617 25847 
49386 53878 
26123 67586 
66483 49059 
82200 5343 
15717 16939 
39666 97318 
79418 27104 
71461 55797 
95398 68836 
85610 71260 
29193 52923 
80406 50205 
85806 70170 
87415 74347 
99004 48692 
79848 95998 
34787 48282 
73982 94674 
72264 79442 
79519 33365 
80002 37138 
61092 69403 
88794 94869 
57664 94478 
72837 13358 
69087 1146 
90471 79990 
59875 98995 
2915 10032 
49053 32694 
84847 8786 
51934 86243 
64208 14970 
14769 93000 
80266 19967 
36436 9470 
28779 85021 
2690 52292 
70979 59004 
67950 42548 
19159 33103 
7228 49219 
75788 55565 
26488 74529 
95379 69586 
63604 77910 
58723 30506 
34047 92436 
97673 4662 
75518 47851 
85272 51539 
23987 77687 
10865 43358 
9927 54451 
92681 81737 
98016 66535 
41462 29815 
6178 23202 
77838 90003 
30542 49923 
23457 22482 
71772 15323 
31259 17650 
5160 13132 
93870 6868 
62015 7772 
70683 20234 
93042 40630 
4039 77487 
65835 85518 
52805 28773 
7989 36499 
57666 45641 
45017 8973 
66652 99500 
97919 35831 
91651 54676 
99133 44456 
37123 46290 
57554 7497 
40720 9365 
53419 70603 
92208 74895 
72059 73660 
51859 51034 
91883 98594 
72393 63138 
26426 96439 
39581 35100 
82893 69095 
85789 56196 
40342 7109 
98027 92645 
69521 13807 
37468 71121 
13316 78220 
10936 82662 
21897 94517 
86555 29733 
89838 64041 
25475 66634 
73861 57524 
9568 64033 
79325 59710 
80969 62064 
91149 66356 
73530 63271 
90627 54471 
8527 56614 
43401 640 
47369 56809 
65851 79419 
42598 89481 
77251 34050 
5126 51920 
23275 75105 
10450 31658 
12758 29186 
99472 70676 
44122 29424 
90615 21722 
10451 12301 
9069 55042 
62939 61155 
56287 38779 
81254 15767 
88272 34337 
46379 49557 
44712 19224 
36545 1142 
72704 74192 
70118 35408 
18573 48933 
638 770 
19210 51153 
28697 43868 
10392 87557 
32920 40772 
83702 22061 
38044 4575 
65953 6529 
31949 33331 
65426 82356 
15443 69347 
27782 47448 
18737 51165 
71147 32443 
46716 52892 
24677 32464 
21521 22071 
77789 96265 
75382 46911 
58325 83318 
9257 6434 
97022 61213 
73566 82991 
2999 30666 
46127 45596 
70332 33528 
79412 44664 
59373 20337 
64305 93966 
48079 28323 
10777 54043 
28455 48158 
77264 72768 
31063 38373 
89958 83412 
96660 79993 
80875 8321 
78107 50813 
39235 67160 
48041 38633 
14578 42731 
8181 5877 
31984 14456 
44679 64176 
79878 29897 
50581 16836 
9122 48058 
41275 79547 
38435 54713 
21671 95251 
95665 19635 
24932 17781 
37026 38362 
31713 50704 
77149 77001 
96155 92731 
31622 17590 
50296 59137 
20689 83653 
32089 19822 
7863 10850 
83882 18940 
50435 15995 
98001 18509 
20197 9213 
43979 38928 
12202 88654 
98026 53064 
96931 54923 
9465 27356 
87020 83257 
81194 93345 
83482 95505 
11573 76097 
38395 81078 
43754 2175 
