7932 76860 
24772 66910 
14533 34570 
83824 33492 
56027 61088 
32293 93709 
46960 80069 
68161 2858 
17065 28480 
61994 47375 
20946 31855 
38946 63659 
7688 82183 
53317 88379 
24637 84573 
85797 1813 
23452 42885 
63989 68796 
8479 61617 
5280 78067 
17630 51597 
7848 30118 
54149 40415 
70327 26082 
93981 5027 
3604 65771 
77984 63598 
9227 71666 
60757 86401 
38072 17472 
28636 11462 
10218 54795 
18215 79658 
72365 99573 
63751 36102 
92675 61064 
76895 79878 
44590 70533 
15414 82616 
10930 94209 
28928 37849 
47542 95649 
79140 47763 
81728 46342 
19652 1672 
84926 70202 
86173 51472 
51334 47535 
91780 43269 
34611 97142 
43852 21585 
43321 1396 
99412 82710 
72440 38465 
53823 17235 
53029 38281 
14134 48235 
35105 84422 
42847 41240 
79738 42781 
70477 34872 
25615 9687 
65981 16907 
12549 37113 
23013 49526 
89851 10642 
66896 29640 
11005 27081 
12336 55447 
17749 42913 
5092 58735 
46455 42222 
62200 53960 
47603 3294 
84779 49764 
95184 26791 
55089 66340 
77026 25201 
45195 2927 
99324 63224 
58471 3742 
9063 81801 
97117 77765 
36557 34714 
99006 38051 
86988 15954 
15335 39635 
64628 58555 
6980 11572 
96294 41105 
21855 98324 
31692 46872 
78222 48418 
37389 82276 
19601 14201 
68496 76400 
25776 55522 
97522 51284 
61372 72291 
3415 73938 
18583 26127 
75444 75343 
63823 49672 
66377 49126 
29461 83678 
37329 23178 
1245 26572 
72656 31180 
39620 28983 
7467 97791 
38892 16574 
2588 91234 
71997 78546 
22239 90035 
90643 16295 
18196 56919 
50675 6956 
903 12114 
10735 99961 
82753 50828 
8640 31228 
11691 55169 
54370 9235 
74302 9506 
91160 99982 
36746 40081 
66921 13721 
9134 64599 
27029 75356 
64405 55632 
86542 42507 
16254 92815 
64963 20536 
62350 3171 
69913 12155 
28849 66323 
97403 30800 
10138 91912 
75910 1524 
83758 60247 
18988 70968 
94630 54022 
66956 48814 
44988 98876 
91970 7138 
96831 73630 
12817 71221 
92256 47254 
15838 45610 
23656 48893 
6613 32606 
40611 79765 
23406 16887 
63145 31270 
27806 9545 
82118 82377 
50642 67637 
66632 11142 
11933 31174 
65643 70172 
52501 48510 
86390 43910 
11854 93207 
55739 26802 
62020 10707 
22270 35726 
60265 71524 
36659 97520 
14949 49179 
55843 32980 
68263 85708 
52508 92424 
87185 55358 
75559 84707 
19711 87938 
99551 81545 
17265 67307 
21457 72027 
46178 77619 
11684 88437 
11194 30174 
2912 23783 
92220 67137 
5101 13893 
51861 4850 
67962 62501 
5756 49138 
73154 46435 
60331 87715 
27714 49826 
13324 40717 
47432 41226 
81246 29365 
64352 25556 
64964 4905 
66080 74024 
89637 65213 
76260 59442 
58509 74851 
15353 1847 
41377 95845 
38772 59863 
78032 31086 
35447 86958 
14576 80036 
84078 8545 
6236 7255 
6598 65841 
14147 28307 
28783 15443 
95534 24720 
56488 69784 
36846 9914 
2648 12943 
7594 81414 
54950 28728 
19014 11161 
57026 33513 
56116 45337 
87011 15007 
14325 7932 
56507 39946 
12598 28089 
20263 8636 
73770 40327 
82280 2348 
59864 38834 
7609 90768 
25167 2291 
751 40985 
3124 44071 
91366 96986 
74452 84135 
75899 79162 
73312 83622 
99767 87039 
76024 30831 
28920 75247 
82494 18213 
51864 12697 
44394 3976 
73648 27998 
16090 9040 
11853 90332 
4425 60320 
81281 74326 
71687 54724 
58829 9899 
2415 84730 
52930 23638 
79210 36027 
63003 36925 
25285 40512 
3495 97893 
62204 43731 
84376 89173 
154 24949 
85398 71529 
25005 90070 
34900 94606 
71554 42968 
5677 30377 
75565 29099 
70139 62295 
78544 36816 
14964 93725 
18688 36405 
1437 22924 
79016 34642 
71853 68662 
79451 23526 
44627 20503 
93422 5865 
11193 30839 
41571 87499 
46274 61968 
65220 36234 
69795 50803 
10487 20898 
53482 56275 
60285 60461 
48093 10019 
35915 32782 
18285 99652 
52554 15310 
11258 75755 
53659 55913 
52616 88630 
68183 1057 
58290 28933 
31420 40659 
74899 67518 
85459 64183 
12601 64119 
28384 60964 
14249 41934 
12757 39210 
12599 5771 
3359 82773 
63326 15059 
91787 12564 
5801 9900 
31206 70301 
95830 28232 
98413 96358 
74980 45268 
12353 30548 
89676 12550 
38297 24977 
49861 73287 
85144 21440 
21851 83087 
59640 12374 
82892 70735 
75785 73987 
25971 32401 
30289 32942 
92598 64445 
45675 3856 
28557 4941 
51465 13879 
3030 72108 
20853 12741 
5043 59023 
5385 51917 
32835 68318 
13361 4928 
21535 47988 
59050 92316 
12456 20016 
69266 69441 
53328 77209 
71445 33012 
32975 60458 
3113 3158 
96207 18565 
76437 41802 
55123 95862 
3581 75297 
11544 89035 
38626 99470 
31966 63862 
20096 58651 
71201 25055 
4418 6733 
23785 87919 
65179 77966 
93266 9268 
95582 17905 
8663 96826 
92280 50862 
84625 31312 
17562 89163 
17301 3442 
33883 21675 
31392 89297 
79803 54313 
45571 61814 
9625 13612 
3219 63593 
50369 65943 
23328 46796 
39215 49622 
62488 19581 
92097 64849 
42990 25347 
19907 17360 
94409 21013 
52578 65633 
76406 13602 
53295 78636 
99040 60603 
5209 71361 
33536 38903 
31194 48754 
11244 39513 
63601 55169 
41432 50893 
15381 96105 
39588 52351 
16586 71705 
47070 50834 
70948 37436 
40226 59343 
56112 86308 
72523 33290 
38046 29163 
66747 52305 
95275 34806 
76002 59299 
51778 80121 
62033 46060 
98764 51826 
97278 5196 
45003 36156 
83127 51947 
72972 30504 
90997 56211 
93831 11934 
75128 15046 
88057 1493 
76417 38996 
90561 70362 
35139 21782 
29200 44151 
57062 12203 
53826 75019 
32263 9533 
99340 67805 
88826 59283 
10730 65977 
74692 34879 
20638 25980 
34 52608 
10719 34410 
39870 82154 
6953 51486 
91979 83095 
55965 96377 
8781 18919 
4580 25243 
73449 74450 
58024 91172 
70345 30004 
23519 16756 
7758 26168 
55541 54634 
86966 86771 
6549 59106 
75806 54460 
52758 42800 
37223 33215 
8363 46363 
83665 25203 
63588 6302 
76742 95573 
82035 66315 
68226 98100 
71041 40889 
83242 47050 
95082 6380 
79416 26152 
36744 64471 
76795 84333 
22387 95628 
42491 79607 
20330 96071 
31295 97510 
88252 70767 
28937 88517 
93469 37084 
18160 40048 
54840 79011 
89483 23045 
58291 80216 
48283 30464 
79276 55705 
27743 55666 
4983 96519 
3253 42334 
86678 39601 
18010 74388 
68315 75892 
71844 64280 
31370 13686 
95708 41164 
67858 21440 
32810 36572 
43552 84432 
74022 14599 
41678 23103 
49984 95988 
83695 37378 
65228 81121 
8242 60909 
70706 85575 
51920 31927 
10221 63742 
16334 13283 
43594 10946 
24625 23246 
44777 2553 
67723 70766 
96669 49762 
15642 24162 
56054 26098 
22357 80561 
41859 46030 
84159 44948 
7846 57759 
20846 72278 
96884 45859 
36710 73884 
38109 26303 
84013 40285 
40555 56333 
95468 86490 
57278 74718 
74251 83044 
42486 34103 
30120 96308 
887 86498 
28485 24823 
33241 35386 
75592 85150 
14997 73495 
97470 70180 
5944 83970 
82880 75667 
77977 94498 
51228 66614 
65337 38891 
75266 34166 
87116 98668 
35353 75755 
65340 68416 
7167 16536 
63615 12973 
87975 78503 
1096 61967 
47900 95191 
54451 17768 
52139 64500 
46534 36636 
37618 29918 
34638 79648 
43368 81323 
53465 19920 
87686 70513 
38409 35734 
57168 43786 
53218 15334 
22763 4101 
72819 48513 
26250 28757 
26839 82519 
86854 85037 
92286 75387 
62231 5859 
34866 88512 
60601 10267 
37606 22060 
41579 79461 
22699 11793 
62070 28043 
67932 73916 
20566 42346 
42572 5773 
28314 92888 
39245 24520 
88997 66445 
58151 53345 
99964 4696 
7832 45381 
97485 81027 
22776 69145 
56122 94863 
62289 66130 
18027 13735 
47347 31175 
71815 47331 
12556 59233 
22654 94870 
98889 48407 
95283 67443 
89508 48406 
89922 50287 
95798 96027 
67361 36501 
33613 84845 
74002 33333 
90795 74950 
30223 14908 
76178 60436 
96146 71172 
57583 77247 
97756 81793 
41690 52067 
43279 25932 
22258 64136 
84820 24012 
24774 16191 
83502 96027 
5443 88155 
17673 12402 
20285 77786 
33250 8074 
66210 16183 
72818 28197 
10040 82841 
35894 74772 
63765 34934 
16538 27480 
34724 8514 
36530 19156 
77935 45563 
42388 56572 
4459 50102 
62739 90591 
54464 79039 
28909 56244 
26579 28975 
46066 22927 
66138 88912 
64826 17651 
54109 90586 
44007 10177 
5747 3117 
13999 77855 
83467 86729 
47245 123 
51911 41464 
17394 67868 
54912 61170 
81916 31247 
73773 30442 
54333 51057 
34244 82790 
41662 63358 
65586 71991 
10298 14848 
79275 95388 
9253 77322 
27201 47868 
23549 3584 
19592 78277 
52512 44286 
31477 66264 
7815 5449 
3115 36825 
4349 89768 
44629 82296 
73343 31337 
87987 67068 
61631 3031 
90519 49030 
93548 48565 
83282 63541 
62684 67106 
74927 80661 
89547 57317 
67074 64477 
28175 9875 
10790 34504 
29832 22702 
35369 53497 
75141 1588 
10455 43427 
67354 335 
60415 61947 
38943 49220 
35929 55373 
61279 18310 
61913 41011 
62894 63041 
23176 61604 
55682 3476 
19637 97752 
40337 95809 
21442 20321 
12455 64889 
80986 14213 
18939 79966 
13656 7278 
20675 72341 
41974 93721 
1960 13219 
8898 50065 
29713 92855 
5182 3534 
6268 67919 
22961 27657 
78350 73040 
43188 7976 
61864 24610 
88022 41913 
17152 80178 
20983 11193 
62681 55143 
57435 92632 
46384 39967 
55894 53682 
3429 5752 
96667 12828 
16724 33776 
18529 31714 
62239 55473 
76379 45854 
65036 43327 
3263 33820 
13889 50306 
8688 71018 
82480 55683 
21770 13449 
83358 38504 
92609 9330 
37214 66436 
98128 41969 
74493 57381 
59699 66032 
98958 43982 
69010 11122 
33542 47030 
35919 91528 
37686 42784 
17469 79104 
32316 91347 
60728 67382 
93711 78497 
93844 79384 
80761 11739 
29423 49003 
41425 2864 
2295 36416 
3695 63920 
49751 21669 
93971 41257 
56485 57389 
41466 13180 
28789 51534 
21096 80768 
32921 94140 
59323 88512 
31130 38236 
77464 21725 
75479 94385 
75242 40999 
74371 784 
63688 30545 
29621 86402 
40975 56843 
52934 53326 
67353 56790 
9815 66311 
36109 430 
6223 52467 
56283 2333 
28689 82082 
59870 87822 
72148 22764 
21333 55524 
41419 33426 
30459 16062 
92010 92039 
90962 28241 
83878 31693 
26683 98693 
57784 93154 
64857 58712 
8049 88939 
31633 82866 
17803 13893 
38865 68015 
43235 30274 
63194 48446 
81867 1581 
18513 83134 
36567 48663 
1139 14489 
91775 54085 
43373 64459 
51328 46296 
45576 3494 
48326 53845 
69531 631 
26617 31682 
66516 38814 
10774 26562 
82444 58619 
26858 66595 
29324 75616 
9769 31198 
37435 1915 
34678 82032 
5826 90785 
39799 12914 
50090 14743 
65666 7302 
5826 82162 
22144 75603 
83841 95168 
8522 81402 
88806 52499 
54359 55638 
6982 4999 
19131 40810 
40576 78532 
87302 3504 
16387 89382 
22051 2846 
24637 90560 
95725 4918 
50210 3958 
97956 88736 
43021 12912 
33441 98116 
36808 12490 
60532 55514 
66376 40705 
89076 68919 
52177 42849 
51347 30916 
18061 53278 
83444 30231 
83151 14240 
6218 70395 
22014 89689 
74528 17605 
18633 73572 
71578 80404 
49172 36670 
61110 57531 
16130 3849 
74366 77081 
22180 4438 
1058 90059 
15850 92484 
73957 74490 
63189 90727 
85271 52431 
99625 72418 
49638 21541 
94483 58470 
33324 55331 
16940 73943 
2166 31740 
26713 77485 
1802 8423 
25315 50112 
72896 74913 
94500 5580 
21364 76792 
17314 63627 
9013 25037 
24171 9453 
3523 74946 
31457 48106 
28387 83315 
43400 50788 
83194 30013 
69276 81606 
62551 20655 
67508 87936 
87988 70769 
65806 35300 
81325 8665 
22207 68557 
50297 24152 
85762 85195 
27610 33335 
87526 13642 
3169 25885 
42670 99791 
15850 10520 
72712 18273 
25995 76860 
63223 41556 
72701 47384 
56856 19542 
31026 1924 
44114 45122 
23391 18933 
55013 6994 
6723 92701 
73639 60082 
52325 53787 
94581 76002 
58974 41089 
15295 71288 
91412 48322 
11708 49460 
16180 95090 
75684 34533 
14663 53333 
2489 18177 
89232 93590 
3947 90510 
42551 2354 
88721 75375 
2385 61745 
95025 44945 
84662 75765 
82977 45672 
36068 73612 
93997 27779 
74149 19851 
62773 33948 
47612 13655 
23761 69307 
72506 64929 
88584 44473 
60939 93787 
83332 56155 
48173 11702 
25486 45705 
41221 7563 
89011 54991 
57489 79960 
53175 81133 
95510 28188 
55702 16847 
81521 38799 
74141 51563 
65380 81965 
40632 99965 
97261 62465 
54759 19236 
2573 53832 
96755 74041 
86729 80986 
59062 9171 
43677 6625 
8083 93758 
12483 19730 
59954 8118 
24853 20706 
4231 54510 
13061 47018 
37651 86517 
2618 85606 
76431 68196 
96861 73946 
84 93854 
71708 305 
42280 21980 
37989 75548 
85059 2800 
96027 63816 
31494 7905 
2571 27444 
28922 2521 
93713 62683 
89928 36260 
59069 77115 
11499 66567 
42320 87068 
24127 70574 
51085 93944 
12078 45708 
95142 32027 
33683 47148 
36205 67160 
36198 61119 
24689 65659 
3647 66993 
19370 45832 
98015 98310 
34335 70735 
54282 73091 
34301 40051 
67994 27177 
4156 91463 
70402 50845 
51497 27438 
20719 98578 
61960 42027 
57579 14621 
16310 34123 
42564 92819 
95539 58539 
97475 68273 
45627 84336 
84001 20436 
47159 1051 
99567 52543 
36664 37740 
66308 677 
56289 37253 
71532 17210 
66391 58664 
77445 68061 
41597 64521 
55553 80907 
85105 86364 
16858 82408 
38231 51923 
2815 66471 
32664 452 
73989 42739 
31386 8863 
83461 24729 
30901 646 
50236 30422 
52191 11968 
54264 84614 
30728 44966 
59157 31973 
26912 46879 
31286 92487 
17453 15531 
64653 16880 
95510 46584 
39793 28570 
2820 6079 
41925 70866 
40545 32925 
38681 13377 
57291 50378 
70944 9956 
92459 92929 
41695 42028 
61080 35639 
97226 25765 
2246 46603 
82688 9342 
77466 70095 
19648 37368 
97531 87825 
97198 13598 
76885 98870 
90103 50173 
63059 4978 
17609 51859 
65331 87292 
34726 47168 
11634 12974 
4152 44734 
95572 15778 
31493 62929 
36495 53295 
59021 53495 
64704 55446 
3921 15806 
61172 43697 
95864 77416 
26552 18577 
15664 98644 
27811 84228 
61923 44230 
72436 3086 
75758 53453 
90013 51178 
35070 31612 
58821 75128 
89278 80413 
1172 35631 
43033 82544 
85359 58989 
13183 56593 
14354 8229 
77048 2494 
51850 28397 
2105 64790 
34712 16815 
97223 51265 
47626 18397 
53849 57876 
90470 48575 
51872 67424 
51878 1928 
89376 9026 
13477 13334 
58087 88195 
48448 245 
27032 23246 
45357 29644 
15807 52707 
83588 21325 
35776 10571 
10266 20290 
52662 1488 
20215 45403 
77198 46326 
20269 48883 
21845 10102 
67173 1762 
71071 68851 
4360 54150 
284 19802 
87010 5944 
44207 90069 
77135 63584 
59380 53112 
10799 51496 
47390 19298 
88137 93083 
5577 27212 
13510 75414 
50150 25682 
17881 64226 
13023 3026 
28451 41405 
48132 89655 
11589 95813 
95598 32895 
4289 10128 
42842 18805 
66632 51334 
90564 94737 
33177 90536 
78525 28544 
14715 48979 
51112 25573 
3494 91475 
45942 12968 
64804 65854 
70064 92318 
55716 17670 
87819 56298 
97818 93025 
82005 62724 
44931 79244 
65721 60300 
29099 23043 
16097 64367 
38522 8907 
73125 88060 
79682 76589 
96852 44564 
2524 5961 
4465 49517 
22373 99871 
15128 69120 
55174 51257 
14890 79146 
93650 89424 
16607 22786 
91175 62245 
30528 81164 
87411 25947 
80032 99325 
5180 82258 
94011 42677 
71581 23823 
82451 94072 
68016 23176 
55014 40130 
93582 27953 
73756 36884 
34171 5600 
40599 89475 
65707 14561 
7765 28366 
84043 65685 
65107 15428 
46386 77593 
2118 67262 
29484 22771 
64374 40223 
58377 7362 
24258 81913 
36145 26951 
64041 17236 
9897 93070 
25751 3655 
41137 30715 
16706 59890 
9693 5867 
72225 45067 
69530 53820 
67709 41208 
92093 44059 
41181 70937 
78196 35508 
34292 64428 
93031 47132 
84950 74863 
80528 93238 
7913 30051 
43075 10215 
81055 99356 
30527 32048 
14478 49727 
68463 55631 
17250 62351 
69798 73701 
92253 82362 
16178 43179 
83499 78009 
65948 99760 
72222 92839 
44059 25778 
68158 84701 
95919 27714 
70662 58740 
41978 82119 
80628 18074 
52761 64320 
28692 75468 
75088 82969 
47748 92070 
79369 5277 
58574 35152 
65176 72765 
56185 75814 
57684 75392 
81512 79725 
51104 73132 
38098 79237 
6902 28373 
66740 53576 
94391 39979 
22329 85343 
69167 50380 
6641 6149 
20923 30799 
98398 92001 
86310 36487 
87679 19902 
14826 63827 
65561 51157 
96102 34196 
41900 63992 
5497 75689 
64197 18350 
1578 73126 
88774 99101 
13837 9177 
11791 50433 
91921 25046 
2135 83772 
48670 87811 
90785 14385 
18430 63364 
62003 57661 
69389 58802 
60543 95094 
54092 16231 
76022 2090 
55830 11080 
90725 15023 
90263 32398 
80318 3287 
51397 8 
38304 3634 
48991 3959 
54511 68713 
70449 35445 
15520 79457 
14472 15126 
10660 71863 
85967 14771 
21014 32717 
12181 11179 
40913 25923 
38517 7542 
31422 21380 
89171 6728 
33611 11691 
32521 23395 
75691 18536 
74073 77426 
92627 10133 
10861 19855 
39379 73985 
20299 4278 
19697 14983 
23815 31682 
71206 77940 
60975 64686 
44510 25763 
33361 28394 
89128 39718 
29114 89362 
12324 46624 
18848 31618 
8189 19323 
21540 29270 
63877 41389 
75054 48891 
37424 74805 
10089 1711 
67352 20202 
18659 5576 
18080 13284 
28597 9712 
87160 58154 
44125 81508 
412 58542 
89186 53856 
99320 71302 
95021 84034 
81325 73050 
6377 80677 
88187 444 
41794 14065 
50136 97352 
32528 36793 
84301 78065 
82014 6807 
14702 94663 
33130 22882 
28120 78829 
4092 53781 
5198 13604 
55460 66668 
69405 79013 
80504 37799 
77799 6935 
69126 59043 
37021 75274 
81527 37527 
65543 69202 
81999 22474 
38918 38141 
25499 83266 
48623 81167 
60059 5827 
77063 613 
6637 70607 
41398 73935 
4676 24763 
87084 7273 
66401 63594 
18359 50638 
65826 91824 
37386 74285 
99444 44036 
26346 28600 
94771 5379 
47526 35684 
10152 88601 
55259 89849 
64711 91537 
10583 76341 
60788 80353 
64539 52881 
12933 18202 
29311 76989 
77266 86344 
87683 3549 
82953 25381 
836 21715 
3555 57933 
62055 48001 
70196 40908 
9651 43293 
20750 35446 
56269 75510 
99700 75706 
13693 6760 
71799 63829 
92393 44137 
89382 17746 
33249 56616 
57924 50941 
85255 27076 
77365 68828 
77475 78050 
97748 25115 
46110 82601 
16897 93332 
68279 47572 
65122 73634 
22933 35482 
67362 73081 
46337 73447 
46708 68761 
74602 82785 
34916 87453 
69016 51321 
85289 12970 
1247 61925 
41241 62881 
34960 85433 
99856 60006 
78016 43875 
23960 60893 
95102 50788 
98468 93429 
64532 39416 
97204 98809 
34888 96712 
24913 69264 
87312 31327 
25862 22271 
37448 17141 
5176 54427 
17395 70387 
92022 73706 
62507 38071 
84728 17531 
90466 98110 
57125 25898 
784 97537 
72672 53742 
41729 84068 
48337 74786 
88656 18513 
33731 50316 
52801 90719 
22671 10642 
92845 140 
94118 24446 
32880 3626 
87354 11764 
99893 77650 
52293 90086 
81476 89943 
79978 29821 
70202 26396 
10623 35359 
4943 73078 
36926 61001 
41387 10366 
68966 17226 
84103 36411 
3612 22096 
90728 577 
46187 5019 
15206 93960 
65029 75661 
91462 13742 
20623 29514 
71510 90892 
143 73397 
22709 46591 
5528 19160 
57732 21764 
88626 11888 
17773 6251 
479 30113 
54643 79375 
23461 19848 
60595 62058 
84804 1718 
76079 72147 
7925 20995 
65127 69214 
44007 94077 
85611 72895 
40472 41721 
97386 39652 
45228 89341 
45169 86898 
16024 57672 
24949 60526 
2749 63374 
92865 52146 
97194 98398 
3671 85703 
99563 59421 
72286 9673 
33949 54204 
36375 50644 
56010 20425 
60527 6843 
35237 54348 
63292 86075 
61519 61640 
67224 21499 
21082 10715 
69003 30839 
10445 90159 
1855 19857 
8677 46127 
15665 69300 
8037 3031 
31573 86036 
10978 51413 
37271 43723 
37542 20576 
76844 86116 
51321 40385 
54724 16983 
4462 36557 
17142 54613 
22577 96865 
96479 86030 
98986 91842 
3978 16269 
44359 32895 
34522 71470 
42605 3202 
3526 81027 
96800 2280 
70458 33671 
9926 3880 
16111 75117 
34411 38595 
31464 90783 
41704 77579 
44818 96102 
8543 11806 
60875 39051 
90115 92495 
10501 4811 
51962 22642 
13179 823 
62263 67057 
35449 92022 
4056 78849 
88170 50648 
52963 23998 
42972 82810 
80188 22490 
64039 94832 
82794 14400 
45182 66425 
13713 2402 
14154 4869 
82458 18361 
16226 64614 
24173 10978 
17315 30124 
89440 53918 
73241 76262 
90180 29393 
96226 40158 
47998 50872 
12293 61252 
30517 50431 
43972 72088 
28497 71145 
71575 51426 
21960 73045 
23246 83379 
7096 82324 
19117 1545 
7336 87787 
48109 35446 
71816 16021 
87277 18140 
72343 97261 
83040 58464 
45988 67698 
1290 29129 
94644 40726 
19037 72781 
45111 19594 
74126 82118 
93737 17006 
11549 67317 
8128 93385 
64925 84245 
35141 24825 
89994 60335 
69139 64241 
23287 21486 
67393 64729 
73622 92997 
60567 92900 
66663 20294 
95379 71725 
53510 31065 
63787 57401 
63134 39470 
18520 72779 
25437 75161 
48238 91132 
16827 5159 
87320 88313 
83405 4970 
65039 58819 
78233 26852 
56794 21848 
8583 7768 
86113 27099 
26717 57295 
40294 6921 
13429 66681 
4840 11320 
97446 84190 
92250 5429 
25761 9054 
39264 5216 
50043 66577 
73334 76538 
22542 40320 
3847 25080 
1192 53799 
76572 60287 
48140 13773 
40812 25090 
68498 49921 
17913 45043 
76840 11618 
27070 65427 
97836 11510 
19772 12943 
4352 37702 
97761 39819 
71474 91665 
41065 82449 
78114 47308 
52409 94154 
19229 68179 
32254 92184 
1119 64409 
34729 92813 
79918 18725 
18901 95162 
69057 61772 
2075 14342 
85381 30973 
42278 57574 
25530 4293 
25569 83130 
64327 60503 
10511 81258 
45103 80967 
86906 68706 
88280 74421 
38808 93995 
78957 75881 
62873 9324 
6886 43570 
82260 76778 
22915 53605 
13570 41452 
44846 71218 
89750 22191 
92604 59401 
15379 41816 
57744 71116 
32472 43032 
15509 59606 
4665 13651 
69030 32817 
85586 75338 
74708 72611 
23259 73771 
35434 37157 
66513 44926 
64021 65809 
81702 22131 
13056 9763 
58397 91623 
39373 18901 
81300 498 
21431 25515 
72247 70297 
76110 78962 
60981 71881 
27794 1810 
26269 72843 
67047 57653 
59980 77363 
98849 43562 
45904 40270 
21010 45962 
12365 51970 
92282 27793 
13101 59013 
46638 46876 
14425 6219 
85287 40727 
18321 60629 
31213 51370 
30930 4987 
62389 5272 
93799 69000 
49274 8098 
31271 346 
9802 61773 
31584 64201 
60800 62190 
71520 99991 
88613 89940 
14856 57160 
83700 63529 
63398 77918 
84036 84834 
16057 94258 
50408 69914 
96185 58980 
53022 24795 
40330 36004 
83317 95487 
2575 33972 
17474 94223 
17802 78935 
48842 79828 
84509 86874 
75339 49078 
73209 14868 
74863 78091 
39979 40905 
26849 38005 
26391 46662 
41323 97592 
56835 55016 
38162 16976 
2165 4607 
78735 31220 
64612 27476 
89685 20328 
53102 32611 
34379 63077 
60373 88181 
81330 76096 
23703 38296 
90944 46733 
49610 86332 
91980 78532 
9519 26164 
47377 81476 
68202 5116 
15424 55697 
89698 57960 
96723 36966 
76441 60044 
20028 95016 
36507 9388 
60696 1670 
41164 62575 
4413 14693 
30319 17303 
65769 55477 
46986 55664 
46390 93869 
33591 36533 
70536 91871 
2651 52891 
67441 99417 
2353 50467 
79120 40074 
33529 37791 
59992 72271 
38715 4543 
376 62525 
76269 5045 
49751 61158 
12912 56796 
37684 28101 
16616 50157 
90379 16659 
8401 64580 
19064 86476 
36414 39264 
12752 83453 
68531 51626 
2403 93985 
60819 15728 
76094 53659 
48291 24569 
15552 66410 
21719 25128 
93225 69157 
99661 33080 
16055 59058 
78390 65322 
27212 85779 
44081 92754 
80276 99544 
61403 93193 
81673 37265 
10547 14884 
56701 23638 
30794 44739 
32006 61872 
42854 12271 
43164 89601 
64509 50132 
69809 79516 
4503 75202 
72772 71378 
18149 50407 
57753 32365 
34789 36741 
18297 56039 
22027 47392 
17181 26744 
34572 71478 
49794 95881 
6544 43550 
95687 39254 
85273 96867 
5208 90546 
71915 53359 
86950 75010 
29579 71301 
58755 99581 
43250 92863 
87 90858 
67400 8062 
96813 10804 
77006 79054 
790 21493 
45576 49285 
36116 14885 
9831 95707 
71508 71346 
44857 69081 
43996 61518 
65809 7326 
62949 60145 
92673 99957 
45456 97588 
63130 27820 
34154 35029 
55203 1672 
26823 12711 
86193 75576 
3431 87116 
87267 16672 
70763 42549 
14159 71543 
57385 35412 
43544 81245 
82405 5282 
21974 61989 
90337 65943 
79653 86534 
91363 71632 
94873 72559 
71376 39020 
96587 8554 
39396 93831 
22383 25280 
61330 2503 
7035 51341 
88492 43915 
62837 75152 
26904 73980 
27096 72394 
9133 36751 
94425 47965 
24256 79731 
21916 84534 
33505 38165 
93781 85982 
49286 63378 
58733 53319 
83422 83586 
8136 33135 
76890 2111 
45891 34176 
7730 57575 
12048 16366 
36451 93375 
61289 18366 
88954 9649 
64721 4756 
95837 99921 
98824 81937 
3956 6770 
8934 53089 
51158 66091 
86309 56805 
48370 47914 
77591 61480 
44565 43254 
53412 68095 
59572 91080 
98913 7721 
57345 87255 
53104 6897 
97967 68167 
16283 33971 
50579 15798 
65150 32557 
71337 88072 
63760 94449 
50633 38621 
35156 23671 
12038 53428 
63280 95749 
1743 98385 
27677 21892 
41792 41356 
34558 86434 
32960 85145 
96916 37718 
83857 23630 
33710 77547 
11729 12305 
3518 12383 
7321 26647 
61601 671 
81354 66939 
30985 54998 
13308 56576 
7948 35189 
4622 72384 
80214 99088 
97841 40105 
22183 61376 
60858 25974 
45692 47659 
51144 56150 
27097 20974 
68657 99828 
1844 929 
78139 58930 
16280 91879 
31586 17564 
53064 85884 
49901 17801 
1368 8587 
29094 44839 
25938 31779 
20852 24226 
124 85042 
99919 56607 
7177 60738 
71438 41290 
81349 21516 
90241 68982 
55777 87583 
61079 96132 
7664 2182 
63852 48594 
42912 48044 
1131 40701 
42158 14991 
96615 37335 
98091 99481 
82646 31216 
9923 50524 
2468 55384 
65086 63265 
18694 1723 
30498 61435 
63241 70393 
96140 2954 
85996 32141 
62236 89150 
59561 45743 
37988 57407 
75655 36190 
24595 89433 
25094 5739 
88189 72981 
87736 19585 
89392 13486 
71401 80652 
25296 3937 
29463 83894 
57023 26213 
55680 19487 
41375 75217 
1810 76440 
58656 68284 
88634 83376 
30387 26713 
84235 11657 
50433 93649 
4762 57482 
10959 83181 
52327 14265 
90683 39135 
42322 44303 
87040 18935 
88150 59676 
16160 7773 
5222 26273 
74979 11464 
68015 12012 
58330 72490 
4133 10545 
50526 3109 
37482 85127 
65723 31807 
99062 93847 
94281 14949 
8327 77018 
23350 74195 
90662 10306 
39093 82025 
37266 53036 
85223 32706 
32552 50129 
47950 4051 
71179 78254 
60978 36550 
61895 62020 
75838 30752 
68617 24420 
22622 91225 
70516 77252 
94128 25966 
32341 1852 
22417 43875 
63816 18246 
80969 79652 
12679 91689 
37920 15489 
79754 79586 
6225 61945 
66450 78884 
85197 6597 
65154 94332 
64464 38401 
81222 11315 
66216 8095 
31613 23538 
34514 90572 
99684 35423 
41445 73849 
38268 31853 
69109 11039 
3874 83765 
43668 36710 
73691 37114 
43125 67070 
44059 14853 
74029 74587 
34175 46800 
13942 52018 
21997 30704 
46333 58206 
20685 19252 
72427 68613 
63380 22454 
70600 37222 
1720 12546 
88072 13284 
39203 19460 
91909 46291 
14381 8910 
76794 55658 
20825 42253 
25527 37770 
881 27571 
44902 32363 
78508 84756 
54359 72669 
2783 63933 
87774 99293 
58170 76137 
79716 26508 
60223 17959 
46730 11462 
96136 97706 
41430 91709 
88381 99675 
52638 24596 
56658 55232 
48324 83164 
28482 24654 
9754 37595 
1947 32079 
85058 78634 
95562 37395 
98324 20017 
29508 73549 
86363 50599 
70302 25484 
99455 93714 
36523 77825 
94674 71220 
7161 12410 
70772 62770 
96063 93897 
42194 97028 
56102 41954 
26381 10866 
54882 51874 
23385 65017 
20153 92018 
99648 10241 
87575 76059 
48912 56739 
96089 80799 
92314 11354 
66841 56190 
97060 12081 
70485 53191 
38459 7417 
34643 77232 
3623 99335 
68412 60308 
36831 92924 
84013 33102 
56301 73222 
77047 70025 
30059 60321 
86276 74739 
84607 77495 
91451 71410 
34258 3960 
23450 67888 
61301 73773 
54790 60962 
47549 25472 
10606 61000 
56376 3242 
90257 23523 
91007 59702 
17924 88638 
9597 12864 
46973 45773 
60556 65355 
27244 60774 
12623 2733 
7118 25180 
93314 49474 
82849 13375 
16715 76224 
26564 62315 
76922 19912 
21266 20662 
7058 99564 
6282 49406 
55359 84927 
89840 94438 
9700 2488 
16773 93038 
9764 44039 
88849 20875 
22138 76589 
22809 33870 
17779 39301 
96924 10142 
83545 53030 
80727 51278 
19934 61109 
64546 59278 
25685 66251 
5566 65801 
46575 27705 
85377 53692 
70499 35299 
30288 77296 
83873 82507 
80197 57684 
65398 19439 
4368 1669 
82406 78405 
53211 69372 
72277 29681 
4008 94099 
36849 43175 
5486 40425 
51251 2852 
51249 71628 
90274 45131 
15299 85989 
5154 69875 
64230 73013 
41586 3182 
20136 35187 
75785 74878 
85886 18731 
59600 10406 
60141 97598 
7951 26779 
63324 59031 
32288 65306 
67744 46103 
22291 89995 
75157 22910 
4694 29878 
13270 41476 
62916 45899 
29065 5925 
84053 58626 
41260 49124 
10879 81685 
76836 59713 
15609 67679 
57299 23370 
79484 88266 
19158 71119 
57669 38138 
50100 59645 
32448 73857 
97437 43818 
9389 72796 
58609 40015 
90944 24876 
94891 20331 
69817 50382 
18910 22401 
20530 70801 
94195 7306 
31712 46453 
50677 48907 
13981 34640 
63941 91982 
38647 15087 
67960 73629 
11042 75637 
71183 62699 
58914 50514 
24045 35350 
21119 55856 
42315 71368 
54755 72827 
25183 25496 
39918 87300 
19578 771 
50415 6904 
72928 26763 
76053 41186 
85430 24600 
27553 48700 
19860 22788 
28635 26027 
52063 73113 
1522 38035 
48467 4260 
81864 66160 
38336 42305 
57018 82017 
7934 21871 
7628 37363 
81368 9476 
46638 98258 
68618 61485 
92136 41190 
55083 43099 
80843 72004 
78973 41917 
27597 24686 
92953 19869 
62850 46329 
34682 60724 
34955 77099 
37219 86823 
46972 89533 
94775 38386 
8707 60246 
61838 31431 
23911 8886 
4481 36273 
99804 54168 
41442 47539 
61530 4851 
9606 48788 
77671 24715 
63561 10060 
54615 84942 
72167 95078 
37343 44699 
6379 96302 
62140 81335 
22086 60701 
42736 25260 
29288 16820 
35560 41400 
4676 64640 
22086 39087 
48513 43692 
66634 85265 
8711 52057 
56544 42126 
95058 49098 
8304 49580 
84823 38179 
27966 25421 
77254 92107 
47147 61602 
89016 53695 
16898 53737 
95169 16541 
30905 12755 
11036 67073 
66785 72585 
79141 47834 
79616 25793 
72384 84175 
55408 90314 
49707 1749 
33864 34717 
3729 50559 
39568 66888 
21191 42871 
18655 21584 
36486 6869 
64038 66006 
96212 55738 
26445 79344 
68324 72695 
50792 52198 
23389 16527 
47827 94851 
87372 59299 
9530 39536 
15490 78167 
3395 71190 
64897 36593 
35516 23604 
50317 6780 
55308 33449 
51195 4761 
85735 53366 
1560 32334 
2053 87094 
34487 45919 
49400 24579 
71921 1404 
84941 23071 
47576 56199 
53817 1376 
25742 44931 
59842 88793 
32024 83651 
71613 97676 
43424 98862 
12674 69130 
94620 22353 
20365 75057 
44893 40572 
22166 46566 
15912 38114 
70628 38723 
54377 28958 
98403 34650 
95554 26172 
3383 38222 
3773 61081 
50683 3879 
44246 26266 
82918 4542 
96848 83267 
63186 44174 
57025 45485 
36172 80232 
81560 19547 
81978 33055 
27674 64265 
54530 24187 
2755 5320 
41867 3694 
89024 25950 
59113 97737 
32502 39149 
86624 31956 
88895 35288 
95561 63687 
342 90558 
61080 86587 
36461 16259 
49328 54933 
70708 26739 
78630 11682 
78798 4628 
97515 94316 
39787 46051 
92641 35573 
92372 75612 
38236 72334 
49084 31199 
25289 25284 
99248 32047 
63558 14370 
37960 59989 
32342 30685 
42773 3456 
67004 94061 
82407 36553 
7402 87494 
82505 31397 
1660 74464 
92318 30924 
54123 73260 
93152 41491 
29882 83645 
64539 39858 
79911 35473 
77287 27512 
30629 56345 
13937 6796 
89645 35939 
26601 97941 
55435 98349 
29783 63849 
82905 80566 
91472 60358 
49034 55216 
29689 83709 
83246 28687 
43592 44087 
75657 91998 
8380 54356 
53026 1083 
41445 86454 
17017 15584 
3561 14480 
72293 30825 
33386 33075 
32987 96334 
26145 12482 
85268 26090 
58081 27554 
1004 70613 
27110 76958 
42920 39084 
27095 90977 
75204 30883 
98245 11555 
95159 60218 
99369 16601 
31297 35000 
29061 52093 
11161 81668 
82372 30127 
88222 91333 
67116 48833 
31338 99482 
19678 90941 
22561 1370 
54044 61792 
79471 48335 
49748 34722 
16770 66435 
34523 81989 
88522 88125 
45666 82804 
7201 90170 
60477 16521 
18637 86495 
70611 68682 
22965 33412 
37759 348 
70863 66471 
8823 57052 
31630 3104 
87583 22686 
25083 13320 
56821 55782 
32776 81895 
19983 80898 
55699 59794 
84661 46192 
65428 30056 
41548 99772 
3563 93877 
1969 82049 
20374 16359 
44706 79068 
7689 58204 
88544 32654 
73389 59553 
50827 57251 
25242 35265 
74274 70422 
80379 87091 
4405 4263 
93343 37551 
78151 28336 
463 42728 
40582 81257 
11177 46780 
41125 77677 
37998 99659 
73290 30171 
45946 71339 
12593 1411 
19584 60803 
76265 81023 
91174 16088 
75259 63625 
47042 52908 
54205 89838 
30864 83661 
18157 407 
92393 46089 
26341 45083 
88053 51413 
92580 82561 
25852 55464 
69671 5501 
61248 93145 
10700 25542 
92849 6503 
94151 57245 
77287 39749 
71624 46999 
81098 70759 
47070 3192 
14122 97921 
24679 97336 
43727 3595 
68917 22328 
72045 71074 
4658 13652 
69480 40568 
47968 62106 
96873 51597 
98824 72480 
16017 34096 
45885 51656 
83614 78596 
30420 41692 
47316 37061 
91581 48737 
14116 80260 
68450 56976 
41203 64979 
65613 58333 
7225 44998 
98508 73269 
58019 93378 
22382 85774 
84965 90478 
14410 66538 
86440 72036 
22393 12271 
83255 24713 
15400 86297 
7470 62706 
71845 5769 
60680 18336 
18690 84261 
42616 31972 
91820 4988 
83829 32205 
22115 69508 
77271 55887 
64332 39566 
92718 69472 
76642 65561 
75306 18014 
27501 74172 
74814 46269 
53526 69766 
25903 7531 
17123 89498 
1168 136 
15860 40366 
88625 49030 
76898 38010 
3193 80347 
29296 61653 
27763 20648 
84580 37351 
93573 89264 
71695 62593 
51954 42177 
66320 89287 
59845 68862 
26473 89317 
96 39795 
96459 37088 
84152 51569 
69413 56868 
39575 19050 
5050 99237 
67699 19559 
83708 30585 
67818 2743 
40359 42345 
63405 41639 
62991 12533 
33187 15356 
58619 81180 
45292 81871 
87131 33347 
16230 20651 
38310 18688 
68110 99067 
80554 74903 
37311 44098 
41209 63906 
95713 81300 
87852 74194 
81621 36761 
67505 90641 
1715 84577 
26454 83798 
57595 62282 
77211 24835 
70931 69802 
1113 89340 
29759 13614 
75172 73471 
55116 57182 
89988 9333 
91997 91131 
81910 32941 
61528 42206 
37076 27787 
72282 98767 
37584 39748 
77825 42350 
10760 34980 
84869 39817 
11324 51439 
61808 68634 
13252 76778 
70969 19041 
13212 70664 
49534 41184 
50677 37897 
93927 82716 
31171 50240 
60307 92939 
98576 9499 
79907 53274 
40021 42123 
2065 30625 
22594 16511 
20113 40167 
54986 78171 
5686 47167 
39112 5053 
75549 33597 
26897 95590 
41710 4659 
25593 15380 
50347 12757 
1373 44958 
98021 32027 
15408 90704 
24661 25219 
89229 43710 
21968 6554 
36904 97315 
63168 19113 
20400 62982 
55480 13375 
81487 56374 
40159 34732 
78619 60696 
16661 2102 
10472 12767 
47269 87216 
39137 98791 
6392 84720 
35482 91423 
74836 96932 
56740 7473 
43457 43880 
32153 16479 
82921 49227 
76327 84386 
56705 45744 
71908 93678 
2989 90152 
63329 41595 
87767 76524 
81567 81406 
36287 89834 
76207 38264 
82836 46834 
65574 738 
39918 30113 
28328 61928 
77042 33026 
50575 59903 
16628 98102 
11460 46239 
99913 49630 
37144 93542 
49334 92291 
78160 38094 
55462 72039 
68406 42168 
46396 72857 
5321 52015 
55403 53596 
50325 22199 
88649 12800 
86146 74685 
9008 6201 
83426 61966 
94224 31567 
22807 7531 
98135 38597 
90709 4090 
42156 17785 
17064 60237 
90929 71471 
51539 99605 
20803 72755 
81100 33078 
72715 73498 
76247 44233 
92101 31343 
15849 50977 
97605 87490 
81240 32186 
87646 41915 
29067 37166 
89324 40774 
49365 27907 
77649 11944 
90433 39332 
44787 58945 
85298 81114 
78751 50949 
45919 46172 
18915 27139 
726 35557 
91736 67380 
38724 57201 
94243 67958 
89086 6878 
85145 1122 
9012 93746 
63795 30193 
74624 29947 
65811 98225 
69731 63994 
80783 7488 
45548 1093 
2328 59528 
80788 19984 
53602 31076 
6027 65590 
92474 19806 
68822 69445 
89681 5744 
6813 25813 
90601 39074 
64861 30364 
16668 83146 
39253 70441 
36002 12703 
57126 41175 
34486 91625 
2441 50104 
48288 31978 
81233 64455 
76775 66670 
78296 49856 
80763 51746 
95081 47032 
85221 51160 
74315 33884 
47845 46786 
10665 24381 
25305 59527 
18780 62813 
67521 63547 
80112 82198 
96977 24979 
18171 9032 
84865 98899 
58174 13062 
18773 73933 
11566 20402 
67638 62529 
88461 31050 
88894 96787 
81775 7759 
89971 4624 
85682 32213 
51758 9178 
7993 56583 
45161 15489 
11146 13798 
23538 22865 
69728 88245 
53594 28732 
63801 90109 
55219 70378 
36760 21203 
56797 84661 
34070 67886 
36659 52575 
4925 7546 
13654 35534 
92756 69119 
70206 3244 
62451 45283 
39786 99301 
12269 14154 
67350 89892 
96648 91757 
56119 93478 
42456 3006 
46958 94866 
75696 28573 
37658 5793 
88293 57768 
38588 45940 
65299 53452 
78466 83254 
61698 13986 
19397 90514 
64981 99365 
13888 46262 
4741 73921 
38175 32557 
73775 6382 
66019 59423 
6514 59560 
5003 76452 
20087 96579 
3432 15703 
60921 28291 
50060 46861 
15485 27441 
31192 15549 
37662 39110 
80091 78770 
17185 24111 
52161 47635 
63667 82271 
86056 96844 
9006 15900 
65615 2861 
37255 10256 
80470 28233 
35551 27446 
94185 78258 
22280 32960 
67951 17976 
49380 99899 
55148 52422 
94528 64984 
77498 41139 
55945 42541 
17064 39138 
37626 37924 
10004 30823 
66051 40215 
7795 50816 
10750 15541 
79525 66199 
90609 66969 
64910 28395 
35361 74720 
51830 89685 
37444 81289 
44496 19347 
73275 40085 
8725 47433 
94924 3329 
29386 10418 
93302 85185 
91689 72246 
12184 99516 
2824 46762 
48734 38115 
3324 53076 
10693 24924 
78586 94088 
12945 54493 
70145 60241 
86954 98812 
3560 25482 
45367 45655 
95212 20503 
91074 13706 
73815 39521 
85110 74978 
54134 61142 
90997 3434 
30165 41350 
94492 60211 
12952 67175 
57148 20480 
24251 43325 
99738 44716 
71414 20853 
27257 98072 
71144 66899 
1125 25490 
60175 17586 
36135 97377 
29504 52369 
49825 50883 
45406 77424 
20158 65206 
75293 8129 
13729 25883 
19367 96243 
31237 52602 
60064 56076 
79496 87870 
80424 5781 
20026 69729 
69846 54805 
63111 40721 
31049 36648 
73141 77426 
25636 7226 
26216 60168 
47304 3473 
14157 40833 
91509 84267 
20457 8288 
98341 56306 
3144 95470 
81374 21272 
7152 20019 
19413 67433 
94512 1165 
80379 68761 
24506 49604 
66928 47738 
37928 84229 
21993 4178 
99666 89829 
9055 11749 
32067 93243 
86763 36277 
27869 1974 
30402 35519 
65977 18883 
13785 58771 
65951 19347 
54267 76465 
7797 53142 
40881 34910 
12485 12301 
11007 49329 
25629 88361 
14517 19601 
71810 27619 
6003 77380 
50296 81446 
35464 50734 
24220 40165 
65771 63014 
14774 33673 
31224 66333 
49574 79690 
65711 46878 
30050 61460 
71237 29194 
76602 20669 
68023 49672 
82187 58510 
65886 65635 
55159 48089 
23300 15763 
60339 74698 
15300 50007 
73704 37046 
14310 2747 
50507 62111 
99005 91597 
69267 9069 
45497 86114 
54783 63622 
22393 5584 
2163 53041 
6697 73141 
20853 44387 
61068 74657 
92727 23619 
64598 45159 
91532 91662 
69054 32970 
42336 55046 
60460 72344 
9083 33322 
41897 29047 
85973 53233 
17601 70155 
34097 50489 
50671 49293 
48609 54013 
87173 91578 
63693 84632 
87898 8752 
2667 60456 
85741 74296 
58811 64564 
91418 40735 
48829 97125 
3180 86952 
15352 3692 
37192 41987 
67459 44185 
84408 43622 
38945 42943 
17088 55009 
12894 39232 
13463 80644 
8089 39728 
42641 94188 
47892 59746 
53457 14960 
35457 28357 
40812 47368 
40472 24060 
20895 28085 
62107 2278 
32766 9517 
70443 73725 
97909 44868 
44381 93548 
11672 30110 
17864 25176 
10888 1169 
18247 49911 
60553 80887 
30709 3574 
29046 19599 
50859 34880 
76200 75615 
94010 96727 
61431 37471 
14090 1219 
90152 98500 
47728 91978 
55890 56082 
39814 13207 
2776 22889 
25633 83942 
28515 5491 
41697 18076 
71458 26899 
12447 65993 
77076 43916 
13261 92017 
18906 37624 
41523 43392 
56958 35900 
36995 11149 
52601 60540 
80325 30937 
23121 78382 
64263 22826 
11399 75777 
75966 23031 
66605 68813 
50798 17693 
80305 7874 
58084 49064 
99072 34468 
57522 27858 
39430 665 
21307 51989 
63934 67072 
51474 1599 
38154 53950 
34587 52990 
77553 31913 
66612 29971 
10498 3568 
49657 90135 
29047 45546 
9245 25714 
72739 51533 
5877 43891 
92205 41264 
17862 79861 
69266 77858 
53746 87409 
28045 66446 
12138 46419 
57701 90729 
44334 24462 
81505 80948 
90862 30528 
49304 96637 
56905 2917 
807 50657 
63567 80483 
45665 97143 
61993 16651 
32989 55363 
25625 9008 
37714 43891 
42200 33787 
74145 55084 
11563 94176 
58056 8531 
17985 14145 
77856 83982 
86383 35367 
2644 49165 
50697 3801 
50363 66016 
59637 64648 
62818 79989 
20134 19636 
85968 71472 
32026 38969 
33703 75745 
98877 61782 
21198 58502 
9293 63574 
90015 67639 
70683 16838 
11238 68831 
43174 21999 
45253 12362 
65184 39755 
57153 71747 
84171 13067 
35325 40847 
6169 27283 
37409 75541 
55907 20260 
92603 18413 
95716 20866 
22222 50518 
85843 63856 
1428 72940 
81429 1876 
74226 32731 
52112 11234 
51089 72690 
79060 67076 
64008 2571 
31235 45725 
27277 60455 
47761 97213 
53994 57363 
56493 19405 
8042 75631 
40262 56610 
29226 22095 
21706 40223 
55265 20892 
75208 86672 
78530 67432 
90206 68849 
17653 55084 
3943 81178 
54600 29159 
93749 25637 
86287 18987 
68998 56263 
66508 48174 
31143 33093 
68723 25589 
76550 52965 
83154 75194 
1352 44234 
72680 71503 
30116 35247 
51187 9301 
30853 32238 
15306 51175 
97753 71373 
55884 64474 
79987 41763 
99066 80527 
10019 11522 
78536 83244 
38105 27343 
20241 61666 
10979 99549 
28829 41620 
42239 29227 
1078 45299 
9493 81769 
55750 14415 
79091 62080 
61580 72514 
3089 658 
65532 95122 
55086 16917 
71981 2539 
71647 86369 
150 89481 
44270 1658 
51898 58141 
63193 83936 
54887 26868 
48808 70718 
7183 45301 
19050 79083 
38483 58659 
31853 18997 
20500 28795 
10610 10501 
4382 37699 
7547 40674 
36629 70339 
85012 81502 
6602 98024 
97927 78190 
8519 60925 
41963 8935 
58727 78972 
91496 11821 
95102 3992 
88997 72253 
99549 62828 
63221 65212 
26898 31074 
47416 50625 
93877 20140 
40739 27286 
80397 56573 
6186 60981 
22016 81845 
26514 15901 
27271 3279 
46058 34878 
36446 82352 
10731 33652 
49396 55294 
81173 97090 
89205 42720 
34680 91210 
35729 19996 
90419 33794 
58505 88064 
89406 98587 
2032 5684 
35808 63256 
28077 18344 
59376 49716 
99478 46536 
90132 46907 
97783 76664 
45944 50741 
3140 31540 
21175 3694 
28990 84235 
30370 67401 
96389 19015 
4732 15596 
53242 36123 
61164 91906 
92206 43385 
63715 37206 
97726 76945 
75513 54692 
57436 45827 
55599 47256 
6060 645 
89567 31443 
30994 85446 
55487 4983 
57916 43474 
17343 20776 
52030 12619 
7041 99233 
15992 64349 
3013 92976 
39082 11138 
38570 3176 
53847 31700 
76341 35172 
86233 40800 
66513 72536 
43125 60959 
66042 43348 
67268 37082 
33607 50233 
3665 71834 
30816 36572 
63876 49548 
53986 65301 
45030 59505 
92835 93845 
58884 25618 
62490 39005 
52964 98879 
83441 38949 
60559 71346 
90445 36026 
99291 26051 
35818 23689 
48988 45849 
15179 23610 
78773 66110 
84422 84927 
60543 71024 
55539 26576 
1442 1427 
55902 75786 
51457 63192 
10676 91069 
93926 99571 
61313 96421 
6531 18321 
64364 94948 
88278 44988 
24364 74753 
83963 7448 
2121 67706 
1827 43587 
5468 72542 
12349 63965 
13387 7802 
36568 94376 
6376 17204 
80841 69388 
76044 10311 
51604 47284 
65135 84759 
88502 69264 
45516 42762 
87155 91310 
76163 84296 
43852 75852 
95750 32075 
43654 42142 
95188 19343 
30637 39215 
84305 50476 
44442 23384 
13815 26552 
80830 93369 
38848 13281 
35579 60540 
13508 17060 
20882 9128 
87302 26446 
1281 31879 
33725 70943 
82228 10284 
78917 46769 
98512 45340 
13994 60140 
92087 34764 
68537 42628 
39235 35601 
94679 237 
85544 47407 
61316 68164 
73835 471 
86219 56510 
4951 35994 
40155 88783 
54247 20722 
41584 54610 
77648 47181 
23132 20869 
80284 32533 
91732 71287 
88035 43969 
23179 73611 
57692 46646 
28830 5532 
84992 91354 
7273 5822 
21450 33420 
46990 55545 
90678 1802 
77424 35642 
2818 17884 
75305 51905 
1716 97177 
20695 66025 
43665 53954 
62939 22340 
98788 68777 
550 13888 
86581 71949 
1038 88483 
5641 42114 
86775 55827 
94286 18538 
91232 20009 
63537 78065 
46249 28271 
76870 33269 
95489 96542 
12152 67066 
41822 44987 
30359 30821 
27090 52722 
92940 97953 
11579 19810 
15126 83105 
67483 6825 
15979 8116 
25732 7493 
27683 20381 
18800 98316 
56323 46599 
43439 575 
44340 95497 
26775 84750 
70857 6782 
16778 45146 
40264 80426 
33857 73379 
51690 10294 
14178 63407 
12456 89217 
47263 87886 
57086 48791 
60544 95916 
60150 46506 
31746 95611 
85968 15242 
16354 1404 
1156 45742 
61843 45686 
86979 81367 
43001 77061 
27669 66243 
93363 93442 
18156 2858 
26625 87172 
30040 43244 
38894 11500 
98197 59037 
57722 13007 
42052 10073 
57076 12926 
15356 58578 
88784 61840 
86191 56587 
90420 36841 
84980 67946 
17236 98001 
22444 73015 
11433 71887 
71696 44185 
65939 83844 
29134 73352 
61816 17920 
17268 78697 
58525 43525 
69309 17438 
94500 11344 
40145 83657 
11824 87477 
21192 75867 
53285 64453 
97705 77698 
92660 60477 
76228 6860 
49849 94193 
27218 52518 
11262 1197 
33219 39259 
22894 40722 
6545 27031 
48581 26117 
42081 80753 
89185 1158 
575 20721 
39758 75712 
75733 95518 
21268 28915 
84441 2831 
61013 85779 
33625 20366 
11606 74007 
59503 99029 
92238 71820 
5440 13581 
7926 64719 
3129 62187 
52525 39349 
48462 55564 
29515 56032 
18293 38926 
30932 58025 
57146 45427 
99259 95188 
73994 88552 
59727 62508 
28394 62685 
51163 79799 
52514 36037 
2388 67908 
51056 88186 
98145 8872 
44542 65675 
53617 12742 
73172 3408 
69840 52158 
58164 87063 
73639 67270 
25470 12275 
55209 88210 
32746 30042 
4053 70114 
4637 54637 
9699 86525 
73722 50236 
37495 81041 
44870 5534 
11722 34196 
49295 51839 
38380 62808 
31246 79408 
78230 32422 
15087 59282 
36994 29953 
33390 83390 
74137 13303 
57726 94426 
44191 27431 
62995 88802 
75364 52288 
73411 40913 
58977 26976 
83682 15029 
70271 76675 
22452 2330 
66226 54087 
26729 44878 
9230 95556 
25816 85815 
46814 83524 
91176 15590 
37128 1588 
94676 67749 
47420 66211 
31839 54623 
68538 19994 
9006 23174 
82269 75426 
63722 54366 
90353 5170 
86199 25579 
64083 85177 
36363 4913 
1616 10307 
5771 48697 
86499 18658 
56628 29033 
25343 80394 
81117 26946 
5226 29660 
63458 88497 
52080 44016 
94379 56164 
90203 4847 
83092 55879 
99980 4328 
35409 41268 
46025 99774 
18283 70989 
1146 54591 
10859 22489 
22905 46540 
50015 26065 
49020 68664 
14415 36816 
65429 95971 
55253 48880 
66583 41854 
74174 96293 
71382 82228 
69214 77888 
80117 82494 
18206 89806 
57903 22706 
45704 48563 
8312 79654 
24288 40003 
57230 91152 
94019 35067 
1480 97371 
44846 71994 
89316 26864 
95929 16379 
90631 70794 
23118 75455 
83567 67866 
31264 61044 
31188 4620 
41538 66797 
46971 20964 
65617 49669 
51100 99235 
68383 83022 
888 6560 
78671 79301 
38127 54925 
93668 63923 
33767 41115 
36682 18852 
26049 29565 
70338 4252 
42047 45162 
37618 9684 
64580 50176 
1737 82517 
56515 89746 
82477 30513 
82739 3725 
41403 98024 
76390 19194 
51301 70760 
80454 57583 
96181 72828 
58384 13097 
87399 81506 
8158 85008 
48680 218 
33023 75399 
18290 98171 
19146 96059 
40088 46384 
45487 63482 
66893 54077 
4457 99324 
79360 36903 
43223 95136 
31470 29017 
45050 44860 
69796 84689 
57620 96310 
37839 1995 
41030 23726 
69023 41039 
51988 77531 
92376 2246 
2708 24504 
23395 76432 
33125 51877 
89326 77709 
13234 72205 
42830 22695 
48728 32406 
50919 25067 
97598 99940 
7103 33212 
17909 71920 
3831 50513 
57743 28751 
19598 42780 
67100 32964 
20496 55373 
58563 55996 
49548 33782 
68591 941 
78774 65728 
74556 77674 
28774 40297 
3979 78245 
18505 50181 
31884 95084 
93933 46803 
99796 22292 
98467 94900 
5630 81201 
90299 63103 
7569 15346 
82233 30089 
56987 7175 
78090 82118 
25592 79029 
6464 27016 
20169 54327 
7354 52191 
84662 71404 
10147 9749 
73799 62041 
52430 20539 
45061 29527 
28286 50733 
56539 86942 
22007 29490 
77029 45350 
78573 44352 
11736 73753 
85780 72155 
22015 87870 
94548 77619 
70835 63214 
83745 39169 
56956 9424 
83763 42131 
10340 87459 
9113 13144 
8853 98995 
14472 56424 
42082 28246 
80899 92471 
91920 70457 
59353 92884 
21551 38417 
47165 51116 
64554 98610 
49790 28343 
84081 51995 
84957 66051 
28407 40923 
19215 62502 
43620 33296 
87945 68957 
16817 7872 
39042 73321 
13891 40454 
57771 3840 
44867 69746 
75696 3525 
36666 3745 
40139 97201 
18336 12838 
22259 97352 
26957 44105 
71650 72412 
23812 82885 
83249 31702 
69868 82227 
28397 64909 
47221 78672 
16040 10806 
28874 13633 
92349 19881 
93057 83674 
57454 18577 
50305 50114 
76517 79064 
1555 48628 
89020 47766 
73791 52910 
74946 88301 
86095 62938 
19434 50081 
83431 8055 
28518 82492 
38090 77788 
87726 76387 
59463 19239 
22609 29591 
71621 68865 
15652 1151 
15192 18607 
57598 40281 
5096 51574 
62826 50259 
28937 20870 
58252 74968 
2188 86648 
63109 76350 
5783 71125 
12996 4734 
19330 39022 
45768 50801 
28876 61775 
59090 7901 
32011 77893 
69926 66517 
85050 18930 
54729 8825 
37167 30821 
25809 70655 
74535 83696 
4073 90581 
53907 29794 
81319 71425 
39526 38730 
26231 38173 
69857 12121 
77434 88110 
71364 55452 
84217 93901 
5378 64068 
965 38452 
81110 62316 
14877 31538 
92928 20103 
88171 82528 
43262 59515 
25827 80955 
93833 55662 
37759 67277 
47392 30520 
50397 59825 
99730 36314 
36785 40798 
17467 25850 
76607 94058 
90953 11221 
27957 30583 
83610 19438 
91188 33606 
49118 63776 
71876 4798 
16086 63024 
4664 95270 
46191 57325 
82715 60780 
56253 88919 
48508 89161 
57277 38847 
40860 9871 
4269 36576 
60396 10446 
69423 88490 
11021 52741 
48302 3320 
98562 3028 
83686 27858 
19342 64328 
45020 44655 
51281 26795 
32728 24931 
68007 32557 
86117 74527 
32487 85077 
61223 58514 
90877 19951 
10652 40926 
79548 93961 
41315 30102 
78660 42304 
47955 77242 
94213 91 
20416 36058 
27131 83525 
878 54735 
92741 78611 
23592 37986 
86925 90828 
4139 86535 
56231 67869 
57822 94199 
18417 19376 
17548 58547 
97175 22548 
90370 40163 
80192 20546 
38859 87659 
83238 91842 
98561 30815 
4640 92934 
46024 32643 
84284 54333 
13212 82640 
39178 40259 
3620 8135 
33679 66203 
2982 78407 
56618 5299 
93195 77091 
19854 4424 
71922 22441 
63198 73987 
52327 22102 
49181 11559 
67471 59332 
57797 68836 
32133 20971 
46150 73833 
21175 93972 
20829 75809 
8013 76928 
81874 89090 
69399 75797 
36365 73780 
3390 78880 
46939 6298 
26282 35147 
75961 60735 
11204 92094 
9604 43229 
6216 84613 
97745 95850 
22938 4688 
25390 13965 
18106 23276 
39241 1577 
99928 80336 
89037 22857 
78680 6723 
7485 94892 
46742 92568 
44881 6596 
17110 70728 
94908 41842 
71365 41058 
96650 31014 
68224 21493 
74539 54524 
41987 75294 
82685 74282 
76549 30346 
53015 74648 
75134 76011 
7623 53121 
58476 95765 
84934 12811 
14928 69795 
46547 73682 
94800 60646 
77049 37642 
88223 77229 
62609 13727 
50903 97681 
35835 33939 
45397 19985 
4162 67765 
46840 760 
36933 73946 
21561 37245 
72400 11761 
24610 45266 
19992 70919 
77943 86851 
75529 69081 
84855 5165 
37424 9107 
8229 31560 
10486 84306 
90272 39786 
10584 69300 
19610 35811 
38210 36540 
57994 88165 
71899 94076 
23310 23383 
43502 48889 
88206 33864 
96452 61898 
94361 71336 
95467 75705 
1267 28139 
51537 64190 
85382 40637 
49567 74282 
80591 84361 
17719 4541 
4141 68838 
57298 92606 
43576 81564 
59882 64176 
89651 75229 
74508 29826 
87818 40031 
51811 2830 
46580 53822 
84361 51069 
84896 56792 
82806 89173 
22726 54586 
75985 63258 
18989 13932 
99851 79917 
39337 78305 
44789 83554 
92585 97601 
63855 91761 
9031 35458 
5498 57072 
46555 90608 
23465 35294 
1084 44506 
33892 5519 
66849 26506 
34994 5016 
38860 69985 
78287 13377 
75092 18036 
81957 44604 
39131 25787 
6758 83290 
25333 97843 
72736 31573 
28074 94028 
81126 17282 
54219 34338 
19896 50463 
93691 34879 
73734 5453 
56861 10607 
29662 48706 
59436 87772 
68001 28794 
85655 79256 
55073 94297 
88791 89354 
8807 7758 
94319 31069 
91334 79428 
55588 58587 
93685 53232 
74423 40400 
16867 39202 
39811 24381 
20871 1543 
56669 75148 
8600 79600 
33667 96159 
35201 40153 
74186 84253 
84986 33807 
67679 2732 
37884 55666 
10113 555 
55284 91063 
91567 49885 
51172 60799 
76728 21948 
78611 67166 
69696 72063 
53918 81960 
98394 58697 
61275 10777 
75833 78536 
29071 14057 
95579 59807 
45923 64657 
97004 19459 
89097 74202 
92234 56354 
70995 25985 
81199 22184 
70353 10931 
93770 84645 
4023 74898 
88697 73244 
12431 50593 
7920 77116 
77270 65385 
31776 46389 
63480 87539 
5742 33847 
79244 97683 
12573 2054 
77532 49762 
45026 12588 
80585 16319 
93863 8666 
94836 96617 
3385 197 
97852 2926 
62519 61178 
21228 30275 
93275 53357 
23727 57985 
70414 97203 
47538 27539 
56225 21488 
77136 90629 
62548 36167 
75066 23671 
58542 89730 
51827 60652 
27138 91849 
38129 4862 
35744 4887 
66893 41860 
27469 33705 
39702 91003 
58003 72235 
47784 904 
240 97375 
41168 15373 
13849 36068 
91299 10747 
30199 69747 
72188 32905 
34416 81887 
93088 42886 
35806 98989 
51711 13662 
5476 23113 
41176 7490 
25716 4921 
36142 3164 
39550 60221 
4023 35579 
10825 90126 
35675 56207 
5336 25178 
66641 22391 
81657 77198 
64815 75816 
36748 49089 
93272 76081 
85855 22497 
18100 13972 
68802 15923 
20158 40887 
65544 81828 
87044 15754 
72639 90226 
6906 88906 
39325 28409 
59304 13529 
86937 31705 
99969 99618 
38669 48539 
66103 2851 
67981 34574 
86762 71304 
33483 65346 
68916 56682 
5661 54547 
43919 33495 
6602 66003 
1432 59602 
77652 11383 
8219 54588 
61981 32819 
7814 68623 
39061 79859 
23679 63787 
76351 3568 
43270 32277 
69779 7069 
43357 31481 
29102 11480 
27947 24588 
26838 18936 
89347 77231 
70160 80254 
70170 75594 
74006 3837 
99512 99481 
10628 74503 
43 5040 
85903 86213 
14449 46149 
45944 31017 
79409 90903 
48906 28078 
83218 70236 
46344 21229 
79218 29364 
6098 21294 
91331 39585 
74368 20279 
40284 67894 
18531 58524 
39542 94942 
14194 83074 
58470 18074 
40075 95738 
26931 75455 
22565 52717 
60305 79805 
28105 44170 
16808 55748 
36062 51712 
60058 33539 
37307 54616 
88956 63716 
94499 31329 
14273 82167 
68854 81963 
6714 73181 
65207 79514 
14786 49227 
72235 42835 
52439 90546 
77962 12754 
86251 65044 
21980 4258 
9835 79590 
5333 2256 
79163 97462 
16568 66221 
96691 93547 
48214 9866 
74427 8804 
71773 26035 
76521 8601 
11298 34092 
40461 45693 
5713 37374 
2643 77953 
78268 91631 
8865 93393 
37869 1888 
73188 50585 
21467 84796 
59664 51284 
49347 56287 
580 23866 
5809 30226 
32147 11138 
76638 42773 
23988 24151 
71705 49267 
2305 44820 
36140 75727 
18262 34496 
6757 45430 
92907 33056 
1727 42526 
77884 13646 
41007 19295 
7195 91922 
82602 1388 
79438 75424 
25472 96275 
2255 78677 
73729 64144 
51109 22673 
78775 67604 
43041 83588 
76083 76804 
2751 54880 
11595 69968 
3093 39394 
9005 35836 
95010 93629 
63731 54147 
2957 5038 
61911 3029 
51035 95031 
13535 18073 
2317 5316 
57637 6835 
39293 43250 
44472 4680 
86865 33082 
24667 43087 
80996 44293 
78593 89961 
15915 45646 
527 12975 
60657 64179 
11663 11591 
21785 12006 
13603 61179 
43294 80651 
9728 13531 
76954 92567 
15639 2040 
26805 42549 
51877 6998 
70018 57964 
62204 46666 
83005 56003 
28964 73183 
56455 78651 
63371 68869 
65869 41577 
33069 58118 
75217 41892 
51885 72808 
90481 31508 
97436 35074 
47162 77779 
41082 50241 
11204 1177 
71694 34892 
96349 941 
69829 40275 
52597 53959 
42078 69624 
60201 99574 
56745 29505 
71583 3588 
31465 99885 
79555 28419 
10972 55421 
54392 23173 
38950 21300 
84626 87359 
71756 997 
76786 55020 
3753 70443 
17884 92248 
74120 93325 
81096 385 
3210 75654 
59864 69622 
62869 44210 
48568 33309 
19623 3123 
48937 31944 
2216 95596 
70550 7670 
35721 73639 
11039 14999 
53280 57729 
47028 51596 
43515 50385 
40388 84108 
16734 52942 
66020 68376 
76300 23179 
97196 40775 
62852 2942 
42365 88016 
98568 39548 
13400 86430 
96233 22513 
19394 38570 
13613 58015 
22414 24896 
27474 7503 
62025 31402 
73575 24016 
53936 10216 
49032 29998 
94777 79503 
1702 93805 
59805 71501 
37571 78572 
63236 93012 
61589 56767 
61949 71419 
30037 6497 
22471 21089 
33161 31505 
38408 79971 
45742 75815 
80936 34261 
80165 36109 
88477 70203 
51707 10152 
53350 66403 
18944 57996 
42971 67485 
93550 94170 
1095 60477 
23240 73697 
10620 9003 
39161 82548 
63625 87187 
24821 93999 
76628 95101 
7449 6379 
9421 30669 
94661 34823 
94404 39116 
79419 89879 
59994 60381 
14473 39234 
36462 47347 
13843 15289 
65459 33311 
73343 966 
95548 85798 
14793 98877 
35192 95663 
49225 64862 
51959 15332 
23301 65911 
52086 78143 
60082 4610 
48112 1884 
30414 37509 
23924 4006 
94420 3180 
36354 33368 
33903 67252 
50384 53985 
55992 86328 
91036 99917 
85901 90441 
9190 57254 
82436 84591 
869 19108 
3726 73910 
89921 2569 
22599 24129 
82574 12796 
41164 79262 
29006 88709 
82343 71833 
81841 67208 
42473 77435 
24406 58387 
73560 85073 
52617 32940 
26363 77481 
33508 84736 
26199 41479 
30735 46490 
72246 57452 
82746 4550 
48037 49152 
42902 79969 
5988 10282 
42453 17382 
41989 62694 
17058 50635 
7454 42555 
45486 94671 
15700 55435 
85123 46892 
87097 89052 
53103 68015 
43200 23271 
94153 52381 
3864 30965 
96646 90753 
63377 20479 
66916 74824 
21683 30671 
48511 91972 
25043 52919 
77894 11243 
26793 20952 
947 67104 
13347 79005 
35751 6208 
53188 11564 
56186 74230 
17313 93828 
88259 84747 
88439 1023 
56421 30257 
23263 96843 
90706 66559 
57154 6527 
7154 26084 
43886 68488 
3808 93177 
4355 49877 
72421 4914 
17728 6138 
12130 24715 
26018 62312 
45414 72848 
38861 94785 
79040 87841 
19063 96125 
23018 35900 
1503 12824 
79204 81618 
48043 55978 
37774 82572 
69344 98355 
74647 72853 
50806 87775 
25785 56137 
4360 26366 
25385 37595 
30395 88014 
34086 85764 
14865 72210 
50655 30425 
5445 21484 
95979 70628 
7575 61759 
81747 88168 
16355 60217 
27871 36143 
53446 33619 
72461 99683 
9491 81572 
26106 6465 
2058 63806 
58207 98366 
46680 88346 
67329 62396 
4300 28269 
79752 58993 
12284 38808 
40880 78842 
28130 3649 
12646 5568 
15092 99536 
66747 60953 
77177 31676 
68323 61799 
7310 58957 
77578 23094 
46936 97573 
57916 848 
67920 64477 
68292 79783 
78348 97879 
34780 75991 
22655 71090 
41773 42744 
93498 98073 
56747 38844 
97876 14363 
4197 43201 
23230 5383 
34138 76771 
30603 45671 
88471 23571 
61413 7186 
54530 26140 
81972 92602 
9337 67686 
5652 50376 
308 43046 
26379 32391 
78627 63688 
69187 62093 
5 38162 
13582 91296 
34198 18730 
73761 37215 
79468 7334 
26023 7790 
61064 69642 
58214 42981 
3830 14592 
78637 22481 
8232 58682 
62571 16168 
26341 9183 
33411 82624 
29769 68524 
72392 53173 
85045 83297 
25967 74139 
3605 35625 
33146 18430 
13342 2108 
26418 19012 
6592 86100 
69379 21522 
55426 62775 
81783 971 
49338 63260 
68433 38399 
2637 64046 
12213 7340 
99326 40949 
13495 77078 
91729 93111 
58295 99938 
45836 41809 
75729 13225 
31076 61322 
1708 52938 
85185 4631 
261 46008 
45825 45457 
6479 20564 
29805 69927 
45789 49611 
58024 16130 
53133 22514 
69667 77853 
62574 20794 
42725 60020 
62972 60012 
39569 97641 
18580 47898 
26087 27537 
34766 362 
70811 32666 
8534 51686 
16496 62574 
41122 92917 
30763 70295 
5667 73399 
84715 95993 
56789 4330 
78843 70666 
40901 10431 
34070 9473 
16168 85993 
92431 13515 
19249 25008 
26711 1366 
22297 11554 
41216 47222 
8196 76259 
56938 11202 
54566 47395 
13508 9188 
57826 51074 
87622 84485 
47441 43964 
23031 11707 
37449 94138 
90740 84419 
37452 60859 
49691 12456 
98516 62534 
58021 82202 
714 63545 
92865 13755 
98572 55298 
72743 82533 
28250 54599 
40702 59731 
46008 93324 
58680 65969 
11376 27373 
83971 25530 
50395 50011 
47212 54782 
34417 54970 
27948 17717 
88152 58038 
28638 33934 
97020 52411 
80885 30007 
18319 42651 
78668 83841 
13329 74903 
22557 23456 
8197 56873 
76154 6544 
60282 40076 
81411 25274 
53626 19004 
53037 51934 
72310 87100 
73825 65380 
3664 77821 
42553 75675 
4685 10562 
84006 94850 
24427 55854 
16695 85464 
12799 31993 
88031 55393 
61866 46141 
28963 57266 
19630 96942 
50548 94010 
88241 62836 
3398 28166 
68661 10477 
47661 41951 
42057 71086 
35941 97480 
84525 49023 
94501 2138 
96228 46541 
99104 92767 
88633 11399 
81015 14173 
14237 39904 
65992 82373 
42053 96974 
44468 91086 
79054 46906 
94684 41164 
12914 23816 
32201 46957 
4583 9098 
38977 1076 
90583 24721 
33131 59553 
64397 95852 
76532 43121 
93900 84027 
81530 37121 
97532 42956 
70412 12505 
45723 3096 
61589 83479 
76100 48201 
5051 63478 
11052 7353 
66288 80547 
44496 49344 
62654 65575 
21006 32770 
89080 32452 
64954 34847 
31046 27875 
29905 54701 
51914 40355 
29225 62767 
58990 22931 
77730 46935 
98100 2138 
21137 88205 
99992 16996 
55227 83880 
3553 56085 
39806 24692 
10598 38203 
93923 23758 
84904 12715 
18273 89913 
94207 39325 
28308 35693 
8015 43889 
97303 11143 
6414 36767 
2463 58607 
25406 23336 
39152 90810 
62902 32418 
18393 4785 
96110 37752 
91036 57553 
15884 50024 
48327 46028 
66466 12594 
33079 53175 
90134 42692 
58259 45262 
15384 21719 
70509 30889 
94603 53200 
14988 21504 
92567 75014 
54864 65229 
50642 33727 
73928 61079 
3242 3141 
43969 99039 
2853 56656 
69950 12967 
17882 83557 
35459 77908 
3575 73089 
58524 31184 
10461 76934 
33607 47465 
87025 713 
79425 52079 
53738 68133 
34227 13900 
74112 47661 
40269 19438 
25097 30857 
37408 93124 
73932 3999 
42146 95288 
1460 60141 
22861 98945 
72970 57497 
94617 19292 
46775 41804 
47629 45651 
28016 15305 
92329 4630 
20614 53017 
50935 65402 
3809 38187 
50536 83237 
61379 13112 
75929 65808 
21443 18958 
21767 38318 
22640 28796 
43101 78086 
8519 61739 
40925 87010 
66126 2882 
35130 71202 
67091 43713 
71070 1083 
39870 701 
77925 32362 
401 65976 
47168 78580 
95036 93323 
27631 39268 
64425 25160 
40044 4283 
19941 21733 
98364 74512 
35245 62450 
87839 61885 
94784 51101 
90445 57512 
8266 71640 
67209 85782 
95600 9285 
3883 94366 
70288 72870 
1541 65344 
954 28712 
46895 71028 
10450 83684 
28462 39590 
79895 35772 
74211 40193 
61068 44048 
73884 45128 
64676 56869 
14938 77274 
84373 76969 
4876 5270 
36762 35272 
74744 5869 
46171 91359 
58608 73205 
79651 77901 
22134 18115 
42436 58780 
69644 67115 
76996 76189 
93579 40297 
69863 20713 
42846 60142 
59578 70172 
77259 19136 
56373 7995 
44156 13079 
29618 49925 
60199 29106 
92617 79052 
6522 62680 
15961 13512 
48551 26215 
30468 8588 
73227 3488 
38633 25568 
95790 98603 
39530 83353 
25900 26065 
86309 45667 
98600 89366 
37675 86640 
69458 99508 
35175 20606 
45201 92001 
36628 78151 
71263 11158 
62732 59762 
25886 43843 
68611 869 
76741 1378 
35041 37641 
40549 67907 
85064 71580 
48742 56298 
70920 92782 
62944 38512 
43455 36680 
2903 46414 
11625 17132 
46462 71078 
23205 99922 
36275 23938 
49516 55064 
81179 61493 
36728 53721 
71489 16776 
94232 56143 
36955 25438 
26614 70682 
63717 82044 
79884 50812 
52322 13058 
64967 36967 
42695 6996 
41790 43116 
53962 99369 
95914 34168 
87085 70261 
16259 39620 
16517 75804 
87294 1304 
53425 1283 
41947 58653 
97497 93262 
82554 33596 
6945 844 
66293 89018 
7065 32086 
68864 99649 
26507 10579 
85562 92317 
97455 99330 
2455 83702 
80940 44350 
71993 68025 
81790 78719 
57216 84563 
99033 19394 
66588 25448 
17064 83696 
87551 27880 
80455 50108 
41043 31725 
11060 88940 
21510 73397 
19855 92398 
57342 29991 
37966 40742 
25225 23822 
41430 51440 
78527 46857 
72444 71644 
4649 66948 
66207 90783 
9166 33347 
76946 69719 
35626 7687 
59308 5656 
69029 8418 
2005 77880 
38302 71626 
29478 48388 
28484 99232 
84300 23630 
36888 86777 
78122 18815 
59139 97283 
52239 4611 
70808 75142 
20126 57589 
78240 74558 
73839 80377 
48226 10735 
23731 5247 
90336 28842 
6657 45747 
57981 25714 
41720 14962 
54736 52325 
34544 86168 
80939 71249 
31185 31845 
32269 42649 
997 40435 
66791 64778 
84139 76700 
89856 529 
73850 21198 
67287 80283 
16243 97119 
66428 83095 
1092 68621 
41951 63229 
85903 73804 
28681 7091 
42575 37590 
77271 76816 
41020 95018 
70206 21083 
87361 43874 
85388 11165 
15641 37039 
32494 90794 
91495 19603 
73300 12101 
23785 13520 
51345 66732 
95957 53479 
98598 11153 
22711 81649 
57178 28238 
9555 16103 
52742 63433 
42891 17979 
82784 23089 
66544 95792 
37904 25010 
6950 1847 
57004 46817 
93713 95309 
28380 26443 
84849 69248 
87887 30859 
46722 64862 
32599 24098 
57568 25067 
63805 33702 
444 71792 
96741 35898 
86549 26561 
26070 54148 
3088 32319 
15973 93139 
11187 75974 
91550 10846 
28861 55748 
44331 65022 
21607 85182 
28812 57230 
88938 76527 
19246 37536 
79014 253 
16299 26003 
85499 74535 
41752 53330 
80867 98822 
36060 22314 
18613 9006 
78373 44222 
93157 98156 
81552 9758 
80721 16472 
75713 12980 
97037 36819 
83024 58346 
98485 48112 
3759 46016 
22087 17811 
78996 48585 
6779 46910 
68926 63638 
63465 26082 
87363 50810 
64577 89992 
62844 39496 
5227 58306 
54626 23905 
47506 46563 
37906 45861 
97058 27808 
86763 2554 
76833 26796 
25601 6390 
56701 32534 
90276 67170 
69651 22107 
38643 62995 
95340 98955 
76901 15629 
20022 62161 
22904 88483 
88203 39799 
10525 80962 
45859 39045 
50181 1586 
37652 88488 
99802 64142 
61289 73958 
67799 66035 
1025 98196 
65002 76102 
59288 26837 
46078 80311 
80494 18387 
32592 8129 
14336 74302 
89664 89720 
97211 86752 
36081 74778 
39864 6295 
3761 77422 
96999 99420 
26632 98438 
60257 16835 
31256 16075 
59861 47333 
21962 29693 
82181 89244 
1771 86706 
10563 31687 
47049 22632 
75001 1267 
58649 96474 
52573 96317 
45149 9220 
95042 450 
54893 51958 
72601 39923 
62657 41906 
13486 25187 
34068 69604 
88024 96031 
36311 98578 
32637 71813 
37189 29979 
34450 93569 
36266 69021 
348 33138 
1608 7471 
15692 35958 
43544 67022 
57362 58821 
42909 32075 
63414 61610 
65385 37249 
77330 12956 
35843 64909 
78720 73707 
17011 51053 
84284 29279 
35298 94087 
52946 52178 
23312 10339 
57315 89379 
3335 82614 
89923 85744 
18984 3634 
57238 74297 
33296 24921 
76975 86922 
50619 83498 
34997 64920 
87016 93691 
76927 77898 
9272 59430 
6575 91543 
86124 83612 
38367 60135 
47022 25385 
4195 58002 
23483 83710 
46458 5626 
56035 66065 
38540 90764 
85762 34882 
61534 32664 
13648 11119 
31804 88363 
3164 54290 
17770 54045 
21997 31382 
6296 71575 
67321 33237 
79178 10565 
95688 96311 
38393 59724 
83384 40187 
75204 27729 
76045 36737 
12592 23507 
47301 85556 
63178 58541 
75440 82102 
35435 89727 
64323 29907 
89903 277 
80219 66291 
94064 98329 
49740 42216 
49621 98134 
65749 21222 
69183 37129 
77860 39824 
60656 73636 
2093 2329 
37180 4625 
70259 66722 
7965 40691 
53830 15065 
21187 76276 
39308 91825 
23888 97199 
2545 36593 
75831 74651 
27991 33851 
4351 5087 
45487 51774 
15453 68827 
12043 44465 
82786 96668 
48925 47624 
20553 53440 
55404 6320 
9049 70221 
59717 35350 
82233 82757 
35023 27635 
5573 62674 
3598 94130 
69395 60190 
76014 39959 
98054 12277 
23713 55768 
28469 8615 
63192 30750 
42914 49175 
37899 74360 
50429 71905 
19989 67415 
98811 76744 
18249 50118 
64868 23057 
70783 94454 
14470 31608 
21456 1497 
45896 79308 
27642 10350 
30088 35208 
23462 4751 
39622 49635 
67506 55833 
14588 74818 
36924 45072 
47997 65018 
90818 70176 
85987 76910 
15019 48450 
28768 66864 
77627 97152 
87135 60741 
70094 88386 
96323 53990 
82168 47294 
14100 85064 
60682 86612 
33186 13539 
31943 48104 
19467 25858 
25403 51948 
46924 86229 
22316 38847 
37798 47947 
67255 26444 
32241 41331 
22637 91572 
5546 58422 
16827 32937 
23020 61755 
34914 64999 
72666 54747 
27928 43180 
44067 64642 
71037 22914 
28195 5435 
84172 10668 
97354 7851 
39591 73718 
87078 26189 
20011 37310 
42484 57730 
58253 12755 
10486 39405 
84750 68084 
56185 18563 
32793 74082 
56911 29911 
3052 32823 
80564 49090 
68712 23299 
86283 34858 
10446 79257 
94917 16472 
6506 48098 
64402 30619 
67358 66471 
70834 63116 
96586 28159 
39915 4625 
80180 12906 
95379 86730 
54880 91039 
91142 24998 
82893 18044 
72117 59014 
65101 85697 
64989 45888 
57755 1931 
34731 33363 
18737 30291 
55217 11397 
98577 31660 
33021 16988 
8743 15885 
92353 45991 
45098 28967 
76027 7835 
17974 72722 
42479 44273 
41971 78078 
42061 21693 
68359 30677 
37190 98024 
889 77945 
90404 59887 
21849 30563 
81970 23401 
69350 8016 
34427 92946 
49136 67899 
15259 76165 
34587 1675 
60922 60630 
7168 75807 
15478 67857 
16176 46493 
5386 13714 
91483 78657 
78271 20790 
25839 55441 
18039 47913 
54356 73120 
11237 24757 
97950 78183 
80334 5353 
4799 18254 
18411 83350 
19280 46617 
56729 43952 
31415 41272 
71766 62767 
11463 73784 
91483 131 
14127 90630 
91996 81014 
44735 50293 
85241 95224 
15788 93078 
85850 378 
86434 7406 
11184 60995 
69708 96312 
12280 11074 
12794 40918 
55492 84632 
4092 3864 
74664 18946 
37539 14972 
91903 98626 
69417 33884 
61390 75121 
35793 89960 
25116 65926 
59761 58436 
82030 10498 
66832 43633 
62826 35741 
44096 4968 
71413 62978 
24176 79581 
1133 70404 
48567 26576 
58823 10302 
66556 42203 
33110 68671 
55770 72726 
24617 46412 
8253 82327 
15278 35861 
12039 17048 
91512 64207 
72343 42606 
51775 76203 
58766 23872 
22813 32597 
35345 56837 
80958 7818 
28768 60118 
24846 80741 
16805 82343 
74233 25685 
73709 84205 
75862 27353 
92320 9559 
81853 63013 
13604 68597 
28676 17984 
33521 17965 
85464 26397 
24415 37652 
59315 58148 
3528 72495 
42162 5149 
4747 27389 
58921 55201 
61404 79577 
29824 80193 
87678 98833 
91203 6859 
54108 46945 
28481 82923 
88721 61567 
62675 99238 
99470 16342 
97500 79401 
5941 89137 
77963 2313 
88708 63285 
33331 80305 
13247 32951 
77449 75692 
61990 83010 
17605 1993 
12862 66312 
79499 22578 
35577 6745 
90321 29096 
38002 15216 
74563 54837 
84036 17460 
7913 54019 
21767 57578 
43395 57029 
6061 59212 
70949 93741 
73268 97501 
96671 62325 
27413 59257 
31230 9309 
27000 46248 
58261 78177 
19480 7041 
13054 78413 
56476 66547 
39428 24645 
36993 59228 
8415 96437 
68153 61872 
76219 73265 
3401 64895 
30897 6365 
16635 17342 
27301 99352 
97424 30048 
38033 82953 
7202 23885 
54535 85628 
19300 65582 
56890 21539 
76656 42284 
33517 40060 
40242 87845 
72653 6884 
68515 88785 
66388 15816 
63616 65924 
64962 62451 
43563 48861 
94152 46200 
51368 34821 
1785 5490 
91769 50817 
30780 32491 
94194 18632 
25568 58334 
36600 55842 
66364 47545 
28996 32889 
91459 91296 
47740 46174 
11586 43080 
32116 60200 
42338 97549 
3222 17994 
80763 73503 
41875 18323 
30445 25389 
67003 10717 
35746 74201 
88932 64818 
20363 18265 
72983 29299 
37923 57167 
37976 7424 
33110 37972 
31502 41209 
80601 11851 
69269 14289 
16129 71395 
99308 54705 
99034 24141 
53553 43205 
48918 46193 
79029 10060 
80357 51355 
98841 33978 
19085 5813 
39161 40372 
20694 16127 
72598 33088 
28575 19234 
70580 83597 
1707 7097 
27844 44763 
14856 25819 
20604 52455 
83848 99275 
86677 27620 
96806 40671 
70610 93841 
38582 31992 
59745 81009 
80091 70886 
48238 94386 
66853 7303 
5169 90200 
81777 18091 
90174 13805 
76044 96750 
55455 24554 
58959 67658 
96549 52679 
12704 69379 
65883 7824 
51161 89984 
42961 86303 
73322 78882 
62906 4713 
71281 4228 
41131 21249 
40381 72775 
96076 92849 
4839 79895 
64219 56279 
15991 11490 
22000 14297 
2302 76666 
77807 54250 
50348 10278 
73855 25768 
74243 47842 
42568 56653 
87285 41810 
94967 91647 
24106 57827 
79638 97424 
74191 62371 
39975 89000 
78342 89004 
14705 97673 
8553 49529 
72100 18682 
98674 38419 
41827 47964 
18394 64181 
10022 41700 
86269 29665 
73002 9793 
98863 74861 
2891 84967 
12573 90331 
64505 92901 
52259 7193 
36989 85584 
36580 70439 
35992 90064 
3734 6396 
2547 67795 
93297 2236 
23416 76000 
89961 25721 
74246 71762 
63170 26743 
31741 2036 
43017 78707 
83906 78281 
57243 37452 
78489 43171 
16753 18158 
88893 98601 
77811 16549 
44124 79181 
27917 29726 
64739 23475 
39328 64076 
70301 16402 
9299 52982 
75513 50586 
59346 45396 
71978 81831 
97150 67888 
443 34491 
54244 7377 
54429 46198 
161 9531 
20308 28215 
99512 38667 
51151 57627 
22246 99038 
92124 10651 
39361 74459 
23697 92547 
36416 3542 
65628 18893 
55415 71135 
89444 55487 
31989 63102 
20077 29645 
29264 1184 
68310 84391 
82419 47459 
24892 58854 
58633 43772 
64439 43096 
6000 30528 
52643 73701 
11934 71370 
23875 7620 
16708 95504 
97901 36090 
30972 57822 
34222 77894 
87461 8488 
80473 21782 
16566 58245 
57327 71577 
73043 23510 
36534 84304 
56852 36147 
10991 81602 
64976 6848 
26168 57788 
83033 38171 
40725 4084 
75592 93530 
10844 17868 
62341 41829 
47563 68244 
73577 13908 
79323 44781 
62984 26638 
62957 24975 
18255 53202 
25539 57810 
50827 44043 
86761 75699 
64867 31897 
6947 15218 
2592 86512 
29324 48155 
38128 19883 
36857 98800 
45329 81198 
23703 50758 
96306 22240 
89288 27208 
56930 58561 
99021 62167 
33111 99546 
19827 67172 
87450 71336 
30972 37705 
89639 10598 
31040 36780 
86000 64239 
10504 39275 
73652 90452 
35926 19939 
42977 19805 
96681 20406 
8457 1655 
97942 36165 
82397 30739 
44751 23070 
58635 21573 
51120 34843 
64104 74189 
25430 67921 
4911 53692 
28769 8098 
80607 88307 
76415 44582 
65406 75795 
54306 41412 
58319 76513 
52151 33628 
85554 62907 
72712 46135 
97963 89832 
62859 16912 
43942 47876 
26133 43028 
13912 62709 
18844 57859 
46335 7517 
2151 90979 
57222 2687 
21095 58384 
5162 87173 
8221 80024 
32134 59341 
64204 24061 
26721 1615 
50816 32832 
40797 22850 
42601 94201 
53371 75140 
22768 83780 
15995 27612 
76139 18461 
32974 8796 
27343 29756 
26622 61279 
96035 86632 
12856 87582 
92549 71850 
65698 4617 
57179 43257 
80556 65551 
54211 92049 
55660 52561 
67842 43700 
98613 91682 
11304 34095 
30723 91879 
52775 33320 
5681 64422 
82084 82640 
81054 35820 
90743 56394 
81216 27790 
14517 59836 
68540 41140 
92485 26410 
96010 46926 
29529 83502 
48911 57898 
10126 14397 
95836 25981 
587 56017 
59973 87419 
94061 36910 
90477 56242 
98135 78068 
60737 48795 
38316 50325 
45387 7373 
52389 6395 
31195 79342 
80413 83076 
98269 99669 
13020 99682 
67507 19377 
46743 62483 
47822 20217 
9225 21730 
32377 56728 
59474 17800 
86932 70843 
38722 96047 
45372 31349 
46000 66140 
77565 60748 
39164 31005 
22959 25448 
16952 12895 
89631 81721 
20495 59701 
3014 89498 
3789 23317 
51088 28805 
61776 63655 
13581 79547 
71972 46883 
81542 54336 
977 74504 
70638 6193 
50759 1089 
6622 68212 
71258 72809 
14640 20632 
45610 46316 
75385 22311 
62265 28139 
20604 88161 
24238 8406 
28018 41929 
9942 49553 
41496 24526 
92315 30595 
86107 92143 
43375 40633 
69701 95518 
99846 61428 
62738 91971 
42203 78207 
26316 5185 
44227 10318 
14690 14249 
83085 58891 
13062 23075 
61009 27373 
83994 34081 
78756 82616 
86555 25883 
18378 89138 
1115 13781 
38183 67245 
39717 53903 
56360 96890 
47027 37182 
1337 13459 
86 7666 
36791 19134 
96454 31206 
27093 64019 
79791 35167 
95029 34932 
89522 37588 
37781 26571 
36962 85062 
9466 59705 
4114 22648 
48898 54112 
33336 26226 
29822 60161 
26169 37983 
37492 2282 
97825 59069 
30256 89973 
40212 70001 
27751 7594 
30813 68994 
78300 2858 
87361 41159 
97294 55772 
8950 97396 
35636 24702 
63096 50806 
32684 34317 
75204 30575 
31734 91352 
52035 68531 
87687 88444 
23937 31980 
76359 83740 
22006 17888 
22791 24545 
15775 68152 
1967 16963 
24653 13408 
29481 30303 
82035 3764 
52008 64967 
74874 38770 
67821 5599 
3470 66155 
56150 27468 
6321 79036 
70824 23366 
73111 4738 
58433 70764 
25265 44838 
94149 64512 
77953 95684 
89383 99067 
10053 51399 
14627 96071 
59265 67254 
98084 37998 
28460 40288 
6142 86706 
36287 46202 
85239 36885 
70172 56796 
46371 78717 
3073 50596 
3229 21517 
16681 20824 
32914 60685 
33254 79494 
14179 53970 
95855 54174 
12310 9906 
52481 74824 
22065 81171 
93448 52132 
50474 98737 
63317 55891 
19857 78822 
18813 12233 
98061 84012 
32339 51880 
17725 22337 
47090 58110 
29264 23659 
74222 82757 
43323 41426 
85122 21293 
57588 89658 
92566 63958 
30164 39967 
33386 68877 
57084 71492 
62237 35247 
35105 87811 
41179 89928 
42578 89212 
62971 39147 
50949 16151 
77350 78533 
87411 60277 
99040 99326 
5193 73114 
63817 76367 
82197 89297 
64700 74329 
60927 21192 
44160 62693 
63112 74821 
40238 87055 
60904 83172 
84543 4656 
63252 52318 
28332 55352 
80794 68199 
29222 5787 
65539 17481 
65535 74144 
82643 34614 
57929 15592 
60733 99005 
68615 24460 
84546 71198 
17375 88123 
39022 74968 
535 9768 
87555 3485 
24142 2419 
68749 51971 
65836 44999 
25830 56754 
61244 82713 
40749 51158 
70185 48653 
31064 32374 
15604 81287 
81853 70281 
3846 13380 
27176 79111 
28725 11873 
66037 15924 
33865 55421 
96308 66063 
57811 46485 
76762 25048 
14705 68309 
82127 88847 
69616 13580 
98997 19986 
52114 31208 
21457 65689 
14273 60429 
44460 66032 
79989 47289 
20253 5047 
51383 67597 
38582 25769 
34996 12539 
14930 51424 
25610 28422 
22703 29263 
38721 40377 
85065 40988 
14074 31370 
50036 4284 
22107 92481 
8495 23669 
92780 8183 
78899 35675 
51953 91217 
74809 33341 
94369 35680 
91726 48022 
44228 14048 
98268 12764 
54451 4131 
93395 30761 
73982 95331 
96157 24890 
68772 90067 
67363 49861 
16607 85878 
23592 7213 
8512 96444 
93143 15234 
80212 45681 
80788 50766 
65940 48023 
53623 97992 
13896 70181 
33818 10429 
27728 54882 
85761 16716 
1654 75493 
14859 78192 
98160 81939 
53151 36859 
76717 92943 
92967 75985 
19529 87370 
43988 52434 
16063 48348 
31365 49754 
61960 17830 
22955 44118 
99877 26397 
72289 71391 
79947 73353 
90520 32932 
45725 45540 
15391 80178 
57862 79821 
28197 73606 
52213 93771 
80712 20380 
91690 31914 
33246 56804 
11876 696 
72258 56625 
79281 94394 
71369 14326 
78092 46283 
83174 73714 
16355 74658 
873 46437 
95762 31665 
8551 92505 
20555 4408 
46861 15458 
30538 62419 
56859 58502 
30786 93362 
28933 74772 
56349 19672 
76048 84803 
54126 42879 
70923 27369 
86010 19466 
35310 56034 
57567 32389 
46197 33082 
54661 85735 
28532 24921 
26850 16530 
37010 8652 
90813 87314 
90445 58134 
39663 95869 
11460 89762 
34765 14352 
41496 13041 
25463 49105 
46527 49176 
89153 94526 
2450 52026 
9195 39647 
50737 90138 
11400 74451 
44740 25993 
61169 34447 
64956 59151 
82835 16667 
67578 83713 
358 97992 
44829 47292 
14240 87603 
17856 88647 
23387 49340 
53381 74206 
72597 36904 
93826 49880 
56480 95079 
17297 73897 
38800 93509 
98607 98822 
52624 76125 
25398 26491 
31088 28875 
34507 68301 
81222 91226 
72818 5075 
53983 62742 
54193 55701 
82497 85074 
79419 31786 
57481 11813 
9716 76773 
83916 13911 
35932 62265 
16270 6762 
65410 41772 
895 26530 
56365 42631 
63738 27943 
65682 10556 
69051 23540 
40180 8110 
40545 35196 
73700 8280 
80276 82815 
72751 17466 
42505 92146 
22012 8339 
19886 63988 
17636 42361 
77567 10378 
41088 14193 
27113 29905 
79158 55797 
66647 63883 
56826 96710 
26217 47909 
38826 88787 
48077 49163 
73015 68684 
470 58866 
94102 49365 
70437 91390 
79785 3148 
6281 26803 
53038 23116 
83549 22000 
54056 27136 
49733 7061 
63288 99336 
62369 78131 
43001 47534 
72794 95854 
79023 91977 
23580 99272 
46535 90652 
21466 49116 
94255 49514 
19620 21531 
39852 62170 
93139 83535 
96090 72870 
19925 94906 
2023 59087 
85419 97660 
16419 85555 
14155 73955 
41671 90319 
93688 75974 
85583 25139 
97163 57242 
35734 87591 
29671 63822 
16494 50211 
20468 75970 
22341 13256 
58267 26087 
72761 81971 
20014 57172 
13807 96678 
74917 27500 
99314 24577 
54962 11864 
20770 55841 
70765 97481 
19055 33407 
17292 23543 
3480 85795 
57892 67393 
24041 25364 
96978 37429 
91261 20603 
51874 93115 
14726 50369 
12497 75828 
36155 420 
33938 800 
65767 68182 
41452 30020 
91771 340 
39981 18736 
21913 99698 
11050 4057 
33350 2668 
48713 83180 
52501 46840 
33228 10864 
60063 19235 
66196 31069 
18061 217 
94169 46022 
45553 95418 
29037 17486 
27553 78660 
32996 89648 
27747 52489 
73513 20785 
89754 69800 
69385 11737 
53948 49948 
42878 23255 
87303 65811 
64884 81370 
22212 74468 
30128 80224 
26928 13467 
27696 5176 
85049 87097 
78488 15475 
44365 22654 
95681 45446 
6444 85367 
86882 5892 
67483 2479 
57367 93267 
88218 61930 
92664 43202 
66140 19105 
95705 97098 
6748 66386 
28854 85718 
42274 94469 
64366 72152 
26067 1926 
78167 37962 
38757 90013 
31312 40993 
78342 13431 
71088 21077 
70508 44570 
49442 80722 
27765 48684 
265 21899 
6411 60551 
39043 77160 
58858 99316 
48471 33585 
55517 57568 
91845 11406 
55221 53137 
52429 25703 
36084 37632 
31415 29163 
59723 14493 
49736 6649 
30932 31075 
89685 68231 
32168 74285 
81166 66300 
57663 17327 
84350 44544 
45438 36294 
45622 11792 
7240 39701 
6931 22151 
86134 31449 
29988 34303 
29445 58309 
56243 17532 
50739 76687 
61163 69741 
68739 10264 
77053 13633 
53300 60031 
52528 41230 
79033 71308 
88679 84017 
85661 58546 
42123 96274 
70880 37995 
13306 52518 
96255 20795 
44794 76496 
69623 74585 
38779 38789 
78477 70445 
65572 82845 
87994 93773 
75644 65140 
84639 12665 
46562 24158 
41686 65415 
93193 25043 
6544 49954 
44596 61966 
61423 72366 
44291 38715 
88674 39036 
61914 89437 
80029 57594 
13737 46148 
65025 45468 
77157 7352 
98027 31696 
49941 12995 
35589 77601 
48910 84993 
56262 34959 
64664 49687 
23513 6532 
89089 18842 
69092 73113 
10601 69186 
78937 3692 
28410 26981 
96640 70915 
71574 33755 
20539 52700 
21232 42078 
59626 12689 
25078 66135 
30795 17143 
62024 90860 
25311 63993 
61977 25529 
45971 70897 
10714 72950 
18042 93522 
73098 73776 
6865 22659 
49217 76973 
32941 39411 
37484 82101 
61310 91302 
16364 96809 
56234 89063 
72083 53849 
34458 13711 
93542 35892 
20740 66656 
27640 63574 
7864 91744 
38273 12444 
50046 47456 
40544 37883 
73371 9937 
88023 3529 
69869 43084 
75407 28429 
52829 80619 
81495 90828 
90130 26886 
18139 52438 
99655 98063 
69672 96012 
86250 93526 
4279 1157 
23246 8315 
13884 18622 
33192 71958 
92355 41625 
2273 26345 
93150 14325 
70753 35921 
17035 62149 
77856 57159 
68076 76455 
3631 81077 
81836 36877 
42650 2514 
73567 8718 
64782 62959 
76148 9862 
66846 59875 
37613 1960 
95571 14849 
26356 23999 
27112 45251 
48427 52879 
21253 89738 
15812 45243 
29482 96562 
17197 87582 
25277 95503 
33424 57474 
42216 39165 
8706 77870 
50954 17444 
35632 28424 
79636 20184 
37102 63147 
83970 47321 
31536 72039 
2970 43293 
49076 15837 
94305 63034 
25938 57678 
29201 60575 
41710 13204 
41025 28083 
80067 41528 
63948 3118 
87269 3473 
68504 4949 
74749 20644 
99397 56967 
62198 79122 
47563 1538 
85799 34977 
43286 16097 
2584 95260 
40062 94832 
6375 67815 
69970 69022 
33363 95961 
90438 878 
76097 19995 
9580 706 
43524 36464 
72733 85267 
1657 58296 
16282 16391 
4583 14106 
46602 33235 
78719 63403 
81668 19005 
54588 45907 
832 23531 
49851 27821 
84283 96779 
94927 55667 
87878 75193 
58270 79140 
91303 2712 
72196 58495 
77944 61365 
82153 29041 
53387 32534 
42400 55640 
86108 9312 
59295 73428 
58716 32797 
39751 77520 
51023 30754 
36862 94077 
37229 95745 
97327 37846 
68700 51673 
6016 37207 
31078 22591 
91853 86721 
9885 35730 
6183 69335 
72316 61859 
9884 75619 
74564 20433 
8705 35838 
33835 54410 
57640 72113 
62085 10190 
14676 72589 
44566 41815 
61766 87272 
60437 95401 
26698 46068 
84955 19695 
33283 3583 
83190 91720 
79339 22335 
3744 42688 
91993 16325 
7604 18626 
38056 90261 
22050 12665 
73607 26251 
92445 61450 
1339 89399 
15782 6854 
66860 46498 
79000 85999 
65859 17894 
92392 27493 
52870 11594 
3820 99909 
39372 20819 
2990 79671 
44030 1468 
76709 79877 
11144 84323 
55826 8987 
44667 18340 
2458 8908 
14677 85992 
22164 55669 
80762 79395 
49859 92718 
42483 76807 
50564 6796 
70980 13123 
96505 49433 
97685 95086 
30577 53263 
36281 72214 
2892 91730 
92204 37808 
71880 83128 
70375 909 
94339 45552 
26302 39712 
89865 67980 
18293 19687 
54243 74542 
9245 35545 
13686 23979 
35330 15183 
57184 4342 
5846 5873 
57802 54195 
23636 48227 
95395 65885 
18663 31822 
23004 3890 
68709 17900 
77113 1830 
40613 9166 
17968 85394 
23072 44484 
330 5286 
37766 97119 
17327 54203 
9376 59211 
30449 84946 
47088 2261 
97302 42944 
40223 13698 
35376 75792 
98898 22949 
14874 84849 
76947 46946 
56549 39499 
98801 4637 
21553 83380 
74643 72817 
19434 23689 
28864 81476 
27727 9638 
85687 75861 
11984 74162 
52813 4589 
58618 34210 
19035 28384 
84604 19255 
34987 82411 
67870 25076 
77544 66662 
50106 70473 
7854 83495 
99767 68236 
20604 89179 
87199 8515 
47815 77157 
16111 92686 
24325 64781 
76008 48859 
44095 12359 
28766 6386 
36558 63642 
19149 6023 
70463 60232 
3894 74858 
49013 48928 
26873 666 
94561 70606 
28885 99066 
33738 92050 
69794 78650 
84599 17957 
58009 74202 
16223 99402 
27715 36212 
98187 37153 
77799 36030 
82402 63465 
88073 70392 
63068 74397 
58183 26426 
41803 76174 
72510 98848 
84513 3742 
80379 34754 
94138 67443 
95097 18198 
39158 84587 
57570 96721 
71568 56725 
80716 95044 
40022 60537 
89375 57341 
53928 30515 
97120 8802 
82507 25008 
16128 29671 
79180 83665 
79189 90485 
6112 3990 
63986 5931 
96341 87430 
48893 26583 
31650 31334 
96881 2674 
33172 72103 
59482 22178 
58719 16972 
16325 46630 
75879 37161 
17413 42432 
33204 33449 
75087 32873 
83103 26789 
60539 76590 
19569 71166 
95771 11953 
81453 33683 
96062 93641 
37701 37720 
10279 87617 
14860 19025 
26782 83781 
49084 1730 
61215 31788 
45006 61512 
19138 4802 
2053 6545 
31208 48419 
25103 73336 
91582 77571 
70912 4222 
91195 42870 
94278 46009 
26772 99723 
48662 85161 
83672 78450 
64843 13907 
36127 71712 
78117 3795 
81919 26769 
99701 48453 
30240 54365 
31172 25720 
91237 43528 
2165 20790 
73677 2078 
70990 46655 
83184 26401 
65449 95879 
27668 40788 
56859 58630 
78851 36640 
54097 45872 
9212 84873 
76515 63782 
22180 91051 
14620 95680 
20115 12112 
15660 61160 
9342 55971 
37605 38610 
24465 40851 
99472 56922 
65190 99907 
18557 84972 
78066 78504 
65850 73316 
82812 86447 
89746 31535 
38354 35553 
55175 56841 
67178 14117 
20318 64735 
8297 24163 
26347 10972 
48923 34799 
6947 35516 
92801 85565 
33858 3845 
59263 7360 
2278 68704 
71144 15343 
25676 26283 
82066 68140 
53437 94793 
13938 80778 
46699 569 
24095 24926 
47875 17042 
98154 49368 
57551 65344 
69433 6059 
88806 51775 
98708 72682 
3479 87025 
9112 21321 
47501 4765 
60133 94682 
93119 73132 
61962 16227 
64719 71604 
76854 78658 
71896 87921 
27687 26382 
98525 74941 
35577 71904 
99829 95703 
38193 63523 
40762 76484 
98305 52297 
68500 82248 
98176 89908 
49461 26653 
29506 25899 
16952 29660 
30997 62673 
69427 39777 
95942 69732 
31289 45121 
70843 54810 
38283 7724 
92673 38871 
37735 68882 
67207 84405 
244 89860 
73761 81984 
23926 11901 
92688 8771 
74866 42213 
91175 34467 
48196 98521 
70136 65122 
53052 73755 
70429 83321 
21616 14569 
60156 64428 
17580 42670 
76453 22894 
72568 86270 
74982 70087 
10406 30518 
48226 45644 
28605 40376 
9742 18064 
94022 57166 
5677 37059 
75370 20885 
7129 60125 
79129 24399 
57376 68872 
77336 62753 
96487 36820 
15884 1079 
62528 9717 
70132 47982 
73339 11842 
71004 87762 
25779 97357 
59232 94485 
10360 24419 
37969 23651 
28367 41639 
84750 53098 
15826 41358 
52609 23777 
24117 52305 
37131 13159 
80535 15407 
11337 59309 
53797 10799 
33488 42014 
79235 81555 
14282 18869 
56367 30222 
89353 8867 
17558 47915 
80604 13754 
80612 72565 
45618 68345 
40494 62844 
8243 14945 
25697 17364 
35412 4182 
43400 64923 
75374 34810 
64141 918 
703 58402 
51574 47445 
5841 91372 
25748 70212 
93369 96399 
59409 94055 
45814 18047 
45979 20681 
20519 83306 
45130 67180 
23956 6735 
7318 11960 
18822 72036 
2148 55882 
92364 97160 
27112 80762 
67613 28385 
53031 14790 
70528 50347 
70428 95017 
75540 43607 
37118 50738 
