52220 21412 
32222 99082 
53012 48002 
80432 68615 
33014 17797 
91270 17027 
80775 38665 
67048 92696 
58728 29452 
44261 5706 
83219 64467 
60027 73783 
60317 92331 
105 53689 
78627 25429 
16843 30941 
16617 62723 
38310 46258 
56519 78293 
50940 95868 
9383 80742 
27133 54588 
46655 24467 
86559 35553 
2447 32813 
25344 18538 
57668 75259 
20801 49985 
42272 26012 
21094 42195 
95102 19810 
58940 76561 
2162 12183 
86423 46302 
93616 46108 
13995 57831 
17403 24696 
50905 46728 
23117 90470 
86589 54214 
83582 15758 
22965 53096 
53596 15895 
66095 8337 
15370 7148 
12368 6738 
88419 44668 
19099 92633 
88026 92288 
32404 2096 
853 95603 
56186 96828 
8882 52516 
85282 60714 
33587 1333 
93068 36983 
91087 75476 
59247 51976 
46007 6018 
47075 92702 
26861 88499 
90941 79703 
19004 68868 
35009 4164 
82541 44870 
71517 78784 
52064 23880 
63398 85625 
62667 25875 
23 90947 
12429 71170 
27148 37006 
15395 46516 
12583 13837 
21063 292 
57614 60241 
76473 77786 
40867 42531 
85221 70935 
86114 11992 
74082 23388 
78391 47627 
12365 1397 
13885 49400 
41773 13799 
58145 59055 
65198 40209 
4518 50491 
11792 5568 
70075 49750 
42586 21319 
39859 15894 
86039 98724 
71923 38316 
96132 28215 
5426 83503 
6945 10208 
71962 54844 
17162 17376 
96329 12720 
75511 66201 
87111 39001 
53896 76450 
59721 19932 
88802 1246 
4975 64545 
43565 17547 
14796 71849 
94132 77056 
3306 9407 
69242 31032 
16350 68357 
82225 58894 
5412 15463 
76151 50216 
52911 71513 
66619 12417 
75023 7168 
7223 2330 
95471 62334 
21563 8883 
79130 63162 
42657 46177 
37817 32013 
75686 51594 
72320 60002 
53259 21849 
94488 39207 
83696 61487 
81111 32169 
2327 62903 
47375 90035 
23389 84738 
91812 17469 
55835 46382 
56970 22432 
90205 10302 
70421 81991 
85693 81080 
79286 1488 
86632 10247 
68074 43749 
75848 59431 
54468 57426 
28691 40795 
90561 39150 
65984 23416 
58097 22852 
16796 66952 
35434 1435 
92593 19890 
31221 50918 
43230 98616 
25205 45229 
12182 45701 
30106 21043 
33522 51060 
90165 76339 
16383 8000 
61750 63828 
43976 67677 
79333 70945 
73720 50143 
96149 61802 
62627 67871 
3055 93318 
57820 18557 
71348 7657 
85892 8000 
35754 46221 
46813 70970 
32286 26585 
68163 68249 
32376 73109 
3699 51401 
69451 94389 
66635 3325 
37014 56292 
72441 82288 
48367 7979 
28613 19872 
87245 80187 
49555 49158 
45912 89916 
93573 68486 
42701 53809 
15960 78217 
34504 33632 
7238 63235 
91366 11634 
38850 32258 
80155 20972 
69945 66554 
12141 36976 
78365 75281 
45416 68697 
66552 2429 
97174 77025 
58805 81206 
13225 85586 
50164 85742 
62478 43683 
89185 87075 
72678 46788 
76944 80679 
359 19330 
42862 16135 
32731 17049 
14257 26082 
52151 11676 
31025 21188 
54857 79464 
69442 90650 
4794 26830 
29801 23608 
20670 51399 
11447 45860 
39758 54725 
45745 48397 
75531 94212 
82614 69519 
87837 86049 
29484 80697 
14152 48421 
22874 17822 
68315 4815 
72277 94124 
99214 50959 
53611 28812 
16039 25707 
45250 26326 
29012 16158 
93465 45141 
24898 70356 
66091 2161 
95155 87093 
3350 69005 
61232 1676 
2945 29871 
96310 88945 
82929 87158 
25684 60402 
50295 20659 
99040 41001 
65840 28895 
67013 72969 
36591 7040 
61722 8954 
85910 44879 
76377 24888 
48377 60382 
62579 4124 
11648 19731 
15616 18728 
80706 33003 
97829 61255 
71266 56241 
58028 60885 
48587 75230 
40983 51523 
15501 94117 
45179 46238 
19247 2804 
79286 12393 
90498 51147 
88242 34867 
49961 15024 
68337 970 
18033 99673 
67394 39952 
41215 89022 
70889 2483 
5317 16263 
7779 70998 
39987 555 
70854 50543 
31675 67471 
35556 1535 
52880 46710 
78527 40815 
84348 19582 
42545 55426 
53907 70906 
68032 44746 
40681 85225 
12994 30921 
96662 15595 
13033 54983 
18981 44751 
90971 6606 
65666 53034 
11691 19138 
45292 5259 
91904 98384 
26644 69544 
16916 43520 
8359 85170 
86787 61625 
60495 3618 
12904 73485 
52 37231 
12560 57632 
90730 63294 
3991 82055 
63506 47847 
87183 28555 
39137 73170 
6825 23418 
96251 75627 
32923 49906 
69440 26451 
61894 32986 
80595 17031 
36360 54807 
3718 42423 
5396 80616 
38519 12022 
98641 49106 
21350 54751 
67493 8664 
33362 27597 
54478 61518 
75252 80970 
87952 11496 
65554 82101 
63435 97920 
85169 48590 
65185 38097 
34656 98206 
1986 93939 
92791 78177 
79718 24429 
64994 97452 
9884 84983 
88457 48819 
58087 87167 
17127 74231 
69348 37846 
44213 96360 
68191 35462 
32432 12120 
20585 13037 
12987 19799 
62114 82364 
83064 30440 
42159 51964 
78652 96230 
7418 62557 
24562 73931 
49725 8120 
66741 29734 
72952 88033 
73360 83453 
91651 66410 
50571 84596 
60159 98355 
56477 10575 
45025 19760 
12557 78253 
95920 87144 
5636 63965 
40588 97146 
45469 34343 
27946 11441 
93102 463 
70083 62190 
3403 21273 
88720 15566 
31483 98725 
54556 26453 
37234 26670 
19029 26137 
84768 78340 
77110 46580 
74305 43121 
67079 99867 
62867 52292 
8638 99419 
27138 65594 
4218 30804 
96925 25677 
80047 54279 
40907 25917 
23286 48627 
17659 78550 
79483 86439 
14466 14722 
10604 64664 
84002 95810 
78085 1077 
54674 66233 
7613 47259 
34309 31990 
12769 61736 
48794 6289 
3187 33129 
57397 23866 
79568 42482 
64736 89007 
22631 6358 
5670 88759 
16045 47894 
13897 72454 
4379 1660 
97620 71435 
76284 70013 
36374 8734 
80413 13559 
81946 27473 
26980 76411 
93310 48874 
1408 18126 
60568 56021 
18155 48505 
76144 87908 
72632 38906 
92798 19797 
6988 14261 
67521 534 
91607 13689 
27941 15254 
38311 44434 
13642 42747 
3548 43749 
38577 80787 
10251 6475 
92804 19844 
15600 32205 
51805 55866 
78560 95256 
89911 46168 
35883 43142 
704 29004 
78133 84743 
11703 47008 
28368 38129 
43286 37434 
65241 69764 
2490 78035 
99590 71771 
21192 6391 
8982 92018 
45141 62651 
58219 52951 
55415 40892 
85476 69451 
57097 72675 
13510 3385 
1303 7908 
53320 73152 
16183 2715 
3635 70140 
10107 71801 
13806 20904 
75964 13655 
69924 73753 
69352 70946 
84434 81535 
55435 45619 
18022 98598 
19281 48394 
39223 9202 
12797 25823 
31987 57127 
67648 74499 
94344 51758 
38080 21689 
32339 84643 
50122 24378 
42587 2333 
24393 14624 
94066 46231 
8571 98100 
65174 88282 
2559 94848 
65629 62496 
84484 96506 
74441 16625 
48889 2668 
54953 85753 
49804 90527 
65902 20134 
892 66576 
73434 83290 
22435 46917 
83207 73199 
40649 13578 
53982 9368 
38689 98271 
24513 71613 
30642 52131 
84098 72589 
79937 70234 
43783 95429 
11798 53090 
20027 30264 
75733 3776 
25531 99008 
98508 79041 
72969 66434 
30672 35438 
36522 97422 
30394 37430 
83399 35185 
47254 23433 
82950 43337 
65578 57858 
24484 75886 
42009 32494 
26605 13517 
25240 18950 
626 31999 
77166 15355 
38550 49103 
24204 75178 
32149 30105 
55107 53761 
93810 18790 
47338 59032 
42129 773 
47902 46901 
35610 99059 
56528 58929 
86407 47931 
59161 60146 
62659 90586 
37982 98256 
92782 98363 
40487 71982 
18003 14993 
24649 65922 
402 87984 
9791 82043 
82967 61057 
53494 73835 
15376 66525 
43736 68118 
4689 74531 
42423 41666 
23623 27281 
41567 5027 
10779 10721 
96595 34316 
26957 93541 
82609 83270 
89598 93947 
78911 2456 
93449 18369 
24680 90314 
39693 53038 
4427 1547 
38063 79354 
15699 42436 
16895 27000 
43468 89719 
74583 74973 
15749 79991 
32581 59995 
43205 29906 
4857 54227 
51857 64009 
81649 29776 
2462 46626 
36368 36157 
52768 37008 
3690 78712 
59515 12798 
44139 914 
35963 35906 
5884 41553 
77649 66979 
18006 59002 
44201 69939 
1147 89064 
38251 86422 
61256 30344 
53840 1456 
40021 31679 
76177 66347 
31658 89807 
2209 92503 
39845 52314 
17194 80795 
40900 60828 
6299 5061 
39711 62467 
2234 25486 
53441 63789 
70023 67857 
34721 767 
8234 68048 
50802 50770 
2336 47616 
68065 18098 
340 56013 
52311 83320 
93454 87653 
84429 18437 
75222 57985 
8307 34906 
21460 1700 
73263 49556 
80275 38345 
6837 24657 
86546 35853 
55398 62726 
18476 90909 
59844 14053 
95169 36529 
91564 85558 
73650 81911 
59872 23208 
41372 87324 
16285 77126 
15923 77713 
23296 48371 
57560 2675 
25703 59518 
72118 57626 
61105 87301 
31963 91187 
72816 44935 
70873 37236 
43241 4145 
15086 26554 
48674 2515 
97224 52627 
47512 90470 
62386 88932 
53020 33981 
16448 80885 
9102 4079 
85451 64674 
82914 52283 
51901 97283 
11689 92262 
8956 17309 
92848 82369 
26643 94525 
86180 31112 
55641 67656 
4864 28211 
3599 14460 
8088 37558 
6595 45972 
72194 75246 
84027 67628 
9572 35742 
9104 4010 
24937 22363 
49061 41061 
47130 84401 
29326 99895 
51292 62572 
54089 19697 
90994 96869 
72066 93690 
92858 56513 
10737 71827 
27216 10357 
14910 16558 
57516 67916 
16221 73946 
88479 86153 
28987 1402 
78414 55194 
14837 75405 
54631 47370 
83624 87883 
72564 38262 
1346 28256 
88978 85891 
57159 39687 
77576 84765 
1030 32680 
1331 95154 
1178 36957 
70033 84830 
86179 73386 
53842 10405 
30444 31763 
94029 8490 
13775 47374 
50627 63083 
35775 79503 
53389 64921 
94137 8454 
77204 80947 
42154 84137 
46077 7636 
25302 78910 
80757 90611 
59311 20125 
44320 54767 
52887 3691 
7242 4118 
97072 18982 
48950 18587 
40228 47544 
36349 96193 
42713 33318 
71491 63402 
58529 60446 
80340 3812 
22608 16276 
22498 35967 
31815 61759 
37774 4738 
95419 79240 
9674 37548 
96429 18469 
18136 56658 
49103 15713 
74270 31790 
59867 17927 
78391 3561 
99002 4255 
19287 7518 
68684 60454 
37463 80998 
9273 28372 
7997 40616 
20271 22233 
59681 76866 
84932 76238 
36304 24130 
78235 63847 
23177 29361 
6783 8158 
7448 60725 
76177 84874 
14275 68730 
6475 4644 
62575 36644 
19614 49924 
13878 34471 
3980 33007 
45694 21310 
20817 36509 
66867 24618 
54738 95349 
6522 61707 
26337 80131 
50525 58756 
78747 45853 
69750 65682 
21967 16989 
83021 61398 
68854 90249 
24231 93316 
24934 49689 
37934 97379 
515 5365 
10614 490 
98049 86345 
55872 15885 
90303 41632 
10936 3802 
45622 28469 
69171 84786 
75402 96451 
68693 60964 
75872 8039 
80710 21890 
11382 71307 
92893 85823 
39618 99127 
62839 54768 
10501 50518 
24624 42160 
80016 54492 
67459 65794 
67806 64509 
69640 85374 
53090 42511 
63247 4034 
47304 25511 
25482 46235 
3854 84862 
41050 70630 
25456 48560 
56657 75812 
7753 20324 
53478 9310 
14271 95706 
96379 95731 
12220 45103 
79677 58685 
11265 6302 
78405 22905 
38102 5066 
31343 47943 
48536 1279 
27457 62871 
25710 40279 
40948 42616 
38247 74292 
61768 90880 
35288 7230 
98228 72026 
36754 7628 
86263 64876 
36629 29145 
25928 95081 
74665 75766 
79874 39505 
47635 49767 
10829 86038 
25090 24476 
5528 75299 
6575 91002 
31069 46890 
7339 38364 
96313 62173 
87795 39822 
45777 78002 
48348 34725 
96326 1370 
95670 14806 
38033 63662 
49093 46625 
59747 15008 
96542 87726 
27163 54152 
28243 83084 
36624 77356 
73423 60549 
91406 51012 
40349 79248 
98906 86985 
13217 23264 
66938 27121 
90805 74462 
85230 23942 
61241 42907 
14299 38238 
94857 81110 
67979 61068 
2798 59198 
68216 7645 
52936 32125 
71126 23625 
56575 87149 
11847 90534 
39563 20063 
92388 16356 
89626 52066 
41464 49777 
28101 65619 
8190 62121 
88712 7313 
12587 99718 
98624 78488 
64967 21257 
47759 10239 
83581 99628 
1157 98456 
85315 85793 
56201 56653 
97741 3469 
71560 29613 
42512 67667 
97974 99246 
69869 97605 
22326 5572 
81913 25086 
95927 342 
68375 83088 
55545 48603 
92743 96166 
61412 94368 
8895 84187 
70313 10545 
58811 33991 
33822 60447 
463 89768 
61844 8414 
41637 62239 
19850 30489 
10241 59197 
34554 92580 
74540 95509 
67213 83173 
37827 49381 
76383 10408 
71167 93497 
32633 99224 
15151 44604 
66615 53261 
77013 43146 
28818 78360 
72982 95787 
14469 99739 
17420 87931 
60230 43305 
40059 830 
50725 93068 
20590 48409 
82378 81261 
65859 82649 
19643 15502 
19114 3166 
44439 98231 
83018 46580 
43453 47658 
58542 24328 
99930 86574 
50427 23768 
56674 25647 
66504 86740 
95233 31193 
43010 32186 
32525 33914 
60898 94992 
70719 4744 
79203 11936 
48702 96663 
671 97397 
34241 27253 
2154 16460 
64779 55760 
7685 81095 
91760 90534 
55652 66302 
8507 48020 
13213 67393 
44876 72800 
20804 97074 
93264 19737 
7559 51506 
90024 93854 
4478 58252 
13936 41384 
96322 55821 
79100 86259 
95528 44449 
93480 10348 
91829 90845 
26283 82862 
29806 65809 
77454 54596 
93245 42949 
70827 46079 
29993 89157 
98755 75174 
33868 33084 
30578 89326 
11253 6545 
59850 90411 
99146 15575 
5978 65978 
68728 12844 
4764 69742 
43912 11159 
19343 26260 
87894 99009 
78072 70010 
62356 93396 
99158 67453 
43785 92668 
93191 12173 
89261 72595 
44162 27810 
80113 2673 
57208 61273 
36005 46397 
26995 99563 
84285 49249 
24531 97586 
89855 11153 
22164 61426 
99348 86391 
76612 91822 
30059 53248 
68100 55971 
38862 48138 
50027 22275 
39257 64488 
98065 62280 
95728 75376 
60159 96821 
13734 50724 
99681 39252 
60987 4801 
92759 67640 
1011 27823 
87846 39963 
93593 26690 
60653 51556 
18312 24141 
794 22470 
7194 43116 
47859 93899 
30402 33641 
54078 7443 
64917 83251 
88368 38762 
90336 88794 
12231 58022 
98191 57392 
51880 93555 
71602 47392 
62877 82288 
90610 56358 
33730 736 
45209 12434 
3052 83737 
92860 27894 
71298 54628 
80206 29212 
72509 10153 
59717 86724 
34144 26194 
71170 28738 
93758 76257 
25148 39893 
60157 83664 
21161 11661 
3631 60541 
56506 34036 
34959 21917 
33673 91806 
86103 1667 
53858 56226 
36854 38494 
92086 43479 
41175 44817 
85447 45021 
94571 19141 
30145 21678 
49547 13403 
75313 93374 
30067 20770 
21976 49353 
17873 6500 
84079 50029 
83671 64727 
45146 90852 
14351 47421 
48928 51054 
43815 78262 
95308 55698 
29417 33808 
73774 38141 
28632 47089 
55910 1831 
21309 64630 
85661 45329 
91675 66923 
51527 32463 
31267 44484 
98384 60776 
49037 6893 
38283 5680 
78128 90592 
49363 95229 
50122 22716 
9929 941 
67095 92873 
783 13830 
39345 82519 
23047 11600 
72436 2491 
21009 12897 
81020 93212 
69931 57605 
78874 49271 
87299 48322 
44701 40286 
52639 37513 
91448 13361 
75829 47236 
73251 78946 
36737 63950 
48599 1543 
30039 59555 
80886 39447 
88258 51672 
98253 3584 
23326 31086 
53485 34547 
22384 52359 
21660 29001 
57095 4796 
48405 81948 
17364 55279 
14761 49656 
60180 81910 
16089 79628 
72193 97980 
61847 98548 
80656 99471 
90719 96952 
11563 56121 
61274 211 
86054 5995 
22182 69445 
66598 6619 
87999 33092 
12997 41876 
46618 10131 
84893 83220 
2708 49318 
32275 56170 
17819 75317 
48373 68651 
42293 2221 
20365 16401 
46729 47718 
2487 92501 
51453 57038 
53422 93038 
21330 24816 
25247 28943 
40176 85146 
64754 25270 
4170 25333 
89638 13476 
76872 67253 
31792 99729 
29791 51723 
97908 22795 
51930 55910 
83575 98801 
49344 71565 
91251 86943 
71442 72755 
44764 162 
94634 5746 
63405 27896 
65890 40861 
57206 34179 
58873 36331 
31680 43696 
23534 77600 
45049 30826 
16406 72005 
43927 82298 
83290 98391 
14445 12741 
28670 33986 
24966 74258 
46840 6736 
3834 16076 
8660 50285 
90990 18401 
94761 70941 
25846 45780 
41157 71216 
85457 39625 
16428 12886 
66815 96945 
80993 44049 
14997 62956 
88457 59273 
34947 98869 
76617 9681 
88824 73027 
61452 30703 
73122 63471 
91220 9228 
90203 53087 
39833 69006 
77390 44691 
18695 13432 
33461 22707 
64491 28189 
87132 40538 
16691 12758 
85064 18318 
33059 79415 
37933 94392 
4030 31092 
52286 85707 
17538 5380 
93174 77239 
94748 50905 
67974 78633 
64074 84502 
95346 57447 
66034 62804 
24924 82683 
84622 90295 
3126 89746 
82322 77335 
38398 8532 
75283 56328 
5205 80042 
22812 61940 
40280 23723 
21073 82155 
26902 7703 
84676 90963 
33395 17120 
71888 80611 
70573 11971 
59221 21581 
59512 15187 
99431 91862 
55827 74126 
3276 33566 
59530 94198 
69871 14593 
50574 52051 
53063 95759 
29384 57565 
91992 29745 
8907 48833 
52818 47153 
172 72378 
25608 17164 
56853 22049 
95435 5467 
96017 84342 
59996 90576 
91986 65370 
97385 41112 
48195 55211 
97128 1265 
87934 19126 
55199 79431 
69025 91890 
99454 85849 
19793 91472 
55748 19113 
14056 61330 
87011 58545 
51457 96799 
37614 79655 
86048 10363 
93617 73318 
50886 43027 
25807 15786 
59275 34610 
16926 6288 
24323 24417 
87088 61721 
27667 65618 
22088 33813 
85480 1559 
78174 93154 
5294 70343 
83813 6607 
709 75150 
84086 19865 
32720 82147 
76568 45314 
76166 85229 
68898 46843 
67738 7427 
47704 7901 
77993 92496 
86172 66812 
64000 77027 
33251 4289 
1526 23350 
21324 72048 
66061 36575 
1179 58580 
30554 85306 
63194 98379 
74349 94879 
31853 44304 
52632 84413 
27099 39267 
58581 74533 
70476 43052 
21474 1321 
76605 92842 
23138 33855 
11282 1894 
82440 7640 
16318 29807 
52910 54322 
98225 89980 
2124 29226 
52931 95073 
93142 12624 
51956 79699 
68074 88040 
46808 81048 
41771 81486 
57835 2803 
49643 79218 
1373 35437 
57803 28393 
74752 56871 
35999 64989 
62554 91474 
14208 6367 
49519 62520 
92306 92093 
25561 33457 
48886 55926 
46601 96740 
86 64322 
71264 35476 
92186 62381 
27953 52746 
72786 26846 
79429 36246 
74522 37588 
42723 1750 
62565 43942 
91080 37908 
42579 20325 
11588 57023 
99305 76787 
17255 41704 
37644 14406 
15501 65659 
27876 92943 
16422 58422 
14556 8692 
23589 78410 
34670 64174 
87818 56479 
4815 48136 
19998 73006 
79401 34251 
52978 35562 
52346 49996 
14424 31328 
73213 63360 
22716 38693 
75442 84359 
46114 95841 
69091 80780 
71833 40623 
33405 63126 
16091 55672 
55605 2454 
68808 75439 
1388 6581 
7379 37722 
69987 95100 
32740 91278 
81970 81705 
77983 3200 
71575 93504 
14810 45037 
6965 31354 
36396 74981 
41624 2629 
26527 74969 
7995 38467 
34398 46167 
511 41190 
62020 14059 
59326 94414 
36915 45247 
58336 8328 
86649 32065 
21495 65655 
53690 58244 
39955 80030 
89193 19120 
39243 77829 
42555 33245 
50439 66925 
19884 48785 
72262 61425 
19050 17695 
71988 90113 
61553 83435 
62279 28169 
32161 3855 
8314 56647 
6156 9887 
64987 72274 
90946 82814 
17504 41334 
33941 18137 
347 15688 
51807 32435 
99380 6467 
17519 61121 
99762 41482 
1185 89638 
28378 16154 
98116 58366 
53660 84522 
93431 82411 
47951 26870 
6261 31449 
87977 73563 
28629 21920 
67522 60874 
24180 84122 
23077 43903 
80126 80139 
27993 94136 
12161 65031 
93609 64743 
6546 3365 
26833 15418 
46158 75883 
32831 50388 
8050 37023 
18762 38132 
38888 12978 
49899 49441 
11600 62141 
33031 71642 
41710 54988 
53656 31107 
95001 68902 
73340 83625 
49528 34865 
1421 12779 
84486 17643 
91384 10151 
55992 58788 
76299 98019 
85609 62707 
50058 95111 
31269 60016 
21537 19094 
32204 39535 
17334 65635 
19643 560 
85422 3193 
63189 40379 
56814 75154 
79209 58549 
55254 6478 
61971 29047 
6001 70720 
10929 64187 
83903 85100 
18219 70050 
58271 66251 
49319 72194 
37460 97325 
96777 72548 
89588 28331 
12021 83610 
17515 55915 
23470 74498 
95960 6199 
30540 54870 
36554 74894 
22582 17373 
32667 62579 
9406 57030 
50008 79848 
65766 86861 
71262 86988 
86018 73029 
73469 75897 
17148 19926 
15367 98156 
88453 45894 
38573 92479 
84397 3619 
41286 67209 
13488 15766 
66086 49090 
10521 16043 
54439 18248 
72110 8637 
59698 11113 
66161 84841 
77640 87969 
74787 64699 
49035 29887 
27143 63623 
12228 50963 
53743 19187 
35420 86148 
47055 51697 
38083 42334 
44523 73607 
18887 80988 
59615 7521 
43518 34279 
74115 20244 
9962 43467 
70600 31238 
1081 48276 
27869 7837 
54741 49026 
24091 16712 
30280 9501 
92513 61316 
26761 67834 
52812 98438 
13240 75144 
97505 93481 
64198 87219 
47319 43718 
54310 93235 
2003 71529 
55891 77312 
3811 65506 
99642 73647 
99705 26309 
4725 94053 
35323 56297 
57748 77887 
38839 17196 
21871 38698 
56073 68460 
87060 59352 
79555 90479 
30412 17966 
73720 91405 
41500 10659 
35999 94153 
81867 73969 
49315 969 
90077 99702 
75318 37002 
14120 78059 
9683 81419 
51540 1081 
70876 4865 
4286 7748 
22034 45457 
10079 54540 
31939 71981 
95014 50816 
65542 2623 
3112 7045 
57097 70292 
97754 5781 
59674 51479 
97156 20163 
83688 4610 
1495 72839 
34026 95970 
92814 49359 
30489 26523 
40495 54436 
49439 11355 
24879 26877 
55945 4942 
99517 9605 
5148 10094 
48579 4817 
79188 56175 
60090 31209 
91748 83077 
27978 40078 
36129 21419 
16298 40232 
74725 16602 
67544 27783 
67879 4560 
13633 16255 
18328 10474 
52905 14844 
63762 8174 
89413 8265 
84545 47626 
91808 50295 
6191 30615 
18278 94929 
66948 90651 
71290 54043 
89675 12090 
91295 88476 
44172 5637 
72086 10675 
11215 42598 
82171 1340 
62795 38687 
6285 19957 
54359 69634 
79105 19677 
84388 95530 
69247 60670 
14182 68549 
85779 52930 
56490 99600 
21802 49424 
35452 63447 
20014 53553 
92285 28975 
43746 1090 
61261 11521 
63606 26059 
68742 57581 
24641 22489 
14366 88708 
41856 69510 
77985 51028 
82950 95979 
58520 39569 
36301 22612 
91649 92490 
29505 34581 
12060 79260 
59186 5536 
23011 39010 
16345 15288 
11006 60513 
43156 77618 
96632 33618 
36911 22193 
43948 43497 
24723 55078 
60297 23659 
68645 56074 
5981 31459 
24993 57886 
99014 60717 
73985 92089 
43952 60030 
56184 79937 
35830 82533 
784 92207 
90292 53093 
7447 1655 
29241 2293 
48159 4023 
7690 83101 
88506 89178 
1947 55695 
88800 2598 
91881 98732 
34633 49265 
60738 81167 
63742 56965 
4811 7777 
1467 34055 
92258 33648 
90614 27937 
35442 28149 
3208 14836 
44415 57297 
51397 28860 
10469 44903 
72685 68947 
28220 67548 
50690 5954 
2210 36160 
46822 48968 
99799 17874 
60503 19884 
5933 55822 
6020 28323 
7350 51677 
92600 35189 
83894 85975 
20961 42456 
12823 64674 
64401 49231 
98341 96860 
85360 69704 
23070 28181 
49462 17282 
80756 77316 
38177 21017 
90244 48682 
28543 55406 
9599 23575 
3797 32658 
66207 64075 
82287 27772 
93822 99303 
3713 81037 
20710 1982 
91522 50035 
84412 4779 
18198 63799 
58120 50517 
36202 65426 
61239 18102 
1517 16331 
92454 16906 
8998 75198 
67462 96316 
79161 57806 
65478 74339 
84569 30063 
88771 49342 
80645 85920 
17651 22456 
10509 14264 
99723 24612 
86368 64459 
46671 11852 
11000 78913 
24437 65291 
92059 72826 
13390 7989 
19182 6256 
83920 29985 
19324 11689 
79865 94913 
79253 11479 
27284 86810 
25808 83872 
89307 44164 
84322 13723 
69125 19732 
93488 94640 
22699 99261 
41022 32922 
80314 10057 
98609 40513 
91848 51165 
76904 94129 
4496 80964 
91793 80755 
53623 5108 
31625 45953 
97531 17971 
41810 10673 
55175 64172 
97948 24758 
12159 3225 
21561 80870 
44868 80012 
3569 21255 
75152 26511 
39751 31596 
8715 46118 
49785 31139 
29221 60863 
46805 36327 
17070 34001 
48018 96403 
36937 15669 
68510 73722 
91346 97697 
20218 68976 
68937 5173 
45922 72101 
25525 96974 
54147 53315 
23678 95240 
85041 95568 
22225 14643 
29571 9607 
51007 16304 
44776 65945 
28088 68355 
56380 24208 
76812 55365 
16707 39632 
78257 42275 
90627 78967 
51018 64936 
75175 83551 
84710 89027 
19533 76074 
66191 51837 
1196 19309 
28206 77305 
31456 73 
19028 33711 
8735 29720 
38623 85522 
11835 23676 
11979 76170 
26835 46825 
73444 66916 
31143 89026 
17287 48443 
16137 65558 
29156 36476 
15844 21047 
50697 60439 
23288 52185 
45340 55099 
18391 54520 
27102 69088 
1771 41677 
86198 11357 
27256 81522 
95405 66880 
52651 43135 
9297 26266 
83030 50879 
74838 90474 
63777 97422 
56297 31453 
91599 76266 
40029 12262 
50933 56144 
25415 96113 
50406 34596 
27066 2808 
29470 76105 
10407 3128 
28825 61337 
57826 77015 
69928 48399 
15814 99767 
68663 74402 
4847 61941 
16160 6258 
83266 73337 
95787 83250 
43986 49136 
69483 80814 
88578 27183 
58921 64838 
67156 19400 
67361 98904 
94425 57423 
36605 13064 
52381 52849 
10147 42061 
68355 55817 
78340 93348 
13454 62183 
14388 10839 
906 89157 
70934 58981 
76452 12039 
96219 63604 
83590 30559 
46070 10891 
55387 12329 
13353 23933 
31512 43065 
70104 7465 
24236 98448 
19186 75765 
60397 40931 
82104 56064 
7643 36242 
7539 90446 
52769 79004 
71169 42873 
37534 14635 
51542 54795 
73079 45560 
9010 82737 
47931 13788 
65179 94357 
16514 59017 
78838 95601 
5217 61705 
41014 10958 
1283 93900 
66559 41217 
96119 17153 
42611 78715 
39121 86443 
5293 68748 
20682 41804 
55162 67643 
43795 95237 
89241 62911 
62496 49475 
22837 88996 
62367 17298 
97905 93297 
33435 45375 
26382 81480 
38982 84950 
96680 98518 
15187 93228 
79463 82486 
45945 93921 
4839 61807 
44826 73183 
47292 53476 
41864 38035 
46923 59728 
16703 18386 
16032 53671 
41605 50887 
28545 90622 
97918 43109 
66512 81168 
7840 79905 
2638 14441 
79632 340 
30754 25648 
98949 43179 
17146 60601 
11500 31699 
34837 1790 
33040 44447 
60189 85502 
91471 97593 
56615 57551 
52858 46637 
43710 86355 
8239 492 
51793 76452 
1333 29347 
91611 2949 
58598 39210 
26888 17990 
42564 80660 
23419 64008 
86973 57102 
62590 65346 
87962 98681 
49466 59775 
19388 72038 
16027 74506 
12360 3185 
18626 47464 
89144 1074 
55466 43951 
69825 82773 
84602 21214 
76464 17692 
5954 49045 
43953 27921 
81800 3201 
9375 4502 
9417 10271 
92403 25315 
26788 37533 
98095 89307 
27738 89446 
70453 13860 
86366 93573 
182 77409 
42321 33072 
43316 27758 
78255 10343 
38727 18055 
28665 6941 
22011 77042 
95432 38626 
20832 67904 
9454 91152 
82531 40961 
70113 62430 
28664 39425 
14693 29677 
53088 74596 
18410 6438 
80335 47089 
2388 53609 
79201 54114 
31671 61095 
82878 89273 
18304 22247 
1373 11037 
5525 81967 
24587 28746 
98295 51138 
5155 30921 
22640 45013 
78975 59636 
41746 21242 
28333 16839 
30216 64418 
17642 73778 
9624 88337 
35020 43051 
78228 4610 
54283 64308 
25661 36819 
91413 49263 
9426 43126 
67134 29427 
84184 47032 
2986 50853 
17126 65946 
72099 64190 
93109 70275 
97871 65460 
11785 1950 
43834 53246 
5608 30614 
66215 81337 
62390 28128 
7060 2394 
18978 97651 
90253 17832 
3681 2192 
45349 71849 
44210 99393 
24886 53424 
25202 4227 
99671 99126 
74789 69342 
13511 21665 
83224 94020 
53961 24411 
8233 46973 
48883 456 
1532 15713 
29959 56322 
98887 75723 
13762 45020 
52102 6415 
38610 40949 
45491 67633 
61124 39976 
31687 90414 
60275 22060 
42029 28795 
18686 70901 
75319 65633 
51016 5363 
45394 64728 
27528 40772 
72749 13975 
97239 64728 
38355 9843 
49564 81677 
78837 92178 
65937 53237 
91372 50112 
3629 37185 
33908 84848 
22818 6969 
51754 33113 
14960 15773 
35096 26292 
15574 54411 
13683 84564 
87819 40686 
24679 22791 
44552 69377 
47622 75501 
36039 46635 
86434 31968 
68112 30324 
92615 9240 
31246 98718 
66016 80878 
14913 73975 
40006 22257 
53531 33948 
56390 29465 
409 56110 
62078 18136 
54339 50798 
14313 11032 
69815 57445 
64144 78713 
66330 97126 
98905 6353 
14813 97468 
63588 21570 
19987 31895 
48299 33075 
36254 44132 
24390 98013 
51736 61068 
35409 57060 
50133 32298 
636 50672 
13343 73065 
68816 57283 
59095 28809 
67535 74871 
17343 24181 
29797 950 
36741 7099 
43458 52900 
78286 49352 
61501 10466 
96998 19211 
31515 55338 
34554 98661 
51303 28898 
45820 78133 
34184 28563 
60509 24963 
72342 15563 
37484 88329 
19509 12587 
3753 73049 
75256 28400 
82750 87359 
42384 58366 
7255 45698 
46140 74748 
81142 86482 
49433 38713 
1107 47047 
71732 37184 
74634 23127 
21008 71967 
73693 28649 
77850 6054 
44979 63135 
28818 2547 
57010 88603 
32094 75342 
1972 15640 
12705 7546 
85934 99173 
26821 83514 
34904 48504 
5082 23488 
16171 63256 
83426 5981 
24462 17181 
56548 12402 
10684 25116 
43921 30817 
37361 44909 
41196 11351 
29339 85753 
40853 74382 
50954 17111 
45134 34550 
81547 98314 
61555 18477 
80098 77906 
66729 22227 
26673 43929 
47757 75683 
3538 41620 
82088 55348 
31957 13357 
96573 14521 
12075 57175 
54300 80365 
22746 44851 
53876 1070 
25777 88261 
89948 13125 
84759 93612 
16072 38690 
52517 97177 
71407 16062 
3197 33233 
81303 12487 
85076 45230 
18447 67840 
48426 14524 
16080 70159 
59106 47580 
57653 69571 
43020 32108 
28369 95866 
19194 45430 
3181 56746 
69923 74171 
63142 58769 
65311 83444 
77362 11033 
6492 55773 
61417 42864 
76898 5288 
24671 91071 
94200 61090 
48786 89776 
36863 5180 
97583 26409 
78743 44998 
44470 11122 
2753 98345 
17814 43719 
80339 69370 
6889 52117 
97365 98265 
41489 19442 
78969 74497 
56789 13036 
16060 13606 
81724 77984 
24333 11005 
43924 60190 
73051 2728 
67163 79627 
5284 82671 
48316 83047 
33926 48657 
39966 67276 
38507 75521 
32106 79147 
6676 42407 
21777 66197 
61210 73610 
83016 73444 
88484 87556 
1178 55873 
37583 86860 
15427 3713 
90556 63956 
21158 58130 
13811 41365 
20106 28682 
88243 13473 
70087 10674 
81381 7535 
78576 40504 
68737 35637 
4749 20163 
33469 66484 
83169 88222 
73588 6113 
58909 13980 
24163 40046 
28753 43876 
58320 55861 
15960 34828 
65293 34812 
67170 67875 
16415 73892 
49149 47289 
20621 75572 
40381 55284 
39911 21504 
57905 50504 
82179 28564 
33354 69672 
13910 70887 
53783 16095 
38496 39914 
12693 96151 
67224 5989 
74535 95480 
69501 39652 
42036 70248 
26465 48543 
29836 65720 
27849 86713 
90226 64263 
45814 97126 
7160 8037 
91452 55286 
73284 37735 
9741 92157 
91349 38147 
96966 87933 
96192 83672 
30961 44724 
76361 32545 
89015 65840 
85494 27178 
90861 92117 
72737 19880 
44903 71609 
28751 58117 
94688 67971 
39290 31575 
59586 44979 
61846 4463 
38754 99910 
92534 30810 
676 56856 
70165 77961 
11920 72570 
72369 64029 
68227 52058 
94665 48761 
78636 18902 
67537 4101 
19088 36151 
58849 30643 
15787 27648 
29368 79279 
40569 6780 
57661 83491 
630 79872 
27329 7094 
83200 54874 
74312 64647 
72064 52434 
24886 77331 
87345 86124 
16065 85791 
12526 51321 
79207 53223 
63435 38121 
84983 56983 
22753 62689 
93211 85000 
10579 93541 
24656 24512 
86689 34544 
73485 54947 
83336 14778 
8935 34190 
48806 26918 
72579 98095 
41396 50406 
63673 76728 
51094 93465 
19200 67698 
41949 88861 
37498 96847 
1991 82334 
64818 39631 
59493 59744 
62629 72750 
74518 69240 
201 74849 
42862 8122 
71756 97605 
55891 60598 
20389 84050 
44232 92224 
61998 19674 
95859 29628 
41634 63687 
79869 79925 
21945 22735 
26054 73316 
98811 97455 
7388 44407 
62814 53429 
47602 3120 
76816 42414 
29288 84380 
19731 27185 
9274 7310 
54480 43867 
57530 19270 
14142 69346 
23427 47843 
64494 48154 
98915 34747 
93390 73160 
92019 79647 
97878 7489 
46044 78993 
88451 81248 
39950 5224 
6503 95983 
83612 35106 
55867 22218 
77998 2439 
82175 80998 
44800 20010 
94871 59046 
42618 88418 
15812 18968 
77548 85292 
55735 30872 
84867 7405 
65216 69835 
5453 20326 
80347 94856 
5726 55509 
84958 49226 
93071 83096 
41039 99719 
60075 80201 
96902 62530 
50389 9100 
68677 47633 
76595 17469 
4870 89998 
36222 73727 
86033 26077 
65858 54515 
81967 17026 
45314 8495 
87447 16318 
13875 30886 
84091 28737 
88897 96548 
30807 10144 
83363 15927 
68133 13029 
3480 97792 
32849 91500 
69996 25457 
18382 41212 
47637 79071 
83804 64664 
85917 65536 
9666 20373 
71548 49768 
22399 35596 
67757 16248 
60720 36630 
69071 28220 
37231 78118 
31444 93352 
56322 33391 
47101 89345 
85536 41544 
21058 50720 
41690 93772 
71992 68862 
45353 81424 
24007 11449 
17677 21315 
77791 24500 
42119 20015 
49771 40516 
90260 38142 
46076 79595 
15688 68155 
94506 96896 
52854 44684 
92128 99440 
18813 65138 
38750 28015 
4955 10136 
17241 75813 
63084 18274 
50508 94437 
35637 87766 
11907 20046 
53360 48740 
90986 37662 
25415 74226 
19651 90033 
76690 75382 
45220 28952 
44980 57003 
96285 1581 
36750 93104 
24898 62045 
54347 19154 
24348 99477 
49817 27482 
15602 77673 
30899 95461 
67485 88666 
43276 72244 
65770 32755 
79869 99150 
74545 50939 
22695 41261 
39620 52172 
5762 63310 
68154 97514 
98479 91687 
81319 26000 
48238 66161 
77537 32901 
88108 99885 
62644 40107 
10968 34305 
348 30441 
34989 96785 
11418 52990 
36979 43096 
3272 44921 
9931 94312 
42980 56747 
9012 58289 
96173 12632 
86255 59527 
41946 85088 
78393 88084 
39549 14290 
4558 18117 
66546 56247 
50948 39719 
70053 1180 
68158 93879 
72784 63723 
83466 99755 
53863 9947 
35208 15837 
80693 52700 
69236 82189 
2646 16387 
98528 49632 
29956 45073 
16161 13530 
11893 3667 
69138 34827 
97155 948 
45981 48991 
6398 45331 
4540 34768 
71904 29510 
68105 38928 
2622 28509 
47734 30638 
14153 87163 
6571 89672 
22740 67699 
68007 16347 
39905 25811 
83665 87890 
20105 84532 
19499 75903 
7630 79193 
88689 82621 
923 53889 
58562 49897 
2631 139 
85416 44120 
51877 41780 
85932 22745 
41631 86668 
36733 43662 
8495 85368 
4728 87333 
44849 59782 
49997 23435 
23997 90524 
10291 68696 
47823 80882 
71614 50669 
23417 47310 
52884 13383 
50259 21666 
84359 75140 
52738 88778 
39258 76136 
24155 24429 
85952 34192 
57824 43483 
64117 60535 
28478 15627 
52406 74412 
52912 57078 
87481 95243 
2657 60616 
14660 84103 
63420 83417 
98967 52493 
36156 72450 
2022 55699 
52845 70523 
35017 40461 
36387 12630 
30918 22253 
68520 91830 
40061 26157 
42244 46681 
42492 37143 
65980 98088 
87664 70486 
55507 42481 
17538 91147 
96727 90316 
2639 82112 
87391 24190 
22312 86007 
69130 39198 
50177 21763 
42507 19706 
63719 8638 
17256 1308 
82971 13633 
87490 64514 
57394 75125 
37369 7567 
62385 45500 
76573 49835 
37199 38629 
76891 24299 
94661 64215 
31361 27956 
59651 80368 
85563 12308 
48188 98201 
97085 12632 
81786 27795 
63592 34333 
42848 63601 
22577 37458 
15986 69122 
66542 86304 
27453 35710 
36265 60091 
90286 58325 
51731 52759 
86292 92344 
15425 25228 
67662 29783 
75911 11844 
40797 60774 
70964 24207 
2829 66670 
78980 40252 
37353 24873 
95015 14148 
40065 92268 
13507 93528 
37259 74118 
43582 84505 
80568 78314 
4831 62099 
49860 1078 
51526 83931 
72862 89543 
51490 28438 
74866 79042 
2141 45340 
4785 8557 
763 75751 
44871 76413 
98592 72057 
543 10162 
59076 23568 
84088 89524 
9486 72958 
51381 79317 
22045 90640 
24323 507 
85828 59467 
33357 91829 
33917 10528 
44186 91850 
71639 42330 
90755 1944 
11182 50266 
22576 74303 
55500 91027 
88639 5966 
90113 7509 
22442 9749 
35283 43742 
63076 76051 
83003 86537 
45840 35701 
93336 80754 
22527 83309 
52870 78514 
26295 23051 
4393 99159 
78946 54363 
41383 96393 
49501 23722 
23469 51808 
12070 30504 
9794 39856 
18351 89856 
26005 38348 
95453 23575 
77615 90681 
3333 71187 
97534 61257 
37724 87735 
68834 63921 
44295 22225 
95126 84772 
17614 51236 
415 65300 
94601 75913 
27891 59593 
16244 77357 
72855 30195 
23690 65376 
28786 1247 
75208 48637 
47571 44616 
19057 420 
15005 35028 
33959 93544 
20862 73559 
53666 30408 
59226 45364 
25004 99723 
29235 47134 
9822 50161 
18951 92548 
30447 82963 
45852 79849 
75500 30528 
96238 84679 
28372 6020 
52850 23446 
54165 80257 
25069 17737 
82593 66450 
99323 78681 
54086 70808 
8629 21665 
54292 97571 
79718 16433 
48166 80760 
53756 75357 
39041 51714 
92408 83541 
20299 41442 
74838 78434 
57750 59894 
63218 93745 
39275 90425 
64403 92709 
55033 87046 
43661 29144 
26244 64532 
52693 91223 
83525 26957 
18652 2535 
6758 88992 
3465 77747 
77648 6053 
83474 56053 
63401 44382 
18300 64641 
45367 90161 
74740 96469 
30035 17999 
46677 21960 
31419 13401 
65145 92571 
93658 71308 
24082 35692 
30565 73343 
56750 84991 
94910 80093 
85413 38028 
54350 61574 
32577 83889 
43232 28968 
25954 97551 
79907 23800 
51275 54864 
87690 66873 
7178 82231 
34317 68654 
94625 18509 
9490 55205 
29641 33118 
93029 69317 
2646 13971 
27193 65232 
20247 11631 
95870 27114 
56078 1930 
30647 6403 
6131 8324 
9155 91221 
90987 7379 
84650 92231 
72442 26021 
87411 53620 
55285 27592 
68366 75361 
26278 75219 
13230 63445 
41908 55676 
41497 8477 
14051 44636 
18774 29859 
58423 95099 
53244 12687 
64536 34810 
17438 7608 
17844 65571 
35054 60022 
54883 67628 
99192 84377 
60399 25696 
43187 1699 
21840 9676 
68118 14114 
41032 62752 
42101 98775 
65473 72312 
25654 65434 
42400 25018 
44683 36848 
17627 76340 
28065 79266 
98125 97022 
50338 31432 
72418 94177 
71654 54873 
36080 43104 
46952 55655 
994 7414 
84224 8387 
76455 69692 
67741 46919 
97858 42653 
26326 73005 
44389 81671 
19003 74161 
30999 73506 
30773 34973 
81924 33243 
19802 72354 
93100 1661 
33979 24516 
69040 98664 
19568 75897 
76104 54891 
77599 5844 
88552 13253 
84670 7522 
16376 64910 
84014 35376 
94620 60061 
69936 4369 
82756 12951 
34162 82324 
69650 2589 
16172 87866 
4747 55973 
1235 30778 
79340 88951 
39670 9052 
63112 71378 
18754 7431 
60644 77865 
4732 25992 
90148 83126 
86550 4085 
2424 61872 
95223 94910 
51898 57148 
43142 89080 
3536 88166 
26174 81697 
9568 78944 
58063 26790 
18143 2423 
61436 25423 
82416 51250 
22608 49310 
23002 66037 
28423 10501 
59377 74675 
42558 49502 
66487 22130 
45934 29136 
31690 99192 
61372 89516 
84139 10741 
6093 40706 
43792 59373 
67370 43937 
90474 58587 
76406 59717 
84749 31265 
63419 21705 
81846 93774 
12961 28961 
67479 73794 
2650 35931 
10107 60860 
781 59537 
68051 42579 
18700 15766 
11847 36655 
62344 44351 
22302 89067 
4020 79462 
2966 72154 
293 76763 
2056 82856 
14737 12751 
73355 10979 
65350 30995 
18208 20119 
5616 21700 
41443 59749 
65436 85964 
22926 5997 
23608 54175 
53380 10732 
57036 99163 
8256 23875 
13525 9056 
36619 42201 
84807 62239 
23377 29410 
14335 77337 
42669 46872 
60446 94909 
57786 32219 
49614 84264 
38775 63806 
96846 58851 
62667 53105 
40650 26644 
33296 14185 
38541 98217 
7724 69721 
95739 24463 
44552 66333 
54463 38391 
95723 88556 
54159 30962 
47889 80392 
84026 99665 
82034 6133 
88363 70304 
60750 8021 
52553 7439 
71413 47324 
92895 96977 
50495 47533 
97058 5606 
89310 93644 
13546 96072 
74759 79841 
68405 4759 
49955 39451 
95263 68575 
89088 35613 
853 21857 
68500 38906 
52336 70819 
81644 69026 
65004 92996 
89467 31617 
89369 2231 
19720 38508 
45179 65915 
28785 59826 
26551 60518 
17859 19862 
7217 3896 
51662 15063 
7752 8425 
62308 2151 
47741 57679 
33585 77121 
94947 21227 
51610 41753 
40875 87041 
76677 33278 
77494 9062 
38065 74964 
23457 38691 
78715 90635 
49777 33277 
79854 14540 
84743 12095 
77045 19457 
35728 60912 
38569 80575 
51624 69898 
14676 90434 
63746 26464 
81937 41098 
85381 74570 
812 93717 
20533 95072 
76476 62787 
30974 57917 
63090 52653 
37350 46268 
79880 97187 
84899 55106 
13788 70083 
87224 22430 
67870 52819 
72622 59830 
77273 70114 
96610 11079 
55298 28578 
51597 82271 
50944 23241 
28 55159 
96256 8809 
80903 16484 
96951 67715 
91194 10445 
72963 45440 
23497 48865 
86944 65054 
49152 94216 
8194 77588 
72104 64312 
47117 52574 
42932 94332 
61009 63993 
14771 31754 
75825 80844 
43243 32862 
90569 28713 
81079 75665 
31023 48947 
94721 3399 
97772 45427 
35052 65211 
9810 75440 
27239 26199 
79510 10772 
5760 77670 
67322 67907 
9816 90293 
55280 82085 
71642 17771 
47267 78990 
75606 76713 
50942 79948 
39560 99586 
21341 61793 
71522 81954 
49372 80919 
84605 22612 
59807 62545 
10973 85847 
42782 50855 
41662 98697 
80500 13421 
33264 32941 
46470 94199 
64756 11439 
48520 13398 
98149 21577 
58774 19635 
95200 14701 
23876 10058 
69060 19766 
76980 47498 
4538 1889 
79358 20199 
63540 52014 
3967 9324 
3333 2625 
35893 52174 
74374 26255 
5341 14941 
31785 88458 
87651 17828 
89950 95009 
1832 87481 
73209 94259 
14171 46940 
67363 69916 
6715 91713 
56389 86933 
1770 42039 
36771 33789 
43022 6082 
37816 38095 
21500 36511 
40522 19321 
312 13842 
79839 82344 
35924 43866 
35574 48594 
15764 13684 
65727 67786 
31966 11063 
12709 52514 
89358 75240 
17669 30434 
2108 13795 
11077 14341 
67907 89853 
8734 49130 
21207 56599 
31564 6423 
57711 92014 
84784 62641 
91178 65707 
77515 14298 
50595 51850 
37380 55550 
50824 87517 
76323 67294 
73101 64043 
93681 44598 
73078 30576 
60395 19771 
93590 83597 
14363 22110 
96915 13956 
11019 52142 
47031 83815 
15560 38149 
66204 9943 
93640 85816 
62235 36897 
55856 28035 
72766 93889 
38069 31210 
1302 42537 
54330 16876 
25905 39153 
42128 12956 
46050 54921 
30693 57745 
95671 19997 
2263 41455 
91185 83504 
83497 85147 
2129 10349 
99623 24919 
28982 67968 
47467 90415 
47896 91301 
95135 41036 
35239 52741 
95948 50679 
16209 5248 
12087 12396 
91280 11482 
79499 68043 
81792 19560 
9725 54832 
1757 96903 
16628 614 
6789 87665 
76395 92802 
93026 16341 
77715 92030 
19031 20441 
95733 60962 
1866 58447 
28103 31110 
94889 5816 
64430 36066 
89294 21406 
21403 98287 
94001 39445 
65069 68333 
39257 18061 
59012 80452 
18113 54380 
22578 6429 
26955 58339 
56861 60849 
91328 62605 
97784 35193 
66563 34372 
85418 15676 
83998 46330 
96606 70260 
73126 58691 
73944 74007 
27550 61948 
98395 78708 
98375 30906 
95042 22707 
92499 44524 
31933 19886 
25252 33242 
70490 62954 
26917 25725 
52610 25547 
30894 80324 
64390 50019 
77622 3069 
99296 63439 
52838 73622 
54644 72951 
41351 23398 
34425 53490 
18235 35915 
98770 55798 
18192 68446 
95798 30722 
20809 26191 
35075 87004 
64526 55408 
13630 74049 
55357 60361 
85203 8636 
67762 90401 
71354 45082 
44525 88179 
49072 22059 
90106 37691 
13694 6099 
17649 1765 
8217 91730 
53666 92603 
30526 11305 
26423 76105 
78547 53713 
64112 70973 
70046 90534 
7142 66947 
78544 60600 
95209 53067 
59747 69527 
24312 16448 
3913 19437 
81435 44824 
38744 95932 
55372 41999 
24693 4324 
91000 44343 
29936 65159 
1301 8590 
45861 50319 
76489 26480 
5538 65240 
32880 10117 
97424 60285 
25426 83469 
24501 84826 
7367 10028 
45031 81324 
58004 84431 
45316 53469 
15353 16686 
37111 32438 
44261 41692 
42742 8324 
42568 93845 
29561 90060 
37958 96772 
81953 6411 
56402 31638 
53989 63088 
49426 63954 
28635 26589 
51897 28448 
20540 14072 
4654 94320 
98538 30365 
16990 59076 
71304 8188 
62877 48140 
75007 75691 
1768 29576 
25345 96643 
89933 88503 
47999 2887 
1490 44162 
81340 66150 
9649 34098 
53110 36831 
88157 34569 
68868 11114 
80532 34005 
14118 74548 
50388 27267 
64345 10172 
70021 52421 
17575 52361 
26368 48905 
12636 13721 
23575 76182 
72934 11710 
39631 95393 
20347 74082 
50844 82993 
36765 7820 
72452 15000 
11822 74940 
76217 33244 
4537 30320 
36606 80859 
63857 41693 
25988 73305 
98515 29983 
26260 53280 
60144 39360 
49416 63199 
5258 70715 
62771 57247 
31467 89683 
95946 66531 
41261 50927 
66140 25507 
72658 64063 
95852 65571 
50238 63449 
12915 82621 
52335 33980 
16571 89378 
60565 88110 
65271 70385 
56436 85519 
91989 67868 
56404 36131 
81070 40007 
31561 29668 
46955 49690 
41023 90472 
39640 61421 
19143 65002 
64271 46834 
95819 11275 
43052 25143 
96458 74412 
66447 93830 
63571 541 
77659 37053 
65497 62516 
9462 34455 
9433 45178 
45655 31488 
55708 65387 
10815 73818 
38178 82570 
1428 53049 
31625 89244 
59127 58731 
71223 57799 
52473 82503 
21410 59740 
77548 74239 
11930 66671 
9625 7169 
7305 88503 
38257 69219 
52720 3665 
96375 61194 
44023 88549 
50295 48918 
2501 58981 
52050 86088 
96099 95224 
68024 97340 
37931 33786 
88607 86923 
10193 74311 
92447 17356 
7027 67836 
85808 84589 
63387 23940 
62688 1445 
38649 98588 
34551 89482 
53475 1942 
59863 70936 
36353 95959 
63121 47027 
22271 35295 
70641 46659 
60153 41861 
6110 30433 
27944 93289 
82731 38891 
24684 48667 
797 81045 
7394 31066 
9586 69479 
67302 35725 
20738 21717 
94698 35162 
66571 64042 
64622 8094 
81328 93567 
86627 27701 
45867 77141 
1017 6607 
77117 91525 
71251 10879 
62383 38297 
17594 23429 
35631 99054 
60663 58373 
67929 31761 
95154 2237 
97468 47437 
93815 85329 
55929 47919 
49668 67166 
57436 50023 
496 53550 
3926 69226 
43766 49661 
26501 86822 
42473 93547 
26160 78556 
42767 7376 
99303 39833 
72787 50077 
33468 2865 
68761 54264 
37013 4510 
79247 82811 
22785 30044 
31262 45990 
293 27738 
3123 78783 
43506 61877 
37943 89815 
92122 47728 
49051 58247 
12974 90965 
13970 73096 
95265 36205 
27174 80592 
78361 14530 
83452 29523 
14137 68296 
93535 81952 
47208 22979 
91527 87260 
55830 70494 
79727 1155 
33889 26120 
70587 68111 
10081 22097 
27827 75639 
94266 4919 
79168 31855 
12930 10510 
71623 14001 
45796 1699 
67022 84905 
3844 65805 
30154 76788 
95359 86651 
44880 97406 
11070 24918 
4575 22198 
22080 63571 
62420 97939 
24979 887 
94363 98317 
87392 2698 
22965 39953 
44179 57518 
73884 88532 
69626 13548 
88422 59074 
4141 14861 
95329 41771 
45379 95636 
52974 65430 
23126 35897 
9042 44201 
64934 29977 
89044 40135 
25165 69826 
17252 14025 
93994 99250 
94048 30061 
24862 52335 
2225 26027 
18993 49528 
91450 60063 
83785 88257 
94851 97496 
38260 31453 
64638 6765 
73211 66985 
74682 92178 
86289 83751 
27128 3080 
2992 86064 
17439 23885 
63385 46980 
57625 67581 
1303 83315 
31003 66416 
67960 20396 
53445 77873 
55039 2918 
45897 1419 
53729 99838 
80821 32112 
45638 45815 
51292 60845 
59089 59503 
25602 67794 
40073 79842 
92535 45619 
80925 65530 
72869 31980 
21803 9972 
71222 27190 
90137 34252 
68975 22072 
71427 34065 
13842 63580 
11126 73037 
44530 41297 
31823 34508 
99981 86586 
12519 66581 
1847 38040 
17532 81146 
66133 41768 
81402 96569 
95359 23151 
53148 45886 
26110 87875 
78314 7572 
58531 84387 
50486 54365 
74078 87330 
95278 57087 
55774 42112 
59293 25082 
61232 44433 
64129 12600 
62885 15413 
51257 71370 
62128 72920 
87408 83577 
4518 92750 
22106 66617 
71675 99501 
89086 1247 
2216 26308 
21524 98102 
98829 35047 
7388 84104 
11504 94167 
45687 59865 
47974 70036 
76967 51983 
51574 99445 
52161 59976 
4028 75927 
72719 76625 
56060 550 
81937 42614 
62279 19078 
12484 81613 
98439 91685 
98367 50332 
68968 18864 
40903 29566 
70556 77735 
77760 76904 
63642 6632 
41704 59490 
17797 12700 
11426 86151 
39276 67133 
50677 62169 
59428 95787 
3894 97124 
61200 69067 
66603 6491 
47606 44319 
77118 61040 
10835 16391 
82400 54600 
43590 87600 
15390 80375 
45249 77024 
83766 28760 
14654 50871 
10764 45473 
88561 70593 
87564 17828 
80235 23505 
93728 89102 
96203 21852 
17230 36219 
60809 30568 
58911 84309 
58051 11434 
37462 73264 
8033 51905 
20576 35991 
31450 80548 
95461 95840 
19654 57879 
57667 41566 
20139 71296 
40984 92172 
67708 55909 
33189 21126 
40099 9217 
22478 69689 
93520 66940 
97663 42471 
38334 59722 
81560 44837 
48021 76001 
11447 91417 
55609 15049 
93110 87725 
80904 25969 
45666 62762 
49147 93391 
23241 9507 
7127 48707 
46535 72298 
16319 56812 
2406 5380 
4281 52694 
72828 15272 
85318 79626 
35925 91098 
19338 11292 
41264 21677 
63863 23854 
99172 95889 
88303 20808 
39577 83762 
61920 3404 
89717 99661 
97267 22462 
92032 56164 
29476 43630 
33657 27397 
38396 7431 
87150 54033 
75368 67887 
68435 38619 
39362 49087 
2424 99561 
58193 67740 
49378 74824 
69734 31586 
85763 92294 
65307 38467 
52253 52767 
52840 68937 
78458 3617 
20934 86480 
69082 16501 
36622 33699 
89422 20806 
89397 40330 
19489 86042 
2000 39440 
55465 91044 
64486 21914 
24855 65571 
12252 46108 
47382 40777 
60987 59534 
17528 99050 
31935 82445 
6611 70810 
49371 49457 
82368 86149 
68861 4589 
22233 52538 
99680 97597 
52889 96369 
17633 35008 
83067 75687 
25605 97978 
9260 44259 
8277 50898 
64643 22975 
44787 29610 
50434 13610 
88464 16193 
35808 72068 
96349 78416 
37670 43525 
92852 76329 
94727 50230 
81674 15860 
31714 14247 
78061 59888 
69060 92053 
19452 90909 
70903 95639 
26789 56288 
40063 75665 
30998 16970 
62459 46211 
49595 63634 
75389 37794 
96879 60446 
84239 75580 
37860 25884 
80353 93095 
50834 62552 
19205 8251 
46435 3473 
2424 8114 
2036 51026 
69881 11617 
9512 46527 
48715 5288 
1691 23382 
25065 76062 
18202 64811 
1226 97382 
94985 8340 
76049 60061 
13368 13555 
39623 77723 
24424 37083 
4639 38172 
72209 39295 
6296 16662 
75542 80964 
90206 14793 
92113 54868 
73485 39620 
81030 37329 
8065 91604 
301 37707 
97222 87125 
24276 70070 
16430 1552 
42773 70576 
67863 82235 
8341 36565 
54211 47298 
31073 68875 
91971 55722 
81392 57649 
96930 6993 
50388 63672 
65328 4421 
34598 12236 
43006 95297 
57493 34593 
21817 83130 
13507 63257 
27692 92506 
22070 11709 
67967 55449 
8927 46538 
86912 79704 
89900 90568 
37910 53957 
18315 79267 
18278 42805 
71456 29504 
28517 25104 
93700 69685 
11542 33400 
84407 23372 
99490 59221 
17147 34647 
45757 99280 
3549 72846 
48153 31036 
69786 56688 
75407 22533 
96683 93415 
93737 1082 
85414 37242 
52777 28114 
49950 33230 
30902 53389 
4693 27647 
58818 50763 
11137 93931 
37266 69855 
70948 44582 
39786 73171 
4483 73601 
44715 66682 
33601 1570 
71915 73285 
95481 75985 
9253 43272 
50230 13201 
1382 43640 
9208 55115 
39160 18967 
3291 53695 
31847 70607 
30691 89487 
66217 58029 
72508 76471 
56812 86453 
40824 4915 
69776 8248 
28951 26335 
59087 32099 
66356 90228 
88430 3575 
41809 953 
24607 93467 
47465 74922 
79051 6160 
13889 43234 
42888 99309 
51422 62932 
7970 88192 
86838 71265 
91363 93408 
85887 41647 
84047 78929 
82124 77447 
25885 19039 
90318 10320 
68420 27318 
68770 53462 
24654 78584 
9043 97008 
20671 55578 
73876 22721 
57828 56191 
74481 58188 
66203 4153 
76931 86931 
80095 16364 
54049 80175 
94574 93417 
53939 18410 
68463 16380 
39264 26509 
23559 52521 
62371 54812 
52539 95419 
80545 421 
88706 90783 
82953 77887 
9555 28304 
96247 16544 
43159 11996 
59325 82920 
21419 56731 
9437 994 
77496 97057 
1558 70489 
16043 35892 
90920 63968 
94368 5304 
44572 17190 
40226 59370 
12043 14000 
97687 69945 
77448 6961 
36345 50209 
35777 8014 
81141 87982 
84671 29642 
20132 31033 
99617 56310 
25799 30013 
65304 78431 
81796 11127 
68784 26636 
41562 20301 
21106 2851 
57752 53347 
63272 16471 
12242 62506 
29631 98890 
45234 8767 
87245 87678 
29023 11466 
43301 42941 
57045 31945 
14291 82644 
22067 16420 
80476 1191 
38719 14702 
7063 66071 
25047 86067 
99544 71093 
95357 1301 
74823 61546 
32352 50841 
72037 36566 
399 72924 
97381 77033 
33747 22806 
95790 43564 
83608 14330 
68983 38422 
36240 78552 
14168 27653 
20515 585 
40622 75295 
7930 15487 
32360 50230 
70612 66762 
64328 28019 
3604 56911 
46773 25045 
36541 48493 
67915 70337 
56835 6270 
28528 41636 
41546 6270 
13734 66581 
48365 75979 
27084 17351 
47473 71381 
19917 7642 
85520 41191 
84999 34567 
60551 76374 
47657 94863 
52442 93931 
79842 44772 
97255 57940 
83017 65963 
15885 97950 
34281 46132 
7483 45104 
66792 82158 
96350 69724 
60354 66195 
77344 70616 
50942 20607 
39333 35961 
28942 6366 
58796 68431 
85110 41333 
46428 43028 
80456 29801 
98418 45172 
61740 22739 
51079 18670 
17762 99348 
62572 38463 
73303 84894 
48720 11429 
47351 97191 
81224 21 
60168 44692 
16093 58140 
59774 82827 
57688 66409 
52604 72055 
79488 54897 
65353 71022 
16564 5319 
35458 41302 
16687 31896 
26194 36377 
87125 50304 
89005 96829 
2369 57513 
50507 76165 
44428 61823 
84485 77253 
31742 22044 
40248 88054 
55416 77505 
37866 67132 
82172 76468 
8112 44377 
2261 39520 
50314 70441 
97572 26646 
4879 69579 
80239 11947 
88914 24902 
5314 8328 
23129 52485 
92374 26020 
86146 1350 
436 93372 
68355 50030 
88144 16169 
61628 57237 
56902 2560 
13475 64090 
18494 34710 
94653 38448 
50687 25404 
77762 98055 
4429 58107 
1022 48545 
4449 72327 
96217 24785 
41457 22678 
92701 29594 
88557 9618 
70387 22592 
87144 52643 
23813 23711 
38234 52546 
16653 60885 
4040 68402 
51469 9465 
71590 17024 
52999 42118 
55253 87933 
64983 32282 
18301 55216 
90280 31684 
74932 59205 
61949 72994 
93710 25476 
19006 32399 
60920 86490 
74729 23662 
78103 72008 
7655 85210 
61850 38473 
75846 64829 
85937 14644 
53523 2768 
55946 51040 
15807 63329 
34780 74121 
52150 67513 
43791 62644 
71868 34804 
48732 83256 
76308 50909 
2340 45137 
11262 40062 
56083 59404 
80593 35459 
72427 17954 
97399 9424 
65994 38597 
72611 46163 
77041 58548 
92553 14189 
33936 96743 
16801 23037 
92641 46956 
35567 29372 
50691 8288 
61892 91348 
20765 7402 
98065 56845 
14640 17720 
8006 11195 
32203 34806 
47711 3025 
72136 24317 
54448 13092 
81006 19110 
72016 30251 
35713 5522 
94166 51174 
10585 5304 
41220 25988 
14896 29340 
45922 30686 
99174 52037 
13750 59004 
19382 31137 
40174 91374 
16920 76713 
12782 16647 
19354 55253 
99698 53448 
91868 99956 
27422 42386 
72700 86795 
80951 57723 
7100 27338 
17010 17730 
53896 24020 
67200 56607 
76299 31257 
22078 57687 
44318 66689 
29434 37567 
70010 20865 
10465 13892 
68756 20778 
96066 85701 
89845 12923 
12117 4546 
87888 44955 
97452 17080 
12914 41481 
21070 15312 
81485 89193 
76227 39485 
53750 69277 
68154 40301 
82110 920 
79495 22180 
15970 88741 
92910 57300 
44074 99098 
73865 81368 
30970 25489 
68262 56364 
57422 41615 
49371 12968 
5891 82215 
56427 65933 
41707 36385 
3271 29351 
28144 85850 
99616 45603 
79325 71550 
19758 81680 
98745 25895 
74004 39691 
73165 65165 
86586 74491 
91725 96812 
60519 10746 
38355 59765 
14637 4155 
61900 82365 
10939 97123 
62860 12199 
51436 77872 
48235 44798 
12826 63798 
96692 54131 
4630 94817 
45103 6744 
81812 40518 
54517 23584 
16459 96103 
38670 38764 
34749 66472 
41406 92932 
55215 15178 
30704 90385 
22239 85594 
36497 43720 
14722 85319 
97043 27549 
24063 61641 
94353 63706 
37841 85846 
53018 64350 
36020 7209 
48753 66524 
5024 33706 
23067 1964 
1696 45797 
28705 59345 
53927 52064 
36832 12642 
67676 51081 
21435 8929 
21098 72541 
98982 31673 
65712 32533 
42120 81474 
21759 52749 
5046 45207 
50376 61522 
95132 56630 
8696 15742 
514 86816 
45685 57040 
36557 41087 
76269 43056 
5462 80701 
79256 75196 
72754 32112 
567 77941 
51988 94416 
7460 71616 
54726 6447 
31711 20458 
6705 89022 
60130 30886 
53057 34931 
79330 21065 
75569 79541 
58310 82191 
23188 48261 
57224 4334 
13297 43611 
83585 45275 
95804 4269 
78229 79442 
84651 41235 
2481 75873 
52081 32110 
15292 19080 
49854 33509 
74478 4751 
68575 53751 
69788 13413 
71385 13216 
97127 89502 
41504 8151 
13082 30735 
64445 85192 
66809 23221 
25207 28526 
92350 41465 
38343 59335 
58633 69226 
44525 48082 
16687 87117 
1071 44164 
54000 15939 
65884 34618 
64508 882 
24333 53807 
69341 71088 
36842 79376 
78252 11480 
91300 66316 
64554 39356 
28862 90542 
37428 86902 
74344 96201 
34646 52632 
43081 66776 
25988 99688 
15033 69056 
13106 46984 
63837 51178 
35066 20400 
3636 11202 
40505 5523 
69727 91058 
67085 70896 
80416 92196 
76870 11269 
36950 53923 
32262 94082 
5973 83135 
61316 79182 
94710 75059 
53506 21755 
72893 18613 
47471 61488 
17441 37100 
20745 47195 
55992 75252 
68204 45440 
63620 6975 
60683 34134 
23392 4669 
8171 87659 
95934 80632 
13012 18753 
55718 83792 
87692 54200 
42566 10913 
29091 86344 
45663 70402 
86483 60464 
84368 18989 
34104 29274 
75210 76800 
60754 30125 
77679 14725 
18721 17897 
92746 99480 
32178 17189 
47567 76394 
51272 41046 
37363 67714 
52274 60335 
11248 65093 
26445 97765 
