97618 21792 
58245 78539 
65748 23412 
10274 3368 
50057 79739 
2728 1720 
60044 14211 
39479 44136 
16322 58969 
65549 21017 
43169 65720 
38103 95444 
65456 99815 
64515 26294 
25623 31366 
41581 33329 
55176 66220 
25341 43994 
32210 91751 
84519 82893 
31497 47675 
42252 39171 
26958 70477 
90547 74515 
37642 1541 
69842 15045 
17833 93692 
42057 4027 
79500 98651 
49699 79210 
1009 68719 
45852 78484 
19898 60080 
324 70637 
29456 82186 
35711 54194 
98955 97973 
23851 66619 
15627 43027 
77888 98610 
2781 98318 
8083 13789 
2986 20756 
70569 32760 
27784 8571 
27365 52363 
66166 54405 
53291 35838 
12865 17999 
70806 27741 
24505 32501 
67343 18595 
36740 43651 
51366 8603 
78734 69503 
33169 97183 
2687 59840 
74326 55652 
5586 29052 
35780 24080 
57953 34027 
68651 10139 
70080 69458 
34204 57744 
20110 56998 
9770 96303 
40258 11795 
35971 77634 
7612 80227 
87278 56881 
14130 55999 
2665 76237 
96826 98308 
96092 65818 
93604 95364 
77549 84748 
52793 39360 
54551 87321 
65155 4820 
51288 14037 
6002 51281 
78007 75401 
72007 3391 
6774 17541 
72419 96751 
61394 33033 
87587 16216 
9073 7741 
39063 94873 
49307 75091 
25027 86531 
31516 82829 
62368 72339 
97109 64182 
42468 12992 
33945 45248 
51620 12016 
51566 13531 
28933 12745 
34121 18709 
34719 11843 
4540 76053 
80549 35624 
38329 95349 
28536 91919 
98248 63751 
1859 79857 
22173 69661 
61139 12693 
85609 66588 
92020 84700 
77598 40836 
18134 92126 
74188 64966 
615 362 
67141 90164 
10412 34727 
7256 54950 
62889 60620 
51424 65126 
85542 10350 
60481 30396 
49128 8521 
80925 26827 
30102 45649 
57765 91092 
87994 50557 
68011 42402 
35185 16067 
34748 71093 
48532 39699 
80283 29040 
22369 51265 
3482 6348 
90662 12692 
21222 81267 
52410 91875 
96803 85792 
18889 31987 
89160 38131 
63912 60466 
95918 55034 
99006 7714 
30600 71917 
14260 34619 
69702 66769 
22564 79 
28891 5052 
20062 34995 
79252 97076 
28860 27577 
94273 86824 
19381 66289 
26187 71723 
19226 31416 
46315 86567 
3012 73968 
48219 71636 
23361 71532 
4755 84943 
87075 4669 
90522 11664 
2501 54600 
29762 69968 
24189 83164 
6388 11773 
99164 19420 
77633 69425 
75490 43766 
65716 4831 
68259 30071 
62942 76295 
90764 79082 
74830 50103 
49305 52232 
43152 48856 
68952 93994 
36141 46610 
64544 13047 
66717 92082 
96306 77762 
1185 65485 
52698 69935 
50679 51999 
84441 32135 
95533 45474 
73146 38733 
78773 79611 
55575 18373 
19106 20717 
40279 56561 
36071 46067 
47200 11051 
50394 74947 
72810 79799 
21168 15686 
33456 71562 
8108 41256 
67785 42567 
1924 8496 
85490 79175 
48776 91565 
34088 26110 
5789 8920 
18031 82577 
3794 84938 
45176 14452 
60715 2247 
94488 59758 
84458 68874 
95833 36741 
27681 45541 
87797 99148 
8482 52734 
72699 21650 
90836 4614 
19319 39890 
26520 97425 
73331 14242 
96284 13710 
23020 34139 
52218 90500 
33589 30681 
55521 39550 
7232 19280 
24295 796 
48074 51176 
54545 56356 
11231 12958 
54182 31763 
93418 76568 
34654 63516 
78919 68803 
37724 17626 
89173 98920 
35934 2525 
96863 55745 
34477 31508 
56072 61528 
19480 54833 
68968 48815 
43093 99667 
56418 8732 
9339 27251 
25031 44313 
26325 40985 
26382 50915 
20200 56558 
85467 37234 
64166 75844 
34965 95087 
61860 89935 
29446 23861 
38631 73536 
29387 16440 
36455 22878 
38734 17381 
78705 32344 
51681 71272 
69494 1240 
14475 89454 
18962 11433 
36243 76654 
40704 19010 
89205 75592 
50386 58704 
23115 7254 
5699 68510 
81344 7264 
66895 3728 
46765 84689 
24492 24622 
64447 58596 
36096 9930 
85117 59807 
37865 69694 
48470 20579 
47771 5132 
78619 13279 
57610 90774 
95321 40654 
18631 34624 
54095 24910 
61664 5794 
15952 90580 
56830 5891 
13152 87032 
10142 368 
21282 50468 
14778 19126 
69915 62405 
23295 81822 
24183 21877 
83744 2695 
47852 11977 
87403 82115 
14823 7854 
8791 97672 
70441 42928 
79618 66278 
56617 22818 
27533 60593 
5469 52371 
27773 28019 
75054 20178 
61255 78573 
47711 67099 
46180 79138 
36669 50561 
11881 15923 
49756 4780 
13416 64377 
40424 88565 
43344 36403 
35760 6981 
83133 58367 
68760 90907 
50832 70264 
57865 19414 
43891 26293 
70591 73865 
46465 20205 
80083 19802 
69038 54936 
73501 22907 
14884 25398 
99376 18737 
22654 85709 
47417 72390 
17297 27714 
38732 83946 
12564 6361 
67013 18227 
47473 9291 
71969 63335 
6451 82950 
45120 51413 
68219 95594 
65062 7210 
52074 38761 
34398 25286 
81843 43087 
43738 15062 
67603 11786 
19554 94439 
13127 55689 
22114 57320 
93106 47422 
47341 88150 
8314 99118 
52144 47435 
19178 8011 
66639 6233 
78644 7297 
78635 64720 
33744 5885 
75856 50201 
41932 99934 
9607 53306 
53055 91533 
99926 27621 
40721 55447 
36746 47624 
27872 53547 
44175 92567 
40517 8341 
65742 99798 
40880 11984 
97303 10051 
36624 65206 
41245 9334 
36328 11776 
80772 57320 
23097 58460 
76236 80506 
47915 47845 
66843 99925 
2319 81989 
20553 57821 
15948 78544 
12538 5434 
38736 77805 
28358 14959 
9769 9084 
81795 82693 
85241 67893 
9298 97574 
96490 51573 
53080 59516 
35749 50362 
73124 45354 
22027 93314 
34710 36709 
82457 4046 
2547 43717 
95466 30001 
35178 81298 
81313 70705 
14084 80554 
92771 45459 
60712 46867 
54217 8962 
91666 8387 
20848 44558 
37372 33895 
81458 39108 
2768 37351 
7983 70948 
79909 27981 
62903 22928 
31835 9379 
11672 66261 
54692 78834 
51465 47684 
90761 28991 
59848 52410 
8940 7952 
87356 8391 
91192 51060 
66536 43627 
63533 57838 
86639 7536 
88419 50971 
87941 19895 
91674 20685 
62605 16371 
31622 27541 
9984 18394 
30660 9386 
83480 66925 
80234 14100 
83311 24611 
99034 58782 
94983 68883 
71191 98126 
46779 69765 
16368 70032 
61247 70452 
46831 74821 
5446 66167 
47974 35991 
2628 7382 
78213 85015 
54069 37168 
21770 10493 
33904 9256 
43609 12802 
62138 23340 
89595 9430 
31387 57213 
46959 43280 
61449 71520 
30231 56505 
82468 12227 
86022 5797 
2238 38358 
16392 11572 
96097 58090 
5016 53102 
68901 65024 
92947 44433 
77735 28240 
91501 51763 
71292 4693 
38654 41994 
97265 10576 
2271 84280 
52638 9469 
8653 61664 
3409 49395 
28020 88250 
80078 8373 
79997 68896 
63138 88593 
31551 82999 
8831 33048 
47484 21750 
29613 25280 
19293 59056 
36032 72811 
42044 90381 
67159 67935 
30890 30867 
85225 65698 
68970 24328 
86792 18249 
56624 78142 
87557 57146 
88234 5508 
70819 20805 
17449 26215 
50654 82945 
84171 49797 
90013 49712 
67387 40821 
31234 58103 
96785 45097 
41898 26366 
3066 37669 
52438 78273 
11956 38765 
63643 87444 
90154 32207 
31915 65365 
32792 12316 
98093 47303 
41457 79977 
11674 14006 
79421 6265 
16435 23905 
6458 82929 
5709 20466 
89461 83023 
26042 22409 
57046 62112 
6422 707 
16448 40725 
16984 95586 
79205 22113 
15859 29193 
48491 15876 
25737 25177 
5444 57638 
92771 55089 
94403 37720 
19596 93356 
47711 77633 
31513 77510 
9594 22210 
30323 38416 
15570 47333 
13807 86443 
58977 18475 
90525 13838 
29402 73620 
99377 992 
39156 45677 
51296 94875 
63403 84093 
46466 61585 
7167 83142 
84622 1790 
78131 75240 
78269 57779 
88032 1657 
99084 33893 
27384 30087 
36275 98315 
58395 48837 
22355 33512 
49155 30741 
86555 55045 
28498 26427 
29023 24052 
75454 16187 
69991 37393 
69774 22452 
17238 91258 
20739 60760 
12481 78977 
60321 86101 
62722 1855 
33736 73658 
36122 43030 
45507 58221 
3633 78671 
22409 44901 
37393 78279 
35993 95335 
34819 76417 
86851 88121 
23350 81895 
90429 50057 
14960 27232 
19844 55574 
21850 51184 
55085 95797 
15129 50169 
59884 25770 
6829 30636 
57695 8659 
62281 43723 
6404 89102 
4625 85987 
77760 44402 
56178 5582 
31983 81868 
72391 61923 
40602 73376 
63287 48706 
51302 44091 
64594 5086 
7408 61310 
16135 7903 
31601 1497 
28626 58996 
58553 8844 
71672 56020 
54420 97074 
95529 62551 
92441 87699 
7126 73908 
63379 22581 
56868 8738 
87164 36382 
56892 43290 
57762 25407 
43760 45194 
97210 3293 
18947 56673 
16673 91171 
49060 23260 
82510 50161 
84326 63455 
63542 27445 
58749 27167 
92078 53661 
68162 96355 
5714 99000 
83512 39999 
49513 68133 
45814 47311 
8926 89969 
6540 28067 
12625 37278 
22592 86993 
91412 93296 
88558 50338 
4465 67726 
90598 47064 
47404 52894 
96108 24562 
37995 2361 
51200 9326 
34807 8869 
44092 6735 
81702 56308 
6647 70908 
86803 21230 
68593 65532 
38385 3456 
49357 79620 
32150 72456 
70999 58372 
34409 26416 
2372 58615 
33948 74316 
99428 40723 
41674 67805 
89511 64518 
81632 29339 
58484 65319 
79571 45746 
38735 48134 
95957 22315 
63356 52915 
69192 21468 
47232 11901 
31750 42223 
79276 41211 
37060 31912 
61748 83215 
88178 59979 
12342 43614 
90634 25214 
52664 47767 
61317 12383 
42739 74444 
12871 61974 
85360 12045 
98769 67675 
16364 22252 
48104 70183 
17351 89125 
41108 73072 
35863 77882 
76489 66724 
74738 26901 
59913 9684 
17112 48905 
99312 83306 
86468 22900 
27151 5203 
2148 17088 
82400 59748 
79936 94810 
75683 79754 
44562 20523 
29906 92492 
66432 865 
35656 25288 
8382 67060 
85748 51237 
69956 29240 
56539 43929 
46449 10687 
84942 1585 
77912 577 
49585 95644 
49307 47493 
2124 96586 
17199 52796 
10467 30641 
80627 12866 
69498 25083 
84220 2332 
6865 6875 
40172 86547 
61501 29737 
82309 929 
40765 18064 
20323 37202 
68430 32624 
45107 32141 
20238 82600 
47185 63137 
6311 31303 
49400 16674 
461 68738 
22279 10804 
35266 53235 
45929 20716 
78753 56469 
5849 77737 
83653 81451 
61687 86388 
53378 61456 
7785 31560 
238 89352 
52228 28469 
80900 71426 
77191 1702 
81658 47548 
7494 66515 
91835 70416 
6602 25466 
47464 90600 
39681 86538 
49384 51249 
91879 55097 
59978 56581 
6659 51361 
60994 41644 
13780 57467 
11259 37339 
49456 3814 
77537 94349 
32238 63052 
24423 2336 
47332 31886 
39842 16675 
9358 45813 
41595 83984 
18949 89996 
57375 39841 
2142 40631 
95745 37341 
23158 95512 
28815 53505 
90965 29941 
88697 12077 
37917 44656 
39293 55876 
34812 56205 
22549 99585 
20855 16948 
94068 94805 
69302 41855 
56786 43139 
79998 62316 
73400 236 
88496 23359 
88354 23988 
8178 90025 
18379 33408 
76524 31041 
76949 61272 
59625 3550 
82496 3206 
80038 71301 
62795 88652 
72281 50554 
8694 25048 
37503 92878 
49170 95544 
64327 82093 
16690 22696 
6347 43789 
46958 45861 
58461 40197 
10318 98380 
53988 50586 
3479 12124 
12424 17971 
39660 21641 
3745 76580 
62866 87866 
59301 61348 
77741 12255 
51655 40666 
30262 66193 
86110 6644 
96544 17662 
95214 3386 
37096 97414 
4194 73041 
52109 10263 
40046 51878 
29699 63614 
89928 54164 
13490 54992 
75531 40352 
28542 33065 
99267 77862 
95331 22547 
35397 67720 
30343 82375 
84636 28354 
78826 48669 
84294 99047 
50319 99253 
67692 49882 
30830 64873 
96365 62428 
26849 3788 
46463 75993 
55887 50994 
16835 77970 
35805 51130 
40386 53610 
40936 84976 
22630 488 
86832 3464 
1754 56025 
77471 90255 
23031 82574 
98823 84168 
47100 3951 
70912 6163 
66406 89673 
76874 52045 
87010 38782 
71948 31714 
43999 23804 
37969 58523 
57908 17192 
89634 18186 
6828 37581 
57669 75705 
84311 21220 
70993 10867 
36682 45148 
35073 8172 
25074 2989 
56895 65381 
37240 61702 
98306 26419 
82141 8172 
48975 88960 
36333 28211 
97808 84815 
75321 47386 
47364 82071 
15363 2996 
59695 11993 
11594 9616 
43981 80778 
6880 26797 
96435 86535 
2480 36838 
81178 25233 
26364 92981 
97137 35865 
7970 3961 
10476 4693 
29187 79511 
44689 21231 
10540 73251 
11178 54436 
8811 24344 
32028 96664 
47772 17347 
53612 4989 
77205 50874 
74805 54815 
57081 30044 
16780 9040 
93518 75069 
42706 97545 
11083 68956 
95169 96437 
32013 50956 
56693 94176 
47101 99219 
54495 32659 
5280 36069 
24443 15279 
19339 32352 
21146 81148 
83748 83524 
11237 54902 
27232 79451 
15085 94898 
77502 92347 
68570 79115 
98489 62819 
60985 87687 
71431 72705 
67751 63777 
30348 55196 
37357 60346 
29716 7668 
10751 9406 
17552 40728 
48437 82453 
10677 18163 
15569 46042 
20566 16804 
28603 54842 
57990 62739 
98389 66003 
52556 80914 
14074 3323 
59299 28797 
99772 47415 
88630 71660 
41679 78998 
88226 96919 
27179 56409 
25875 58070 
59434 65566 
70804 84946 
11060 40883 
47692 96337 
58721 19002 
42349 3432 
96800 53704 
70953 98156 
62810 90016 
85777 79122 
19768 68259 
79486 79758 
31507 4667 
67391 28101 
35747 74232 
72419 85824 
66683 3521 
11154 85243 
4011 66502 
80883 7382 
28457 64765 
77455 21601 
45301 65056 
31594 37858 
96791 61643 
37392 6395 
21985 28804 
60844 36402 
38271 29615 
58584 95217 
12647 51181 
7386 92633 
62836 43637 
43525 51105 
78395 50444 
37764 11958 
80214 30937 
86507 30131 
43125 92533 
82578 65581 
90844 69690 
40110 88128 
35034 9405 
87205 74368 
71036 48978 
7287 90215 
61625 716 
5505 20685 
37149 90425 
63 29748 
15491 31758 
90013 7372 
98534 56898 
30848 88342 
33123 65525 
57127 7977 
34031 98670 
27394 93602 
54016 91812 
30839 77395 
51759 12424 
87405 56214 
52355 41229 
93481 17060 
16989 13499 
13820 93014 
38509 97028 
97040 13819 
57853 46768 
96776 67706 
52638 42623 
13534 96640 
83653 86529 
33279 5843 
97657 7703 
27975 80280 
75542 813 
586 65724 
83822 834 
2427 90077 
34340 80489 
24326 71851 
82216 41413 
64689 86974 
95253 58563 
7364 42577 
9390 28907 
100 36952 
44250 70055 
10431 68588 
90427 12226 
49993 93979 
95885 27858 
532 23869 
72698 47148 
45316 90644 
17302 14947 
8154 15783 
87573 54679 
28925 55595 
8215 18357 
59277 5906 
82351 18232 
45075 1933 
71610 55293 
73220 58265 
69679 82525 
99614 55700 
34943 66784 
42322 96612 
66724 42082 
19413 18605 
6600 79259 
34484 77384 
21356 32235 
64524 84118 
77379 59441 
84584 9971 
47623 60509 
71601 51086 
1768 12948 
65781 80961 
17774 41281 
32094 4005 
18775 1989 
56723 63975 
83086 21620 
33723 54084 
97081 82556 
45673 21747 
20789 11169 
18767 60253 
14289 86487 
37579 32094 
29322 53991 
37655 74247 
5014 98803 
55084 94398 
19206 5248 
1411 78905 
37601 5705 
49508 98261 
71796 607 
61429 13839 
4228 13622 
62821 60963 
63174 31281 
70129 7588 
34155 64700 
6597 65366 
75450 62563 
988 60430 
64894 99123 
48997 54900 
42738 58782 
31462 46961 
31057 39656 
25776 67279 
4069 2536 
17333 32604 
55653 98808 
16333 13588 
60515 21120 
11975 23179 
53602 33989 
50825 34371 
58780 58021 
9064 91677 
82217 1069 
39357 89373 
48525 52384 
12249 51375 
98446 81720 
39262 62568 
85703 14330 
60301 69440 
7610 84937 
1492 89118 
79151 9020 
61246 40153 
13424 48116 
62128 35905 
2730 87360 
14008 61905 
4055 88105 
70033 92273 
20248 26229 
21076 87097 
33994 77589 
66659 52613 
95458 66127 
20700 39081 
86493 47217 
59019 97460 
84385 59132 
92152 15302 
26341 38866 
51854 4703 
32248 65060 
12543 20753 
77750 60413 
29992 47578 
22238 58703 
68734 913 
87103 17426 
6929 61077 
48436 36068 
52843 68284 
55341 22153 
80645 83410 
10111 32463 
94866 41684 
49751 5200 
62662 4157 
49682 90368 
10931 42429 
29916 80296 
71368 75764 
81608 39942 
70699 16550 
47604 37532 
5627 70016 
84456 80080 
12428 77171 
5345 65453 
39674 86117 
53441 72908 
59212 86218 
83483 27418 
5328 42042 
35669 89588 
14916 19561 
70445 42596 
52527 5777 
95380 70359 
43318 84770 
56013 46998 
4209 48104 
81439 86664 
58981 85585 
72349 34941 
46550 23564 
94341 18285 
83359 52283 
92554 6321 
20569 11239 
75006 83362 
44665 82041 
21510 70096 
6132 72002 
62617 84188 
25002 58468 
38784 79372 
14355 3857 
93779 56674 
83295 44432 
78353 98468 
29423 2034 
40252 36374 
7511 67317 
54917 27367 
65856 55456 
7532 78955 
74710 40874 
71565 33939 
32214 36240 
41549 98012 
22421 92773 
68562 69314 
17280 63856 
15731 8109 
59875 92027 
98021 66817 
39718 50588 
95724 85949 
72598 95411 
34223 49836 
27229 59949 
4009 87545 
98888 57026 
54357 99032 
16232 34680 
31701 84303 
81689 70139 
49440 54261 
88056 75965 
69781 5895 
24376 35447 
50181 51619 
82697 80534 
57042 2812 
3968 74909 
77568 20983 
56119 67250 
66997 66501 
20284 35272 
52923 94455 
72144 49867 
81026 69955 
84562 50449 
27206 1082 
44924 37561 
20033 16668 
76049 56878 
14330 48262 
73031 69901 
31858 10833 
20080 81006 
38251 15208 
31158 17883 
56733 86676 
66171 43041 
28597 8878 
10473 7682 
18031 59820 
69624 46109 
24607 57742 
23613 48751 
10581 88566 
5174 44956 
72140 43797 
15360 72914 
83817 57979 
66193 13344 
23525 98207 
44999 16093 
42016 24685 
27952 54269 
75012 10965 
31370 99309 
8906 85242 
78480 22148 
1593 29961 
76653 90594 
28892 56005 
45512 51125 
73958 49854 
9866 54460 
2185 77355 
73058 8613 
67354 16138 
16130 20564 
76077 80195 
26102 18239 
97107 94788 
42687 28211 
39653 77593 
26951 21314 
40577 82873 
97696 28330 
94186 69472 
51738 70974 
30313 60547 
82833 49568 
96483 73234 
40610 78143 
28163 9778 
25696 60143 
97464 18207 
109 53438 
15127 50232 
3035 82100 
23217 66807 
1260 14171 
56689 67690 
70829 39597 
70808 50306 
1886 50594 
28419 35389 
42218 47878 
16111 32096 
46659 70508 
11597 53684 
79306 74565 
55921 36345 
23413 66395 
93630 58412 
89857 29911 
31612 4919 
79227 74199 
33024 73355 
44894 67654 
6617 70484 
24791 17919 
73679 7198 
58217 3113 
94980 58662 
80583 59119 
18270 20356 
93859 80171 
63262 57136 
43353 95536 
95491 12078 
92492 43775 
53051 14593 
76458 77892 
80905 3211 
32798 99607 
96355 57407 
52529 39077 
56188 15008 
68828 67556 
21137 36928 
2015 54823 
16522 69390 
9355 60636 
69254 45299 
46103 80028 
60902 61028 
30241 45991 
74074 62667 
17540 29850 
25127 76653 
35837 69629 
70034 23684 
97858 99736 
42239 61983 
10422 51515 
31400 16201 
24540 43503 
40171 61648 
25712 82686 
62497 50031 
46615 53629 
11380 82515 
95435 81000 
86681 58677 
32226 12885 
14220 55794 
93006 87182 
6310 21917 
56661 11454 
90824 98320 
73305 7805 
30980 22135 
24383 48670 
11269 98410 
64583 36827 
96298 72288 
3563 63532 
78770 76663 
21499 12354 
20456 78402 
76635 63112 
55696 97122 
55320 90244 
70863 24490 
35385 43023 
95142 29167 
82289 41212 
38115 92765 
74100 19069 
87854 85536 
56173 3062 
39555 57072 
59280 14216 
59249 86868 
76020 44693 
99696 12393 
79436 70049 
76306 28163 
85129 23525 
79776 28346 
3486 76822 
49096 47528 
2253 42972 
53697 39542 
1273 41267 
36704 22630 
51054 41616 
52631 10718 
4704 36294 
92326 45219 
78813 70717 
25545 39510 
13043 1717 
7296 49137 
80431 41696 
87915 84781 
70868 90157 
38806 92174 
68716 50240 
55902 33370 
72197 77260 
31093 17195 
56984 8660 
88240 43177 
69314 80357 
64854 42899 
44990 43155 
83117 25458 
89807 54732 
94656 59621 
24196 37608 
2307 54224 
90324 61617 
59106 30554 
43396 30563 
19816 15638 
573 27062 
73542 23798 
719 97031 
17317 35304 
36077 35824 
40025 25600 
53021 71742 
73630 46322 
83204 29409 
34377 10209 
58674 95514 
20518 86023 
84978 2416 
55049 66706 
94782 91357 
62067 34259 
81201 16312 
43576 8225 
14835 1955 
79903 31137 
81386 74792 
11381 13932 
37804 45188 
71528 37098 
74029 29856 
32704 79172 
84716 69296 
94035 23232 
728 12741 
88415 74165 
3700 14371 
10454 4702 
48671 8861 
70474 36647 
49538 11774 
61023 55189 
40003 20879 
81813 48833 
8732 78154 
6620 65237 
21588 89072 
91391 74117 
86092 85684 
16639 32393 
83684 63105 
29209 53874 
93875 15170 
98572 96027 
61052 44379 
31028 89773 
9487 23662 
91564 54729 
94999 43074 
67567 61980 
92757 83223 
71198 29171 
59887 19044 
17953 58650 
78801 72478 
37790 58325 
82613 686 
72170 17096 
87503 27598 
85446 41925 
8585 947 
72290 2017 
15606 84352 
74153 67071 
92696 74586 
27250 71196 
2458 67873 
52175 81854 
18826 85847 
60923 4032 
85396 11774 
1005 3904 
76379 80683 
78270 93319 
85813 13258 
156 76746 
47376 82658 
59335 25656 
91901 55857 
34038 11853 
82609 56688 
15830 867 
29107 56448 
88207 79294 
70388 9741 
70101 65843 
34293 18185 
7233 34854 
26383 22658 
41224 63175 
74636 95982 
11469 96540 
58084 32212 
48005 19987 
77279 6194 
94966 8329 
82386 7568 
63640 27344 
60736 37133 
51826 54089 
99832 90266 
81813 85639 
84090 42061 
3237 9529 
54006 91886 
78989 16340 
54971 21300 
22464 45088 
29614 68516 
82672 65490 
62359 25106 
80060 17649 
67752 16176 
80387 49358 
25202 33926 
56569 13965 
1884 56344 
29163 17616 
72885 97716 
94973 33698 
43051 5704 
50269 34451 
98550 40921 
90167 24942 
67812 49278 
18984 2990 
51295 64783 
37704 10146 
87447 61071 
84150 83429 
58254 3611 
89104 65307 
1928 41372 
77284 80265 
92591 16651 
85968 40330 
67182 64854 
96020 99015 
28407 22196 
70171 33454 
29149 58610 
71626 97813 
48589 5588 
92412 57623 
3171 54267 
55386 84277 
96600 57728 
66362 61694 
2199 83323 
83598 33038 
88251 25770 
40697 94380 
42368 9836 
5952 24317 
24441 82599 
86276 23817 
79419 19621 
87067 28949 
70906 46776 
20718 50636 
54521 10085 
15937 90231 
95974 9551 
17663 77439 
52971 49843 
83064 78003 
82358 50610 
72968 22576 
4322 2251 
10037 15332 
53986 49194 
25106 91096 
77427 32018 
41320 3210 
83894 22221 
52044 40777 
48938 38998 
33027 93639 
74201 46053 
91847 6120 
48752 88347 
98435 86506 
24169 43560 
59293 68201 
10945 31155 
95006 50634 
27373 43111 
55749 83266 
83680 34700 
62692 94392 
63996 41134 
94590 7965 
76642 66475 
48275 36279 
79262 24887 
89404 84116 
49474 1121 
75511 50835 
64019 37085 
77273 70877 
69765 44398 
45862 90307 
78502 89016 
74378 37243 
94083 93359 
79541 7436 
85273 53787 
86203 52727 
50581 76837 
31688 29769 
82364 96352 
19598 39142 
26684 45412 
43395 60872 
52644 21948 
68974 71356 
90381 4979 
12373 8855 
70405 49586 
73882 39926 
98623 13078 
93026 67586 
31212 42239 
70261 13484 
71363 82099 
60677 977 
96006 50371 
82603 63786 
34736 58534 
99742 5761 
65490 50432 
29307 41301 
61901 72391 
588 53114 
25810 84980 
38498 14225 
65068 75923 
74863 34547 
31549 36055 
96553 8834 
17207 15816 
24050 62431 
17041 88459 
76624 14042 
6981 7960 
21018 563 
52035 64564 
19407 38069 
55387 8966 
89330 25157 
82714 37313 
63437 30101 
47652 3549 
90081 41653 
24082 53030 
47154 4843 
58879 51937 
51024 7730 
94746 20697 
30032 32846 
76961 66423 
97752 37920 
10104 49338 
5010 84502 
51293 11228 
71707 90210 
74944 40128 
99511 40599 
20772 44791 
44772 60019 
41490 64909 
87307 7325 
99632 48646 
65222 31953 
23892 87708 
58493 98611 
24599 12010 
94788 64713 
85183 10934 
19834 73708 
91909 66236 
21611 9557 
37725 52869 
22767 42884 
37674 88265 
58847 87704 
23147 88116 
41301 79127 
40152 17216 
63684 77069 
62800 7625 
47090 98761 
47391 53265 
36543 83720 
94737 79945 
53958 98848 
58801 32936 
85229 98456 
38246 20351 
29113 64275 
14150 99963 
63791 63874 
51940 99471 
93347 82419 
68497 15850 
20865 2348 
76418 48066 
57461 28270 
56593 79280 
17257 80282 
77528 39601 
67198 7918 
75255 48503 
97537 9042 
31229 57238 
53945 73282 
37224 85854 
25414 7957 
16083 76913 
13463 45973 
75038 68534 
17643 79772 
4382 23106 
59921 13192 
98422 34799 
36249 73957 
67929 78983 
27492 83540 
33713 59695 
23813 38245 
39490 57512 
16781 15639 
98847 79481 
91607 83807 
95937 65225 
8348 57453 
92402 8883 
95320 14444 
54084 15251 
90594 59200 
237 20312 
58171 95184 
95241 71255 
74270 47740 
48221 79194 
26136 60693 
59512 28943 
90884 75341 
54588 54555 
65094 88865 
75825 66758 
97263 80699 
60412 48986 
34628 89996 
18736 22409 
33543 25121 
41736 17152 
98260 86943 
8012 76883 
6842 91741 
31864 66961 
54891 86628 
92006 52570 
97896 60678 
7323 62557 
1191 68312 
80845 57147 
12908 98008 
16027 73259 
59730 39005 
20440 29862 
27895 21467 
51149 37596 
32595 31412 
23348 71856 
97771 30741 
99213 36577 
65272 44811 
97481 67165 
27463 15271 
15929 95334 
30553 54240 
38692 26042 
27304 77427 
8288 57288 
67228 38397 
78253 7243 
99973 33975 
26424 99961 
33347 1632 
1235 912 
31253 83703 
93762 86594 
58789 90437 
76807 78710 
81868 54107 
28975 72696 
6931 29803 
66471 42823 
2669 65031 
38256 11678 
80165 29860 
1252 30502 
20425 72141 
81422 28701 
29037 38162 
43852 55758 
66498 78136 
40373 56883 
49767 38040 
76785 94870 
45656 24573 
43413 55014 
79927 18382 
82515 47330 
67298 2211 
23953 50902 
27027 65254 
6603 28885 
86351 42753 
17108 79503 
89786 50743 
19889 78294 
26107 79885 
22716 9981 
56855 19408 
20712 84463 
80264 92492 
88269 80820 
92748 97742 
43199 65580 
16443 67960 
90304 87146 
45749 77023 
62624 56903 
28434 48428 
17743 89389 
37573 44958 
13860 88836 
9451 47912 
85708 37436 
19528 66492 
63945 61936 
43652 53160 
33334 29399 
4956 39196 
4759 50491 
38189 46157 
84082 49160 
12720 73601 
56854 91304 
43066 11148 
72071 51813 
81485 73888 
428 39335 
31051 14084 
62958 91161 
39587 19313 
74472 96834 
34928 67378 
22858 8395 
40228 71762 
10108 47607 
64337 17853 
13842 26104 
96784 59824 
89120 53049 
49480 20792 
19518 16753 
77974 14777 
43709 91606 
83956 87957 
29207 39774 
47669 58875 
38474 48276 
63982 22487 
34236 66399 
59104 71324 
650 85817 
46278 78554 
14870 36393 
38246 82342 
89601 54284 
71878 8674 
21378 15816 
16108 70691 
21600 20547 
28121 86560 
77769 49951 
94750 65076 
90895 24426 
46109 18408 
61709 30555 
56744 74794 
53100 93082 
55878 80509 
39120 21551 
52875 27 
61896 70308 
46559 46078 
57003 12331 
27829 97176 
75087 42359 
3789 89182 
22973 92774 
68643 99616 
71006 66963 
21645 78671 
25043 69152 
85682 19268 
41298 37152 
11351 99994 
70156 65053 
60908 79384 
51090 36551 
54048 67791 
45002 76449 
23201 53920 
82568 67775 
69867 17156 
27605 75072 
35508 13906 
2972 60562 
587 86454 
3230 79227 
3580 6191 
23025 91296 
28140 29595 
63094 36173 
41054 14962 
36820 70547 
76226 20641 
89422 85237 
50670 81413 
59164 80277 
67305 38645 
55347 95779 
6357 81983 
1419 67356 
32231 45618 
93177 99156 
45979 90514 
51823 25017 
94799 95498 
9544 58836 
9499 74760 
51341 18900 
78459 37029 
50950 47783 
82314 2608 
81039 39322 
7477 98428 
48221 27271 
28549 58416 
1999 86417 
99795 66741 
93395 46257 
24059 94854 
13805 19780 
73866 99770 
27551 5461 
23908 70644 
22595 29265 
16724 33468 
43096 55285 
24099 49578 
34712 8563 
85558 72681 
29028 21722 
2305 61217 
16959 38223 
40049 78151 
12692 79386 
47384 48657 
89480 9733 
27747 87646 
76534 15811 
12429 53752 
42276 47314 
69742 34113 
53389 56154 
51130 15179 
91381 9073 
18903 48767 
28794 42447 
22204 79751 
15705 74136 
87945 61968 
3865 86534 
71665 52355 
40560 47428 
69592 39811 
97232 40841 
27700 34904 
58893 38715 
96104 19304 
89566 56112 
67910 29710 
6232 97566 
10429 30020 
39205 20251 
43690 7650 
30369 10870 
46247 15131 
22391 97425 
71508 66528 
21784 94547 
39177 89692 
76641 11544 
25847 30016 
95842 36096 
16402 99091 
50766 43285 
93588 62572 
42759 69620 
36988 65528 
90053 34778 
74577 715 
86376 89964 
80156 35438 
10117 21115 
38170 26063 
17732 37622 
3778 65737 
37958 32800 
70496 30507 
94468 11028 
20355 11778 
23720 38305 
72217 48929 
22079 87902 
62751 4919 
51676 20856 
91550 59834 
58009 62259 
36943 32581 
3955 8586 
2314 79316 
4637 28757 
84055 58701 
55523 2221 
61769 98711 
82136 70989 
98942 47454 
3941 69408 
8006 41368 
97250 35387 
77585 78148 
62399 99845 
81670 38890 
48979 97367 
90574 64180 
69568 40349 
81760 52269 
37210 51356 
4927 13934 
94758 54005 
90292 88285 
65292 81341 
1526 96527 
41917 72527 
25576 86558 
52586 93584 
60433 281 
80977 35987 
8879 77667 
97985 18143 
11345 96817 
60068 39037 
54240 37695 
60448 10839 
71453 48664 
77109 27775 
16199 89620 
47534 12302 
17988 23264 
14303 16395 
55211 26913 
27974 45756 
67691 1279 
64034 17754 
5504 59766 
9288 60160 
60502 92075 
99700 7005 
55154 9313 
46456 50366 
69712 94281 
69989 62435 
73135 253 
72673 10918 
85851 64320 
20111 52639 
43114 27248 
68191 5144 
46587 80784 
68505 64191 
88759 95511 
8272 56181 
9879 17567 
92540 88928 
323 60951 
56262 91566 
92677 63627 
1718 15010 
97259 20275 
92807 98036 
22414 52279 
1902 90879 
86659 26444 
97218 68190 
73562 87906 
79081 56267 
2251 29864 
22011 45631 
86520 82980 
56183 59396 
33739 70705 
26631 250 
91101 43275 
1464 4501 
81250 72742 
61381 90278 
81877 64185 
91978 98825 
94649 14104 
17559 92759 
17648 26006 
60644 93223 
82480 75328 
84838 9070 
42313 1100 
80434 35514 
324 90101 
81885 77141 
49391 10818 
64186 80727 
53310 49085 
51257 47011 
37470 95078 
83571 27378 
72563 32215 
34558 1362 
28846 82479 
35715 73920 
50349 69863 
68909 27665 
48614 73854 
11002 14499 
43684 58253 
70717 73593 
86485 77154 
40576 18174 
81167 79520 
97777 42320 
88584 56532 
27039 60723 
32819 1809 
5712 9376 
51505 83545 
86890 3184 
27665 59795 
39772 67665 
15881 3346 
58190 36280 
28857 41024 
28008 32315 
81739 53770 
51995 34847 
1080 28458 
66833 61985 
92900 186 
51052 91426 
30018 74620 
14989 78273 
62703 74029 
84284 23155 
78639 7723 
36929 89871 
38300 27885 
30585 71090 
90073 95187 
61643 53095 
25796 45025 
30423 36109 
71842 14917 
47933 25447 
23515 66281 
8786 20540 
21206 9748 
72146 93837 
35624 22150 
37973 69637 
76397 25433 
79406 84109 
63412 83029 
93750 32068 
3507 57583 
64330 83518 
96475 65442 
83393 83538 
53786 57929 
72262 32785 
51075 57196 
49118 82691 
51123 75318 
37045 69386 
27935 49303 
75435 53440 
94479 31808 
96321 28705 
86746 87611 
53919 12858 
85029 59284 
50412 34694 
59640 81986 
83935 88768 
12785 46953 
55759 36689 
50898 35982 
12809 96186 
62459 75137 
68966 74001 
95170 84846 
43988 66735 
23344 35735 
82445 74954 
71447 54783 
66684 50201 
12962 64750 
17687 21979 
95085 81353 
85519 32341 
49260 37282 
67171 39429 
35111 49899 
53703 38103 
31108 360 
927 85743 
29104 45882 
38239 14395 
11875 44017 
78771 56596 
92903 28045 
70687 11538 
75834 35993 
34223 30694 
47414 62254 
61995 7549 
52182 70457 
21129 14833 
9772 78947 
84915 44394 
26422 6144 
39001 69876 
21135 42052 
52515 70347 
33882 94284 
78083 24287 
8375 42284 
46313 7606 
45133 21732 
50174 6853 
1914 52700 
72534 89290 
78076 19675 
96211 55252 
57001 9405 
50024 34980 
96463 13313 
86628 82094 
50663 5309 
58316 58919 
79606 12903 
55518 5071 
51625 9805 
99381 30034 
73059 71560 
34598 72883 
85439 52287 
51569 27908 
55025 60199 
78006 43543 
42110 32367 
19261 63848 
78258 35015 
93937 96737 
98465 44713 
6746 61183 
72222 97886 
24136 86856 
52547 31371 
69835 13942 
15280 75097 
37272 68346 
92288 99482 
23738 68044 
11674 64769 
27185 50031 
45733 67272 
10706 94152 
33054 28384 
32057 60021 
85079 26211 
55961 46311 
9346 26802 
15485 27881 
81794 32235 
65436 25539 
78687 26155 
75508 15665 
35080 63910 
43826 92484 
31232 24011 
72564 54489 
20949 10444 
36473 98305 
6572 71200 
92437 68255 
34179 77423 
23608 27916 
29534 89688 
85167 91195 
20409 23174 
20453 74723 
94142 11896 
45971 10842 
20640 63633 
61702 91006 
30481 91848 
29173 93107 
75420 8625 
73907 83085 
14257 63547 
11162 71066 
60958 17429 
64267 45402 
3792 46956 
43403 4123 
54449 86529 
79352 52670 
14239 26992 
61494 39184 
50871 7442 
12266 54226 
63775 55911 
41317 30468 
78510 57512 
61772 39722 
51538 54477 
18269 99620 
85500 11550 
71892 70310 
52073 12307 
10603 42747 
94622 87235 
5493 94444 
36053 12789 
12896 16024 
48637 62139 
30387 92450 
52045 32948 
50652 56516 
93422 25288 
21444 19007 
29077 93666 
12062 19849 
71168 51139 
7251 37671 
84787 60638 
97931 41369 
20908 8859 
14816 66583 
48897 21460 
55797 52445 
8642 44820 
90844 79516 
36803 89233 
89242 8534 
34324 1163 
3102 31381 
33025 8077 
58429 10667 
87976 58359 
50373 2345 
69302 60954 
12870 26992 
52192 14636 
34536 79706 
7075 5173 
22433 46001 
73305 40166 
73272 21648 
59148 85978 
97629 18110 
48475 68904 
56918 72035 
10276 3620 
15162 67200 
969 15977 
77981 20377 
21447 34278 
89789 78787 
40892 33501 
86832 26104 
27633 30243 
58478 96442 
33643 42721 
52098 51296 
63768 49744 
67901 83117 
23359 5372 
29252 71011 
78719 91811 
81268 29002 
83606 22140 
65940 55340 
22018 36560 
45511 12569 
92588 71125 
97540 42341 
13118 16302 
84853 46434 
55149 24185 
11482 45992 
27943 67850 
11758 64680 
18811 4060 
83838 68296 
62496 41432 
71287 33281 
56133 70168 
16696 9682 
58282 66588 
59876 90268 
10653 45954 
29843 96851 
99328 449 
84547 47284 
28670 25691 
85266 72191 
15551 8779 
53574 9153 
24145 23622 
47981 13919 
52251 55191 
14613 93122 
48966 53332 
11717 81078 
90479 98898 
81313 54403 
65875 50238 
42964 2535 
28068 26416 
14435 49660 
46286 75097 
21907 54122 
56071 67598 
48471 95088 
40285 61416 
83745 93053 
90387 71387 
79802 710 
91070 94645 
88936 43774 
43327 41685 
57400 87553 
91097 36071 
75857 54361 
44902 58730 
42088 19317 
2189 29268 
74422 67634 
48586 36358 
25377 5208 
86894 52030 
84146 76109 
81318 90560 
23897 55549 
23335 1646 
45190 54935 
22525 19712 
90435 96830 
833 26424 
55896 91957 
21910 21866 
7595 77816 
18562 41360 
15330 59047 
90788 99510 
55099 23383 
34501 90827 
94342 93834 
26727 27163 
66737 17690 
36957 46180 
63665 85994 
56261 82219 
18000 23353 
35909 51181 
32571 87215 
5438 64414 
10379 68251 
96459 53108 
76592 88994 
32983 54313 
43387 56599 
61632 82470 
57824 37411 
85815 86212 
90281 85947 
36816 69192 
66332 79000 
61708 35838 
18528 76720 
33084 8173 
36175 56881 
88856 48235 
21009 45966 
91682 12109 
14553 1274 
57092 56246 
48999 81934 
36937 14468 
87611 83552 
60555 64954 
62916 1127 
29857 10505 
91395 27962 
36536 2496 
41870 94479 
19681 49215 
61497 160 
10306 62623 
18022 94284 
15662 14108 
99883 16696 
80658 89415 
26772 18526 
26321 55700 
62437 44602 
5950 79521 
88781 74248 
38465 63606 
95727 85202 
75411 2332 
64862 26604 
33217 91139 
76516 61310 
75464 63466 
49737 65225 
61335 70285 
32519 51931 
85846 61968 
95681 24550 
25069 79959 
47945 43632 
65286 16595 
82077 39764 
38847 55436 
82315 92699 
11502 61602 
71890 44965 
66032 51832 
56088 17239 
5287 37404 
21069 45229 
54023 99535 
81607 63353 
73451 26498 
31912 19190 
14981 14484 
42879 14537 
30380 10063 
66390 33783 
24412 51171 
52697 38437 
82979 45594 
60455 77800 
34914 11266 
40639 90104 
8770 90989 
5349 45883 
27315 45758 
50442 15892 
41902 25462 
86926 29608 
46495 13493 
50271 27136 
26844 42685 
99000 97297 
94146 84005 
84408 37754 
24527 16533 
71743 69191 
75735 97541 
19858 84910 
80701 64848 
81140 19637 
23940 20145 
66408 76881 
91260 61584 
30526 62923 
45820 56721 
73640 37268 
24328 72744 
20205 4399 
65993 9942 
33422 39689 
83840 16494 
46190 63534 
63073 97911 
41388 52105 
24410 72841 
94052 532 
21651 68456 
95924 34903 
52229 93267 
18921 3176 
47063 72955 
38174 61889 
71783 85715 
27632 15508 
15234 87576 
61587 58329 
63131 75313 
4046 15011 
54846 94828 
44516 75178 
99529 66221 
43557 69921 
84102 63314 
84382 43636 
40156 55005 
87795 33310 
49357 88568 
36930 79171 
57710 70922 
75554 55591 
37866 82876 
89073 29158 
85631 43495 
50946 22068 
61935 26971 
18863 83259 
94742 22795 
94810 47190 
36728 21484 
21090 90706 
34037 2793 
70373 82138 
98993 1054 
2020 53601 
95414 23194 
99209 17384 
38980 98975 
71809 90403 
87100 50124 
8473 86878 
42821 75283 
88081 88714 
25540 61084 
15461 5484 
67623 46161 
29210 91529 
80517 84535 
40488 96316 
96545 77565 
806 86075 
33261 69533 
64115 89620 
46142 30952 
3929 89383 
32324 85777 
69723 99825 
23208 74007 
18538 49743 
56977 79482 
37473 12426 
53416 94253 
80704 8163 
22900 35454 
80645 37320 
29004 78442 
57087 88996 
89929 20768 
40386 10245 
47768 45616 
45208 13857 
56621 10430 
79878 48967 
40650 46720 
53014 57981 
51417 20420 
43941 95843 
10157 68669 
36273 93155 
55147 98507 
75089 3411 
26900 5758 
97296 86378 
14661 48219 
2048 44645 
56509 86297 
73508 48371 
32349 86369 
41764 54514 
14190 67369 
69390 51090 
41298 59521 
80904 34485 
69190 35603 
10300 58385 
883 69788 
27872 76614 
46438 76844 
21685 38935 
72524 85352 
51357 88867 
97621 2623 
62216 55603 
60402 36100 
46424 28299 
38975 46306 
64341 50362 
26878 19762 
94162 73751 
78033 66817 
60787 68920 
17402 68944 
5918 94691 
76621 22829 
523 94183 
54658 54447 
68115 97843 
22355 5313 
82688 82715 
86721 25263 
28680 58252 
5898 41322 
62024 23314 
98991 10637 
91096 66411 
26258 6930 
4304 61853 
24667 34582 
7091 48107 
71385 12177 
95282 61538 
13530 18250 
83985 38611 
46326 45956 
31689 92700 
43795 70536 
47704 17871 
46217 93685 
47776 71284 
86803 92312 
27482 38328 
96371 65699 
55921 90161 
59318 44680 
53259 2009 
6721 99217 
4831 12413 
23192 56639 
81808 68538 
12897 21800 
83835 20727 
17165 72550 
92579 695 
1191 89171 
26797 42033 
30564 64791 
19306 79179 
39688 35309 
94159 91543 
53673 61999 
8364 43197 
62810 97683 
36629 5316 
64531 68282 
19921 38543 
81557 5535 
69033 55490 
36927 73796 
12870 79777 
16704 44103 
7849 67340 
79361 82070 
79583 58180 
77215 32654 
50924 82276 
39733 4489 
21485 52097 
31147 79244 
2911 35944 
35524 97297 
81471 21320 
41300 81 
74925 45556 
94239 41537 
74187 92156 
62896 16384 
11943 25598 
13876 91304 
80173 64809 
25529 66622 
26453 76055 
78187 40703 
94905 99730 
46674 97045 
41887 12288 
86493 84911 
48734 64561 
49004 18370 
74328 30714 
82820 75718 
38755 48332 
78791 41532 
6030 29417 
94134 96959 
38597 74527 
47652 30385 
29252 27847 
12414 10206 
77180 69689 
44906 34238 
63925 54724 
80357 46123 
2429 69177 
92808 88130 
77673 98318 
65460 41876 
70975 66735 
41928 93717 
61697 38216 
32262 49981 
29850 39501 
28936 18678 
41040 2733 
47487 68983 
81202 5112 
44062 77520 
22749 21114 
77888 71362 
46035 92523 
80495 81677 
10451 64642 
65519 29050 
67997 33201 
62989 71796 
38852 95822 
90239 61949 
23224 4329 
77939 70090 
6689 69762 
54179 59854 
27268 80651 
52192 15664 
11628 56902 
47962 53150 
55109 76617 
52866 70693 
15651 81219 
83432 32689 
15282 85442 
5424 10345 
94423 93071 
2655 44238 
44120 46756 
52301 34344 
49167 20794 
97965 7878 
11144 99447 
99308 63059 
84568 70212 
2819 37755 
51600 1366 
22122 6013 
81205 66196 
38214 62567 
67169 22521 
30088 15697 
16040 55402 
24457 72180 
60866 43407 
9628 64584 
9477 14347 
93026 40769 
97135 15102 
94511 8242 
2501 31949 
58307 1862 
3167 62789 
35244 22414 
92424 60678 
33964 75689 
52442 39323 
64860 26977 
80736 55456 
3713 74224 
96530 60499 
83369 34663 
11600 44449 
81254 34302 
36147 78651 
8120 87435 
4479 891 
19146 54224 
47496 76237 
62367 68394 
9442 10077 
51368 34204 
4898 86028 
99282 2136 
38632 50675 
79356 46092 
65744 69572 
83693 81424 
52436 34483 
36255 82726 
8757 10538 
78802 83077 
3866 73790 
89174 62325 
41614 4616 
10164 60962 
69662 70458 
64203 88312 
18911 52584 
4180 28989 
21630 45895 
3945 89947 
36511 88207 
23371 71988 
16746 56034 
92352 94170 
93276 97584 
45701 47364 
9527 60468 
6608 4042 
36207 11613 
60224 65421 
15188 39887 
80841 84177 
29996 78180 
76297 61244 
77105 80951 
91416 78546 
17028 45749 
68651 96035 
17092 72738 
98593 11059 
58821 14963 
5566 50780 
72020 83919 
4293 44304 
74937 39913 
32427 153 
45276 14782 
10752 96835 
20384 85717 
7920 79546 
26598 43266 
89835 44402 
67502 74033 
15143 83097 
58781 9129 
97749 55521 
83373 73172 
94881 55634 
54788 5400 
94954 36752 
18758 14429 
73327 66408 
93768 71256 
56012 88106 
49580 41282 
81511 77503 
49503 5458 
79155 93949 
36962 23101 
88691 44834 
29803 44486 
30322 99794 
96852 90007 
96991 14596 
30352 74534 
81458 50396 
95231 70517 
69531 3080 
31538 71468 
27802 89504 
9931 38622 
89333 72728 
91764 87928 
93965 46693 
25080 1931 
71257 42326 
15775 31684 
63549 61644 
49179 87533 
74236 94230 
1499 4404 
92060 21283 
72842 7204 
86074 66504 
93930 94968 
87911 10146 
7198 8613 
78082 42870 
99559 46467 
71252 99381 
68985 44154 
51796 78354 
39880 41037 
45401 24768 
3341 14056 
25074 23530 
47476 71655 
40661 29150 
60316 65408 
29803 35232 
33204 95046 
15248 69662 
66113 53737 
18513 86652 
78001 84846 
23144 15156 
55080 98781 
2140 14689 
27813 29149 
83596 84207 
53461 91100 
66216 67455 
95179 41585 
12060 99085 
30939 31163 
37752 39821 
95973 80081 
97337 56106 
60956 7551 
73 9905 
74820 92419 
34675 37720 
55858 45923 
77870 14374 
97716 32759 
49593 16755 
67864 85375 
39749 25466 
15349 18252 
72210 28192 
71868 63837 
90523 17621 
25645 19887 
46825 8867 
71112 19161 
50524 36603 
89061 6716 
86529 30491 
91722 37515 
44202 9008 
75125 87591 
7601 76373 
57139 5750 
45270 55059 
43756 19560 
3469 37245 
58450 49361 
50662 92556 
89868 77060 
42986 26578 
61642 62694 
80576 44896 
4772 1046 
2803 40765 
17794 63037 
26861 91037 
32908 72203 
68586 14593 
67211 25231 
97010 20300 
27399 77369 
64857 47353 
53540 78448 
26043 79911 
32966 63327 
98224 24 
88852 71775 
53518 28151 
49697 97090 
23754 88879 
35738 40239 
87961 31032 
56207 76828 
69266 25933 
97405 27926 
5968 65362 
95691 62583 
77308 81618 
31814 49815 
58242 16116 
53386 20895 
49576 70058 
30852 98991 
79839 80981 
78967 2500 
3554 82363 
30573 30863 
26887 19979 
32383 97230 
76123 18306 
43512 81023 
87037 13059 
56653 35252 
33923 91793 
29089 98407 
35920 13535 
6135 28793 
75220 10506 
43129 373 
36866 10284 
83791 73499 
33050 55111 
32492 81363 
6169 36565 
65951 53546 
14405 8429 
65854 31761 
91132 88380 
18104 19668 
35228 9948 
16638 48619 
33197 40246 
30223 34228 
35972 36078 
39111 44862 
13388 71275 
25147 2475 
87507 31532 
3676 88631 
2364 39456 
18526 34136 
22127 42234 
82357 29403 
62322 67028 
33855 4467 
49423 25124 
504 92522 
73036 24830 
1106 8925 
41798 35279 
95733 48784 
79284 28526 
92475 30582 
99375 15715 
50111 90718 
81933 84592 
73763 64428 
29077 40277 
86607 72207 
19954 48950 
74897 67719 
97639 84997 
45819 93080 
15618 86152 
8123 30481 
43310 28321 
84003 35325 
80154 41996 
87368 85334 
56029 5588 
58406 82560 
2124 67464 
27299 772 
60821 68151 
90926 79402 
65790 56876 
25597 27034 
64190 22536 
26123 12375 
71725 88152 
56944 88706 
48277 50029 
24572 18997 
56949 78069 
32260 43206 
22536 32077 
57606 56692 
36845 90404 
1694 49279 
67703 31892 
94434 88156 
16126 59853 
4883 14651 
31829 7665 
97672 64832 
41113 19625 
97005 16977 
63124 57756 
68294 15121 
90597 45588 
4124 17232 
89399 23268 
6012 68983 
27548 54867 
86372 9677 
78856 98395 
76113 75555 
58929 21779 
12442 77544 
42000 23923 
98765 95438 
75897 99009 
73952 48581 
59437 64287 
1799 74288 
71635 56892 
93158 69597 
45316 93567 
2996 29346 
59104 78719 
2563 44151 
81197 40818 
12880 5568 
35962 74942 
99907 2514 
80094 70122 
74052 82969 
68926 4168 
7085 98066 
65468 95756 
78056 41839 
94833 13847 
86478 49243 
74933 57858 
25817 17471 
60685 38521 
93244 71196 
23438 8994 
22648 1026 
49913 18548 
67050 66289 
85699 87009 
23854 68207 
67163 27181 
91794 67587 
82639 74551 
71938 42339 
78830 18887 
76810 54460 
81596 70666 
91438 23541 
31640 36812 
38081 84464 
45086 24845 
32394 40593 
96526 42264 
82972 10622 
87860 8926 
78479 7167 
10066 54121 
27005 78252 
27044 27227 
60792 89043 
10757 11045 
96179 20485 
35109 90314 
43341 13958 
92379 94400 
93369 96609 
30449 2786 
71226 80735 
21726 74749 
32298 42387 
65326 40469 
97540 49319 
92962 69846 
67619 26475 
95956 17414 
30004 18373 
15867 26989 
74606 32104 
44484 68088 
63347 22066 
60244 67639 
56976 8138 
87639 95141 
88448 2699 
3754 57189 
86365 58676 
31810 58150 
94268 40810 
55432 87783 
1956 65317 
59326 3730 
3565 49391 
52166 87058 
23792 61243 
55695 62391 
8427 63869 
50395 90720 
58282 1256 
52575 62548 
96628 84479 
60288 41834 
99413 96902 
46238 37056 
84830 52684 
94683 4708 
54191 10838 
76293 22688 
99635 68270 
30043 6295 
45815 29572 
74435 77909 
72523 78760 
1686 42957 
73121 58714 
17990 69373 
39664 97794 
80580 15530 
29781 9888 
48007 2510 
62646 34111 
3935 80540 
11802 73444 
36683 96609 
11116 37767 
56892 30485 
66821 96097 
13868 29765 
73364 95239 
27544 41066 
63723 7658 
87431 4118 
85851 30059 
82579 48261 
86092 65974 
17236 6730 
97706 90605 
35792 43118 
78007 14232 
27516 66529 
11211 31696 
6748 97190 
95710 69761 
67383 32687 
64279 21638 
91847 56457 
43656 88477 
54265 24833 
45943 31356 
95062 66673 
98450 74108 
60022 30488 
60884 87245 
90627 17992 
49207 26343 
24508 50113 
83996 94400 
14915 21781 
7835 47042 
6345 15160 
71016 61843 
9805 57514 
67764 48647 
5682 29525 
16227 86407 
64765 52622 
14626 33945 
18691 9775 
73257 76904 
29956 83202 
17427 41304 
8575 24561 
79983 25227 
97592 8476 
53689 74548 
2857 58592 
53559 56017 
73838 76883 
47112 61584 
51702 51566 
46583 11551 
88507 66698 
21258 10946 
7055 87456 
80418 53466 
14821 49070 
97758 60379 
7338 34523 
96686 87996 
96501 86375 
92594 36619 
77504 61470 
92942 46322 
4454 3757 
88928 70488 
79175 80108 
33553 76708 
70324 96767 
90030 36476 
70664 89931 
51799 30051 
69168 62982 
80799 10916 
61628 25004 
84194 45476 
48521 70494 
51401 67918 
72114 28526 
3068 67640 
26129 1159 
61541 57191 
30784 5488 
38409 52363 
3594 31504 
48876 32901 
72063 28800 
4977 42236 
68223 39171 
10094 27694 
16985 99278 
75726 18855 
80315 47800 
8172 91036 
47509 84889 
67525 63301 
68186 48231 
84324 36006 
9055 89644 
30215 81527 
78169 58929 
78162 63684 
1039 27516 
55002 76282 
51874 13506 
84580 59270 
40168 1795 
43208 72215 
27954 88247 
876 79084 
6260 15253 
1399 25800 
90672 7514 
42635 72572 
5356 61519 
53898 76718 
12502 89939 
31883 8484 
9884 73051 
88704 22350 
63049 23276 
86024 99331 
60655 26096 
77834 22002 
81554 80812 
61080 43294 
40440 28032 
38095 62522 
35241 17239 
27761 27707 
53900 37475 
23310 41931 
10774 6849 
83853 63255 
73641 92551 
64016 52730 
11094 11971 
31465 43034 
37148 47716 
95635 71502 
54899 94530 
72642 45616 
4377 44521 
41151 86465 
1029 8608 
1856 26250 
10754 66701 
39300 19609 
45030 36920 
98893 65341 
75362 55002 
34285 25059 
60156 59076 
50658 68361 
49077 82103 
68040 70310 
80071 64524 
55398 36315 
12411 13059 
41055 31963 
45532 48079 
87883 50910 
57838 1627 
32775 62618 
62299 50901 
29029 43577 
16363 97885 
97593 10547 
42553 34846 
88511 42464 
13104 67519 
77451 98805 
27081 3050 
73858 16566 
61645 48186 
97060 95407 
10490 4654 
84557 61116 
31931 93330 
32768 31219 
16729 86559 
34676 93382 
51474 78839 
71071 47197 
97164 80100 
32530 53010 
24627 72957 
97801 77623 
48496 35522 
70894 26059 
79700 94806 
84004 969 
72763 42162 
6285 36864 
78675 11943 
59508 15041 
26713 97218 
30837 76862 
49294 52321 
90215 18030 
32799 11000 
65260 64532 
24282 31047 
128 2127 
49068 61555 
26433 55590 
97469 17342 
4123 91323 
20208 36546 
48109 47562 
31579 92073 
42480 80050 
57021 25289 
58287 47903 
77449 71264 
33204 54306 
16583 48839 
41724 99778 
89451 95970 
83135 1885 
80364 40996 
41149 84659 
46872 13903 
23866 43369 
52561 18145 
75646 45879 
16022 3201 
63496 40529 
25923 814 
79770 2271 
12840 13740 
70216 63747 
87333 74825 
91868 46052 
50762 26365 
28759 25134 
60395 4958 
45153 44074 
83606 55439 
35719 8958 
7314 38983 
40029 86596 
78256 45100 
24763 56044 
37327 64989 
1188 52711 
76901 34619 
37744 83759 
93937 9868 
47997 86570 
33595 93239 
82738 48261 
18241 91859 
31685 3540 
34904 49903 
45011 80610 
10596 65051 
17848 70448 
39415 68241 
41942 53419 
37897 18712 
17792 29042 
95851 42227 
37912 59658 
58732 19362 
97224 56800 
24583 12880 
60178 10273 
63688 8458 
15807 84262 
72286 31413 
81739 82238 
53050 93594 
76096 12977 
74512 19206 
62222 73709 
99191 96108 
85376 3253 
85949 11 
62792 47888 
65887 42974 
58905 25818 
63122 4765 
76117 72266 
81847 15882 
18090 96542 
9311 74407 
37381 84874 
90712 95396 
62104 38374 
16446 11094 
7382 44174 
24786 63070 
16464 39608 
63746 53195 
43720 44245 
74775 49425 
87083 2645 
57868 74470 
1092 1905 
52791 40671 
73311 2377 
24338 32810 
26710 47387 
70889 82063 
18487 98332 
85009 18935 
41861 75247 
82406 40791 
1506 69735 
81341 80440 
25613 37104 
58359 16280 
97929 67606 
28246 21581 
41707 82887 
96180 10807 
64140 3053 
8270 4188 
74616 82209 
83043 98312 
23083 15892 
40883 100 
65819 82512 
61054 54301 
55067 92730 
86636 70509 
66286 85634 
66566 34728 
22183 28669 
70951 72605 
46199 49424 
40890 16752 
79834 51749 
37318 18912 
27917 46055 
34663 39253 
53895 54287 
64652 39709 
33210 33674 
53138 6002 
87017 251 
8584 23921 
60766 23029 
14669 39371 
82597 2797 
51451 38877 
35003 45709 
19644 97481 
99927 91127 
70746 54315 
92180 55650 
52148 92676 
79033 10796 
60798 21040 
94843 20532 
61601 74203 
98726 26617 
67452 79616 
90611 84722 
96662 63007 
96374 22294 
20497 99474 
56319 10388 
88638 51520 
2921 15937 
73631 73857 
93532 28444 
6684 6334 
71655 35588 
86711 20946 
66451 55951 
32051 36653 
4254 23907 
10065 66610 
98225 61615 
23645 16417 
2613 66155 
55618 9124 
66680 86038 
72173 72977 
99980 60610 
64614 91279 
65481 48345 
65127 80230 
49909 75567 
6691 30256 
21756 95835 
9887 19081 
76541 62054 
70069 80661 
86174 78297 
87196 93148 
14745 16409 
27633 31113 
36515 53636 
32280 12583 
93620 11857 
88656 59770 
60733 56432 
65875 83902 
41871 43226 
70948 99193 
10539 86101 
22432 68725 
18598 53946 
53177 85927 
41505 96272 
47756 99300 
97980 39473 
92149 95199 
80720 92031 
63353 63720 
61397 46268 
14790 86120 
88004 66683 
19753 98709 
75494 10490 
19613 7778 
1701 34651 
86058 52873 
59704 5523 
47429 41623 
85058 42172 
48002 8310 
71744 92492 
6069 80523 
14219 62420 
11777 73464 
64604 92906 
58874 69886 
73839 6697 
35889 85113 
93540 27566 
11736 61245 
51333 8344 
38317 82395 
76589 90873 
58444 53686 
45787 60992 
51232 40739 
37124 54694 
69094 23513 
32537 17816 
20554 78612 
81961 20910 
31349 67548 
49428 83415 
72594 74967 
93528 66788 
79295 10449 
95781 54967 
95070 60278 
39631 52332 
69670 51431 
60074 94302 
4740 69052 
29307 83735 
90225 50801 
17360 37526 
98934 66724 
68302 52086 
9988 81674 
62424 73844 
13239 88799 
92675 91468 
6194 97274 
69714 50211 
32615 55161 
84047 25579 
27646 89214 
96045 83475 
28196 47412 
95022 97043 
79273 37130 
67104 86620 
17045 62155 
38273 98512 
37655 75072 
13756 40779 
67136 78099 
17832 49740 
32272 25049 
49188 69644 
94816 99873 
6082 89738 
52247 73093 
2888 97910 
27023 66455 
94981 78172 
63355 88263 
52482 403 
25521 37090 
75018 25130 
45054 9961 
19449 73528 
95418 92599 
20433 93412 
82303 53951 
19716 85680 
25234 14965 
84204 42470 
71944 12482 
85168 88253 
30781 33084 
31322 8144 
28405 48897 
97072 93891 
130 47580 
63873 37346 
98485 12122 
97438 53630 
61913 72567 
16430 21811 
20003 21421 
69329 89554 
24250 57247 
25290 73 
84057 96820 
2144 64618 
56539 75249 
49 21800 
85672 35569 
82878 96282 
11402 94577 
51058 93626 
72600 60062 
79385 45582 
9029 66081 
51240 50628 
27034 87572 
6648 38293 
31203 93322 
35823 22584 
40006 97223 
92085 99814 
97261 71733 
68474 89148 
63228 94569 
80902 10427 
19263 9970 
27365 43098 
48152 99174 
47497 12559 
58628 71326 
89679 5773 
7005 5597 
3946 26691 
31510 98120 
18081 63869 
55569 93152 
21589 57564 
35178 6938 
77658 21709 
22472 84848 
6708 97306 
92657 67616 
36855 88143 
34755 80899 
96338 57138 
37906 3868 
30912 42214 
14477 17184 
65219 84282 
88802 78439 
91327 46725 
46131 24065 
59895 45730 
80174 50670 
69851 3863 
99630 85930 
986 85499 
54180 19382 
10543 72000 
18632 26879 
19652 87021 
30277 88949 
48389 87832 
8969 72921 
19248 97309 
2047 21472 
38004 62980 
86943 66083 
78201 94533 
33157 62925 
40938 49201 
72263 30822 
35125 5655 
49707 56174 
25096 91357 
35373 18128 
22174 5755 
51243 78764 
54786 12265 
33959 77710 
37666 55699 
87683 68348 
74922 98584 
98373 33648 
73984 59779 
74445 23671 
17874 81870 
50768 63922 
41773 49973 
43021 93977 
86516 33953 
67688 9183 
56448 28459 
49280 94751 
91951 20756 
20890 61174 
78028 25037 
86745 12664 
49453 83712 
56159 6184 
20310 51079 
77142 87636 
61133 42920 
94884 23933 
70405 56666 
35443 84887 
38843 41174 
68159 67269 
84644 22543 
31713 94876 
45841 72999 
18174 73070 
51874 43537 
96996 24023 
60722 67860 
26667 79755 
40157 85073 
45515 64094 
92140 21655 
55196 51769 
67893 19441 
10457 53144 
97833 95649 
6995 36455 
65374 73432 
15599 65915 
86463 26991 
45193 3700 
17795 44012 
30053 96566 
5795 19944 
27141 43730 
5725 63652 
78378 21647 
45722 11975 
39637 23467 
84066 21964 
3344 56175 
9661 33853 
44790 26821 
65509 75288 
3600 40742 
32821 7878 
71306 29314 
99504 852 
93516 22510 
50875 53394 
10957 82436 
62759 77179 
57464 18012 
47544 93730 
4992 8099 
2283 97341 
95810 70621 
34606 83700 
30268 28610 
96993 46734 
84868 40614 
42851 1798 
19853 82531 
28896 1996 
98101 90682 
27490 76255 
77879 1824 
79859 32718 
60810 54805 
16549 39064 
73404 50679 
94995 12584 
35610 3377 
55744 27139 
23045 51396 
78664 71576 
60920 42455 
28366 74736 
97155 47739 
14119 45898 
89764 10051 
53687 66285 
9314 81129 
22801 7249 
1134 57330 
92404 43762 
73878 80074 
4313 78086 
81184 27624 
12639 87758 
41379 88236 
23065 64525 
96516 71142 
94996 16367 
46524 81512 
32639 63507 
6832 58271 
80220 71049 
28560 49524 
53853 25893 
89212 79359 
87940 83601 
8781 41916 
47574 82095 
71281 43868 
60035 43378 
34927 4840 
48265 61920 
95544 16789 
7132 8905 
27262 58017 
49306 65239 
62135 55208 
61747 33021 
86068 87789 
56088 65138 
22258 32920 
66590 95694 
45349 56512 
47909 50185 
19589 65972 
51548 63649 
82494 53719 
14673 37452 
1892 77033 
77863 20950 
18665 39426 
59422 12945 
50127 61479 
53015 39679 
69688 54964 
82704 81059 
97305 43080 
44836 84840 
32193 1748 
89806 29728 
34364 32190 
48357 72649 
14790 13358 
86854 42885 
25330 24320 
83920 26337 
49031 71323 
56804 16886 
79023 1987 
30055 98602 
39929 40013 
31338 62539 
49581 27734 
19644 54871 
40797 21011 
99680 99370 
63060 41208 
52892 36486 
62186 52365 
20348 73778 
92389 98190 
5619 47982 
49661 3118 
26855 57708 
27924 14457 
36373 37572 
90209 38483 
43385 9494 
15889 2387 
20912 64999 
32028 56086 
51436 3499 
61958 13173 
67533 75887 
27462 18640 
73482 60210 
22240 22558 
91797 26730 
33860 33454 
64628 33413 
28946 22968 
54141 29665 
32113 54163 
28311 36096 
22988 9939 
88906 11166 
47635 5077 
97040 11721 
90792 75730 
78293 3804 
83567 53529 
44191 82501 
27572 48006 
49761 15205 
949 80620 
17889 31330 
74349 36491 
389 43354 
5641 25747 
12974 98996 
967 75473 
76706 32388 
26757 5310 
22080 3333 
32380 75059 
63515 88006 
96370 30987 
31833 11936 
40471 19063 
60223 96654 
65260 77959 
55191 25088 
48667 72423 
48196 17606 
14467 78491 
15935 50542 
21628 86037 
77643 42106 
47423 41248 
26337 76793 
37255 11910 
27561 38681 
72413 21738 
24004 76486 
63300 66494 
17244 28797 
10146 94279 
58934 96593 
85838 5123 
72880 61978 
86192 877 
46778 17007 
61865 95431 
77743 84531 
93060 77396 
29347 84193 
93289 2634 
59505 21028 
31667 82433 
8355 51531 
44576 24579 
93176 12675 
66982 79263 
43434 82994 
51327 39447 
23193 81713 
57596 46267 
30427 1811 
92040 53992 
33169 15994 
43993 16216 
973 90736 
20326 65224 
16823 92861 
5285 69813 
9409 75584 
79851 73408 
28602 86495 
19171 33878 
97990 48662 
49263 9281 
17508 27844 
84892 59571 
56458 13740 
89363 63377 
72659 11291 
93952 81036 
16967 59201 
89809 30345 
34085 67203 
58356 79870 
50378 91012 
37591 6154 
47277 44480 
31145 5789 
54948 82157 
54561 1079 
65013 72283 
78983 28900 
53421 20173 
76273 56353 
24973 95036 
91574 23958 
39536 59424 
69410 77373 
56646 99883 
37659 12002 
39977 9760 
10052 21370 
96073 80718 
2371 9764 
82771 18206 
70056 2398 
11905 7926 
65712 62231 
88153 25302 
83815 1575 
71327 97999 
6907 58769 
22912 2763 
92659 95429 
99338 2138 
44415 58179 
84243 4073 
89162 40265 
9915 58004 
46356 73087 
4101 84669 
8630 75431 
12573 73749 
71119 89065 
90093 73355 
40019 33380 
22842 38465 
22915 18854 
43917 1579 
53569 69412 
30160 78205 
32044 17097 
23350 22219 
67397 48994 
1727 1695 
94648 5970 
38828 74520 
338 55543 
25800 4901 
31694 87088 
605 76820 
83280 6564 
22980 28573 
51982 40102 
57527 53699 
26272 91038 
78973 87922 
28920 33346 
93426 29210 
63664 65944 
77371 18551 
25840 96957 
72158 42813 
24541 74807 
35946 7808 
29627 33830 
47285 69665 
733 76171 
74988 5669 
77414 68818 
77441 51896 
9642 94871 
71186 34326 
86117 61563 
13369 72527 
74175 34013 
75589 40589 
19578 33342 
47676 28658 
67036 10540 
99144 60266 
53070 83325 
43287 85564 
91639 2279 
94339 88649 
19945 94634 
81647 18360 
96926 19362 
86452 76248 
50173 55596 
96664 72843 
48332 37903 
32944 93924 
35560 46574 
85413 2191 
2178 58835 
14490 36543 
81384 67775 
11630 61119 
55758 79784 
86172 59310 
29239 8419 
42989 64168 
70374 92882 
42358 65914 
60838 82662 
88197 39742 
89598 46400 
73763 92621 
17543 82667 
24917 36549 
16 33098 
20233 57471 
95395 24204 
34524 64078 
6728 93183 
47736 68699 
396 85186 
84731 73760 
20864 44757 
3115 11540 
73827 62510 
26076 12445 
81383 79660 
25077 57544 
22345 97612 
93310 4842 
58419 87585 
14969 65550 
12648 46124 
27677 46565 
10450 96362 
95829 68456 
15456 92008 
61125 14410 
92538 41304 
13251 64931 
8580 31577 
28444 25532 
37919 1496 
56562 60198 
73852 77789 
98366 2127 
60204 65934 
3832 25039 
47664 60191 
39620 23296 
48458 17383 
19241 67165 
9898 20922 
62978 70699 
52423 46866 
56303 34079 
21009 32155 
5295 99663 
80141 36662 
45480 91581 
42017 85373 
46568 92378 
55267 74701 
69683 47060 
97186 27867 
76017 74808 
6306 88262 
56193 11700 
64151 46843 
48218 3987 
85064 9848 
38506 20757 
1256 26541 
95293 57305 
36565 13137 
66625 56032 
46867 28746 
86178 80458 
67712 81897 
69305 39692 
50442 72079 
48984 75675 
86942 99763 
96783 93576 
20094 10473 
97459 36886 
12153 73750 
97486 83124 
96445 36208 
27586 63448 
69165 29411 
7256 90076 
87509 57907 
75306 9097 
27976 40521 
54591 83068 
24393 28882 
51406 47737 
49087 81175 
10422 80290 
22560 26212 
94571 62734 
37159 13203 
35951 23315 
58438 5956 
8624 91333 
24256 46772 
7048 6272 
96129 84884 
74971 80858 
29962 37095 
18736 29477 
23989 24116 
56252 38316 
70618 5104 
98280 71676 
85840 15067 
32240 80065 
14952 95005 
80384 43 
16587 93080 
33975 13174 
8369 6589 
23025 62065 
16999 29140 
67170 5116 
13168 65203 
67432 28455 
27422 75066 
40892 23446 
36941 17254 
70723 81248 
85187 62562 
42542 52086 
46436 64156 
64731 66195 
75488 81523 
25141 15877 
89133 72597 
19508 53626 
10480 87988 
97947 70025 
69813 24020 
15054 76890 
96381 17127 
36415 36089 
54377 91212 
49760 42550 
73322 1650 
52504 91143 
98179 54894 
39095 31432 
37736 21042 
91374 41767 
21151 98183 
83051 34706 
82027 31998 
45456 39495 
76968 41851 
5856 94114 
11305 55456 
1941 19362 
88532 8237 
96478 40502 
21935 20620 
64672 68200 
47038 26726 
3428 49783 
51678 91365 
16493 54309 
96882 18672 
62387 60482 
36192 25408 
13028 75161 
53684 24668 
60160 22004 
31639 41640 
23942 4759 
27685 62041 
63488 67749 
88189 96010 
62680 47309 
49790 25469 
66220 32245 
84168 91350 
70702 28830 
22517 68610 
33365 56405 
55626 71533 
47236 83358 
43121 29641 
45547 50076 
81083 75353 
40556 15371 
71160 88576 
72366 6007 
6227 50518 
41810 45081 
37761 69280 
28191 84380 
18320 53151 
47404 68242 
18859 24051 
88896 12043 
5088 83179 
80967 87095 
19679 63674 
73050 65587 
57853 31014 
90906 94111 
42711 20818 
16091 32412 
3672 35908 
64566 15164 
36454 59695 
90986 68914 
76260 81369 
25017 43766 
47204 69842 
53891 99936 
60443 78047 
1482 23023 
21123 6942 
18345 28631 
69927 9451 
89411 56938 
28893 68556 
86492 50869 
43135 40922 
41234 57708 
10181 17662 
90859 93333 
66886 17222 
53794 60652 
60215 91906 
25203 19439 
62670 99149 
43486 63412 
5715 61426 
67942 72235 
95305 14559 
25109 71076 
42449 23170 
26683 48395 
88714 24194 
35454 53845 
31686 44578 
57373 22480 
58613 27698 
67635 48904 
77808 94530 
36571 65572 
96866 60215 
7192 63122 
34342 24446 
90376 27459 
67262 54959 
85969 58239 
10684 87424 
8510 76473 
97501 72154 
94781 25157 
76779 8321 
97084 16155 
77136 19719 
20906 79002 
88023 42650 
48557 22865 
96244 16105 
1391 31576 
77643 87198 
32399 73492 
84598 70663 
8207 22853 
88845 30246 
34988 57393 
36088 81942 
6256 18149 
43964 54287 
2238 91711 
28177 79298 
50256 2624 
72908 29132 
63490 84207 
71147 58216 
11515 29732 
48143 58288 
40172 12751 
46897 84728 
50608 5278 
98502 66515 
67746 15606 
22064 69316 
76969 13726 
99066 41428 
84458 11653 
45243 35701 
61430 18371 
59397 67063 
65409 94695 
63043 34896 
92705 92055 
57375 12270 
5456 70977 
14776 79919 
93834 60035 
90922 61845 
79467 34066 
90529 1566 
39628 61658 
44862 3282 
33440 96234 
62378 50611 
41091 62484 
95189 7033 
85000 20481 
23532 96852 
87875 73493 
98016 63176 
36801 22335 
95145 372 
64749 59021 
35455 62373 
31328 35582 
85586 55418 
83123 40061 
15707 34011 
639 61054 
11918 32278 
93631 24574 
49626 79420 
89543 42616 
18352 67559 
70784 21446 
51010 63057 
55742 39508 
51454 78249 
85728 19738 
32904 49540 
75443 89164 
76856 99951 
8095 39864 
97168 99435 
7965 79655 
47242 74691 
2988 88340 
39571 61676 
97848 75904 
56379 38675 
14097 72740 
17700 25513 
17987 68800 
38952 85400 
48980 58513 
53914 19880 
82306 41370 
974 4501 
7501 74284 
70646 73070 
81473 71125 
90531 21729 
19466 97292 
80291 70612 
20198 12745 
43635 90444 
82453 75600 
76956 74231 
59610 30228 
64939 10025 
15857 68720 
2341 89802 
93227 72654 
28097 71576 
72179 13296 
83012 97159 
10052 12687 
5519 56327 
71551 45475 
61330 79682 
23295 91984 
62288 37113 
50531 36622 
67304 16521 
68240 42624 
74019 58333 
41178 24007 
3639 25377 
97780 78714 
53407 94763 
21416 43111 
41232 68711 
29121 77303 
95244 14632 
2721 93192 
47394 61271 
20194 92760 
74659 97338 
46120 92747 
94057 41847 
79256 73729 
58356 81201 
22540 6511 
18234 97125 
36239 76840 
13615 41639 
58517 50642 
31994 50531 
29317 96271 
24809 25166 
33272 7725 
4225 53977 
85249 53350 
52224 89595 
18179 8231 
61440 45368 
96976 15295 
92928 25835 
74637 60088 
79905 59794 
27023 37261 
28462 61682 
51365 32983 
66343 7263 
90186 46819 
69128 72986 
47126 29058 
49482 54898 
94053 15022 
29619 52592 
29909 96622 
29720 76469 
40849 83178 
95776 12432 
28577 68532 
59162 57152 
19136 39493 
67230 19180 
37993 31876 
49304 66416 
38878 64707 
85687 88842 
3652 60599 
28622 36917 
88382 90878 
83643 90674 
76817 67727 
97339 12295 
16646 42439 
13267 35836 
56194 58799 
51625 51769 
69609 53686 
40237 51144 
57150 93188 
74513 4409 
33833 81821 
12293 63338 
74482 84908 
15774 90987 
66132 59703 
37263 44242 
29782 99589 
8036 56292 
12653 57441 
30337 92202 
19371 29229 
91404 79802 
45939 46974 
15348 50212 
3862 51381 
43848 57596 
73479 88774 
89829 86095 
5327 4410 
39622 93415 
96262 84813 
88617 85154 
3123 35458 
82982 61736 
20859 66944 
5756 30655 
44351 2766 
89477 30779 
53534 14818 
59475 72566 
10005 38987 
12055 58309 
29918 22500 
10010 9907 
2792 7126 
34281 98148 
58739 57905 
65017 37140 
47663 5764 
77906 80272 
83152 84207 
32371 29950 
21055 5188 
97067 52389 
88153 37359 
5084 70837 
49869 21078 
56377 95889 
7619 78856 
88134 39904 
46194 57394 
15180 54060 
9474 67900 
1957 21213 
68799 75091 
65225 35446 
62507 22084 
22370 130 
27400 68321 
94025 80260 
13345 60762 
41694 52021 
70722 54740 
71185 2724 
27110 50216 
60838 47709 
24378 11586 
79937 47235 
70266 94792 
47110 26075 
69566 14146 
41169 21245 
39178 43119 
17528 9190 
78614 58268 
2206 92753 
62895 3564 
32387 60381 
48382 73546 
87606 65281 
33671 88070 
8851 10603 
97533 58840 
34238 68250 
43744 28501 
89339 3530 
18701 96736 
57918 25627 
31891 34646 
24466 34736 
1551 28628 
23850 90736 
68262 88024 
55307 85364 
67775 97029 
18150 60142 
31020 90622 
4749 75681 
84010 86773 
42719 4467 
53308 12711 
12698 88896 
43715 21736 
80723 79058 
44033 8889 
74903 40643 
34012 98720 
4957 2382 
11020 96469 
70166 94509 
28511 65152 
26343 15043 
40012 15387 
85706 49014 
72136 72213 
4842 57310 
8068 13727 
75433 46411 
48956 60066 
70039 28048 
34846 28054 
10907 78717 
49055 56808 
23671 12942 
303 52642 
9748 91357 
75444 97784 
21352 94903 
82323 16788 
51252 9809 
57032 96912 
55775 84558 
92790 14317 
13991 39644 
58675 26663 
88653 33688 
15615 54431 
95157 15356 
4317 88319 
3655 19538 
75242 28047 
96413 98360 
54239 79170 
77615 12864 
89147 8758 
86023 49568 
2429 88278 
92272 67622 
82834 32562 
72021 26909 
85095 77449 
33812 95179 
70863 25492 
46187 83207 
16328 29067 
52471 10946 
32411 73302 
83599 64793 
91941 67407 
79470 66324 
34883 52330 
7518 36250 
27484 85090 
23549 3838 
84095 65700 
54377 81670 
21474 31312 
94353 98372 
4542 53985 
98647 57829 
59827 43480 
24960 72381 
78265 74482 
22330 99664 
2539 28912 
90788 97971 
95831 68242 
38850 3429 
18598 28226 
47166 23746 
97947 58982 
6126 37954 
60173 17068 
32833 89305 
11220 53034 
88555 59354 
92080 27816 
11621 15282 
6580 34471 
52713 29621 
17535 97899 
49592 81822 
33879 74530 
6505 64458 
66229 76384 
49904 33380 
11183 99508 
16547 60762 
35725 45446 
92655 72731 
72279 86238 
63549 79143 
2193 38390 
51987 32096 
901 79302 
20452 81869 
41506 60850 
87697 34255 
5197 49127 
63088 51623 
26714 46802 
33645 81548 
10956 35087 
48137 41477 
92897 6049 
30200 35660 
77101 42765 
18143 31450 
85433 44797 
73007 76067 
61976 89516 
18341 92072 
32676 65985 
75331 50044 
93929 17463 
35084 80310 
9078 80984 
66249 52124 
24722 18073 
90618 18274 
79759 89333 
71951 95891 
69262 37452 
53981 30081 
42543 8132 
52424 66016 
60202 56498 
52775 37270 
8479 57740 
90768 63396 
70882 65058 
95609 38159 
86858 35422 
57436 81324 
85178 74223 
39935 21532 
65749 33581 
96630 75548 
17724 35904 
65088 90052 
4055 84213 
7153 16130 
13063 63833 
35253 93784 
76124 36235 
14957 33986 
77219 75124 
62163 99230 
34914 97319 
59662 2 
20208 96537 
2264 44244 
84741 96871 
42318 99615 
13024 4589 
48129 54253 
79611 51806 
6662 90747 
87578 93651 
98879 20130 
88165 41750 
51146 57990 
33148 91159 
19388 63156 
91248 25308 
94000 925 
67822 64108 
23015 37426 
3111 54050 
38591 19469 
88466 85937 
37658 45105 
32277 65846 
11348 84137 
27733 57972 
39869 64925 
23067 64195 
69518 4122 
71619 4549 
66814 19312 
43818 15180 
1018 31065 
16095 85973 
40834 30527 
12802 18709 
63645 61419 
66315 98436 
66374 41223 
77859 35660 
35919 25293 
6929 55057 
84052 99804 
90768 77583 
76816 74670 
97010 67161 
91623 35968 
42358 90604 
16656 8881 
68115 69955 
66611 76839 
49391 90154 
26424 240 
28986 61733 
50377 79074 
9222 28188 
37769 7713 
5422 50757 
78378 77321 
63251 99506 
10969 91528 
68819 28945 
66394 74451 
35192 18849 
73110 66606 
31916 16515 
87480 23911 
35158 25379 
73755 57707 
15235 46728 
99416 79636 
45603 96208 
30363 44185 
12764 84854 
7417 13868 
30109 75602 
60729 7235 
10359 526 
71862 28307 
31050 51507 
24705 17529 
35426 37599 
95825 8953 
47148 36036 
22468 26129 
41353 50675 
52151 61 
6930 31559 
21608 46572 
55243 2417 
34868 97579 
79107 89034 
10293 41007 
42446 40809 
44673 87460 
85887 90219 
98778 48284 
66407 482 
43283 79250 
10241 10414 
16533 16888 
47354 97275 
36398 10336 
13137 43362 
77239 30600 
48329 10143 
70057 21243 
1754 94956 
8932 39773 
42091 69570 
50130 27372 
14696 77391 
71556 36132 
37395 96621 
19748 37573 
15216 60404 
9185 33971 
68169 61781 
54392 94938 
8482 61242 
9195 45638 
74110 57709 
59446 40212 
23868 79991 
65626 64212 
26193 5058 
79958 23202 
28326 11922 
69032 91251 
75639 35499 
57376 12585 
61820 93478 
70052 72506 
29837 21088 
93032 79499 
10860 63552 
88995 29488 
83734 44116 
3137 55316 
61140 46703 
68686 99785 
60227 26591 
75050 88970 
95301 89928 
92849 24013 
38050 63474 
59587 54256 
26831 9657 
17285 42297 
70695 28834 
59141 82465 
86124 30597 
86123 88169 
24856 49041 
96369 20766 
99703 23065 
30386 92774 
91940 62153 
73221 41712 
28631 70457 
71175 37278 
51135 7626 
55071 54269 
57128 23488 
74691 16361 
87570 15499 
39721 91753 
47399 22854 
31402 701 
94073 89180 
96033 77070 
1696 96938 
56594 11314 
10040 993 
81968 90644 
97632 66219 
34584 43671 
75941 44607 
76790 91434 
87753 11013 
53853 4460 
6973 13501 
87199 66418 
79396 84196 
5375 48888 
14368 99599 
12164 8940 
35834 75539 
41396 31428 
27886 31222 
76218 51320 
64743 59306 
16933 7876 
97999 94483 
65983 2094 
84984 81742 
61268 51638 
81287 7293 
29690 63304 
87733 70113 
51685 72110 
37552 40081 
24455 28206 
32971 69916 
86728 48064 
92181 2410 
21084 84794 
47340 41914 
81243 13912 
42259 39590 
1170 75539 
14394 75628 
30470 61756 
9957 8462 
6245 88714 
73251 938 
15450 47102 
71704 26473 
23754 81719 
66669 4420 
47005 11131 
16665 13186 
19619 61780 
4554 82068 
70575 57425 
13040 68373 
52155 74414 
33922 85039 
79162 46028 
85689 55827 
27107 75062 
31324 40068 
6645 92740 
33613 87033 
78572 84270 
58761 51177 
98749 86531 
40804 23832 
85570 51809 
49087 14341 
83914 62971 
58963 44240 
59030 80128 
11940 1729 
91342 96555 
65632 40536 
58965 82538 
76185 97185 
88482 99829 
26222 43779 
26585 76492 
9920 89563 
35220 42197 
13480 93884 
41131 37392 
84028 55580 
77043 26298 
62899 99406 
36181 63270 
70314 88811 
24436 84858 
67576 56160 
35207 25765 
90234 56480 
90784 85886 
41062 18836 
91138 7777 
55226 90672 
86039 59125 
1688 44729 
39698 53182 
64669 45627 
88421 81638 
56905 53744 
1288 79010 
52478 77731 
41423 85419 
91142 73800 
91175 25462 
98361 29876 
48371 74924 
85704 65785 
22749 44180 
44732 26795 
61825 67413 
24222 47201 
13623 50130 
85323 13042 
90070 93984 
62170 58629 
29335 87517 
16495 90241 
67965 24210 
63969 42173 
24420 85104 
67256 35252 
64431 2242 
36190 26009 
65614 1335 
49026 5887 
23819 7293 
10367 34179 
46966 84646 
91141 65826 
63443 76383 
53954 65787 
31605 99366 
53123 85369 
74539 52233 
12914 12721 
79950 92578 
29731 99661 
98906 44203 
14481 10039 
49110 2360 
89806 31042 
78512 15169 
83594 38186 
73252 32762 
14925 7143 
312 32215 
51529 21145 
59694 45947 
28887 31393 
83560 44051 
60234 89698 
60493 46849 
34035 87559 
81866 73026 
90898 3908 
4299 60771 
95438 84967 
97278 34648 
70249 53987 
98222 29290 
38946 76043 
28642 22481 
33123 83675 
34505 74879 
54139 2815 
1515 21326 
44785 5276 
61744 9616 
18167 54022 
51890 36568 
11559 490 
5430 88390 
81526 39453 
60999 52582 
33244 26184 
47588 31982 
81763 13185 
63471 58090 
75857 69244 
262 70416 
76127 2334 
76091 1354 
68208 19640 
32619 81974 
9196 22970 
19444 63107 
50826 55856 
36446 28257 
56482 89846 
29697 60094 
30748 61817 
39787 10689 
10035 51559 
82788 17138 
20692 19460 
3504 98859 
97063 7813 
78301 70600 
66124 46082 
60516 6073 
47577 90395 
55263 91132 
88742 70615 
82489 12537 
52083 14523 
37160 38621 
99880 67958 
83736 61527 
75341 32209 
28416 87201 
62365 95522 
97096 78966 
17188 44260 
9617 83229 
4324 1105 
81559 91780 
36467 52574 
3725 24124 
13475 96265 
46398 45433 
79049 59364 
10573 70946 
65401 14312 
1584 46028 
75994 44957 
31885 32613 
64334 97065 
69231 77363 
2838 80795 
34093 84649 
99959 79515 
15858 68337 
16039 59301 
21232 10344 
48758 66542 
90218 11097 
7599 47223 
15148 77232 
73402 20814 
76466 55309 
43859 94120 
65314 86757 
98719 6009 
97433 28952 
79509 52624 
35504 60040 
67735 54522 
27765 61022 
62805 92104 
39592 47617 
6332 53764 
1703 6535 
73025 12400 
23748 76060 
50000 70222 
25259 99226 
56169 89243 
17291 69346 
11240 55409 
27559 82325 
49927 8011 
99462 7890 
91102 2838 
11119 92810 
13923 67469 
54391 13116 
63385 50180 
85818 99523 
6253 60119 
11522 70462 
85025 45724 
96334 20536 
72341 60811 
93751 28711 
11166 23296 
77809 70168 
37114 80254 
20556 38535 
18443 54772 
99510 11033 
16521 65064 
38380 18149 
64996 74320 
81245 11515 
89414 50992 
75529 58957 
40714 93527 
92310 34060 
95792 977 
43851 9082 
86245 51533 
67724 4679 
52449 84652 
34475 97686 
84271 69328 
1527 39038 
2012 80958 
79848 87944 
51574 2338 
1886 25551 
36406 10501 
79369 71585 
85402 10457 
17808 90839 
60757 29287 
10857 42880 
42658 89657 
72193 97970 
88742 40484 
75138 14972 
55417 34307 
61011 52850 
85406 5851 
46003 66432 
11302 24365 
3367 19171 
98464 63464 
22813 30945 
52213 56561 
52207 67296 
44104 83395 
8016 67996 
69950 63726 
454 7485 
38295 17977 
56824 77469 
2221 91398 
42316 82831 
89632 28287 
71350 46036 
57576 25852 
74541 22321 
94726 93508 
36431 38227 
22752 92698 
47394 79396 
2151 34794 
19436 70077 
30977 70172 
102 6402 
35970 10279 
81300 28240 
94725 86280 
40553 40339 
94851 62883 
71073 22452 
31448 93922 
53995 269 
67795 27548 
1219 84249 
35795 43142 
50522 21805 
32482 29532 
25968 49816 
76848 94645 
86091 79051 
27257 30434 
69950 89866 
23864 43721 
16852 69389 
12775 3553 
79408 74436 
29065 48713 
71550 61507 
64313 45250 
93230 85491 
20983 83176 
51761 32054 
60763 53940 
56082 15231 
86862 55860 
94735 41320 
61337 33354 
20904 12986 
47655 67671 
58613 23317 
85980 1724 
13030 68591 
54116 99730 
14767 90670 
40519 13514 
53203 45131 
57511 51691 
57052 79696 
52561 25350 
61748 98954 
33453 74446 
62718 86064 
9154 62791 
91166 49828 
62393 66361 
64758 66431 
12226 69565 
59423 89149 
95266 27189 
20450 6438 
92823 45937 
81192 39081 
57819 88786 
85863 80463 
50157 7822 
19313 513 
72130 66794 
31092 53518 
6473 23308 
3745 52743 
98839 2405 
55989 681 
93769 8206 
90266 92759 
28603 88366 
91153 44453 
13368 87292 
56192 27019 
76287 98362 
93942 35434 
34364 52863 
55381 53622 
56419 63905 
74284 26707 
21954 77255 
79783 97746 
43413 67891 
10037 17313 
11682 60961 
99808 88268 
45076 48948 
36677 65224 
70596 22999 
80772 88429 
42922 35720 
21069 95190 
11343 65152 
97691 18462 
77805 55234 
54100 51853 
50217 66740 
95682 33048 
84384 84484 
21921 73531 
25171 91555 
68248 41511 
2939 39374 
40582 87041 
14818 13597 
50702 83631 
22052 20162 
63814 48973 
24421 93260 
50997 98967 
30670 57544 
98728 83791 
29903 60601 
65236 52588 
83061 28521 
89198 94159 
95887 87339 
50116 5094 
5191 36189 
51686 43883 
8777 54217 
49582 39818 
96019 72585 
73285 38851 
90905 45377 
97948 85109 
2240 8747 
6742 56371 
86749 26380 
46758 94574 
69989 81110 
22219 98297 
37246 87519 
87647 73178 
2019 68387 
569 68328 
83216 59054 
68469 62095 
73865 78081 
77888 98873 
63899 30030 
24962 20186 
87521 86758 
76105 77876 
1646 27295 
75209 65013 
66133 3225 
79381 50985 
88746 36376 
49164 61267 
18234 48761 
41080 99464 
17443 70842 
50509 69508 
25028 73533 
31078 19235 
19123 21810 
73111 93103 
29244 53335 
58176 51428 
3711 44213 
19327 86250 
29076 35807 
27385 39860 
15281 61489 
92456 10989 
5721 30252 
16837 15800 
44901 95324 
60567 56084 
38032 60214 
84111 35431 
66725 52091 
13995 55660 
82805 22936 
36710 20398 
88352 22621 
63757 70501 
24207 24861 
26483 76820 
31458 76958 
53157 19886 
20874 87293 
52734 93173 
83729 60726 
79850 76861 
4180 41384 
83802 42426 
88101 24753 
50627 64835 
6207 56559 
31865 38819 
60334 44601 
16179 18389 
20913 71551 
40740 24680 
50916 11627 
58123 96196 
27038 22160 
71443 87661 
92332 2229 
25542 58931 
26242 84887 
95277 33803 
97710 56909 
43303 50072 
74999 80592 
29203 66793 
1845 25803 
39436 42479 
13770 7302 
73281 48835 
60638 62305 
63815 38638 
21954 96315 
34920 43495 
49950 71441 
95428 37466 
52148 10750 
49726 65932 
29890 44621 
60489 5564 
22223 30662 
33698 90904 
65562 37412 
8665 15813 
68738 93892 
26550 93921 
20272 71990 
19672 41200 
90197 86762 
10905 25962 
62215 70874 
37528 16760 
33681 3780 
17157 47128 
50675 53627 
54697 7537 
3348 20482 
48736 69623 
92721 53131 
93424 45445 
94344 48555 
87559 85469 
86442 33091 
56497 22921 
80619 67385 
64430 79324 
91729 13410 
44721 56262 
10166 51162 
4153 51808 
94613 35065 
63361 56540 
86217 35698 
80120 3726 
56177 21143 
64821 70976 
37885 94077 
38147 56574 
62071 15653 
99828 82677 
8788 15302 
74322 9721 
13623 6777 
74377 81610 
17165 5056 
76622 59656 
26577 66191 
34721 44724 
65987 52736 
65075 31698 
28477 61090 
27646 88091 
6608 33892 
90232 99549 
70692 20575 
8324 78967 
84435 42212 
74706 93085 
96123 63025 
92987 20668 
20162 70195 
7552 19779 
28590 16104 
78699 48132 
5070 82653 
26251 50145 
74923 86043 
77496 97091 
13910 52181 
46061 42586 
55767 57837 
37141 34699 
63888 50740 
21506 8050 
6122 32991 
45786 64558 
73262 16483 
49766 39872 
11633 36469 
42778 43982 
98073 39980 
50726 59206 
71638 49478 
82904 76430 
50525 38970 
83470 51419 
5001 49721 
26309 66973 
27519 15786 
83957 93859 
39742 65778 
51388 53701 
2875 16591 
33676 371 
52465 77241 
12882 52952 
61742 36573 
94015 32958 
48633 17243 
92471 81251 
80715 40227 
66135 55980 
99664 59033 
14115 41865 
82183 90873 
61101 33280 
77900 93227 
21414 88846 
16416 8559 
90035 93620 
55443 27384 
39254 6465 
49902 461 
9064 14832 
57876 64537 
66993 66920 
63465 32958 
78826 2064 
88900 42327 
75477 54218 
88661 39496 
23294 60510 
66880 39386 
5118 67109 
35987 83386 
97692 88028 
39330 80597 
87334 38976 
93399 19689 
264 38022 
66354 97876 
36591 37561 
98671 25310 
87660 27983 
89049 28126 
85328 32420 
14099 91467 
78710 94087 
23890 54985 
59016 43005 
57075 97638 
56347 17229 
49119 26034 
13640 5256 
65041 11171 
2449 70890 
74142 2074 
82837 19591 
98333 81663 
25357 66234 
7959 20147 
6991 68194 
9451 24262 
64845 94805 
67637 76910 
41521 14488 
32242 11034 
84304 94243 
92846 64028 
66646 22677 
69538 14537 
84904 87385 
57470 12206 
45886 60257 
82747 72730 
1493 70151 
94308 25521 
5561 71383 
11920 69373 
65021 48616 
73891 12673 
32563 33981 
79813 49055 
41224 50637 
3408 46815 
12662 38495 
58447 10977 
80362 62443 
36786 10590 
56604 51168 
1693 50654 
37753 65571 
11916 8019 
86280 49731 
72402 43654 
49888 74547 
56047 49887 
78225 44414 
17574 90532 
75880 682 
25376 44255 
86709 22141 
70109 67092 
39017 92405 
69828 48750 
93696 76833 
80631 49106 
28186 27492 
39061 66269 
57920 13673 
7921 5663 
43931 57605 
70699 90735 
60367 40258 
21457 80251 
98910 30517 
26816 34553 
68404 82501 
94596 3739 
7520 40426 
69685 94399 
65837 88196 
91891 8384 
24459 81733 
92799 36986 
21161 6118 
79076 37019 
16971 6692 
48199 11449 
91260 53561 
9234 66546 
80572 12307 
36103 19987 
82831 10201 
63646 89882 
32990 6881 
47865 3404 
18798 1168 
50860 25509 
46110 31594 
78277 23189 
81965 57233 
92483 48744 
672 37511 
48228 46776 
33208 64985 
49209 63898 
73498 43402 
3735 67624 
26430 44896 
65608 61439 
92009 24779 
82363 16761 
67577 20166 
37181 29322 
15801 9518 
63053 47426 
89964 64230 
28211 12611 
30040 80479 
40363 99454 
43186 39835 
93910 40533 
60446 10502 
89156 75047 
17866 67553 
85384 65125 
44636 80172 
10728 82569 
53528 86646 
40939 80585 
19577 53748 
76407 29995 
1830 96152 
92229 17491 
9933 13635 
9639 74684 
42458 89100 
38777 31021 
27058 78809 
72567 61078 
73915 17735 
69369 27306 
13403 57565 
48125 2999 
26488 52639 
33853 97073 
92113 9990 
33663 92171 
69660 23654 
93843 50706 
6562 20553 
87118 39605 
11217 55488 
5856 73871 
59607 6198 
91741 81497 
10338 35888 
15392 47843 
87323 10326 
30405 6273 
51909 79286 
65469 3678 
26971 58071 
85503 84423 
54351 73795 
48140 4369 
63991 73248 
5458 7761 
8206 24457 
52492 74130 
67759 82365 
3847 69768 
67764 30626 
87659 18940 
50892 56096 
82171 43630 
42984 60372 
84353 7501 
11857 63603 
92283 39638 
63982 9814 
3430 6736 
45650 40091 
79474 48580 
15349 60254 
5016 90980 
32321 92998 
72257 2761 
62566 71015 
56693 68994 
38096 97202 
9845 11302 
17776 70864 
84275 97956 
88868 54638 
23349 51350 
17191 35924 
93685 78556 
829 18715 
11710 21842 
7383 66948 
17440 50337 
77996 8931 
78372 91473 
62741 3858 
64275 31438 
11408 66063 
19732 97486 
81350 40444 
75411 71861 
39753 23330 
81356 76951 
31553 27093 
15982 14411 
56189 93927 
22998 37155 
46480 74465 
55147 82447 
71140 305 
58429 96753 
88790 95982 
13389 38594 
65802 95600 
61088 54318 
32898 52042 
80525 83540 
96161 52597 
51581 65925 
36963 83828 
32944 89071 
32264 20618 
8035 38424 
1886 49627 
3584 84486 
42512 75729 
65324 70023 
39593 1524 
83158 40517 
57747 14652 
94186 94842 
97870 65376 
56166 19918 
74901 67781 
76242 13064 
14009 11962 
182 88840 
84963 31674 
15939 13327 
94539 32182 
1949 8155 
35030 46440 
55427 19000 
43293 54209 
68789 48844 
59217 68380 
83383 14988 
85104 65485 
38858 621 
38190 13304 
53813 36693 
57358 27441 
18735 67901 
72076 70885 
55821 27787 
66705 95842 
1887 72278 
76525 15463 
395 98422 
33173 84647 
46515 5642 
36694 63680 
15187 40539 
68952 36263 
16291 3073 
78910 54334 
63341 81892 
64127 86103 
12512 29664 
44775 50855 
27352 85442 
76607 34317 
51182 402 
77494 91773 
23994 25767 
48532 62606 
63533 77253 
55171 39591 
41321 99108 
96411 58996 
23512 12592 
30862 3441 
13763 48717 
47268 38472 
30735 33118 
64124 35913 
76325 12123 
18049 72352 
2443 83393 
53854 29450 
63911 21977 
60568 64306 
52948 73147 
7154 62709 
46792 17109 
19252 35895 
64116 97491 
4017 72259 
18222 45428 
73945 9533 
75378 24174 
42576 50022 
75225 65320 
65048 1759 
46800 67033 
74697 91846 
58571 77183 
23256 64699 
73714 89764 
66670 47594 
42954 41730 
51147 38633 
56441 9171 
44775 48144 
93380 66704 
28911 3528 
53610 92014 
10481 9691 
28795 68659 
41465 42456 
72594 64618 
35043 40739 
58958 41422 
49223 54758 
75575 79365 
68268 2180 
85581 87903 
49799 81880 
4755 7222 
21215 95838 
83742 96875 
2891 33732 
55236 50439 
7588 81883 
4601 71376 
15629 28498 
49070 94557 
53592 50498 
65423 40366 
10634 83759 
89006 43879 
11024 98188 
17923 10281 
24072 21837 
95449 9522 
33350 84126 
10964 38134 
5957 77242 
55137 44217 
99551 66929 
88602 32784 
19970 19117 
35063 42969 
95484 47240 
89508 16039 
65065 26568 
40157 53749 
87545 66533 
38785 210 
66120 79774 
18230 67331 
48381 37498 
48177 63768 
5909 54764 
40713 80430 
19430 6431 
65709 31751 
95646 34753 
12697 51279 
20045 72991 
40760 92546 
6383 75924 
90790 91782 
37971 17735 
95582 7697 
8512 90560 
12310 65388 
60950 12806 
19296 96377 
91652 35394 
64327 84822 
34199 16180 
25360 1170 
62172 18089 
46072 28819 
53546 74847 
38544 66789 
40627 59728 
3225 21997 
28983 87332 
2412 88388 
6366 76203 
37598 47015 
78395 929 
23342 11099 
61578 66406 
20740 83147 
36244 44062 
92080 87433 
12050 20091 
64955 90422 
86956 19134 
48865 24194 
86887 83323 
30276 83470 
57802 6285 
83122 75539 
44475 44384 
70893 64209 
31005 53430 
83758 63828 
36943 28037 
49557 7515 
59873 52967 
81052 34901 
30397 11039 
73473 19022 
98697 30564 
46180 79432 
3179 96786 
30199 9182 
81197 96393 
39371 76988 
69436 11989 
27073 52739 
7270 34214 
22721 44442 
245 13270 
62668 27742 
22816 28704 
78680 95381 
39572 16561 
83803 53251 
2392 56405 
219 42142 
37327 87204 
6629 69870 
69485 90700 
43699 97126 
46781 53650 
5289 32249 
14140 96196 
60464 55023 
58604 32624 
96687 7695 
92731 12906 
48157 62595 
68810 78672 
74867 36 
19629 55630 
87795 7654 
2844 95969 
73521 42870 
85541 78907 
57594 83874 
43102 75274 
60154 31350 
62275 82951 
39587 13079 
32143 43931 
90398 86644 
78706 60943 
60031 31654 
48847 41809 
76018 72200 
77704 13083 
29626 72712 
79805 61057 
45094 5968 
88793 77780 
74555 652 
33186 12582 
97934 37722 
76299 55382 
74379 79768 
67361 7130 
87191 85604 
47765 24832 
47772 83532 
31548 63860 
75735 51053 
32385 78641 
52149 76194 
40731 84312 
50772 56249 
64235 26564 
88165 23354 
32135 54644 
97745 73209 
30058 43377 
25129 13123 
75520 64047 
62507 38686 
66370 61146 
88337 94534 
34540 52210 
55314 73996 
15657 31369 
74337 64839 
1465 23738 
75124 53938 
76425 7388 
85148 62319 
52506 92413 
57736 93918 
6869 22469 
97448 46267 
96015 43181 
76278 49445 
66927 63925 
7738 70776 
10836 24764 
47559 47116 
8483 68682 
19515 83966 
97054 10776 
22805 91254 
48491 90680 
63445 9303 
86429 92259 
66287 15315 
84776 15498 
66579 90645 
84762 89491 
50369 72226 
39286 22586 
11608 7650 
43469 95991 
20473 82785 
38552 20507 
52175 93197 
82624 92597 
8499 86257 
66134 5575 
75272 9456 
12744 94508 
98198 62324 
46805 19268 
26720 64241 
27570 19176 
71018 18514 
47251 4833 
40767 74303 
65117 87956 
85949 62254 
3039 88444 
39798 7183 
59262 99380 
71861 1692 
6634 35323 
95193 58287 
29126 36972 
35879 44426 
16216 56209 
65335 44800 
78522 99468 
16282 88278 
70079 64567 
51788 23104 
2734 66355 
33463 23255 
16354 9919 
39662 61323 
24894 36602 
17456 88840 
92850 37703 
13184 23646 
9214 3490 
15544 55753 
16757 51040 
62473 48055 
23355 53411 
8470 26322 
68984 74798 
22563 24122 
47177 1550 
88765 72596 
82897 47353 
10666 2488 
50161 2321 
79703 56364 
72230 90432 
52697 92688 
84741 97457 
98401 190 
57920 32422 
15084 30947 
67837 89648 
91594 3631 
78644 85551 
82874 24595 
47838 54607 
97570 23762 
94813 2319 
50141 4743 
79304 29462 
12812 64159 
20808 61574 
13730 43852 
52664 40365 
66845 41468 
45193 59626 
86337 19846 
51150 57208 
33803 23719 
23703 6781 
69953 33405 
32269 88326 
34248 59508 
54747 54698 
55670 10071 
56039 53102 
5733 42195 
72212 4951 
40892 43830 
7288 95335 
45645 78265 
15313 74188 
79933 63779 
84263 25286 
54828 53977 
60274 16280 
9050 30547 
50814 3280 
35518 19458 
23595 26845 
11903 94096 
74434 2754 
22090 34371 
71669 80552 
16469 69541 
97403 15649 
48141 44304 
96524 76572 
39423 12646 
13314 88035 
78422 82021 
42447 92588 
19004 1607 
46236 98849 
59138 12706 
93258 72748 
2372 56801 
54791 19654 
65126 67355 
55003 99946 
78491 55105 
8405 18294 
47433 33448 
93825 27826 
72527 20447 
7990 94347 
9803 97037 
13785 72903 
42803 97231 
48348 59257 
67596 55410 
84399 92184 
46311 38259 
44527 99047 
67642 44440 
52647 96689 
63798 63810 
69428 82489 
72571 49798 
99229 76249 
445 73504 
74905 2637 
38095 96133 
23838 35993 
3156 17596 
93641 64602 
36802 33390 
69195 69885 
60469 59347 
44048 57466 
6944 64385 
18640 21735 
76107 85094 
85475 73222 
29748 82795 
27016 9045 
32178 43682 
95977 60632 
63766 15683 
69638 10102 
83054 21890 
69909 26898 
89781 89729 
19091 39693 
45927 87474 
57628 25027 
44777 65267 
84635 63848 
79077 56508 
94545 89789 
48491 7310 
73984 28985 
63844 66616 
91809 10155 
51075 87677 
62208 5864 
31341 62774 
85886 51106 
55362 37365 
77551 73723 
99917 27303 
69294 62706 
92271 93324 
38902 95009 
14378 10696 
49759 39325 
52854 8751 
4705 56069 
2991 44926 
10067 16906 
5510 21066 
18065 74212 
93279 45865 
65868 21167 
51869 96695 
57819 96525 
52635 36471 
43698 4626 
99882 96808 
30330 40831 
44755 47365 
26495 35340 
57607 33151 
61779 54184 
17917 76447 
38861 25254 
76228 8112 
75723 89288 
66112 14202 
69343 11044 
95815 58167 
65667 24239 
29058 66316 
51999 25344 
72332 44829 
97433 75963 
22095 30254 
54513 21254 
89427 62272 
1089 82764 
11985 7449 
45121 38017 
83503 55737 
37198 56354 
79637 57722 
35625 20752 
35592 69881 
47149 28759 
35764 27594 
22744 32138 
8552 71205 
22353 44504 
80493 9114 
75083 18936 
33093 13703 
52052 73454 
22939 10858 
37976 21250 
71157 41866 
34509 44698 
1766 47730 
53475 37393 
10161 50186 
61358 26891 
72744 81207 
17740 82284 
66620 43307 
9867 5414 
54321 66674 
23117 2233 
2673 65954 
2874 31762 
47221 89481 
57136 34027 
84012 96778 
21186 45551 
69094 96373 
55736 21195 
32747 25277 
78180 94516 
70220 53923 
32943 25353 
53709 55909 
91383 2919 
21290 90617 
34296 95510 
37720 8553 
10805 63730 
89289 4227 
86267 83230 
70324 9453 
88773 54992 
42468 41114 
38960 16541 
99526 91795 
1042 5749 
50461 79099 
24327 70483 
41022 50035 
53954 61929 
70522 70554 
77199 97180 
24458 17149 
37394 27585 
35928 27333 
91374 3331 
9229 58921 
8329 81861 
87549 54202 
8036 88012 
23322 4419 
14675 97095 
14602 62405 
58768 78677 
3735 56805 
94273 8442 
95610 19993 
10433 28247 
41980 53607 
8739 10404 
55574 20581 
84176 61180 
63180 70606 
96935 80666 
80380 77149 
45821 81416 
92291 88471 
57859 56616 
54457 72542 
89925 80078 
85940 66285 
97685 14954 
12690 23312 
64762 5833 
33432 91102 
742 29772 
22624 38525 
10487 85787 
55394 97677 
9197 9497 
37955 80194 
7765 9824 
53619 77509 
21184 38087 
89335 56973 
59112 16260 
90588 21335 
42182 70874 
3503 7736 
50232 41719 
2211 64223 
49368 60443 
66756 56712 
63595 23111 
72287 27395 
53748 12932 
73781 46788 
41546 64610 
22210 75924 
69800 156 
27862 82636 
21185 7511 
94423 36453 
27415 77931 
83465 40305 
88305 65877 
33151 44067 
85891 86001 
47243 24907 
22640 15841 
90921 12459 
34756 29953 
78449 83055 
31692 51478 
14380 46541 
91172 70507 
54790 1675 
95413 45118 
87933 41627 
28694 70583 
94733 49847 
68986 75005 
38721 38335 
97154 75518 
52274 45311 
15992 8183 
31443 27356 
18424 26848 
25196 52271 
69216 51505 
6543 23216 
67831 35017 
42819 42156 
41364 8653 
40284 51179 
75991 61429 
24266 73955 
32952 6065 
30208 16434 
10819 85217 
23263 75788 
9635 75646 
34525 49708 
24496 55130 
475 34337 
46241 7171 
18911 48431 
75136 51919 
89410 23796 
59779 8259 
89265 57616 
57948 11621 
46902 30955 
78680 34817 
13916 59573 
5625 85130 
4173 58085 
20538 79827 
63808 66617 
42759 34440 
59518 10249 
75630 33397 
24176 35894 
4018 90957 
78604 98680 
18453 51933 
56230 50475 
50875 26268 
93411 16880 
94575 99350 
12352 35858 
46637 10757 
15826 71058 
55041 48194 
33342 6017 
74550 60461 
6907 71569 
35615 53578 
81209 58135 
8740 97555 
67837 16987 
3113 37811 
86036 60172 
72760 74854 
43575 27444 
16104 48624 
10421 393 
45504 39731 
55224 8889 
72229 78875 
60028 93018 
99258 37828 
2135 54905 
39426 60621 
93747 59107 
79650 81969 
99755 17711 
93298 71456 
11987 26849 
62269 36643 
44243 5011 
7918 16001 
26615 20378 
45711 93472 
19865 84315 
72315 70439 
41059 31256 
65827 38036 
90177 1375 
29921 2977 
94085 91779 
40934 33449 
39034 44385 
63238 8141 
45776 94223 
82751 71088 
52406 10575 
70987 17781 
9207 25202 
32832 63853 
57055 56846 
10014 76683 
56361 9241 
9261 82352 
57055 41086 
99213 95677 
51770 80737 
73369 59403 
34193 85803 
7731 20134 
92423 28432 
51241 13247 
3257 20723 
74725 76736 
57440 81547 
69787 64855 
38230 85990 
32927 86418 
96036 31700 
92130 49724 
10401 2603 
33298 56371 
7289 9780 
62079 49553 
4412 41742 
93024 88985 
90221 61883 
92466 94188 
3262 49616 
14119 70647 
67718 93480 
57094 9231 
58270 9475 
44916 28253 
12803 75932 
71068 9694 
85029 47423 
81688 66355 
30763 34520 
69289 65097 
51349 13686 
32689 22810 
75673 62101 
17849 86402 
48222 95957 
91862 5840 
4801 27554 
18120 10165 
59814 46470 
94486 382 
99435 73150 
88284 80303 
73498 29448 
52037 56615 
5637 19976 
32075 52868 
95955 20548 
88508 98573 
73438 25573 
29508 74209 
66346 14963 
25475 15718 
97992 62905 
9342 7929 
82579 25812 
88161 25364 
91208 14829 
88061 11007 
81679 79457 
29768 18856 
37371 3175 
85125 84496 
40291 39392 
96343 29379 
11267 96601 
49267 49176 
86310 15343 
79444 84298 
62331 66350 
55594 21550 
37673 39225 
28866 29916 
93338 84058 
58261 90581 
9322 14579 
22709 41542 
87133 80748 
8484 20567 
54344 71156 
17024 56750 
59949 11146 
72654 30519 
30327 81266 
22341 94746 
44788 92483 
10324 25462 
6918 19542 
79302 49692 
33421 11883 
96832 80037 
55620 72765 
30712 70925 
30490 21526 
317 99783 
87845 31377 
12222 67918 
98250 65678 
47909 10517 
32216 19332 
8959 2911 
95448 8773 
40849 51175 
67157 43931 
50330 59069 
38878 58657 
3306 70524 
49781 72262 
40290 97085 
41098 4141 
74655 53121 
7084 65909 
45328 38105 
2855 11018 
79985 24922 
80461 30553 
87437 35865 
63711 45666 
38606 13927 
39579 62116 
14343 25936 
39394 20387 
95309 66249 
6588 96084 
44243 64966 
99395 79625 
84155 42996 
56724 91650 
7336 97810 
63312 71196 
59555 48368 
86287 7315 
31393 15430 
19477 71674 
54408 64348 
64030 49599 
43653 91474 
94362 60080 
50060 92378 
6969 1487 
86286 10407 
26290 59000 
67849 27420 
46624 62262 
67717 25093 
21966 87287 
17011 14785 
76717 55358 
97048 6719 
99339 93482 
58696 65121 
98332 85882 
73863 74944 
45320 64096 
70877 27952 
3562 54438 
30680 21178 
41860 25883 
23903 49161 
63649 58895 
50304 62864 
38909 86267 
1475 62803 
12646 40747 
5357 91672 
77776 81040 
26797 92640 
42599 57694 
92250 3474 
93397 23489 
78683 63796 
51282 89091 
56857 23019 
49035 74082 
7366 49905 
8489 5909 
34162 61163 
81918 74857 
84794 6165 
31902 61844 
49140 67585 
63343 17660 
49173 63671 
88552 87207 
51143 66840 
1751 40358 
28506 85425 
62889 92258 
79056 90670 
42291 70191 
52926 9413 
57476 11598 
79477 44448 
41393 58373 
90554 29140 
17315 46279 
25208 70653 
19863 75118 
66677 87014 
93836 85265 
6301 97252 
23013 59197 
50986 80962 
89552 12883 
90943 83910 
41345 41190 
22666 9686 
49400 33909 
78427 3881 
70304 84571 
48075 6930 
89785 72927 
91493 24497 
12617 13750 
30807 40158 
81340 29603 
80293 74143 
51725 23236 
18876 74040 
26415 96514 
35248 8592 
49842 87044 
78813 24121 
97324 71169 
31065 14609 
49130 12495 
71420 51078 
26345 18876 
49177 13708 
79538 7547 
88961 70948 
63506 68069 
50874 53950 
1788 55796 
38549 81718 
43166 44773 
98387 2673 
39049 18297 
81498 31673 
25401 77807 
46196 78054 
75799 6327 
63396 79885 
3227 31403 
49821 82373 
27400 94255 
94688 24240 
91653 46851 
64370 24899 
8894 66632 
66500 97388 
39601 99833 
30098 47258 
56545 18671 
11503 56014 
30693 5072 
67259 89196 
80631 54233 
44563 13813 
63933 24945 
27494 57618 
53010 50473 
42946 93562 
30288 63694 
74050 86794 
57976 83281 
50850 98686 
26192 53890 
88064 2625 
59915 32665 
18022 29695 
69983 66763 
23200 28858 
66280 12209 
7230 95899 
12298 3071 
55901 98138 
89401 91749 
30351 97778 
56427 46128 
3511 55800 
35644 7412 
97851 80403 
29653 83631 
7543 69271 
75437 78153 
91410 83305 
71595 29945 
4358 80991 
72675 72933 
94465 37166 
30556 5459 
30512 67735 
77022 97681 
40434 82742 
83905 54686 
35051 94226 
7630 96172 
63388 12395 
23507 9714 
96001 73937 
81777 83978 
60939 59631 
72210 30675 
63339 74961 
66958 59608 
4099 87029 
22408 79862 
75693 33851 
59928 62009 
53896 47963 
12699 11130 
23053 65314 
21225 68535 
69486 22491 
83649 81233 
52735 80650 
18679 52554 
17549 52818 
78678 14726 
40895 52831 
58432 44814 
17725 28710 
81088 79085 
76833 91105 
6975 67718 
83859 98264 
3242 51672 
32361 13020 
32725 36645 
45809 4406 
68918 85196 
13506 26754 
20657 47460 
61606 72530 
54842 3306 
16807 61649 
38496 94351 
54707 99644 
82430 82958 
37471 9828 
58007 87133 
36121 20439 
75739 5198 
1659 66805 
59871 62172 
96171 50650 
26659 80997 
20167 83950 
75685 6043 
75656 33110 
33348 83782 
85759 70731 
45591 36090 
51180 36893 
2932 45305 
61429 9597 
95052 7018 
94410 84920 
34481 96489 
31853 71414 
59288 37652 
90031 10436 
23291 59886 
15292 44326 
8891 77007 
22174 67739 
52465 25405 
58220 13949 
55140 53821 
64058 47551 
62824 65921 
59940 57770 
38511 78672 
30638 72428 
17167 74443 
99445 41664 
28929 92837 
79006 72596 
99873 29445 
61802 31395 
91247 83019 
66322 67599 
17898 20029 
86323 57012 
94486 6097 
34 4161 
94138 87542 
83775 93023 
68348 93028 
40157 25643 
69215 65302 
94915 42230 
35517 26046 
38368 73483 
52672 23057 
87600 36128 
73258 8304 
23702 46028 
89608 47836 
14740 89756 
82839 70087 
69587 65119 
33766 17819 
80372 73884 
70285 80749 
2007 25855 
43083 50870 
86101 92428 
66984 60508 
33552 29890 
38726 34382 
55193 77993 
43659 11240 
33109 27686 
93628 68059 
56566 43426 
96214 10418 
65981 20088 
41535 76287 
75966 52268 
6988 37329 
64177 94632 
22581 71738 
6575 96002 
9913 25710 
11657 96953 
6414 76829 
56327 90986 
13099 61958 
54288 62712 
58877 34702 
94196 32960 
57374 73027 
69277 60406 
43267 66346 
82719 72011 
14267 73187 
53853 20474 
72191 55505 
69021 95908 
51980 63751 
17952 51063 
51021 68025 
31610 34670 
22841 4940 
90681 65883 
78977 37266 
5202 24277 
50769 4006 
75330 74498 
98851 72222 
30846 92409 
22258 88766 
12678 10477 
11382 70002 
3621 54101 
9396 60679 
37379 97781 
95303 39294 
15148 30206 
78445 46616 
37191 80779 
99071 66469 
13214 26564 
62481 93452 
49795 68283 
95303 80952 
25748 36750 
1619 74633 
56998 66991 
13925 1517 
21424 56316 
79348 2850 
61059 4740 
95056 70125 
4167 21391 
8467 67962 
52926 68937 
27640 4969 
63800 9553 
45161 44311 
7132 10588 
64839 29346 
30134 65849 
34724 36572 
63123 89283 
32212 58011 
2734 41858 
17439 58265 
77791 59561 
69681 47646 
53645 60692 
48143 62096 
58960 24016 
73316 43090 
25341 45816 
7975 66231 
14607 3556 
27937 75967 
71158 76583 
11848 45685 
77579 193 
46570 97346 
10480 58385 
40132 82928 
90561 52762 
57750 51095 
95941 20283 
48086 96878 
61082 10953 
6700 19540 
14914 78043 
31543 94404 
21301 78057 
61405 98099 
72544 25430 
52364 13489 
52358 97797 
39581 80509 
28606 41691 
52189 52183 
58043 85667 
97573 61296 
85426 28078 
7977 2507 
97553 30129 
47181 87135 
49167 11331 
7879 33419 
12108 14096 
91446 13724 
11714 77000 
50931 92014 
5179 32068 
95393 49828 
25437 20497 
99112 17072 
61104 3317 
32764 95131 
68106 28765 
35253 84117 
11861 6523 
74749 3524 
20204 30467 
5336 26104 
86744 86229 
11728 28489 
1917 77571 
48688 98898 
4734 6532 
24040 32201 
42070 46229 
44589 85676 
94308 52381 
42808 65009 
76257 69847 
28799 59377 
50469 3874 
66812 46909 
96455 42216 
58543 47378 
63747 33963 
26445 7684 
