8099 79452 
80343 65686 
18166 7770 
43733 84496 
71121 38842 
42081 16453 
35464 1749 
38963 9223 
32082 97 
43669 64319 
56709 60714 
4651 59001 
56183 5236 
14475 5189 
59470 20330 
61303 19622 
64590 62529 
38607 78795 
60740 97057 
29594 84648 
21305 36509 
15741 72571 
37890 14898 
19858 51939 
78132 5310 
83281 81248 
40731 65312 
94049 44843 
50037 73245 
28372 16298 
79468 673 
41184 64696 
18137 51503 
43277 84392 
98305 86678 
32278 6259 
82605 44853 
2631 78991 
69463 64075 
45805 92750 
12748 7260 
66098 54218 
67382 95131 
79677 12099 
66522 54286 
34938 75156 
7867 95195 
90773 61067 
76756 45177 
16002 63706 
61954 74781 
28031 28881 
26344 72527 
71668 84151 
79249 42536 
50110 77009 
59675 22406 
59239 37558 
80513 44495 
43654 96730 
2565 92840 
88317 59174 
4255 40017 
83151 51134 
87955 83545 
49668 37940 
17107 39781 
98427 33190 
9649 94788 
94082 2270 
22734 56245 
40769 96524 
51339 98285 
64776 41245 
29051 41948 
63715 40554 
63210 68012 
11812 55343 
58518 16051 
59496 56612 
83359 83826 
42083 55869 
11265 4516 
17186 66703 
26326 45784 
83361 57197 
15830 44291 
93533 11536 
85973 62056 
65931 31002 
27259 26912 
12519 69469 
24999 98315 
50327 16582 
57344 81912 
34649 13007 
48342 1499 
54677 6440 
46761 25409 
61991 34504 
82747 35838 
60185 51258 
13877 24289 
69974 97688 
9749 94028 
98262 53400 
39982 51351 
81972 96674 
24350 71453 
47807 43083 
75728 31823 
27679 29091 
16655 16340 
96184 56368 
78520 6629 
51299 14964 
98722 93735 
42375 59101 
15650 62801 
60552 17996 
23903 26200 
45854 85948 
92909 6430 
32541 50895 
70936 99111 
49683 88663 
93473 78532 
17456 71372 
90054 43452 
31343 12735 
36806 39249 
6164 465 
33380 34003 
59830 46547 
92359 70738 
52685 19826 
16869 65793 
62518 12197 
7821 74171 
67572 29601 
86062 96734 
30307 92109 
36699 61217 
23209 73564 
82930 69308 
14580 10584 
74981 65409 
37052 63125 
36049 49202 
94470 14436 
41655 23772 
23809 56865 
21402 43785 
17974 21836 
62846 4119 
32602 77236 
66048 88318 
45402 33525 
44340 78398 
10099 71069 
91937 12779 
48706 25522 
42256 67473 
55653 45515 
22133 27209 
45176 67474 
66636 7747 
59448 36091 
96714 88451 
69045 35787 
77718 15000 
39680 88434 
70604 36190 
9496 15683 
59655 45847 
19781 60438 
90623 11172 
68608 11314 
81445 82193 
11703 76388 
73994 93499 
17735 8083 
79845 89091 
96280 89749 
35594 23891 
55851 56306 
24023 21380 
16682 36243 
36211 95798 
98366 70366 
46726 79497 
25972 83851 
49057 31267 
49936 62481 
51723 39864 
54797 11396 
66826 78438 
39776 55246 
32280 10223 
90205 72325 
96547 93571 
22998 42081 
60457 85325 
81626 25352 
14498 95493 
76480 89720 
31967 3356 
15019 38590 
78456 5350 
42798 1899 
76373 28489 
21207 98817 
19539 9559 
716 88358 
67395 9964 
9408 82511 
60914 8856 
65769 8324 
93083 93064 
41992 70308 
35624 41315 
49439 82599 
70622 82412 
91464 11507 
819 92247 
30451 93396 
15545 82938 
45697 70276 
70635 28854 
16699 16070 
104 68947 
52427 10188 
15005 22544 
1318 51878 
60578 56647 
19034 98744 
96654 46778 
41416 55913 
38277 80546 
8609 38500 
43552 63362 
12992 79348 
64011 99105 
98341 56466 
79088 35056 
20539 70137 
20786 80029 
91221 8390 
57230 27402 
64857 1304 
44491 40603 
97098 79595 
74940 87654 
97600 20976 
47354 43443 
24084 88985 
59097 13710 
16050 43281 
73913 73072 
46337 27873 
50220 50924 
76658 24270 
24287 43701 
39234 90282 
30223 79702 
30853 91989 
4499 13607 
97941 76329 
66497 81762 
11634 24855 
88624 6499 
80414 75367 
69565 97954 
24474 97464 
2521 65267 
40829 60500 
86587 15531 
21034 37978 
63925 88493 
44462 51131 
77975 47757 
59215 66235 
38655 25131 
80043 25163 
49386 93749 
78062 6716 
97705 27735 
10584 87517 
36358 91439 
41031 95509 
84987 89626 
28714 26585 
63848 1545 
26134 25420 
30496 16391 
7521 15276 
27959 85452 
66486 98363 
68648 7113 
62927 38287 
72091 64877 
69765 79170 
46568 45705 
68607 52239 
54803 76226 
70091 69967 
32098 27751 
89469 10326 
31654 57518 
90862 49249 
56274 73244 
24712 8106 
98264 30784 
22038 44806 
50051 611 
76474 32089 
66894 67809 
40403 34626 
60043 62404 
85087 17748 
73782 52130 
26322 94929 
53031 68071 
96958 48605 
39519 75170 
55499 39463 
44017 44175 
56086 53028 
29720 29394 
69258 19209 
7581 7465 
35239 80375 
88262 86390 
51861 76632 
57318 51183 
47790 63138 
40356 72752 
68381 73620 
3104 70004 
6255 96711 
87703 81671 
41642 37251 
20970 73989 
18514 93443 
43026 83104 
71743 92528 
95349 66959 
37767 92596 
76219 20439 
26684 76229 
18448 89657 
7209 32857 
69396 6519 
57602 51000 
56533 53113 
65458 19058 
3090 56930 
17146 63840 
17873 12586 
3751 39716 
20884 23450 
84492 18125 
82113 57477 
90913 17062 
44729 15529 
25525 53294 
75853 17612 
7126 96181 
38215 22711 
41694 51356 
4185 11270 
52504 4913 
40066 75881 
86068 14344 
72957 85368 
21501 41150 
15123 10220 
50093 81865 
61536 23169 
59153 69176 
95070 17771 
49579 82890 
30830 19920 
40186 31685 
6191 2505 
63427 40909 
76330 51816 
36990 9116 
6401 75763 
3607 76611 
60955 88655 
67488 82958 
78830 54986 
19921 77218 
87437 25604 
38904 84647 
54220 53607 
68033 26611 
95048 34448 
28456 36712 
59402 75006 
94323 15400 
90400 59717 
66982 17803 
14123 48411 
16045 75072 
47102 10087 
16517 8236 
23479 69643 
322 5353 
34045 20439 
57839 97718 
38229 34584 
70500 88935 
57061 84966 
28998 61855 
80250 78279 
93354 12699 
23735 86730 
80839 39128 
55400 57537 
25686 39586 
66143 74041 
40545 64938 
1060 39940 
23811 236 
81255 59068 
99206 44386 
40605 87150 
44463 98565 
73802 39058 
64430 70420 
42094 45392 
90625 50395 
11346 65557 
44025 18989 
3421 81015 
80803 99289 
26330 12038 
51746 77843 
11205 24018 
45258 78728 
24877 15295 
51139 90627 
45684 7431 
77717 14783 
87096 91034 
78496 22905 
28875 15444 
96071 88397 
68660 49013 
10926 81745 
38268 78172 
90575 1442 
38433 58152 
70573 45533 
33322 75945 
63085 15685 
11898 36982 
80980 85618 
67017 41020 
85813 58793 
65158 69837 
16629 86468 
79747 69604 
33145 16528 
39282 74177 
11668 95945 
97804 82065 
65031 55280 
69740 69425 
18833 62363 
83720 94248 
65453 44052 
726 22717 
34592 39957 
10745 87763 
64491 70069 
69100 71958 
31523 69404 
58708 92143 
97513 67130 
67742 51560 
63931 65044 
53543 16771 
79989 856 
23062 71271 
37746 65436 
97740 95454 
1454 79961 
46453 23472 
60678 28890 
63978 31540 
67132 87706 
44433 19339 
13692 80615 
49223 56474 
40744 52654 
97254 79259 
9768 43131 
11536 39673 
66998 2892 
40736 27892 
31014 6571 
36882 12618 
77303 72833 
11104 69263 
60095 20529 
8176 95055 
7191 56764 
37572 42291 
47042 14084 
73858 36183 
78998 28261 
92467 82124 
77420 75651 
38245 8741 
28282 69624 
33632 37682 
32888 49281 
20935 18866 
77531 80471 
98891 20809 
60170 29079 
57525 19618 
85644 59620 
37340 87399 
89437 58346 
38910 41064 
26722 79420 
87221 75909 
68131 65123 
11426 74821 
76677 96654 
35151 53644 
1235 90744 
85107 75923 
11175 69158 
16468 46194 
14021 93058 
22318 69931 
43425 72309 
41471 50431 
78263 30962 
4029 78160 
55340 34505 
57299 56442 
67967 61870 
96004 98919 
577 35790 
80235 28794 
35602 8771 
62152 7652 
82967 38757 
58185 22527 
24866 78522 
97332 63874 
38870 45878 
48113 34256 
60994 37992 
76855 37789 
76945 2393 
18180 13778 
84632 79734 
44953 94484 
53872 88903 
9367 86575 
20283 33788 
89499 98589 
89532 72809 
16342 62600 
95346 7282 
75211 27289 
50160 12731 
72337 31744 
50761 58466 
32639 4586 
52986 35061 
47798 71362 
9283 36805 
25179 94696 
70890 26768 
97579 16265 
92389 45798 
41382 17476 
40571 13626 
16443 66551 
1840 10136 
84838 73765 
2757 17977 
87634 33684 
6919 53857 
58880 93536 
27967 15182 
34289 50190 
3347 21141 
68392 44751 
6341 32913 
8449 93390 
34907 96364 
85970 65800 
5059 62395 
77447 98524 
93778 5082 
54722 9424 
21852 75775 
92424 61689 
40609 2557 
24949 11010 
88131 68729 
48751 57967 
10339 81488 
46990 19144 
255 72469 
73112 25131 
94775 55572 
67493 51324 
82434 4271 
97026 88325 
17961 547 
1371 62708 
9800 50688 
1556 26111 
45329 59344 
76717 40798 
45158 2566 
42993 3268 
92674 43008 
74936 63957 
67925 86014 
94261 20734 
25943 84012 
13372 86625 
98787 58475 
61817 58087 
67876 23607 
42672 39158 
48567 64024 
62816 8946 
52498 39859 
56187 55147 
44850 67046 
72294 34698 
93489 47999 
33638 64140 
14849 8425 
75149 86925 
57440 29745 
66348 12628 
28056 53395 
82677 73928 
58012 73212 
36272 1206 
27168 25189 
98428 71748 
12022 30076 
46122 50794 
827 43614 
43151 5054 
23456 21616 
22827 35802 
76669 12721 
73597 48314 
86441 50277 
41613 47141 
38216 26681 
54935 22614 
23178 98405 
42955 72958 
94109 88028 
71559 88537 
97863 20779 
39672 10002 
53217 57399 
86039 60482 
72600 62596 
36433 43491 
84115 78914 
80994 92808 
96336 59533 
8935 58389 
62470 50341 
43647 13212 
42819 1546 
15022 69976 
34830 32181 
77822 3712 
38602 67028 
35008 86594 
52348 14816 
53159 54639 
47112 58981 
63472 42480 
52947 87857 
26304 42023 
99790 99831 
99791 63554 
95443 80844 
93850 3758 
90328 66539 
9669 54067 
74143 69425 
61782 14956 
73008 72638 
54943 16991 
67437 66159 
41196 87854 
31171 28838 
13917 46057 
98892 40087 
5067 46689 
6818 38848 
39491 52305 
14369 34212 
65816 52913 
7372 12047 
27366 13066 
3677 75023 
58457 81151 
30605 99646 
91569 56245 
20285 93204 
39073 71286 
73756 85984 
69578 17802 
77590 99679 
33405 7068 
17842 91601 
4312 35334 
25286 86122 
95305 96626 
3197 69720 
75236 65625 
34319 44070 
59824 55287 
37234 2788 
75879 39073 
43964 21801 
702 16086 
463 30708 
59988 88880 
49533 63090 
27027 18355 
41765 67415 
3623 17894 
34227 96999 
78820 49788 
78953 87418 
55436 90991 
73652 72846 
6322 42370 
45625 88972 
72401 65895 
66515 59478 
42740 47555 
50324 65495 
63270 321 
70009 53005 
5229 41095 
39035 41895 
87018 98330 
43410 62119 
83861 32902 
77008 57429 
78532 83798 
28401 65157 
3357 82336 
90959 1745 
98824 13868 
19632 58033 
67343 44307 
37622 35744 
32028 70307 
4038 37190 
19902 96590 
89708 53902 
76440 91619 
72430 86703 
84178 23733 
55263 69696 
1881 33848 
31871 63687 
62804 57956 
71437 30773 
70630 72921 
72358 1134 
9917 2427 
38703 95496 
44218 86457 
66320 72334 
9531 87311 
86522 27522 
23314 77901 
4450 86017 
20024 33975 
86467 90039 
93007 30898 
96389 6345 
69513 27751 
53845 46309 
70719 6789 
89775 16916 
11878 24632 
3802 98156 
79029 23113 
86171 72901 
78206 42305 
52954 19044 
90673 76015 
57393 10465 
83413 10909 
82540 63376 
17986 94446 
90747 7610 
72811 83901 
4122 58665 
44039 39051 
16695 15581 
18399 34432 
93850 12210 
17762 83624 
97469 4975 
99619 87611 
86294 88924 
60289 42036 
80135 95694 
28367 64062 
43881 41946 
54815 28513 
42642 64883 
3008 35152 
42925 2689 
17218 64160 
86354 51993 
1169 15286 
42295 61956 
69711 67631 
53591 5109 
46073 41662 
25708 98767 
64800 92810 
73693 37686 
6179 16869 
33690 38533 
31801 1431 
66119 89831 
12899 14730 
26195 47234 
43187 83487 
54100 13276 
6143 74770 
41918 93221 
23038 63352 
67358 24171 
42480 35703 
45305 33293 
44842 54487 
37419 92856 
25659 83332 
77285 4687 
90934 50628 
14010 64737 
44269 13250 
50726 29632 
70817 66347 
56085 31413 
26301 33729 
56650 64085 
20655 64870 
75975 96194 
45373 59196 
72204 47313 
31174 36057 
40190 3153 
38389 69681 
86412 33950 
76266 12411 
55376 23845 
19395 36624 
84727 15166 
39541 36038 
92958 20842 
99395 40441 
58386 60603 
61102 14415 
30970 32223 
46903 30233 
29598 37702 
51810 27885 
16599 46156 
48984 1034 
8570 90073 
47294 76753 
77951 59710 
57553 88975 
23393 81544 
98983 80877 
38557 41055 
30709 9778 
88803 37531 
24425 69648 
13141 39161 
3845 90945 
4823 40369 
64146 25249 
88150 10168 
50335 73056 
1319 60244 
17334 67078 
15579 54547 
16521 80545 
69470 28370 
53593 90235 
73598 84195 
40810 87364 
46178 84043 
23055 95952 
72492 63617 
91605 27911 
42426 52230 
12090 76871 
9444 94321 
83872 28619 
31604 33307 
16902 45046 
660 36573 
59081 60604 
38818 11616 
32271 15569 
44366 87654 
38303 38737 
97201 14460 
77690 83710 
93177 60757 
83218 17569 
62226 78184 
8189 58454 
39375 33668 
24814 59467 
66 2988 
82096 40337 
41589 61362 
44525 75362 
90984 3100 
82995 56463 
46410 71670 
17583 63507 
13792 83967 
18168 90596 
83441 88148 
53357 96631 
2384 3082 
40763 71218 
37318 49281 
92422 32869 
90360 96113 
67968 5438 
25196 18185 
45156 50879 
84761 74951 
92454 71656 
33231 1926 
81593 34519 
34922 29339 
9353 8857 
90562 24605 
7334 57482 
87470 88702 
6026 65433 
84324 23351 
85256 43282 
43474 25836 
86908 95427 
44191 61366 
87796 975 
58760 9087 
30675 15084 
49975 77146 
89572 62010 
53422 34663 
2008 57598 
40790 14042 
35106 68603 
21528 95719 
65223 88957 
29307 99286 
41426 89015 
57040 69858 
72024 72760 
49603 66622 
20289 60139 
36974 31686 
20649 96910 
92125 41693 
29814 82772 
27808 22061 
8676 70 
4293 34320 
90278 19970 
6142 30682 
26752 60769 
60241 6805 
23847 73883 
9655 73652 
65516 37051 
28220 12414 
3001 41441 
59347 72657 
32965 69561 
89190 23168 
17419 74309 
19087 67410 
4560 85951 
85094 91088 
94105 93473 
83503 17981 
53299 69504 
343 12039 
30494 33870 
10198 78682 
32058 79866 
5035 86297 
25327 19441 
37333 50118 
5437 38766 
13399 95006 
17050 94002 
52583 41069 
53401 18635 
36013 36641 
64500 58321 
4476 96825 
93962 96990 
29276 92627 
29654 88791 
72140 75630 
97177 64497 
70683 16263 
47198 38099 
34474 79861 
87730 99585 
13391 64075 
90682 43264 
4750 73598 
58357 47514 
98610 13756 
70033 91452 
21666 43211 
41381 66781 
29329 37814 
20180 18949 
12868 82616 
10631 30758 
33885 27091 
65577 43686 
71956 9831 
10993 97450 
72905 83274 
70361 56703 
14985 46483 
37880 85267 
68127 24552 
8939 22947 
7483 16899 
13871 17695 
56615 73552 
16748 66797 
77996 48422 
34789 24763 
98887 21696 
5970 42694 
59179 79595 
82486 14198 
94476 89127 
55955 16280 
22449 7858 
26600 50141 
83428 24326 
13121 6437 
97213 33383 
62545 2344 
37262 12589 
60107 63597 
90687 80714 
58008 53714 
67906 87474 
38928 84744 
49328 4818 
5209 79103 
8122 64385 
37907 90474 
27883 13225 
1197 33237 
41939 40409 
77151 14512 
57076 60864 
3446 10677 
88601 29577 
52334 81080 
25962 99263 
33014 65685 
68565 27652 
21547 70501 
19932 86731 
22531 4917 
5037 25622 
44992 98436 
80420 91182 
31286 90800 
39592 16011 
12279 59137 
77303 42224 
74677 18506 
65362 61162 
17090 8108 
10022 14172 
40279 54408 
6339 17632 
63978 84579 
78433 46609 
87818 48902 
96283 35833 
17070 99153 
89407 34141 
55293 61497 
35766 79066 
25433 37054 
90193 41996 
18526 61051 
30861 31087 
84872 52335 
44564 29095 
76402 89059 
41995 86345 
20928 53454 
92757 85237 
59066 98865 
96479 42031 
2839 5607 
61218 14052 
81333 8705 
43226 36083 
23223 200 
13184 18340 
88599 31465 
53195 284 
3266 66860 
56094 69459 
67486 69039 
94035 22590 
8163 28373 
46872 67392 
18522 84192 
32495 37844 
82587 23935 
61073 23128 
13092 87800 
43070 90994 
40946 51111 
16920 20012 
81947 4378 
26430 41977 
72203 1898 
70246 35691 
7518 3767 
66134 6391 
44012 93267 
21363 31305 
17322 11887 
77144 51115 
15950 17590 
99851 39564 
703 38436 
24662 88999 
96591 63337 
18315 8341 
96194 84425 
16796 41777 
4211 81431 
11100 81436 
21747 17455 
99584 65338 
15874 97655 
98990 23143 
45112 27605 
7870 56498 
14664 96500 
45907 18262 
16626 1833 
50581 85415 
69841 26847 
98621 4197 
11669 79788 
33877 22780 
9673 4872 
25494 16782 
55064 78903 
50734 55936 
71718 14560 
95264 56474 
24684 1684 
90443 13056 
40319 31229 
61894 6551 
56528 63064 
46558 39524 
6079 18446 
46495 59967 
98531 724 
26799 95666 
7074 73727 
32344 36484 
85381 56277 
93434 69956 
36589 23419 
14003 96746 
31599 40188 
87647 26857 
27112 92138 
66570 84916 
65160 18336 
16421 33419 
45387 97177 
26062 56527 
48901 83107 
5428 33792 
58262 43251 
96958 73183 
62008 96898 
46472 65778 
54111 17987 
27906 70756 
38819 20932 
92975 38576 
29602 13542 
21622 32712 
87236 67280 
82031 15856 
76558 24738 
69986 25212 
33990 36959 
86556 73297 
28695 99110 
30356 75631 
69034 32025 
26022 24741 
52993 39255 
84119 1123 
86335 54527 
89316 36088 
95463 82874 
43481 18892 
43315 30230 
48230 71095 
16092 10888 
97532 94794 
86226 19984 
65095 38194 
72703 59042 
13582 11913 
13706 6641 
23077 32490 
38529 33356 
34794 65761 
75795 70408 
32652 92068 
63241 54842 
40134 17730 
30675 90515 
92777 12753 
12204 83861 
57637 63449 
6386 36107 
10267 90469 
43733 99517 
47022 97672 
39804 34241 
5897 85327 
9106 34473 
92667 82353 
90137 27873 
60744 26588 
85102 90591 
72946 49542 
49196 61739 
81292 2650 
73828 85772 
96971 95733 
95722 59009 
86797 5180 
29612 7396 
24723 49326 
66027 76611 
47447 21552 
97707 72757 
11613 17823 
38213 52117 
26828 94717 
74591 21864 
43474 46407 
52238 80069 
7197 94657 
24619 93028 
53011 44555 
13094 80657 
1102 70553 
12791 56592 
33706 62298 
49365 48619 
77842 77816 
38410 7226 
92220 22805 
24418 95266 
58302 99112 
79385 40160 
5282 42894 
22516 21519 
56657 3541 
81960 61741 
72097 98146 
57094 84846 
72485 13081 
55610 9729 
78283 14233 
73481 47996 
61784 70467 
57900 83687 
12354 91122 
43325 22415 
40421 27626 
79046 10893 
760 91780 
72987 44235 
98522 98818 
60961 98137 
52508 52036 
73178 45729 
29326 47621 
10541 44804 
29375 93222 
62091 10125 
1005 1898 
91967 17635 
82721 44254 
99305 22661 
24986 15894 
7773 12557 
22938 4777 
72720 55780 
99269 23594 
3467 53963 
12525 6024 
85794 51354 
30271 52490 
55450 6846 
98827 51025 
17341 87821 
61711 91894 
27011 2174 
27441 40812 
51165 45136 
64038 34941 
2160 882 
2306 18250 
97782 5421 
62940 38420 
32062 46900 
83494 86152 
55510 52200 
10427 69567 
53848 84578 
38726 81297 
83185 56122 
27018 33979 
66550 40917 
89608 11012 
81768 60050 
68546 3774 
73947 97997 
18625 83946 
7111 1412 
96089 90132 
29070 5976 
27898 91677 
61145 34712 
52550 29386 
40142 12072 
65714 22803 
33768 42071 
74400 76768 
22716 5903 
61857 16145 
92671 44715 
92102 26979 
7775 6585 
37750 84708 
43400 53280 
97718 5706 
40560 41968 
82420 67043 
6898 19833 
83238 1236 
29894 95415 
10309 87649 
86800 79500 
78126 30306 
32767 20506 
41935 33053 
23745 94591 
39609 57322 
83940 49051 
73439 75207 
58973 39110 
74221 11099 
5352 42821 
26010 98856 
54473 86544 
94123 68261 
55074 64368 
91217 14499 
41938 88818 
36700 97426 
585 67341 
13263 63596 
97810 59313 
974 83345 
26146 31675 
74177 47657 
66665 97831 
79328 75103 
9020 94052 
72952 37853 
80212 20396 
88062 27550 
24309 49023 
14652 46800 
44164 81795 
25308 30090 
63184 21181 
50504 69133 
90263 3732 
9802 41965 
74261 33777 
34986 22542 
15701 46499 
79039 78186 
62892 24163 
90929 45878 
57222 87046 
50328 15243 
8142 81464 
98651 36002 
72165 91346 
73256 10736 
82211 6861 
50129 29987 
23705 93945 
27082 56067 
82066 21874 
34245 64338 
92572 22585 
41573 6346 
8060 75052 
44093 67854 
62506 30792 
44800 56626 
49286 22433 
22389 69787 
51709 26317 
66409 58630 
60452 82190 
85985 29922 
87570 8334 
49882 97110 
40016 88842 
95505 22234 
46920 51258 
52306 69955 
44379 97420 
61125 28754 
9089 98108 
35158 41224 
97875 12981 
497 25285 
94028 51273 
74638 61213 
83334 45865 
89857 65614 
82756 73600 
45041 72715 
22988 18076 
74308 95858 
42409 37672 
53712 47606 
84475 71182 
28309 55574 
3148 86181 
31072 22908 
71717 51135 
82380 47297 
59193 91277 
4256 30445 
85431 70376 
57042 81124 
91253 25798 
7857 39270 
63038 72648 
69999 25994 
32613 84248 
10305 54964 
32745 50881 
7592 24308 
26141 16442 
59393 44982 
41554 93554 
76529 51525 
44494 61681 
75465 84155 
41965 59916 
76906 27370 
70770 96371 
45783 39525 
47154 9471 
62545 10310 
61885 32964 
98582 38611 
89365 36093 
79656 31918 
41938 33106 
60345 90288 
41309 82193 
99842 52784 
97823 22907 
24792 52390 
85315 33298 
88459 46602 
74368 23189 
87113 65189 
40010 18455 
74351 44080 
91246 32634 
21962 94894 
79289 66839 
11977 93308 
28945 26705 
8718 56304 
3344 95960 
51936 18234 
56045 60236 
32532 8760 
46514 31856 
60915 81871 
95083 86578 
14678 44528 
31718 86671 
57079 85903 
49255 31199 
50729 13772 
6257 43997 
51901 63297 
37238 82621 
60057 55236 
18714 27377 
14467 45597 
8385 88589 
75192 26787 
21758 52362 
99264 11506 
35561 70361 
24536 54965 
10588 87509 
3459 48429 
7894 93009 
86971 47669 
31797 74710 
44701 83589 
70690 54624 
21855 39119 
22416 84241 
75446 66381 
84801 82316 
2929 61253 
63908 4933 
74832 8582 
2684 47890 
9662 60674 
60873 94838 
84109 14082 
83443 41108 
54526 5312 
79230 42796 
76650 54750 
94098 63408 
49742 49916 
3651 16284 
78554 74104 
69366 29978 
41995 54546 
98997 95942 
80855 25396 
27198 93083 
68641 75180 
85530 22166 
9352 75778 
62362 24523 
13917 70587 
62673 4160 
43085 33177 
65315 20123 
68680 94614 
41071 66831 
97458 77516 
38645 14134 
22175 68012 
67726 35927 
13037 2939 
8344 16456 
39360 48955 
53970 86802 
16030 2656 
52168 10542 
2302 46384 
41043 7204 
41473 53071 
92377 74911 
19153 45321 
63036 49465 
35129 78821 
25078 16128 
29228 38296 
91979 72505 
75124 5368 
83484 26162 
57696 82018 
74817 99016 
79322 30792 
57315 2006 
98405 23442 
97060 38233 
89478 73413 
15631 90444 
28357 64365 
32867 49680 
48159 76898 
5352 45868 
82333 58695 
66316 48276 
9465 79478 
22735 14025 
41211 61531 
93653 76194 
49559 78925 
80071 79591 
12468 74202 
41255 91872 
68026 49933 
14868 40455 
6392 54391 
59100 51549 
96073 95530 
13786 96617 
36527 85502 
74485 83738 
52581 39177 
48593 66572 
97843 24396 
15781 82007 
14043 89183 
46400 69093 
1182 71649 
40969 66470 
89377 32083 
41447 33277 
67455 33459 
30741 89378 
15652 36617 
80707 24777 
10145 69358 
30922 85197 
15733 74956 
80563 1074 
59596 44856 
53973 90564 
83861 92800 
56837 33713 
7638 33164 
74357 84515 
90181 85011 
75428 60375 
76030 35142 
77520 24369 
20244 58409 
95831 54671 
37265 11597 
47256 77673 
90484 88364 
4790 26574 
41231 47087 
1228 75575 
5702 842 
62370 91347 
26262 89370 
9397 38039 
49556 36536 
7697 69882 
18079 33622 
55140 46281 
24083 78721 
96638 8334 
45147 45590 
23812 62816 
79268 51479 
68685 29930 
23958 42802 
28523 24511 
98674 19930 
65320 56861 
92758 77977 
7890 59035 
32146 49114 
47099 65137 
97235 93788 
55540 87 
91605 3158 
81755 60291 
56677 43101 
66116 1810 
50957 91381 
558 86844 
64131 93843 
7566 77763 
16120 92961 
45214 9388 
99052 62636 
54462 14858 
56190 16816 
52562 28214 
55991 46338 
42139 37636 
11763 78339 
49333 17348 
17805 45628 
26399 23288 
21425 99626 
54240 97899 
26932 99783 
58554 92805 
32434 64830 
9671 84603 
33230 76781 
10573 28646 
86592 87299 
90232 68465 
21894 87869 
10098 94315 
97347 70119 
60426 23375 
49986 20753 
70100 56241 
59119 66716 
78720 49596 
45070 10522 
22925 33350 
54877 73157 
70276 92015 
44479 92477 
93517 24721 
52980 8781 
15596 96049 
78736 5982 
71570 90706 
9295 66809 
27371 89090 
27628 43489 
67369 87926 
15619 41573 
12769 387 
2466 63884 
61109 83514 
60397 64003 
43460 57249 
33033 14274 
80429 99002 
92779 2008 
80616 20469 
62743 29373 
65952 59247 
6016 7404 
27165 46846 
80525 2629 
9574 46780 
81210 16014 
4569 91711 
42950 48215 
75286 86974 
57439 32598 
76383 89332 
65110 98044 
37286 14420 
19275 57232 
65852 74108 
83768 2938 
95145 95894 
17699 34800 
39845 30415 
21303 32092 
50803 10325 
65444 34220 
56345 84028 
3949 89981 
57139 11128 
72768 89063 
97804 72979 
12855 94839 
72910 21318 
14680 56183 
37599 60763 
71485 87863 
83803 36779 
45636 74021 
11867 79774 
97863 67272 
74367 38084 
2712 27210 
93989 17856 
75177 66366 
60605 36257 
63281 49130 
93970 85874 
19281 19733 
17978 2874 
48202 19037 
30007 29183 
46576 86729 
64585 59871 
86534 35438 
44486 70891 
70816 26383 
84305 29485 
82803 72315 
61693 99807 
82332 42868 
99634 69684 
52826 49866 
9487 40963 
88212 45669 
29018 45497 
19107 76397 
52216 71598 
16924 93603 
88418 11636 
81834 42997 
7132 70506 
15931 16813 
21889 6778 
6478 77647 
41579 13617 
95783 35900 
70939 84932 
94015 90396 
73205 53730 
99221 22312 
17421 34251 
24788 66255 
20483 47261 
98805 69139 
59740 58697 
92027 87434 
75791 15921 
51574 66462 
7126 22938 
66031 91576 
98321 56186 
64260 384 
1749 85890 
55045 97628 
49091 34489 
47576 19889 
3436 73255 
53833 55976 
15312 30980 
63081 40678 
96761 64494 
95968 4504 
96383 19783 
91148 80100 
5262 94582 
50856 37202 
48782 98614 
73551 42350 
22567 95966 
31511 16970 
12114 5667 
9177 98045 
95183 31098 
4087 89262 
63580 86652 
6385 27339 
16715 90947 
15196 78202 
73143 99869 
20536 20705 
18287 59874 
78018 71823 
56638 72230 
30190 56534 
64921 72252 
83224 28057 
49118 44089 
30500 99684 
92649 11246 
25721 58127 
45669 65799 
47323 90125 
46114 25111 
63247 68985 
81996 33873 
543 15820 
1440 61436 
47812 71415 
52009 79634 
70145 88977 
84120 44685 
96025 85473 
84704 48261 
43538 69819 
16696 47456 
89300 99874 
27593 31107 
47654 7013 
55999 30841 
19974 66993 
8940 39188 
94335 88892 
4709 54262 
24337 40097 
76085 30729 
92518 24618 
7005 80200 
68606 84472 
32112 30660 
5741 99421 
63068 24185 
78847 19060 
18129 4954 
58490 73056 
22200 25446 
30860 70275 
13423 77693 
19883 15626 
39338 38622 
41056 44611 
50760 3754 
18227 99899 
4704 71900 
24322 51703 
69092 35015 
64961 94265 
81385 21997 
9908 34476 
50942 42952 
91483 25480 
10585 81359 
31337 88011 
16720 85538 
27402 5330 
69331 17979 
31368 73787 
73256 31325 
73706 40354 
90389 53208 
48011 60932 
38791 78594 
49388 68777 
79159 87977 
72623 51114 
91719 32476 
15018 93781 
87315 52787 
96101 68731 
15317 27931 
1794 7261 
27954 81892 
84169 23023 
35754 11464 
99589 23215 
42024 37032 
47805 73762 
75626 19488 
82497 64886 
50788 31139 
99790 57144 
70294 16206 
75403 74822 
54098 27377 
13428 53544 
19285 78919 
90091 41977 
59241 13933 
24423 3754 
70025 43639 
84407 65003 
50126 79924 
41952 5358 
56167 48898 
22984 95865 
31566 42838 
59928 45882 
37778 40655 
43061 32934 
8444 2875 
84491 54354 
15659 26176 
53892 57682 
84496 24591 
18726 77923 
17053 89794 
23274 34129 
90510 71237 
70632 15173 
75012 8418 
29713 15183 
76685 42178 
75350 62769 
48689 29709 
83725 25009 
28918 88785 
47677 57088 
56823 789 
46807 11572 
93798 9188 
5871 17458 
21671 60390 
1585 88492 
22054 47292 
32768 22662 
45670 32322 
51653 10353 
65237 46424 
65225 77337 
68080 83162 
54623 50601 
85394 33030 
27904 49915 
73880 32040 
16901 76187 
62505 30785 
52420 88741 
52184 25437 
3702 38076 
9442 30530 
47850 48014 
26438 14849 
42821 21776 
29220 66410 
13645 80187 
3668 247 
25673 27021 
74308 73612 
10935 76471 
15039 27195 
34130 70754 
92758 28092 
33263 62083 
45002 50528 
46648 32546 
70926 93679 
42745 77867 
71279 2486 
2223 86594 
7544 26952 
62693 4956 
62961 28178 
25675 89439 
78914 15274 
42696 14080 
8988 76284 
42785 17538 
79983 48382 
37189 46193 
74267 57877 
38797 73847 
51075 48910 
63515 56037 
5702 11255 
38798 7533 
25030 12255 
30507 75297 
35391 35677 
13501 15976 
54535 31157 
53593 76978 
53276 81892 
38936 23190 
4398 5397 
97454 47657 
46482 12352 
63565 53804 
18530 61999 
12238 99236 
27640 68999 
61354 46753 
96416 36326 
54348 76844 
99441 11517 
74287 77807 
38822 89460 
7825 44534 
27692 13941 
72867 85090 
47515 62260 
47343 55405 
20139 32511 
88107 16713 
88762 91487 
8818 37796 
33331 82664 
93516 44693 
55364 38383 
58666 54191 
54771 88050 
40623 14255 
87000 5105 
77705 14475 
32641 89475 
76526 22699 
33643 39386 
736 50186 
50352 26638 
96998 46949 
71819 52838 
77805 81394 
68196 30588 
13661 63924 
8459 3265 
48169 32861 
79352 89750 
38748 32889 
32129 16392 
42976 81107 
52527 77445 
15959 33908 
96395 47391 
57681 39040 
58479 53777 
50934 81552 
45085 7604 
60210 9771 
2714 79784 
19864 57990 
14215 6841 
25882 66279 
11591 6740 
59737 34623 
70356 86660 
15122 38538 
44129 28496 
68753 76381 
70189 45001 
34954 14770 
26759 9766 
70420 47834 
51031 77579 
50322 88457 
33308 28225 
19838 65263 
87080 86424 
36223 7747 
57462 93332 
55694 63815 
71166 30952 
86690 8900 
49980 29752 
26481 73903 
6753 21965 
21627 40418 
17933 38275 
44459 25971 
19971 83964 
57526 9493 
8219 72130 
45875 27782 
26439 36175 
33063 7412 
22634 91563 
60946 83361 
12640 67668 
5605 95573 
36749 84597 
22139 47733 
16629 6963 
59636 58734 
19879 66840 
64247 36604 
17816 11527 
93115 57153 
78386 98247 
94787 35108 
70616 27521 
72793 34244 
69599 79726 
38232 74794 
41706 95228 
74486 61406 
58616 17467 
82592 72947 
35676 518 
49346 26649 
15239 67896 
81862 53434 
18826 97757 
82112 98667 
73324 1143 
92848 93170 
75883 54557 
32392 23006 
99804 45909 
49892 63383 
59395 93736 
74962 31943 
45652 3629 
6010 59785 
16576 32902 
80117 74749 
76045 44817 
93958 40821 
3365 47034 
82 99947 
2006 25484 
85737 18109 
20458 4463 
52495 46226 
60777 86528 
54064 68230 
31092 51635 
16988 23641 
17199 23970 
64314 60003 
45336 47053 
85873 91749 
83352 42945 
50453 16384 
80653 69780 
34949 66303 
78738 33323 
53476 55129 
33511 52909 
5454 11170 
78256 29862 
25871 77367 
21794 17368 
13163 97096 
20248 44780 
30614 98217 
82793 6477 
25664 33961 
71865 85631 
88222 38594 
36526 46625 
73817 8171 
74041 96383 
50374 22346 
49171 84468 
88411 81818 
13321 84591 
3614 47855 
56360 76040 
78046 35265 
92819 22538 
31652 28250 
31116 28167 
89238 59773 
99569 35266 
89791 19373 
6182 17565 
14779 31833 
90528 13347 
69969 79630 
85526 38026 
41360 25830 
44518 13326 
59963 30878 
4767 51079 
52472 46685 
52340 33699 
25246 14485 
25312 40506 
27601 89114 
42355 79318 
67023 61695 
71939 96122 
3739 55142 
63785 52135 
34966 22459 
48627 77192 
90213 86526 
74992 31151 
98151 21848 
92365 30891 
52867 93705 
9021 29473 
2726 38206 
49730 66179 
8590 87933 
13654 41367 
69815 22181 
85991 8504 
96226 48243 
88245 17198 
12181 764 
61496 85708 
14870 79854 
64614 29152 
73159 35493 
35125 20527 
45567 45696 
4242 15620 
16379 28951 
79563 30085 
97433 77671 
9060 17140 
19784 98694 
18155 57767 
44212 99294 
68075 41797 
52483 62774 
18124 87856 
42283 16361 
87110 22955 
37916 5964 
99903 18337 
46134 57286 
73923 57225 
31889 20855 
47354 92247 
62322 69730 
75964 35546 
68965 42943 
28633 12974 
7927 5193 
93047 5290 
55733 23869 
62480 93875 
64521 48174 
12193 26261 
14481 11926 
89685 17635 
43670 71572 
36909 8490 
5781 34002 
34497 5720 
4973 24949 
8179 44711 
83494 98076 
65760 23353 
92675 87296 
39421 75418 
60727 60423 
92513 70366 
81841 40962 
12685 49381 
90245 26658 
53843 33356 
50135 48351 
8345 67517 
87859 80770 
87746 99503 
16198 38073 
65571 23015 
52308 61278 
88762 57460 
10653 32145 
95824 75590 
60138 28654 
89155 35702 
70751 70916 
96652 22769 
39111 93151 
23394 53718 
74666 17338 
38058 56091 
48649 97179 
60713 86448 
56465 47232 
18690 15123 
20831 71371 
15506 67341 
67763 57184 
14126 77167 
40456 8473 
70324 80442 
77074 46720 
64532 45563 
67695 24207 
71245 16881 
22888 56390 
73935 24471 
31839 99240 
80376 96170 
61474 68407 
18392 93025 
49665 21409 
95257 77685 
75434 1488 
85323 16747 
46929 72327 
69934 12736 
34021 56523 
91262 59113 
86512 27532 
97456 12607 
21234 94727 
50298 81168 
31724 64301 
38580 32959 
72711 54906 
90476 42069 
98286 96276 
6430 99992 
87434 41480 
40414 38452 
73507 79050 
41889 28741 
5252 39910 
33407 45521 
6170 55839 
39487 8921 
66261 41159 
1290 47735 
95643 37394 
8545 58690 
93027 81837 
55308 71993 
33731 35287 
79345 71728 
61687 31659 
76277 61212 
77780 92712 
89098 8025 
52946 84878 
61291 51175 
58559 81943 
7457 3772 
98968 37305 
99249 38549 
51424 62587 
86365 730 
67194 55578 
72451 52967 
64292 19782 
43982 20487 
47092 70320 
6553 71051 
20923 26464 
17469 33983 
30862 49807 
16124 35283 
43044 98857 
44393 1690 
4106 35813 
18087 65602 
59823 39326 
57516 84851 
87478 48254 
10294 76623 
98206 85724 
2730 53154 
95337 90275 
37522 38369 
32634 11385 
14919 39243 
2414 10432 
92132 43409 
97657 44895 
11488 15450 
34503 3592 
21670 68276 
91966 3787 
88356 93139 
24203 57204 
40681 42090 
27347 61299 
28149 70057 
97716 74579 
68983 60233 
1077 90333 
55376 76077 
83728 31817 
43684 6008 
95287 53763 
98353 92730 
60374 50024 
77200 68141 
31792 35220 
42634 46907 
81317 89459 
58541 67033 
35917 29509 
85715 4138 
46946 97251 
20131 27656 
87825 36790 
27783 11814 
11716 65327 
17423 61963 
64872 29662 
58272 67770 
43642 80194 
93586 48727 
3490 87301 
22989 14600 
76960 71211 
26514 23686 
34137 15777 
81581 85103 
23981 88995 
80438 17886 
67798 98710 
90102 49244 
37136 70600 
9397 7115 
37590 47383 
68453 38035 
37248 73109 
84832 60319 
23948 44475 
37456 44710 
49030 82289 
44583 99884 
16940 538 
35327 28589 
9834 27928 
85532 11690 
94208 67368 
48317 72036 
42666 62521 
47180 67806 
18052 77405 
15286 65875 
9476 84923 
58409 49738 
80186 3307 
90970 23681 
85745 15627 
44700 85104 
47663 56839 
77715 50322 
22385 55296 
18073 35638 
88495 71205 
60441 15141 
85962 83194 
97010 99406 
80491 35992 
4595 5180 
93263 77156 
28638 15127 
31803 78830 
1869 58826 
81219 61741 
10420 81497 
66733 12936 
73443 5277 
78207 16201 
33636 29393 
55277 94681 
65514 60208 
67731 98915 
95913 9853 
89954 60295 
96891 53049 
60516 69922 
55066 85735 
38417 35888 
43402 86232 
16019 18200 
21522 39923 
25366 39896 
68900 51836 
79374 25322 
11587 37988 
22282 22115 
37615 55991 
24794 22143 
8832 8189 
48496 8442 
67627 26441 
21432 20147 
5848 26705 
12105 45489 
10224 3670 
62735 24097 
23644 20986 
44252 64187 
64917 40954 
25282 57638 
30963 29118 
5297 6538 
64858 63757 
48152 58476 
10758 78090 
66369 84642 
92451 63843 
48812 24793 
46123 68854 
94846 66150 
9911 28509 
16548 19526 
22913 81070 
97252 5282 
14524 30313 
49464 64151 
71350 35423 
98103 63542 
53400 27701 
26057 78619 
93857 76407 
58211 89281 
57464 51924 
27375 49083 
51394 63465 
60962 50247 
79454 80623 
50794 30050 
5566 83375 
20083 38253 
45700 23485 
81409 12609 
38764 21772 
87423 90120 
56446 70355 
12072 15362 
99598 56697 
64245 94017 
94465 77199 
28080 79720 
45908 62066 
44559 75357 
26769 90301 
97532 76177 
82589 33951 
44017 81371 
9134 34092 
33372 53226 
16527 77550 
92859 8524 
28249 12994 
18142 85549 
75887 17760 
96460 41884 
41215 2688 
7438 3112 
66033 21220 
91970 613 
97199 31160 
53109 7829 
59337 42732 
54563 8703 
50971 74966 
12199 9410 
41148 33943 
31832 35103 
3117 21053 
32659 37050 
59190 77175 
9814 72380 
26685 69574 
31830 8593 
48640 32305 
39193 48046 
65019 78053 
8727 63819 
30169 9574 
75170 87707 
10569 72310 
56136 93479 
3203 6220 
9528 74158 
99417 74530 
63527 20737 
81665 69833 
98415 71574 
81309 23868 
26821 16649 
44477 76305 
14337 8936 
49937 89977 
6011 56321 
98075 35286 
75907 41835 
43254 4855 
96648 47388 
73209 61023 
33839 36785 
48577 63401 
6230 87455 
3289 71472 
16718 47198 
72244 68065 
51484 32136 
56552 3590 
65058 75159 
58602 17989 
17572 80344 
19304 57672 
7162 38126 
68075 68026 
45240 8453 
52508 8648 
55298 84724 
49090 8030 
36901 9994 
68990 47216 
25716 28749 
63617 37806 
97705 22506 
3510 38704 
11006 95532 
51104 38111 
52577 48201 
72992 12557 
58330 99805 
40554 63095 
5263 68 
49145 20333 
32029 99209 
45519 4575 
30381 30062 
90772 25105 
64130 92581 
1783 3538 
14508 21029 
8014 10150 
21262 57165 
32480 9243 
87313 48989 
55795 19831 
41506 43882 
50441 11347 
8742 47432 
78743 70543 
19683 74812 
32503 95404 
3293 30258 
54849 94634 
44601 12008 
25578 97171 
57370 55014 
10121 5175 
16782 91805 
69219 56071 
20752 33054 
1514 94478 
177 43749 
44471 93236 
78184 18271 
90388 4252 
86381 38292 
83756 64501 
82106 31045 
53767 30287 
74883 32397 
1573 63745 
62535 99034 
5663 49554 
97839 7185 
30763 76979 
55125 21467 
25727 82614 
42908 16774 
74114 12550 
13399 88562 
17504 29232 
52655 92444 
6073 57876 
96197 12723 
43540 40071 
4030 71271 
84327 38085 
46331 53149 
9623 12375 
96459 43374 
56012 76959 
1477 40498 
95413 22523 
2043 36907 
68331 85566 
3313 33250 
53730 33336 
56390 84945 
18337 28978 
95925 62398 
25774 39052 
93593 43402 
1642 46460 
29487 46123 
44520 35828 
53870 54120 
44829 25518 
10242 81087 
23586 30687 
17387 72268 
31329 55212 
62787 41978 
53806 26784 
42765 2203 
55517 9105 
95691 45960 
54797 47891 
13806 10911 
64815 33247 
86452 63655 
53782 89984 
22939 13200 
74545 39594 
26809 83315 
88924 12828 
44902 47752 
65312 30230 
94435 59805 
59443 9447 
79195 88202 
97679 2810 
42010 5052 
69789 16379 
64784 58365 
3897 12592 
19704 1596 
40126 52587 
95612 45770 
41458 91461 
72082 45881 
80391 99939 
90400 32623 
18236 49330 
75433 52930 
50209 63135 
95270 88353 
23982 8315 
6570 79046 
51913 71970 
22706 92874 
27939 45063 
59077 44174 
28939 13831 
55362 84708 
27342 41641 
48053 60570 
66876 9320 
68229 53113 
56564 70358 
69346 99413 
19406 68877 
47701 18341 
91689 62921 
4307 52010 
6436 93317 
11015 69190 
10254 39319 
86067 67214 
56656 6155 
54621 51965 
90948 96816 
68365 71729 
91813 30615 
84971 30017 
63020 84448 
62934 4903 
74947 49213 
10257 57970 
40166 13416 
36464 24686 
69868 8812 
96602 39804 
98663 78764 
83155 66365 
84138 59019 
17230 64912 
84509 92735 
13881 60738 
92816 36841 
48127 41296 
59339 55190 
27978 43353 
65234 35473 
88709 70014 
19889 11488 
58663 11461 
42083 20113 
11002 30044 
50757 73210 
8121 10318 
35052 78695 
65875 67687 
95244 2125 
13247 55484 
46303 20433 
99814 9670 
54028 82784 
8086 22749 
30043 60066 
60769 44063 
46446 34133 
73968 62340 
43453 50684 
96584 38171 
94145 35536 
93362 19033 
59249 53049 
74531 87543 
11862 67603 
48462 64832 
37131 54271 
75451 15218 
15113 93203 
30521 75829 
76397 73762 
41034 65369 
79543 29064 
50953 9916 
96974 19331 
77744 60481 
11710 83349 
70206 66958 
21143 81328 
45903 16196 
16064 59583 
85440 38098 
53218 77717 
87455 32972 
67896 52351 
43007 75808 
79446 87981 
70927 8697 
27003 85126 
66765 41346 
35395 38734 
57093 41396 
51861 65643 
18229 11253 
13091 28945 
13865 16171 
99051 59191 
29581 49523 
5176 7653 
33931 95522 
17711 5229 
75552 77097 
8348 42075 
33637 57173 
73778 27701 
75198 95324 
33349 38984 
36650 48568 
63793 14461 
39575 45015 
93772 7263 
70907 52153 
3024 66169 
6335 7744 
70941 74514 
32363 80605 
97672 40086 
27262 81030 
77146 95614 
94061 46125 
35944 39121 
99751 84048 
64481 16117 
64036 72971 
57733 21552 
58266 75495 
51564 78382 
20569 47332 
87687 31790 
66770 90268 
65399 83323 
78303 23709 
41434 77587 
78157 26587 
20649 45674 
63745 31941 
39713 4076 
51699 40201 
83574 5653 
3662 54006 
90197 40036 
44524 27327 
92923 84921 
54890 64749 
21757 16767 
18135 2943 
35015 99725 
29069 55668 
80941 84971 
25988 6109 
95306 69115 
90828 85906 
25431 80028 
73159 88918 
33684 81123 
32921 29591 
74248 11059 
64086 70746 
55764 4807 
56841 13650 
99462 74160 
79429 64434 
77463 61027 
12429 65260 
69183 15207 
48056 6032 
5092 89875 
74979 13059 
76583 92617 
5155 44758 
78261 77615 
63380 11262 
14742 15457 
52516 74815 
47841 31057 
27776 80826 
82048 57292 
61970 15692 
86257 12228 
60296 86806 
27949 71161 
88023 72599 
52382 71248 
7343 96035 
73801 56073 
80687 33681 
58287 40299 
86972 84272 
68589 50414 
14529 85642 
10119 76566 
39865 86966 
64280 52655 
74954 54426 
20375 67055 
67420 12764 
20582 94752 
67732 2590 
13831 33175 
35477 63911 
73863 18626 
42793 40018 
74397 97970 
47187 32686 
30003 31122 
48303 29608 
5162 3889 
13540 68003 
65950 37819 
56030 94581 
98892 94000 
75079 31331 
49732 81110 
24023 59042 
41252 94523 
53299 86062 
13698 32918 
87620 78443 
94011 61575 
35263 89482 
40757 17443 
94793 41586 
30504 80028 
19937 81461 
48378 64346 
26858 50806 
20607 27356 
79768 89037 
80109 17744 
70549 11971 
87498 40376 
16020 91000 
39392 51408 
32487 90948 
83465 47759 
11376 11643 
25438 65568 
12054 18166 
57035 56219 
8332 37803 
55916 65699 
73685 47928 
8673 3249 
66895 78347 
86237 48692 
84594 4096 
57337 14315 
80095 10226 
60190 46787 
8955 68813 
65136 27390 
50835 80262 
51697 4677 
74552 95877 
92373 72713 
58590 56780 
82452 90151 
52901 55423 
80225 20673 
69467 50253 
25211 63690 
18885 41561 
83335 35708 
68157 47076 
27502 57389 
80890 99582 
99574 99099 
15272 25633 
15510 38600 
97481 54407 
69249 88563 
58599 48777 
62917 58695 
21614 46894 
41009 27530 
51785 51878 
34448 12328 
38414 9657 
26731 41992 
58962 70571 
38902 57595 
87531 39031 
92628 87814 
48830 77354 
51423 72476 
86083 44832 
58880 36411 
6718 21160 
89783 47955 
93210 84537 
5012 31661 
18136 89067 
54440 43209 
82250 13545 
3317 55958 
2330 34261 
67138 53249 
11555 8145 
27579 68297 
99359 39419 
67813 64413 
9960 42831 
9355 2271 
39213 9626 
54573 98097 
17925 28617 
39088 36880 
46480 13990 
76511 68112 
50358 43982 
34320 78040 
59084 20076 
14133 2066 
72146 15089 
22265 13678 
64605 90323 
7140 2152 
2394 26914 
9007 30315 
82702 34551 
14360 45738 
88408 71941 
32590 4014 
47147 37737 
15570 51151 
15416 68037 
22276 3593 
65997 7173 
89988 59042 
43059 2179 
11211 68986 
63404 8151 
31199 4719 
84660 81644 
74795 52656 
31595 82332 
83276 81855 
70286 99330 
92000 36934 
46525 67918 
7862 22935 
59626 44820 
51913 65186 
25727 65780 
16988 46864 
95688 17858 
52759 49693 
31868 20684 
31375 49096 
15345 25858 
65684 44138 
50534 11743 
49009 34698 
57736 72091 
60553 93592 
95751 71256 
33726 19729 
36538 66200 
16027 99883 
21762 76050 
58603 51322 
67131 13667 
61196 65240 
44583 80490 
63899 21870 
64664 65888 
21023 2116 
1840 85277 
14313 77698 
54045 37491 
62869 22056 
4404 61190 
65346 47611 
57861 22531 
66362 41527 
58361 71904 
73497 41715 
53257 66215 
63883 67580 
60796 65026 
10097 95902 
13776 73789 
23922 51243 
97944 25494 
63511 62378 
77181 63228 
74582 21543 
99198 10469 
39507 71637 
5283 93373 
89491 38029 
25494 9879 
94527 16267 
26775 24158 
83385 24706 
95606 1735 
61650 31983 
79099 90558 
89634 73259 
78842 96371 
53996 76263 
90357 96904 
16970 28459 
7668 88752 
55347 29998 
67283 63215 
7691 93650 
88786 62978 
32747 72533 
80294 80166 
44598 19193 
16161 18140 
30843 5494 
61629 54356 
78930 61768 
14523 9648 
32735 25790 
57598 50501 
76579 27430 
66868 25203 
97113 73181 
952 62197 
4825 36288 
4457 39516 
6417 2809 
94397 67896 
6878 71726 
62841 16946 
85821 58067 
21256 53734 
36484 2031 
32419 56177 
77779 44218 
24309 9848 
49859 87336 
57056 96093 
81912 28130 
18806 31834 
77218 9761 
59261 26968 
95000 14545 
30700 83969 
21173 89643 
95457 76137 
10844 74247 
76078 5851 
54246 75747 
69846 62268 
64758 24538 
22837 69098 
12786 22353 
60391 37392 
32467 87402 
606 15739 
9540 91095 
35431 60815 
18172 75751 
49926 34938 
12147 40463 
64438 74071 
91538 83147 
26720 59701 
59822 90840 
51440 71037 
58391 77386 
3045 90198 
15496 77981 
44622 82371 
74873 23335 
30170 75341 
75682 32807 
620 18396 
39821 85414 
54966 9263 
85314 50425 
7024 39581 
25151 85115 
5647 24335 
29856 36241 
91603 48755 
28990 13949 
87869 87365 
1912 42081 
71777 24198 
61345 27200 
57192 30616 
64633 30192 
22840 37751 
97056 68899 
58945 74284 
59163 28024 
68457 27069 
55806 3389 
51488 22080 
28406 61677 
21944 16193 
93958 53875 
53891 36554 
54372 80912 
31859 3537 
17977 73366 
84058 25800 
31365 13604 
10406 61470 
54205 98368 
78294 98191 
22289 12542 
48173 16609 
34756 60757 
8342 66765 
70326 82456 
43719 4974 
84302 58189 
36905 9934 
63259 167 
1536 21142 
17495 8458 
77665 20122 
72706 65748 
76876 5543 
81824 38183 
50810 97000 
15520 47588 
70991 39038 
5638 81223 
50102 66945 
9638 9248 
5273 38916 
36126 87197 
62481 35360 
21631 31004 
27827 75459 
77008 65520 
6231 3515 
28222 63959 
30992 53205 
60697 15322 
78727 6524 
39049 79630 
83310 26058 
14723 16659 
29770 54118 
52921 2874 
4481 40382 
7147 83398 
1531 80847 
44846 41083 
36804 25222 
80765 3171 
1117 37351 
6095 47491 
91623 73785 
10845 14784 
96779 79346 
84560 81530 
74292 85334 
46177 98471 
53770 35955 
97680 54092 
16191 61629 
18189 79395 
50878 64038 
15196 70603 
67274 77050 
27909 69769 
43642 20153 
34002 9798 
27704 66551 
45523 3 
65269 6789 
92358 1082 
22063 589 
82307 14259 
81268 74515 
95733 88377 
44663 41152 
19691 30806 
38822 86682 
51532 93336 
29473 98045 
5230 92568 
76899 78325 
34993 15824 
23182 29564 
50231 58257 
88134 65895 
33499 34544 
64895 56704 
88822 9473 
48488 89475 
41585 95710 
1012 85034 
83211 74170 
55705 94104 
3896 2662 
88762 53390 
84916 91880 
42571 81870 
28373 44287 
66951 53518 
86711 71077 
56012 91391 
16916 25175 
97406 89814 
25081 14076 
18027 86347 
85807 85366 
5649 73294 
17930 9863 
9476 59678 
73147 22602 
74310 68947 
47312 20236 
42747 85115 
55577 54960 
67799 40592 
21956 9659 
14310 72665 
21551 86770 
91744 62405 
79353 94206 
53173 9703 
73418 65691 
15723 91234 
12155 10004 
6264 94299 
55590 43857 
12793 18853 
28672 26544 
26742 92433 
31051 80962 
94345 48297 
82215 55272 
56264 75739 
53482 52195 
43783 63416 
29065 28832 
17218 21399 
7262 48896 
77561 85785 
99823 51365 
55935 80857 
12608 84842 
87083 38119 
93910 45249 
2908 48968 
18130 46039 
39986 58324 
31989 44670 
41015 90239 
28053 46920 
44314 33331 
26058 11416 
97779 3795 
36386 80833 
4111 46860 
52004 73285 
2666 33710 
65289 77718 
19936 60230 
34360 10497 
75454 56353 
29919 6850 
12831 70390 
78044 40503 
36668 1371 
77002 87559 
75235 14281 
6844 76575 
56112 87978 
69420 95791 
77382 13693 
93409 60575 
80508 83155 
14054 79433 
82689 79736 
90523 95290 
6263 13434 
55168 20255 
50649 21087 
98410 26723 
88361 86892 
80591 5400 
30742 25139 
27854 51739 
1428 6987 
12957 96272 
75886 6195 
43889 51433 
93954 84900 
83287 7751 
28948 39856 
99826 75649 
1703 81998 
9157 35597 
60807 27731 
96386 29000 
11331 39081 
24733 94943 
63523 61618 
25698 33809 
90212 74034 
34929 57778 
27082 81298 
84941 70350 
23502 54540 
90963 2292 
53278 45075 
69373 19774 
24452 77488 
9567 11985 
85212 57206 
79542 60125 
8982 11715 
83123 87436 
55946 21371 
2415 90825 
50534 85725 
52989 58602 
84810 14302 
51211 86024 
56226 27026 
43279 10564 
74899 98736 
73702 2205 
30307 84730 
77365 60588 
90253 19816 
63729 90427 
15949 92039 
24366 49407 
16254 54086 
35727 88616 
31374 50286 
47887 34605 
31742 5224 
47002 94268 
41340 41142 
54280 98999 
46374 65645 
77534 42980 
30003 98655 
62681 11909 
81741 88127 
2074 43181 
66165 97741 
44106 6202 
99753 36583 
14295 42468 
76927 40784 
1854 59007 
6815 10144 
87770 25918 
70764 48972 
90491 88991 
87301 59665 
83532 71795 
76031 90021 
95688 8079 
44852 40821 
38991 15016 
85930 98922 
22155 90518 
55007 72917 
97972 93779 
25932 73349 
61972 47169 
57679 97556 
66637 79747 
84691 50376 
40544 17926 
43005 56312 
5052 17167 
74452 96137 
62477 20137 
9069 31540 
89182 21325 
11972 65071 
4622 15940 
95025 19468 
3056 11725 
35977 10399 
28563 86380 
18135 29712 
45886 80376 
2155 52466 
9806 25220 
68230 30357 
63899 20593 
21714 36583 
5940 90317 
38120 82734 
41643 66681 
34521 37035 
11040 75475 
93456 35044 
12545 19913 
32825 88859 
68560 90641 
10575 68972 
73474 61179 
76593 54069 
40009 63355 
35828 18421 
13076 75709 
66469 53937 
51650 99334 
44924 4508 
88662 40240 
65366 23995 
66498 65089 
5780 55978 
11390 48046 
84722 73387 
53891 80451 
73427 9151 
24527 72197 
76419 55211 
53882 33912 
70453 6572 
84546 92449 
96390 79492 
58733 58667 
31527 38474 
79833 36154 
30931 25436 
58768 32239 
15497 96224 
46750 8583 
1720 34595 
24854 87591 
13593 31865 
67850 13047 
90580 91581 
24773 48610 
7250 42924 
61978 86209 
49987 23983 
95755 27846 
54050 26592 
1048 98982 
90334 78122 
20436 49409 
5321 72455 
13245 98396 
59989 52272 
78501 84911 
83896 87882 
57430 90832 
59133 94008 
71285 15335 
75549 75234 
78507 92005 
53420 93310 
41597 56735 
12623 5022 
78512 94100 
78459 28065 
36027 12648 
53370 54163 
63210 25434 
51137 43606 
82010 41112 
85513 3467 
48938 3052 
28803 72933 
76899 49180 
7555 13502 
39481 3633 
82321 29257 
11331 52821 
66334 22971 
7739 3110 
74016 27502 
74138 65104 
54358 38753 
41950 60381 
56523 16408 
11071 536 
95424 11730 
41233 45514 
33555 27880 
34608 8479 
72039 17564 
70224 37830 
48607 75217 
7106 73496 
73164 86540 
7561 44250 
92615 56864 
44563 45554 
65787 51643 
47992 13315 
46577 47335 
13259 87946 
18848 8975 
42868 45242 
158 81932 
16543 55841 
33030 9693 
88781 23432 
12298 66914 
94022 43342 
54933 27573 
99126 17807 
4826 71751 
80426 61949 
79137 71361 
18341 35372 
5111 85110 
96418 38315 
66689 36046 
63592 18385 
78751 41199 
68602 44188 
33507 12198 
3679 15537 
18331 48126 
1008 96417 
87237 97501 
9911 76523 
79249 74904 
45307 89939 
16057 79643 
38732 45402 
78642 78748 
42034 51609 
57974 84677 
30856 53132 
98411 79296 
30079 27785 
4090 10016 
36676 34663 
58379 11410 
46705 43541 
14393 86195 
2715 21007 
50579 13177 
65372 96415 
49560 36531 
78884 81633 
50704 30774 
43621 72573 
47295 28835 
31312 17616 
47718 46810 
78294 98283 
96729 38317 
70517 30912 
57667 63819 
90342 64581 
89381 65810 
29672 20147 
12673 99512 
86502 88042 
50209 80469 
52757 78326 
41165 75451 
70094 95516 
77252 81074 
77325 92831 
80322 5777 
98222 45744 
43400 95096 
21687 73123 
86786 17629 
7617 25735 
38782 59633 
11251 56519 
36616 59906 
56421 84794 
57313 53402 
3802 67441 
30545 82001 
54151 94095 
55894 73879 
98469 30536 
45511 89153 
77118 44685 
39793 78771 
38167 63039 
98513 6061 
91571 21816 
52721 35932 
40260 96793 
13788 5391 
31827 18489 
75117 50874 
15216 5294 
9331 82824 
5650 76104 
59158 66011 
58035 36168 
43772 85288 
24153 65111 
54004 50786 
22186 74464 
89624 24005 
78474 43542 
99808 26803 
10848 87150 
23929 29002 
10518 56323 
93992 97125 
45198 24216 
52295 26726 
49991 63253 
58313 73862 
94535 76753 
7364 47395 
15035 8546 
60228 23202 
77975 17423 
87715 93737 
98700 69816 
67081 72016 
72513 73690 
28207 27752 
88522 49409 
36628 45188 
87200 9218 
17806 57140 
91489 95960 
72401 27795 
88204 13815 
5883 28027 
61646 69072 
97447 71298 
84520 27324 
63011 55648 
52604 85013 
24947 87866 
9105 47837 
87284 49601 
42227 6309 
29225 1988 
55183 99644 
72153 15344 
1762 63130 
45677 53496 
52505 61286 
76823 38548 
6664 19364 
53128 71169 
93320 79116 
65191 83964 
11405 21267 
17121 61019 
42828 16757 
4381 65432 
35511 91569 
97683 78438 
93869 15838 
38857 68691 
33099 56944 
50054 78323 
50633 68415 
81149 33604 
43194 21725 
71904 62323 
51136 26452 
85197 27468 
43064 25753 
75569 67357 
63243 98763 
93348 66025 
51866 49256 
88798 64540 
13997 10800 
72989 63827 
56850 52644 
12537 62647 
37019 27681 
83860 20598 
59400 64119 
89276 35277 
47746 65844 
42057 75226 
63159 52974 
60452 15832 
81276 43726 
71727 84024 
51531 51491 
16446 29478 
52576 46848 
60483 4915 
26796 13316 
67674 56209 
23834 7702 
59557 94163 
8129 21208 
90298 44157 
88704 25830 
94695 47304 
10770 82045 
25062 17306 
8218 78488 
78817 40916 
53621 71986 
32781 46719 
58138 97277 
42458 56858 
67532 19677 
34990 79457 
72491 11143 
23008 95630 
1545 40389 
93270 44297 
93084 81128 
78752 10496 
49353 58982 
5767 78404 
59732 77267 
18745 19000 
43253 84580 
24424 44109 
993 73019 
64533 73520 
87845 24859 
21433 29905 
10153 57630 
84715 97507 
30752 52825 
58432 54830 
16245 91800 
68400 19043 
92621 63980 
36954 20363 
84855 57071 
28532 58359 
3679 86770 
33653 78973 
8483 74307 
51138 50951 
19095 34195 
48810 13471 
71231 91657 
31481 12949 
10429 9481 
21649 46294 
97576 67411 
63160 80359 
55424 3705 
90966 22871 
20001 98110 
71154 78835 
73411 48251 
4598 38209 
25235 67328 
4837 5607 
78590 10003 
6236 830 
63893 15499 
31975 30228 
48455 42165 
53110 53224 
33256 56189 
99718 45750 
29624 28576 
43045 92926 
67967 89199 
53614 27001 
28351 84447 
54427 63388 
98416 85889 
30642 77577 
57968 1375 
27569 8761 
61568 47117 
67299 72210 
40538 49554 
41014 11752 
74003 59185 
88741 26139 
84979 75051 
61276 58675 
1937 98176 
70007 48133 
88922 55050 
69543 852 
87987 58076 
85329 58799 
36574 98955 
93853 6492 
19446 3075 
86556 80825 
89847 8236 
264 22203 
47833 69434 
76692 32789 
95017 32909 
21525 88266 
94484 67307 
69584 83184 
52195 87552 
26772 76811 
1954 57912 
51755 46290 
19842 14732 
60762 47052 
15983 6445 
87414 26541 
51636 8742 
6157 36696 
7808 36113 
32650 43024 
87920 37541 
47381 33692 
71576 33697 
49821 90755 
49016 25782 
39555 97440 
56626 82021 
38172 20363 
2669 86818 
11038 23614 
19408 19720 
21675 42835 
2879 16582 
53078 71738 
4795 53705 
60122 90952 
22398 87232 
75102 99646 
91577 74704 
74486 94067 
26141 3442 
29142 73977 
61867 51283 
2548 47852 
57798 9240 
31934 50847 
79223 2723 
25836 85667 
36894 58282 
38186 45823 
85219 76155 
33865 83190 
88570 85444 
43547 37358 
49254 78344 
16702 52938 
53358 42637 
20778 72822 
31350 37499 
1880 10335 
49196 86719 
17657 71260 
42711 95515 
76665 17953 
82971 32414 
70113 42029 
13815 56033 
61696 39582 
33845 8105 
9128 63453 
4780 38703 
27017 60749 
55620 77417 
64901 90633 
17809 15047 
66512 57355 
70430 14461 
96805 86552 
96437 26311 
71756 19037 
51008 45637 
2647 95618 
21381 8694 
71313 58926 
13797 95892 
85742 3792 
37737 76349 
26469 66424 
70173 2308 
83325 54424 
73297 37548 
99449 84646 
8053 82935 
84814 13958 
32749 44384 
35106 19162 
1133 73729 
93432 6632 
77536 1434 
22109 9695 
68046 71516 
9721 62321 
26120 83740 
24650 21397 
28685 45850 
40443 46663 
34437 39517 
678 37350 
29973 7667 
61393 67599 
41291 77978 
47672 58946 
38334 47624 
87652 77489 
88472 67658 
41991 45760 
21137 82011 
29767 14922 
50343 95634 
62778 51585 
64373 69127 
39406 55369 
32676 63034 
16478 38247 
98840 84016 
72972 64827 
25497 17220 
2946 73853 
32092 64442 
26726 75585 
19705 46032 
89193 47112 
8420 66011 
21895 28255 
22239 84500 
81758 54367 
44136 89308 
43323 49211 
29541 9396 
13742 40970 
10423 66966 
60140 57574 
44101 22025 
87514 3664 
61004 23534 
82000 20885 
43834 44649 
39095 85585 
26925 46044 
29377 3610 
39068 80931 
15250 20547 
25681 28180 
21449 77604 
76890 15780 
79292 8234 
56985 75910 
10084 88699 
77639 55011 
86628 26953 
82418 87505 
13437 98529 
13292 30187 
96039 15579 
11245 45812 
27679 45754 
62518 19047 
7737 81335 
39650 85680 
20378 95810 
2168 56902 
44194 15055 
15666 24430 
34037 73339 
19953 39407 
14769 20558 
27056 68261 
53308 96423 
58098 42067 
30144 89781 
34412 32478 
14407 56776 
22711 6911 
57592 80314 
96754 38436 
60233 15029 
18659 71682 
33075 76973 
61863 75089 
69712 5250 
94696 41963 
71214 44051 
18647 38035 
14885 67840 
8616 31618 
39125 99890 
33780 83950 
24245 54940 
47205 21940 
85139 70417 
19898 63299 
55856 77505 
60744 14896 
38438 3277 
7604 19213 
8750 88161 
96832 80861 
20605 49217 
18556 65426 
26131 19015 
43304 26232 
35104 42340 
61898 81166 
68899 18526 
15000 31310 
25725 35895 
1312 85876 
63004 56616 
44149 33844 
19984 75225 
64930 81675 
49156 92118 
59145 58626 
98511 14520 
95408 76437 
88392 21745 
61472 18528 
56435 9019 
62394 25382 
2034 54683 
35538 37368 
47786 39295 
84677 54069 
49535 81977 
51202 70003 
28921 49267 
34275 50682 
72743 34833 
43741 20033 
41998 4580 
19725 40503 
60089 50988 
81032 80512 
4513 2996 
70851 80454 
9223 93273 
52714 48047 
95910 93428 
72259 36609 
91605 89535 
41091 85695 
57284 85269 
17841 32561 
47575 88032 
58551 35021 
45194 54643 
83548 81532 
65408 47455 
61255 2732 
5593 79240 
40687 40123 
22880 5721 
73871 72269 
58905 58345 
57032 46590 
94854 96669 
85107 15740 
12254 99735 
57982 31542 
55405 8801 
98834 6598 
39855 80057 
45067 13939 
27992 5215 
50524 58446 
97606 10344 
94035 20304 
62206 48864 
23811 40359 
62868 63306 
79811 90006 
40601 2284 
26912 44120 
15468 44030 
578 54542 
44118 95935 
13684 3759 
933 10740 
98253 3680 
29633 84285 
59085 92777 
41978 77250 
97617 76366 
98132 33792 
23796 49454 
89247 53757 
11379 39283 
57034 11912 
67779 5639 
27341 7601 
83417 40956 
5173 71288 
97533 19389 
77141 50656 
67485 54288 
93964 48236 
56807 36873 
60443 84969 
63632 45422 
43256 19704 
95552 33916 
17910 63299 
59619 31818 
15402 87808 
76858 12581 
96380 46203 
49574 17434 
76043 86113 
6652 53175 
46520 62289 
27178 17906 
95147 26783 
95931 47070 
96859 3302 
75625 13611 
66786 32752 
90274 60737 
95212 10664 
1636 93513 
51205 24049 
26419 6373 
33501 35117 
85787 77675 
67659 52419 
659 19518 
97003 76110 
46415 31326 
91569 3386 
58824 69051 
4029 32568 
39372 8382 
34484 9885 
42628 49954 
27060 21684 
40895 87307 
10388 46628 
52117 34244 
11346 47377 
85839 87204 
16847 99313 
9019 80443 
31986 25056 
58571 77021 
84530 27848 
30737 27004 
55511 94321 
58759 15785 
73603 67704 
49755 20056 
96979 76266 
89342 86717 
20530 38557 
38235 50882 
88597 56991 
38935 13161 
63774 54349 
22553 3507 
892 3997 
55946 69183 
1936 53915 
97553 37786 
82442 47078 
36655 22749 
62833 96305 
75278 58396 
9180 80364 
74537 74367 
87037 89962 
27947 45102 
59295 67163 
43084 79089 
54386 49876 
9936 44710 
54736 54215 
9394 64755 
6990 1866 
68547 50081 
35346 27035 
799 84372 
47238 78125 
78304 16599 
56625 62953 
71783 65527 
14332 73179 
58565 91496 
27155 63515 
43471 44713 
67852 54385 
59205 56407 
26695 72871 
12949 99467 
31884 46118 
24135 8558 
70958 13798 
54674 16205 
78201 31796 
67425 30976 
14094 97999 
61254 56648 
52047 42855 
21798 27102 
4883 92313 
95846 10729 
69004 28856 
44261 20215 
37669 47478 
53455 48873 
36488 27823 
88630 43037 
64036 21098 
53386 11536 
78363 80985 
79726 67930 
56253 51434 
10122 98895 
66215 61043 
49004 53060 
38493 63687 
54893 48589 
85778 8108 
16375 4926 
26852 15380 
5197 14386 
92045 92460 
27997 82642 
44177 12517 
4544 83676 
31566 48250 
84789 94368 
716 53127 
79690 96685 
35461 47301 
21441 61272 
56622 79852 
87615 55285 
11657 7146 
20689 49416 
7300 48216 
49526 34308 
89861 52439 
72605 94968 
57636 42213 
94140 33245 
97793 73878 
13694 73113 
76117 93858 
57518 31220 
72194 53788 
5527 86062 
44847 88336 
11711 33135 
33110 52507 
37721 70554 
46489 61399 
19492 19874 
74993 74696 
64982 50236 
54143 20638 
37424 40455 
53111 59742 
13023 83309 
15173 47290 
14551 9022 
68795 65367 
13089 80838 
45002 60198 
58956 94567 
82036 38608 
49870 96115 
71891 48584 
69472 16280 
4948 93290 
32566 10455 
98714 5262 
54790 82398 
54612 38142 
23868 65836 
72748 16941 
87252 35470 
68815 24693 
86618 19753 
79493 93252 
63577 91907 
13204 9095 
32920 22687 
1535 41147 
69794 88720 
33366 47001 
85466 43584 
8475 16300 
72645 75327 
30351 65656 
85830 93721 
68928 8158 
84727 13333 
63159 82320 
9523 24360 
616 40290 
75636 72160 
6694 63190 
72542 98584 
99574 92651 
26374 33423 
18716 41930 
39206 62689 
14472 77427 
49297 41947 
94294 41987 
66026 67540 
57076 25090 
20856 66309 
11284 71795 
41388 15278 
64873 62305 
99405 56799 
95341 87038 
5800 31753 
56853 88320 
25339 13686 
57989 39093 
62489 90104 
48489 81507 
25830 3694 
86254 53811 
13092 35840 
16908 92658 
71421 87554 
87385 9754 
78219 88848 
32287 6711 
56748 46546 
17173 10056 
87652 22688 
96474 79517 
2658 20912 
45385 67021 
49944 46593 
54870 81314 
1983 98026 
36835 43621 
36187 40539 
72556 3531 
56235 13223 
51591 21022 
37706 18795 
90720 10571 
75498 51163 
92853 86280 
82457 22337 
4363 43209 
38770 60640 
56007 59358 
19881 65510 
27324 5252 
37026 20703 
57371 3582 
8995 87342 
35631 90094 
46270 21001 
46151 88709 
69471 82890 
5190 28813 
2837 44232 
28122 713 
80478 15012 
84836 66445 
78214 63585 
54551 17455 
37047 31954 
70755 98082 
75647 93074 
54870 94372 
98732 41148 
73295 21428 
95789 53641 
16632 29310 
90324 14606 
92185 87460 
43673 42941 
41242 669 
39385 26303 
41166 55828 
74258 21673 
28999 97974 
60380 46937 
88066 86641 
98822 54364 
71955 89032 
20150 46463 
1325 25275 
99472 67498 
58105 92801 
44516 79781 
18981 61845 
24023 12873 
15432 52129 
50760 55984 
81148 71984 
58526 49071 
49311 25480 
15759 16539 
91984 70567 
99700 78957 
51804 41814 
14537 72807 
2176 35015 
74546 6065 
86339 87736 
88996 78276 
27959 79840 
79387 97784 
76313 21079 
31601 35924 
47669 89040 
35629 68229 
51113 30041 
93763 66070 
41872 38019 
84479 18683 
28092 82028 
53724 85127 
68055 61638 
67912 98505 
33992 31346 
3661 70639 
85918 50074 
68130 74397 
94350 79865 
40823 13001 
74270 79093 
2793 20911 
44392 9824 
72423 79229 
5549 6403 
98285 70100 
39934 32892 
69089 39205 
68982 90716 
88279 83191 
71802 24635 
26612 29762 
58398 15159 
9860 32179 
12292 38536 
20766 57005 
65714 21682 
94488 4230 
47185 18697 
64972 62264 
46100 88093 
76053 66782 
71823 55376 
5560 2071 
45854 4376 
63285 56237 
54777 52482 
14406 17541 
8989 29912 
48806 78132 
97614 1195 
63698 93554 
3554 38264 
52058 31686 
44271 78822 
92606 33135 
33700 81153 
18402 96605 
18575 17050 
619 97410 
28520 28272 
21635 45036 
93392 8733 
27314 86537 
23652 64575 
42200 66575 
19957 47345 
3316 62004 
76697 51685 
18347 19199 
70865 18253 
82232 35671 
82427 85060 
92518 44027 
75268 85935 
88306 75972 
78838 3559 
222 6793 
49773 46300 
39569 6638 
60035 33041 
73652 53930 
53571 38236 
31253 98354 
36972 70652 
57330 96143 
21304 33538 
89226 78732 
12076 41429 
58032 57379 
52184 49350 
28222 10986 
58750 83865 
76260 52062 
58892 52263 
74626 16715 
21786 46075 
91531 78506 
4758 48213 
38581 43163 
79696 99206 
98743 41385 
82744 77310 
45183 366 
34979 99731 
17897 41149 
14753 57754 
59536 18567 
23340 57263 
24413 93280 
74760 47963 
65412 1286 
57875 89538 
72343 65289 
64307 21066 
82314 74455 
49241 71197 
7711 44317 
93847 70892 
30676 56976 
67822 8020 
94267 73262 
48488 93602 
79983 3125 
38907 93245 
98923 18303 
41616 14101 
39580 92175 
86906 27606 
9114 55720 
84944 51375 
76914 65632 
69599 9750 
79373 90891 
28477 41889 
73003 37472 
68456 28654 
29380 47372 
48935 65186 
49877 27780 
26029 14693 
40738 88940 
90119 40834 
29765 95171 
46434 30999 
24760 62484 
83766 90857 
10792 68381 
99948 11748 
58518 74656 
4386 86787 
68947 2435 
97720 79017 
11430 40145 
36605 25487 
21104 9768 
27627 94853 
9641 64488 
58538 2879 
8837 41688 
67284 30197 
10475 49297 
69689 79718 
87814 20589 
15222 57294 
84209 32793 
16909 58553 
32529 48281 
6253 97241 
25453 3540 
96925 16020 
91136 40852 
2036 79307 
41383 50270 
38947 59602 
50154 65429 
72864 93667 
89105 35688 
95882 2994 
93806 79248 
11672 44192 
59412 7150 
97655 79229 
67758 96412 
46311 32933 
29201 82101 
45171 35683 
82027 32732 
41070 32946 
29805 71165 
48414 80120 
12816 4040 
3484 31083 
3528 26783 
37216 71906 
88053 78370 
37439 47413 
45629 30274 
98199 77533 
66389 7385 
8588 62893 
54023 55236 
16415 34604 
44421 87457 
13084 11943 
33972 70151 
25191 93402 
51920 25777 
65670 21551 
30035 68094 
92699 30202 
19810 11893 
48114 3573 
82522 36451 
98770 51456 
30675 20067 
84024 31838 
30743 4508 
80465 32989 
86557 92833 
31048 60723 
10302 31830 
49909 63358 
53815 81159 
6485 66831 
16703 25305 
12921 85508 
69800 41594 
87308 20404 
32543 97739 
41947 55856 
21121 15797 
50628 18124 
40541 5913 
81804 64969 
28269 42834 
45606 33942 
69691 30973 
91766 88947 
96351 79634 
12839 69559 
46782 89049 
52497 65672 
16718 29997 
92218 11224 
50565 85002 
91347 15061 
29240 7547 
85293 24473 
90828 47173 
4535 47449 
79993 83014 
63148 43451 
59646 6048 
79722 29264 
34139 91236 
35810 36468 
27067 4705 
47502 118 
28742 98284 
24191 54413 
78511 53947 
15317 60464 
75302 54078 
611 93688 
16129 70015 
62318 73955 
46770 80911 
88874 30276 
71410 57759 
98685 53647 
8801 73248 
39958 6615 
1281 27171 
17919 26185 
80027 9207 
24296 77885 
64979 56158 
95628 93119 
31094 99107 
6690 49382 
3960 37459 
13319 33481 
57248 21466 
94859 61587 
72096 72580 
10709 16769 
84225 21857 
77645 4600 
88451 660 
95077 20483 
92217 74996 
93885 68560 
9876 75134 
61162 71343 
67670 35460 
97973 61699 
45705 26103 
141 54336 
17690 27426 
13123 52670 
61811 71289 
1181 58738 
6819 48821 
88346 18790 
46291 63476 
74093 55236 
944 90269 
159 6835 
34043 87317 
46608 23309 
28105 94238 
65049 38035 
12499 43408 
14775 72996 
90975 4758 
53694 13904 
55787 82507 
50012 30194 
90765 83121 
22969 4542 
59576 77808 
91315 79630 
47334 89943 
6739 26060 
73885 48137 
76151 84648 
25251 58973 
31473 38763 
56104 69982 
88536 27946 
602 13057 
47677 22729 
91510 41227 
27832 42405 
28273 97631 
93173 12424 
53524 84505 
26761 26161 
94509 32144 
29231 97009 
1001 3039 
72161 61043 
64489 4789 
15584 17954 
34790 26867 
7005 78530 
59693 60957 
15318 20619 
60849 12356 
17179 42369 
24833 60769 
45678 41441 
32175 82873 
31561 41985 
69096 6117 
15790 37353 
66813 23521 
88891 15827 
91484 62567 
17317 89099 
64210 67823 
49972 48800 
25002 26542 
59072 35060 
67185 39244 
58690 12908 
59473 13163 
61589 17253 
41768 35448 
80399 45262 
27723 65138 
52686 46132 
72192 68172 
71162 82585 
64937 8097 
30023 15835 
93284 96614 
56375 96362 
75913 2756 
81669 26515 
7539 17225 
22292 97765 
70008 69308 
80707 95401 
59122 97791 
48955 6504 
48530 84419 
94877 63227 
62091 68702 
38056 2746 
54343 76243 
77284 27663 
5075 9291 
14247 6224 
18444 67811 
29182 60402 
79700 92146 
3399 51705 
63298 44227 
50848 89531 
5013 73267 
16345 54928 
47670 44026 
21565 53836 
45170 40980 
91611 88184 
62740 103 
74728 60676 
42667 61481 
75648 9645 
14257 80599 
59090 4065 
14359 83907 
44093 15610 
50500 5134 
2159 24610 
82554 92834 
92564 9796 
20811 36781 
16773 17942 
38429 21071 
50508 8814 
74467 75170 
16849 23276 
60046 60667 
96616 27979 
34656 1102 
33346 48746 
32231 34994 
79326 16579 
7322 48088 
46433 15157 
40574 19824 
70926 36767 
9643 1179 
74903 24790 
36832 26267 
8764 5192 
27915 48488 
88820 86901 
97979 83479 
2102 41526 
39593 35803 
36445 56559 
26187 84016 
8106 93023 
59277 99661 
1428 68460 
61997 79734 
5505 29245 
93382 79291 
31308 72356 
7942 41125 
19424 26109 
13281 32817 
3312 1746 
84891 17975 
75914 83381 
81671 8094 
18488 32463 
68386 64236 
89686 44764 
91937 43589 
40180 12801 
77219 15004 
13577 14724 
5271 99683 
17855 71823 
11542 28501 
3251 91192 
95326 45790 
62306 37486 
62746 30927 
75658 58276 
35151 53689 
63251 21232 
42398 27111 
64762 8132 
86186 72443 
65324 50678 
2491 64810 
3065 86140 
74086 85318 
43493 57050 
44273 65584 
82421 78501 
61124 74075 
43917 48997 
37923 60107 
72680 86433 
49950 41029 
81249 29429 
337 90824 
1661 56066 
78477 64277 
8404 37028 
3292 69842 
24973 58211 
90640 86471 
99820 19049 
9256 4936 
39207 37125 
92816 62532 
14203 67081 
57099 31571 
17006 72409 
30652 16699 
27802 72381 
44989 13821 
67529 23205 
46082 84300 
54197 82448 
82714 2094 
50833 48796 
99286 38638 
91647 65454 
10722 60522 
99680 24779 
65369 28379 
63985 14188 
8125 1945 
27285 98946 
40506 75833 
46105 46148 
36941 93346 
24530 55993 
17347 11527 
90024 81420 
94837 19645 
75147 85230 
14422 45446 
92567 4994 
73645 18746 
42392 70408 
69324 347 
70663 45138 
45905 25712 
5729 45814 
30433 57528 
35290 24497 
26708 88973 
51031 87770 
6948 90443 
80067 65534 
83110 46450 
42823 35681 
61993 86560 
25519 56968 
88367 74489 
32073 61776 
58554 82841 
85031 12845 
43275 47493 
78055 33664 
93030 65249 
43496 80877 
11865 71147 
87796 38875 
76144 7666 
64687 81707 
43727 77119 
1622 65496 
45997 50600 
68359 85717 
80227 92140 
78319 58069 
23016 45101 
43097 59036 
66885 19334 
58426 92873 
41571 12246 
85934 35388 
19175 94712 
9176 41741 
18028 93600 
84741 95410 
14009 6707 
79595 18543 
39988 93046 
84418 60094 
4191 91636 
19285 27491 
86504 35365 
2894 29980 
78073 42992 
39395 57392 
14017 91956 
87951 26755 
11714 97454 
19304 90993 
67784 49101 
30895 18888 
85783 85495 
87530 23566 
3580 19150 
78078 37939 
64481 59492 
30378 9863 
29407 20023 
6302 17204 
58745 37221 
6841 83592 
2010 73422 
53102 9303 
21007 23630 
73281 18546 
37942 97136 
17944 64381 
43758 98779 
46386 25528 
23950 91844 
75332 75553 
59205 84842 
57943 4218 
36457 47782 
65860 23220 
62260 30055 
79916 94116 
4889 21695 
56212 74924 
4151 72505 
23372 93703 
78627 59443 
84127 22354 
28907 71652 
39741 41962 
82344 64653 
29352 62167 
49983 20468 
77961 81402 
69487 38823 
76585 52247 
89299 76092 
75984 46722 
8683 43251 
61441 57 
25946 71888 
90195 48250 
62819 58187 
15443 64710 
26842 98790 
91230 44314 
45580 39604 
51056 79416 
56577 68838 
79736 21669 
65186 98966 
52787 25931 
88751 98784 
561 28133 
90122 56396 
65357 17654 
66026 76668 
58913 26558 
96602 42628 
94968 73020 
81197 99241 
66987 64295 
82549 50136 
64676 85815 
76523 93144 
74588 77280 
57847 58823 
89887 24071 
83591 57718 
62259 72885 
45637 86679 
64996 14157 
50983 92345 
426 60678 
54419 40776 
77171 91741 
32007 96202 
3086 25228 
5724 69010 
88320 26227 
29754 53331 
29545 60099 
27128 37965 
51232 50340 
21755 40902 
12726 7173 
45369 87301 
50930 51470 
11501 23570 
17562 70438 
39329 36051 
87230 6442 
79083 21813 
57984 98393 
37661 41221 
39541 66338 
28234 67138 
26031 54194 
70801 34078 
79912 23008 
52025 82050 
11588 17700 
12164 84525 
25337 13928 
64480 47678 
16268 88543 
68257 68944 
45351 47026 
70392 46937 
89962 84377 
2502 41903 
65906 52128 
70586 96130 
43564 53431 
2508 37125 
35574 90665 
24901 2870 
16389 45524 
25586 48089 
45062 80276 
20171 13222 
1800 10672 
82250 63679 
16080 15949 
15441 35945 
59563 19422 
42481 59247 
558 94346 
61717 56733 
68439 24074 
74514 68504 
56244 72942 
18487 80345 
97534 4907 
50916 86612 
89687 20636 
14299 63511 
99919 70572 
81731 79871 
82623 41449 
23649 26503 
57039 6770 
59429 2404 
42783 77981 
57453 56271 
27428 92381 
25461 45212 
45138 26236 
89364 39021 
78231 27160 
93158 68005 
54597 18481 
65194 85143 
3077 40162 
86749 89187 
46162 55763 
67728 34358 
54789 73014 
81272 34399 
63579 96737 
34163 53999 
46463 57204 
53125 69001 
82482 34432 
48471 68290 
99430 29494 
76040 64884 
69044 17611 
55923 81539 
41614 54625 
22242 77005 
50169 98353 
72066 83121 
84800 49443 
53542 30041 
36223 12501 
83391 47141 
34335 27584 
12163 40541 
62324 24624 
61986 64677 
9766 8863 
46022 24977 
39216 94122 
41414 71482 
79942 62510 
28279 69076 
29725 44126 
26100 59051 
41090 78392 
55878 58831 
91830 39819 
31483 81922 
91381 85350 
36873 98579 
54357 7838 
77203 99125 
80500 60817 
1296 66538 
16305 53380 
80587 12651 
37744 827 
95324 83183 
85836 56660 
22698 90845 
7149 44586 
43527 92873 
99931 55371 
84215 89606 
43175 72718 
88948 84099 
90728 44759 
73409 9279 
45462 23346 
45794 98750 
89566 51991 
93485 50151 
36162 95144 
24485 5802 
84748 66425 
21539 54419 
8380 31492 
13853 39788 
74029 32437 
96426 47527 
99223 4884 
30224 29482 
77860 36447 
37767 16772 
65988 45731 
68186 67145 
4394 44781 
43397 90057 
68986 84689 
12768 93760 
82264 74003 
37489 2694 
89540 2664 
97837 618 
2171 375 
66643 65130 
36652 7628 
20441 72668 
33268 40064 
66192 69510 
20867 82386 
45891 24005 
5380 56759 
43995 97942 
98851 72441 
63333 897 
73061 78316 
53981 20382 
17184 8092 
76585 52738 
2512 29092 
56711 95003 
8898 79907 
39991 96313 
47370 9596 
89231 8957 
21279 11711 
74075 23777 
4385 80097 
91457 22414 
78424 233 
20745 29729 
65007 29844 
61394 3770 
7102 15547 
22827 57771 
3885 38518 
36424 68909 
79407 81454 
37678 91954 
70310 61573 
22940 62420 
50736 79939 
19660 43484 
73604 96100 
21596 43655 
96596 48850 
31232 8100 
78475 8851 
20435 65507 
76764 66934 
67423 94491 
51362 33076 
53150 58828 
80316 45377 
3464 49162 
23772 65798 
44767 60336 
30026 69980 
322 28132 
63629 22177 
91994 46949 
49674 63120 
27932 90851 
70662 28604 
50510 64388 
22762 59633 
90870 16738 
36825 61155 
26461 62986 
96150 15754 
66231 69709 
37794 61060 
94427 78554 
7152 95273 
88500 61120 
46522 83818 
89125 21223 
37576 2022 
41157 86475 
84903 63601 
43114 60138 
23245 52850 
39799 36325 
54530 99587 
67768 16894 
72513 10233 
16530 6726 
12589 95868 
99784 5621 
72275 18631 
40398 59655 
83877 11562 
60486 82582 
85014 13772 
33638 8778 
24991 2787 
197 93198 
65371 98969 
68487 30953 
81675 63113 
24938 29383 
49778 7628 
54336 28860 
5356 94162 
27725 35070 
97655 96089 
49988 95157 
19884 62973 
71728 22839 
87694 35931 
60781 53541 
54489 27782 
97556 89513 
97737 99889 
5354 77114 
83962 38860 
51935 43635 
21779 60518 
61804 9438 
42101 46045 
60045 82703 
2591 45753 
28016 38670 
99404 69609 
88781 83057 
83502 20497 
55926 177 
21049 16101 
73203 90312 
7830 88383 
44471 8009 
46172 45815 
3441 23224 
19502 32844 
1017 40627 
54454 23503 
94323 28873 
43365 41646 
6005 31276 
11025 9000 
84988 52078 
48697 84003 
40593 38395 
5728 69379 
40751 6898 
24461 34437 
62063 96451 
27723 19292 
54488 63146 
19780 62508 
36748 72591 
41478 21123 
69799 85776 
28180 32557 
65256 79499 
55137 1616 
73228 90062 
19106 82617 
59742 19856 
97305 66591 
27791 429 
45213 76605 
58011 62779 
43240 20409 
45087 25858 
78976 48966 
84209 77654 
56494 21823 
18257 89732 
57106 85888 
90858 75722 
36994 32842 
63049 77021 
36306 12236 
42024 34836 
91596 42274 
39267 86706 
88876 78348 
22360 7770 
68122 70562 
49856 2312 
91685 65832 
81803 39461 
18894 87568 
39900 18468 
87017 56501 
50686 43591 
84780 99949 
42797 86355 
18827 33588 
85038 13888 
15771 89755 
45861 65957 
72895 9391 
26819 70544 
69107 10892 
72648 97989 
74416 98473 
88884 67134 
50956 75098 
4233 33410 
21535 80567 
99409 8428 
92678 84069 
86741 83386 
58335 22327 
65578 54495 
77672 89367 
97370 77622 
15803 52064 
41266 11478 
59838 86762 
66183 43935 
74290 6604 
8505 34435 
39663 76648 
75937 46960 
25970 94412 
7491 92642 
88935 47166 
87207 48892 
40826 44131 
74896 72739 
40125 61676 
61081 80141 
64672 32652 
75252 20115 
81433 57230 
76674 32795 
2728 11889 
35177 43928 
23516 85671 
65751 14787 
67262 78368 
15197 36139 
28928 54007 
11704 27645 
92819 54799 
78949 79953 
20263 45702 
85155 55733 
47547 77743 
44507 48073 
8045 29519 
13457 79852 
94143 10538 
27618 16135 
4356 87559 
6353 53111 
78923 25617 
11596 41728 
13231 19139 
85052 1946 
52545 25352 
3656 84388 
13836 2142 
87003 40188 
50892 95575 
62441 66959 
77435 18490 
43621 9057 
89633 10905 
6511 3698 
84173 75369 
53233 80986 
50978 36038 
38564 45537 
30682 78858 
96514 90157 
66140 92125 
45151 17870 
44531 41594 
66667 77648 
22027 82383 
56647 51274 
46534 31119 
11634 64068 
45670 96083 
77255 30541 
26929 90545 
10578 87587 
44905 35061 
19791 12421 
26448 88184 
31921 70239 
8836 31871 
5037 87459 
38288 77777 
45196 391 
96575 53749 
10411 86327 
72013 75962 
83974 44283 
67792 11506 
77720 56026 
45372 88637 
82145 24496 
33579 17505 
14780 56369 
95092 42832 
30807 28285 
31151 61851 
50641 52111 
22616 5754 
28028 33623 
50898 947 
29207 1143 
15844 97635 
18759 65875 
69297 77543 
51003 64119 
12851 30029 
47147 22985 
66212 16436 
97857 85920 
98640 26184 
68530 32060 
30084 64942 
266 24338 
50909 5157 
93367 25254 
79542 72292 
32210 26374 
75872 36283 
60372 47831 
54931 27096 
43177 77542 
133 95656 
61124 36301 
58293 97007 
62168 74568 
9647 81265 
63407 29529 
45302 39723 
33445 96867 
51763 68410 
5563 691 
97676 79488 
68793 77210 
41379 12051 
59096 22981 
29580 68201 
26050 96943 
37222 27732 
81828 6954 
6532 75307 
48690 56174 
79264 7712 
8841 72397 
80333 75583 
26199 94303 
3292 53946 
53488 42617 
68536 28974 
60034 61287 
73651 34561 
15735 74038 
31964 71621 
44916 65048 
172 95470 
20100 59000 
28801 62214 
229 45379 
30302 83749 
30448 64644 
48760 52811 
11283 49784 
32444 64436 
13920 95781 
55864 78274 
65219 11601 
11542 37383 
51251 94631 
93326 83448 
91310 55824 
22906 85805 
15748 15325 
29072 32235 
40428 83009 
75301 13159 
68189 36057 
45410 67699 
63450 6648 
39319 50010 
39918 96780 
1351 17343 
73348 44412 
2044 37506 
1387 75342 
21122 62696 
759 88641 
34029 19114 
38426 39935 
87365 17358 
77768 6487 
59596 97255 
83498 40769 
42543 82636 
9694 45087 
46485 36477 
74201 28847 
27076 74914 
19636 42160 
55852 19812 
36297 14738 
7718 43903 
75543 67430 
18648 89945 
13515 5234 
74682 25900 
34573 45247 
29383 31856 
91409 80792 
11049 1206 
64512 33809 
73292 78551 
87531 1632 
62953 49849 
27017 61373 
27928 46548 
5179 55408 
64074 24728 
32440 44844 
5188 32734 
72998 84316 
92954 86352 
1015 41139 
24784 29256 
17687 54552 
66636 68291 
90157 6701 
35191 38071 
42084 55992 
99164 67481 
72651 65575 
23073 91800 
5898 45000 
78443 78544 
75487 11417 
77206 12529 
31345 68246 
39979 16230 
14117 93841 
97917 65202 
80957 30425 
41021 95159 
81888 64487 
68051 87227 
79839 93771 
63609 60969 
79425 83201 
26487 965 
79620 22252 
55 92042 
93731 9725 
10210 40716 
86384 8346 
99365 15920 
61757 31269 
55958 50858 
99832 45273 
78122 9570 
78225 1384 
77473 36777 
35948 32591 
24340 77639 
32458 90503 
59340 75222 
30437 28032 
47814 27827 
83980 73546 
33472 15734 
45188 83481 
55473 87525 
11670 4988 
29212 29787 
25040 27976 
55252 30871 
96207 56772 
13106 89278 
77121 85632 
17009 10335 
20604 19462 
59337 81009 
69998 41369 
43988 12010 
98564 92023 
16850 88808 
74946 92344 
33353 78718 
65455 10623 
64174 99918 
96558 47971 
29305 70092 
91641 91844 
67966 17298 
64999 66419 
97304 53766 
2958 90696 
86282 84489 
87137 40488 
72898 46814 
18083 98817 
82598 54663 
78849 70739 
63691 51581 
37579 33265 
41602 60519 
25737 88783 
7953 55046 
44358 91273 
2754 66651 
44540 18610 
18393 85854 
357 71374 
52648 11029 
42504 88852 
64612 48167 
49163 86276 
42187 67250 
96966 33871 
72749 76462 
59377 17887 
19576 84173 
2430 46566 
45833 80425 
68468 89869 
95164 84607 
57393 70775 
33365 74081 
11887 58123 
79144 29670 
88190 46186 
3636 8300 
47208 44588 
58121 80469 
32120 43626 
97305 50815 
8059 64748 
1571 13746 
27124 53632 
65743 82898 
47610 24239 
14211 73126 
80277 16188 
22673 6837 
56385 84939 
75277 62598 
12359 4524 
62606 83345 
64159 25944 
30749 13891 
771 859 
24594 43051 
60715 49809 
29520 84365 
68068 26989 
4828 41210 
95211 9449 
19537 67072 
88364 17606 
46572 49767 
38942 56098 
44921 19621 
8877 49233 
60975 5933 
21242 33700 
10087 43481 
8895 62677 
57252 61389 
73316 70137 
1880 70384 
43402 41877 
85775 1278 
39737 40683 
85734 37441 
43651 37059 
22563 27121 
42409 4065 
16883 57636 
71939 45059 
48712 22792 
6725 36533 
32633 17321 
52860 84727 
3257 47695 
84717 14323 
16701 57363 
28284 30302 
13005 26289 
34947 19904 
51658 19581 
8346 90633 
27834 28099 
43901 72405 
472 65108 
15700 47151 
14986 57344 
98671 7606 
83180 96332 
45306 88480 
90865 96338 
45668 57883 
39689 39039 
87021 4570 
93860 71800 
95146 7511 
94745 66415 
83243 28253 
26699 38199 
56298 23692 
66061 71536 
18900 37107 
21863 97301 
12693 88722 
81636 19994 
66025 53516 
8562 98034 
72808 83678 
97276 39294 
30196 5825 
84801 85830 
55442 99005 
30330 26665 
71101 38475 
23045 95565 
94753 72420 
50655 81932 
94499 84001 
62993 7267 
74706 79492 
94840 97077 
37840 34808 
69993 8694 
27677 27313 
94685 59134 
96801 77583 
62593 33963 
56998 26644 
35959 48074 
65025 78261 
37767 72337 
68193 42915 
88459 36289 
84302 30421 
47307 66331 
18684 51487 
73377 21352 
27480 5008 
3914 43271 
20715 47559 
58994 48660 
61360 64263 
20500 49446 
57284 86105 
709 5627 
61841 27774 
11214 80995 
95823 52240 
66443 94056 
78585 3507 
7700 30669 
9409 87405 
13396 12324 
71466 21733 
69127 94609 
40269 21754 
7205 4036 
66064 34731 
89477 8281 
65336 88144 
99505 54777 
482 70159 
30626 5707 
48630 18111 
4910 43610 
60733 50981 
34730 21136 
90230 45225 
43423 80949 
26982 19851 
94423 77289 
6595 66216 
39311 89469 
77893 30827 
84356 29328 
2004 35257 
92433 9664 
25356 96324 
82582 58682 
15891 91804 
63058 36727 
76859 2185 
35308 35871 
55815 47375 
36184 20358 
47762 28762 
43527 96481 
50861 81656 
56361 84175 
70753 40904 
75047 99402 
85210 23338 
49056 46341 
74738 34734 
30436 61508 
96669 16065 
69552 48058 
30439 54117 
16386 87889 
49904 94883 
45413 21580 
84960 14687 
5031 41783 
19155 23584 
3527 54358 
32597 98361 
82719 23366 
40201 68343 
97738 30993 
94136 6190 
16757 51510 
16325 8022 
78087 59601 
1938 82463 
93650 67678 
88061 6543 
67675 14263 
13038 47953 
7346 6080 
1485 97722 
38168 50176 
97560 5183 
1000 99237 
34801 57946 
99950 73164 
74681 3613 
90778 13091 
68015 67093 
47956 70171 
93442 77636 
25214 30803 
5436 83076 
29182 32401 
80638 95276 
58633 29381 
85783 80413 
22901 27719 
3084 80469 
42160 18274 
39667 28201 
49593 3975 
16498 96835 
60830 34080 
79200 7897 
49614 29873 
98283 5809 
70309 10496 
29508 96285 
97604 5051 
86464 37047 
11754 67673 
36913 64030 
43663 95979 
72050 33974 
8312 90084 
13544 65202 
97315 79351 
17089 62379 
71785 87083 
3145 18165 
95249 99579 
95671 94950 
72972 55262 
77847 3220 
18890 72059 
80159 9619 
54206 86768 
669 27389 
52782 88823 
19904 64637 
87596 92715 
13515 31744 
99821 8241 
84710 38248 
7503 35829 
35426 41650 
94343 35396 
70321 45856 
70745 91466 
80865 85335 
79085 24782 
88188 72588 
23065 81147 
32784 31157 
37037 61965 
86787 84124 
75372 47754 
30258 18981 
94196 5841 
76751 3705 
18264 66517 
55433 86036 
34241 98139 
57083 68193 
28356 10942 
29569 12650 
91144 71812 
64712 1084 
44930 17814 
52930 38262 
10732 14943 
94666 65358 
20414 20427 
48299 23090 
97220 71817 
63116 84065 
73217 44164 
92873 55848 
85719 87808 
10571 41526 
96420 83582 
48318 32911 
6747 29696 
67470 3051 
860 5137 
23726 59305 
33756 38083 
29458 16055 
96100 44694 
31265 46925 
29682 93529 
14599 80474 
37818 93952 
19276 10365 
33548 3054 
99791 1355 
95125 94938 
92573 85751 
53121 38660 
58656 61533 
16318 86699 
54737 22969 
54651 84483 
48165 77260 
96599 73348 
32142 26685 
65696 74250 
16264 24697 
76274 7578 
64495 46526 
32060 25659 
27770 50154 
22925 8818 
71653 41845 
94852 3331 
30800 1964 
76112 60147 
31483 71429 
78683 66973 
10998 46881 
58073 53112 
28522 83566 
7023 86392 
5825 58903 
78978 74599 
58214 6844 
85717 30001 
76186 93401 
90231 54887 
96490 67077 
20700 58463 
57646 84446 
64337 21036 
69439 80761 
60903 80101 
38508 28227 
4856 24739 
82862 429 
82381 49729 
37025 40452 
14961 38781 
96453 12313 
54676 17533 
74996 616 
78102 41258 
52380 11698 
55421 59653 
70028 21038 
29314 31680 
93040 6356 
24213 47092 
93715 3538 
20654 48105 
27738 23452 
71765 34616 
68012 71674 
9322 79446 
33064 20320 
85355 76253 
97065 91397 
21939 92096 
96740 24483 
96579 99070 
56755 18042 
73534 14997 
39687 53325 
2437 91834 
89236 32527 
44734 52311 
76095 88799 
55762 90215 
74723 54663 
45678 17822 
96244 7556 
65999 65176 
77795 46452 
20171 10212 
81859 91894 
76362 46177 
90484 43286 
68599 73358 
88747 71914 
8386 35839 
19416 75909 
93115 10780 
56506 74272 
89868 97717 
89257 71053 
93601 48386 
30035 77923 
7247 23808 
59753 43637 
67952 64664 
2654 2242 
48403 13447 
78604 18411 
95163 32436 
15561 77911 
26920 20223 
17453 43938 
4757 41351 
73420 75977 
3804 48563 
63259 86811 
61061 95217 
60826 95448 
47701 6618 
62303 18991 
15851 3349 
69424 34841 
99592 47095 
39108 36154 
7871 10051 
70445 98058 
33020 52677 
37531 69944 
12758 31382 
92423 9981 
25834 47670 
56296 82017 
71867 93338 
88860 42189 
84488 42511 
76231 52767 
53541 90607 
5602 74177 
86894 42794 
1481 2634 
25306 10019 
82694 40458 
34852 79439 
61946 8868 
40540 87843 
50486 38972 
32077 41649 
49235 5651 
68109 95070 
4738 1150 
28828 19299 
83376 80475 
18493 69816 
70510 49057 
99164 86401 
32571 4640 
44925 41000 
89589 89991 
41834 82265 
33238 60792 
23046 12418 
91220 23923 
20830 72031 
82626 55380 
37596 1374 
30920 64186 
86603 93179 
1259 28909 
29665 50988 
7115 96781 
43966 19677 
87473 1910 
83003 60344 
90396 28717 
57700 405 
11316 19484 
52924 1598 
25133 748 
11878 53491 
20078 82338 
66305 18201 
88230 64916 
63919 23197 
52710 77188 
46196 23368 
14778 52294 
59388 31013 
85403 44422 
39573 42941 
25375 81293 
98572 77575 
55589 45921 
51725 71782 
14881 81962 
70816 77065 
36638 20917 
15812 37842 
87363 36636 
97675 30729 
60501 42787 
51097 93034 
47012 62347 
50859 71150 
10583 14678 
88371 75067 
79781 85377 
36018 33926 
32097 66836 
66092 9374 
85523 83345 
58360 38379 
32169 43548 
25745 45271 
45386 95222 
11130 83947 
66969 92576 
59940 45490 
34236 24662 
52963 93903 
38115 94986 
91772 73233 
12867 87043 
65128 63023 
45634 98245 
88950 45880 
59773 75599 
4667 90867 
69732 40488 
41214 49496 
27240 47045 
94467 7298 
78651 78852 
54551 33267 
31525 52088 
16260 21881 
84863 59749 
40735 28030 
11890 61189 
97573 53810 
96884 93984 
5701 58006 
18258 61008 
8652 23998 
38963 24606 
65262 39904 
12249 21884 
10364 15972 
35908 376 
41703 88521 
91368 61760 
19096 37215 
85328 92746 
19745 72980 
71115 56946 
79673 37589 
64546 19247 
65409 92755 
84768 75102 
62300 66492 
44451 61167 
36300 67614 
85619 30826 
24553 75375 
7557 88407 
36805 60628 
61421 89263 
4427 97276 
92532 29422 
96750 78382 
95818 68092 
35468 59992 
12461 49119 
77000 17525 
36512 13311 
99989 14551 
19118 22614 
30550 51817 
54945 49189 
61392 85604 
10499 17738 
72595 78784 
7259 27791 
41629 75398 
3893 24169 
38108 70159 
31289 28458 
34779 77949 
21746 92109 
30447 95210 
39370 82631 
72798 85074 
62599 68361 
89490 11129 
91716 24422 
84433 90918 
54348 42731 
32828 39601 
60132 92306 
13317 26604 
12106 42615 
48525 73707 
16837 32339 
86274 81664 
47919 38689 
42964 84291 
8150 78280 
47833 93887 
4618 49570 
72290 19938 
97813 9019 
1982 14211 
11059 58351 
10973 19705 
89718 8698 
27164 78325 
81020 78905 
35996 82742 
64796 79907 
55541 41590 
3029 34829 
30195 63938 
91839 85360 
32535 58958 
93370 38940 
33257 89750 
97020 18432 
97670 16485 
9557 86205 
93901 13337 
1877 27947 
52710 46123 
46521 97990 
1750 53148 
64524 47619 
8146 80397 
62786 80528 
2409 84109 
83857 5519 
24002 28625 
8897 85494 
24274 75539 
51522 13974 
86017 81322 
55367 85571 
70576 94943 
61404 65280 
83188 74419 
42403 2908 
55187 21823 
11411 83625 
77706 69946 
98688 53355 
85690 40643 
57315 8606 
83302 34817 
1471 94360 
22244 7090 
3415 10737 
93003 24356 
75244 89439 
65747 6780 
39785 64337 
22332 2206 
51257 27075 
53821 50530 
60881 28184 
58953 53264 
35152 56977 
68126 75361 
25262 9337 
34792 71278 
54969 31559 
81530 45354 
41203 10497 
61629 27749 
86799 65541 
98642 71509 
87949 86323 
96198 53781 
80342 51562 
68224 94741 
7397 59068 
25799 91514 
31640 94702 
71004 1164 
25945 68950 
90431 96786 
75251 53788 
11396 63789 
91308 59626 
82484 99659 
93128 2391 
66654 29794 
34025 24175 
89981 54462 
62466 47389 
71964 97489 
88464 61976 
74403 35969 
89791 68009 
44999 52128 
33061 21870 
99100 63379 
3545 63209 
78449 54711 
34569 32002 
49315 58717 
2444 20317 
54037 2899 
6089 41719 
9828 71313 
81869 42804 
56547 8209 
13634 25941 
91241 24985 
85549 83 
91367 58605 
91008 27365 
20918 69578 
54819 87227 
34081 60640 
47751 36918 
39591 43496 
72704 7498 
65597 80286 
79927 37832 
69655 78866 
25094 15571 
71359 26594 
18509 63746 
46167 5970 
26289 84355 
8135 47316 
75145 46209 
26556 38606 
81165 83286 
66909 30649 
70045 51995 
20069 46986 
81237 80998 
85380 32212 
51781 35600 
2968 49842 
56875 10254 
88609 71434 
43744 57326 
10483 82364 
32952 58031 
61294 66455 
77038 42340 
21555 21616 
60175 68642 
80216 1711 
94571 81089 
77363 76065 
19373 72800 
60368 47329 
36108 96478 
99673 70878 
21008 80502 
93268 74472 
39052 28186 
4 85604 
47168 631 
80986 35780 
14722 9521 
95641 25907 
8321 75157 
94396 5049 
84887 37202 
73505 35975 
12076 40844 
9167 95279 
88333 59452 
67896 83246 
66234 56335 
98011 99245 
92211 32804 
43124 72101 
63387 57523 
82704 21715 
67949 23003 
97045 68154 
19333 29082 
74392 97477 
16489 50395 
26519 39789 
62566 5061 
55699 14292 
52600 5201 
20801 48576 
97118 36429 
83158 84935 
83060 83048 
73885 45211 
86010 88459 
13475 37448 
38446 16179 
31816 52624 
27579 55839 
82137 17756 
43314 694 
15980 42889 
21954 8406 
87895 23786 
34529 45250 
88401 39579 
49926 5401 
61618 15217 
62511 91582 
50040 2209 
11513 41109 
23055 68024 
35164 82250 
88137 74404 
96445 9809 
53999 67937 
89247 76002 
13586 2437 
83867 2898 
41384 61961 
98969 36139 
54378 55773 
93506 76093 
68826 12104 
56550 42275 
96121 6261 
35582 49596 
60121 20449 
84537 881 
85644 47619 
31709 29119 
3219 19708 
64625 55009 
38720 61845 
4079 60650 
8189 48399 
92751 18577 
17902 64198 
55166 56859 
77689 54797 
95238 85616 
71506 83396 
85237 58033 
93460 98783 
65734 89866 
49742 58660 
19927 15422 
47352 45744 
7737 15103 
39021 60252 
45140 9907 
70411 71664 
92444 81603 
80442 65147 
71550 43851 
38524 23533 
66718 59120 
63485 44479 
75964 69055 
58164 4238 
70911 81783 
10920 44400 
91806 38687 
60714 76055 
51331 65280 
95947 66993 
46003 96079 
58926 1892 
77108 51749 
57584 82883 
64524 38299 
44002 68429 
96221 32740 
5325 32185 
93841 17359 
26816 60278 
90468 25655 
29067 95423 
10585 66980 
51814 79329 
14119 4052 
55341 41074 
16655 67781 
37077 28399 
26044 7198 
15851 81365 
42047 88803 
19085 3334 
50065 79275 
19338 92968 
2669 68234 
5689 62716 
23301 13615 
42789 84242 
85415 21252 
65807 69288 
17278 2359 
83000 15644 
57744 87863 
9362 22268 
41556 16944 
34513 4967 
24054 58613 
35975 24676 
64661 69785 
84948 74040 
76103 41098 
55929 54809 
12056 32559 
43730 18526 
9737 55126 
11923 36025 
25953 11480 
45241 7467 
5210 69445 
55125 23957 
96698 4954 
92411 44206 
93338 17917 
54047 55306 
517 93995 
31756 45336 
54775 58036 
39754 27360 
3385 40812 
75878 19319 
24661 59677 
15919 2363 
15768 95942 
14465 51396 
99912 36958 
87252 55886 
8029 39324 
79767 26458 
71419 61124 
84796 13350 
21244 5709 
57604 46493 
28427 17332 
91638 43813 
33194 69785 
59894 24262 
7343 93219 
97515 5192 
64319 91429 
99726 59843 
82258 12172 
35857 60046 
33372 46446 
35003 31689 
19435 49153 
81778 6054 
97555 93220 
71649 58819 
43041 92002 
14511 90348 
36907 50638 
42416 15820 
84367 36094 
72834 1826 
67690 87694 
2296 7256 
11833 25237 
56980 60586 
94559 50161 
6558 33167 
64013 76711 
55547 48632 
36274 74720 
62422 2268 
32964 53336 
941 50987 
84709 65935 
70386 74501 
70124 70451 
81850 1344 
81944 36468 
96232 39586 
12031 50714 
66270 51418 
25195 35923 
39703 63195 
48148 64588 
13601 8117 
34337 18708 
90895 57409 
78040 19426 
79334 7681 
41807 26310 
90361 57082 
30185 85036 
40822 20940 
89640 84373 
33942 8766 
39678 68612 
97682 8813 
43404 39959 
88358 3828 
7087 76932 
25324 72202 
57796 89401 
8554 12403 
85737 28707 
85119 65416 
53682 72123 
72828 99826 
69690 4975 
19739 67271 
91327 30827 
76751 32178 
79667 50423 
87170 28995 
49585 63429 
51910 2596 
69202 63542 
11922 43093 
45823 17149 
458 34974 
98279 38488 
56943 2308 
56343 123 
61524 46710 
46717 46559 
44762 42805 
22052 10958 
50470 77129 
64583 70158 
81372 90743 
49169 11585 
37025 13228 
81876 27149 
61369 56358 
39718 93836 
53308 69381 
24770 48489 
57861 44699 
11580 15106 
47753 2648 
10667 97031 
25664 77167 
92863 3514 
25958 70324 
19333 40380 
71308 42988 
369 57933 
44470 61375 
62372 15702 
68349 24767 
36905 93299 
48514 58390 
98327 49376 
21528 67255 
67217 6577 
69697 11706 
65642 19369 
8273 83488 
57315 63771 
24693 32335 
30775 73241 
51065 17409 
86937 33390 
80926 35330 
73722 39655 
99192 7147 
69941 16733 
80262 90249 
58208 96295 
23390 18068 
42371 50406 
36738 60337 
58819 82071 
51910 39752 
2970 81445 
49335 37077 
42349 66516 
1496 66030 
15915 40448 
95804 1754 
25600 14249 
81821 2227 
10522 63103 
98578 70659 
56938 7409 
76876 68747 
37698 35496 
78773 5591 
93838 13943 
31834 95145 
67904 63602 
39293 96281 
73700 14640 
98904 23822 
40391 92332 
43063 46397 
201 26799 
20692 67486 
98482 24552 
77398 19747 
92445 87433 
54589 89521 
70656 15436 
20528 28346 
69173 83882 
66682 1401 
82210 42567 
51294 68964 
65316 44740 
48737 96296 
7251 77161 
68027 39820 
3124 28979 
36734 63000 
95797 6815 
7629 94039 
65178 76167 
34495 49332 
35751 85163 
80876 11528 
41514 5660 
70911 69149 
34503 8836 
64946 95902 
48146 77673 
44282 72102 
29935 47106 
19198 28119 
39246 54108 
32291 20290 
65594 74625 
15222 33432 
60248 22033 
71121 40939 
89795 82624 
97156 43333 
14146 67712 
32238 49264 
63421 68984 
13306 59107 
38239 14061 
50350 60629 
86192 32555 
85079 48647 
13603 59432 
81063 36169 
76151 22129 
4234 33167 
54548 80610 
91738 31010 
62158 15436 
74483 45453 
50328 87920 
14081 39212 
74132 28577 
38447 66293 
56367 45324 
11973 54598 
40828 81267 
55980 70737 
57270 93414 
43050 91592 
29901 68289 
24893 40802 
48884 38169 
17559 35219 
90024 12542 
60073 26292 
11669 93396 
83006 14396 
79835 81 
72023 60354 
72654 89717 
88092 17664 
93467 22537 
10846 61424 
78240 88014 
4489 95502 
17437 77301 
66671 78184 
25108 60208 
9929 18352 
78644 876 
42550 59195 
21512 25272 
61159 84509 
68267 35773 
40836 53834 
76209 53365 
10251 97013 
51301 56353 
29065 76168 
37298 75980 
42799 53676 
96514 4002 
76344 88421 
28241 64987 
41512 19393 
86588 7023 
76270 85670 
53310 68480 
3715 74877 
93205 85650 
97404 88400 
69749 16298 
66285 60957 
26842 67559 
27289 74576 
48909 33126 
16522 62575 
96057 64277 
1059 7858 
73607 22064 
92489 1631 
36004 83875 
30635 43605 
44004 6540 
1319 32809 
90970 80341 
75523 19315 
89235 43483 
9016 61535 
60683 65013 
21246 61128 
7086 45624 
80262 28193 
45160 30474 
56407 63045 
78957 75829 
71744 27753 
47864 62295 
64407 20499 
32403 1346 
7520 58942 
21932 39014 
70840 24911 
48494 20867 
89940 22106 
69245 45746 
12563 50895 
36278 2285 
24628 9900 
27095 51812 
19479 92715 
21603 94039 
63059 59943 
2226 27776 
25027 31677 
22565 97947 
91223 63592 
37013 2291 
46411 41062 
8852 16404 
17922 49953 
17533 84128 
575 60263 
67245 11844 
41178 89293 
58309 99790 
46942 94749 
20542 41355 
96303 84981 
23483 22100 
72932 23517 
72171 54337 
14123 48101 
69190 90154 
63278 20654 
73762 66093 
42885 73875 
16891 46021 
19148 22657 
37937 45248 
12355 64044 
92434 38601 
18099 98157 
43589 77875 
43626 64337 
90617 70001 
30869 1674 
5909 96237 
33147 11182 
50001 84854 
36024 18061 
8432 85017 
64501 6790 
47755 27943 
98490 29266 
