34646 59433 
31776 27779 
95472 41820 
35234 14397 
84433 61099 
96734 98231 
80772 82132 
27876 71838 
77731 47371 
39368 76592 
30286 70309 
32426 63312 
58671 87044 
23209 75901 
60246 55737 
11877 71274 
32376 4010 
34550 38171 
37217 37738 
91185 79909 
45623 41140 
25358 81668 
81909 17760 
42911 91626 
53744 44633 
95640 7040 
92230 37850 
23443 71351 
46022 56712 
43781 56424 
70347 5806 
831 25240 
26864 29581 
38376 44681 
63532 32397 
40248 45467 
75002 98502 
90073 6897 
53533 31035 
38083 77723 
27991 76910 
26926 31293 
54272 55299 
20694 93070 
64278 61448 
1794 71673 
2597 74696 
48827 70780 
80096 59799 
85293 58572 
51886 14055 
93728 23811 
83456 79233 
22810 53223 
3244 6932 
75947 23560 
52504 38733 
59109 13500 
34080 38435 
82863 5526 
30497 92602 
59035 65961 
8807 77844 
5948 62529 
54677 78451 
77827 3154 
81457 26426 
63768 57121 
41308 27435 
59568 50302 
24944 30828 
1754 9845 
74125 99655 
67287 70530 
46781 37450 
84755 44954 
68486 32595 
73207 2750 
75972 88173 
23381 261 
8469 15493 
62691 51380 
30886 82846 
160 32742 
79195 27541 
30365 71990 
2845 58921 
86519 76536 
41638 2796 
71959 22068 
15219 63615 
66608 34986 
22184 9700 
372 71002 
42771 19004 
8986 13363 
14211 58091 
39474 88443 
1032 5433 
52171 23903 
13950 71609 
74169 55189 
40469 13633 
95088 19815 
37896 88373 
60224 65717 
5206 40932 
8416 39880 
94037 77827 
22391 16521 
41070 31963 
7859 70304 
4153 86648 
94329 99376 
62724 89242 
55349 55443 
99478 51601 
78844 43694 
14655 4022 
79201 14058 
36954 42235 
31964 77090 
85778 82802 
29240 42737 
8378 21310 
99367 98306 
62431 69895 
7903 13112 
39684 35843 
58668 81648 
29517 91432 
43347 94531 
2636 76668 
46092 57046 
54560 71194 
95563 58812 
86191 69401 
71043 34909 
14445 93679 
11526 48726 
99808 84693 
47086 69898 
49611 14770 
70390 16843 
5960 80668 
92852 82761 
55445 45419 
84735 66391 
4112 15441 
81393 84370 
45667 58713 
48905 50762 
13445 92594 
41494 71106 
47452 95734 
50424 13306 
26573 27511 
39458 85725 
13066 70596 
85528 74056 
31532 47460 
94884 62850 
57772 44 
44820 95024 
24306 63309 
8948 3234 
58785 8008 
60056 80708 
59142 75774 
8711 45918 
75027 80515 
28100 95449 
8943 4080 
35959 32450 
72460 71328 
53032 4284 
32979 49938 
34098 82279 
64753 83725 
72457 68929 
74202 34709 
11618 23487 
4055 78787 
59006 55535 
33419 72676 
85642 47985 
81635 85604 
13055 35863 
92592 68280 
34071 85322 
23163 13779 
87684 88509 
84533 50236 
9852 14237 
88381 93626 
11873 31828 
31257 80409 
95867 56111 
9953 94446 
2971 45189 
98259 344 
3977 19447 
31237 96281 
84442 60214 
36974 3338 
46725 89520 
27757 15528 
49903 28633 
12708 44941 
35219 82339 
22144 9807 
39476 98387 
40272 29794 
81703 7070 
27295 12476 
19466 54645 
74615 37667 
10344 6044 
77536 72182 
81382 7350 
28707 76617 
4742 66503 
32542 97834 
1312 31948 
15931 76127 
45678 23224 
63778 34394 
25675 94939 
39272 58150 
17619 96155 
58239 19879 
74362 20884 
74546 48912 
87497 32210 
99240 98960 
77276 82520 
19946 19399 
84273 45356 
9037 93542 
85301 20616 
9170 67390 
32806 74148 
63022 55731 
21699 25208 
10389 78952 
20536 833 
10290 53574 
64962 34863 
58337 32262 
509 1173 
60309 64944 
79131 35602 
91768 31671 
59243 19138 
20484 79996 
32599 66134 
93562 84882 
2969 85586 
94372 37548 
71406 61030 
55737 61145 
40743 25092 
75306 45805 
38058 88488 
16634 93348 
67962 20055 
95210 62800 
51865 64320 
42545 11910 
78791 26232 
13356 36948 
91833 48810 
51045 23349 
61015 58828 
54832 33114 
48108 58076 
98293 71433 
51839 93293 
33498 94560 
33007 46590 
77571 43787 
58141 49964 
19175 16191 
67634 42474 
1326 11866 
69710 56688 
33854 29470 
85100 42236 
63981 17162 
18962 8577 
86672 24401 
16379 96575 
7774 41561 
65672 69016 
82436 58971 
49790 43890 
38899 24717 
10222 81096 
63450 31438 
80139 73153 
66218 16351 
63891 83576 
69418 15858 
88534 22762 
59792 76357 
29692 50545 
25179 86242 
18880 47036 
51517 60602 
72285 98906 
91053 79730 
42080 6981 
25116 55328 
80466 32831 
35552 74179 
23950 66966 
67759 48022 
50763 19329 
15226 80552 
37867 3963 
80584 47666 
45643 14055 
71412 75495 
88168 60973 
70360 92244 
4855 81521 
78649 24498 
35312 1293 
69593 6405 
13409 78832 
4520 71030 
38818 45262 
57303 97167 
54734 97093 
65699 92038 
58999 96119 
77776 556 
2498 79633 
89956 45199 
83517 86623 
79517 17070 
29632 61183 
18893 58314 
69746 3070 
21706 98854 
38055 97140 
11172 36243 
18992 68349 
20396 76487 
37635 77075 
31007 85762 
23567 90681 
31732 38260 
27878 41611 
31676 83737 
52732 9674 
94459 99847 
60884 46821 
68831 39008 
68532 96342 
78964 27244 
89064 45274 
3359 23370 
87539 88724 
15153 885 
26156 77889 
78570 72037 
29506 69750 
96389 33816 
75033 95720 
81469 78992 
18967 18985 
81792 81812 
839 55821 
22884 37608 
30783 94895 
44137 8340 
52950 60328 
96215 1920 
95654 29287 
35641 92252 
64295 32907 
99565 68958 
6616 40544 
68882 91099 
81534 51692 
31022 7515 
92540 97306 
35137 97952 
4621 82875 
91859 83751 
49632 89249 
7385 54636 
39263 84070 
57415 59021 
46981 86573 
256 9247 
90791 71601 
426 60308 
47135 94873 
84179 30857 
52962 70852 
76560 48675 
7750 37008 
76010 19296 
70197 93825 
6945 36094 
55308 18624 
53389 72895 
76789 13036 
17427 26077 
46930 58965 
65101 2086 
41574 25896 
19352 78471 
61297 93613 
34704 1749 
71604 28723 
41608 23828 
84695 80796 
79698 20196 
53318 44515 
48724 77724 
83194 67918 
93477 87680 
34737 73631 
4766 30433 
76989 99925 
62367 92328 
77198 61515 
67807 12340 
57903 76176 
14973 16377 
30139 2617 
24735 60472 
16085 87442 
26138 70610 
7454 24635 
1172 36566 
66901 89678 
22755 89889 
68931 22225 
6249 72032 
94045 96212 
63709 77656 
35289 34328 
97027 40226 
49887 94987 
91214 12320 
90335 84238 
72317 81410 
79062 22498 
75799 53395 
48746 26570 
30660 30799 
56327 51070 
2234 10293 
93003 70253 
52246 25076 
54699 71104 
68629 61666 
7983 71697 
89524 87773 
84882 74949 
96003 38174 
66734 17273 
76286 18907 
72013 74027 
70559 6582 
45936 39248 
89965 39258 
60730 5858 
65961 18070 
74581 34309 
26938 64684 
64579 12626 
17851 8651 
44369 78828 
75587 10864 
784 97925 
47891 64583 
35350 59999 
96884 53854 
76390 93317 
59583 90671 
35319 66988 
47265 96851 
16790 91367 
53147 44340 
56486 11246 
3569 18557 
52662 26766 
31701 23385 
77929 70115 
74788 3533 
6324 12202 
96030 20276 
67356 72870 
10418 79925 
43522 60613 
50204 80908 
60676 73346 
40151 14964 
81677 50468 
65296 30698 
2916 78274 
4698 43634 
70587 15702 
73486 55910 
78981 25488 
62486 30874 
86629 66970 
89808 53100 
87776 31125 
82015 92738 
6437 75833 
83800 84576 
38219 49964 
54627 26877 
51117 78538 
48333 2754 
70645 18056 
87456 27752 
16973 81024 
37876 31320 
32117 71764 
61329 86951 
33790 71793 
73471 16060 
59178 62377 
63373 4016 
16673 74293 
36674 83276 
46535 10419 
29113 58169 
2459 95442 
99734 68664 
5207 68806 
53800 16311 
86732 51954 
64278 4546 
38650 88989 
57761 77710 
2432 81079 
5757 78347 
90365 9216 
15518 80748 
6097 67428 
45932 216 
41521 9066 
83450 22128 
62743 42502 
655 42667 
62096 99390 
85761 63927 
45391 38572 
75216 40142 
44050 41792 
43524 28888 
90274 3555 
4521 61380 
70064 16805 
56556 9347 
73724 8519 
60363 92493 
96332 84892 
72907 40167 
1761 4469 
73060 93619 
52947 9418 
5708 11098 
28403 10039 
39714 17069 
90390 35727 
82161 18923 
43699 36739 
16368 99838 
25622 45477 
34426 84808 
97525 83410 
16318 68378 
66316 30357 
67179 87227 
50130 56498 
61850 18528 
16739 54344 
61591 85862 
65467 97814 
61669 58482 
93784 98625 
522 36864 
88323 26416 
11279 27694 
6692 8334 
24658 24877 
71255 26235 
38587 29606 
78964 85248 
54395 62193 
42353 36116 
41994 41094 
15976 95568 
37205 30456 
29843 23885 
93235 86514 
46828 86938 
5267 65282 
84556 51103 
2241 89253 
93930 33844 
53122 9199 
66260 60138 
66281 38654 
48841 55522 
70123 83299 
84888 40203 
50654 35235 
57883 75525 
87436 52979 
12668 53985 
73198 2061 
46045 17090 
24369 88179 
8170 31529 
89876 75184 
32680 53438 
43785 43490 
18296 62997 
3708 11032 
17535 57155 
51369 8543 
49217 46955 
44318 73630 
40601 17791 
98520 4050 
22274 75816 
90358 89565 
44324 21823 
73621 23899 
55869 65105 
32068 83560 
91673 14109 
91462 48687 
39350 58147 
96252 32565 
18597 84990 
15584 81093 
89906 62863 
80926 1253 
24371 52176 
73292 78468 
8503 2276 
71905 46806 
28361 31544 
48134 83039 
75852 85395 
38595 5886 
46711 16008 
59576 75116 
54448 30100 
31255 1678 
67479 6587 
64668 99701 
87677 94685 
27000 33903 
27730 64823 
41446 41874 
12023 99675 
96801 39679 
21102 80674 
38847 51356 
23379 46591 
90756 38142 
89363 75043 
2905 41647 
63479 65272 
63893 96686 
76481 81065 
13976 14110 
17471 46415 
89772 81745 
48703 73304 
94784 82408 
38647 40962 
34155 81985 
9182 38995 
74029 97683 
41340 32986 
86000 16812 
60656 10478 
15338 99858 
28007 17702 
68055 68071 
94685 2956 
46316 45465 
41516 41261 
74316 97842 
10989 26721 
47473 87372 
58645 83948 
6607 40212 
95371 67998 
85782 6830 
65818 93443 
7555 79922 
9764 57526 
2631 23191 
83091 99776 
12224 55775 
72906 71046 
90957 31724 
27395 68613 
65673 51693 
35162 30801 
21297 44892 
31065 74525 
78703 63324 
76010 2229 
1542 37505 
56660 874 
19059 53076 
77703 4952 
80160 21116 
74097 97950 
60354 31479 
53623 82229 
27634 98068 
91109 56018 
35982 27764 
34851 97994 
55910 70571 
53047 74893 
70274 37543 
43455 55640 
60592 5215 
53038 36704 
84184 60487 
6017 57667 
95673 78289 
18516 13471 
97750 65892 
85929 50351 
15549 52310 
65144 66152 
76608 49027 
37941 22572 
44093 59157 
34140 16779 
94817 66136 
13518 52934 
55556 90182 
54021 352 
11270 61017 
70477 24326 
77047 18712 
92784 28104 
81944 21037 
65466 50059 
47375 5308 
91541 18793 
55271 25492 
32759 80725 
92006 61198 
95618 79662 
22872 74200 
77909 85913 
98907 70250 
24136 43699 
22950 9211 
39766 29928 
5038 94894 
44092 94847 
18580 67530 
99373 85647 
28263 16370 
39957 37793 
98177 27745 
39267 55659 
4443 84705 
94796 93995 
70404 38446 
81678 94827 
14473 78797 
23938 30563 
50784 41329 
59171 53413 
11039 2013 
27209 53662 
62287 26872 
96221 84907 
79843 63670 
50737 23053 
97144 85481 
5253 87695 
95083 21809 
74348 69426 
12177 41985 
25655 74719 
53939 87644 
65577 21168 
54882 86385 
59280 90257 
99832 17073 
66294 72193 
42559 38732 
80957 17972 
69228 39655 
2975 47492 
41732 11041 
27523 49365 
21747 427 
36622 48026 
20136 54114 
93890 6775 
38347 14964 
93360 81621 
68535 2180 
89666 40072 
97340 63063 
41712 11488 
14638 53231 
34847 41168 
63020 71453 
7584 79020 
76372 47946 
98093 45511 
46653 60915 
42957 82503 
26787 35099 
6098 14673 
24608 58196 
89322 18383 
67846 36339 
77583 19203 
23386 98122 
1855 16726 
35388 48227 
60415 65860 
6312 66290 
25362 27517 
82496 44431 
75378 38381 
21664 57734 
37999 39434 
13572 65962 
95098 45927 
97000 51953 
3790 37740 
66358 12343 
11656 98328 
89441 29697 
99953 32933 
64175 71601 
71386 52297 
26692 81892 
10058 16795 
85663 51984 
80386 97729 
98549 86104 
99019 27479 
24254 3266 
9256 78234 
83672 50930 
10951 30277 
34679 40566 
50574 65049 
21382 53702 
55895 45712 
88750 8544 
7625 28466 
63248 21902 
76437 81580 
87691 48876 
17907 75911 
64231 33672 
10226 50611 
3288 58898 
39924 50829 
98151 37817 
89415 80354 
45118 54313 
56778 11499 
7245 18678 
43041 46960 
76121 73838 
75082 33931 
20572 56285 
93348 89481 
23783 88700 
22708 7981 
1046 57167 
62086 86334 
59207 4858 
73884 20823 
5844 56209 
27787 571 
41308 70850 
55156 46932 
69977 14955 
42 25594 
48437 29145 
10732 88691 
47762 66742 
1790 87961 
44661 73906 
30721 36792 
71992 84059 
75639 88908 
52996 3041 
70787 44559 
15543 68514 
55228 91247 
32837 77442 
16732 35324 
65192 88811 
67656 83273 
83866 25289 
72513 87017 
42427 17118 
57980 76313 
23687 54333 
75234 63094 
30989 39224 
51814 17569 
11474 60023 
65597 83953 
95925 38867 
97025 24892 
14878 42387 
67358 57970 
3925 81634 
50561 75118 
42473 69544 
54274 16308 
79693 48813 
1416 2630 
89000 50748 
8086 20628 
58124 96600 
45745 89757 
65672 6847 
96031 37846 
17062 41035 
55154 55676 
12815 51055 
21407 1082 
385 94077 
4176 75438 
17099 17919 
25710 935 
66202 1191 
47945 85778 
80639 3379 
45857 76225 
19915 55849 
66088 59331 
14211 3806 
54999 98350 
16922 91333 
13851 53905 
51874 66915 
40461 68387 
44708 75226 
46476 68452 
9240 92439 
97308 71087 
19121 56992 
7832 62372 
32675 45450 
41056 54906 
54558 44016 
99338 19799 
11683 70231 
68048 32196 
92870 6527 
70175 65494 
51755 17581 
17008 18722 
714 36753 
94804 64010 
29928 23436 
10286 56624 
70142 12739 
28821 58744 
80339 1717 
78318 89977 
82182 42193 
59146 32535 
82026 39275 
95802 87082 
18178 86752 
89574 96437 
46252 5835 
83125 28637 
28657 92079 
27695 38318 
25604 16829 
51534 5919 
94491 74155 
64207 87918 
92150 12004 
95590 98127 
40106 37171 
60633 80005 
56908 37697 
61405 23019 
83523 23417 
86455 22280 
27891 45674 
44178 79986 
32982 20536 
71687 99658 
29004 46414 
93557 29708 
64925 76563 
65899 71582 
27047 79735 
30327 79528 
43089 98111 
19707 43990 
39102 90648 
2959 68681 
63495 32116 
29745 22596 
17556 23336 
37509 72530 
35078 56525 
13138 79113 
35035 71146 
59417 69940 
30741 30306 
2487 87061 
16514 45474 
90682 42929 
68587 78193 
77382 8805 
90866 51458 
50968 2751 
8098 10540 
73464 40457 
59113 83342 
16128 61533 
71029 3674 
35046 46289 
1651 77422 
12671 93619 
21778 91149 
2309 39292 
71711 85454 
51693 55756 
67005 41287 
49091 89527 
47324 56417 
30780 60270 
59259 21385 
12285 66905 
39049 39524 
57403 20358 
14374 74004 
78860 50036 
75738 46374 
72317 11658 
77421 55697 
21516 57790 
15603 35118 
76482 19210 
96952 13602 
99005 85211 
54840 4564 
90027 63982 
92323 263 
62105 50425 
31089 11068 
96755 28068 
23856 52083 
31300 84173 
43987 46144 
52731 22722 
607 81797 
37143 18628 
40089 37652 
62442 68364 
85493 60357 
39347 57120 
34403 62471 
51065 80686 
82565 88613 
65609 31419 
65835 83543 
86346 82018 
16178 84192 
36173 78210 
8777 49179 
28612 82078 
36825 33956 
65167 91406 
88128 17517 
12428 97258 
13406 87433 
54713 31942 
70001 94027 
88420 2579 
96692 91608 
22838 1679 
25391 94938 
78773 35460 
63754 92480 
31189 13070 
89051 74507 
24921 95442 
78122 53745 
3581 11225 
60873 78991 
30950 9002 
25433 68037 
51381 30015 
22003 15224 
31225 53607 
9343 61071 
46753 88856 
62988 46699 
35757 60136 
17469 14125 
9778 61811 
46197 55031 
31822 37826 
92109 55213 
459 75656 
49795 29696 
45362 90870 
65536 94362 
31634 18549 
65535 73943 
90662 20811 
44599 3380 
43804 65938 
47620 39763 
61835 33876 
54425 65500 
7903 55351 
34925 29807 
44628 97388 
75960 45293 
47019 66719 
93817 29140 
52060 14398 
37150 54245 
93073 89850 
53862 54738 
12406 10676 
42482 12378 
19495 85717 
33670 35592 
63053 53196 
50701 31324 
15883 73190 
79149 61331 
28736 44275 
35422 69219 
95692 97851 
61437 62249 
87663 60483 
88436 32831 
52936 64541 
6765 8622 
54063 30476 
50461 27288 
8950 40268 
55535 42209 
30658 70897 
79106 78829 
15203 59129 
72864 77829 
9572 24477 
88812 80930 
3187 85879 
57862 37903 
25213 69477 
22536 39228 
97411 19784 
23921 7850 
87616 94625 
39955 15619 
32483 45415 
47262 25233 
49784 58661 
31931 96918 
40333 61999 
6021 40534 
87534 78668 
96027 38480 
98562 47994 
57133 12469 
95365 16292 
32829 58173 
55955 42508 
23280 25708 
26861 56022 
47839 81076 
76159 50209 
87171 43915 
33149 94650 
68702 60323 
65546 1378 
15415 35979 
77928 86059 
12545 24455 
76282 23725 
59258 38340 
32573 10490 
63180 26686 
609 7622 
4447 41295 
79851 62402 
42944 96473 
97362 71398 
67488 12173 
79747 76101 
88937 18770 
16731 58317 
60555 93276 
75915 33244 
68428 91375 
14293 21906 
72336 37467 
46288 21383 
93197 35737 
70316 81248 
37058 69308 
26340 37679 
17566 61641 
55365 52899 
88969 84625 
58532 56929 
29899 11136 
8213 91061 
24548 26404 
46449 8046 
72330 32108 
17085 92657 
19691 99895 
17145 28134 
48486 56899 
20236 48937 
74159 14830 
20218 88296 
3965 86340 
66893 50274 
80536 67627 
17119 10317 
89349 4607 
4567 75773 
39977 1495 
39220 18366 
40496 75281 
83760 24349 
71998 7300 
18159 94852 
35901 94013 
96062 68893 
90589 53112 
16959 34575 
15873 98165 
86688 40198 
43900 55308 
15467 16321 
73300 58842 
7435 72256 
39777 29118 
28596 36031 
50768 5690 
1094 65580 
4410 81520 
60910 70686 
3803 59847 
33339 50197 
46352 34362 
26060 67059 
14995 75462 
13082 54936 
23190 90601 
84578 74464 
68771 15135 
67341 14673 
33120 81563 
78560 65641 
21589 9705 
61612 72149 
78692 58096 
66740 14931 
27309 77756 
81777 56029 
75003 13525 
88478 27868 
2513 5233 
18555 41814 
99587 51285 
10181 41333 
41543 10566 
20510 27276 
6287 35128 
32658 38416 
16009 45689 
6644 79027 
50346 84801 
62941 47118 
18548 8342 
54570 31890 
97021 5073 
79081 17035 
35592 66051 
5307 47690 
10948 61013 
41430 93179 
58908 17173 
50685 65122 
48551 37403 
28936 31047 
70684 39401 
94399 97329 
742 45179 
3949 22116 
61918 1113 
2711 58826 
58194 62786 
34079 23867 
68884 35964 
85822 28429 
96437 25354 
24591 13513 
37429 6102 
75939 79801 
3056 99558 
39882 9539 
49884 4409 
93031 36287 
94244 7079 
17534 30228 
74334 71147 
14308 31650 
92990 84541 
3473 83282 
21027 25413 
88437 83374 
66152 92822 
61734 5704 
15689 36774 
60495 10154 
42693 13622 
37368 98061 
24497 87499 
98699 50224 
60344 96192 
75991 22289 
90485 747 
38904 62163 
12945 42096 
28492 57162 
66156 35133 
87904 14821 
95757 40915 
94426 30578 
52048 71042 
51542 97999 
70984 94775 
82592 72794 
76027 39087 
78641 10525 
784 94582 
92332 59764 
73089 66104 
36788 7379 
20033 35871 
44039 40699 
50403 39072 
60962 12489 
46109 87150 
12423 69012 
47393 12351 
41050 28852 
47954 48629 
41020 80778 
25608 8629 
39237 2612 
21691 64225 
41476 89844 
48145 88959 
53315 22748 
45052 74741 
6125 93742 
33398 92295 
66898 62994 
7886 25096 
87358 9538 
92898 69900 
52587 97650 
41016 63514 
22322 83761 
87998 65028 
19075 47913 
90705 95543 
6445 45547 
65187 13259 
18221 40375 
11000 80813 
44318 97147 
54781 63897 
53117 84320 
71219 85410 
31436 60933 
42773 47801 
53138 99474 
847 27763 
45321 27043 
50590 42047 
7016 50839 
19103 80939 
49550 70812 
82540 6820 
69942 72247 
21452 19219 
39181 34124 
25699 94913 
85707 85295 
20318 21874 
81122 89822 
12019 59238 
89917 45273 
62267 72000 
27931 33327 
77412 8720 
85267 70752 
68934 13330 
8583 70599 
77570 87985 
4925 38455 
73943 52894 
24712 96582 
45310 81227 
5006 50062 
53100 22427 
5836 83275 
99184 65630 
52185 2583 
70119 36420 
2096 21568 
38131 64758 
97440 18941 
85145 9688 
18014 85986 
81943 77288 
51950 20411 
98344 22365 
15789 16480 
42293 81482 
6166 47549 
25824 45204 
41642 36402 
34112 40789 
58068 61252 
30147 63078 
53736 50816 
62060 60966 
41620 80594 
52709 59568 
55176 94267 
41874 74110 
71443 39080 
20241 50537 
60609 22172 
41345 49992 
44725 65947 
22712 79568 
49941 64954 
50703 60080 
66374 24163 
84875 13174 
87686 89065 
17158 44644 
88436 61771 
78756 98649 
11458 34047 
3383 58341 
79795 58196 
49316 72474 
18128 19757 
54689 94652 
67167 72176 
50582 32145 
1159 42918 
84663 14583 
13404 22957 
14486 9335 
17636 7106 
14037 30007 
24121 61375 
99701 7266 
88498 55344 
22552 17040 
98675 12484 
92724 90190 
60506 99426 
98577 59844 
66493 96365 
58479 37862 
83444 65116 
96259 50252 
74774 58754 
62702 2904 
81075 97366 
34965 93586 
18583 68125 
13373 33944 
19374 94685 
772 96094 
29350 60889 
93471 52428 
548 66807 
34791 34355 
62785 41320 
82299 95979 
36352 34803 
18073 32073 
52231 67875 
87660 66223 
79231 17763 
87867 94646 
18471 82531 
36144 43939 
14796 75201 
45003 76882 
51999 64792 
93797 59449 
44141 99317 
37154 84278 
8772 16996 
14421 31128 
9541 76263 
27756 33230 
85465 12567 
37794 9920 
42015 60550 
85335 20591 
65238 63864 
85058 92766 
34293 31729 
53025 77931 
50029 91237 
23551 92819 
67702 27506 
83026 10929 
20399 99972 
98336 79343 
46464 72408 
45780 49259 
88931 96727 
52713 25190 
17956 46161 
48626 57375 
38211 2129 
84959 24738 
82411 60907 
23692 81576 
59395 41151 
13569 70186 
20611 41408 
69811 33756 
32392 17924 
48273 99100 
93057 27376 
58196 37212 
13662 6619 
89080 51086 
89150 42065 
36668 84914 
22655 15041 
620 96501 
29901 96271 
92189 85624 
42912 2568 
34059 25076 
52663 21887 
56465 98245 
78824 59096 
93833 7349 
31430 54128 
64383 79813 
34084 76602 
71488 66799 
11198 6606 
66 97496 
2843 69991 
93874 25569 
59908 8356 
90281 80011 
89574 28852 
57973 11669 
66500 96981 
29991 8837 
98680 6774 
49613 40551 
38565 87045 
49807 74625 
59837 79850 
68344 8947 
78144 57858 
60104 49189 
80116 31025 
5741 63859 
39169 29789 
31570 48462 
38870 41918 
49391 34589 
95057 23256 
96953 86830 
66427 98755 
9836 40711 
69998 19526 
83770 48204 
72589 44075 
92744 13857 
12425 67465 
12747 24252 
15957 30815 
63557 96224 
14196 5391 
21747 95156 
30100 60456 
76895 3690 
4003 92152 
99971 53297 
47579 11828 
67984 66417 
68519 66587 
42167 95261 
87852 92250 
28354 84852 
79803 79496 
57648 32547 
52 67630 
13102 63993 
32475 67271 
93850 96377 
76691 53154 
51954 13836 
19181 61326 
59231 36991 
79262 71235 
61420 28871 
97856 52457 
55240 42823 
41797 8334 
80288 84536 
29312 54287 
52151 29947 
43359 27307 
75733 13501 
88654 34929 
68513 77184 
65514 16918 
92297 49690 
79052 11007 
38987 7257 
75781 85154 
41023 52926 
1373 23177 
80330 39392 
3074 27989 
50987 52080 
58198 37293 
90295 63746 
96171 30232 
30507 69628 
95733 40346 
39222 13064 
81203 80100 
10296 15502 
12133 25335 
39064 31943 
59186 4167 
65814 63122 
85757 84196 
99631 69107 
9627 54308 
41097 45504 
1862 52931 
6818 43072 
91189 3300 
21315 34331 
81258 78088 
82570 56595 
55464 30715 
26342 89886 
39441 98719 
11361 60307 
14842 5733 
22585 94718 
29710 62971 
42946 90903 
30508 98534 
75349 8965 
48797 23434 
6158 34294 
11581 76901 
89008 10184 
8512 80400 
93508 89109 
41401 69666 
7227 5612 
1934 67174 
1359 30932 
71990 3659 
70527 29733 
17643 96561 
35440 2669 
52698 45787 
53440 65043 
80534 12690 
16462 81433 
84054 6882 
28527 48906 
22706 17308 
45601 97345 
12825 88966 
29520 54389 
12950 64678 
14621 4631 
9317 82577 
10863 57974 
98364 44229 
70394 30411 
92919 45781 
25908 32022 
36583 95100 
68587 51573 
96916 21524 
71031 24902 
22168 21711 
76284 75116 
88573 74964 
67947 16650 
35654 4512 
8298 22361 
85520 57414 
81472 63076 
68772 25037 
6956 42414 
34453 28552 
95011 66179 
4370 49415 
104 5271 
43147 93518 
91027 33796 
54540 39482 
97111 49965 
81825 36562 
8771 16338 
85472 85614 
7633 88131 
94877 57863 
76522 33536 
82546 80443 
92901 88395 
88956 45175 
40610 29069 
34183 77594 
84301 91967 
88460 36930 
38500 15967 
37963 4566 
29011 34828 
74419 58441 
88170 688 
57538 23920 
47461 76914 
47807 37859 
91093 98749 
83840 61902 
12377 63673 
83279 33494 
71045 79807 
79113 48642 
84189 70393 
64374 29180 
96036 5084 
7274 39075 
62545 4691 
16171 79286 
55615 45018 
79134 8720 
38718 67554 
76440 10049 
90815 90040 
65971 43461 
58668 98318 
71278 8838 
99014 92355 
59992 67465 
31506 53984 
86273 58012 
60961 1638 
85194 78389 
43154 98254 
49186 95003 
62249 82508 
87130 83997 
59945 680 
65185 5268 
6487 26703 
55110 59355 
31940 71322 
70637 79747 
42451 97810 
55338 68714 
30718 81290 
96479 93467 
52460 71482 
78519 21251 
81418 44588 
57176 86945 
74269 58990 
30427 54782 
73786 61615 
6292 57007 
53714 27033 
18978 66610 
61998 49751 
24680 88693 
50407 51685 
16297 35634 
88026 11383 
32316 84857 
43711 69365 
99314 4866 
88309 14795 
39782 75134 
11300 12728 
97397 18495 
68499 88284 
80422 10890 
77531 44364 
532 32635 
56042 52910 
89187 77804 
53929 26194 
6578 43910 
65368 44270 
19172 82735 
19014 87464 
11104 5000 
35441 98673 
11880 96486 
9778 79211 
68327 21298 
24453 4125 
62213 59143 
22034 28102 
76660 47824 
71418 41501 
44215 79588 
41936 27541 
67403 30517 
59424 66299 
88574 85869 
55918 28923 
63 61072 
40328 6368 
27908 8030 
11328 20928 
92856 39442 
5640 76002 
50845 69 
25007 9761 
41872 63151 
13371 31783 
30910 32651 
62101 38203 
7442 87566 
5620 20574 
21248 13215 
32352 6384 
71207 26260 
76639 95042 
31176 15130 
76141 82163 
92422 85610 
76170 97112 
25605 22522 
37554 13999 
16989 52768 
57804 34735 
13324 22424 
46730 84213 
17758 81152 
7131 2364 
15186 891 
58750 65528 
69586 42592 
9446 20528 
28183 24715 
21353 68773 
87697 40270 
41783 94895 
26458 15375 
68726 94651 
82837 1604 
99025 20210 
65234 46883 
63637 27450 
11747 95202 
88883 79510 
78715 24146 
35185 33605 
26475 41046 
55485 13995 
87937 23491 
84429 52978 
51036 8021 
16347 63948 
59610 1996 
55148 95765 
38937 17962 
22507 6103 
81956 7276 
92026 82920 
90078 324 
76564 37839 
48563 44336 
33496 92971 
30564 66648 
68402 83600 
66266 81172 
11534 3141 
83911 98939 
13365 23930 
28075 99723 
55653 37639 
87196 71115 
2639 72505 
17161 23838 
23372 61041 
30639 47649 
619 51571 
32922 80895 
4414 79624 
24152 28569 
49017 41159 
55139 78701 
70918 38559 
19357 34927 
62478 2475 
87242 4329 
70906 27855 
40602 53906 
25479 866 
44694 76521 
87294 34934 
3473 87688 
25260 78733 
79518 8307 
9695 6736 
24335 75224 
80567 53797 
56981 61468 
91292 9244 
49412 81061 
50970 43104 
25442 99502 
88034 97312 
56910 70346 
36512 38156 
45389 70713 
2440 32700 
10721 14170 
2467 81565 
68678 78081 
79248 13194 
69202 94367 
88969 20615 
83988 17539 
25208 710 
77557 1937 
90268 38129 
69511 91316 
50259 61263 
97337 48209 
13397 86020 
18884 27963 
52360 54710 
51567 32896 
50994 71931 
31391 65722 
93260 37128 
89021 38192 
28068 74348 
82446 80875 
37438 63757 
96162 43024 
7452 86572 
15361 67701 
51519 5354 
10253 76630 
63728 14946 
20439 1698 
86393 15890 
12175 55586 
60370 81734 
92382 42704 
89331 14453 
2436 73427 
89893 8024 
82043 59554 
18353 69257 
88920 37002 
61755 77065 
83544 82917 
56106 96649 
39872 68706 
47785 3419 
22754 17954 
45536 13005 
80632 18723 
19906 58319 
38171 73444 
94600 2398 
37653 56435 
39912 26625 
70192 88998 
22299 87940 
58298 35121 
86065 95770 
99816 67028 
43287 19678 
59941 49090 
26286 2084 
2782 41093 
13330 16945 
86888 27404 
72698 84888 
10145 37270 
82871 28046 
78635 33310 
77284 23748 
91341 10189 
30980 95176 
77968 63538 
53435 59281 
711 60374 
76938 37461 
32436 66590 
33145 22903 
53545 64526 
91737 90009 
67703 24187 
94630 25907 
22623 75400 
56749 61867 
36294 64974 
20114 83263 
71293 72899 
41836 764 
70257 4671 
68581 72541 
64099 73042 
172 77549 
91251 31769 
73222 53322 
20957 26438 
2019 28191 
56579 82938 
98376 97520 
5918 62910 
54760 16252 
44677 77277 
15707 5977 
66523 63906 
81421 3716 
8583 3548 
84389 11745 
64756 69341 
54964 43060 
50889 79537 
45078 95421 
65631 50509 
10615 28464 
98711 27679 
62410 62955 
74412 5710 
83488 69051 
82166 36091 
75819 61290 
38491 60223 
43780 72039 
44898 99147 
43420 32258 
54931 77273 
26786 48709 
40154 56754 
88732 30086 
49703 11637 
80023 81069 
90921 76437 
85005 52938 
19614 62513 
74700 12106 
17660 47412 
36918 63858 
52960 7313 
53832 47525 
62133 80754 
44410 1518 
69913 23007 
14233 81849 
60841 34825 
58409 6157 
48645 26660 
44676 86794 
46603 10088 
63236 11099 
28230 91810 
67473 24788 
81775 82454 
45429 75250 
4316 22321 
55745 75532 
51632 69299 
33776 56952 
58594 90351 
23649 88501 
71432 47298 
20301 54599 
88082 70081 
11825 99265 
85666 66209 
96989 64387 
25232 23844 
15329 72530 
63029 27750 
67995 30612 
64876 22288 
26320 59773 
15600 23715 
22121 88882 
39038 5222 
88762 84393 
95780 52464 
75314 27654 
5608 14787 
87413 92228 
49471 57922 
17960 18476 
41919 57579 
18358 30362 
29036 60245 
26726 90325 
59215 77378 
13364 42099 
94542 72279 
25736 48436 
79047 45126 
15308 90994 
56809 20950 
6827 63006 
37603 97776 
26956 51832 
40775 17744 
43661 78177 
8988 82674 
80349 31449 
72698 47400 
59456 16666 
63474 89102 
99072 7283 
19702 68959 
33106 80460 
1730 73622 
50661 96549 
35197 48320 
53443 72940 
31049 10875 
11422 93922 
88673 66435 
56425 92847 
74597 26460 
90918 40624 
83395 72283 
4998 75467 
29679 93535 
88405 12806 
90509 74766 
96412 81426 
16061 99799 
78465 42112 
53073 92674 
6744 58500 
80347 16466 
48112 6315 
38537 6844 
7407 26802 
47434 25904 
32642 52924 
43179 83671 
13392 62775 
35060 89547 
22472 43646 
77016 64099 
48034 82346 
72457 62750 
38256 32585 
82707 37240 
34046 48652 
89133 88208 
96535 16090 
66959 42755 
45590 54723 
64782 24590 
13180 17125 
47960 71147 
81165 56515 
56363 92016 
16903 92057 
47341 56094 
42060 56675 
43336 41041 
70100 72751 
80201 77979 
26150 64444 
57093 76759 
19289 81875 
21695 22741 
71789 82071 
85585 94686 
22406 84276 
53703 65195 
11582 93147 
69169 10060 
25233 62356 
20108 70968 
20783 53228 
28684 87188 
84215 28311 
44181 36177 
70098 8163 
91783 498 
57941 11126 
86600 9004 
17655 90492 
8517 83922 
14540 81234 
47618 62303 
99903 69327 
72211 50252 
27279 713 
41892 11372 
6210 54087 
86628 87124 
55602 11914 
99487 96043 
46928 77499 
45442 61250 
33901 2417 
71575 71229 
49676 8231 
15045 87555 
15273 9204 
44350 75056 
43630 68568 
36690 44847 
42519 49929 
89656 68735 
16564 57513 
88993 44677 
43673 94199 
5865 67312 
54424 4704 
76810 85007 
74309 12726 
27506 5427 
98184 5540 
37498 45350 
53896 67266 
7170 7233 
77768 12899 
80589 5005 
68470 29226 
98194 54613 
7788 85852 
1877 91040 
36884 39827 
91661 72836 
54875 20751 
37943 87650 
62907 49715 
86207 77785 
11360 15091 
52131 63547 
20434 918 
94168 53909 
35077 39528 
67992 99011 
44069 39030 
12573 57037 
40049 18450 
91211 19244 
22358 68513 
12508 61186 
47824 44493 
86032 65672 
15920 89019 
25359 93513 
34234 77381 
97194 61835 
47768 75607 
29444 26550 
31324 2496 
33399 55497 
38051 90757 
65574 21858 
69241 49563 
53329 43630 
80517 41069 
35021 44247 
67825 96828 
20217 11905 
82937 16532 
58452 90693 
12690 11147 
15996 45328 
18769 75263 
99301 3111 
75538 99345 
31045 91670 
62327 61597 
80133 59100 
63491 71261 
70534 84325 
4713 70430 
45486 59817 
7197 39855 
43405 56234 
72785 95688 
49729 59125 
22474 8775 
24976 1531 
98423 25838 
73433 3134 
5265 22772 
9212 66530 
10362 74302 
96784 74300 
44663 81346 
91663 76709 
45852 57696 
83554 59206 
63775 41034 
49084 31328 
4415 59751 
54125 84174 
23191 56710 
6761 22320 
90966 43838 
51117 87844 
46819 37291 
9550 59093 
20559 1968 
26099 24864 
54857 16257 
37654 5893 
82026 53165 
928 19831 
13668 62350 
33143 63357 
82773 29095 
82208 15620 
37316 80863 
28240 50907 
22004 9860 
32408 85249 
540 80896 
91389 71614 
64631 97821 
26128 1408 
47920 8984 
32112 66188 
13142 42366 
45060 82814 
9008 74469 
30684 87719 
99686 53496 
90123 61505 
54192 17026 
83629 53821 
45650 67127 
14326 40236 
51045 91716 
81060 57813 
60985 50004 
4844 34111 
5944 71973 
56879 45580 
80549 57099 
67838 15583 
710 95900 
77845 89758 
59735 79408 
94529 6979 
59037 6280 
62534 17874 
76649 45022 
12051 89671 
2482 59680 
46209 76092 
13099 61358 
47581 24057 
80775 5041 
32595 35202 
11671 11464 
59280 99465 
86221 57155 
98607 70491 
31140 42259 
12546 58149 
86948 15406 
43022 72136 
47508 7623 
5112 62494 
38785 3173 
95110 67761 
72902 54213 
69478 99587 
60511 28283 
24266 63805 
89629 62901 
6224 42286 
82274 89909 
16621 37329 
21632 83725 
26693 10926 
1904 82292 
9681 34909 
90622 27240 
8578 4816 
8927 70700 
989 60262 
29149 169 
92918 97646 
61013 39987 
71833 57234 
47877 98225 
76020 15969 
22646 41160 
92014 19798 
79338 94024 
74828 44876 
770 86347 
96695 85697 
45410 82950 
69253 30020 
37175 67544 
51335 95388 
20805 74880 
49972 70129 
42400 99535 
45737 22897 
89827 44657 
25221 19131 
80908 12391 
83215 10263 
18656 79198 
65093 42060 
42300 43911 
55903 62182 
90434 84130 
86863 93858 
58344 7425 
22217 82507 
75423 37845 
9838 15229 
50563 35324 
27483 59240 
33479 5863 
33275 64681 
18180 23726 
33764 29653 
71135 53394 
15855 30890 
1144 28661 
49870 82193 
539 18992 
60249 94545 
78047 89163 
77601 76788 
72520 37186 
31284 33788 
83662 77667 
15211 90219 
81049 22989 
61215 92417 
55885 3095 
84133 18180 
61355 56159 
20642 54973 
46848 17026 
69950 90680 
28970 28123 
58562 97860 
57957 98337 
93667 82417 
31957 39440 
40089 10637 
83631 16711 
54258 24772 
13599 60693 
35355 6624 
73505 392 
8538 51062 
7806 94713 
38094 66957 
47861 58595 
79356 31688 
14513 3015 
17446 87245 
26051 33945 
8126 80826 
27320 84338 
31484 20954 
52683 85339 
92727 41295 
10665 18185 
55972 38672 
31330 26632 
76763 79250 
48764 11245 
6894 47380 
537 71527 
81222 45329 
13613 9601 
60240 38898 
11872 60062 
94534 83912 
24298 64594 
97594 61604 
94814 67087 
62051 97108 
94888 65256 
31009 34613 
18218 18117 
40966 95143 
93173 75192 
85718 48522 
83140 62961 
11673 89754 
57511 36793 
44161 21873 
6779 82505 
61609 12261 
44059 30689 
79878 7486 
82307 29051 
82565 62935 
1640 3321 
34758 67780 
24342 25593 
47505 23319 
96521 525 
18171 63244 
34846 74427 
57892 88125 
34368 70013 
31498 23182 
49202 50490 
77550 98371 
51633 20656 
46573 92889 
47234 79799 
94064 82372 
73654 51447 
91553 76384 
38950 28410 
73748 36251 
61725 88036 
22730 18842 
59750 52257 
1183 590 
96397 89733 
85805 97882 
34894 83290 
19351 14872 
69288 14867 
95133 17830 
97964 52277 
11378 56360 
80654 57391 
84465 26108 
73117 73682 
89894 95035 
65001 92620 
7688 95895 
55869 42992 
85038 21253 
91990 95005 
93091 44186 
52188 21901 
47117 27754 
14911 15814 
79672 79408 
60660 11725 
4930 52661 
63982 33635 
88990 97712 
7498 40449 
45784 15107 
6750 15565 
11090 72107 
69143 13795 
8207 149 
22848 52000 
8013 3548 
42249 5697 
3383 74584 
65387 52899 
63405 28147 
45792 88582 
6311 40325 
6230 18423 
31740 99626 
65081 28836 
82724 56971 
87433 21833 
65678 91162 
72442 97861 
42761 90216 
26108 67543 
25062 85771 
84330 74093 
37426 67732 
44974 12216 
96086 49350 
39631 36399 
38839 49169 
25863 61793 
74139 5545 
8943 74213 
70295 41918 
8452 82345 
88834 56567 
69570 64824 
77158 19265 
81474 87644 
74763 19097 
6021 93204 
54588 22591 
38687 91336 
16458 69440 
20763 14750 
73129 54246 
96857 36613 
21106 17035 
65005 86354 
68175 92752 
98030 41270 
97518 50497 
24266 16174 
84313 86958 
43346 21039 
44859 25310 
18508 7505 
90585 10803 
30673 79095 
79683 87310 
1584 97138 
7662 85316 
93318 74619 
54758 51121 
69781 13599 
12950 99508 
62085 8306 
48209 77652 
14211 5657 
14659 86775 
97948 87720 
26506 19829 
76825 16490 
10830 38479 
67594 60377 
9795 30674 
94809 3909 
74343 61324 
59118 27446 
93088 52892 
43137 32016 
29936 10178 
60114 75968 
1850 34096 
10031 84696 
14221 52991 
45455 92475 
85465 36812 
65107 76338 
34743 49425 
47002 45897 
77131 37410 
4976 60163 
69078 49867 
2520 52665 
73670 33097 
86044 59555 
69991 46435 
6069 61872 
13787 1107 
79299 72793 
67674 32645 
7127 23418 
58290 79245 
6848 26565 
85075 53359 
30719 26993 
780 61909 
44947 78658 
7331 51671 
15810 24819 
62339 30737 
3327 95214 
71333 44351 
94237 76020 
48711 64026 
15544 52943 
66415 82516 
57432 75529 
73521 94048 
147 41689 
62216 79139 
83216 55404 
76021 6423 
77414 67728 
4698 10061 
19924 71457 
86888 672 
51426 83197 
46356 20124 
50121 13085 
20599 56104 
92247 92044 
1627 91094 
81180 99186 
97880 72168 
77969 7890 
43518 52983 
34995 48058 
26764 77414 
81401 64188 
82467 45434 
34076 34171 
95762 26212 
11145 2074 
93449 60798 
6312 69698 
57655 27351 
41852 86306 
82348 25554 
55648 73700 
7453 73677 
93399 24668 
7610 1693 
70961 16858 
82994 66900 
43773 91244 
98190 14734 
70390 54626 
41741 56716 
85409 78942 
33807 39988 
3377 86729 
92254 38380 
59767 31661 
78532 3724 
57711 5854 
83890 77872 
29888 31506 
83710 80874 
43809 23465 
83209 58803 
75731 41409 
1244 95921 
53524 85603 
90639 70192 
22016 28582 
73254 58598 
15732 16577 
75880 79258 
33367 19176 
89124 91064 
95972 53432 
35592 58370 
36518 59527 
25948 28164 
12396 59087 
1865 60297 
54326 84403 
13402 97446 
65304 27028 
54994 60891 
61389 17626 
89054 10552 
2521 15453 
19069 13351 
96002 55458 
35117 22636 
67886 73761 
43904 83206 
88246 8156 
12677 41450 
5124 49259 
1814 58154 
88956 75 
34398 92724 
14352 87008 
52755 51907 
9335 53709 
41729 73506 
83498 60666 
56350 46177 
5993 8069 
77625 50076 
41896 97239 
34306 39933 
71165 46782 
70794 82092 
8318 83632 
11748 94 
12870 36303 
72491 79605 
30710 67870 
90980 32776 
34795 99635 
11877 24581 
39903 92903 
36188 19246 
50647 75934 
60946 13565 
64556 25878 
72603 85717 
92754 41413 
25051 3147 
79604 70757 
28638 1132 
99678 91911 
36 64848 
85478 77191 
74521 22069 
92600 12534 
61987 81077 
40344 83524 
35923 28912 
75249 84751 
80631 38807 
92662 56832 
86119 22436 
17132 6341 
72378 2593 
86290 17870 
45180 74926 
4847 24574 
34046 73591 
35431 63837 
39721 54994 
71223 8024 
23256 66202 
91672 26839 
1713 70224 
37075 7403 
76548 58996 
50382 30936 
9887 96778 
25315 80801 
81194 1549 
68741 35676 
2230 90121 
32209 83733 
41759 83830 
92661 78997 
13100 95993 
65534 49372 
7404 99792 
14863 57396 
13475 5764 
84392 9365 
50949 61794 
11383 6241 
57840 25336 
466 30630 
15724 47496 
28762 68136 
66249 51704 
25468 68502 
71210 85883 
19193 62217 
95052 76337 
74554 61649 
43492 14033 
45895 92265 
74825 59504 
60463 19117 
11538 61297 
5962 56547 
19004 44710 
38152 74926 
85318 42506 
42975 47254 
31746 7344 
84697 10579 
6788 66870 
46627 52436 
68532 56726 
24209 70896 
39739 94185 
61629 98325 
28023 35651 
32548 23552 
39535 95014 
53172 94942 
78686 86600 
81596 37712 
18767 96459 
1199 72856 
48716 78744 
7846 82156 
49811 20181 
20754 24021 
32751 14889 
15082 68284 
70334 44304 
30685 84550 
93911 62492 
45914 88389 
82746 45837 
17955 22332 
64671 77909 
81932 24593 
63617 5267 
69826 17381 
75083 17988 
57246 28828 
24088 79952 
71194 47805 
61861 58173 
95170 99267 
87261 77964 
89324 19291 
36854 61243 
2831 3580 
73624 89012 
93265 982 
18407 65835 
83458 24418 
10488 54097 
80204 55663 
54141 88888 
51112 27508 
6484 80535 
6022 77117 
88656 61152 
57636 77752 
57105 33982 
42324 72560 
54687 39898 
66585 53722 
72339 64115 
7204 53046 
91202 67971 
33890 35939 
42388 45596 
42014 19719 
16996 73331 
80046 69331 
82491 40972 
31398 58819 
13256 28217 
63565 25252 
22875 17139 
88863 83322 
93648 12077 
90473 13466 
34847 72023 
55145 84104 
65412 47406 
19617 19471 
9032 53110 
81646 78529 
10008 2629 
48545 67566 
26792 74467 
96191 69345 
36800 81174 
89712 35049 
90822 63901 
73391 51774 
88326 40870 
71812 67929 
5949 96886 
56865 31699 
633 12816 
25954 73553 
26157 98906 
5584 42828 
47229 13865 
41497 90530 
8828 22859 
61615 75730 
20140 71846 
1265 61355 
42247 33145 
61518 56632 
26600 7688 
30942 58103 
37365 53100 
38670 38870 
4893 43569 
22396 36607 
99836 57402 
88780 94886 
87850 31241 
15695 19492 
23360 16096 
95854 21650 
67527 19668 
49590 33468 
70327 21880 
40884 97416 
39581 6111 
15232 51264 
30795 57281 
40529 52688 
30844 39814 
72872 13601 
75801 83378 
88035 43294 
38637 72424 
16331 31588 
46045 56705 
93690 38454 
35311 74282 
94991 94937 
41926 5970 
47045 61735 
16551 60732 
28077 36384 
5987 25236 
48196 47790 
96951 97588 
70998 27705 
13753 65211 
80377 2751 
81375 79898 
18509 7729 
13992 29266 
21136 81201 
65622 3141 
54463 67721 
84411 5855 
14346 17575 
44909 71010 
82911 44540 
93807 93938 
50346 74915 
33687 8908 
334 96955 
86681 3087 
26441 98849 
25311 77306 
93742 65512 
31335 34886 
85059 89697 
45071 4100 
74441 41347 
97471 77276 
51806 30579 
75108 80113 
82204 94326 
54299 68494 
20700 34441 
54720 86869 
19633 35909 
5177 12233 
58847 97855 
84590 50802 
1458 17128 
99798 50668 
27816 74523 
88435 43019 
28561 87072 
89933 26997 
43991 6336 
10599 68766 
21469 62261 
19756 94123 
25155 74917 
53109 15742 
73099 82313 
66756 51130 
95578 61501 
80703 55398 
5505 52276 
74260 14188 
46876 28079 
47350 16357 
40409 97042 
41577 53527 
76897 57665 
22771 74103 
18265 78200 
62786 53125 
53911 16599 
22492 26075 
25640 48755 
30168 74744 
78362 26764 
69925 46309 
15655 46071 
43322 32964 
39453 60613 
44004 38771 
31277 48453 
89954 12843 
88827 96899 
90894 33509 
66202 45743 
89376 86855 
78603 99987 
3279 94784 
23121 99328 
14718 12745 
36047 10654 
95754 35304 
54107 91951 
34875 18932 
72136 61260 
29827 55715 
92916 92712 
42199 9112 
46271 53173 
67058 53473 
13943 87647 
56960 42697 
34428 59358 
53844 70258 
77617 51292 
24579 72730 
72984 40002 
66359 72052 
46990 59595 
46664 47917 
75511 84073 
69183 81034 
85292 69595 
11854 10417 
44784 14706 
66118 3431 
69210 16238 
17487 46035 
27274 21303 
46713 22451 
77671 1731 
98111 68445 
82402 6239 
57014 50468 
40868 77825 
1856 44103 
63800 59064 
48061 59567 
59334 46409 
80678 89474 
34864 96090 
80631 34615 
27787 28813 
85484 97223 
65850 28261 
89759 17983 
23541 79214 
82177 73008 
84790 45185 
37546 40064 
44246 42522 
29607 89510 
79482 28232 
7767 54739 
4697 82151 
85464 89358 
72835 30569 
20801 23904 
27522 28062 
31124 93565 
18814 87051 
72394 20235 
87464 20456 
31458 97132 
91273 41834 
24771 42296 
94068 49530 
70624 58466 
62925 6603 
3613 61162 
22508 16669 
29861 14228 
96720 87331 
79418 42667 
27334 67467 
98295 76279 
96900 42416 
36756 14450 
98897 71978 
32771 92350 
91994 60136 
59939 71910 
47228 52576 
7738 77077 
47014 68267 
88613 42232 
23124 84821 
21184 45043 
27124 13789 
21802 50612 
11217 21719 
47661 2478 
60052 75549 
73906 57827 
54784 16765 
54386 79233 
69491 97789 
11174 63289 
97069 46168 
21466 7701 
76780 57407 
22169 92729 
48884 55637 
32235 80292 
93114 2867 
741 14637 
17240 82127 
24732 42135 
49548 27633 
45012 54622 
54799 25931 
20338 615 
37076 66016 
915 1804 
14890 73516 
70579 58422 
54032 24337 
3769 26407 
21864 96477 
88115 1712 
83092 85287 
96435 52673 
91555 77026 
52932 61 
45130 48373 
27549 56243 
61608 35375 
9750 99817 
2214 94355 
58358 80159 
16446 59434 
97667 17521 
6981 86540 
31670 88603 
16631 62194 
78044 65012 
20680 46850 
81438 2532 
67398 17189 
51659 62875 
47136 69537 
86485 86349 
86118 47440 
81144 23866 
54903 60445 
96899 79740 
53456 68256 
59708 12948 
84870 14699 
86598 93824 
57996 9289 
92177 15594 
65597 70725 
10597 15760 
69097 66236 
79361 70979 
83625 3484 
70474 90949 
97733 57579 
21760 51722 
81051 44807 
16572 76961 
30104 86743 
83630 96799 
77606 43734 
40433 88350 
43770 35078 
83418 29280 
39535 4734 
35993 76478 
41070 36047 
1592 15528 
42508 66702 
33045 13494 
59606 6009 
21872 47499 
856 10632 
31492 74613 
44546 31992 
46883 54783 
60387 8838 
89903 37834 
92514 41847 
54239 78031 
77044 53634 
46887 45235 
1834 7168 
84086 60403 
28675 28347 
78798 94983 
88898 54375 
74104 38684 
32187 8566 
22298 58212 
55411 84352 
83001 40696 
63330 6510 
15276 39893 
16296 26014 
68496 20669 
1404 96406 
34655 27849 
23006 74222 
10820 89187 
46128 83772 
34592 99054 
42023 87409 
97747 19366 
78957 6496 
13592 77346 
73305 45327 
12172 35898 
66100 80592 
64050 61710 
18445 92290 
88244 18604 
25508 28536 
82736 69264 
33308 16324 
27081 77133 
5104 53065 
45738 62085 
24910 39590 
88074 78455 
44509 44330 
76383 52022 
77317 20490 
96799 33781 
17541 33302 
59646 2632 
16304 92837 
35554 76551 
77742 29305 
81568 72389 
47571 92485 
7534 88138 
54209 4585 
97188 68291 
28256 46803 
90658 52904 
69990 13791 
55524 4014 
56521 27393 
22072 49242 
80303 61274 
35097 81766 
88983 91429 
79330 8257 
52859 54071 
68531 41951 
20740 62023 
49285 96720 
37546 3495 
59729 49819 
87773 23002 
689 5935 
97732 63194 
22158 13214 
76481 28477 
1533 53159 
471 16585 
91742 50577 
50113 52613 
47126 27223 
87864 51554 
92891 53340 
26873 29980 
89952 34984 
76839 85301 
61175 11852 
69451 61868 
87289 30256 
59629 27235 
51158 98972 
70755 88981 
7639 31859 
2196 92799 
82915 30485 
45605 55871 
61960 62424 
62888 6121 
5738 46457 
63153 17521 
50725 64598 
78571 54380 
82554 82698 
79806 63470 
42826 76291 
90518 81775 
23567 26453 
57398 59854 
27334 71595 
7320 35996 
22638 75465 
76394 34773 
4132 99034 
27068 5076 
74929 44562 
78884 57353 
4440 73767 
66103 7525 
79305 88896 
1136 85923 
57236 5396 
66560 23628 
54041 37975 
80466 85664 
42610 68017 
80008 80810 
19314 59642 
46203 41146 
98042 44150 
49429 30937 
25028 98125 
29500 14134 
68639 99204 
36810 82470 
27466 55309 
51774 22054 
17336 68087 
68611 75342 
43290 9367 
76521 37506 
36077 60641 
96377 11463 
34414 89891 
34290 34228 
24003 17511 
94759 78728 
2252 53666 
55566 29877 
23642 73100 
44208 31432 
94865 30221 
71343 1053 
31140 7258 
70610 14986 
55518 31307 
66134 70918 
21529 92330 
39123 47801 
66171 43433 
93206 94831 
55059 67222 
24489 98260 
64405 47610 
86785 94368 
55607 95102 
5081 19646 
37314 35439 
31008 15144 
77177 86406 
52952 30936 
20869 15676 
70387 8786 
99507 93759 
17150 56329 
58273 30431 
71546 64500 
18802 10478 
22573 61419 
95825 25131 
70998 40572 
24601 29283 
31612 48896 
19797 41386 
68735 71234 
78806 42854 
40869 1658 
62860 26903 
52384 49255 
37871 92889 
10203 86244 
33552 81593 
61705 9674 
84188 99287 
46367 54450 
47325 84000 
28190 65043 
57667 26114 
88510 6051 
62667 67200 
49536 67582 
3534 65975 
67810 496 
50831 38314 
83744 98641 
77362 49443 
38491 30473 
52674 60765 
72631 10847 
73355 11189 
2506 95240 
1130 43433 
29497 73335 
66887 69437 
75143 36606 
12831 5835 
50732 95456 
87330 409 
63817 25455 
77384 13477 
36115 29340 
62170 14378 
57318 11710 
97836 2530 
27578 76724 
98433 64982 
47785 75608 
60826 37940 
1202 50414 
92450 48438 
32662 43208 
39943 74152 
72201 65791 
83946 74292 
68906 53986 
60818 12555 
97671 62738 
95500 14353 
76714 93443 
81451 74805 
86863 83385 
23371 61445 
15036 28586 
66292 36170 
53748 56063 
70720 54621 
76131 9200 
57600 88026 
71636 60852 
39227 52475 
71446 22774 
72582 23646 
14622 77121 
20139 61208 
6063 15999 
79844 66441 
95617 38446 
50743 49059 
64009 20706 
33651 84761 
35734 45299 
27298 3777 
51660 47149 
69527 62432 
24793 10894 
90433 14749 
71536 32519 
89706 19139 
57710 40586 
24023 86430 
23730 57572 
91941 99818 
56538 70216 
33571 14727 
57248 69283 
20203 77186 
12925 13778 
95094 82962 
18528 72387 
40774 36553 
10753 95820 
90551 59065 
69388 77723 
72247 37054 
13721 68952 
70801 634 
71691 20263 
22960 68444 
27649 41858 
12138 99505 
60974 84704 
14374 47602 
72253 68206 
57390 22464 
56315 1540 
93904 23873 
22169 71844 
57615 29758 
78700 1479 
65732 87395 
1984 8666 
55404 78028 
75164 41110 
93107 99552 
45048 90550 
75809 39315 
70961 37710 
50649 89697 
50819 21752 
15907 92780 
97032 76069 
30182 87274 
522 23150 
49021 70772 
65039 75248 
28594 83496 
15876 44719 
84609 65888 
87234 28130 
71259 41698 
70665 91645 
49839 30674 
63414 51682 
49523 536 
89903 14454 
83871 26586 
82247 10803 
75775 39136 
96378 38549 
60843 3876 
9221 3651 
84621 98367 
89328 33550 
82608 19034 
58484 21346 
33665 77360 
65012 47832 
7200 21415 
70850 19927 
82433 49413 
13960 58633 
4080 65710 
45216 67472 
52935 66432 
54637 13145 
52150 31896 
95684 54253 
388 46046 
88323 60964 
21572 59298 
31626 78829 
47630 60533 
84943 3294 
5388 26407 
82978 47961 
61707 71694 
34631 9301 
91971 33107 
18012 53244 
76192 80828 
24790 74992 
94323 66930 
25875 12344 
87709 87942 
27408 25032 
77221 59998 
61126 87731 
80209 79328 
6399 82869 
48244 68283 
72574 20798 
55501 87668 
79743 59569 
3685 29829 
63653 44263 
73551 93781 
96173 36752 
45367 83573 
56622 60731 
31068 64183 
11192 44010 
9384 55413 
57835 318 
31901 43570 
72172 56210 
72772 43159 
46363 95232 
27742 46392 
47314 61065 
29135 56998 
33230 34179 
32675 16634 
58219 72361 
49236 97140 
63516 84515 
40069 49967 
852 89247 
67573 75254 
58616 95008 
95335 97395 
64652 26949 
60952 11355 
20898 17120 
3067 94541 
84556 69333 
10071 62781 
48037 7685 
72084 85714 
85713 18683 
60141 66891 
29290 884 
26872 36909 
5637 43089 
21543 4134 
20978 62405 
38966 56849 
3581 46848 
76555 13122 
23437 63675 
56770 70254 
91879 14254 
83146 14358 
6701 39054 
37341 12435 
49045 2174 
91870 24248 
57197 13894 
8635 39384 
99372 81800 
16864 66045 
42699 16334 
15764 72483 
68813 54971 
26967 9363 
17822 10742 
29738 21983 
51899 95449 
47986 94901 
17310 15672 
22246 58387 
49467 90540 
92107 26024 
9389 94253 
34961 25881 
61960 83462 
55481 33830 
6457 29876 
96907 16953 
48060 41834 
49996 47354 
55361 25089 
68394 52338 
83434 2690 
60251 25540 
54541 86574 
15027 35439 
79344 69399 
41741 32640 
70298 84109 
40329 75346 
45888 60891 
1286 63653 
49461 96404 
30472 97617 
9651 38571 
25695 51468 
50703 81693 
89638 86940 
20516 61314 
49705 12341 
41789 35980 
69531 30838 
7406 43941 
79192 11352 
35011 26837 
21546 58534 
67731 19546 
10684 54473 
58076 15618 
25124 94132 
285 31090 
13176 38899 
82718 6017 
70792 68262 
16388 2630 
63282 18276 
58299 81829 
1416 57303 
89008 65585 
49719 64472 
22652 21816 
40182 44350 
24654 40439 
88154 32518 
87455 4578 
58811 21054 
67784 99240 
12426 60382 
20379 41307 
64535 74482 
72514 59328 
33152 60196 
71289 99312 
9343 28123 
1379 83645 
79740 82588 
14759 4223 
50014 31204 
35919 88042 
66822 60754 
6167 33744 
12453 15433 
8846 80963 
51125 65917 
73635 40868 
38850 63327 
92578 85894 
69788 30803 
93085 69414 
21164 57258 
3877 21984 
76150 22793 
18666 49813 
49464 3355 
9385 43205 
14024 73364 
65826 88006 
28635 49409 
41804 61458 
96460 95492 
69297 85351 
41964 40923 
61491 4015 
80029 45625 
63247 52440 
65118 84432 
23242 80678 
50635 11901 
55877 4709 
59047 12257 
33015 61056 
61873 35214 
95719 52721 
95297 67817 
4371 87343 
91945 94804 
51910 25041 
92286 55641 
49394 72992 
10153 14987 
55697 86559 
66021 25234 
63854 62676 
68988 74674 
75450 40178 
23805 82911 
91379 53921 
62825 26330 
22437 24751 
54426 50775 
76403 5812 
19232 55986 
9637 47142 
93352 16948 
40662 85149 
13936 40981 
10850 11332 
66453 46215 
42982 25456 
25428 87043 
92372 32428 
40754 45209 
7156 99226 
70245 51366 
14500 48492 
35748 1290 
27648 28796 
84934 83323 
25135 68057 
73768 39250 
87906 86245 
45726 39446 
92741 16252 
72957 64986 
51040 57692 
41914 54331 
50940 67384 
11323 90283 
7643 72412 
43975 74085 
51991 76915 
15417 57850 
90501 22125 
32436 83979 
51435 50681 
52147 10741 
90980 20880 
78501 86932 
71156 14276 
27226 75313 
36842 80910 
92461 14474 
13139 70477 
18793 51855 
16252 4845 
80902 76821 
21182 57599 
99711 32026 
57755 19684 
78715 83721 
12822 46677 
27051 87254 
984 2911 
46943 92680 
28760 40363 
2292 97219 
17853 76147 
52461 66247 
72023 61429 
30745 12578 
69019 66723 
70518 44962 
34161 43767 
33719 71066 
5362 62578 
76154 67637 
30712 63771 
91936 11105 
49266 10858 
15500 95589 
93224 75007 
23723 52077 
15446 35613 
72992 22484 
90090 34037 
26495 35392 
56106 74989 
75492 76414 
73467 30316 
35035 45494 
40180 63289 
99358 45862 
74531 58029 
75090 54940 
1428 8313 
71455 86192 
94357 92771 
15811 62711 
15155 39353 
80143 88302 
62664 60959 
49539 19865 
88308 26241 
37237 16078 
61710 14862 
52446 61707 
72730 94838 
56973 44300 
37595 51148 
4575 90589 
36329 89357 
42988 53628 
46234 35828 
72766 78494 
51925 56904 
99321 64323 
6273 23499 
84991 83546 
88549 54641 
6470 15325 
56210 83765 
49628 99577 
14950 4944 
28503 20347 
37989 72735 
98172 82904 
50090 48961 
42249 57615 
54323 12489 
54901 25442 
20375 73956 
4577 74897 
72027 66394 
62029 68306 
8394 14825 
98786 16462 
