48919 75729 
83297 40265 
9788 27190 
8855 3563 
45499 5393 
26110 83275 
96067 78207 
63346 35606 
42551 95462 
23347 23589 
55226 36260 
11949 70779 
9924 34117 
38375 26222 
49731 53687 
17320 81716 
6797 90626 
16892 19203 
14765 66998 
38835 56062 
36164 98648 
87824 99148 
1077 18092 
85202 14621 
3507 46717 
9157 69892 
30062 23483 
98139 6510 
1962 13803 
37216 58321 
95810 41920 
58124 37962 
71197 12841 
22891 76557 
73901 15790 
28240 16416 
2316 30108 
63352 24619 
21713 86701 
77128 16541 
86013 73353 
62743 52712 
80005 10628 
47059 99825 
26267 66563 
80391 27286 
10534 23018 
58148 44385 
66838 54253 
70027 69994 
29492 29243 
64725 66615 
2820 3178 
38556 63702 
21504 20792 
4872 41337 
74535 14352 
77872 44687 
43968 42588 
9147 52085 
66014 83268 
48240 25163 
56504 61834 
59510 28153 
55340 71204 
16772 15271 
35262 13757 
14465 50069 
89128 75516 
79491 38686 
56872 24665 
41438 30118 
78383 11799 
20520 60970 
61797 37686 
22397 99558 
38030 45807 
86895 74819 
31844 91596 
23742 59180 
17359 38030 
82532 11334 
41613 28117 
46474 74837 
93663 88816 
9849 71477 
68643 28078 
97653 24596 
26336 96918 
12568 96824 
72017 1832 
49172 29145 
93678 69375 
98219 23787 
74204 84317 
74861 22099 
59705 45603 
43836 90416 
5884 10150 
81923 41844 
43198 23593 
13397 89949 
98543 69153 
77737 51568 
86271 1107 
40491 90224 
34590 67687 
38027 19104 
44733 69754 
54745 63117 
89764 46205 
67429 13234 
47482 24857 
55526 93132 
27598 28389 
68452 98107 
97230 78970 
61425 59290 
30708 2286 
59864 32381 
9798 91974 
89048 9450 
78668 58821 
10519 4766 
14262 55604 
39625 71222 
7240 38075 
79625 62576 
61208 95331 
96951 68578 
8723 58730 
79488 14957 
11365 77462 
65178 38348 
58184 31061 
1733 17409 
1880 34372 
99974 65690 
75346 78871 
73026 69266 
12505 45742 
11563 82724 
56886 20755 
31309 80751 
78952 38701 
43157 99431 
38921 86094 
38566 91260 
25694 94760 
53306 60983 
74433 66156 
71133 45524 
15468 76434 
55675 50632 
35416 25705 
53564 59261 
37747 11431 
94763 82305 
74498 25500 
27088 30993 
83453 97316 
61079 52041 
5804 31086 
68639 81644 
78171 14520 
74301 42410 
89837 8256 
1505 28568 
71128 60607 
87914 99066 
32125 30583 
63604 25651 
2206 43663 
93865 23554 
30418 49403 
24384 26121 
94261 97730 
30733 51536 
30188 1657 
66395 49715 
42995 8144 
23939 10552 
73200 55961 
72517 60828 
1669 59688 
11505 76478 
48921 22310 
84883 89306 
82906 45446 
33892 72811 
83540 75800 
26499 50509 
24854 99242 
91406 81912 
26347 69762 
1579 46286 
93984 39565 
97721 62380 
18254 38698 
15624 53506 
21775 37860 
83006 91654 
52214 16406 
81230 31787 
97556 49088 
25185 78018 
60309 19685 
681 7057 
64775 67428 
12847 11139 
87263 73021 
41305 12596 
92960 95037 
68318 45270 
35161 74630 
44634 94195 
22631 36727 
84407 34267 
89128 29257 
35373 11067 
5433 58482 
53351 62568 
58731 98117 
21194 89165 
86759 72678 
91461 41251 
94887 41379 
99371 8534 
3123 37915 
88006 63342 
67020 53566 
11280 31348 
91551 86347 
31825 37488 
10251 17282 
10761 2256 
33256 16393 
94199 44148 
77372 25634 
37378 77707 
78859 13727 
71498 83447 
55387 48767 
10580 65862 
27432 88444 
16114 8813 
31367 44873 
85781 83751 
56612 41271 
9191 65570 
17394 41089 
38378 63323 
26068 96741 
53685 78592 
69365 34659 
66723 63004 
1579 66198 
91246 58189 
59406 89762 
30052 66434 
71983 28540 
71459 18344 
86681 30383 
62409 75000 
56276 41572 
26946 26457 
36345 54637 
28562 25816 
23115 21886 
32851 28723 
21412 20912 
12929 91792 
70001 56130 
54220 20299 
67312 81244 
57544 45426 
34390 31579 
9794 54385 
23889 62307 
90061 92969 
34024 98888 
5730 9375 
14617 19397 
7816 10591 
58722 4915 
17769 58207 
57788 13820 
8975 39200 
60911 58514 
25357 9058 
19454 89063 
86765 19551 
17161 17181 
26244 11526 
82867 46141 
27817 74283 
57985 7452 
85073 47432 
44208 43508 
80632 68526 
88175 16927 
94480 50393 
69348 71927 
85187 5720 
44935 20832 
52205 23300 
71416 79692 
79690 40287 
66079 30994 
82750 47842 
93945 48580 
25512 13795 
65561 80128 
57088 5215 
9353 45943 
16302 46252 
38599 79316 
88935 52169 
67526 3306 
62302 39180 
43661 11590 
11113 21515 
54272 96890 
65881 72095 
33580 49480 
60512 41241 
44415 30426 
29301 99051 
33059 9445 
25161 91388 
59277 45665 
60734 76870 
84836 81059 
31939 42804 
63341 10966 
69533 81717 
11772 93853 
78428 46941 
59838 63365 
66799 95648 
67133 9701 
37425 70816 
70026 4498 
12227 69771 
70319 53637 
87643 96290 
5948 75788 
73272 95676 
50324 20997 
49092 27796 
71405 63263 
87642 41750 
44172 23778 
26678 77665 
50924 7428 
45124 36046 
22616 64102 
90527 23185 
71498 18543 
29782 2317 
40344 47673 
46542 54532 
46836 22738 
88511 80883 
32979 75127 
75727 57723 
38918 89313 
16997 90952 
8119 74155 
45773 1723 
96594 14658 
79070 16046 
2699 60298 
23434 23845 
56018 63147 
480 19166 
3926 39293 
41214 32594 
12660 90413 
3112 19345 
56068 88879 
96857 72087 
99680 99398 
70648 86222 
348 82936 
89187 17190 
32414 4563 
61700 34279 
20219 45859 
18788 93516 
3748 4642 
11421 23382 
89278 50046 
7052 41425 
40147 89342 
87620 97278 
44094 94408 
12110 68164 
53093 30380 
92386 16660 
29206 26774 
45157 57286 
45708 32235 
25243 68475 
86562 98094 
15692 29491 
59328 43019 
48855 58093 
86661 61322 
59182 74039 
69783 50847 
23279 15982 
23671 52874 
25676 94851 
68161 16107 
99812 75535 
21778 19556 
32870 40468 
85815 15015 
90414 3687 
25041 78839 
12156 11983 
48381 94839 
53751 90957 
68016 25390 
1152 68112 
68570 66202 
63850 32566 
49404 21732 
61245 71513 
12499 82828 
52405 57265 
56014 35938 
23657 45531 
99337 84148 
40725 85511 
9274 14236 
92537 35472 
19014 1140 
2364 23640 
31587 1429 
58621 93580 
77775 50792 
22427 25671 
54769 47014 
1951 31832 
6333 69598 
44586 79383 
17861 59885 
87180 11704 
90396 61451 
21804 98311 
26563 99527 
79979 65052 
8324 60348 
11799 26286 
71555 16569 
38056 65240 
85690 33276 
83253 86187 
27989 80612 
55310 92651 
1508 73692 
23787 29512 
83393 58199 
62631 63747 
5890 60965 
65712 68438 
66273 28830 
13857 17781 
33901 86189 
70579 96992 
72667 51921 
10417 80341 
25380 69746 
38535 32985 
12917 22571 
43164 47829 
85487 21015 
33514 37339 
25935 79057 
54914 62051 
45742 15621 
40259 92458 
33214 49932 
52216 69027 
10334 90598 
94210 46277 
29861 53613 
19855 81188 
97442 82884 
50264 53631 
34912 88364 
16623 87081 
10358 61510 
81416 71585 
48195 75550 
55846 77734 
98160 28896 
23319 90371 
86013 44069 
99214 83815 
90713 91630 
5752 6558 
92897 68829 
17398 42738 
17756 26129 
37027 70113 
51717 1185 
96003 39830 
46838 89569 
32350 61981 
39395 54213 
90342 92738 
99883 51476 
2148 83834 
501 30714 
57562 73178 
33132 46366 
41377 66621 
35988 6840 
19644 85193 
90237 72829 
85827 29562 
29342 9232 
35771 44053 
63277 89443 
26449 46236 
57394 48560 
87606 24929 
21445 82916 
97700 99384 
58085 97358 
5968 75498 
92196 8831 
80943 31094 
52426 25040 
92454 11605 
4596 30408 
88899 19978 
42940 27990 
14485 40128 
29658 5655 
22188 42014 
35824 17625 
77327 78192 
77418 98297 
13944 96661 
59132 54303 
1576 62863 
35520 12895 
3557 4919 
74212 39982 
59643 70469 
59085 79524 
5525 10948 
2684 7518 
49735 89686 
46608 38404 
64447 43906 
16212 69490 
10867 17532 
61674 99890 
12178 21631 
61344 14437 
7406 72407 
85241 80192 
68143 2828 
16684 63413 
36668 43321 
8258 38225 
48848 19372 
4651 24736 
38084 19452 
99395 63982 
77583 45400 
5115 9826 
7455 69166 
7637 93816 
10347 84808 
43142 98029 
44801 62659 
84511 53023 
19006 83810 
48147 63311 
89324 57338 
35720 51116 
97696 182 
6698 704 
20011 90098 
36936 80179 
83494 85855 
56244 15422 
25375 45628 
73534 91703 
7363 64476 
92037 62508 
70861 94895 
89012 52271 
16401 10588 
84502 49914 
17434 22933 
51885 3514 
33391 62070 
29339 42915 
69852 90088 
75800 76697 
44682 22477 
77597 32729 
58159 95861 
52652 37346 
32414 34913 
18017 57248 
80892 39481 
83451 60308 
92098 34090 
8875 86763 
63538 96353 
16727 60613 
1567 8207 
81627 12574 
10740 54527 
29211 30556 
32325 27286 
63585 1385 
55779 80316 
8591 58375 
19286 19613 
91921 3358 
35841 7220 
23070 28906 
29947 2923 
16245 26731 
46588 67279 
87534 31636 
98991 1966 
12033 16887 
54549 9007 
61053 26509 
19340 9091 
52161 2758 
70840 71053 
35516 42903 
5677 69509 
8819 98462 
14742 5707 
147 12149 
71449 97844 
83072 73063 
20638 71420 
91665 59006 
85374 57643 
84323 26345 
66831 38457 
64873 2448 
98452 60465 
6951 33477 
29766 76831 
43417 41196 
57515 66194 
76393 46486 
92154 20667 
35498 24342 
46318 91232 
61930 65408 
58532 28116 
24299 32496 
20188 56187 
78437 17006 
56763 80989 
67885 19817 
25255 29713 
24381 3968 
28997 93217 
68353 92328 
18274 50147 
28313 12446 
40604 22309 
94987 22918 
28049 31564 
1129 90853 
60602 2930 
71194 28397 
24486 85912 
16369 37787 
92084 46745 
59976 59018 
86286 17851 
65807 61991 
56178 77671 
7716 75845 
83288 73954 
62616 2228 
58030 96671 
31024 16354 
14483 52885 
89353 19962 
88354 95247 
56436 73672 
67715 8228 
13046 2741 
39039 61747 
47707 39829 
92086 572 
14644 41173 
36350 49653 
80478 88420 
99072 80527 
5088 67377 
20219 1971 
49071 97078 
33377 9280 
25280 67809 
23162 50875 
15197 35122 
79534 48359 
52207 8350 
27319 36743 
33318 66804 
95266 75222 
58494 34544 
3142 15718 
12448 45519 
87633 6334 
97640 34880 
58251 49949 
99148 99377 
72968 34350 
12216 80015 
49959 99640 
91488 33540 
86630 11069 
87279 75805 
40002 61054 
18733 99693 
33578 32773 
96273 93070 
94963 19611 
46526 8054 
95790 9615 
11687 61953 
60938 12219 
92333 82312 
37537 25682 
77725 43777 
65928 17982 
60910 82877 
74534 21383 
67261 18291 
28496 21424 
34560 48845 
97979 54795 
70346 49194 
76193 17369 
77955 34052 
69491 23608 
86529 15825 
2270 51616 
42269 37624 
27980 54320 
18251 23913 
14193 16557 
78411 54397 
74438 90308 
87597 33277 
52481 45866 
94102 95621 
25694 35427 
23651 65364 
83374 77415 
14576 55309 
53128 34772 
92728 78522 
93850 78543 
31666 22646 
47373 99243 
68757 23888 
42510 52830 
51040 65842 
75011 5558 
66062 19795 
44847 72509 
72354 37804 
18288 28354 
81826 7573 
96401 5657 
62082 79049 
13850 86008 
20486 76656 
62341 32319 
3805 18215 
31535 6832 
97343 71856 
86963 68678 
35699 95587 
59217 47277 
43634 20729 
1637 43447 
10010 60010 
84730 18774 
60345 43893 
34714 95587 
34274 14591 
90887 4881 
93029 36205 
51904 87524 
79046 11578 
4600 75349 
24885 31690 
80647 52982 
61897 21806 
66127 28759 
10376 90101 
96992 23588 
42467 29095 
9459 20375 
96641 68008 
78491 3377 
88310 25001 
69860 56846 
4979 62303 
51642 85353 
96323 4305 
59579 64401 
69657 39021 
87368 29229 
79506 86628 
77740 62173 
56316 85353 
23086 44497 
53828 14571 
45449 97306 
7236 47752 
14837 47977 
84962 3760 
82100 23468 
85738 44021 
48037 89958 
79659 45197 
63928 29420 
16963 62269 
60329 68105 
31514 85296 
30800 49286 
47323 84631 
55072 73249 
55907 34008 
32280 11151 
69873 98644 
8976 36211 
73871 76418 
28964 5645 
87863 84157 
2399 69795 
29660 88200 
90114 81135 
13763 88684 
25823 25099 
51776 80332 
53607 97183 
25991 29078 
41023 6274 
92232 23453 
39200 92898 
30640 82421 
442 12880 
3799 27257 
31151 51830 
451 54015 
53298 3979 
40026 75311 
71185 70039 
88308 35375 
91924 3096 
87774 40694 
27837 58992 
37510 90110 
16871 88202 
67048 32832 
33194 39917 
36102 30575 
24273 35853 
57882 50950 
3020 11256 
87509 73195 
44013 13622 
39050 44492 
81328 95868 
94760 85350 
82180 39975 
48365 5935 
75361 99606 
80553 61706 
46350 55718 
99324 46367 
72047 37926 
90431 92887 
57199 76169 
13887 29222 
51905 12157 
51342 14378 
74971 18189 
56127 62575 
41444 42070 
82831 48549 
94302 21209 
76536 75369 
70054 86405 
83148 77693 
85938 6401 
1754 27982 
22415 7973 
37532 10963 
88835 43133 
29463 32512 
2430 64990 
20925 33106 
81185 16839 
13250 83177 
49711 35280 
92402 47877 
83857 17460 
47163 22222 
74620 4979 
3564 54028 
74798 92580 
84761 91713 
2889 78397 
68173 16770 
17874 34415 
52398 46627 
45828 90660 
65287 22576 
34701 94778 
41524 29609 
37149 29791 
73160 30244 
72960 47178 
89759 32800 
2402 99853 
56183 56089 
49718 40173 
85504 97122 
52061 81812 
52115 56168 
73274 11144 
55869 24410 
14258 73740 
31885 93415 
72037 54604 
22662 2784 
48188 17026 
29222 2596 
83962 64200 
36228 70646 
4200 40205 
62383 90954 
85055 92544 
21877 69703 
21591 77070 
95238 37448 
60454 98013 
98697 62395 
80118 40695 
9987 78474 
46622 72653 
55493 14130 
46235 60014 
88766 92954 
98147 70344 
93624 65700 
80089 10593 
26417 24690 
57673 79342 
71518 46293 
94274 96243 
21675 4868 
32483 8367 
10606 2468 
80363 63106 
19049 62608 
6243 80352 
47462 43497 
44239 52858 
98659 36444 
39417 53010 
41900 28460 
16237 26674 
36289 24636 
36887 10354 
75809 45486 
27106 16586 
80935 37183 
86272 94308 
2468 58529 
65824 85888 
22095 37461 
95479 70560 
31138 22072 
60259 5211 
44085 86338 
82989 47776 
56665 89141 
46714 75929 
89636 26689 
99405 94351 
68881 63036 
19348 57518 
80036 71188 
83765 21792 
1566 68149 
75519 80519 
64094 81255 
83149 28921 
5719 40283 
98029 51749 
93178 50082 
89084 25998 
56935 61838 
40316 83388 
44605 27592 
69267 82936 
31621 92274 
5598 2588 
40632 50244 
98132 70721 
11839 69234 
35975 23258 
35341 63573 
14752 90209 
3529 80715 
52523 86641 
66647 50341 
61616 7403 
77890 33681 
12380 2345 
95732 2213 
82788 39391 
70670 69515 
73852 46453 
81144 97823 
84957 60048 
99143 1682 
85541 98369 
59834 75141 
89903 19676 
81527 76015 
40525 23024 
32404 11024 
31889 97691 
68625 79002 
61596 30089 
74824 45835 
78499 32525 
22432 44469 
8572 66848 
23886 16033 
78434 97870 
1504 34044 
23704 26346 
8655 82620 
64783 19401 
37813 91806 
56195 77472 
25197 68326 
67283 51130 
14906 98487 
31829 48623 
76833 41440 
12087 55523 
82076 75648 
58754 21559 
27195 9164 
12554 56527 
64366 15186 
85410 17129 
38347 8385 
79574 59636 
53127 34596 
51631 79476 
91236 6760 
4949 58157 
86923 83345 
98931 90385 
10737 51994 
96340 69792 
57538 50782 
30993 70395 
42561 32211 
67299 72699 
853 50947 
40373 48335 
54295 35313 
10902 35154 
57353 84687 
42440 5908 
57823 20193 
10498 57971 
12045 4460 
82561 28972 
75420 37730 
66084 73808 
48530 32225 
7550 22161 
96756 64422 
39833 72505 
77017 5799 
17399 68476 
99102 36567 
49281 46597 
21029 54088 
38304 40500 
27981 97882 
61695 76134 
72572 26558 
82998 94867 
60551 98440 
68128 96965 
50538 27365 
89416 6633 
98960 7822 
40693 21600 
22095 29508 
53696 25181 
65970 30384 
1550 6823 
71842 69420 
98543 58313 
82 35508 
57147 87169 
28490 47361 
42962 16154 
72460 40749 
76204 18423 
83830 84037 
64385 71527 
72894 10755 
14980 272 
63761 8796 
69197 18422 
37078 59855 
18318 72256 
36141 79832 
12685 35211 
12475 71210 
49997 2154 
65226 61754 
34424 84245 
85021 70412 
30908 10956 
47458 10931 
110 4473 
13945 16416 
88554 3541 
88381 43997 
65868 78733 
46964 97714 
46403 99230 
5434 89908 
6031 82336 
13119 46625 
6616 81324 
66399 50937 
70427 44603 
15528 9591 
4642 9796 
98263 23001 
62181 79990 
71299 36389 
39217 66255 
26267 50721 
52033 70436 
70897 76125 
6277 25339 
27894 17578 
70221 5574 
54208 92915 
90292 71665 
11576 96592 
41904 12463 
25573 39142 
91555 6485 
54879 11880 
57181 31455 
55065 49179 
92915 13189 
61932 86511 
91686 19860 
38264 41460 
94501 75786 
24866 77027 
18801 90037 
11800 41811 
69922 69515 
99027 20041 
79488 13557 
46929 65905 
22484 67722 
26733 41285 
760 48078 
68409 23748 
44922 34142 
69339 2506 
78806 68568 
70943 34092 
11174 94726 
32364 86606 
67791 9527 
30449 61644 
53704 8159 
93476 46405 
40335 49833 
32425 14980 
4896 79209 
68057 67428 
10697 96872 
64678 68053 
6032 84035 
72161 20100 
36677 51576 
46684 93175 
12369 1618 
67584 1743 
41247 61012 
92830 18377 
47830 70428 
98857 93765 
19935 90180 
31827 47020 
87832 14497 
56884 84430 
24969 69632 
29535 2576 
73756 8009 
29032 32602 
42201 577 
87489 86432 
87575 72571 
20400 72853 
1831 24103 
14373 61646 
40173 26297 
56067 87322 
88933 86151 
92716 515 
51843 28840 
99055 94726 
44815 54897 
88080 58864 
28505 91520 
43801 31895 
75220 72164 
72987 64937 
62143 46692 
69871 28245 
6378 45517 
62884 35793 
8984 95481 
65720 98558 
54943 12686 
86369 59072 
23935 78035 
57225 4479 
2806 34936 
36986 3061 
54790 35442 
786 60098 
92824 1052 
78821 42905 
24720 57434 
25747 82036 
86460 48560 
3183 15898 
56579 35033 
35902 9395 
49364 33830 
58634 43707 
17511 62276 
4861 43988 
55907 7707 
1625 84445 
87405 56160 
25028 86227 
28675 78302 
40015 2473 
79698 88942 
94967 67061 
53952 67593 
66726 68821 
68031 51944 
54924 1354 
39199 93464 
5810 30125 
97308 94997 
5255 13099 
3547 33841 
18196 8963 
82627 10667 
67545 7852 
17319 54542 
39365 23485 
24648 57401 
73170 92781 
31602 7506 
46237 39229 
94865 40738 
89073 69720 
63866 31020 
75531 91008 
69344 96724 
15517 51616 
30681 8608 
40856 37764 
14401 46668 
15586 77758 
43505 68190 
20809 38282 
52768 17387 
61196 28193 
8593 28191 
15338 60637 
63745 46071 
5373 62697 
97022 22208 
92637 63298 
95856 13917 
15589 34708 
75864 58890 
73847 10738 
95531 77670 
27886 55609 
16499 98676 
27812 11480 
80320 93210 
6585 9744 
21113 54017 
73174 91443 
10167 50327 
19333 45570 
33374 44735 
10059 40485 
35244 62823 
62242 93325 
24309 65159 
28625 95046 
23879 83085 
94915 84602 
69401 44669 
66739 44763 
99075 35266 
70091 74235 
57920 8299 
14046 75957 
37150 86220 
67701 89866 
495 69033 
84695 89890 
7007 98322 
68084 59600 
25958 8443 
5992 58661 
53547 33324 
24140 93132 
83465 27292 
95240 6660 
53750 1379 
17177 16737 
90908 72771 
22036 30446 
98931 74385 
6222 87512 
95644 73977 
78288 94950 
81691 7773 
5560 37267 
38549 42301 
3219 68898 
91074 39898 
50271 21451 
37408 18353 
35624 87338 
44452 63155 
34522 73498 
30673 72063 
90640 54160 
9651 85981 
32387 89998 
47582 87609 
83310 22505 
95828 29864 
35960 97067 
95680 89798 
46184 15954 
16628 30514 
70520 73326 
81736 93559 
13241 78382 
54122 37326 
71527 29855 
7081 83167 
67394 65373 
77048 30287 
33192 72535 
3383 52861 
73834 15081 
91874 98457 
63420 97159 
99876 65476 
46489 61437 
30193 49171 
4854 92702 
38051 10748 
19860 77580 
970 42097 
6815 53141 
74834 69917 
23505 62414 
61151 67299 
57888 23216 
40259 18279 
81418 8177 
83155 11439 
13929 28529 
40656 22325 
83599 11908 
22763 81262 
81247 65360 
23374 13104 
2048 18712 
15922 78497 
39739 50598 
44035 42453 
48476 9708 
57969 45328 
15736 57176 
2368 53742 
95983 72550 
43807 24567 
39328 85403 
37600 23758 
11967 17411 
72535 3667 
45934 45579 
99457 57383 
74546 26332 
45059 36723 
6881 52288 
35757 41703 
69741 48804 
8183 63599 
98760 55752 
62637 91190 
91688 81496 
23716 70316 
46318 60654 
8414 40582 
93162 95011 
66098 59853 
98669 7795 
47104 67135 
58655 95554 
77059 27492 
23563 18999 
62605 48849 
97287 34414 
30837 59846 
29504 30645 
9573 90339 
77815 3144 
88463 1728 
50464 66215 
61996 72973 
53000 77328 
44624 59972 
52973 23261 
65483 10928 
45606 96838 
95638 38382 
50343 75160 
34288 19801 
93290 95450 
82032 22913 
33782 13075 
59086 29412 
74643 17731 
84259 61258 
55195 78487 
16506 97445 
63670 86072 
75062 5958 
21394 61707 
96444 5569 
84947 5774 
56991 15187 
84523 66746 
88181 44673 
66738 21055 
38611 30348 
38437 67947 
91298 20856 
14331 59894 
27895 74624 
55813 8749 
42426 38827 
50868 30578 
46327 41624 
25753 18002 
73838 44327 
97916 57866 
92235 68260 
76653 44195 
44894 32250 
93062 71641 
6858 11003 
94087 33009 
12363 52068 
66793 85954 
21673 69651 
68492 98571 
30634 67231 
25920 31343 
90493 27760 
32408 63812 
97829 50155 
15823 28321 
34850 3862 
72036 70310 
88837 19465 
58768 14922 
56186 32632 
22887 83011 
41286 51115 
90579 66199 
93360 20124 
84287 40221 
85465 20029 
42915 68559 
28983 42232 
12499 24263 
34213 53915 
43427 36831 
73118 80510 
77227 53177 
73786 5873 
31060 86952 
77827 14486 
91278 18866 
21734 77458 
8753 2171 
61116 14628 
48134 22076 
42779 48824 
80831 55649 
43762 5079 
27206 79596 
38733 97598 
47319 77358 
27567 90324 
51543 4068 
53451 13116 
52472 78157 
68526 64916 
7744 81812 
58856 37674 
9774 68949 
23446 50404 
62853 99035 
13028 91421 
50667 37803 
73528 28608 
38004 91831 
6399 62549 
69294 72922 
53413 65375 
23563 20356 
37043 69405 
60501 44373 
39229 43963 
45562 92567 
81098 26179 
73371 82439 
74136 52192 
18158 87923 
49320 68801 
27570 15510 
34900 92497 
41913 56430 
45799 22687 
64737 55383 
67998 9032 
32633 93426 
69837 18987 
32226 42879 
48780 50961 
90560 15497 
27022 90954 
21428 91653 
42197 16077 
44655 87908 
40490 7094 
7963 93098 
68617 43886 
31755 78949 
78419 22730 
65996 70228 
3235 52312 
95369 41580 
38742 56618 
53946 93434 
62607 37136 
13868 47768 
57117 24259 
93855 95998 
56803 78342 
92846 25906 
29162 84552 
91677 52265 
10720 22482 
81408 76705 
62958 81416 
70766 6356 
83048 35223 
97163 67951 
2863 87037 
15806 64310 
36416 43197 
69674 33511 
90622 78366 
49473 87560 
37237 9311 
37137 26994 
54817 3521 
89078 50618 
88752 10651 
56058 5435 
44647 19729 
55465 50861 
25811 13118 
8686 43412 
49074 9440 
31424 83329 
24882 61940 
17977 2983 
67337 6273 
91891 18391 
7827 32199 
4841 9820 
21861 87413 
53193 45202 
42943 8517 
47454 10952 
29561 14114 
13611 68822 
71794 88038 
27391 14488 
72579 26950 
82522 73898 
15339 25845 
72339 36722 
34442 27434 
20385 92790 
37894 66960 
30176 7012 
92687 2679 
36846 41042 
72406 34062 
34162 5812 
83939 74711 
19208 8082 
35601 65058 
44016 36262 
82479 81089 
88554 16042 
86476 19667 
72642 54712 
58314 18475 
5777 84591 
6686 99132 
33278 10587 
5748 5783 
74780 64675 
6325 48219 
66819 70968 
58498 48566 
15115 29038 
83614 33642 
34092 30290 
32342 11255 
1336 32442 
92021 18045 
82842 30542 
61340 28920 
91313 79451 
93327 73687 
24199 42365 
18616 15174 
90789 62684 
148 4976 
78386 82433 
37751 47862 
26434 59424 
36430 73984 
74444 67507 
75765 39191 
24673 99469 
69439 48088 
13720 30564 
83737 21917 
18543 42128 
91753 13878 
31910 49377 
76055 8256 
29848 25237 
56779 26468 
19403 62939 
14324 3138 
98884 74097 
96309 88357 
84693 76141 
46943 78457 
58991 83219 
73620 76982 
70636 78057 
70369 39952 
78198 8773 
50653 65088 
58311 24272 
3084 43365 
15238 34617 
72768 3077 
18241 58601 
88270 41513 
62180 99821 
99610 57464 
93764 74619 
66234 68907 
70961 548 
35573 24580 
26288 42384 
82559 95580 
86074 4209 
38415 63673 
57227 50735 
23041 6740 
30681 38761 
9503 18530 
66360 40570 
91389 89906 
18414 45053 
94232 21780 
31388 29481 
70727 36156 
88133 5108 
46113 1007 
18460 53152 
34909 87142 
83903 84224 
33064 30817 
38420 73889 
657 84493 
27461 49794 
89401 99996 
28557 31700 
36538 3262 
55432 54729 
42061 87905 
44605 38289 
69806 76059 
18562 98381 
64558 69251 
72777 39374 
57115 39494 
65240 2848 
37205 91374 
96587 95709 
10113 59585 
56561 67564 
17102 93184 
78226 58204 
91955 17775 
85214 90047 
46405 59910 
39270 37534 
25722 64178 
95438 65714 
52414 32766 
50463 93630 
80784 69720 
26335 4644 
17963 17715 
65364 95433 
28116 33799 
25786 28178 
25655 62441 
57608 26316 
80572 29106 
7254 33253 
4442 95682 
46556 35551 
59149 90256 
46715 37356 
32074 48065 
21091 61223 
51251 77866 
42018 41988 
71924 98582 
96335 74970 
51956 74709 
81895 77535 
47714 15847 
63045 23951 
4329 95610 
96934 17429 
84654 88275 
14455 70427 
79763 17694 
89739 74493 
70502 62321 
60336 54344 
64392 62652 
66572 17361 
15079 32929 
63032 29311 
42581 87657 
17728 69865 
11730 55317 
55236 47364 
93496 66558 
18910 81274 
29274 72257 
24288 92910 
41797 68016 
50876 80280 
87931 75964 
72734 91229 
28447 62204 
59618 50628 
97763 48772 
89936 41939 
92655 12721 
4336 91259 
63138 51696 
94489 52813 
80982 35357 
65485 48889 
81726 55056 
32203 74321 
24617 30348 
10145 35880 
91547 30279 
39429 60319 
50829 19768 
36988 71324 
44598 47040 
6490 5241 
19632 46693 
48111 8209 
10552 44856 
977 33213 
1661 17778 
19992 34567 
39064 73309 
35683 39463 
38280 95891 
70841 61497 
34188 20001 
90934 9423 
49945 74441 
46607 35944 
19433 70415 
26093 65915 
83818 90047 
72911 41140 
96955 68796 
39989 19805 
16678 55171 
45170 72574 
29417 74210 
65047 24532 
54108 17386 
54171 2410 
98032 30916 
4880 59876 
92011 76887 
69374 70223 
15287 97188 
50110 95380 
31440 18913 
27195 62947 
95890 1737 
32186 8809 
62773 42695 
96543 71935 
14429 21856 
99956 60027 
60248 93595 
18875 40014 
3285 2455 
28771 45699 
52870 30063 
45036 36422 
69288 60102 
96874 85193 
62709 82052 
16146 22528 
32653 41223 
88855 13087 
26594 82536 
60802 96220 
16700 28597 
10917 78659 
42241 78771 
5862 27846 
41880 15298 
27739 77759 
4805 54941 
23070 25614 
2617 90200 
55690 67448 
24888 22827 
58803 93323 
30483 4214 
72161 38802 
44016 62132 
19181 68328 
72226 11382 
25784 48263 
88592 17128 
7833 52629 
36162 3963 
57298 32932 
28359 81231 
38562 74972 
85449 85672 
65839 60196 
30362 26172 
70189 46844 
81755 52190 
80404 87081 
24452 57395 
35837 272 
7844 73106 
21264 29706 
21330 2318 
63916 20302 
22581 94412 
61095 68258 
49148 63101 
13084 10049 
26891 5706 
20582 37851 
99698 90573 
68442 51215 
44169 41243 
58269 80670 
177 60934 
71228 47969 
43670 8961 
39423 59800 
51577 61899 
79290 67056 
60385 66642 
93668 60108 
99682 19905 
80576 12064 
89929 89333 
96162 26598 
29716 25032 
6938 94705 
61943 97175 
32084 15601 
639 35275 
20493 91015 
20543 37778 
29187 59209 
60117 66813 
69814 95369 
65311 42287 
68198 68337 
6176 1901 
38220 10193 
31365 99275 
5814 24809 
86553 71045 
31429 34261 
12005 15600 
70070 37846 
51775 91089 
76830 37480 
52464 58381 
12844 65362 
2960 65854 
31659 35044 
68274 97215 
29261 25449 
370 80975 
22325 98846 
66760 90792 
78759 48447 
23732 49573 
62163 69047 
75181 87038 
67598 44979 
332 90408 
19876 53690 
4040 30930 
77555 90361 
41906 45142 
35937 29240 
99063 99122 
50585 50756 
56345 66363 
9201 79957 
60376 5532 
64219 1480 
25226 33015 
1019 38978 
32393 47014 
57443 12838 
63179 74855 
29086 19009 
92924 83270 
91849 3892 
116 12597 
48325 45510 
95027 70135 
57803 89535 
52339 45378 
41041 30269 
40117 90376 
60410 71290 
73525 42180 
63632 48253 
85843 51155 
45033 47185 
1625 18859 
22108 5628 
17254 42282 
47134 41135 
42677 7411 
73698 11834 
34770 74406 
76206 77196 
57562 49125 
76797 93618 
37469 41287 
68557 49083 
42703 68261 
36525 13894 
5209 75288 
68710 60361 
20737 7885 
18169 83349 
8100 90224 
24199 35676 
82168 34520 
25760 77658 
96842 30711 
3499 28432 
44016 43230 
68062 98217 
52443 72158 
71887 75301 
16484 19804 
59237 39276 
98835 40538 
84980 72955 
93654 41650 
26449 49370 
6900 46084 
84714 77413 
9223 24076 
21666 99924 
43429 50049 
7550 51387 
23305 43561 
59946 98945 
43516 8658 
39642 10028 
31308 94686 
31450 12669 
9922 63423 
78764 40457 
10904 62352 
59458 83069 
67905 71926 
87740 95471 
48105 15923 
1657 54108 
29045 98235 
49150 86813 
8460 56948 
16958 44627 
42573 7083 
56076 28404 
44398 77085 
45119 30765 
37722 30958 
98660 4919 
54721 7886 
71421 25793 
85619 4237 
31229 66107 
37264 69065 
73686 70257 
34226 83502 
29764 72230 
748 46909 
73883 70325 
94846 98198 
74464 41034 
26827 59452 
41603 47221 
83724 746 
17188 71620 
98361 90073 
21653 85637 
47240 10275 
18529 45625 
34912 96143 
83048 94019 
24215 69100 
64285 31088 
1493 24372 
11660 14618 
23859 56092 
96104 39397 
81583 89483 
93791 46189 
22852 26078 
16052 10720 
30419 97878 
62939 67235 
10101 69418 
49887 28285 
49580 22905 
7009 72683 
32662 10887 
78787 86924 
48890 63396 
58262 61889 
21367 92018 
74319 66260 
86636 42096 
13233 40852 
99652 6032 
96387 83924 
4144 25635 
54910 26542 
4114 79510 
38954 29209 
95693 72678 
74435 66212 
70307 19934 
33282 2526 
79821 41896 
14577 9611 
62297 73247 
43464 11081 
63005 16399 
82265 96962 
49483 60569 
14016 96142 
11757 26270 
2428 50621 
59208 88209 
54289 92297 
74131 75844 
10418 83279 
58679 50118 
69468 44089 
16675 7363 
5283 60632 
44693 66913 
72928 30427 
67823 57663 
11145 81372 
44712 30632 
39706 72147 
83766 89522 
18958 62425 
57775 49336 
85864 23134 
77798 4309 
5910 42301 
88780 10719 
83492 70381 
79160 67589 
54730 40458 
54653 8858 
46139 93379 
12405 4298 
20176 35570 
65904 3241 
44418 58236 
13285 45165 
14954 50586 
12104 4219 
36563 46900 
22185 30979 
12347 57475 
4782 4024 
23694 46894 
21122 6388 
87816 39543 
56270 97486 
64566 51945 
5314 59824 
46836 74221 
98011 61595 
9563 48893 
5346 91233 
11230 24198 
66832 88046 
38692 91282 
943 14230 
61282 49812 
12717 87918 
13368 85015 
92361 24321 
55870 80569 
6581 12605 
76727 36467 
20426 89841 
77907 8694 
51565 60165 
62254 38443 
51220 47244 
77346 92603 
26376 61209 
95479 94382 
66441 7381 
9011 83175 
14167 63483 
98513 6178 
25446 4415 
87526 10731 
95497 59276 
32188 76035 
89998 44006 
6607 95602 
8872 24795 
35565 97720 
27731 32417 
94984 70175 
7381 65651 
47580 37628 
35341 93168 
6203 25311 
64957 87599 
20587 31027 
47534 2888 
64606 19028 
10756 36664 
60568 43894 
22735 3002 
14715 10335 
95198 77798 
53778 75721 
21571 68900 
46324 6105 
16159 6217 
64582 3687 
19156 43217 
92530 33887 
58844 10537 
14262 93577 
17185 64873 
22997 78543 
27854 31879 
75548 27856 
46854 50514 
79701 45597 
74966 88056 
42641 26267 
78620 9990 
27429 39189 
51130 56999 
61505 59369 
79823 2513 
16292 67527 
36213 38561 
30177 80374 
86177 65137 
78530 13730 
24996 38832 
3866 25710 
78152 70198 
6855 34940 
72944 46113 
64622 59667 
78261 93356 
86618 77610 
30264 92685 
40311 63542 
10267 98878 
79052 21845 
17763 21523 
82690 94652 
86324 73808 
77860 92697 
23027 2076 
39331 65631 
13071 67658 
86417 1299 
20436 64276 
79162 19374 
32694 19262 
87851 3725 
43522 44906 
56403 41 
39966 77438 
5260 90480 
63202 65460 
22638 45498 
41294 47092 
74343 44495 
50385 85655 
21816 51591 
46769 17414 
75705 30527 
26476 1715 
27928 83646 
11256 53791 
99101 3849 
30299 83583 
10130 35578 
65520 60101 
36882 51135 
54938 70195 
35084 62008 
3422 43002 
28916 1401 
33031 66955 
41274 33769 
16180 34877 
6243 69931 
74018 14553 
45069 92209 
89735 57065 
5739 23042 
81862 23276 
63293 2653 
6216 30027 
53033 76605 
6768 91931 
62073 32450 
15527 62077 
35976 66202 
9401 55547 
66729 3963 
68083 73323 
15892 51808 
41127 30973 
92467 97912 
24688 36469 
48908 44890 
68797 54531 
80646 7461 
84593 41100 
14602 70819 
97574 30851 
50390 68423 
97733 13103 
74259 4482 
70338 37039 
292 15994 
52171 45863 
5976 41977 
47172 51309 
19994 43394 
52756 24875 
88906 96295 
93443 229 
96404 62807 
32011 52401 
33883 29873 
30008 43716 
24309 94017 
59277 3841 
82720 61907 
24040 41921 
56156 31126 
39113 72419 
23415 13317 
24014 73145 
50765 62737 
14980 83860 
93562 77258 
67341 96930 
5741 46011 
19218 87683 
69201 28063 
14189 81458 
83347 59974 
35335 56745 
61407 6509 
85999 39411 
64603 88466 
63625 51690 
67850 44302 
12202 41414 
91390 8130 
6121 31936 
51617 15665 
13668 1224 
81300 81823 
11912 19840 
44545 28923 
76393 51786 
25021 82846 
48830 49686 
97347 95972 
93941 56309 
1012 382 
92531 58134 
23773 42534 
82161 23497 
67231 1530 
48971 97766 
11101 47070 
94686 21080 
14692 50329 
51311 80382 
94195 21257 
92743 6775 
92601 9157 
97255 81677 
15420 69918 
47771 20836 
39854 72908 
17835 63933 
17658 93281 
80384 9316 
82654 11321 
93675 98389 
42714 19482 
64177 72187 
83003 19865 
59721 93909 
32349 80180 
47900 55469 
47861 4565 
64483 63590 
54238 67189 
74510 31491 
33705 51157 
74784 85969 
87 33008 
625 36435 
6281 53971 
42042 42446 
28203 23149 
44889 59311 
40298 4924 
71096 37578 
47756 53146 
18757 1479 
68838 68018 
57589 33885 
67028 68137 
18240 50889 
17243 89731 
84933 57797 
52881 47919 
80089 40159 
81248 20699 
96867 58395 
73741 45346 
30972 82633 
34121 49068 
86612 25584 
23341 70986 
83130 5575 
72580 70916 
68665 99330 
47506 61905 
55045 24618 
36257 48128 
24218 26616 
21227 97485 
20624 28627 
60458 29128 
36240 47742 
48307 50157 
15427 69105 
47004 32837 
55227 18624 
80836 83947 
53447 73291 
62906 21272 
61633 722 
80759 38713 
32950 25079 
1648 11158 
16014 75242 
70809 62983 
34910 82913 
66832 99950 
12872 63258 
47066 83261 
42541 28792 
62968 6659 
79252 58376 
50408 22721 
35440 67517 
3155 52873 
84068 3611 
19122 7146 
36864 20337 
68432 34347 
49207 69083 
69935 21030 
17656 82125 
78566 58584 
78403 12204 
79745 1717 
85331 36222 
59028 48763 
44915 26970 
65290 84485 
11839 46100 
13941 39435 
4006 14025 
83058 36435 
78522 67971 
39748 14351 
21259 28108 
96669 42119 
41785 53498 
39382 61837 
32722 84552 
84012 28751 
47984 36734 
21696 48085 
77928 31458 
81406 43930 
51060 24440 
95910 33770 
71768 19188 
87038 23745 
11426 33917 
95857 84366 
6274 23821 
70954 14154 
79631 47496 
93787 49564 
98285 6212 
63858 33538 
93302 77824 
88485 12181 
24053 13291 
22004 89306 
40900 63088 
77490 31942 
6773 53248 
90418 86459 
70786 36318 
48151 34535 
48064 1236 
11748 90985 
49124 37907 
47319 21328 
19426 17248 
52975 35989 
95138 65494 
14414 137 
54671 82787 
47281 83447 
47225 80345 
87646 62427 
9352 87993 
73317 79463 
38460 14372 
18151 57362 
78218 25846 
19147 65941 
84989 46943 
51809 38060 
86681 75106 
3131 36538 
15842 45601 
63511 80476 
97342 78608 
49017 49812 
97663 89856 
53637 276 
97571 48581 
37500 37432 
32899 22179 
41518 18120 
59164 55599 
81518 70369 
34932 95334 
15630 48720 
86098 82834 
97554 70923 
8700 10199 
25316 14073 
91381 52230 
70198 83519 
90296 63213 
23765 6272 
69040 54258 
32252 42116 
24085 47589 
97049 50263 
52240 37867 
7627 97166 
80832 77430 
38953 41954 
73555 42306 
89309 89975 
45376 28894 
56387 62062 
68414 77416 
49649 87379 
27350 17548 
15132 91093 
87736 84080 
5261 14622 
73475 56049 
60688 75833 
10756 31423 
83765 49318 
84935 61296 
73999 22760 
74078 32443 
64675 64399 
68354 5187 
46804 18748 
57953 84690 
91663 32934 
73887 28132 
86392 4469 
95814 67641 
78494 32701 
98940 59451 
84526 50872 
98065 53410 
55881 13429 
61043 13810 
10296 14142 
6158 12440 
31527 14565 
68379 57824 
11669 69513 
17958 20808 
60625 46487 
41497 65974 
35507 49344 
50427 788 
49078 73035 
64708 9979 
804 35834 
30625 51314 
36708 58263 
70706 50761 
84927 83776 
31063 49981 
32714 65287 
86898 27141 
7616 73734 
90403 33231 
648 20144 
96988 60418 
22501 21039 
85540 86351 
15177 78520 
96305 18960 
50921 90992 
46069 99939 
37893 58273 
44413 11946 
17793 95664 
27160 74469 
84436 25613 
43501 6413 
74308 72683 
81844 79599 
80197 47842 
96080 86741 
17211 71405 
98748 99862 
26874 50549 
20498 707 
39434 96850 
96270 23380 
27127 42142 
27787 61269 
71858 86800 
89227 55245 
39624 93605 
88364 98205 
948 22448 
68987 62202 
61719 86389 
42093 78747 
72043 97991 
63093 80275 
62044 66303 
30231 41368 
13065 99552 
65404 41991 
10271 66312 
52769 11838 
38409 68824 
52772 4811 
76322 86131 
79688 95712 
17777 51833 
29251 87452 
96274 41500 
69640 66371 
19726 58198 
63878 45696 
27240 21031 
74573 92777 
64702 81293 
13025 44361 
38488 13526 
33817 76063 
47306 54689 
43348 7054 
11061 93645 
86145 89115 
12581 45275 
96335 50361 
43159 78827 
53321 38271 
96067 8442 
60485 34099 
83568 95337 
73657 91296 
62405 55730 
42123 84288 
40371 16356 
89094 40751 
2238 10317 
50871 70466 
37239 59973 
14314 96923 
72195 50753 
40787 44005 
14543 59997 
41409 29431 
87702 68315 
73192 69051 
97565 47467 
58620 1668 
3409 88389 
92193 2749 
79069 5744 
86658 67207 
40978 31258 
28934 6370 
88504 87098 
61124 22322 
49004 12695 
75569 94003 
45092 3650 
14545 33752 
4850 9743 
94987 50435 
17081 30589 
36545 85861 
93128 42079 
57303 74873 
34422 84535 
15656 16332 
20631 44354 
19125 32141 
27127 64948 
91298 34526 
52453 29893 
86621 17989 
86597 71469 
69430 41655 
79070 71148 
28388 70173 
72156 35084 
80403 96919 
49158 47301 
29159 81916 
10082 26010 
82514 98718 
27898 34397 
344 99427 
57386 26178 
39791 75118 
65543 38407 
88430 10084 
27608 79218 
27514 2679 
86014 96606 
47255 52947 
899 55829 
43996 97804 
30285 97655 
65173 8230 
65651 97425 
32130 49745 
14319 95788 
63119 47375 
63941 25956 
39236 89404 
86340 19482 
4598 50364 
38057 32778 
68690 13072 
93179 9 
83612 21923 
366 84479 
1893 5251 
90482 70255 
81526 63239 
73801 8544 
94064 29683 
56536 9200 
8919 80852 
75216 46749 
72377 82757 
94479 32454 
73405 39343 
38891 89180 
89981 28399 
32661 54226 
39456 89474 
2443 26758 
14380 58609 
57919 71136 
71237 28409 
2410 85173 
53727 48787 
41540 43236 
74477 73666 
51775 28106 
49522 1968 
42666 72658 
78377 57434 
96700 42640 
89237 1128 
98911 5260 
23581 72901 
74719 44739 
17391 13694 
38964 5665 
47231 29222 
21686 67699 
48578 17393 
76930 81090 
81101 96792 
99704 21447 
10972 41587 
73181 54345 
3850 49432 
43342 35598 
73823 43239 
71488 11410 
13390 35157 
46369 24133 
37460 61634 
47188 73952 
10401 32150 
36298 34620 
89313 21019 
26163 72206 
8993 71592 
8987 69844 
54474 75280 
59386 18588 
15542 33977 
20580 94747 
94312 13812 
62813 7432 
41712 50569 
59033 66570 
31654 72714 
57368 91258 
42678 66625 
42506 51086 
6053 20460 
68811 8942 
96563 48039 
16887 12808 
87653 12168 
72225 66189 
66114 38036 
49704 92073 
3173 31631 
90921 93697 
8619 95562 
42690 6889 
52518 65231 
84492 33408 
25095 72013 
10287 42429 
19540 76888 
85813 28225 
64749 7940 
96324 16075 
5460 78182 
71730 15596 
25739 56369 
26160 30891 
38468 12781 
77218 50354 
18243 64379 
16545 55419 
38017 99334 
87760 7198 
80856 69587 
90467 92701 
37326 1948 
69729 38212 
66330 93156 
69253 26391 
92608 22402 
23523 85808 
37667 36003 
39184 56873 
32538 33240 
69233 76487 
40589 9807 
14901 65268 
26476 95876 
99593 45809 
43400 59498 
46848 68209 
74967 32855 
59995 69956 
60245 58829 
45045 51294 
51020 48415 
40322 4288 
98793 85707 
16428 94092 
45699 16486 
88372 54278 
98358 8897 
38040 24602 
96523 80260 
79633 29213 
49469 42750 
13337 66047 
2210 32494 
3177 54057 
10907 51600 
83866 63903 
52264 70655 
48445 39872 
65222 10464 
93586 6052 
24929 46085 
2674 38165 
78756 53687 
28104 73939 
32027 51289 
93747 29585 
57174 68170 
76076 87637 
14188 14515 
38223 22331 
12521 12834 
85051 32703 
14996 95753 
79310 60677 
82837 70940 
9029 81724 
87564 3296 
24559 69003 
70316 66925 
69972 48426 
12044 75009 
18034 81716 
89059 4385 
80568 37258 
27610 93434 
6718 34464 
38401 6845 
492 76327 
7406 28884 
85944 17017 
42863 67962 
23428 46581 
29984 29666 
33591 13224 
24712 42794 
17136 45130 
25754 3563 
67824 78417 
173 36789 
63811 45587 
1954 59727 
88138 29673 
15285 74114 
73006 43344 
74652 5116 
84485 49307 
62435 51986 
64387 98635 
61310 14624 
24224 26999 
43574 12631 
42588 15317 
12407 19031 
51687 90936 
71130 89520 
11423 18230 
85655 79930 
60106 3371 
22651 9515 
99723 17043 
91309 45759 
20685 20977 
90167 57574 
96070 69469 
62092 8087 
78560 45394 
90307 35651 
14691 81744 
26260 2285 
50433 14361 
26180 72430 
39771 9256 
87300 21736 
83642 8820 
17035 65535 
20460 45218 
38802 39708 
61415 76379 
36711 62863 
13830 10275 
68001 58050 
64100 96534 
26908 14671 
98060 80941 
26521 26834 
21120 38038 
76275 53059 
3102 19738 
71818 4092 
13418 83797 
81346 80499 
31103 94954 
7856 49793 
11166 23700 
30331 74039 
63839 2889 
78521 73186 
56502 40762 
75778 36829 
79443 30494 
92290 77667 
26052 40973 
87131 53608 
25669 21283 
81670 72299 
33014 2251 
99185 31793 
21981 32411 
25932 44130 
53559 42873 
97466 34811 
87717 95823 
90640 10447 
87332 34798 
6544 39313 
18600 21334 
62499 95110 
86789 12250 
72300 72911 
58864 4568 
83043 98107 
15170 50963 
54157 14084 
41251 27612 
9671 52463 
17844 18482 
68296 60881 
92157 65304 
57540 87655 
16818 20901 
47871 76 
24178 35020 
855 43664 
63147 96434 
11233 33408 
63343 52878 
37040 4812 
7040 31209 
54191 42544 
83274 84224 
42331 47515 
70404 97679 
7311 99418 
43559 1307 
72293 21106 
31603 41028 
24281 53565 
54593 86024 
85783 5861 
57203 63987 
92349 53115 
16155 40638 
95871 17357 
40448 85418 
80856 81075 
1991 94346 
76235 51334 
31260 73086 
68874 13532 
87658 18590 
76546 88166 
67504 75995 
17967 31440 
43910 89016 
25363 1104 
42299 6676 
81098 42603 
42877 56949 
24046 37429 
67139 48832 
63675 95526 
49308 18291 
60208 66645 
15577 90716 
77789 91746 
94150 92733 
94217 14865 
57258 9634 
55614 28298 
52719 51154 
97274 29522 
17047 57980 
13029 26964 
74733 54124 
44564 43554 
19034 26166 
79445 31923 
38469 89378 
92019 33190 
165 82870 
34868 82464 
26323 21165 
90187 88498 
3283 17959 
20208 92396 
44015 89360 
13736 40811 
84331 38505 
11860 92786 
30730 21222 
10107 16195 
93484 93271 
76551 19683 
32440 43709 
95824 9083 
14982 26061 
47498 53452 
35685 9209 
53985 95224 
75429 83321 
87861 41372 
84078 72612 
11450 28087 
55312 26392 
32536 60129 
24788 82585 
99229 87854 
63525 23789 
24282 99847 
57285 74958 
24604 77152 
59643 23911 
85204 76305 
81596 81109 
8488 82660 
33730 33571 
89620 2970 
68349 89229 
66540 46730 
78432 52728 
29306 79490 
97861 21370 
37549 18164 
13130 40817 
87148 78292 
40544 14159 
87612 76292 
44918 15071 
60219 35920 
75892 16071 
43607 47482 
76161 6219 
98288 80761 
72314 39154 
34495 58234 
93415 21955 
48779 53786 
75074 28088 
43943 93991 
97464 93569 
24199 3962 
74614 34484 
2808 57807 
59239 6128 
33050 64971 
52517 9293 
74979 48018 
11391 37593 
40239 44865 
27377 51236 
15110 99053 
10278 57279 
47998 85315 
47848 74136 
1734 54529 
28139 59031 
13336 72087 
5129 81035 
74305 66763 
60205 29512 
43041 3379 
62150 58004 
27660 41852 
56536 77002 
32234 47676 
21743 25525 
42425 74450 
13327 71084 
37503 47740 
81030 10334 
54882 41398 
83463 68622 
635 52404 
44334 25625 
94810 48332 
91081 26411 
63945 82788 
91839 72499 
44815 48416 
59914 25894 
43237 64582 
26295 546 
99672 77343 
90165 60339 
49398 83052 
45022 90459 
29180 73744 
43701 59859 
74654 42384 
9470 46567 
73061 79142 
22310 54678 
84484 36032 
9621 12172 
21410 36592 
48798 2018 
81233 59691 
45474 45591 
59210 32154 
85696 27009 
30419 23550 
72907 19780 
78441 48332 
51325 53013 
65757 45451 
86148 33453 
86276 23620 
18007 21744 
13921 31615 
34159 46552 
62902 37306 
2171 28581 
5044 76551 
93158 78002 
47471 63658 
81127 23466 
59996 38809 
42583 28597 
55691 64649 
96266 52769 
70429 74207 
16732 16945 
57586 15348 
27472 42523 
12623 33179 
29368 41340 
68936 81129 
48480 48412 
61144 53872 
93539 5458 
34900 90827 
97973 22897 
93324 7655 
83888 70769 
9360 74999 
26173 74887 
587 78654 
13712 23559 
58484 63403 
1688 22329 
47630 83976 
24042 69441 
42027 60871 
88386 63119 
45477 66252 
7004 93256 
50895 45681 
27062 14718 
29429 15136 
10732 47256 
4476 59599 
81663 97864 
57905 99413 
98091 55448 
36260 83708 
34827 64780 
73218 16344 
56486 47000 
21259 19181 
42524 97251 
90273 89896 
81013 56601 
23750 17132 
82538 24979 
4231 74497 
78221 54650 
68852 26679 
56575 39592 
33124 45954 
62757 95187 
66447 55378 
30755 4713 
36468 86176 
44144 94441 
40974 61147 
24254 87458 
75863 93340 
25978 77887 
45598 19837 
80863 61779 
8612 74150 
64793 58711 
64281 37582 
83227 59019 
30370 99814 
60864 35562 
30262 2072 
94533 66090 
7833 32397 
78225 22496 
14464 91887 
37414 96650 
67498 53177 
16141 48987 
62348 88040 
44824 85672 
31486 49648 
79338 92904 
82726 56854 
42666 82806 
16471 42818 
19215 34352 
17043 98333 
48924 44911 
36702 61433 
43337 43245 
42659 79154 
99074 53157 
77163 94773 
15457 38531 
88630 94425 
32534 5081 
27861 80658 
93337 81932 
67509 27351 
99924 56994 
95274 10306 
76633 94113 
51696 944 
75894 17124 
31967 56685 
62112 6148 
47825 40927 
87292 14893 
50394 57996 
28466 84199 
47734 93958 
91440 96706 
11904 12934 
97981 90273 
59509 70328 
64274 23657 
6960 69353 
47346 66968 
47132 5270 
83118 71533 
67591 13000 
64837 59083 
32248 58015 
13866 58511 
78097 87934 
76177 10002 
36555 92740 
37322 50934 
75015 5286 
86309 95712 
68346 10544 
74478 22568 
52361 21991 
9365 84386 
81714 26608 
95485 67711 
13173 96148 
84081 34379 
61932 11650 
22089 93565 
33361 50621 
96946 68565 
15530 41850 
58301 42251 
28885 1559 
60330 87881 
68577 26355 
9047 17855 
42277 33437 
17860 11973 
1690 6533 
71597 18907 
89515 27289 
74325 59851 
75285 46087 
9503 1672 
33273 73757 
72356 8419 
23583 56197 
43839 24647 
73567 27599 
63154 91787 
20886 24814 
21492 49662 
71791 85306 
43544 29253 
48642 44247 
45279 99960 
49187 92451 
56593 94838 
16814 56199 
75650 671 
25742 12433 
78090 66279 
18064 58364 
38747 52036 
90542 13232 
36123 16358 
18276 41765 
577 10810 
19587 53843 
36045 34454 
11925 52928 
92078 80206 
82097 76999 
88077 91233 
95814 78 
94831 33780 
1307 39851 
59819 84334 
39690 47459 
22186 23654 
60784 39232 
937 27965 
57258 66946 
55576 48459 
72265 13141 
12292 74296 
6107 41074 
20771 81389 
46053 25108 
56767 79525 
70064 36632 
13856 83763 
29958 63051 
34073 52528 
2492 92959 
11673 54481 
7827 9293 
66786 48970 
34047 94084 
26523 90764 
73659 63365 
69889 98772 
73411 18854 
89864 60571 
22332 24239 
1083 79828 
54510 88181 
74797 12082 
22950 63628 
14125 75849 
8747 53560 
92082 70640 
65832 47007 
62475 81249 
65749 95992 
19470 98537 
99150 83973 
25496 40936 
11157 29454 
49102 18044 
96245 14605 
54499 37919 
54965 28055 
62748 23066 
19623 63460 
60867 66614 
88927 21025 
69651 29817 
72654 17833 
93555 54739 
36554 24667 
66738 41909 
54988 11940 
78208 21686 
24205 5424 
5966 30237 
62706 23652 
15176 86273 
26796 93193 
78572 53061 
99214 15426 
58691 61751 
66639 89030 
50985 66664 
87906 76068 
24454 963 
68929 36388 
12172 1987 
2604 44982 
97931 79552 
2393 50028 
17184 7630 
56795 25525 
40590 30099 
58616 21739 
36658 84601 
17676 19131 
16364 65085 
48563 47012 
47057 63213 
36027 36824 
85601 51571 
19805 41815 
21395 97517 
7927 69775 
38766 25478 
22979 43590 
5229 77660 
9327 25544 
67158 58372 
80976 15641 
87677 85559 
69495 61631 
92914 14628 
39397 99019 
2218 44286 
74349 72996 
5561 61875 
1776 81083 
17060 36542 
15702 15183 
77385 22610 
78085 74842 
99827 92633 
27417 69676 
54870 79872 
54 28248 
66330 73313 
74503 83150 
48501 74855 
81797 7554 
48194 97902 
86162 37241 
68158 59380 
29280 23904 
39108 93064 
48805 30473 
76408 91080 
27138 97272 
4459 62637 
47 79005 
56919 84215 
56353 76909 
64108 3903 
89698 67809 
20301 53999 
21319 62426 
83095 20691 
98781 8942 
94608 17325 
89802 94662 
30019 8701 
32560 88547 
72786 37790 
74307 10469 
87863 13446 
28631 9211 
14326 27895 
8383 80567 
27042 86193 
46061 59342 
23384 46330 
96359 74595 
75417 88302 
26613 66190 
50644 53214 
40055 22511 
45063 19352 
44056 14156 
91177 11198 
70951 66476 
544 69435 
82585 35035 
75570 45310 
41359 22361 
78461 21029 
10367 1824 
76591 99440 
53096 95020 
93046 50815 
39222 82747 
78651 52350 
27178 16473 
87562 6853 
86460 37128 
82326 81103 
43055 1133 
16270 61491 
79889 59758 
41221 84804 
893 37221 
66739 65403 
72007 5392 
53416 6533 
85433 58509 
57262 53147 
54398 50029 
54788 16376 
34926 65536 
69137 75639 
88341 70590 
86444 43434 
43673 90427 
98582 59918 
92658 49669 
33562 69700 
51679 24467 
38056 21608 
54802 36968 
57882 23704 
99936 52566 
21742 80469 
56219 24069 
71122 36804 
54858 63751 
94963 54404 
27976 14188 
21586 50027 
30372 31838 
92296 32350 
77702 93542 
91224 84336 
61192 85405 
34149 51404 
53819 35979 
25420 12230 
5782 11234 
76565 28607 
38121 97496 
42754 93555 
82535 60330 
74026 22761 
82676 82312 
97030 63417 
67670 50687 
40006 26663 
32099 87105 
88813 85096 
8373 85928 
15065 15171 
97190 55083 
48751 5851 
29691 33950 
77217 99463 
70966 96506 
39951 78490 
38705 34742 
54373 62901 
3097 57318 
