82589 98920 
70682 63682 
16453 74296 
91537 46891 
96833 73720 
60884 23118 
4508 39888 
16261 46161 
42796 68572 
81859 42326 
32895 61112 
97133 37456 
63118 8866 
79198 7665 
17055 7791 
12443 59838 
24530 30374 
54197 16023 
76203 14229 
68847 97019 
17770 61950 
54436 74809 
92914 85181 
5569 90897 
35539 67365 
64369 18199 
21259 64276 
47249 77807 
75749 9168 
99433 8792 
3239 40290 
21446 29117 
42339 22470 
32195 18821 
78295 91660 
81808 2828 
40923 11530 
4051 10037 
95658 94621 
2929 37795 
91528 7046 
994 56435 
64301 45369 
37906 47228 
5702 47037 
96967 78941 
259 71631 
54619 93107 
242 69197 
93318 86211 
56086 34038 
91734 48151 
44817 27632 
7864 40684 
42211 42686 
464 76983 
65754 71852 
92091 94015 
74967 39283 
63087 93127 
53238 50913 
80003 61053 
11036 20270 
4245 73492 
44214 30611 
97124 26482 
53111 1299 
36042 36963 
78232 36603 
83192 3278 
36508 48473 
2950 18754 
48524 61355 
7032 87119 
31510 26725 
17536 97162 
95560 97802 
77146 75889 
21206 40736 
3045 54356 
15361 87621 
76531 48417 
39594 68775 
83823 77848 
79823 96991 
75229 21587 
79699 14862 
89631 34289 
91336 57747 
99140 29974 
6496 29630 
64831 72214 
18938 36809 
58600 97126 
34375 75296 
98492 35403 
88297 21776 
65256 92646 
53944 35104 
16404 93476 
22761 35588 
90735 94218 
17908 92669 
1037 21374 
57765 18129 
45635 98700 
20806 31568 
30441 84358 
75845 37668 
82353 51449 
32370 30610 
52127 10184 
34524 20045 
50256 87993 
69265 55143 
32917 55073 
84350 8460 
56725 7213 
14981 69815 
50801 95128 
99336 91788 
12576 20160 
22643 23157 
19802 99839 
67079 64287 
65375 43657 
60498 79395 
63879 69318 
10811 4609 
49175 32821 
84857 97872 
80865 41895 
40665 86985 
4169 71649 
50246 85478 
62474 3724 
56405 62491 
44797 65805 
91529 72471 
61376 57043 
48896 73274 
79803 6755 
37793 87085 
21376 28713 
72571 87641 
12776 1384 
42721 29313 
11688 25700 
86176 68887 
76672 86236 
41260 69261 
31342 69113 
84039 15764 
80854 70526 
67319 20453 
74722 63468 
65137 37476 
74137 77055 
92277 63487 
74265 82790 
12243 51092 
52391 75168 
69061 20431 
61329 80220 
78380 14271 
64176 24910 
91571 5344 
11243 52743 
2891 31181 
92963 76497 
4196 1321 
63559 17699 
4361 94515 
19430 94270 
21209 39447 
33529 82707 
22667 51478 
92357 99248 
40792 80051 
55802 15636 
7424 6658 
61643 49436 
63465 21650 
26382 46284 
75084 99647 
51946 2024 
49679 87983 
33836 56381 
81966 20322 
80479 26615 
76341 68507 
95800 39578 
85468 49665 
47462 63626 
77038 12765 
41757 38049 
90743 39023 
52751 47004 
75722 4004 
8148 87352 
5089 65684 
17164 35396 
48626 62442 
36797 26188 
47325 27672 
12017 20903 
74172 53562 
92678 52700 
84430 65652 
25382 9584 
55642 1842 
42045 33952 
92682 24826 
18586 92826 
26373 35293 
56933 230 
65598 94714 
51467 53726 
72239 11212 
37044 80800 
15914 89719 
79903 77643 
31201 98529 
65048 62772 
43876 58358 
54123 61034 
54667 17140 
36289 79704 
69125 34049 
71330 37732 
40448 59622 
28942 61591 
48412 65348 
61131 66807 
72066 45722 
5610 2875 
26435 88532 
7315 51139 
24180 84998 
62395 30122 
92051 30406 
34466 80857 
18897 48014 
66447 76003 
37129 54230 
12954 20771 
42737 71483 
48018 91219 
40312 86669 
60800 85951 
59008 47731 
38019 51016 
22954 88631 
45941 74585 
75372 73896 
67118 37922 
49496 57909 
17404 52261 
51348 61228 
67377 7355 
69548 76503 
18911 6808 
55536 29906 
42449 67735 
23943 40517 
63429 17844 
7318 39736 
97356 31754 
62021 35518 
72172 10164 
62799 32150 
43853 20421 
42427 45256 
6587 85121 
29764 83865 
22408 26552 
14664 6627 
46826 49120 
21409 97625 
6794 69317 
3690 48774 
95222 83388 
83610 80381 
82333 96509 
44807 79217 
8288 24146 
55501 84340 
13783 16159 
41119 4894 
85762 47329 
48129 11235 
43901 64142 
40816 1022 
70186 76994 
50936 5236 
88691 39424 
56560 65651 
35576 61554 
860 84871 
20356 63574 
74227 22807 
68657 86986 
73788 89368 
53957 46193 
23278 62117 
71211 21144 
83162 39788 
78821 62901 
6026 27809 
37034 8325 
95469 40357 
680 77518 
8055 94971 
82024 58224 
97409 70378 
85587 65077 
37069 95957 
30920 98419 
74493 42109 
21607 17320 
62427 84849 
89201 84536 
85828 25021 
39298 37307 
52635 52841 
53658 87216 
44885 61791 
57013 54787 
33060 32453 
40172 43 
40972 26453 
42019 18963 
11129 53461 
32186 37563 
61226 80 
3464 50300 
41277 38429 
78414 17536 
97841 64392 
58200 58011 
26922 50737 
93285 46571 
50342 38679 
35477 54867 
81712 33003 
38644 53266 
57636 10437 
11532 25959 
97332 98776 
90222 38009 
19630 35093 
90072 33076 
90114 65397 
17400 33583 
93163 5227 
69690 61312 
23742 40921 
29771 95697 
72031 14670 
64206 39565 
30287 2993 
69021 67602 
85866 67870 
66967 91552 
76867 32552 
49644 87928 
77634 9918 
75109 99000 
50173 90279 
77009 35872 
44513 77632 
14802 83628 
56150 48657 
96292 32898 
51931 97073 
33499 39582 
57074 17548 
50785 45068 
55511 77901 
50192 72960 
93312 26171 
53111 55159 
90704 79945 
79699 30055 
62017 49372 
97838 98700 
14869 52403 
72002 20968 
50030 91079 
69034 83076 
11561 71022 
32636 70238 
43255 62833 
21259 33830 
91803 23698 
15162 51104 
59765 20281 
37513 37313 
52103 19842 
1732 85073 
78916 45528 
92670 73815 
73973 23933 
12755 13408 
63726 88232 
75890 60326 
74738 38632 
11693 72187 
98785 3335 
50546 47056 
44369 87860 
95994 27579 
90973 48333 
55165 36871 
28137 75213 
90177 52966 
5231 27944 
73917 21766 
39833 18127 
82093 54559 
32669 99104 
30146 55535 
15325 83165 
68363 77150 
13271 74153 
81475 6760 
41225 72826 
27 46633 
60460 85111 
19996 61276 
18416 39264 
44402 30941 
59784 96938 
6059 68246 
45226 25311 
4180 26044 
39007 82663 
89172 48980 
29990 58183 
59767 98629 
31849 98276 
94539 12651 
67787 46283 
25890 42130 
82654 20274 
78744 48037 
41105 54458 
38486 27728 
64244 33744 
83088 85443 
29208 58138 
12879 56967 
6234 83890 
38118 47926 
35958 1716 
39273 47634 
56065 28876 
97840 35982 
70873 11580 
6573 9533 
20021 56885 
7142 14822 
43177 39177 
70541 91797 
56503 55291 
30948 98384 
53611 34503 
7318 8388 
18819 44817 
98603 49219 
93764 75414 
18313 73405 
69752 16586 
42024 38396 
87706 3136 
77484 2868 
15190 34952 
31116 34560 
35669 39382 
37022 64588 
29057 93991 
34976 16290 
44549 85452 
32457 82795 
66831 40558 
62405 26892 
55009 28713 
53198 29135 
89910 1791 
60230 15773 
99920 6849 
69525 56703 
48082 79957 
72971 35533 
53932 5274 
32049 58728 
92380 2521 
92346 88914 
58925 88090 
84654 58578 
15577 40348 
50154 44754 
35112 87994 
56934 62692 
42586 31910 
33026 67080 
12560 5511 
27153 33116 
18041 76395 
22584 26479 
42891 92954 
71722 61256 
63310 83612 
89507 87897 
75930 23495 
42231 49497 
220 93578 
95023 93996 
11064 70742 
36042 32339 
63751 3681 
78352 88217 
58091 49211 
51447 93671 
50960 66310 
33597 46688 
67295 91080 
43433 61842 
78420 44832 
4625 13110 
13550 59622 
21043 89162 
45416 40826 
51421 55779 
44184 24707 
52369 47463 
25178 30449 
66462 90864 
25396 50752 
68176 96388 
31413 72827 
44608 41097 
46970 72533 
80189 6018 
32406 78372 
35027 24006 
70071 59222 
55039 40498 
9939 49899 
28680 88843 
27872 92062 
9908 34292 
85325 34446 
59866 46332 
13787 6055 
20865 17718 
59783 48690 
25359 60391 
17075 71071 
59924 73391 
41456 65831 
49641 95963 
90579 12743 
1833 30223 
56312 76860 
49752 42093 
60359 98566 
66614 26621 
65211 64082 
78269 54405 
12002 39576 
88859 99515 
34389 49793 
47932 86101 
13356 82994 
29818 80872 
31637 7998 
66436 1636 
58466 96246 
73272 8320 
45433 52071 
34898 92207 
42467 67726 
71219 81531 
49294 36227 
88515 37195 
2214 74709 
30392 21006 
58617 33721 
82938 80698 
82399 93802 
55610 10897 
52271 79645 
54864 17302 
11936 54314 
90994 32507 
56207 91223 
10375 6226 
360 59949 
25052 20118 
11352 3496 
19526 57982 
89031 29202 
50655 95769 
73047 83282 
20708 62693 
16884 29854 
95920 64647 
14312 9302 
63304 54209 
85505 7961 
67005 77711 
30174 31372 
42137 29155 
33298 36712 
68849 93207 
65361 46534 
2245 65067 
53505 35562 
94858 93700 
12586 55040 
17487 6736 
15838 35031 
1558 40276 
53726 84052 
71500 14923 
76507 87543 
9238 70542 
41137 91976 
94518 96562 
86391 49714 
94576 72083 
41374 91305 
34579 60618 
32129 86472 
66297 87990 
88590 52854 
66623 68711 
69891 72395 
39848 36128 
19874 79307 
68003 74675 
36598 90668 
52121 48764 
89791 60930 
13925 72173 
48351 55044 
82241 64208 
86401 51370 
71335 94517 
20847 5193 
69426 27094 
96000 26413 
94758 35834 
71530 50846 
43937 78964 
88883 13602 
52614 87710 
88260 65106 
12146 45769 
23353 5598 
37535 10469 
74251 52332 
61714 53946 
90284 95179 
39168 83210 
4055 40981 
77916 31708 
45468 94767 
83020 1753 
50350 76788 
87119 77183 
2033 28373 
63826 18635 
66304 16698 
68433 47 
80191 8851 
26978 44288 
33273 48919 
99538 68285 
36583 38353 
76518 53550 
8604 89492 
27726 16737 
20483 94866 
13219 66644 
33309 30785 
82146 99044 
29129 92746 
31262 98765 
84375 42271 
68297 89662 
59450 30103 
27035 97418 
81466 49007 
10753 67561 
78447 60968 
98551 11650 
82808 38197 
35168 38270 
59506 55095 
39028 62307 
29986 69223 
5545 75888 
56887 33320 
53119 7470 
26453 87541 
57812 91723 
15685 91343 
49326 22197 
59499 67829 
95705 61180 
39499 49845 
87105 36727 
443 36788 
39974 65555 
63092 93808 
82187 2268 
42827 50969 
46936 30365 
2305 88956 
98608 78526 
63363 30028 
37384 66857 
78488 88173 
81002 62111 
15413 70802 
1867 48337 
39710 65828 
5628 99952 
89755 92590 
73362 77966 
26025 42863 
53683 56871 
2406 89030 
83350 29651 
51049 90556 
35398 31461 
94271 86965 
42311 68681 
97116 25840 
18439 39391 
52377 37691 
10653 83746 
46282 36075 
39117 8295 
87460 90972 
51101 86981 
94444 96156 
99949 53382 
27677 27218 
78540 63674 
20826 65854 
82055 27901 
13196 48209 
48350 78275 
10120 80276 
25924 67608 
1441 51766 
49238 68355 
49526 71342 
59066 73375 
17752 40755 
91581 83152 
47972 83161 
74053 1081 
11225 41804 
7302 48337 
49769 69198 
85482 52919 
507 34148 
2288 63656 
39978 84128 
19352 89276 
19291 13967 
27368 65076 
63739 8266 
13401 5308 
96303 44623 
58875 8076 
6844 67460 
31889 41362 
29524 68182 
4791 53737 
9810 36336 
23365 21384 
39431 78615 
77503 64248 
12717 37797 
74914 38446 
11001 82057 
99183 39500 
53084 76652 
41426 31552 
59270 94534 
30809 51374 
64040 70280 
53368 22833 
78188 52530 
40835 57392 
45063 64201 
31610 9305 
57555 36797 
54535 358 
2548 45470 
62790 28305 
77789 34791 
50031 25626 
82470 91757 
13762 40756 
17297 92132 
92027 72655 
42408 19027 
88611 1409 
32226 28467 
19254 22463 
35201 15696 
56788 10185 
93332 18143 
26648 7643 
1491 76158 
5840 63771 
89768 61069 
8282 16581 
93428 71576 
97288 51609 
34521 94150 
52057 48497 
76797 20826 
29139 65413 
31295 18712 
2174 972 
83835 49480 
33573 16361 
87583 44278 
30400 96591 
14006 49730 
63294 79096 
83704 74097 
82147 80342 
4995 79128 
45084 6686 
32573 82828 
88377 44412 
21185 61049 
4066 85673 
89957 61752 
59345 62032 
31893 74753 
87187 25356 
0 31908 
1207 36987 
76621 47948 
39445 458 
85767 50552 
21495 459 
39586 89740 
11372 91296 
19584 61321 
14483 11826 
80808 26855 
1286 90617 
32929 63492 
42458 45063 
96002 31038 
60836 71228 
50653 735 
53913 67387 
2561 50501 
17341 33563 
59285 94737 
4668 41780 
73880 83330 
91457 77330 
44187 74105 
72956 10046 
69287 55724 
13673 66377 
55338 73924 
84461 38020 
31859 92972 
68158 80913 
86493 6366 
88350 29592 
51378 96043 
17474 76239 
77499 27744 
50297 41171 
14694 61697 
86668 92108 
74525 52393 
53525 53234 
90761 8992 
10263 81878 
7977 88780 
23872 80610 
22620 86 
70661 55577 
72852 98222 
19911 28121 
23578 68226 
81475 56036 
21315 1613 
54119 23238 
99862 90803 
94301 12228 
2250 84541 
36136 82383 
47012 70385 
32451 38945 
7556 76196 
54101 92521 
92272 11594 
80163 76961 
9953 2447 
35113 14682 
80251 6734 
80802 92824 
2061 38492 
50795 41054 
24118 68058 
22558 82412 
71529 11462 
59018 62285 
69595 69557 
15180 47392 
71959 28374 
97764 26639 
44012 86175 
86236 38730 
74410 29822 
72163 97645 
87700 43324 
50431 86389 
9240 94798 
723 41876 
89971 14606 
30491 59355 
33050 47030 
11750 3505 
76967 30622 
33136 25125 
80494 38236 
5995 47274 
23630 86759 
8647 2820 
85733 8672 
26527 76515 
87069 62852 
47552 29032 
83281 50377 
1857 57872 
83586 92612 
92942 80571 
23020 23498 
53326 9358 
56619 45691 
71934 23240 
59150 1091 
82772 33383 
7886 10313 
74798 80788 
97832 42776 
81494 1405 
88975 89318 
35256 43165 
13295 22663 
26523 21843 
75659 47541 
90484 58242 
67177 61902 
55221 47874 
72197 73408 
24314 76116 
90851 41289 
34225 6789 
17886 42628 
22168 40154 
15520 94281 
63744 57510 
93131 96892 
91228 43911 
59831 5839 
83235 7942 
47304 75452 
24363 98068 
9787 67473 
69460 48777 
95641 62481 
11329 76517 
50707 63886 
42954 85408 
57465 38098 
25757 35754 
36018 91606 
23913 74574 
32981 45956 
41439 26700 
2626 34999 
3512 97401 
40923 15277 
56440 43109 
67651 50050 
21683 25455 
64306 224 
28539 75689 
66271 31303 
67351 61469 
76565 24513 
50521 66086 
15458 62359 
42160 61371 
45326 44137 
18834 79865 
13361 75305 
53693 69252 
36090 66105 
74131 42635 
9110 69484 
29210 21931 
63095 86084 
17201 8455 
2792 64983 
65907 4738 
59613 32838 
28822 54658 
60389 91241 
58733 65170 
64951 32340 
47031 22246 
53416 36147 
71755 16050 
50428 29473 
80350 45979 
58044 6054 
44110 84840 
31585 30184 
60462 43316 
73467 72056 
46538 90739 
38898 52000 
62861 56334 
44278 2959 
29538 56213 
44259 95786 
49003 65779 
96621 10308 
29129 84596 
65491 76648 
8450 21375 
22884 55875 
21264 60400 
96160 76853 
4547 57546 
74699 96995 
40895 53979 
32955 8675 
52127 88684 
49016 70139 
6701 37185 
97896 46 
80776 3101 
77012 38119 
17514 41656 
77637 40910 
62162 99813 
50607 51309 
11437 16380 
27135 53162 
4954 37292 
46346 98279 
3681 66167 
9939 72071 
45831 88329 
31420 46230 
44138 77686 
72380 52077 
90117 20143 
61584 96620 
60700 64691 
73914 34841 
80541 43884 
5746 6371 
79338 89080 
20890 42461 
97645 2670 
56978 50051 
36972 39442 
76007 83715 
20355 92292 
14738 23418 
28120 73708 
40733 86254 
230 33730 
48047 13723 
51374 57571 
32933 92608 
27903 41629 
74391 87145 
46690 55300 
6993 82912 
95234 57864 
14130 68779 
39527 54590 
88695 12235 
81686 44342 
5155 15537 
32839 32101 
22105 75411 
18439 54178 
87575 7368 
12949 91306 
50748 37249 
8768 25383 
93196 7192 
60297 29312 
80336 91026 
8183 66221 
99559 64920 
81109 14273 
95298 33149 
92862 26346 
33293 65976 
976 80052 
26407 66870 
69889 72891 
32565 49689 
86367 69762 
91741 72956 
7804 15629 
3379 47957 
85106 84833 
58257 10198 
90990 50351 
29490 19571 
1801 21243 
96248 33647 
26415 14610 
20717 80592 
49264 99553 
23940 43480 
56232 74961 
9391 56168 
41928 20387 
64490 2364 
54763 89838 
29727 4185 
22281 2000 
62673 84239 
13382 17225 
39879 86138 
36320 81574 
33496 42379 
41806 61236 
71440 85617 
99059 86877 
40020 9651 
39317 76761 
16152 99798 
16098 9932 
22659 68834 
14428 76324 
84603 54327 
52261 39339 
27210 55916 
56506 8273 
96662 16993 
63334 32878 
3884 84238 
87871 460 
88423 10573 
31904 37048 
74610 2389 
49886 88549 
45432 50242 
73327 85178 
90869 23737 
1551 73086 
96946 55950 
2833 30742 
29326 90483 
34121 74476 
31007 15133 
79782 97530 
97532 60144 
30264 80006 
15084 96177 
70095 53317 
46950 27332 
21263 2060 
32051 37997 
92869 38652 
15580 18741 
20794 91660 
66277 66149 
42194 7434 
47447 24221 
38789 76473 
99576 10841 
185 60892 
61212 51835 
3894 17432 
1798 27254 
82247 81629 
65182 19784 
48044 3107 
25820 43549 
80593 99354 
40971 23095 
31673 25962 
41701 86957 
97020 44951 
43091 37966 
13064 9650 
69767 63347 
80965 74533 
86729 51644 
90368 81477 
97403 90648 
13863 70103 
20983 30750 
69793 9176 
89296 11535 
5805 48477 
9817 65917 
38499 46140 
25914 35755 
95531 35110 
67998 55651 
45689 54245 
29981 87486 
69765 84453 
24296 17291 
20433 98409 
65703 58128 
42898 53498 
9190 37973 
79727 32027 
20531 89906 
63059 60135 
89367 3474 
5317 17419 
4205 40681 
35560 82983 
96262 67837 
92782 50438 
24864 5363 
79757 84307 
20920 51664 
1418 83373 
26972 94304 
60327 62689 
72433 81968 
58413 65289 
831 94082 
58978 67079 
22227 11471 
95848 43951 
98459 61041 
77614 28867 
81455 80251 
24030 98456 
15570 23005 
88966 93624 
83774 7607 
69675 96738 
24457 89532 
75709 59141 
70760 27055 
32456 97060 
67510 96116 
24067 51423 
2234 2336 
38434 37660 
46162 32720 
62946 95260 
38758 87318 
93880 83666 
65010 32030 
64584 61033 
68579 17701 
68019 25445 
15885 17826 
47756 94377 
76268 47400 
58193 47500 
11640 38853 
49533 60366 
75338 67504 
15974 12090 
4406 38590 
56619 58832 
52093 70700 
37729 26675 
48105 36301 
12284 92485 
92985 49056 
48170 89355 
89964 19770 
39898 94457 
92734 38043 
30382 31436 
807 75091 
49096 46916 
65481 44701 
80870 1257 
78891 3922 
15572 47396 
6246 22827 
93120 58424 
87046 3589 
50540 4475 
74945 83089 
98195 72596 
7887 10426 
851 69443 
237 50939 
15893 45951 
26866 31738 
45812 35611 
25474 10232 
94967 3488 
77930 16796 
81689 61886 
44001 95435 
45927 20292 
11540 42233 
9941 2264 
96097 20313 
94951 79912 
69837 12243 
70181 47879 
24796 55989 
12405 82991 
78694 98977 
83883 13241 
12876 96266 
94491 50279 
91452 73511 
99859 23322 
48265 73101 
1550 89187 
44072 2796 
57509 83104 
90143 10122 
81523 18009 
6490 12971 
8871 36258 
32992 27078 
32088 66953 
39943 44422 
65480 44574 
90877 33118 
79995 133 
95008 48993 
61053 44789 
49202 71777 
81107 27649 
10150 4735 
46015 64457 
56227 5575 
69667 1903 
95522 48569 
54890 3500 
51600 53110 
10304 17292 
11794 52281 
12552 13075 
54170 16536 
31301 57417 
78771 92211 
70378 28408 
56354 62324 
42624 58943 
73567 88048 
88294 37223 
97314 43180 
67251 86267 
3107 11113 
3756 90419 
12216 74039 
39292 36110 
60714 87513 
53650 86631 
79837 99988 
47435 16199 
1544 46578 
40153 87307 
15780 19051 
27227 67162 
96650 89947 
56563 43956 
83570 47685 
30699 21783 
50427 81710 
14105 44200 
20888 41910 
26861 20761 
91205 84993 
35736 8272 
3221 11945 
11576 29107 
69762 95371 
7973 92594 
92174 93249 
30332 22317 
25517 46508 
6737 82092 
40738 61856 
42429 36482 
5171 88406 
38253 77870 
52745 6892 
80083 1444 
43561 63666 
61006 11895 
18811 98164 
80991 1167 
41496 32134 
79772 45333 
76005 11721 
97839 30445 
327 19337 
27745 32171 
63521 1265 
13294 42100 
98042 89098 
77771 54769 
71622 28311 
13983 3803 
16623 65714 
48702 62986 
6118 88979 
1982 8657 
55457 56091 
97892 73511 
15635 325 
47321 8696 
90538 47228 
15846 11055 
53957 34077 
10028 65418 
64260 79440 
64041 98026 
74696 10687 
85231 36521 
15530 20709 
21931 24342 
80555 91582 
49824 42952 
85000 92557 
34151 54016 
74458 32505 
14216 85438 
55160 22825 
73948 50158 
84802 85832 
7682 4617 
10066 25758 
63831 25031 
62105 64771 
50832 3925 
24472 34779 
19478 46796 
69312 7309 
93706 79373 
17128 38346 
7907 59605 
13020 2824 
23020 25352 
28005 94279 
35922 98662 
87905 69233 
67070 10617 
4226 22958 
9856 6903 
31589 93575 
51819 43574 
4450 4766 
32629 84937 
12241 73924 
86675 71030 
56495 32182 
29125 30882 
96155 25504 
83477 79531 
27947 91911 
15917 51744 
67587 38927 
37207 93435 
94534 77435 
56347 52971 
98107 3414 
21944 88867 
16023 57384 
66978 37834 
87731 32906 
80575 67679 
54412 50110 
66442 73265 
25110 57959 
11769 60573 
94171 79872 
82680 3795 
39026 71298 
82751 53524 
49317 14986 
59615 20238 
38475 39934 
21370 56631 
67067 13382 
29253 14759 
63589 21736 
65990 59559 
62848 25906 
40237 78963 
94674 49330 
76711 42686 
46430 32799 
58871 26647 
91627 69241 
36447 38123 
23939 13718 
83623 47860 
60990 49153 
95360 59725 
85524 76706 
39125 25909 
72915 91175 
37184 46247 
13436 96485 
40695 73947 
75309 14018 
70940 86780 
70296 37481 
45379 72793 
77407 91959 
76566 22609 
52303 61958 
30544 16616 
59 63493 
57972 44636 
17161 48652 
66028 98126 
14988 47559 
82045 30505 
21477 72314 
70872 89920 
20278 30225 
7106 90567 
27418 19518 
70637 3609 
24372 9738 
29345 16838 
63359 41163 
96334 33379 
35832 12816 
747 54076 
48320 67035 
90976 15627 
81136 20074 
97023 37122 
14944 32820 
14765 61296 
97771 63482 
39065 63658 
90772 94976 
64942 42578 
74896 83739 
96433 96498 
22601 33835 
51298 40594 
38826 60459 
26402 14578 
53676 70342 
93376 85718 
5623 53050 
27073 56769 
88482 46802 
30375 47167 
48040 15190 
8068 27661 
4916 47053 
59768 53514 
49100 70780 
7328 59453 
98579 56423 
45651 50745 
39555 64269 
7523 49100 
68984 86895 
62849 29523 
41522 23240 
30597 14843 
82419 17841 
67777 78278 
65522 96152 
13956 41279 
71245 27737 
12084 43780 
33231 53122 
96820 7093 
54398 17240 
40091 5831 
23164 62639 
70253 14613 
88843 49013 
36042 97704 
61598 82109 
69385 65313 
86763 54707 
12182 28998 
5972 25110 
11349 50405 
58246 84467 
53671 92517 
93040 93254 
7434 50680 
64222 99368 
61361 61835 
49048 85542 
2985 64710 
89438 32169 
58448 11183 
84184 23117 
23556 9571 
70210 66774 
52007 14297 
18587 52278 
30838 63225 
36746 11791 
65436 3860 
12164 13678 
16870 42698 
54780 68573 
82818 98203 
95492 90568 
90056 37192 
76305 19151 
71219 26867 
24063 74004 
31500 40278 
34148 84427 
71940 11711 
3142 7878 
25175 50311 
40173 28027 
76732 85167 
55499 1694 
90441 33198 
71868 6211 
29998 52310 
29291 23957 
70432 66675 
57077 89224 
22985 28369 
68343 14077 
54817 10213 
91657 4471 
71006 8324 
92112 75677 
40466 69718 
49807 76925 
89672 50237 
57585 39187 
58523 51147 
71853 67143 
11182 78938 
383 6634 
21407 22182 
39243 32288 
6671 41729 
77339 16494 
68264 26118 
71518 60546 
5635 72733 
57807 91519 
12363 17088 
5033 54326 
28443 47535 
35983 57410 
18986 10775 
38180 62638 
72963 34744 
61480 45247 
67290 69743 
52899 88039 
21310 76142 
10450 15549 
74690 67548 
47215 18533 
57726 52025 
44495 66862 
87255 741 
38595 59821 
13629 13412 
29650 16768 
64644 42923 
22871 68290 
80816 87736 
12690 68199 
13094 59994 
98501 10128 
58861 89674 
77039 98957 
44981 30719 
90935 96964 
27716 93746 
25535 37315 
68456 41774 
36853 73413 
61522 50332 
62325 11608 
35692 51392 
13033 56924 
24655 51744 
71155 86686 
3236 40770 
19623 55324 
16028 79991 
12314 25140 
83002 97352 
52579 12436 
52644 92878 
85504 36169 
87403 99161 
25032 57175 
8438 30092 
30902 99999 
97147 94289 
22359 56510 
49411 45895 
65671 80730 
5218 94707 
708 97672 
31074 76 
78201 65512 
15535 28526 
63760 50017 
49220 63809 
27328 92935 
99840 19851 
77480 81914 
60040 22044 
18811 58520 
41295 90375 
7634 33068 
10589 79080 
56323 10213 
18326 1840 
89821 67653 
45635 98955 
89228 71764 
7224 83521 
66810 58658 
81889 37306 
4407 56878 
7016 13862 
52921 78825 
65646 46319 
34398 62044 
15122 50411 
10238 98581 
54841 59434 
79111 50917 
7318 27196 
46407 16344 
91542 87421 
63403 68147 
514 63668 
68783 71604 
55898 82487 
77750 45552 
1872 54380 
54705 16159 
17551 52050 
74301 88525 
72767 33510 
22650 43908 
25526 28804 
15581 55555 
61116 33395 
14039 4580 
2632 28751 
98092 68761 
80594 81197 
20459 51801 
35364 53797 
98096 18338 
40235 2860 
16070 874 
75340 20591 
11834 48781 
52955 28481 
79953 96688 
93284 22223 
87452 39806 
76500 18249 
18178 17114 
51570 54435 
70898 19840 
65338 53083 
20349 62311 
86338 62975 
13050 74974 
37006 59119 
10387 5305 
15208 93746 
10359 41278 
81442 60177 
76334 4254 
11596 52382 
76246 93353 
66793 77356 
88923 1773 
11659 4895 
65539 67032 
20244 19895 
43695 61717 
44874 76031 
99209 79096 
87357 36437 
86420 18816 
4273 26987 
61672 31920 
98457 20844 
6593 41545 
97353 19103 
67916 15916 
95559 91702 
8765 33624 
43661 95207 
22729 47689 
98380 89643 
96479 24537 
10092 35219 
19289 6768 
12917 61651 
28578 24464 
99896 67677 
49374 58829 
11140 26469 
32645 44011 
36423 43813 
22475 78289 
35292 40252 
85342 4131 
7612 5828 
16058 8152 
5322 6625 
94423 86634 
62248 6006 
4258 20019 
32966 259 
42167 661 
73992 58295 
37259 62135 
70989 98123 
75021 65526 
14216 29013 
68626 8371 
51106 37556 
49195 35315 
99640 98315 
52865 46033 
89096 45278 
66997 15622 
5798 49048 
60463 65380 
60625 6509 
63649 47827 
62352 64655 
82686 38755 
76294 68318 
29377 61300 
71251 42756 
23392 2208 
9428 96340 
76518 18915 
13776 56046 
123 77504 
55120 29019 
86417 6280 
37467 17160 
1756 97418 
24050 98506 
95889 40059 
38957 29134 
74960 22185 
99585 12344 
7995 95784 
83723 28115 
36739 60020 
11689 15107 
36913 80548 
28778 49949 
35315 29579 
6146 74102 
21656 963 
39311 77291 
6628 27270 
12621 58300 
68415 1785 
15293 48888 
98712 87281 
40071 4624 
6286 75587 
69068 37658 
61213 47244 
53016 90734 
66145 68869 
19943 29217 
22314 57401 
7198 58456 
17441 35008 
96788 57497 
335 96177 
48134 56994 
22669 9428 
64671 79081 
22277 80042 
1080 59 
94297 7380 
16531 92920 
46564 80564 
5922 56069 
63897 69731 
95922 37038 
12261 86527 
75520 15539 
98261 7148 
41821 18910 
62027 74025 
80993 4831 
22260 18061 
71539 61104 
11071 72403 
92502 40376 
33210 80808 
42732 68874 
59374 38947 
29000 42529 
16519 45348 
60541 51313 
69444 80211 
95509 53184 
97372 74922 
20867 52714 
56878 82874 
11401 26301 
88221 13074 
5802 75797 
65975 42012 
58230 85475 
16852 76404 
72230 3409 
27689 99680 
611 67698 
44789 98447 
99614 50377 
22179 31692 
58663 97446 
10796 75080 
87982 2118 
93214 45495 
35549 60232 
59260 86830 
22138 21674 
86707 77020 
28603 69777 
38195 98493 
43094 31796 
10648 99404 
77576 47925 
76660 61440 
92759 3729 
38686 81479 
28521 61449 
76331 69000 
22888 9326 
4641 58907 
16814 84892 
77016 40323 
84312 18146 
60209 5863 
97843 83574 
80861 33107 
37466 46165 
93109 20149 
78872 35921 
45018 10574 
50218 87747 
27967 59635 
30603 39238 
77548 13094 
74037 87510 
57177 92911 
81944 68083 
96311 9843 
14495 33741 
74017 52051 
26502 79371 
35624 30890 
37127 79976 
5279 369 
94316 83354 
10436 5095 
74669 26414 
65691 53059 
67350 24620 
72802 54221 
26682 17787 
81378 13622 
42250 42244 
20406 18636 
67577 39328 
54648 13950 
68899 3241 
41918 15016 
4066 17491 
67345 70978 
18264 28454 
8926 51411 
48047 57042 
45066 97780 
58069 55016 
49230 50093 
95940 71184 
29468 32011 
39802 4541 
61253 53560 
30489 86341 
30973 69566 
25564 51167 
54338 14092 
86045 28249 
59102 16383 
8296 8602 
24694 92246 
43356 20991 
52721 96233 
3875 80308 
1760 14689 
44860 55618 
57466 77433 
18615 41971 
24749 66746 
46514 9999 
22599 6337 
20678 50392 
34142 20069 
47165 26538 
14577 60524 
68910 97935 
87892 20806 
61487 79396 
69587 59549 
77625 56687 
37110 88664 
27486 87865 
32320 96167 
20845 81459 
20993 2263 
64606 57531 
53249 75908 
4516 65765 
65761 71158 
23434 55865 
41667 77902 
60217 69937 
97377 19935 
93036 53886 
96771 74838 
38870 65499 
2796 34759 
56930 90534 
64031 74950 
7975 64950 
99534 47773 
13706 41398 
89136 73926 
80885 31091 
98297 59734 
3330 98432 
66761 29623 
31624 85043 
68458 26279 
5120 92307 
6439 97476 
73787 57095 
41134 58210 
98431 14036 
62782 89510 
7014 49515 
9632 11192 
2060 17513 
2346 44818 
59570 5477 
12028 65246 
33373 9606 
4370 24423 
80533 3232 
5655 19441 
53189 59448 
17692 68390 
60126 19675 
68242 52161 
87428 83563 
21071 78105 
81680 32443 
85506 22354 
41531 88469 
59217 11581 
33771 54681 
9917 12134 
48685 77394 
51759 4712 
36031 21626 
451 36146 
17850 52760 
97448 56341 
57152 73140 
78049 68070 
72620 71056 
20836 40053 
28598 1339 
56590 59664 
96919 31756 
33715 30562 
82550 57459 
34108 52730 
28561 6914 
8571 57604 
67578 37090 
54046 9399 
66677 43080 
86318 25212 
20579 87937 
71294 11124 
84039 92179 
65584 59274 
98488 9225 
82790 1766 
60278 52990 
45817 71249 
98265 36910 
7437 75175 
77034 29870 
21462 50954 
18700 33826 
25113 32646 
41031 40354 
49486 26291 
42522 28908 
9533 60645 
26110 28290 
37524 52818 
42356 74633 
14732 4198 
50230 64128 
24886 21053 
39018 16829 
99929 36327 
28441 39019 
53723 94394 
65683 95972 
2546 48932 
67874 84359 
52591 15556 
16431 24135 
94140 15503 
95724 73418 
79690 44405 
82690 6708 
79020 1053 
36281 86697 
98051 15092 
6093 3051 
20310 19670 
77990 47653 
79915 25366 
1262 45202 
3221 65065 
96587 60427 
62598 95963 
27032 58791 
70314 64525 
25299 6232 
3075 62958 
9643 55299 
88489 31642 
88141 80014 
3587 90979 
46397 89798 
32502 18225 
37326 74061 
5496 20158 
43311 3319 
94747 90771 
60787 40165 
73685 84728 
65275 93988 
56081 81904 
50847 87012 
18758 66140 
2235 86065 
77459 92151 
50038 94408 
29294 68605 
79904 91029 
97137 42462 
15098 51009 
11445 29940 
68538 79856 
43218 2861 
65142 47181 
58119 5613 
68269 10620 
96300 47612 
5044 79628 
95030 88886 
74535 80564 
61987 12300 
40034 49444 
75875 54926 
52095 96789 
38050 53206 
22524 60212 
23901 41797 
71173 84675 
85969 34383 
97186 47802 
42134 6214 
84226 78214 
41662 92808 
35293 98506 
39529 16942 
46857 61358 
25126 57008 
74341 37146 
45314 73746 
11398 54550 
33791 19551 
3958 91803 
8781 64769 
46664 65560 
29331 88789 
64139 66804 
6809 242 
62402 48778 
52700 70247 
46793 80606 
6364 85398 
41953 42105 
27171 53050 
16639 50218 
54257 20504 
11633 75567 
34126 1769 
92459 28809 
91418 40880 
362 70818 
71381 79092 
54723 28127 
13951 34808 
68039 75649 
28790 49695 
70603 82390 
28245 2222 
6198 2659 
40921 40717 
52394 35269 
72390 42058 
39449 66219 
1542 59220 
90354 56621 
1182 81176 
81217 36877 
49700 92026 
25973 20601 
56970 82713 
22305 57338 
62154 38333 
56708 1797 
73613 96797 
55790 89171 
11928 50477 
88170 71032 
85818 41472 
66769 84362 
77747 83260 
74804 97471 
41117 26761 
40468 880 
14125 77209 
15061 88670 
36760 59730 
67237 6379 
16865 26171 
92089 25217 
28768 93457 
47933 39179 
43752 4635 
75947 71591 
85442 7797 
28229 20671 
75181 55156 
28374 69899 
82563 34832 
15336 38289 
24502 61298 
76107 48113 
62576 66887 
55681 43178 
32852 56459 
43785 99461 
4999 10019 
77035 31713 
8216 43992 
62440 14600 
80342 70862 
23621 4993 
93512 28991 
94598 73229 
84788 89713 
37713 25475 
73444 87153 
41999 26766 
77916 57756 
66236 14859 
54902 21094 
26965 28735 
70711 81322 
95895 62388 
80657 79509 
63413 94508 
36152 81054 
45334 37692 
61145 39579 
58542 97043 
39617 38888 
67853 27323 
34079 77999 
11205 30246 
11395 30738 
43192 39112 
86664 81030 
97988 96612 
8556 7760 
61898 43505 
184 68961 
62995 782 
38441 14105 
30795 45996 
1727 35370 
52375 55650 
41060 54044 
53067 9822 
32808 26580 
59595 32673 
52631 46344 
61472 73041 
69655 11694 
72473 13006 
97559 28815 
8202 29145 
54928 18604 
37998 21125 
81092 880 
39910 65346 
25646 36365 
85935 47561 
79941 17095 
11412 77671 
47058 9324 
77252 92393 
53116 69485 
16575 7011 
87261 73387 
68366 86143 
20251 21596 
39934 65271 
92301 9828 
7232 69706 
79679 82156 
57508 45745 
46537 17024 
2291 39960 
63529 31229 
40380 36870 
28035 25503 
30292 92701 
52102 36755 
39520 83497 
93745 6703 
74004 19536 
94795 24375 
55378 64822 
54242 50823 
5822 40377 
9849 88414 
20777 83101 
22788 14173 
58314 78179 
60164 56932 
50597 82320 
48478 61389 
47680 7562 
27473 48714 
36778 40931 
68244 52933 
41182 33953 
32115 85115 
92169 7811 
37479 53238 
84527 84897 
70696 44619 
71713 75580 
24042 59921 
30242 20170 
68887 73031 
24504 10424 
75416 79421 
33044 92336 
71631 87179 
55225 82548 
93783 99478 
3222 14396 
18026 35014 
98483 66425 
78779 33839 
34050 16158 
73146 6 
34554 4951 
22701 39566 
44246 95975 
14068 62727 
58 56677 
67917 32357 
1495 99499 
92369 57503 
72075 70237 
61267 50260 
18037 82068 
20362 87034 
29228 55121 
65201 41169 
34361 36400 
53332 82869 
18226 42932 
10429 74503 
31997 92203 
65037 24629 
79416 58271 
99845 2441 
41439 19365 
38754 55864 
9826 43385 
98495 21127 
36196 91349 
21107 59439 
67234 5724 
69352 7212 
29009 90442 
10972 80341 
43783 82542 
39658 30139 
11232 61499 
80713 8789 
62634 41688 
7613 65562 
1399 45813 
52004 61547 
76198 62727 
24159 60272 
93995 51769 
73519 24330 
69451 67524 
9640 24049 
24442 43902 
72754 43183 
96849 94445 
90092 48802 
91318 57017 
79230 77739 
6348 35302 
62939 80408 
1825 67002 
41366 54235 
29077 79194 
26849 93633 
31518 74976 
84266 81179 
38133 32375 
35529 45519 
14321 86414 
80706 15567 
5056 8299 
60208 7646 
3826 91896 
32568 92526 
7478 6971 
70595 2636 
71917 81102 
84997 56285 
66456 27758 
69056 95311 
35709 46715 
20548 55364 
17031 84792 
37790 13884 
28835 59861 
5582 89861 
40494 19105 
83762 1570 
58087 23730 
86180 23744 
11908 26640 
91166 24024 
11435 37010 
55842 23 
41377 46284 
16177 82978 
8432 23797 
42230 21706 
12587 77048 
83758 11480 
9021 11589 
85238 86416 
47140 18550 
71292 51119 
21767 64039 
3626 87573 
48184 53935 
88801 36634 
77522 78 
72512 20022 
1868 19372 
90519 38283 
59544 56071 
58971 53003 
40125 29272 
77587 37385 
6079 72632 
88011 58350 
93311 51362 
76625 35403 
26428 12745 
36195 6813 
86205 50763 
3968 21975 
96514 42830 
75166 70390 
55891 47210 
50302 52270 
24957 33400 
12350 93564 
95040 54547 
45497 9077 
5688 60938 
1099 21333 
49099 96649 
88377 50000 
98099 17643 
17539 96917 
20911 18908 
51208 65157 
759 60690 
26385 67055 
61280 39419 
93664 95780 
9705 57631 
82997 57748 
48992 9008 
46037 89092 
77322 9587 
43938 8372 
88813 74256 
46457 89868 
12838 58876 
83299 77032 
80977 62630 
41887 94058 
90438 12703 
37055 55051 
40680 33899 
87662 14867 
56011 39566 
22722 53494 
71094 66940 
5331 36686 
48566 20016 
6583 49598 
18422 76104 
83573 57259 
77301 58402 
15736 6024 
62505 76262 
31954 43479 
20372 87253 
17244 801 
21493 40681 
22283 51207 
36357 20941 
11644 30859 
74107 20872 
77339 84496 
4436 40243 
13086 77048 
27997 22544 
91738 94623 
34306 14472 
13359 43525 
87714 56806 
94691 44305 
11846 92795 
52083 9403 
818 10772 
89437 87504 
71542 21391 
40319 55554 
85632 6681 
29104 40198 
11690 68086 
9873 54453 
69148 43699 
13766 42524 
93404 61102 
85552 35958 
88630 41535 
18467 37669 
89424 73569 
2640 66916 
35391 30003 
86972 17906 
73756 10429 
16869 7477 
44295 53683 
51011 13168 
68149 79389 
79129 32021 
57472 85820 
59784 22547 
86441 52544 
72207 27581 
15781 70586 
29495 14108 
42763 50326 
31807 7646 
56527 37875 
47670 43413 
14643 4413 
99111 4250 
20947 59737 
92038 66144 
77012 81242 
77167 26225 
99989 42623 
48733 45206 
48126 72757 
88350 96513 
71887 74561 
39584 77722 
13430 86052 
55169 6427 
10062 71410 
93255 92285 
18369 88525 
51686 49753 
64850 91336 
20013 91883 
46169 90206 
97818 24585 
47586 11645 
74872 42861 
21596 69885 
93770 15778 
70549 87121 
18892 35340 
6720 76689 
16891 95911 
21293 33996 
13396 65455 
79687 63737 
28190 7659 
74867 8710 
6864 14822 
12524 35535 
60800 15455 
72456 75590 
99279 27621 
88987 15726 
87650 39333 
19944 82590 
93682 10676 
28473 66857 
90594 8850 
84923 89237 
69710 6937 
7004 18789 
78298 99970 
95660 15923 
38877 17742 
91306 87396 
25105 42806 
70544 8671 
66361 74258 
26995 90203 
28191 13108 
31513 38543 
69073 83489 
46888 90580 
5234 45383 
79996 79798 
24766 99238 
90447 27158 
79898 30552 
38876 35967 
51944 93421 
50387 10098 
27373 86016 
88985 7967 
45351 28116 
87444 90841 
77248 11039 
53657 23415 
76799 53744 
79338 37002 
95978 65320 
9847 71255 
96091 83767 
94929 69035 
96216 33669 
29339 10863 
91824 21301 
9598 40307 
45271 64650 
78543 49763 
96819 38022 
2854 67237 
69953 96103 
30422 9090 
47955 30773 
4192 41119 
80089 5429 
67035 20939 
35171 6246 
78219 78291 
57949 47521 
76243 26758 
99393 69144 
65049 90274 
85874 68246 
71060 70901 
64170 14195 
17006 80533 
9347 6354 
85196 8500 
10761 47434 
97628 99493 
57800 21716 
23290 71790 
31456 87120 
34002 14456 
70390 12775 
69342 64023 
20898 19694 
38439 76055 
99043 11104 
81888 75127 
90151 11157 
40510 87889 
86009 65959 
29400 38229 
13304 99272 
95449 10980 
38194 56718 
44450 71198 
41366 16966 
59952 59690 
45557 96105 
143 72349 
43211 22337 
51379 70735 
15806 12067 
37339 64439 
58353 35644 
31368 51956 
22681 21229 
96175 6100 
71305 8677 
79898 42450 
90086 31782 
30409 14854 
42292 76903 
50794 40751 
59327 38721 
8097 70846 
54084 69759 
24701 82651 
11730 99307 
27121 95434 
59718 79512 
544 75346 
43902 1661 
99076 23784 
40861 14050 
91480 19511 
17896 64352 
80050 15600 
11599 84005 
16371 75975 
33558 29910 
51789 73141 
27402 99610 
2783 58613 
95310 40113 
81781 60657 
84040 77655 
42528 60109 
70634 5965 
15767 44388 
16208 83953 
65772 42231 
62532 10255 
81194 97269 
30636 61710 
24713 47244 
43223 5571 
5129 37473 
33437 21162 
2859 12127 
21340 95670 
75146 94946 
36468 90905 
90905 92204 
39893 13108 
96705 25060 
52467 56281 
95243 25861 
27270 30986 
25537 13542 
13732 35226 
70100 96961 
48537 71743 
78548 41796 
74101 66967 
89336 76619 
29293 853 
51767 6782 
79014 13951 
98919 50969 
49374 18341 
98838 14582 
13407 2411 
16072 66557 
28630 85991 
48591 91789 
62206 51948 
66131 50018 
52084 53149 
65182 83870 
43203 69522 
73116 83658 
6706 69003 
79355 34637 
97055 8245 
45040 43597 
27084 94239 
44294 65968 
44188 16373 
19959 32105 
72254 49955 
94629 1919 
43367 26863 
63789 60776 
80950 66726 
12072 6365 
11700 62924 
35904 66175 
77549 21719 
26227 28321 
90835 59913 
63530 64606 
25970 76737 
4069 74066 
69126 29000 
90945 77640 
53790 55086 
6623 50227 
94521 12963 
94508 85032 
93850 20162 
16347 46952 
37951 9536 
79531 86690 
15614 43639 
63748 55326 
91971 62665 
12 80316 
43547 76159 
6726 38149 
14439 47094 
67229 86370 
84765 58399 
41188 98243 
51973 96653 
38239 76992 
13255 35430 
46423 13409 
2971 51640 
268 90532 
82887 62228 
93767 32181 
4956 25703 
92032 38317 
66524 13260 
72079 49518 
56005 17587 
27983 35302 
43469 34004 
8522 6580 
5030 18162 
16517 11249 
82523 97324 
88186 83710 
70689 88105 
88142 84063 
92928 52561 
1065 80793 
73665 6637 
74629 1941 
40441 80258 
69889 4099 
92112 16697 
5168 85959 
50830 90389 
37346 3777 
75008 16955 
10527 29747 
48030 26995 
16193 31128 
73194 76040 
51251 37901 
99253 67109 
30791 9798 
72853 69388 
10901 9742 
64290 26869 
3553 40036 
41217 64091 
20351 106 
71294 12704 
64848 80154 
19234 2141 
4170 13763 
66293 80483 
89856 74332 
20996 57459 
65087 15139 
8710 90524 
90907 20909 
24669 67105 
47570 59961 
10147 71343 
18796 295 
64696 62044 
46523 80474 
38706 30049 
51623 6653 
60047 47882 
52130 80871 
36104 72257 
74637 52483 
38277 10939 
46843 24573 
19859 19425 
79626 40262 
40149 50069 
95548 20000 
67802 36500 
37365 20258 
14599 59600 
94913 36478 
7186 7759 
21617 78689 
38810 13807 
72941 6921 
55657 23746 
88236 25333 
23146 28281 
54737 98921 
86351 67183 
37859 74762 
85727 98606 
35505 60898 
14386 10762 
15714 40322 
6406 41732 
26804 74945 
27010 64686 
27062 84998 
94904 90420 
67051 73009 
4677 36874 
71789 98321 
32888 16169 
12323 98047 
5305 93704 
26650 93437 
74737 81000 
48438 16802 
8999 34191 
28703 43494 
16777 43501 
90353 15833 
45488 15487 
38425 1484 
69741 69508 
59893 37450 
51550 92600 
86051 72675 
94228 22831 
57814 37185 
30692 60217 
29621 33778 
83916 36397 
71229 69438 
12344 9524 
78284 17992 
6308 89217 
82403 32953 
32842 37908 
59345 10064 
35760 39555 
69944 32750 
85449 74447 
32594 20503 
38573 89700 
18390 40156 
11706 9057 
80414 33092 
94909 82720 
77220 57586 
31350 38206 
27196 44843 
67286 56600 
35304 19697 
33086 65071 
66575 42521 
50436 6151 
1801 87580 
73467 17043 
99996 84896 
62277 28074 
9520 17600 
56151 68453 
15128 84848 
60772 49577 
81775 11550 
88804 81428 
57653 10476 
96442 65940 
28725 79755 
39907 2756 
74924 49347 
35284 37401 
64238 73748 
42742 79650 
35031 5025 
11886 20772 
59279 70188 
18814 82308 
49767 20024 
97478 36173 
72848 12636 
17977 46161 
55038 44325 
92702 94255 
26472 42839 
97538 71689 
27198 93592 
79858 34334 
13279 78171 
87589 44704 
38862 66234 
94396 48802 
57661 16855 
14847 64990 
82676 13455 
416 94216 
66550 77616 
82260 96190 
16593 81424 
79947 14452 
38307 5408 
26645 74825 
9143 69713 
70763 26318 
20261 99850 
1628 41349 
88234 75145 
12509 43014 
30897 48015 
58146 81115 
21985 15181 
85902 35834 
87711 68209 
19784 88149 
85111 50004 
54761 59491 
6760 96387 
75197 89635 
89382 47422 
45649 91465 
64904 71837 
34909 93972 
81662 59750 
24883 60763 
40771 3785 
24727 50329 
38049 6795 
57677 66478 
75453 25550 
13053 32561 
7628 84091 
59188 11538 
18948 67895 
94352 85389 
84363 40528 
72223 2044 
53371 8217 
76049 95736 
10625 94511 
31385 87569 
8938 77213 
41109 77099 
40890 82790 
98414 42836 
13751 29661 
83576 79866 
19113 61108 
78486 16133 
43392 10960 
39334 65445 
48294 794 
52250 94891 
61341 76071 
59354 7117 
55755 50456 
83352 63780 
66238 42494 
97688 5493 
82640 56906 
86220 55743 
87004 83929 
11489 31460 
51161 64466 
63880 21344 
91832 96251 
95309 34529 
88089 36777 
50557 66817 
2072 92455 
96950 79443 
8031 70279 
18835 36224 
27014 8196 
87121 98967 
84980 93480 
36141 38091 
60595 24571 
80190 75732 
65682 71164 
80315 41929 
6043 39791 
28268 91024 
3307 57677 
49035 95022 
19469 46370 
35912 3420 
14969 68436 
22862 34881 
88429 95480 
67702 45153 
91582 63790 
66667 97739 
86465 55114 
45966 49094 
13595 64389 
79212 48498 
69652 93687 
60903 44253 
51094 42190 
25647 82501 
6147 45735 
40395 82676 
51813 56244 
12686 74531 
54779 41329 
51742 85637 
45552 27407 
91233 75421 
33675 5863 
32619 22021 
18519 71112 
96220 81671 
44957 61849 
73487 56767 
36124 32348 
58428 28456 
46503 89360 
98758 32291 
17729 91976 
48041 81422 
86813 26762 
18946 70754 
91868 38538 
34725 27660 
43971 18376 
51099 10084 
85462 24685 
73973 91239 
34737 40714 
29753 11627 
25543 52372 
54491 23707 
84778 63919 
55698 2335 
56993 55963 
66396 44930 
76051 30063 
54794 39364 
4825 77380 
74985 34676 
12355 54937 
44131 9984 
34516 52439 
9838 325 
69076 84969 
27774 4690 
88905 52517 
4030 71102 
18124 65922 
69376 26401 
5183 50686 
43210 94214 
44092 5003 
13920 23641 
40476 6459 
9312 33296 
92648 33025 
55845 60590 
59545 88282 
28677 94543 
17175 98271 
75837 61895 
63119 77921 
59327 30925 
14673 48687 
93547 95142 
60373 25879 
77181 99881 
66941 84057 
8489 78861 
14071 51986 
45967 74865 
28057 84790 
26403 28972 
11880 10297 
80593 36156 
24168 48973 
93331 81548 
42388 62452 
38749 91309 
56599 94315 
84688 54804 
79322 28624 
508 644 
24317 6635 
21578 38182 
2499 10199 
20678 8155 
6743 41526 
11629 21437 
9005 3339 
63688 3241 
72940 10846 
36616 1606 
93148 47558 
55760 63644 
8190 10661 
34128 30763 
98666 78448 
14137 54983 
73976 72299 
45553 92432 
71731 78714 
38143 87277 
42385 43142 
27639 19564 
68256 46634 
71819 53846 
70944 28798 
49908 91965 
94016 26109 
72917 2988 
8908 53304 
25176 76061 
81110 67424 
48020 17804 
51021 18987 
45448 94893 
29263 12871 
38534 4589 
79747 72634 
20467 41239 
65505 26373 
67346 15152 
62015 9603 
41157 71741 
725 11250 
80883 53477 
91463 72527 
15249 44936 
86617 85263 
46365 42100 
92224 26237 
47348 91088 
1550 7081 
89000 48608 
25248 15560 
60698 26691 
18856 73315 
78890 97630 
63189 37618 
82923 51557 
36066 30248 
2421 18736 
24872 85281 
43006 91365 
68604 69418 
77896 5613 
85339 43407 
51762 73564 
36457 1177 
173 86919 
2521 44511 
63093 49525 
97335 25379 
24088 34204 
26519 15509 
38260 832 
4835 43336 
21407 57288 
82528 72165 
60468 92593 
95130 80178 
71099 62489 
43420 42900 
72005 61678 
30694 11757 
67671 74085 
32988 28585 
31220 52761 
54580 15247 
57341 44410 
25888 29971 
11591 40059 
33767 87566 
36826 2965 
35270 99393 
90156 97670 
95086 765 
74483 19944 
4135 98386 
97577 6384 
82259 88535 
38600 84560 
41419 67857 
27082 9863 
87537 82959 
42577 23558 
68830 42455 
24585 58095 
36482 45651 
41782 10317 
69445 65771 
7215 988 
29391 62434 
41828 39921 
54088 88024 
82540 20013 
67879 95689 
3060 70594 
86505 52855 
65747 10782 
20144 13509 
50996 56889 
33345 4884 
17044 54446 
3428 39817 
27498 25024 
29975 74667 
46542 40812 
87181 94570 
42444 65750 
78128 22687 
58900 31065 
45454 18204 
10651 45147 
16416 49031 
34976 72984 
12030 99445 
83828 58737 
29713 384 
72772 6549 
16816 50649 
12324 79304 
88425 30984 
34919 22819 
6998 99785 
96422 73809 
33671 99179 
74983 63988 
81495 93226 
11971 89799 
49378 6232 
39853 77491 
92202 28468 
20089 36690 
87313 8998 
70462 62061 
90566 60940 
95734 12324 
36069 63133 
48137 68633 
22986 54016 
34888 50184 
50015 78466 
58817 43968 
3567 66405 
25124 87657 
79231 93177 
72410 29910 
17736 96026 
89329 80747 
66440 98415 
59569 56142 
35249 24534 
37339 15613 
1955 70006 
93131 89356 
36079 31622 
85258 92330 
52653 88891 
6506 26712 
77730 73245 
27225 81271 
5997 56926 
6264 46475 
57473 42914 
69392 77484 
95118 39690 
61194 53741 
48026 60182 
60882 3466 
95973 92950 
15103 84110 
10194 55482 
81491 35730 
12595 54401 
95615 53230 
10983 45451 
70901 55538 
91450 7351 
16236 65077 
705 17870 
9167 49205 
30920 47968 
93958 16879 
27591 70380 
83249 8360 
76922 12735 
29653 63565 
93422 72096 
99343 5555 
20681 47768 
23542 29626 
78699 42277 
25794 45616 
39680 26617 
22988 81300 
90868 65177 
76342 18113 
47783 48204 
24885 96939 
14110 85224 
68468 1360 
45573 71532 
79910 98478 
64219 51675 
16622 93325 
86899 68812 
70905 31882 
77074 6871 
45071 69831 
2657 3644 
62647 9459 
84236 37253 
30156 95460 
47822 65888 
45278 51945 
54167 31255 
6716 37534 
62739 19882 
18658 93230 
2598 13247 
98441 58569 
64698 47625 
89914 35637 
563 47629 
56920 87592 
10804 93587 
81437 68632 
33610 32256 
19159 95717 
98152 42769 
71599 88851 
90700 25307 
18322 26358 
92340 88672 
15466 84355 
86320 74748 
7471 55484 
309 72791 
17753 70982 
44325 44533 
81059 82296 
28554 2305 
55304 93696 
97009 56678 
3958 75724 
92700 77573 
71349 30826 
77945 93353 
82769 27128 
69470 86103 
88818 64082 
12086 28126 
39196 84597 
7060 44611 
14959 2236 
31659 80510 
70240 69242 
34927 95837 
34551 71364 
71363 12944 
4978 98859 
39020 91731 
13946 9540 
21381 14355 
92701 69371 
93461 19667 
63239 28866 
41728 39431 
82169 69424 
64688 53324 
28799 32736 
66454 97770 
76750 28537 
29087 34872 
13460 1216 
51204 12008 
75211 24191 
70116 20096 
46603 82444 
42663 89110 
32925 98256 
45954 43117 
51427 52925 
73400 73921 
3260 58131 
43664 82331 
81652 34623 
10622 79159 
43916 63012 
60914 34221 
24926 81741 
12355 10953 
97971 20647 
81252 26672 
95207 75062 
69571 34099 
84415 45000 
33960 28443 
61382 86771 
37770 46153 
57917 50193 
54502 36417 
84385 3624 
86545 54504 
22610 81127 
86570 47291 
60083 21363 
20628 75585 
9651 6166 
91771 45331 
90200 48271 
50948 335 
53317 22284 
57932 62839 
28531 80753 
19211 95083 
25414 48055 
22076 94973 
74733 38839 
4512 31965 
12754 4883 
49063 75560 
12937 74485 
65505 68035 
47473 11863 
31910 45539 
17455 90590 
96643 17208 
24953 44659 
4824 70680 
72861 33586 
1993 84166 
69109 33791 
84943 90220 
80679 47524 
15164 54375 
29819 2733 
83815 3044 
49987 2518 
18841 59354 
22243 71188 
54621 23077 
94159 35461 
42449 61335 
42821 73955 
66168 60496 
81045 65887 
41474 26449 
21697 70767 
19652 10430 
8831 74881 
86936 80596 
96333 47491 
49228 55776 
4863 59920 
18545 67113 
16105 34086 
72381 15765 
69687 3539 
40049 50406 
12606 89697 
81128 96938 
13574 18711 
60291 34673 
95460 30296 
90062 28153 
57801 58838 
8493 91861 
58386 99242 
82250 86274 
97950 5228 
77280 17996 
5297 6156 
19012 44185 
51484 69973 
71954 62035 
31176 84509 
4578 97760 
36884 77088 
69552 96368 
17527 43306 
21662 53431 
56588 9836 
16178 23123 
27130 13253 
78944 83015 
81015 37097 
16148 35403 
7901 12815 
36497 77401 
55943 56693 
91448 77603 
40593 84529 
161 55781 
80485 18555 
15028 73952 
90124 76990 
884 12031 
27948 15616 
46448 19405 
45284 72883 
50 4909 
6842 55329 
23385 52043 
56601 88453 
86796 23684 
84284 49695 
87523 51109 
7112 94814 
58356 85868 
19088 86691 
48342 29826 
75830 36477 
99421 48660 
76784 71001 
13319 17144 
78641 47493 
1554 40769 
23856 46917 
38050 47537 
96432 90598 
88664 46233 
23434 41326 
74827 3016 
25187 69756 
39548 96901 
79738 89657 
23165 76478 
7827 91483 
23541 55191 
3517 32683 
10806 50541 
32567 75356 
90257 93786 
95752 97071 
58721 11011 
7541 39072 
79463 3900 
71902 97571 
8604 39101 
46475 8486 
42093 88749 
73942 23726 
16400 51571 
25162 27978 
88407 23883 
42467 99008 
40365 82909 
93510 71566 
4334 91002 
46128 25260 
77180 28694 
52933 80155 
1984 16911 
90664 50333 
24632 94298 
33838 75292 
95381 74244 
54793 21818 
74382 18052 
32989 24839 
17392 25610 
25232 14762 
63333 63018 
95499 60953 
18908 17780 
28110 46244 
37108 96518 
51230 75742 
16261 57588 
79038 14724 
4167 1551 
40350 45019 
77907 26150 
99107 27041 
84064 89238 
87835 55519 
66393 13074 
69069 953 
78371 6446 
11653 35985 
76614 77279 
18981 56107 
17778 57717 
74423 17503 
36385 66074 
75561 31347 
63885 85659 
13299 73488 
60335 49138 
14543 91220 
69208 78925 
7846 14700 
73150 49038 
90269 9599 
23904 1924 
70679 39686 
43161 74925 
39812 43300 
42742 65418 
70628 66048 
92323 91053 
83874 33583 
70822 82123 
23190 92904 
73567 76758 
71740 98434 
11581 76475 
8044 69955 
31563 59540 
42539 3514 
5565 42686 
98383 73543 
87907 27886 
90 24666 
13525 70245 
11837 15082 
16737 55475 
23596 39873 
82317 80995 
17751 32261 
1804 93412 
61442 13553 
97141 46921 
60580 38410 
91007 12120 
80380 61090 
48633 82813 
84165 30413 
89417 99540 
67347 6483 
68319 32916 
66673 80564 
56794 47276 
6202 71006 
10949 95724 
937 62759 
617 81327 
76625 55770 
87232 56064 
79988 88403 
80647 19043 
47464 6084 
75476 18587 
72533 52439 
66035 58956 
61789 70496 
65669 61835 
98145 14876 
10988 35105 
35908 92404 
14486 57008 
36929 68211 
40014 92526 
19629 97139 
14774 20565 
33439 66144 
58759 65520 
90017 62404 
7993 94830 
79599 13957 
31447 65356 
75923 84951 
93166 75699 
86400 45971 
90953 9040 
35545 81406 
10820 31634 
79147 40453 
72503 45802 
34289 86110 
5455 83052 
75997 47374 
87040 62930 
95195 33891 
95055 36260 
34585 29406 
75249 77596 
19188 40634 
1143 91087 
76480 41544 
8280 46318 
97436 19553 
17909 66335 
24245 99754 
26160 48692 
63057 96061 
23923 12207 
10868 14028 
29930 27046 
54461 9108 
64946 3833 
46331 86238 
68515 88636 
87586 11900 
61360 35061 
51071 98185 
86337 2052 
59283 9876 
18723 56630 
91119 40229 
22695 44447 
29137 98837 
44974 27871 
74659 55893 
78926 81254 
51971 91123 
2804 76093 
94792 2831 
94359 85012 
58304 42717 
50700 82767 
28263 55542 
97079 24957 
5036 19176 
51180 40674 
24913 243 
20520 84005 
43611 63283 
49749 51142 
47628 97269 
1899 84777 
77944 52295 
53064 55521 
47547 11394 
3506 31309 
9352 57691 
59856 20026 
84297 35481 
22871 98072 
90780 45315 
23091 18108 
26017 57830 
82814 22965 
37570 78780 
46919 79468 
88941 48627 
17409 85899 
67047 14056 
46898 99878 
1302 65883 
94855 79632 
64182 98111 
27028 30938 
1326 6246 
43298 4480 
95609 9495 
52100 93904 
4077 51094 
70589 43560 
19239 3778 
18884 86746 
96924 83274 
94023 186 
61772 51703 
54657 78559 
48392 74907 
21049 4083 
61328 82975 
96610 10474 
40163 71620 
46988 18035 
97507 73550 
30625 47212 
56995 23625 
60757 1627 
56112 39335 
92955 48423 
94318 39008 
74630 13709 
814 24176 
63311 53934 
68287 59639 
19036 60230 
49023 95032 
2883 2078 
38040 85083 
68422 19081 
74227 82225 
15801 25213 
74933 94909 
89198 98583 
82075 27650 
37555 91589 
38531 44781 
25762 11266 
32454 28847 
78894 87701 
44095 36727 
65641 69581 
4838 91815 
78706 60264 
31356 88973 
49757 35177 
29168 30465 
44418 61959 
69321 55734 
18823 78395 
29537 75598 
83404 70079 
56895 72359 
11901 29607 
52931 81305 
53941 72230 
4066 26205 
58130 29056 
80305 41675 
89209 38210 
3437 78647 
27635 6819 
42258 55698 
72868 22225 
26855 88605 
32642 49555 
86562 3264 
69713 64568 
6916 12981 
94806 35655 
69826 20140 
39933 86916 
88094 84401 
19776 45460 
70549 84816 
90481 362 
57285 91643 
45007 78161 
45826 55122 
42080 70358 
88506 13150 
51833 32049 
78992 17482 
15374 7669 
61532 79019 
57821 29727 
90442 36727 
64736 79517 
39226 61847 
30425 94956 
8913 19334 
13265 60026 
13336 21834 
87943 12741 
25488 27989 
67468 64121 
53521 56535 
78804 29334 
77580 10366 
15151 34030 
19365 30642 
55198 73761 
35176 30016 
35043 72514 
20161 86191 
82065 7537 
86593 12247 
71648 41966 
32212 58594 
47452 34201 
46023 42889 
53866 73543 
8426 48869 
65262 25309 
30119 82848 
60877 55434 
39973 27469 
86408 44533 
75906 86312 
63816 94446 
54755 70108 
59390 76499 
97261 35532 
96751 70007 
62471 50958 
6298 92008 
2251 30039 
35473 24766 
81034 43616 
5279 6285 
18570 93211 
87637 60895 
4108 5236 
95461 11886 
99365 84062 
22729 36269 
94528 44207 
45365 92914 
6697 27163 
95422 79628 
13370 96777 
50815 52184 
94912 98564 
40796 68892 
19446 63009 
53359 7962 
41188 30626 
44963 41755 
98966 77453 
95220 41946 
95522 23641 
19604 32695 
10161 14942 
51799 5103 
47417 77143 
33929 55558 
52611 56884 
7726 13020 
31548 78785 
82586 75834 
96054 68453 
67502 87400 
19658 13686 
93030 41783 
28444 62064 
16720 25352 
70959 82136 
858 68546 
8010 47524 
74902 3106 
38303 38538 
46647 94380 
29097 94249 
5956 45802 
52378 89500 
72785 53157 
36548 55941 
77274 19988 
31215 13942 
23839 32272 
48391 33109 
83482 30470 
87252 93131 
78943 10097 
71599 73831 
75859 28158 
29229 63517 
69753 92124 
20687 38145 
63451 60538 
81178 30276 
62464 89934 
73916 76462 
76870 21424 
65781 4438 
7414 12138 
26864 97381 
10830 81626 
24349 51494 
84784 61425 
28132 25314 
86395 7160 
70694 64382 
99916 56863 
6950 73304 
98993 96672 
1162 98729 
6766 25585 
27453 81411 
43184 94682 
8089 33244 
62994 33015 
29383 96089 
30208 62317 
68948 43160 
45226 45760 
39994 90915 
39336 12152 
8449 99608 
77991 46317 
66919 54076 
69017 38814 
55858 32809 
54845 43732 
6759 92998 
78869 1985 
44813 21995 
55219 49354 
29180 31517 
38499 43444 
27878 99918 
85471 11826 
21255 99968 
24183 44785 
3123 84872 
97704 30445 
1841 43593 
29429 57460 
74990 78089 
64813 91042 
40749 99663 
80413 61782 
96698 89423 
15326 93523 
42459 18686 
72333 36530 
66475 79194 
56522 65196 
79171 30116 
67675 45796 
74858 29094 
39350 79045 
82938 77929 
22419 74713 
25352 80045 
43673 21079 
31651 76479 
31197 70713 
75687 99894 
87342 75900 
88645 62010 
7414 71940 
71963 68837 
87622 24634 
80695 40218 
39352 29476 
72933 95470 
28483 74351 
24154 55255 
88280 55010 
86694 1347 
12269 63145 
34013 30569 
19566 50590 
67053 36942 
99269 9975 
75642 56961 
82828 2109 
41835 16907 
63698 3444 
43974 28261 
82128 43148 
70394 87507 
19604 48632 
79914 50006 
2222 20839 
52593 64138 
95221 16134 
58710 71510 
81891 20366 
36523 1805 
59280 62444 
10082 16724 
50366 29762 
97227 86455 
27800 15822 
54857 14268 
67854 51637 
83685 60057 
4855 46788 
67874 52037 
36192 93466 
56339 17326 
35869 67378 
1940 6749 
70643 93104 
62413 36960 
76912 28310 
32586 23862 
48834 61138 
21298 35312 
8544 8197 
8395 48211 
77882 46741 
17273 55355 
47713 13948 
16678 30782 
45689 58658 
21809 28861 
36217 36491 
99235 62009 
47451 97957 
92751 74657 
9250 30978 
78008 6975 
3375 84209 
22614 20873 
72553 15583 
75351 42916 
8636 81708 
33281 64051 
41675 8068 
38709 24419 
81577 57400 
39348 3027 
21868 44223 
4462 26700 
1173 27135 
27411 10456 
32129 47354 
60700 42357 
49781 71907 
23521 29881 
1900 42924 
93698 31980 
2177 30705 
46114 11248 
93955 37528 
27848 54026 
26906 1625 
66649 22726 
31972 6303 
93827 24332 
90964 7879 
