98362 74262 
46797 59497 
92205 9570 
18216 36303 
52206 24501 
10996 32022 
9837 21766 
38235 12542 
63559 70868 
26318 55754 
42787 61660 
61080 58712 
7151 95210 
65457 36263 
24625 58415 
67475 87335 
34695 51559 
56614 66857 
43488 63882 
93847 16257 
16596 21235 
36086 73531 
32323 62033 
59281 5076 
33180 32949 
16093 75790 
66663 34204 
43847 1397 
37707 85784 
46361 7494 
4688 30549 
9320 53548 
38423 37970 
72978 66849 
29351 23089 
78301 71390 
71941 49308 
23037 89705 
77316 40749 
12760 41882 
65195 90166 
68582 65290 
64494 11782 
58014 31014 
8235 54922 
48373 38514 
42927 63949 
43157 28779 
85147 42743 
50983 68003 
48795 57875 
53954 18798 
35335 93599 
87747 33988 
26302 53941 
19226 79254 
42460 92395 
9079 15189 
37221 38131 
76722 46773 
73274 79119 
42662 78853 
90848 57200 
9512 99889 
13639 27888 
57044 53059 
54141 38574 
68913 43736 
73980 82791 
79141 75453 
26809 95356 
24945 2610 
61445 63415 
19169 37549 
91109 41845 
10370 52032 
41035 77941 
81518 68721 
71123 69938 
49286 46971 
32971 6712 
65091 29052 
61285 61828 
86326 27846 
18566 44156 
81612 5161 
8908 39373 
57465 10962 
51858 11945 
45423 28158 
60498 75533 
68439 95019 
99283 81308 
13297 57860 
6599 18262 
71814 40326 
54647 67356 
77760 2421 
84951 2252 
58709 2374 
1654 83334 
42461 67500 
26719 48911 
6181 26394 
21278 67681 
33089 54128 
55560 79977 
46303 34556 
66218 21783 
22358 49393 
74295 95139 
47942 62435 
49726 21327 
72581 79099 
98946 89086 
27252 26395 
21049 89128 
24342 16534 
24913 8341 
27902 28527 
24780 42326 
84780 66489 
35051 73294 
37050 30779 
66349 51850 
94007 68665 
84411 15820 
28084 54932 
30957 77036 
73175 89615 
21412 7865 
46140 90040 
28186 63280 
82700 97356 
30217 81393 
77416 13999 
59567 15630 
44169 37793 
4064 65098 
68293 60864 
31375 86208 
4439 57100 
84328 88247 
85295 90575 
59905 38332 
45439 39191 
25084 27071 
31872 42710 
41500 75261 
68212 52428 
67921 94073 
63058 80933 
84598 46426 
4680 24704 
36785 95656 
63993 59747 
26067 69047 
35676 91039 
87616 8461 
83333 70220 
79080 28035 
18745 82836 
72538 49797 
37572 46307 
84812 42057 
54233 52936 
3374 42564 
27278 38413 
65216 8659 
43177 55603 
24246 53 
31267 85849 
99140 66342 
15513 25594 
28034 81018 
69727 44796 
69064 36477 
32124 25449 
76450 90408 
52308 53449 
50706 32950 
89232 55131 
8496 26143 
52203 40954 
42777 52426 
78656 43180 
47080 97347 
72215 11795 
59140 83131 
82455 63496 
38538 64395 
93845 62273 
30646 95031 
5462 46912 
84847 76197 
25410 10701 
88907 99307 
74237 81682 
53279 5090 
90206 47973 
29281 90012 
55942 22035 
73273 4733 
20725 40141 
75317 5805 
75662 48939 
55281 41399 
49958 39638 
91943 74649 
35690 52192 
91363 74051 
15785 86791 
19661 29363 
65274 28019 
22289 83596 
19473 8270 
26999 6920 
54369 11276 
80918 76703 
4298 44094 
3505 69390 
49889 86427 
46618 14582 
45307 59864 
40536 9397 
17974 46436 
70490 42105 
66230 25835 
72111 28006 
810 93687 
56172 17672 
24567 69489 
73101 97912 
21485 2111 
5972 69203 
30862 33235 
37005 49834 
15425 84628 
67111 26646 
93171 93888 
80593 44990 
91911 35067 
37835 6407 
2754 25559 
47681 21565 
54195 38686 
18157 48066 
1998 12599 
9287 28041 
31731 70455 
15004 28796 
586 44242 
82456 81290 
3039 25216 
36534 5859 
30931 47581 
15004 12327 
12714 48886 
35373 62577 
58893 40525 
8451 87592 
11101 64824 
85561 58165 
90787 11366 
76416 18685 
70142 14519 
2957 6822 
42699 56613 
60724 98407 
53918 56718 
43873 36456 
63138 33719 
52503 26025 
47409 94166 
41698 2463 
25024 10347 
90537 9649 
71966 22064 
66291 56911 
28030 16820 
34133 58586 
41031 17412 
15894 98556 
77305 33388 
32770 3605 
34610 13367 
76332 54061 
29580 68957 
39802 7959 
96023 27752 
7282 65809 
22683 12920 
42469 57090 
79434 39868 
40352 86706 
29472 66734 
5498 39882 
1687 34740 
98756 7373 
2201 86871 
50539 59370 
76965 58946 
73340 66087 
98344 95802 
18719 35790 
37777 57158 
14726 16907 
3881 42642 
88573 89852 
70794 83550 
26345 56329 
95064 20095 
46618 19142 
21061 7199 
68117 33900 
4693 69356 
32831 5535 
43076 55635 
5548 97152 
83891 29588 
8305 16505 
2275 65664 
64012 46263 
75420 13630 
17346 88234 
55428 35620 
72974 98839 
39537 16573 
41273 3405 
63461 98176 
9933 90186 
98409 88845 
66185 1564 
15220 57860 
78841 59485 
90112 30443 
11976 84950 
65701 62412 
82762 97256 
48212 87951 
94838 7687 
17247 2132 
75552 54491 
47964 60998 
20543 61210 
97240 56346 
2303 38853 
85122 49774 
30756 93838 
10801 31141 
63334 48341 
78403 265 
49637 27369 
72003 57509 
61487 17795 
11593 28842 
3027 58597 
42131 44034 
17502 78640 
56328 32832 
7445 58636 
28493 3269 
63216 57263 
41560 18733 
51192 7943 
22291 95940 
47381 62408 
60727 4697 
14818 29932 
79091 62120 
13844 36982 
32638 78929 
3203 11067 
70378 33513 
36859 74657 
57088 20638 
86550 20331 
59740 45990 
23308 26674 
31225 15192 
72519 65951 
82169 96506 
16580 49218 
17681 20094 
56795 52277 
30023 13565 
61888 66772 
80481 63454 
24345 24710 
74138 35344 
17781 51839 
29747 81560 
98624 15556 
73626 14631 
23617 46403 
41212 27221 
61011 28707 
52867 94726 
57770 75554 
41564 5501 
87726 26042 
49201 25423 
46327 28633 
75630 18496 
76495 3426 
59855 13236 
7045 8312 
96415 25785 
60247 69210 
41608 24998 
38336 72983 
44019 52214 
30078 63115 
41707 88971 
88044 22868 
4440 99623 
14774 78401 
63559 62621 
61776 5206 
64281 44194 
89147 75193 
95716 61184 
55555 38949 
2379 26028 
8450 97873 
57646 66168 
22564 84327 
84372 62610 
91137 34422 
40843 57943 
8745 7682 
51209 42796 
97241 80598 
48758 41539 
17010 16963 
17638 82970 
74615 96848 
64081 59809 
84847 68279 
21668 51994 
70336 70839 
96895 13094 
85066 68885 
91033 96618 
29498 23503 
92207 29524 
84475 27004 
17670 23965 
28692 21484 
371 55102 
20219 23871 
56229 22749 
16420 83876 
38934 57715 
78589 8392 
87617 29856 
57716 96149 
99400 64201 
86021 39805 
13621 73938 
5236 69147 
77444 74622 
47095 28738 
73589 52652 
44089 6049 
30082 22883 
89261 52051 
99218 25187 
82665 65191 
88319 77830 
99088 41854 
48438 26729 
86734 31628 
78780 3983 
59779 74093 
84427 36485 
79076 35341 
32857 26023 
24734 7090 
90763 55928 
51916 78962 
86874 66195 
86917 45435 
38728 78888 
64415 62925 
1784 48754 
28794 29617 
47783 60137 
22496 20921 
55926 90598 
62614 76775 
5234 14109 
63269 3557 
89349 22231 
95788 22982 
36091 392 
91310 73102 
3218 8195 
81142 42432 
39152 77630 
39075 97210 
42821 61112 
36801 43926 
30312 32492 
48701 54525 
17691 68473 
45478 70055 
59126 15321 
97469 90036 
37362 76323 
67927 49463 
89636 39134 
14187 83094 
66269 98975 
30323 77582 
61473 23586 
58770 15967 
26307 48893 
70354 26232 
72257 90561 
62268 55827 
578 5893 
51756 7476 
47311 43013 
49616 88072 
16820 69794 
82095 42113 
87693 83718 
92376 63847 
14053 65666 
93532 8219 
12578 55549 
63725 49686 
20948 95808 
71351 70102 
36994 9943 
92965 92140 
99436 57605 
40018 13079 
50936 35183 
41813 35299 
32069 71402 
41521 34461 
90856 1148 
49742 54084 
56663 87529 
65775 66134 
19575 2152 
20640 91216 
76719 66627 
17849 29127 
55603 4540 
48039 10735 
1148 52413 
31774 45567 
17900 30655 
1204 5977 
91821 81021 
65715 58390 
77083 35840 
19321 24883 
22447 96059 
38254 34228 
29111 60091 
86072 547 
77302 63536 
90564 49835 
32437 61029 
81844 99877 
43324 5776 
84228 87459 
74674 59804 
35854 28272 
74093 98482 
69477 89549 
59766 56600 
25444 53207 
29200 79 
83615 48181 
31686 97350 
94815 34597 
17533 7479 
64380 29597 
75689 98335 
90471 74861 
97993 57405 
88030 59255 
63119 60278 
35629 26550 
16149 17429 
66899 17762 
30791 28592 
90867 20441 
80355 35839 
66202 23103 
10971 81422 
73275 1995 
5841 44506 
24849 99544 
52958 52106 
31375 89049 
80292 33862 
90035 58595 
2295 17718 
98071 88652 
29443 44157 
370 42439 
28610 10313 
68901 35931 
86179 42112 
77315 5203 
18124 32529 
77852 42870 
91688 77123 
9697 32470 
71816 84182 
68006 69900 
82161 36157 
41051 24419 
75285 31487 
79283 58187 
39556 41470 
94578 92988 
31306 75565 
543 85512 
9955 60293 
95461 48442 
71106 1852 
58318 33632 
18013 20640 
75326 75745 
85372 17068 
39436 80012 
31029 52346 
68596 26126 
41009 5386 
69800 51814 
51144 97518 
35515 74222 
74658 60427 
96598 5048 
39183 59499 
71606 16197 
78998 74744 
46196 16759 
98672 84514 
88319 9228 
22842 93411 
54990 3149 
73513 95128 
74649 77735 
71038 63379 
95477 1526 
37873 19654 
74483 36769 
95208 35229 
44817 78967 
81768 86660 
39435 7921 
91318 98961 
68138 55582 
20878 78702 
41946 28172 
45112 60466 
13872 55285 
84101 64442 
58411 77047 
11415 90318 
43360 21940 
57365 53277 
57094 72485 
98330 1523 
42016 63793 
87207 41624 
50598 10800 
72336 37881 
84306 14070 
72645 45006 
97663 51137 
25307 79577 
49798 20631 
98850 35067 
64050 69802 
69465 97661 
12569 2574 
91137 25677 
77276 34864 
51290 14057 
51215 36687 
92787 77251 
34972 76419 
389 48726 
51748 61618 
95229 13420 
51622 52902 
54355 60640 
620 12676 
74075 69217 
53461 38840 
25619 14201 
90176 25141 
9542 14891 
56278 84445 
1321 27748 
83760 68974 
94774 24510 
85907 22416 
92203 85786 
12779 2825 
60569 83482 
26169 22369 
71557 21583 
2961 60220 
70039 54143 
4017 18264 
70225 1782 
52084 5828 
61715 43542 
46671 59223 
18682 69653 
6453 24686 
44603 42578 
70488 59145 
52203 28641 
8361 32287 
73726 30615 
86351 45481 
20149 72836 
11835 18409 
59647 64723 
31324 32596 
65366 96025 
88907 62583 
90506 97691 
61354 70064 
64728 35943 
73682 84092 
70070 93939 
64782 41337 
46833 35384 
16478 14377 
328 37479 
81421 13127 
27872 26804 
45287 4769 
62136 51068 
36974 60939 
31676 72051 
56846 7403 
72430 70685 
27558 21109 
84977 13873 
84552 92235 
21525 44477 
14095 44759 
3873 20845 
15518 88034 
19010 50318 
11339 54052 
12535 32340 
54013 60245 
1765 51114 
81301 26139 
60157 35202 
53571 63613 
82603 32002 
65849 55185 
27173 28761 
65010 32470 
43061 88581 
18226 67873 
36752 59811 
72652 96545 
98855 60309 
18277 92770 
12586 34215 
15993 35231 
91510 28223 
81134 8941 
48996 36767 
19097 8158 
84685 21102 
94133 24219 
84357 15954 
74975 24991 
68709 99234 
41720 58501 
93866 15249 
57211 42330 
1837 9905 
3124 32473 
42674 57594 
56118 610 
41753 33777 
32548 87154 
65380 14700 
61667 38882 
45823 66272 
56657 84646 
62929 17803 
40467 50376 
43625 3118 
49124 65476 
32898 91532 
79066 66731 
10259 24188 
66990 62939 
74217 17510 
90821 83787 
93973 94780 
58622 99807 
32313 59344 
8625 66818 
76589 28474 
78018 17817 
75717 5636 
10740 98115 
70283 80708 
65237 15314 
20129 12657 
52008 54792 
79199 67214 
77707 93448 
40970 53330 
97704 29721 
79438 26453 
82191 36312 
40433 4158 
82301 33470 
95924 70194 
42162 75413 
60043 26731 
40403 40149 
79669 91370 
60368 13862 
54756 25471 
82124 65049 
13947 23360 
61337 10683 
69589 88235 
10169 86968 
2898 69832 
23599 50622 
84826 41433 
886 53100 
21080 49289 
96389 49853 
20790 76288 
96555 29403 
27470 23460 
60586 72969 
18210 27892 
81179 84312 
72449 3675 
18671 61649 
35199 13687 
37045 18708 
51275 54366 
23457 391 
26847 63019 
4313 80013 
82558 37834 
80361 69702 
98466 94402 
90912 23323 
15263 69418 
82978 62138 
48473 22134 
4993 7451 
92749 77222 
66739 61579 
41958 98907 
7216 38785 
27352 85514 
90392 11139 
80932 26048 
5134 841 
64052 65969 
80100 20088 
62272 88034 
36937 32409 
36713 25872 
95901 85191 
39389 92924 
16820 42180 
45427 27431 
5308 26845 
28629 25341 
39254 72739 
8469 57343 
73801 65406 
26417 43652 
64401 51828 
67391 90751 
6995 88105 
28170 77988 
31965 93754 
48758 18730 
4235 81927 
64988 10733 
75729 38847 
11045 33445 
8391 32865 
99138 46140 
36044 43847 
30212 90127 
61610 16914 
44351 692 
92542 61117 
2479 89996 
1806 33225 
1947 70877 
64338 69572 
67804 53279 
59637 54783 
28797 59992 
49979 45211 
82584 76467 
40746 97019 
78148 70627 
4414 84149 
95104 92944 
3023 29729 
79319 94476 
75244 16034 
2236 81129 
63668 82711 
47282 56103 
45530 70741 
90914 89285 
95797 20494 
38159 92316 
55403 86235 
92889 71107 
99383 86556 
91623 73772 
99764 70492 
6298 51270 
56279 42420 
26250 483 
24328 55374 
62541 65034 
4093 52025 
78813 27824 
67274 5334 
42002 41088 
88689 86752 
3546 4728 
18780 68866 
67108 21732 
80069 51502 
72390 30666 
95697 85560 
26266 39582 
61402 57219 
42241 63086 
53630 86683 
7172 94898 
25976 90238 
80202 31929 
83697 52156 
43023 2700 
41829 53869 
62881 42883 
66223 11824 
135 3812 
68828 82576 
90714 75990 
78644 3910 
60493 58955 
37959 54180 
83368 11275 
79880 28549 
77748 70059 
27597 50441 
47205 38011 
18443 59276 
10165 97906 
96524 41432 
30850 29287 
36548 383 
59049 70266 
58449 94093 
9857 88491 
67496 3009 
66168 99655 
7814 30343 
66505 99379 
48580 77880 
48671 54856 
31629 85153 
55733 36338 
96806 67566 
75038 55355 
67129 39971 
73219 16521 
19662 66159 
10559 82815 
89986 31881 
66646 453 
58229 99267 
85872 28741 
42876 63889 
56142 72788 
84883 2197 
67066 22477 
39136 66735 
54922 59828 
2856 59233 
30870 8666 
1300 87612 
6152 65465 
19936 91896 
73443 68324 
19265 6185 
77044 32169 
93541 9074 
6274 2662 
37861 3303 
76196 58677 
69471 56911 
17722 23802 
8580 32797 
85200 31020 
61570 31357 
3694 21516 
65248 71739 
20527 48521 
44583 41247 
95988 151 
8387 49581 
66709 51416 
57471 34832 
41821 4854 
8039 81537 
46832 81728 
39438 27616 
13039 81255 
59826 56609 
21350 34045 
45959 94424 
48541 37748 
53994 55657 
31250 77832 
17045 13564 
58437 4499 
42231 99888 
26568 57926 
95033 75994 
43428 8336 
11995 55163 
46279 4854 
14164 97367 
7959 7651 
3144 42512 
40581 11604 
9200 95862 
70634 56460 
26621 30249 
51576 58508 
15362 23680 
423 91757 
69959 8071 
93376 92859 
56848 65098 
32170 63312 
99374 68538 
97645 94917 
46197 38970 
39918 50044 
93214 46327 
15590 86935 
41760 68577 
71574 32108 
66529 90638 
92420 66848 
35556 6696 
73416 12852 
71520 71159 
55288 73276 
68765 28800 
57973 9765 
83643 42967 
80733 13459 
97128 32267 
93781 58570 
8130 20766 
32630 10788 
53530 4485 
20536 99601 
66688 37846 
86678 53563 
80012 47762 
18163 40596 
49152 90149 
82425 51610 
26496 73913 
83309 15054 
39840 90854 
68860 32415 
38476 6417 
91785 80303 
53401 85842 
34579 33400 
80950 53051 
50458 24401 
39894 5453 
38541 71998 
70851 36871 
67126 76032 
43888 52922 
82436 142 
15243 98437 
91882 36516 
27331 54872 
90671 74843 
77563 7187 
8482 78094 
90959 24278 
89002 1463 
19142 44824 
79234 77618 
54020 11262 
97812 31352 
88313 48633 
71930 79785 
77061 42147 
81068 20469 
54329 27600 
22323 9059 
37561 72117 
16955 80643 
8391 89231 
10677 74425 
93162 1918 
81219 80099 
79034 39967 
55905 36108 
92272 33954 
59222 74907 
34135 47069 
55799 28405 
16803 68196 
27734 77983 
66820 74888 
26878 57763 
66811 63270 
72465 97282 
87527 33382 
22373 20254 
21796 13138 
32375 99833 
69493 1798 
31849 7573 
38443 14750 
86748 83245 
19932 15393 
90999 95719 
69555 27052 
26073 61335 
74165 28084 
55106 35476 
13948 46756 
72729 95514 
34976 88930 
14710 88862 
32079 51257 
42499 28565 
4452 95324 
56974 80657 
87165 84071 
62926 2472 
80570 10795 
1279 59175 
96565 83218 
89525 66917 
15814 60301 
62563 85412 
3183 77909 
85873 10104 
60063 40913 
20908 94704 
1668 3942 
58579 68545 
35037 10774 
907 42 
79166 13199 
63171 97445 
12551 44230 
89314 31194 
55398 77632 
21890 8328 
93853 66018 
44496 28748 
31823 13125 
19430 5552 
12311 2398 
76206 37251 
84660 73624 
67622 78341 
6702 12134 
99191 66551 
61520 90937 
55093 29987 
37389 85201 
89146 15513 
66434 60571 
22899 50850 
42633 22114 
94538 77223 
43025 99026 
32162 66813 
57319 31769 
82808 69843 
90596 22907 
14722 19815 
41351 10685 
24470 62238 
72903 25267 
22809 62114 
89990 91543 
43623 88535 
4376 49565 
18776 70918 
23396 73905 
88395 70734 
23548 86621 
70876 15021 
77644 75011 
99819 93535 
88466 44973 
46128 30095 
44471 63537 
82683 493 
53849 70013 
16267 84260 
32029 64212 
6844 5678 
14754 12305 
17811 40595 
43906 46178 
92537 39937 
26511 70465 
32236 48213 
98677 32996 
58189 75942 
35713 59001 
77308 18548 
37261 97163 
34256 1136 
82000 76501 
25556 68495 
90333 27065 
71595 32719 
55424 74556 
90919 37046 
3076 79227 
97892 93839 
19144 52817 
49585 7049 
39522 53766 
655 95093 
32236 30570 
86020 88751 
13757 55936 
40293 90512 
32362 70216 
80224 46750 
20255 31652 
21799 2146 
63078 53065 
77213 77005 
60601 89885 
78539 32400 
55543 32805 
4757 65535 
88876 49819 
46682 8270 
99395 17070 
30371 85465 
22966 75660 
33768 26596 
62559 52465 
73595 14039 
94054 86993 
9949 94501 
44745 13469 
14566 76252 
31580 57565 
75395 84132 
74422 20581 
64897 46750 
5908 40397 
82403 45863 
84014 38116 
91891 66610 
75991 82113 
15715 49084 
23085 27038 
12089 56682 
