88089 23149 
48824 68582 
32304 40789 
85909 47905 
18087 69703 
99238 40405 
42257 45679 
34805 27860 
54304 57726 
20337 59988 
37062 17756 
86397 62252 
38794 25736 
16435 84809 
39514 98818 
2028 93968 
3251 11966 
24978 25593 
14899 79715 
61451 91077 
25421 93954 
5022 50839 
32390 21021 
35251 47721 
4176 52879 
16352 23239 
15611 1776 
96530 23344 
502 25566 
92737 37125 
42129 71711 
87870 1895 
16692 32026 
37856 51087 
76649 7328 
84593 77651 
10983 91425 
97393 34910 
47665 97239 
20330 99295 
69914 64388 
85838 74956 
2345 7150 
65918 28895 
85678 84513 
71481 7149 
99413 99877 
77638 97422 
10721 66987 
48150 71688 
24779 10792 
55813 63447 
86858 7206 
47171 8636 
39712 4083 
79775 6659 
71174 7276 
68095 38529 
96287 60221 
10225 12847 
5977 93295 
31698 97135 
79902 70029 
74995 31978 
5060 11302 
83758 18519 
63610 35733 
79231 16020 
53548 14781 
3146 85533 
84041 4397 
6013 68152 
43589 81624 
92729 91902 
73681 84127 
98422 59993 
93155 23424 
56613 85008 
9264 18435 
39083 98494 
20224 75005 
92224 83552 
61058 19151 
68180 49143 
69602 77069 
50774 89208 
52789 83284 
5976 47102 
14653 89862 
44586 36414 
66994 44208 
70845 52949 
81208 733 
4834 49456 
55549 32572 
8833 34626 
65904 13493 
18183 959 
40146 47329 
75768 82271 
46240 32455 
95867 90957 
12481 62264 
37924 87547 
4596 79053 
53697 90654 
68927 18416 
82265 44130 
13490 3918 
6548 20034 
39444 77790 
52285 50975 
54339 82314 
5800 53454 
95501 38742 
50448 25019 
66986 5827 
73282 72366 
46781 38431 
73256 54957 
52263 8176 
10221 9301 
61413 92728 
69958 52720 
74850 88067 
84709 52257 
69526 48973 
40903 84310 
38700 16952 
26209 3644 
34863 51972 
16581 86635 
32295 44610 
80616 12906 
4244 48622 
83331 1959 
65996 40414 
4382 26976 
69622 81555 
46764 86644 
48758 33200 
1229 27701 
2518 47194 
48893 75796 
76469 37609 
29962 50377 
45585 18610 
80007 10467 
29183 79801 
36896 2530 
71074 58565 
51281 59057 
99509 60436 
91414 27089 
40967 73151 
19160 89546 
99433 17803 
28170 79098 
28543 81383 
77516 74209 
17814 78993 
24462 10088 
86139 1174 
58604 33443 
25854 12007 
66270 79272 
68874 77051 
8826 50356 
52771 16686 
81502 35687 
49106 23 
30323 12754 
78972 17361 
43940 40433 
81376 94978 
4410 64163 
18972 45104 
76409 23147 
2620 76016 
37865 70537 
91332 22476 
6697 91847 
77404 95087 
98097 34286 
97880 88664 
54723 40301 
22945 34344 
28198 12258 
59481 27895 
54474 22047 
73696 17594 
57900 19332 
80625 89016 
39241 85206 
70249 41231 
51454 24248 
40087 9136 
43643 87242 
82331 50056 
58446 69321 
29947 79216 
985 33794 
646 8360 
58562 70681 
90203 14498 
39438 10728 
57346 41676 
16318 80672 
11279 17665 
5574 3551 
59876 49569 
86778 19065 
1666 47628 
68767 23322 
47983 14881 
38265 4704 
42971 31814 
84973 83207 
8626 59803 
83094 44251 
79645 84866 
23410 94812 
8582 24163 
32321 59647 
15648 21633 
84646 78443 
29488 66343 
15552 60949 
15320 77341 
63616 6420 
15108 12184 
31802 96172 
30721 72845 
36087 23610 
65564 2296 
22437 34775 
2710 87841 
72078 14282 
38328 13149 
82203 66443 
8026 29931 
4754 9469 
40707 52344 
49367 21798 
49635 12447 
8314 53941 
23621 53444 
40978 46673 
12612 78894 
63383 76946 
11404 20770 
24270 86612 
32823 36936 
13426 35862 
27431 99539 
40216 63203 
50668 89790 
40700 26893 
300 71743 
20254 48922 
47157 77939 
15257 81954 
60363 3158 
62203 72094 
84586 69030 
95518 95882 
61359 91870 
56368 8642 
99062 58878 
83932 53117 
86914 93713 
77880 42238 
17171 71440 
66230 47997 
26676 25011 
86252 99517 
94028 70661 
87799 17795 
31853 68004 
98190 91980 
94989 22091 
45688 32654 
84915 29365 
24675 21245 
68286 67142 
99753 11551 
43230 27185 
88309 29258 
80853 97897 
31475 58432 
41398 6820 
61972 136 
14608 45350 
3950 37659 
62041 10996 
94777 45259 
45453 18970 
1570 32917 
9833 54561 
16363 28267 
52264 60482 
52920 58704 
48516 79262 
35517 11590 
28128 99751 
65396 18567 
85680 88959 
74167 31164 
91106 25664 
25062 29205 
15064 90651 
2739 30964 
16772 9899 
40266 54590 
51158 91708 
67906 13997 
39803 46471 
32530 19249 
15847 28706 
28743 91402 
96888 94948 
3219 94835 
61895 28243 
42298 36288 
8211 40222 
29521 79145 
42999 25140 
64605 73953 
19781 6733 
68241 11706 
65216 88412 
58142 65138 
53881 90033 
70934 95089 
79489 30393 
21761 63926 
39884 93576 
38883 16081 
76 99421 
84096 56968 
22718 83638 
71441 85849 
58616 81458 
26475 15638 
71237 240 
86265 43257 
28624 61044 
26340 17779 
33768 86979 
14932 90459 
80155 16974 
37201 20681 
13098 27650 
2476 54907 
49422 53090 
46133 91918 
58159 2554 
64356 96938 
33133 89578 
74836 29700 
94696 2379 
79357 7047 
42291 65151 
15265 29371 
42165 62542 
21960 62017 
75256 25532 
15862 77693 
89129 5898 
62682 34026 
94804 98600 
59388 81567 
24431 6680 
89907 71884 
18968 81610 
98380 62818 
46394 13592 
31724 98532 
60421 90867 
39250 75695 
97322 94915 
81289 93948 
74158 49249 
91032 28723 
95568 93544 
54217 57604 
98261 11970 
19810 17542 
62425 4822 
31535 69609 
97498 55968 
74819 388 
66122 15084 
66702 94674 
44519 83321 
77254 72839 
30178 63781 
60206 98057 
98433 14058 
87801 23483 
78379 17098 
30272 67609 
65515 68792 
93889 77134 
13655 65926 
33177 61076 
51806 66524 
82700 57246 
53110 86112 
11700 22785 
42394 88048 
90937 24167 
66479 23853 
75216 38869 
67117 80309 
47379 70865 
90275 94134 
39959 25160 
37463 2146 
49218 82773 
14886 5104 
82951 66896 
64439 36770 
38224 93392 
66901 46267 
88138 54378 
92164 21400 
67720 92293 
33918 3404 
88226 83728 
6958 69428 
76411 67159 
4101 88083 
30744 16874 
6692 85510 
10063 86503 
17766 94676 
21850 19918 
40163 98979 
57062 54713 
53235 22763 
26392 24010 
51257 65957 
88854 96056 
94252 27809 
27738 77889 
87674 15574 
21296 49276 
51210 88010 
75895 86213 
58976 40666 
37928 79448 
33450 203 
77435 52831 
53713 58362 
41170 38704 
94922 42717 
5733 73135 
50417 90933 
22486 32488 
443 68072 
35043 44623 
82208 42303 
67503 72975 
84840 13407 
26923 89831 
39780 70615 
37119 26293 
2233 41520 
22525 10761 
22550 82235 
90606 85190 
87726 50438 
19270 18947 
72711 97590 
41726 23791 
78778 14371 
35411 10309 
51977 64226 
63884 16081 
68500 43972 
91018 78925 
45769 17482 
85317 24750 
88177 78776 
58886 88865 
4613 14171 
40347 92051 
41243 49711 
63887 48230 
57525 89648 
67713 89308 
35999 74581 
34279 54536 
57132 13671 
71994 6710 
89341 74398 
33498 5580 
41306 45434 
89136 90034 
98742 23463 
25928 94935 
21075 13166 
22105 55944 
4775 71083 
55192 36206 
29575 68694 
37682 42493 
91439 97822 
38450 85195 
91805 92341 
40406 76489 
96540 94157 
5243 54115 
99959 48579 
64695 64335 
29410 74456 
34391 36990 
4096 17796 
51143 38024 
18217 64147 
67453 90381 
52909 54590 
98027 12891 
34141 22984 
2276 38583 
44371 47976 
4029 38783 
64676 92284 
95143 97436 
71007 83889 
43185 51291 
33319 79046 
25039 35878 
69575 35378 
38093 54671 
87928 14827 
98539 19394 
9909 30888 
22374 93100 
4994 52267 
98854 4497 
82693 76011 
8419 91914 
82111 87163 
7535 78377 
70936 29098 
1430 75459 
15892 18978 
52351 62868 
14906 56132 
25770 93206 
87617 87664 
59865 26865 
5296 15238 
54641 10754 
3860 49716 
16219 76332 
64385 46238 
59105 47385 
64367 81314 
64646 16054 
99953 65621 
17459 66790 
54461 21480 
93212 2256 
41732 92337 
50989 52618 
84217 93102 
91330 30240 
95136 54796 
77107 25489 
21700 64755 
78532 26179 
72058 54467 
95895 83104 
92508 41175 
34034 37208 
83484 86460 
51070 70099 
42899 95303 
80607 38954 
3698 42496 
31385 9288 
88764 79769 
1262 4643 
40840 46637 
3480 50919 
97707 80722 
92269 4923 
73578 99182 
92199 21603 
76515 1889 
81029 32555 
38677 29116 
49395 79541 
61252 91759 
62308 71094 
79206 80494 
77223 7708 
32279 51769 
31356 51719 
88171 83163 
96960 1607 
1435 88405 
17422 67341 
7320 83206 
79346 33264 
43667 97088 
46176 38132 
65909 33496 
77469 98081 
70362 90746 
84567 47620 
69167 69755 
28219 76205 
66644 10960 
46616 93485 
71246 22517 
13309 65038 
39922 84579 
63680 22198 
92422 40360 
95894 64541 
51920 13681 
47676 41648 
65291 24826 
73797 21967 
31498 11795 
809 30894 
19756 2409 
15357 67664 
90485 24246 
50298 91177 
41543 83987 
68914 98591 
89826 95535 
11625 7346 
64035 87118 
61953 91181 
28286 71634 
8825 13827 
78167 21564 
30917 50203 
50988 50096 
5325 84283 
70167 63446 
47701 25251 
44 15855 
23851 89095 
21901 68423 
33855 51514 
54551 25622 
58926 89821 
33583 99277 
78498 96449 
32210 28761 
10459 64760 
53620 68301 
967 19023 
49843 37539 
91955 84766 
25365 19878 
24216 73136 
65064 84630 
91856 83456 
85525 3640 
49973 11894 
46375 30779 
91524 90942 
74011 13607 
51686 74350 
43952 10506 
68392 25248 
39981 93682 
26256 61361 
58391 28746 
37792 60527 
53842 34901 
70581 32212 
29666 46312 
11972 16235 
59992 14836 
73934 78632 
93579 17069 
79829 36407 
30045 54519 
42175 57849 
77964 64726 
35860 53156 
1323 93307 
94824 91326 
35902 12106 
11861 53551 
10368 7055 
1008 60824 
38228 823 
89873 94020 
56252 19994 
45295 58413 
72580 64219 
99909 31392 
53440 85719 
39434 72097 
21267 41482 
30962 64753 
58973 37648 
21013 13674 
15216 45814 
8818 7229 
83747 34379 
5057 20485 
86261 24557 
19191 31852 
22634 50300 
79574 87680 
65053 74148 
79681 60646 
63237 86872 
61066 12653 
96836 97818 
89099 91066 
58015 4955 
51031 58280 
72377 18900 
7642 78945 
69572 3579 
59453 66605 
96294 87657 
46458 22080 
23850 95547 
86312 79609 
40064 44508 
70104 13593 
31017 55263 
77123 48706 
51972 27552 
40419 59225 
58789 39167 
93521 39610 
21259 37271 
55319 77685 
67975 4182 
64901 64208 
18748 96309 
61048 28201 
44997 74549 
12142 96076 
61201 67217 
41370 34425 
91155 32454 
59419 51297 
71684 16056 
12256 98811 
53400 32825 
75123 41197 
33192 34740 
75543 26624 
6386 67699 
7904 28657 
57815 60019 
10115 3716 
20563 30547 
8856 44636 
18698 51994 
4094 97205 
76071 55944 
55850 46543 
17070 20044 
56572 73204 
7218 34976 
21045 25109 
81597 9065 
2400 50734 
87282 31786 
47580 91379 
22341 83904 
38540 35971 
88427 51626 
26468 490 
86567 74894 
55506 5959 
76489 35832 
89707 93860 
88691 72356 
2398 35928 
25387 84090 
60626 66426 
11610 82982 
39061 89371 
60943 29400 
27476 90583 
1700 85975 
53866 15008 
68871 16118 
31285 53464 
4726 51845 
50644 19776 
26686 56478 
83999 89183 
14954 11745 
33278 12003 
44322 65967 
57906 12708 
34714 90244 
41478 33883 
23209 2963 
12386 86988 
66676 39422 
16244 27410 
68575 63015 
48970 79975 
86127 37180 
98543 2908 
14749 3156 
10760 93191 
65491 37659 
89705 4291 
48221 96645 
67189 68474 
48363 86650 
27069 90199 
38227 43523 
50167 4539 
95340 39898 
53374 75153 
9624 87382 
32609 40006 
48889 47175 
83429 99865 
17827 13724 
65373 84530 
89533 90028 
96569 24842 
10561 30314 
13609 4669 
80619 86085 
8414 66432 
86212 54909 
58556 96136 
23932 97807 
442 19450 
83516 60761 
55779 99083 
73421 8582 
10907 35511 
62386 55276 
65883 38034 
79294 54051 
15592 51242 
60608 92225 
98701 93137 
59773 21554 
51943 85476 
36195 42897 
36986 34354 
22736 55588 
65070 49598 
30160 76588 
30613 75241 
84554 32168 
79157 40167 
9464 25808 
77316 27948 
58351 89979 
22776 7964 
74915 36598 
30964 66099 
8979 31217 
61631 22601 
43782 29366 
3402 27165 
96961 29999 
17247 76830 
41883 20598 
50865 11000 
58671 11243 
75121 99704 
64922 80872 
60989 56152 
95015 87897 
10837 72712 
93834 29536 
81425 619 
65880 69421 
87685 68053 
73905 91459 
56077 58662 
12619 79404 
4279 53159 
92433 66236 
59981 70338 
55834 45204 
95696 30641 
14701 85244 
48837 5382 
40718 47518 
16653 7770 
63012 56932 
64213 28081 
27239 42743 
60242 14651 
48575 25746 
60431 54779 
47407 96054 
90726 15226 
90984 95071 
44160 60663 
76913 88063 
93927 80246 
85072 89576 
42717 17454 
93390 82957 
73702 16347 
99899 57379 
42116 68659 
18566 71015 
48052 70384 
19639 37382 
60844 74018 
66580 23380 
23345 53150 
61138 42199 
50424 79785 
45716 21985 
50195 51632 
27895 32064 
38737 96485 
85834 52527 
89504 23932 
85251 80084 
57155 90793 
88749 73370 
42176 96011 
66532 54263 
17475 23170 
23836 98270 
21028 4372 
44930 66663 
29683 87890 
16118 55824 
68413 53850 
30868 65101 
76561 37117 
99111 13516 
48063 84634 
79633 67773 
86147 95659 
29681 79266 
64675 67656 
19031 66196 
68077 98034 
87190 18359 
89750 72505 
31834 46853 
4804 4511 
4186 48656 
97214 76996 
52786 6941 
13734 77741 
912 1977 
37308 12532 
64927 64605 
21272 26640 
20889 64531 
2300 64405 
5008 89049 
14812 49144 
89858 34312 
62506 71183 
12762 922 
63671 30502 
45316 58317 
76141 92300 
83789 18360 
24992 78716 
8943 37508 
1532 38023 
10828 49080 
75639 3803 
99166 12393 
65188 80909 
23187 53918 
36073 72492 
6131 67111 
64250 92905 
59072 32196 
77258 95010 
76353 14934 
6843 77228 
30620 4313 
26585 25593 
79302 53045 
18840 89172 
66358 91951 
13852 83370 
53193 99513 
70548 64975 
40894 21284 
23293 25247 
52255 50339 
1843 2886 
26571 99581 
42693 27449 
42726 19465 
49265 65579 
26878 40596 
25588 57341 
19855 49639 
3583 98056 
76360 39132 
7579 42188 
43178 7027 
51354 80168 
16814 20174 
42768 66480 
12314 97464 
78989 57902 
84518 12978 
51324 54470 
30573 67231 
42835 22583 
68272 25508 
94217 19565 
28620 76247 
33803 32113 
23009 19610 
16115 87207 
45475 56576 
90040 93405 
48744 12321 
22467 22887 
89103 94127 
36179 50140 
69629 53688 
81785 21937 
23875 96452 
52662 44997 
72875 56506 
69151 42731 
57142 34515 
3674 50490 
92313 78355 
91951 89946 
22219 71342 
77187 87559 
46345 81324 
63854 79509 
80011 15424 
15631 76045 
65079 19825 
18065 41895 
86577 61781 
40722 86204 
66377 31872 
75844 45389 
98872 8562 
945 85390 
65616 34228 
11338 45971 
15952 62084 
95215 99048 
28899 46810 
78703 95459 
77898 68194 
51233 30165 
4508 96727 
92570 64549 
69726 32841 
62055 6312 
92339 77365 
77842 62394 
2549 19766 
9379 48421 
36105 62894 
29856 59368 
69255 38174 
27077 80441 
48062 3589 
50912 44642 
96975 58301 
83482 24003 
1026 52362 
54195 75230 
43594 17761 
85948 47247 
47448 97890 
51100 98129 
10575 6552 
36192 61942 
50311 4731 
62979 52208 
69373 43629 
89948 88050 
35614 85822 
23321 81476 
23682 82924 
99430 29863 
1211 57745 
61384 16373 
54806 11707 
42137 32856 
41770 54151 
83298 4730 
22398 29170 
64504 15411 
74615 97738 
91642 99031 
17846 18149 
93918 94530 
76220 56174 
9530 31618 
92567 47837 
97618 49694 
64121 32340 
204 34486 
8474 70420 
91988 94002 
84004 64314 
98157 85306 
82887 99490 
30767 46734 
86749 35451 
92804 86309 
25138 83151 
25681 26476 
5179 19977 
30712 7685 
87165 9697 
78025 8944 
65292 14478 
27403 52126 
75323 8754 
24698 18661 
91738 30669 
4759 22162 
95713 35779 
27219 48611 
92305 49845 
95023 96924 
30268 52807 
57230 27020 
31178 64391 
77432 49977 
65879 43328 
57004 75404 
25743 56760 
38482 64868 
23819 24204 
78477 27023 
26698 91287 
71856 30024 
61728 42489 
29317 99886 
66232 19252 
59011 19639 
45432 70072 
79545 43432 
84047 22565 
96463 92199 
12855 34008 
7228 3055 
65983 46473 
60762 63280 
77300 45447 
86748 71585 
55007 96681 
27195 34257 
42344 15043 
48181 21889 
19346 1266 
83210 83569 
25639 67727 
61287 39712 
87515 62792 
2602 52185 
13864 94750 
22626 917 
85010 50998 
71446 79896 
96102 5877 
49332 62252 
32436 11467 
81827 74093 
47910 69620 
8038 59793 
89832 90656 
34354 17659 
63338 54411 
32486 34194 
56960 2674 
15486 47619 
57179 8593 
8330 26898 
64319 88217 
40688 61185 
84693 42134 
28643 16433 
14658 41024 
79430 30850 
51093 97937 
48658 88952 
59745 2273 
3034 35151 
8046 25654 
93237 62139 
22164 48283 
21409 36759 
59455 95884 
95612 6639 
96905 21929 
99661 64531 
23795 17649 
70880 34141 
92506 83153 
70618 81157 
25256 47040 
52801 46255 
96519 78964 
84269 43057 
10975 99916 
47389 63332 
75070 58316 
60139 84159 
16609 6560 
81827 77362 
41265 82257 
33620 80196 
27519 71170 
52212 98086 
52218 4740 
12266 75173 
7837 24083 
98653 86471 
19466 24480 
83068 76637 
94665 79620 
61234 94686 
42531 33259 
36732 51392 
79694 37440 
95356 56721 
404 11057 
99971 78302 
25492 90302 
49980 98779 
60702 43411 
91818 39815 
88729 26119 
37275 63597 
91284 61386 
44999 58866 
47611 37187 
47204 67833 
84068 29546 
58353 12773 
55786 74505 
85546 36644 
25837 32330 
71335 80796 
69984 10043 
38877 84623 
75781 34198 
76610 6977 
23656 94878 
95034 37208 
34558 13971 
11755 84908 
43891 26073 
72557 11723 
14622 98722 
96086 96079 
33855 60184 
37649 2186 
46595 47632 
3617 58429 
68037 36313 
12150 37017 
81452 61196 
88181 66751 
72556 96561 
1054 3800 
73266 16161 
1720 31591 
87797 16801 
93071 60226 
52307 51596 
71757 48276 
35649 85643 
12767 75374 
23228 56484 
29072 52724 
38600 94499 
27783 70450 
48135 34223 
1595 45656 
62956 26618 
39652 53141 
99281 44424 
15534 91877 
83461 57999 
11736 64724 
91167 47409 
69744 26239 
91570 8063 
12794 84054 
26809 1782 
74369 22950 
94647 2979 
79693 57596 
17935 90481 
69754 9855 
78353 39535 
27780 49619 
63875 75686 
66663 34337 
29487 62435 
62444 31711 
98927 7990 
73801 12474 
41555 92932 
70354 55741 
42937 40207 
3659 18096 
50318 71668 
93919 79419 
14886 21215 
72712 93378 
71593 3620 
17471 38587 
94225 70236 
36962 87621 
38578 18049 
18681 85392 
39747 56918 
28866 55844 
60953 81326 
63743 36465 
742 37634 
86645 73842 
53037 25543 
49817 264 
80214 23377 
91998 51348 
3249 80791 
23272 77714 
34917 79640 
57243 49932 
82165 23994 
27218 55279 
21980 83679 
27884 37286 
11407 82197 
56873 34618 
26889 89547 
91639 34533 
40649 53187 
26247 67959 
32585 76280 
9927 38201 
5001 31354 
74692 93329 
14444 79648 
12840 23499 
60038 51665 
66803 88788 
70919 32830 
23621 60540 
16727 89655 
64211 89805 
24580 66441 
3640 151 
23544 80318 
72768 38910 
53359 43264 
33918 10910 
68014 43794 
93643 61772 
36720 28106 
74179 74050 
94971 30736 
31852 88840 
26556 18158 
65478 67868 
63777 25255 
40722 66688 
77562 84241 
67391 98287 
91789 68327 
5825 28199 
96849 98352 
45811 57207 
56316 89559 
96878 15739 
97574 47868 
52340 15283 
52353 60200 
41139 76454 
66336 61837 
61312 80776 
28347 5284 
96808 73834 
79125 99706 
55450 81114 
47255 37813 
29945 84683 
25570 77911 
76183 48804 
45180 2844 
23434 75631 
26260 34702 
79625 18340 
84821 44395 
71493 78348 
52908 58594 
64249 65740 
26034 33042 
38253 7566 
86112 30840 
61257 47361 
60747 17117 
83929 91090 
70493 57316 
3664 19619 
84498 85377 
87077 5904 
51959 90203 
15126 46279 
1879 54048 
16481 39535 
6880 64865 
84504 24926 
88124 16130 
31162 20806 
97919 2306 
17196 89283 
54131 15858 
12036 89118 
16302 52604 
79254 68997 
87168 36203 
53735 96410 
95283 79700 
75290 13547 
64538 12304 
70106 60923 
4574 12954 
26190 11913 
62466 8734 
91901 16927 
60499 15831 
37667 64639 
7465 23468 
60184 29534 
11645 47138 
75640 89932 
42461 6470 
43949 68752 
84780 15173 
89484 70453 
4938 5767 
35495 61909 
780 50198 
49145 72416 
39355 78912 
2043 68596 
95369 45621 
87149 93655 
91128 32728 
97133 47266 
4392 43268 
61510 22291 
54413 79217 
60308 7627 
98434 63154 
80565 12640 
70976 20528 
58593 67980 
76508 3124 
55740 10009 
2407 876 
48304 61628 
53609 58765 
73266 81008 
22948 88300 
60685 61507 
1882 38988 
872 31035 
5194 74152 
39892 17176 
30174 77646 
70443 15558 
95942 3205 
86851 23310 
11743 66608 
2696 76847 
4442 72281 
87489 63828 
94873 60653 
64857 62791 
50329 60268 
28865 810 
56184 29596 
77368 9445 
43491 77445 
31715 2330 
81377 58025 
10649 93936 
93140 46979 
52922 28353 
83198 18038 
37908 89388 
68359 56506 
36430 18839 
91384 65379 
35036 78487 
57385 42666 
16122 53185 
74346 34360 
43595 7339 
97887 96508 
99164 75159 
77366 31958 
37901 86256 
75523 2625 
83346 2450 
87071 56473 
62251 69120 
13020 49942 
86931 64994 
56946 91156 
29267 67944 
97063 77020 
94516 41199 
53652 48171 
95414 84299 
15239 39782 
47442 86218 
8924 63305 
54671 64225 
317 14549 
32250 71417 
86796 66803 
16403 8277 
4123 74277 
45705 79159 
941 80724 
58422 93346 
48277 877 
39909 22069 
41874 18207 
71274 87895 
24057 21522 
76010 80898 
98787 85038 
34751 67246 
38653 81826 
40030 80150 
85796 8909 
92662 60565 
30083 93780 
99318 45585 
7341 46760 
16854 86185 
98034 21345 
3156 12765 
22527 45592 
76523 56902 
22884 91583 
56026 80770 
93159 57143 
53820 61893 
70197 44231 
17050 30217 
25241 31823 
71757 56886 
2916 57587 
4131 49750 
38702 42289 
25457 19235 
48561 13626 
6301 40107 
25121 12056 
32728 49529 
93674 90204 
32787 89932 
78204 49535 
45007 26385 
2774 93275 
52328 42460 
6796 12889 
84670 46060 
84107 66986 
1241 97212 
65178 56094 
99741 3525 
49441 44551 
63763 15857 
60419 31597 
51989 96635 
40168 27792 
53174 26363 
21562 49968 
79462 60052 
17001 8243 
47232 44589 
40383 21923 
99449 60545 
35502 67701 
56420 57454 
18516 33126 
42888 10309 
54734 21115 
28529 36824 
80686 27140 
36255 79958 
51281 89710 
18088 78264 
38843 96943 
71923 17817 
35916 17226 
74169 83785 
16927 10373 
33024 7162 
95176 67179 
25060 32732 
71066 19912 
63828 18042 
5110 64015 
63347 9956 
64947 32194 
1644 35334 
89471 66060 
59896 85407 
85136 37618 
11276 69660 
19604 83157 
60275 64290 
6113 25477 
88028 82817 
78317 76875 
42112 51924 
39784 34972 
20299 84350 
34979 6180 
36916 2443 
29238 17518 
27756 80920 
4125 6471 
44868 45487 
71513 10722 
16127 85096 
84829 14848 
96109 10013 
79142 49427 
14608 15226 
3104 79535 
37028 89375 
15232 64220 
86916 43006 
4614 16311 
45078 16808 
61860 42778 
31989 70419 
69936 99878 
623 45462 
6530 54460 
15367 42647 
49660 3022 
69343 52119 
56481 63528 
97244 28632 
41589 21483 
73702 8747 
15587 81381 
48237 25898 
57289 47414 
57009 91012 
83636 33205 
68860 71299 
50279 79316 
68568 17908 
62734 39429 
53738 64313 
3103 81350 
23455 41635 
80620 37356 
66566 34534 
95568 29907 
15413 31866 
65642 93397 
16830 10005 
1399 10334 
86409 23545 
33161 81261 
54316 68019 
85596 51697 
81339 22364 
68164 26520 
22401 75044 
99728 12487 
41418 87042 
13825 42920 
36168 47407 
97467 55143 
14766 32568 
809 10841 
76339 89369 
17595 72292 
87698 23529 
77061 73293 
15052 90248 
6767 52599 
65242 51677 
22858 49838 
14498 87216 
79298 99104 
54392 16876 
60891 93821 
64427 25421 
36221 37957 
28630 55551 
96126 43323 
49549 72066 
90909 80422 
77202 85811 
45238 41198 
62831 66091 
73498 26052 
67697 63355 
40356 24603 
5724 10101 
11397 19928 
75419 67321 
16896 9416 
41318 36172 
8148 1838 
58085 60217 
20260 19905 
91453 2183 
67887 10300 
79347 91065 
91136 39078 
93794 313 
37690 29322 
9678 35907 
14200 80068 
59889 84342 
65062 90773 
58109 94813 
39958 3970 
231 47396 
92830 70274 
13358 89524 
14507 34505 
7323 6785 
38712 39485 
97851 30887 
76983 44906 
12783 77554 
31827 62693 
63153 50201 
9444 17422 
59489 41420 
3410 50575 
80334 13633 
48983 827 
54786 42698 
53995 9044 
3770 63831 
96804 16313 
95767 67891 
44340 46053 
11914 57893 
84053 87182 
82652 90562 
82349 24259 
53528 95802 
79154 92707 
61267 88135 
3264 72432 
52919 58506 
46424 71560 
60652 62270 
65391 93502 
52672 99749 
90723 25197 
16806 19447 
8624 32130 
97410 60816 
47917 96595 
98587 93407 
48034 89703 
87086 2324 
5915 24722 
76782 16072 
99789 99633 
53335 72200 
66035 137 
2360 68616 
61669 857 
37389 53983 
79483 72117 
84931 69298 
95443 72428 
73078 64607 
18698 82683 
87421 79707 
83374 17085 
3430 95779 
68329 27936 
77978 36077 
56113 6697 
84389 18120 
45619 72081 
5123 37278 
14259 27466 
54162 92186 
84950 64531 
87177 46157 
90834 87782 
71715 55528 
46321 35492 
31950 85854 
26956 76628 
52923 79922 
32526 70402 
27745 37728 
57961 85408 
57914 17912 
24790 88627 
71651 72549 
32250 31112 
8089 82803 
71643 76809 
26183 71586 
10118 43683 
36364 31253 
90774 52238 
20251 19231 
14843 5498 
99132 42599 
68663 56657 
35490 73810 
33284 55849 
3463 14052 
67721 5885 
43965 48208 
88269 98295 
28064 15918 
75733 45639 
88264 56959 
30030 73813 
41511 75965 
57355 88964 
19995 11436 
18946 87598 
46267 87095 
92431 35644 
37701 69783 
96884 2436 
1999 57452 
10899 98999 
90218 73232 
69363 36514 
6721 47105 
59056 90441 
36474 25443 
45848 28584 
39270 60451 
56931 37204 
77768 96509 
10413 58345 
91621 88484 
31557 33614 
3515 58260 
20046 34955 
44586 20053 
35883 51307 
16506 82525 
52869 91550 
65378 66272 
88106 58776 
28674 58965 
53522 48666 
30578 67205 
91186 25642 
43384 14148 
47996 34458 
3017 74972 
17307 12039 
65282 38477 
25168 74600 
16084 32423 
67050 68503 
3691 52637 
7303 89758 
43970 91513 
38048 96755 
60595 70187 
56802 63530 
61386 40520 
62883 46770 
19203 37937 
91441 68745 
21244 34248 
993 50521 
74134 60765 
5385 65001 
3833 46355 
94357 17793 
69211 42492 
18234 5344 
15999 87950 
21717 44450 
33910 99478 
99370 14978 
43852 61590 
11111 8550 
34448 28568 
39860 29886 
87501 44832 
95476 54705 
80550 36025 
69204 8265 
31353 22467 
21091 92060 
53901 59102 
39163 52658 
28472 11584 
43624 56304 
49297 36887 
21962 5680 
2527 48604 
71541 11075 
44518 12058 
95112 7218 
95836 32421 
41666 89185 
39922 70197 
10128 26008 
17029 42797 
36623 99022 
33805 48300 
67401 3472 
66841 78145 
78957 46542 
24506 69117 
44506 72708 
45553 81847 
61683 48227 
55308 82981 
50183 40522 
70591 51235 
32 35419 
43124 23739 
1287 45394 
57805 48399 
14161 75391 
56997 10453 
44952 29271 
44947 56935 
77590 59579 
37423 51495 
73243 86074 
60851 53796 
91134 34339 
72525 32682 
2562 74806 
68840 90371 
67102 74633 
72076 96091 
15068 10164 
37876 1946 
33507 26034 
5395 41191 
84387 68534 
19959 89677 
93081 65434 
94141 4945 
32861 72260 
37312 44216 
96838 55854 
76002 2506 
92623 40092 
7835 5142 
16968 95739 
80308 35154 
67743 16678 
62377 75324 
28809 88135 
81578 97128 
19726 19020 
32318 34365 
36681 80136 
22025 37964 
23621 62760 
10989 20263 
3334 47985 
19018 62015 
67001 56200 
17441 73432 
67788 28237 
98533 71763 
89094 74945 
16078 62229 
61313 20353 
20602 86583 
82317 55057 
70676 34109 
56334 11135 
87775 93590 
3489 67609 
36290 61574 
8016 96376 
52609 12217 
66976 62534 
17582 77041 
73295 130 
65208 79154 
17050 94661 
47073 15767 
17121 16982 
26816 85305 
1713 69822 
61839 10983 
40685 27715 
40496 21377 
95260 73920 
82166 10372 
91382 63763 
74892 13782 
41844 72865 
20681 8030 
39295 20834 
82103 57443 
17308 96242 
75470 11049 
29943 47112 
35680 77194 
31551 42627 
85708 84875 
48078 56402 
79764 74370 
18692 69423 
53308 46559 
52290 41631 
5374 40271 
87304 55121 
59102 73 
65174 89088 
94865 43095 
27968 46862 
27085 32794 
28848 18791 
580 20024 
432 31209 
15220 17331 
60568 1372 
48692 31073 
47632 90994 
36330 87816 
68212 26877 
84273 56353 
8830 36165 
37590 84803 
10402 25861 
98588 43396 
29156 21486 
92133 87919 
11023 68181 
4643 36169 
87803 89008 
81289 80407 
62915 89867 
51994 42424 
92146 98195 
70970 14698 
80487 23470 
96832 21033 
10056 31588 
10715 73157 
86035 32265 
68376 95930 
37659 88903 
8920 43142 
39525 73720 
97559 28317 
24827 7457 
62750 50511 
46599 42600 
99055 3768 
5647 71805 
46273 20735 
4577 69110 
22639 15869 
6150 488 
85311 61730 
71223 72468 
14912 53046 
26550 22769 
72531 87578 
66033 95286 
57391 20203 
20272 83268 
1296 27257 
38812 69165 
71997 51828 
17025 37360 
21789 87527 
65317 86888 
9938 98200 
62197 25257 
47917 64115 
54708 81596 
65021 91336 
69818 37633 
68525 20339 
78602 38349 
77394 22326 
11383 10711 
41424 77309 
56474 88452 
18742 86682 
87775 13684 
73760 84844 
57173 61948 
74949 79365 
56572 16368 
17222 67256 
1332 98653 
67241 46104 
11996 49977 
31626 63126 
74422 43140 
77833 22670 
39764 98906 
95374 3226 
85227 74053 
71084 18728 
94126 86426 
66312 95721 
29494 43145 
26184 27926 
69328 42159 
21501 12794 
43541 24421 
22385 70839 
62791 64250 
29412 97833 
57565 98804 
42796 2432 
52257 14105 
33068 37317 
83444 24673 
87749 40665 
34171 6594 
47650 66559 
96766 69705 
13763 97894 
95565 83616 
1062 3416 
97886 4381 
39111 21689 
16714 83906 
71009 29139 
61744 82566 
82013 76740 
26819 46977 
97059 60483 
11232 59541 
22466 24460 
59994 14093 
71243 82217 
73866 22889 
3730 81947 
83816 14163 
35684 34198 
6531 36613 
14486 66935 
97706 47433 
40782 72113 
98063 23885 
17672 60380 
23402 4893 
42463 46065 
84436 38818 
17032 43323 
34802 86258 
42023 66118 
36316 2649 
77372 89656 
99424 4441 
97059 48959 
3753 4712 
39553 21458 
28769 89395 
57024 64803 
27775 93619 
96235 58514 
59832 29214 
1907 28694 
53642 9012 
19378 18678 
15049 11386 
87570 5339 
5535 29289 
55529 50707 
12918 52098 
26234 21604 
7448 35699 
29899 6220 
26594 26461 
55650 5839 
60032 18186 
25255 82405 
12690 37571 
75469 98138 
8181 73381 
26638 92137 
57569 87280 
54307 711 
59098 70125 
47919 43121 
13396 36573 
36051 62475 
35633 82925 
81217 32727 
21191 68445 
98890 17030 
74642 18718 
35190 90141 
43184 91155 
45617 18149 
5135 87350 
53209 22475 
51706 44773 
28690 41921 
65984 91150 
27447 46481 
46901 98880 
38590 49695 
47955 33989 
49880 12512 
516 54338 
8974 30962 
69820 75227 
66223 52354 
48037 87001 
17153 70309 
23338 78917 
23825 7596 
76438 96273 
83400 7601 
46834 33684 
29527 20152 
79804 46395 
97611 85519 
12187 43642 
58498 91598 
80103 13346 
26830 3592 
34946 15762 
80076 42947 
35360 75270 
82153 22881 
42381 94065 
91620 31513 
82507 9293 
48533 90436 
59203 16045 
76394 6504 
87176 82637 
5993 77680 
95739 91701 
26493 9978 
97689 50922 
95773 51851 
48314 30572 
96827 54813 
25533 1539 
9911 24655 
46618 67171 
81192 36316 
99555 4985 
7794 47251 
7815 60203 
26423 59133 
66173 62059 
88177 45736 
82158 65956 
25659 86083 
32845 59804 
70194 16239 
99889 11262 
56727 40559 
77081 74082 
61875 23796 
54166 16417 
56674 19145 
68241 81680 
19687 74119 
79814 43440 
48445 96089 
74412 69830 
27607 52420 
12634 70082 
60733 26257 
51607 56048 
49257 48421 
39060 14959 
7016 78230 
37558 56158 
31595 11690 
70911 64199 
14798 54167 
97381 63418 
63705 6448 
5022 75013 
21062 78093 
93353 26620 
19172 59985 
52502 56551 
74958 59230 
76099 40064 
35584 23828 
47396 53464 
13739 62029 
19423 83295 
9660 91796 
69514 82540 
2961 39542 
46069 73489 
11524 44090 
41192 97812 
56966 11761 
16673 18385 
46645 11555 
82746 84537 
80652 95587 
79170 82652 
18951 79253 
36395 7422 
98562 18043 
917 5574 
73638 73487 
93410 63496 
62292 69400 
30811 32961 
23192 1429 
84259 15023 
52253 77829 
63648 51154 
85129 37468 
16505 2832 
14773 12246 
4014 36034 
84978 75447 
70243 65473 
590 44962 
51946 54917 
3025 90905 
85817 14570 
95720 30813 
57651 84221 
68324 82484 
3596 41783 
60740 84374 
17533 30812 
28493 86628 
40575 57752 
19485 61926 
8807 69895 
48819 84720 
13566 88417 
63182 79805 
84958 37369 
19178 46801 
43736 79119 
61036 25768 
79301 39508 
72289 81004 
2269 81847 
93283 45036 
88936 67886 
41819 82849 
81915 26049 
47726 7624 
36331 32413 
13857 3537 
4183 98377 
45770 88638 
30819 50386 
50260 81392 
96957 81767 
88965 18138 
77271 54448 
87402 5570 
2290 29240 
42091 82240 
4205 7332 
38839 6207 
99147 72819 
93773 82084 
8603 36294 
55392 90116 
50860 92950 
60669 82304 
39698 25118 
21182 66198 
12062 98812 
26229 5655 
68994 26589 
89120 29685 
54869 94925 
30044 55424 
18798 83316 
84376 99383 
99063 34417 
48809 72270 
46507 69812 
29331 27024 
56065 84376 
34903 57138 
6940 93696 
68543 22898 
21430 53641 
3613 16886 
39961 18936 
97229 66880 
75669 58459 
85009 14254 
55668 99004 
21791 99015 
78130 26363 
81488 28840 
14421 32839 
5886 8777 
63722 63694 
97012 60695 
23951 81514 
80573 67175 
77239 37134 
29034 33199 
843 8488 
22036 70807 
5064 44652 
39156 76853 
68640 31342 
25419 92041 
88991 76251 
43506 621 
89844 97884 
28260 54437 
31964 89904 
88874 82469 
54069 24520 
62072 77561 
30474 53079 
5605 35742 
69625 59772 
35562 60335 
93385 25233 
53275 33018 
30789 60846 
78010 97051 
31968 81663 
161 94074 
58028 96124 
96338 45207 
30888 4124 
2521 69618 
33450 11493 
24355 89290 
34923 88580 
74703 77414 
78735 23377 
67731 69653 
11181 45502 
66093 72449 
47820 26384 
73177 70633 
71572 93078 
85923 57777 
31607 28444 
75381 87035 
65307 68753 
41952 67688 
96945 51336 
189 13140 
76191 9468 
84033 79836 
7168 59490 
27564 23364 
84470 75997 
68588 37966 
96448 4963 
42829 38719 
77999 21782 
85002 91887 
95223 1469 
29718 98204 
22506 31633 
9955 86331 
28975 65356 
83737 79285 
25696 80708 
80698 55323 
37620 86432 
49369 36584 
54991 89151 
3308 3734 
87773 16513 
9619 52935 
93641 72776 
36910 82623 
75156 88598 
81435 21935 
44994 15203 
19917 90030 
39416 4552 
95501 6140 
19676 11817 
29264 53861 
38616 54192 
63932 40037 
65462 60951 
88686 78488 
55665 53673 
64380 71948 
24584 2689 
67031 61729 
33956 16045 
94066 63983 
28259 30665 
32646 13825 
64474 91898 
72259 94209 
63193 27264 
54824 35075 
71634 42964 
94711 30157 
69832 97602 
68357 33751 
70135 36573 
68573 67812 
57117 2686 
42186 90955 
90068 73866 
81288 55233 
43524 17141 
18183 4031 
92564 89631 
82010 44936 
59137 61889 
11067 65204 
23243 86678 
79024 44183 
68532 87185 
85474 57060 
75723 92626 
81720 57320 
99230 6382 
51198 71522 
62461 52001 
40609 39303 
85496 5834 
42622 83960 
15191 91533 
63914 4547 
62229 81307 
73345 39073 
62223 21541 
14241 60256 
68735 76315 
82025 30186 
54869 61307 
13854 58346 
47126 22747 
10463 78603 
40260 1306 
12061 85132 
45123 9188 
79925 44650 
2827 40217 
93234 32903 
58024 27321 
56736 27068 
21699 59568 
28978 22519 
69604 71806 
23149 32361 
16295 23939 
2954 71196 
76716 94020 
94510 20787 
77372 19589 
61890 24590 
7349 35050 
48736 60581 
5791 69414 
71278 97342 
66918 88332 
59114 47102 
6268 87117 
79286 91213 
72551 67326 
46452 68496 
8387 58480 
17390 84956 
60131 78616 
91574 24558 
12118 62643 
91249 15065 
73866 25827 
74201 30401 
80126 71257 
40337 91533 
73151 94749 
29215 61596 
24129 88426 
69843 17774 
16486 95061 
36324 22406 
57568 19309 
83362 8839 
7218 59039 
84157 43766 
11856 80284 
69890 27066 
10866 22648 
74785 42648 
38482 88565 
23631 79320 
78807 39399 
59699 99447 
44212 94149 
145 44934 
38075 2374 
23255 35031 
31681 42007 
37344 28530 
32052 74792 
54597 94097 
42619 77387 
94852 56821 
21802 54524 
74083 66472 
25990 32129 
90247 63568 
82824 22937 
5224 3001 
78304 54888 
35699 31815 
56991 53465 
8153 7663 
28366 73148 
3523 87538 
44434 80285 
15634 12550 
63733 99917 
74157 63869 
45131 52508 
37641 67358 
21145 22999 
45083 80016 
84992 24256 
25505 26 
88183 39731 
4213 4027 
86170 56029 
11656 30163 
88441 25078 
96242 93542 
66396 27746 
65977 41907 
47457 45967 
35496 33668 
77080 88855 
34773 47851 
61681 59765 
43787 16120 
14963 95897 
53384 686 
17742 59786 
16787 28769 
67063 12920 
48455 34187 
34279 55704 
47439 49737 
73707 75133 
70870 40205 
23603 1793 
59926 65181 
19391 41183 
25373 13274 
95454 10848 
32700 54901 
86249 84461 
87898 19509 
50120 16714 
14106 14922 
29892 98810 
26605 71408 
33186 73279 
59094 11184 
62375 19041 
67656 15210 
49169 2848 
40558 83482 
52077 81631 
71737 62454 
56317 31780 
13797 43795 
75230 76016 
12342 22368 
89833 76270 
37630 38150 
78902 61848 
71844 16738 
85785 66185 
80663 66156 
40153 52615 
96349 83891 
2969 19819 
66249 77351 
31178 91022 
75373 3445 
65004 7489 
34629 88501 
25157 66511 
37336 98446 
69899 66832 
25785 90999 
2616 50319 
76907 96551 
39386 57721 
11524 42487 
43040 48459 
55194 56889 
5258 69661 
30294 61870 
11514 98022 
38824 94248 
55001 19589 
3262 71825 
75152 57183 
68895 57211 
83969 2940 
35159 57987 
9089 64309 
75846 41906 
26375 85885 
28420 38919 
76786 66546 
81238 47994 
62366 51631 
64117 66022 
94439 43298 
52479 8536 
23434 38661 
28221 97530 
14221 74968 
1488 50390 
43455 33827 
86685 15712 
86160 32359 
43343 66771 
27586 8164 
37893 81448 
83398 87127 
55895 8613 
36320 8325 
95962 45292 
593 68683 
6393 26374 
6942 41541 
83430 59184 
60246 17912 
36114 18941 
59661 16961 
36840 57943 
86711 13130 
19030 71243 
60682 31311 
53735 4675 
32640 68646 
35511 87246 
39481 11714 
34586 19257 
67657 31330 
27102 49947 
82557 53600 
98157 34008 
64001 25579 
23361 65025 
50910 16574 
73833 45717 
38913 22060 
56801 69771 
93534 66140 
99421 58152 
38541 30642 
6934 13958 
54167 74176 
77947 34191 
73111 42878 
39440 44276 
93582 16038 
71948 1720 
38145 74465 
31475 48978 
74672 27199 
38796 82442 
81487 83028 
99132 44380 
82599 7305 
35557 37729 
896 61666 
68074 9852 
77284 84533 
46900 50659 
81979 33609 
53352 2946 
475 78158 
14575 88389 
11235 98404 
39425 11287 
84695 22206 
71978 13991 
23955 5009 
76395 22894 
36303 38083 
12317 41902 
71770 52191 
33477 21541 
89954 69086 
43885 56115 
19592 41608 
75718 38824 
56722 14662 
10975 35276 
6722 33981 
54974 19558 
13135 27337 
83935 53800 
31892 83739 
31178 82156 
3411 60169 
46885 53161 
47006 52517 
64888 80618 
52146 77651 
36620 2501 
69337 26924 
47160 99785 
9717 67929 
11192 92687 
46962 90942 
57740 40493 
77680 19239 
51718 32964 
37185 28369 
67596 76254 
86418 48448 
25900 44338 
82722 55684 
26815 88134 
22302 94592 
66791 68843 
95411 10730 
3867 9437 
26643 15302 
45317 38818 
82215 47601 
67263 36859 
13684 49004 
40071 75339 
73281 13135 
25611 89742 
79916 30793 
32891 9954 
36820 5386 
67098 24067 
1969 74860 
83745 48849 
90576 39484 
64406 32834 
45350 61374 
63432 23601 
44652 71253 
36077 89463 
31292 90698 
47618 97636 
35447 54006 
80350 15862 
33981 92839 
726 22567 
35490 28874 
22477 81798 
5425 5023 
3181 63509 
48915 74087 
41538 67211 
50235 55273 
546 37555 
27354 63587 
67767 44125 
97574 14900 
78055 34522 
66017 10357 
66416 59768 
42549 7777 
89046 14119 
64711 94871 
49156 27576 
54310 89304 
90840 98688 
63581 4047 
79039 57698 
73118 32948 
66546 5635 
88325 31088 
60045 83647 
43647 87239 
36341 88712 
64652 11616 
27210 66747 
56795 91134 
86713 82286 
86755 96482 
78367 85002 
97254 60619 
71198 67729 
49554 86634 
13513 38046 
19123 84450 
61128 6072 
79484 80455 
72811 24792 
96811 91922 
49893 6072 
23591 8936 
89242 75444 
23512 80559 
39245 21821 
81694 59100 
96943 44492 
54505 16604 
61158 99045 
91395 11044 
61210 96347 
17556 46222 
13744 14229 
680 39006 
21219 40249 
37671 80278 
14771 75716 
87905 51847 
61455 96082 
48489 40609 
1265 80907 
13904 73323 
52879 97753 
87561 80660 
28739 48723 
15999 87557 
29839 65763 
97785 18382 
48544 71446 
78689 94 
93746 5613 
82272 44286 
66875 55100 
40753 89920 
59532 13688 
84893 92536 
13934 42500 
23562 52857 
85901 97258 
93795 87982 
76768 38115 
90351 61700 
55390 40240 
90119 7010 
74314 78884 
71221 93509 
95258 71351 
89223 15114 
78136 20124 
13632 99426 
55220 16311 
46645 69066 
7398 30681 
43159 17432 
83030 40716 
26086 96593 
51576 16442 
44276 53404 
63944 15237 
51686 91429 
99421 16377 
95921 80894 
15075 59782 
91832 86653 
77703 40228 
21633 34997 
50643 48251 
46797 94192 
28229 42000 
38999 708 
59151 80544 
37449 23386 
76680 48388 
18195 21166 
58497 53448 
17311 16494 
71751 86280 
84377 76156 
20039 87041 
55228 64052 
98138 78489 
23698 6283 
77618 88274 
60918 87953 
91865 1826 
77704 83187 
62578 58343 
50661 5151 
11484 26695 
35880 51207 
30769 75520 
75396 9876 
43653 82313 
61120 90872 
72577 10060 
58492 37255 
46607 16717 
7868 79619 
21974 52840 
15466 96223 
60050 45693 
17715 50125 
5621 64366 
52893 84617 
34965 9769 
2208 71636 
98024 75781 
68801 24347 
61879 83411 
47631 4699 
73772 98534 
1791 79533 
1072 5558 
1540 4677 
72866 24327 
1169 45493 
43279 25648 
25802 74437 
20153 21995 
15335 21482 
54366 84270 
25911 91607 
64887 62962 
20718 5066 
82525 72571 
91343 60791 
31428 31900 
38499 71021 
31480 39587 
6723 66133 
97091 4247 
11405 22660 
28237 41602 
18564 24612 
38173 97211 
37830 28453 
38888 52711 
67335 65479 
10159 25914 
85556 81861 
10976 80701 
19644 86200 
53134 21302 
32333 47254 
45956 57407 
60288 60320 
38408 91474 
5581 79808 
30241 97671 
28931 97622 
97377 33069 
18499 32275 
78377 46059 
11190 81980 
98634 24340 
24815 86520 
66843 55466 
18886 37294 
64333 56571 
39474 72700 
61995 66747 
19224 96898 
41850 85467 
97510 63995 
70681 83529 
97673 76830 
71723 9168 
48370 59773 
67024 61330 
64308 78361 
17914 4509 
7965 95070 
73905 55135 
38382 70160 
51388 78193 
15706 39296 
2653 94559 
70891 25503 
3044 14489 
68792 72041 
79463 80755 
89899 14903 
26995 26124 
31009 48882 
12048 24188 
78391 79562 
40228 39984 
38329 95065 
75053 67432 
19413 36020 
29647 74283 
48537 89984 
17737 62117 
68274 87415 
42524 88831 
7190 30308 
22448 94178 
36565 41721 
1372 15045 
27150 84684 
67392 76540 
97771 62369 
9248 97342 
3958 77874 
72229 53380 
49235 1640 
36511 2560 
14328 67246 
29998 85113 
90239 92218 
5052 79038 
70014 99489 
53895 8228 
975 97285 
10993 72001 
24318 60444 
92413 89136 
32161 44573 
51901 26898 
53512 55959 
91370 16152 
40077 94737 
49500 37316 
60428 86639 
6321 98755 
26784 19453 
83928 19126 
72493 4389 
93901 68281 
70286 89632 
80525 17500 
31464 63643 
35574 99169 
54407 99136 
15192 78428 
97138 5167 
72345 94914 
33149 74393 
29319 41388 
12298 35328 
53920 7866 
89294 45288 
70313 34809 
1161 88717 
30845 87008 
72012 77741 
98728 80955 
98591 87016 
43133 72865 
23246 93344 
28015 41888 
32348 32012 
83901 83678 
27646 26461 
87924 63137 
5640 95625 
41523 61980 
45796 94169 
27542 96720 
52231 94863 
48828 75722 
15527 79444 
99021 10164 
61383 64585 
92840 93090 
31058 52971 
87975 13143 
94902 65961 
63603 75147 
34748 83981 
81589 58413 
43529 93521 
45571 55440 
81210 15488 
90439 98635 
94975 68691 
80112 727 
58571 4338 
65050 5774 
10837 32695 
52622 71941 
76620 51439 
73197 84685 
34680 76717 
82773 29561 
56628 72584 
28973 37532 
78537 72223 
21401 52498 
82607 85238 
89637 60691 
60104 89319 
82565 64663 
98752 11693 
61254 80764 
87886 16048 
64278 88346 
62857 23977 
79149 61356 
16568 16508 
36435 68549 
90456 80906 
54187 37250 
19868 90687 
99447 37408 
49460 32673 
893 57616 
53147 23903 
42103 12857 
90050 93363 
88430 44907 
3033 38739 
52170 50662 
19603 6782 
80456 1073 
46331 87369 
58254 93972 
57399 55997 
54857 17730 
65481 47158 
6422 89528 
28897 91973 
19402 71946 
92827 7429 
125 64668 
84322 81697 
64302 14252 
80978 60293 
56914 84271 
51347 1179 
17714 80546 
21498 33430 
60478 31773 
56629 23732 
95194 84521 
59223 27698 
11517 83415 
75959 78900 
59118 72251 
74446 47490 
5963 69837 
97804 82447 
29083 45589 
30247 36698 
94070 44180 
9993 62782 
9310 86008 
7234 58196 
98879 826 
44324 34218 
24058 35524 
72957 79728 
97586 13925 
38850 92457 
77066 16353 
58255 54078 
94317 89831 
2618 32680 
76048 95928 
37820 6438 
37837 52617 
92609 15651 
88239 28932 
37226 66840 
62698 6782 
37673 32210 
18026 32974 
13689 10558 
57344 46307 
69193 41553 
22661 79554 
82841 94364 
87700 4194 
43273 83688 
7093 6965 
88763 1533 
29742 61629 
64186 91457 
63916 86753 
39554 33479 
89579 60914 
43882 52515 
49458 401 
55699 10925 
14552 91306 
57283 96660 
12024 7858 
3503 72487 
23876 41894 
78169 8898 
13308 14562 
10853 83572 
12330 40680 
5387 93637 
8996 68595 
87579 93468 
5517 23971 
14173 40405 
79564 44613 
97670 3528 
70213 5254 
92341 66473 
27297 96189 
55630 34337 
8305 37671 
46105 36781 
80538 83215 
44210 4748 
87858 89248 
85304 86560 
71188 5991 
75813 60679 
89799 75020 
22794 97030 
76468 2662 
44816 16561 
73762 15175 
47768 99570 
40962 91618 
43080 97339 
91584 13381 
57776 8764 
19954 65526 
35923 93892 
1985 74425 
59211 9681 
10074 68607 
20805 69788 
64939 5296 
71018 49820 
58277 13820 
16008 82253 
19256 68875 
91399 11076 
65156 21585 
51560 5242 
71885 84350 
12284 62138 
23616 86679 
59681 67509 
52467 93509 
91319 16705 
58925 4961 
87016 43562 
11629 37050 
16148 47905 
61147 16551 
75911 60397 
66567 10048 
20758 34316 
25985 47121 
87004 7902 
22400 90716 
38636 37971 
45041 53911 
60403 65816 
22840 61608 
2525 39746 
11514 8151 
37699 85140 
8672 67395 
25523 82519 
32348 70483 
92104 86888 
87573 78365 
23309 97483 
62845 41069 
38955 66064 
43780 53781 
62253 14015 
4770 90985 
23863 13772 
41120 24236 
43175 78488 
33937 6574 
10777 95324 
97927 37156 
55519 32411 
48331 3381 
17215 47259 
37351 34579 
61712 25291 
52736 91311 
68937 81154 
41579 57353 
96469 62619 
20931 97659 
71322 7118 
63492 94907 
90809 14344 
1427 79650 
19723 14858 
74253 24716 
55557 34255 
57795 83118 
96046 75217 
50363 10617 
84079 65643 
59577 28986 
23840 50059 
28693 54100 
59038 33638 
64810 34167 
79158 23408 
82998 17736 
72920 49617 
60170 98545 
79440 91717 
444 64864 
97101 78064 
49755 14652 
97704 76174 
61656 84682 
59222 41282 
8526 81716 
74299 44913 
52803 96894 
13639 62341 
41416 30684 
23491 58047 
63231 55038 
14706 71659 
14122 91891 
57137 73392 
47176 92641 
27667 27594 
46603 61994 
72730 75785 
53045 81348 
36912 26458 
85292 51826 
78069 17882 
48814 95161 
36375 2326 
95044 21800 
49813 85325 
97030 99922 
11824 42032 
36827 36513 
48209 24172 
57946 12191 
49825 65758 
22181 95184 
35228 93486 
24309 96659 
33133 48588 
60456 19570 
68405 30953 
16300 96225 
7284 83425 
39847 5996 
67621 44453 
90162 13890 
28146 10670 
8230 73148 
77118 67434 
39015 90609 
25203 65038 
44842 62261 
69992 41020 
89382 48227 
40331 14910 
38784 71350 
67443 10714 
21943 91658 
26835 94618 
15396 30114 
70040 50598 
70024 89436 
18508 55036 
76498 47169 
23269 52925 
74346 76782 
3490 82888 
45521 86238 
64637 45985 
97544 50325 
62674 64151 
33545 52941 
24579 28140 
26975 48629 
57438 91940 
67255 98830 
78456 30915 
19327 37643 
76471 44282 
44831 74309 
71892 49046 
65549 45245 
76443 82154 
10797 87073 
66727 357 
79611 13994 
76300 43182 
65827 47713 
79844 3381 
39618 66248 
89946 31395 
52537 9128 
12143 85589 
34791 778 
7068 28413 
83284 31381 
89915 60141 
96821 65023 
56886 76473 
964 28642 
65902 34034 
19128 72131 
14578 8680 
88852 79853 
52287 35546 
92530 56919 
35158 26863 
70479 9769 
82893 73863 
10835 89894 
24562 52444 
65577 72002 
26851 68779 
24888 93481 
82718 695 
93092 90711 
1013 13365 
48562 29592 
78354 53787 
37296 42589 
53352 57486 
45239 52681 
40323 33010 
18005 85769 
14643 25077 
48269 47426 
75199 95559 
30918 67316 
40672 3042 
93944 95173 
45915 6282 
49098 65913 
92244 64689 
70489 38288 
71210 59773 
1602 51411 
25258 15582 
11592 36561 
30645 53202 
70291 67868 
88108 74703 
87984 34787 
84961 35277 
70816 71716 
48687 28805 
75597 85685 
46536 81728 
8810 81713 
98244 22869 
3789 97285 
59719 72692 
27298 22297 
4375 74529 
12191 98919 
75788 72408 
86334 67002 
10405 25378 
69647 44966 
32321 36605 
40897 13568 
3424 67027 
33804 488 
71724 97960 
8036 47388 
98256 4827 
54836 77898 
58692 5044 
39312 74931 
9609 47120 
51837 18798 
81375 15120 
39518 33779 
9684 32943 
15387 40130 
45997 66202 
97720 10931 
93508 36035 
14820 88782 
99710 78757 
21627 25995 
99246 8079 
13690 73790 
41441 62439 
91292 60928 
55773 49034 
21971 70267 
5498 28254 
73177 42950 
54759 17473 
38492 14214 
27705 31540 
60599 12282 
69538 18804 
62133 32346 
28821 96152 
31545 31345 
68030 34271 
75287 76072 
75025 95249 
39916 17057 
91972 78617 
28114 53775 
218 89064 
81169 2880 
99732 99318 
77096 80526 
99913 45060 
98409 62238 
94969 55250 
56409 89382 
31479 90849 
19930 49976 
88407 37713 
85634 73396 
80510 75277 
44215 43465 
64980 21673 
42313 52493 
78071 38055 
13432 90022 
53626 60132 
52873 84341 
78595 13338 
41414 92279 
21988 59508 
80431 63369 
33208 17628 
87164 88127 
43282 98915 
12994 77058 
18219 97409 
89887 6894 
7618 81243 
80574 13665 
3568 36886 
6560 8393 
75016 28915 
54728 40498 
70987 51239 
18074 36469 
92394 62222 
9044 96903 
16636 15759 
94943 43706 
21800 23122 
44086 71092 
97985 6281 
38611 68911 
52134 32394 
5312 54955 
9705 51289 
39365 74039 
91648 93041 
47486 96000 
98337 21082 
16867 72181 
63480 77829 
24091 90551 
50501 4408 
34335 3269 
51473 63848 
5267 87368 
14411 47936 
2367 39126 
68581 2002 
52789 95794 
39463 58970 
13441 24516 
45081 34298 
5589 17609 
43662 96799 
73104 85819 
58905 96841 
54361 46697 
43652 3053 
18855 63988 
55310 71413 
8732 5691 
7117 46482 
42749 53416 
28197 73540 
85552 13729 
12311 82528 
58736 53355 
60306 89923 
71781 4448 
24500 53093 
80744 63537 
44579 3137 
40524 38385 
24057 76889 
2524 80625 
33943 66479 
23700 78899 
45998 5757 
95286 77147 
91784 16861 
69880 25766 
15715 47356 
64116 69543 
40379 38633 
40802 25593 
90666 79599 
29211 6969 
29540 16240 
25077 3174 
42801 7238 
22942 37505 
72758 38580 
72606 82957 
41476 35987 
18754 33398 
23086 42981 
78224 94727 
21634 64561 
32928 81987 
86048 11666 
68082 82674 
47004 20047 
65213 73945 
91833 58609 
67283 61982 
3096 86965 
69349 45488 
74025 69664 
52294 92061 
79756 5443 
69494 56182 
27166 83871 
16646 60586 
28032 38866 
63572 8992 
40387 28812 
3428 97474 
1141 36418 
79554 44216 
29386 47918 
83114 62931 
14283 40881 
75694 63943 
14024 82622 
80209 78728 
83077 17106 
729 68670 
13790 97235 
77260 96828 
25376 1524 
55064 12734 
58416 59449 
49718 24523 
36243 98107 
18955 10179 
35895 14349 
10190 50201 
70834 71159 
38702 47718 
25177 14828 
65586 38900 
94968 10326 
86879 86413 
85802 96298 
15680 91788 
88143 68228 
37603 58729 
1739 8579 
46592 88698 
8765 96083 
22865 92596 
1698 42868 
97723 57870 
56355 27738 
60938 19117 
3175 16671 
5642 42039 
90502 87480 
72880 45564 
52503 4592 
53452 55003 
91324 22019 
28139 308 
58167 27862 
79143 47820 
71211 82046 
85284 81318 
39654 40517 
21458 28771 
72596 3741 
18877 64868 
39107 75093 
6769 6225 
11548 65634 
48498 56104 
68032 35740 
5502 48558 
51926 21201 
10936 88091 
86349 51654 
11610 80252 
19880 32592 
41573 1007 
36026 28698 
23612 58330 
93448 55877 
55966 58099 
76589 62119 
30723 98253 
27027 53201 
47645 80059 
94744 98242 
32576 43435 
95476 32245 
43141 4457 
85400 58038 
46066 97496 
67628 38371 
80276 1862 
26355 60455 
77820 63419 
43952 49858 
694 5307 
93894 8400 
65820 58732 
18165 51606 
72697 34728 
91586 25258 
18681 859 
47528 87702 
85352 23016 
89533 54861 
6112 81791 
41614 18243 
79930 75336 
96342 62762 
79070 76205 
4299 30805 
9657 18337 
11080 1740 
23120 52181 
88747 81941 
43810 20902 
27482 29398 
73524 78648 
50163 69116 
57179 93087 
87684 90771 
45569 48712 
6062 58448 
70890 94865 
7726 3808 
58650 62994 
38836 18658 
35623 11346 
22117 10636 
57625 42128 
371 36627 
73239 76089 
19706 82501 
59959 62558 
3495 14929 
17817 49163 
68141 91250 
82168 34764 
10008 76754 
22135 81584 
49162 85279 
24088 68078 
50070 28589 
20602 22784 
52020 32815 
14468 91208 
32700 56074 
64646 52735 
97265 20423 
46422 22632 
32174 53395 
71605 45390 
88176 19647 
56241 9985 
60058 11628 
53096 95056 
12101 59649 
24092 82587 
57672 16412 
13908 62361 
38976 68761 
104 86258 
68722 30343 
37428 21449 
89275 72825 
84377 94549 
76892 60487 
98601 15038 
68672 63220 
14414 15539 
18140 36389 
70460 48989 
91671 72460 
38491 38335 
2479 48988 
15231 83022 
41472 20259 
78501 88418 
4995 25803 
76024 99221 
38342 17953 
10757 85967 
10884 42809 
10141 54971 
13753 44165 
18295 26314 
24259 98373 
29999 51965 
12550 29610 
93180 26666 
75500 99642 
42697 77921 
70423 13927 
92334 8228 
86907 36794 
4236 2650 
38939 62426 
75403 7877 
81433 45509 
29409 35122 
55410 55652 
78172 38524 
44251 83087 
23375 73155 
79851 89636 
57 42302 
71920 68570 
25939 2389 
46304 49747 
9173 5722 
68930 62284 
84544 26165 
786 46022 
93505 30947 
76376 85183 
97002 32966 
23133 22863 
11697 82302 
42534 3377 
89964 33049 
54998 81000 
21968 52191 
70101 28247 
24161 20912 
81279 74608 
92677 15531 
99870 7534 
42424 45245 
37231 71460 
23049 66868 
15604 7790 
1500 92992 
38539 89024 
27583 59300 
79868 13582 
53670 19172 
56604 44377 
62645 89358 
35590 93842 
69206 79099 
86325 80834 
98783 96977 
33126 10753 
15662 44645 
78625 59188 
67252 74706 
67569 71559 
35025 11176 
35001 26444 
34290 5284 
36101 48696 
84740 26814 
86353 99935 
81652 71746 
50120 18624 
33622 660 
3366 29724 
96901 9173 
61937 94760 
28671 71617 
10701 27168 
2005 92247 
90787 54902 
73816 44450 
2275 72544 
73724 77736 
57931 88530 
86585 24745 
79876 39623 
34320 46070 
65616 14374 
23727 9374 
62400 84 
16102 11118 
79644 43646 
91809 14132 
37959 95659 
28319 92344 
340 89323 
83790 45183 
56133 90900 
79921 68449 
31653 46870 
7589 45944 
82632 44458 
36696 56660 
83195 96796 
97678 76061 
63629 61765 
16311 86797 
64939 4432 
25696 4105 
72037 17003 
49760 64269 
59383 17326 
51108 20644 
32988 57270 
62740 41125 
80918 85637 
77932 3318 
50785 26806 
55476 39312 
57175 55924 
8535 90561 
84584 74195 
84497 95277 
92118 13731 
10524 45616 
45094 30414 
74893 20052 
95649 75330 
37745 17483 
9525 70637 
16560 93970 
89484 54048 
71404 30424 
77083 97671 
22956 40133 
24076 51537 
72329 58699 
12261 9916 
55867 45806 
66338 49405 
60384 68134 
48190 41755 
44724 25840 
42945 1574 
62055 31196 
47328 89238 
53964 47297 
48970 52776 
92221 47197 
41741 58975 
76964 59392 
56624 33563 
61126 24263 
241 3121 
60055 97910 
83871 7227 
22572 4735 
94660 28332 
85142 58235 
7667 69030 
4335 40605 
62512 91601 
64434 56121 
31611 23113 
86841 50664 
88314 20851 
25807 20363 
42757 87495 
21098 15976 
50827 23185 
92315 86491 
17354 2545 
1913 95332 
8500 68674 
84359 85646 
60294 43313 
37395 67326 
20349 62584 
98043 47755 
88013 61123 
80782 30677 
24578 43922 
38213 63177 
89624 4797 
15585 19464 
22170 73203 
9710 71925 
26047 96933 
10072 14893 
37738 97318 
95351 74636 
51899 65591 
82122 60241 
54898 4402 
74145 84411 
69903 56809 
40439 10625 
48412 6585 
58267 63667 
52594 78319 
93161 74236 
60394 13523 
52307 15157 
91086 49862 
39875 26664 
92821 84597 
63300 21272 
55649 60494 
88048 4975 
13634 72672 
15065 50793 
77887 58271 
59897 13166 
98673 97304 
45359 77218 
89260 22699 
80707 95650 
56731 10285 
89366 77802 
75734 95350 
64623 60391 
9987 41422 
78038 7467 
33310 69026 
38915 58365 
27078 37440 
4796 66702 
34201 60865 
72749 50945 
31075 31887 
39121 7612 
38437 19783 
1469 21889 
29647 8952 
90532 47243 
10640 43631 
62406 15547 
39648 49071 
51482 82334 
26750 6473 
83241 7934 
3422 69220 
72683 24625 
80468 21364 
88915 42314 
19073 95775 
49369 875 
24174 89027 
18129 85935 
31971 32848 
22024 86723 
4088 7808 
65426 89549 
59767 13970 
20083 68528 
74446 45315 
89889 56363 
48163 50028 
2119 52338 
449 97118 
56455 52061 
79733 11326 
71046 64131 
84750 82912 
871 12538 
83024 6690 
67833 10451 
77253 55518 
34306 30985 
14237 47481 
72262 93598 
52985 23136 
28632 30966 
8730 9418 
64237 504 
67797 10216 
48387 57129 
24620 30101 
24163 9442 
26684 7352 
20448 40191 
25748 5128 
75906 83692 
24457 85590 
57413 17833 
76262 70686 
854 46333 
43566 75534 
75717 18158 
44110 85518 
76599 55269 
18814 36641 
74503 37339 
35672 50151 
18739 22659 
3735 67104 
66246 68101 
8834 26276 
29340 47871 
98419 29705 
75168 60686 
36734 44172 
80548 58109 
23512 94029 
44436 22933 
19480 11062 
86886 75857 
50200 20437 
18185 91112 
66079 58296 
44744 57270 
20911 36182 
89352 28165 
93853 90248 
42577 70664 
20510 79058 
29367 30976 
17611 22817 
70329 9238 
82762 8977 
40689 53332 
25838 24428 
81594 57174 
41812 12865 
98222 76194 
66163 97417 
87039 53248 
63464 53261 
70621 81938 
87384 62694 
82591 21103 
16010 36015 
37498 14193 
10299 35575 
40921 60315 
65386 97477 
43551 29918 
24625 5673 
19724 17400 
4416 36563 
55627 75376 
34257 58737 
65318 80897 
50905 42091 
13741 42611 
98141 3335 
15078 69668 
74359 90777 
92053 88109 
39028 90260 
27225 8565 
36084 16283 
10840 20251 
17361 37565 
91470 10590 
52437 74708 
65453 87218 
92583 99109 
99050 9699 
15997 56907 
63299 21977 
19106 39498 
75654 13386 
34409 23036 
84848 26003 
49232 3332 
5762 69191 
71687 59713 
9680 98354 
40270 91623 
1914 64269 
1721 85174 
73606 41771 
88131 83296 
97422 2166 
8768 52837 
47851 2411 
34652 64652 
66042 25931 
94683 28640 
56337 24880 
20927 54684 
97117 81722 
77667 42559 
72074 29193 
83911 39149 
79716 42033 
92280 39695 
58670 41302 
18541 51265 
74275 32683 
25509 81317 
47984 33836 
52678 61939 
75261 32719 
48626 71248 
69932 58698 
7094 67423 
93375 41363 
29637 7999 
75461 78145 
37802 87264 
10805 31143 
36054 88023 
18712 26013 
82976 10461 
88049 31357 
62780 10493 
89384 55701 
61735 52717 
25824 11007 
44857 58994 
11315 56585 
97051 12659 
10569 55337 
39856 60506 
48290 45473 
60058 39941 
97074 55125 
89658 47088 
83108 64766 
58006 53104 
6728 52867 
96416 70641 
60905 43950 
13154 70088 
44923 14990 
72428 46146 
12758 6066 
4838 39288 
66114 24237 
48732 23756 
584 25795 
72011 84046 
40064 11368 
52142 15159 
49355 70805 
98485 98464 
97773 70308 
85525 24569 
57630 82997 
28176 57435 
60625 25899 
71074 59764 
2436 81286 
82593 28777 
81256 48374 
41329 23544 
79506 92562 
77844 365 
49664 33719 
87738 11006 
44888 42479 
63429 60151 
43070 94041 
1500 63032 
48942 62697 
30084 91960 
23061 27098 
66465 51366 
78748 96228 
58930 74951 
8507 59121 
88865 95686 
49926 7527 
9217 99647 
77795 80085 
73622 38056 
13896 28964 
66897 38402 
78870 15540 
82014 25138 
71590 319 
1324 33215 
50617 4182 
30468 73579 
9630 82942 
2322 88778 
84090 75265 
15224 18938 
99986 55220 
94898 83634 
77108 45025 
72661 73555 
29139 20987 
53867 37360 
60729 76241 
10033 43764 
47752 87520 
65642 96642 
1129 70077 
66392 81810 
56869 94762 
9474 28151 
5380 84350 
88451 72897 
71668 2417 
55394 31099 
84669 97352 
31170 82732 
28766 66546 
1119 7366 
53451 61384 
17812 15960 
28105 62315 
95209 52103 
68069 15134 
19245 60896 
25427 34532 
18708 52678 
33344 49030 
37263 20920 
16360 82617 
22572 8877 
30655 42730 
1668 57951 
78127 11637 
43111 12239 
46026 18872 
15903 98364 
59890 6053 
42751 47418 
1741 82227 
10993 76771 
37750 7828 
48338 3462 
19984 38412 
92550 18029 
75423 5511 
84296 7907 
72044 11271 
90625 82878 
56595 65970 
22858 21565 
91578 3104 
47160 27608 
79978 65388 
98676 56899 
55470 66855 
804 53124 
33089 1179 
60050 7890 
60778 84405 
53878 43819 
85756 91457 
54053 4261 
51306 70131 
31225 21641 
69377 93700 
67810 27978 
72299 43837 
65738 65733 
32938 99250 
73206 54889 
56793 42232 
70311 73058 
91813 85293 
47281 9417 
72120 63071 
80995 60377 
10363 30953 
65582 45182 
80095 61111 
81113 32984 
84335 29143 
90736 89449 
89396 40023 
41103 70594 
14101 50820 
3503 14290 
3654 9395 
33861 5753 
84730 43276 
48597 22351 
93763 967 
10334 95181 
93919 69106 
92502 60118 
47940 63253 
45150 9435 
93798 17501 
15595 96570 
78029 78662 
87031 91274 
37629 44503 
85802 30105 
85589 72289 
73769 58121 
47398 23858 
86073 11637 
16260 6497 
96515 49019 
43338 15110 
92941 96759 
55936 80437 
23170 41460 
1384 80586 
28423 64837 
47255 78648 
15616 88492 
29579 7898 
32532 67968 
29926 37878 
576 51473 
79444 19611 
28672 97647 
33407 26257 
78855 28895 
33338 76713 
79166 82069 
75437 53978 
82732 6627 
33811 7540 
53204 51939 
44965 59617 
16268 80013 
45971 18773 
54455 37684 
72969 41232 
38296 23175 
68883 70178 
80624 85956 
19679 26384 
72863 5939 
37009 19697 
12214 8324 
31745 228 
56872 83764 
77716 70559 
52758 39 
47833 35795 
59723 11062 
15855 77037 
67787 91759 
56190 95630 
34678 53307 
41428 90491 
94803 22137 
32679 98905 
86750 98320 
81375 52341 
21514 44148 
12805 73168 
66862 92120 
41471 65617 
54610 3064 
76250 34844 
27046 49728 
9374 1712 
26332 48941 
47427 67656 
96453 16326 
34814 23994 
11109 71540 
40573 93082 
62934 79154 
27966 34902 
49524 70544 
2891 52010 
69958 55525 
42000 78185 
1877 98984 
34268 41713 
63630 7379 
30834 52907 
78606 42749 
87068 77298 
49591 57727 
98108 20868 
19843 24079 
74536 71759 
44539 9411 
78382 14085 
21354 41931 
41304 53791 
32156 91551 
16593 73959 
29141 87103 
74542 67482 
58206 84070 
36771 78788 
49971 95012 
59246 23043 
24556 95697 
16028 41252 
50091 24019 
6189 92715 
66901 95834 
4857 82512 
39398 72183 
6057 70975 
25950 25671 
59727 14576 
63333 70341 
88273 43211 
46843 38955 
79012 87555 
49761 14403 
88028 31980 
66556 47785 
58262 83465 
83097 24756 
50044 15005 
74073 73840 
5832 63201 
2962 45657 
22572 34046 
53080 30419 
84877 98343 
49609 22519 
20145 38789 
41954 85694 
72747 44411 
3410 19976 
58612 34890 
70802 82551 
53780 37230 
90647 68608 
90946 30312 
60328 15434 
86513 19035 
52892 53234 
97366 99109 
92288 89551 
11337 25957 
2228 80648 
8270 6781 
86298 12865 
89595 93536 
9584 89698 
63510 66349 
42757 96237 
90151 61898 
98444 91598 
36509 19293 
36663 62121 
64444 87233 
41205 53353 
76747 60487 
72074 87205 
76033 91225 
80433 62207 
49129 51273 
31986 29376 
75665 5059 
22308 33986 
73748 89826 
83394 14417 
37863 89666 
74492 53235 
94564 32929 
22304 82814 
70 38828 
25716 58043 
30504 88316 
68446 22061 
70342 96791 
89331 7436 
87510 21724 
44482 34871 
94628 47031 
58095 94242 
35050 47778 
99448 18667 
99636 53804 
42468 91308 
75596 98867 
61206 56742 
52304 63133 
89669 43962 
60597 91149 
27677 46501 
1906 94857 
5767 46615 
31456 31811 
31612 15145 
95784 82398 
28075 66388 
89035 36747 
38669 98215 
84738 41877 
20107 1663 
20187 52774 
63563 81365 
59096 77220 
86362 88431 
34849 3544 
14060 30769 
81452 52906 
29207 92352 
92200 3276 
97562 62549 
7121 90975 
95124 49402 
19405 7461 
50076 26611 
8307 73965 
82577 42991 
51457 94682 
72307 5280 
42994 60389 
8781 30466 
45639 98672 
82656 52133 
34602 44422 
57618 56870 
49109 34776 
21886 21405 
53392 16416 
55993 18850 
23137 89931 
69215 63380 
15659 5888 
50861 66614 
52507 70334 
54613 86135 
41717 13640 
84224 56820 
93593 25908 
77055 9041 
38698 64617 
88343 94288 
39625 95729 
63507 58412 
99171 38186 
48436 25427 
6676 43546 
28407 80686 
31610 57431 
5132 71272 
68857 77535 
18405 73535 
63715 44148 
93934 13012 
96271 73430 
52125 60287 
84610 71151 
43981 67907 
74210 45163 
89724 58059 
16927 68537 
83342 18485 
7125 32172 
92006 14990 
34792 65559 
23135 82901 
35891 97498 
53857 16955 
68740 74737 
17726 39362 
21867 55817 
21768 89165 
63560 49855 
23268 42499 
76279 75562 
30213 43035 
80086 74481 
1858 94574 
38437 24252 
16651 43711 
56967 62648 
43567 59426 
31295 51189 
99899 98648 
73412 78346 
3616 32033 
47891 26648 
31673 92633 
78931 5453 
76955 1588 
47152 81714 
56034 19636 
81101 24757 
57525 70975 
62606 17900 
36519 86886 
7347 79703 
54452 20543 
52503 80681 
35719 91559 
81781 37509 
62448 29059 
44867 16097 
57072 95474 
83090 77286 
8684 89737 
55984 54561 
83632 48181 
74515 61809 
23402 84235 
85857 91000 
73584 33831 
21907 74583 
6523 2503 
19134 55495 
97271 42231 
40899 28825 
87528 21381 
85023 93534 
25491 89453 
39200 80035 
873 79832 
54718 42 
3840 38416 
45030 98759 
24195 13701 
79843 76305 
72864 94802 
37702 85220 
51598 37899 
435 3952 
18772 78716 
21384 32429 
99248 88888 
75980 55120 
64504 97477 
8038 69442 
65587 65368 
18018 82946 
35890 69928 
570 41374 
93390 30058 
27828 61533 
62679 77650 
92185 7845 
5962 60450 
67723 69520 
99213 43488 
22985 66467 
14717 61445 
19446 36403 
74492 62760 
59812 33033 
20425 77736 
8212 95756 
6406 37553 
90352 35046 
55377 68862 
95885 14466 
39904 89487 
47522 212 
38745 34788 
71824 92158 
93859 51349 
5152 46566 
42389 4931 
94906 49923 
26389 62977 
10976 5843 
89392 28503 
65238 52497 
53418 21788 
47949 36757 
32582 29075 
29085 33046 
80225 63344 
39910 9815 
85301 11239 
45521 14671 
30752 72344 
42599 70309 
1694 32276 
68314 47799 
84441 49429 
86047 11134 
28784 76704 
21578 7586 
55360 84201 
59358 12060 
77595 96602 
72688 20473 
73388 9831 
53892 27118 
85584 5614 
30984 14049 
52220 39665 
5872 26710 
67664 39495 
25785 9337 
53961 11200 
4423 26122 
78062 21119 
42207 99676 
85076 87839 
56065 57045 
30297 92826 
18335 85306 
83457 93797 
21672 63769 
47532 3989 
32225 57821 
81374 82567 
66914 30679 
40563 66719 
32284 53622 
54078 64320 
92196 72698 
35732 17568 
89530 20509 
88823 42641 
33113 45313 
99994 48139 
75241 66554 
34067 35991 
47436 55831 
35441 92494 
92527 85400 
13617 84275 
29634 82503 
40519 84239 
15321 77114 
15494 65920 
18971 33151 
60227 21186 
13321 8756 
90276 75845 
92168 99951 
72540 483 
66382 83781 
18677 39720 
56662 92000 
83348 12094 
96894 14431 
33147 64895 
85471 52312 
27147 3531 
73641 16252 
3240 53399 
59683 90890 
95782 53716 
65672 68873 
19530 27403 
9585 90505 
42471 18882 
49692 12198 
35825 42513 
70444 66829 
33407 38380 
99488 72141 
54459 89323 
93962 89556 
44182 13299 
10911 35046 
64425 8581 
81410 96166 
23314 95791 
40927 14942 
67107 70384 
29473 54947 
70128 51978 
64250 82764 
49380 92776 
4802 58949 
99269 86347 
76072 51680 
88850 157 
88307 57478 
89108 40506 
94420 37676 
993 46872 
55194 56797 
36304 4217 
40629 39523 
62957 56391 
81765 46655 
63793 1565 
1473 7281 
73800 51459 
95000 34294 
54462 40185 
1452 93478 
35926 75608 
5937 92582 
7784 36412 
38763 6093 
67476 31426 
92852 53890 
41671 54263 
63456 7498 
80463 85969 
25280 6380 
86812 21125 
1308 28495 
84382 18709 
44866 74324 
45767 8063 
51917 91585 
98 12406 
44078 89110 
14077 87607 
14536 62612 
93750 12301 
8799 82561 
85654 6942 
20167 74924 
65445 4013 
15795 59222 
89727 39364 
73423 95191 
52515 85534 
1102 29244 
31601 1910 
32679 25022 
32095 33713 
40321 8513 
34486 52045 
82026 57511 
32784 90620 
6857 17661 
4689 1299 
73541 32873 
90163 20180 
99106 36602 
67405 8746 
43398 62292 
5940 10463 
52607 96230 
45390 42206 
30320 14128 
95462 22034 
78185 13924 
77775 20083 
49904 81632 
33399 7733 
92078 4497 
1291 71695 
3320 76288 
32325 54299 
29095 23234 
41164 79027 
23917 15954 
13996 21206 
54789 22651 
83956 87765 
90227 1909 
58066 77125 
17684 29631 
29602 512 
58914 3972 
38019 59374 
7557 74555 
44930 90090 
96148 97824 
79083 6781 
10802 29097 
65906 95795 
10957 23669 
97881 41314 
78884 34291 
20887 90517 
19038 60383 
8599 98905 
50896 25548 
72144 31597 
90567 34290 
5428 34825 
96247 86223 
97911 33333 
60516 6700 
56045 54029 
68484 86408 
62241 23999 
4985 9356 
65900 41837 
86268 88572 
44924 75297 
12079 21929 
98083 95364 
82526 26690 
28728 17107 
830 10693 
58519 81073 
87780 90512 
66252 75442 
66698 72543 
81274 68850 
38686 71599 
73623 96487 
57143 53466 
73725 17988 
27781 52776 
23333 44631 
5810 35636 
6375 15475 
35476 47645 
33463 87354 
78820 12245 
57052 91970 
10281 21781 
75565 4893 
11698 94238 
44293 65861 
88305 52280 
48471 87542 
40443 18072 
9643 90802 
68036 7269 
90290 8515 
55264 48648 
33665 7106 
81407 52044 
25863 85226 
30493 96557 
95406 22396 
27181 13459 
71932 66903 
9190 93778 
10090 71903 
57661 59223 
47302 11417 
45959 96973 
4812 33792 
34740 73723 
60256 39209 
36490 12515 
16989 99922 
96308 37037 
70482 77222 
87336 62387 
25333 27418 
99039 38767 
47787 30718 
4456 35104 
48121 21451 
28555 83326 
74862 45867 
4015 90788 
68518 24618 
93006 68338 
66356 51013 
73990 14537 
71725 13308 
41065 42766 
1537 89489 
40060 37241 
3714 26448 
70357 76439 
92793 81892 
14331 67963 
86314 77020 
17345 97590 
37249 80690 
30381 7054 
48424 21736 
44677 80065 
23759 5060 
93167 34114 
58102 89266 
67021 86834 
92541 68857 
97290 89963 
65309 92406 
81393 1449 
69720 39580 
92143 96746 
90073 74581 
93004 4090 
24048 91254 
97458 85326 
15827 66068 
52634 73830 
18058 39097 
97760 24093 
72699 50334 
46548 23780 
50932 68871 
69255 68341 
20516 65878 
4982 731 
15327 98818 
17657 74342 
66283 93966 
20194 5947 
15455 37042 
30478 47272 
75912 7656 
90116 18755 
18647 22269 
72292 17116 
64956 82494 
28611 29554 
37698 60831 
76482 61698 
78118 94278 
8348 13900 
66239 97807 
12010 20982 
92310 54283 
27325 4305 
14410 85179 
28688 71772 
3003 57326 
15040 41381 
17100 34908 
9503 56966 
78670 43080 
19335 10983 
12011 69822 
83488 88496 
93046 96008 
39924 98978 
9824 10206 
77660 68090 
70009 34321 
99626 20297 
3723 58970 
11544 95015 
821 63345 
69308 3891 
90551 73315 
62802 54919 
18504 93691 
87570 40251 
852 35754 
57468 8926 
39123 49616 
41168 23116 
60075 62406 
63321 27127 
4729 17964 
97213 42024 
28204 11438 
89903 35598 
87734 13082 
3136 7333 
90073 79549 
23697 71084 
41491 58098 
95460 14368 
93643 99394 
51988 62512 
6827 7959 
83377 78314 
58490 75826 
53911 83443 
9310 64601 
98149 96522 
1791 23852 
62215 44620 
7014 59670 
24358 19841 
54055 96206 
24247 20760 
73534 5158 
54009 39641 
61871 13402 
15678 30708 
26036 37359 
29505 22146 
99945 34189 
85486 15119 
33096 4533 
66517 46740 
39682 29272 
35711 80786 
62089 73666 
72751 29861 
46582 46210 
64494 5776 
50914 56722 
3643 41152 
3723 78367 
25921 24491 
13792 81770 
20979 43484 
83579 75814 
85188 36819 
15930 59386 
45482 13507 
15458 61075 
72600 10499 
76798 19706 
19349 24367 
20817 37595 
64912 70843 
86791 20542 
19782 97224 
13712 3839 
47545 96964 
47045 51932 
89518 53215 
88670 10898 
36182 68639 
67167 87521 
75360 22512 
43220 26495 
61254 32960 
80645 58174 
90756 92095 
7372 93291 
43843 84900 
62711 48190 
43406 98899 
77305 94371 
16517 80950 
60414 39532 
93944 99971 
75515 63800 
67599 29948 
69668 54444 
36684 76268 
84709 5158 
12404 30264 
19049 71854 
18468 51752 
27697 5910 
19944 47462 
45107 17958 
36616 34409 
90553 60544 
48631 51592 
68937 56368 
82003 10847 
11307 40330 
69478 58242 
8812 28213 
18267 51092 
81443 72614 
80330 42500 
88607 17594 
13185 5249 
32451 17529 
39621 19967 
26803 42775 
63207 98648 
4719 55013 
73199 13950 
15827 98505 
77180 57124 
21016 20030 
32707 52989 
26497 99854 
10275 19074 
11839 48878 
9052 67849 
97337 2967 
64132 15921 
64883 24477 
29477 82125 
93520 3115 
94229 27644 
95909 33534 
91747 15599 
45224 35437 
90515 44994 
63268 73462 
13962 44478 
144 28766 
22287 95049 
73349 71958 
3522 87677 
49939 87929 
63368 11746 
49215 7121 
73751 13265 
15379 4905 
38558 58034 
59700 41004 
61702 84223 
99951 24247 
57420 31280 
31222 4492 
25654 87664 
46698 13135 
26366 8572 
89580 96396 
25815 16640 
58047 11479 
55110 13572 
4014 84647 
16757 98681 
63404 62441 
98460 11535 
30767 22492 
5085 90219 
44268 48766 
99494 64159 
78450 17576 
50864 81020 
51638 85340 
25121 891 
42434 16801 
16321 77773 
75484 43323 
10046 88338 
80576 94851 
90330 60983 
51028 6290 
50156 4416 
27515 59279 
42201 34290 
11622 83737 
11343 48886 
69816 10044 
83289 10378 
22977 32366 
44779 46916 
29225 16382 
39936 2596 
58513 60527 
24651 27296 
26303 98918 
66265 16442 
594 16207 
49391 81972 
21704 29889 
50335 60044 
77405 83969 
72391 38519 
57355 89384 
92182 17785 
70264 41217 
53245 2195 
44817 40487 
57253 56206 
51094 49185 
45505 49235 
73083 11214 
33757 56340 
34860 79044 
62000 77999 
33082 96127 
47437 91593 
56709 98503 
83702 49633 
81152 15532 
12291 95343 
8593 69318 
3174 74887 
88750 95137 
20754 87378 
95135 31075 
18608 28704 
50668 54064 
1845 53314 
93505 71656 
19475 99259 
49013 14111 
818 96147 
27073 9768 
29792 3054 
95220 68152 
58806 4063 
87603 39932 
34 22730 
97367 70558 
96000 3658 
65748 15317 
63696 49232 
25051 37542 
26852 92707 
74630 68815 
99526 34963 
69102 70312 
60839 71616 
76246 97744 
65447 89572 
18380 38924 
67295 17707 
45483 62569 
95175 75021 
945 89720 
7827 71467 
31504 75040 
73561 81553 
61851 64254 
64827 28914 
1265 76121 
31658 91234 
74830 42584 
19604 59205 
74933 29120 
27541 60670 
10138 48828 
58647 91639 
87979 78395 
3893 79580 
5823 81873 
11530 41195 
39684 49036 
38362 86828 
14683 59126 
48985 66731 
12868 87909 
27725 50585 
24178 86202 
94651 81012 
74555 71457 
71850 44244 
71569 90428 
29015 56675 
92390 30641 
48495 74732 
1534 81076 
89061 97298 
26535 68420 
94946 44868 
38545 24185 
92152 67702 
81834 70158 
37506 56393 
71258 44896 
37643 2627 
29997 32343 
34869 85324 
71187 95162 
64755 37922 
36580 60015 
26372 86272 
92927 49739 
70217 33397 
52521 8297 
1161 7356 
28194 18347 
14202 81465 
54997 68409 
29268 22366 
10943 86889 
68059 20727 
47368 23559 
20630 11801 
95833 25621 
82370 98637 
52980 25113 
3059 49440 
57303 27154 
78832 52377 
62582 64414 
35176 76070 
81522 62200 
94499 2101 
20133 40665 
95330 67020 
48493 65927 
31886 75677 
56750 50236 
12516 25147 
26550 92837 
93449 9065 
7587 47826 
30302 55897 
26539 3032 
3969 91481 
71383 54826 
19793 6105 
87940 67792 
49344 49485 
97464 15308 
82635 73152 
94186 7320 
85311 89125 
9955 25017 
10080 16137 
39459 98569 
94611 40292 
3975 83755 
89129 25693 
94222 16039 
96112 72411 
73571 46551 
71769 34099 
41754 93415 
34408 75626 
56165 74007 
48310 72310 
82946 18970 
3411 26601 
3279 7213 
90858 5573 
31644 2588 
82442 83092 
12294 17615 
57911 4242 
47772 77326 
88354 76425 
79026 7235 
76125 31448 
80542 23389 
72180 96023 
55863 59629 
40238 54266 
18974 27415 
13845 85113 
25251 66968 
97189 10007 
72025 14960 
93443 91772 
23276 83650 
5432 84294 
25575 19072 
42594 44433 
73118 81811 
85470 82539 
48538 72848 
4405 46006 
13145 9147 
2620 1491 
45372 38857 
55548 5749 
29394 74417 
48030 32463 
77243 13333 
68965 53024 
27237 11041 
8954 52907 
99109 68014 
20722 2095 
1961 94156 
44313 87965 
85007 17525 
69526 62088 
93059 11552 
6545 48625 
38779 25200 
62416 11267 
31975 13847 
75771 78157 
12532 85222 
45153 79769 
18084 94316 
97283 63423 
80078 43980 
80817 9922 
82662 73755 
38380 92747 
37625 48537 
5127 88310 
25619 90764 
5554 66953 
28992 35085 
72004 68702 
34757 22855 
88053 95225 
17604 95292 
67889 30005 
22315 88764 
18837 32436 
52533 83433 
98332 38369 
38581 7359 
68932 39565 
857 52172 
75372 7591 
47312 13539 
16206 73872 
43603 29924 
59215 76956 
72759 56511 
54584 40443 
57525 77649 
32731 50657 
53029 30838 
34710 61767 
30009 87995 
12291 67935 
59581 15646 
52078 46972 
79340 14671 
23450 98072 
67596 22382 
23648 67371 
77619 44939 
94990 79398 
87003 76516 
18956 69948 
98593 53118 
49855 46423 
88922 83571 
36740 85437 
37649 97993 
96477 14260 
87285 54881 
43096 12620 
76255 52016 
49009 14470 
60407 93457 
12178 85496 
88101 75191 
30000 1466 
22273 65364 
35461 54963 
9220 71531 
33998 73621 
78296 6985 
90577 41640 
19334 90984 
55623 78225 
25325 43576 
85746 41483 
6711 64713 
10609 94418 
80665 19495 
20812 90830 
13784 86620 
3341 13255 
49867 65500 
30906 22519 
85807 79015 
19397 59038 
68062 53498 
3746 69713 
69812 5298 
46606 21045 
74602 14149 
86587 99079 
36124 17577 
53150 89817 
5774 17706 
23850 79959 
19710 52079 
76220 17127 
15351 43482 
91432 21177 
3627 10273 
99732 43778 
57745 88339 
18714 32111 
91828 88570 
24638 64372 
93536 89589 
14294 89694 
43592 44521 
60327 23185 
2128 62689 
36446 17951 
66858 12368 
90649 60297 
11311 79141 
74328 11751 
92701 5870 
93067 52107 
78484 34956 
30961 61381 
78250 71275 
14455 15388 
83320 85108 
23976 59601 
10279 78337 
32058 69001 
16615 44342 
45168 97822 
6770 62271 
53136 72438 
75110 79739 
44849 83032 
38678 54522 
31790 85305 
97041 45423 
32039 32129 
19200 65262 
6510 16905 
98175 34809 
6489 25289 
32789 5482 
86938 60054 
93119 50771 
63571 25015 
1181 61587 
43378 28277 
11643 19132 
38032 92509 
8712 60375 
77558 40508 
44801 95856 
77644 58000 
34186 87293 
78165 22463 
80605 43341 
62754 26678 
61549 45864 
89670 18793 
14028 76202 
12759 26868 
66650 71173 
47950 35191 
41085 1929 
45512 32092 
2347 35295 
61234 54562 
71776 6819 
80680 13645 
29224 7574 
39882 96426 
21647 62563 
3074 5347 
64184 57628 
3513 13670 
66732 53890 
26954 87089 
44185 13970 
18997 45806 
71650 52653 
27339 18834 
27387 16150 
47832 72865 
25614 88735 
29328 81697 
78972 23294 
6414 39083 
46131 93199 
71450 7756 
13899 66938 
67721 40493 
35134 14030 
84059 5229 
93874 61045 
57928 95595 
97343 29897 
48793 10657 
782 7098 
26457 43219 
55596 12299 
30107 24742 
33856 57156 
92995 36740 
22926 11505 
94896 13467 
2858 22766 
99985 28768 
16145 66666 
61228 81150 
14517 42624 
24103 65474 
20715 65490 
42204 47068 
74503 46871 
25244 34674 
41644 3881 
75948 82290 
52203 80915 
36535 36822 
201 20923 
57759 88367 
80561 76673 
23872 73052 
61199 9602 
15433 24507 
88248 84125 
68527 69403 
617 28655 
93763 14890 
86423 1058 
51306 81379 
48324 65946 
39252 92754 
57365 63913 
41808 47971 
65677 28745 
1032 62892 
17223 87600 
21272 89296 
42746 61311 
89024 89210 
50169 67196 
92542 66978 
24950 15167 
55343 38978 
36195 79394 
55667 51426 
3849 22456 
89963 40414 
19850 46613 
52647 65142 
31877 47771 
46670 35248 
92155 51647 
9832 96199 
45763 18848 
40305 32906 
82978 15750 
31517 1036 
8425 61516 
81313 97945 
86132 78042 
23211 40703 
4086 89283 
38632 27396 
64454 39136 
48129 19698 
46386 22969 
46911 99635 
7140 56862 
45405 21546 
84255 40758 
99090 1442 
36598 6998 
63540 60246 
15313 84066 
90356 64884 
87084 46880 
87617 91735 
41555 69621 
4484 70643 
2383 44792 
63775 54515 
27100 83139 
58587 99468 
24814 63023 
49484 33566 
42761 54984 
47279 38349 
72804 7486 
43109 66710 
7199 43214 
52283 73088 
29316 81785 
71304 37538 
59436 74394 
8483 23888 
88389 8621 
37735 24071 
22483 17567 
42443 5603 
32045 6427 
61650 97272 
42855 91781 
24419 19305 
34853 34130 
59824 88559 
15739 32553 
99854 6779 
18393 41920 
50375 70461 
30575 67665 
91398 24622 
2893 90924 
81981 19551 
96818 77692 
87454 19555 
28310 29673 
17010 55814 
34651 41627 
58269 11611 
42116 40250 
22079 77555 
40409 93029 
65587 16824 
76052 92015 
44551 36037 
61482 37051 
56873 66076 
59120 65800 
78499 18941 
40464 3758 
60140 1725 
39077 36448 
48638 36820 
13308 38128 
20373 58665 
9702 26606 
65750 31683 
71262 52105 
43582 61460 
66084 69659 
32119 51833 
21341 89127 
39490 94185 
35221 44680 
481 62124 
5109 76484 
78883 24619 
54181 71309 
15017 83753 
60535 65931 
6619 89436 
93089 77435 
87891 82750 
36684 87916 
76333 72020 
45211 77577 
89870 51291 
96009 69839 
97837 29564 
31408 24862 
58516 50982 
64022 93714 
13243 51073 
91203 24474 
52481 12249 
11091 93635 
42809 52929 
57752 21481 
5423 8985 
76142 18434 
66545 43650 
38971 922 
58042 52580 
67023 9918 
32574 14482 
52080 63048 
71779 74491 
97309 72086 
8276 37475 
83851 61602 
52659 91473 
44291 31702 
15228 77667 
73797 18037 
38825 72636 
37943 15624 
13954 51034 
42586 49558 
30261 52445 
15605 95282 
29498 84833 
12952 73878 
64226 58819 
2166 73686 
33848 61989 
95338 78580 
64909 50460 
512 15362 
26204 56159 
35580 67973 
20827 82566 
1987 44609 
77135 89119 
46853 25341 
68482 45051 
51659 62453 
27612 67107 
73183 53464 
85784 42424 
28133 57710 
58952 77774 
56761 81309 
23767 9467 
22691 12530 
74680 54373 
6347 49778 
30100 81852 
27518 27826 
60330 38836 
89014 14413 
42930 65832 
67785 18964 
12190 367 
92508 27928 
58541 76150 
37349 57126 
51027 91210 
30477 90488 
1383 36318 
22837 56711 
61778 46207 
87853 80590 
49949 60383 
25881 34186 
25252 57819 
28639 4476 
97042 60340 
18275 88770 
32844 83219 
13364 26934 
47940 48330 
89804 80332 
271 65120 
98487 71399 
84968 27755 
73528 4911 
21365 72966 
14999 2233 
52001 92454 
58276 93240 
27913 96134 
48503 27089 
37410 78090 
23121 82659 
46588 45783 
68020 82226 
58968 34875 
53594 37817 
68960 46992 
75812 88694 
79230 15779 
24419 20551 
75620 27831 
75456 92254 
4901 99370 
58509 34331 
80431 36998 
80467 24942 
48720 91413 
97015 93659 
85908 46669 
10707 51160 
57349 74380 
40175 93820 
65760 22203 
48872 86177 
33816 99008 
43744 81372 
15603 65334 
54295 99953 
8001 37039 
80748 50759 
37854 62501 
56354 44151 
33694 39295 
3357 17452 
51827 94948 
74744 65241 
15735 68216 
64617 42994 
45051 92238 
38866 91593 
95759 99014 
84820 12349 
6816 35828 
3616 7425 
50050 8571 
72278 88942 
9969 44332 
83834 51535 
78031 96233 
33259 97783 
31970 97124 
54670 3662 
84897 5630 
30856 12060 
31236 77918 
90148 46409 
86912 41677 
77551 43597 
19774 44963 
37178 15591 
92889 1875 
71252 62572 
98124 59499 
47292 76906 
40351 66078 
9546 96868 
43632 29110 
13370 91829 
89916 13845 
41951 86471 
68062 47618 
83610 60603 
6395 63532 
44934 93287 
85569 38154 
50026 55231 
80138 52258 
29448 91779 
57044 31050 
33719 80354 
67134 884 
15759 90807 
1844 33195 
14207 24908 
51377 33150 
35336 62074 
92933 70494 
75059 92447 
58032 43115 
44559 75552 
76438 10059 
63123 23025 
70893 30022 
60019 67289 
81645 93800 
83584 44529 
32659 44756 
50163 89993 
12441 40022 
78148 16352 
31557 17008 
43074 21766 
36231 94699 
58594 53292 
2797 57310 
35116 33395 
11328 39050 
92973 42585 
98410 53061 
10251 39585 
18849 85052 
66712 91930 
3953 2696 
4751 84521 
90124 15557 
65896 71437 
5617 57145 
77112 37155 
45626 50615 
54989 37355 
36251 62701 
67899 96607 
86462 46680 
46258 50488 
53805 24458 
59314 33068 
4407 60319 
83167 27187 
30724 34454 
69242 14601 
1530 33064 
85016 85803 
57798 33653 
39533 95223 
35400 79067 
25068 76502 
90987 1914 
3306 64669 
30908 82167 
39460 7317 
94738 95087 
41020 85215 
24709 34045 
89131 4348 
60308 73372 
60091 65965 
33299 70078 
22065 68982 
2604 90083 
57812 49984 
60757 84550 
8087 20033 
64068 34969 
52348 14667 
87145 31855 
43492 33688 
79109 51205 
91570 10740 
3602 45331 
47777 19164 
77607 70232 
74490 90279 
85138 30373 
99721 92938 
31001 33549 
45068 99143 
17142 13451 
85109 39470 
69471 95624 
43150 34200 
16624 53693 
53330 71295 
23746 27053 
22314 90755 
14209 48657 
5154 26373 
70035 62108 
69373 50553 
87888 90941 
58913 65598 
81605 59819 
85319 85758 
64557 57273 
67387 58340 
15529 72728 
12456 79291 
30342 36709 
82638 68935 
88101 42452 
17502 86931 
15741 29602 
91065 81987 
17452 66208 
65420 91552 
46592 73962 
65948 29391 
36875 3417 
43737 24901 
76880 80853 
9743 6961 
7370 16562 
22132 57297 
44405 85476 
83398 93552 
82936 65404 
57040 80654 
15319 45570 
44942 10576 
7113 98724 
76059 35202 
8560 43774 
44639 84783 
44300 12719 
1899 55315 
16177 75591 
48943 2225 
74359 70192 
670 34820 
60593 29592 
90538 66266 
4019 99683 
64242 37191 
54785 91510 
66730 97551 
73605 18683 
61472 1007 
56433 28850 
33439 38808 
62598 50051 
18044 16079 
32020 37667 
67077 52386 
22540 25813 
9692 70615 
71928 58148 
91566 23411 
90811 97441 
78582 94844 
22522 90641 
92763 6455 
63790 96787 
7598 51452 
26256 68769 
67564 78608 
32900 16787 
12323 48261 
85806 71269 
79942 86845 
12077 6100 
35457 73503 
93241 79203 
21190 2569 
10164 96799 
53454 79116 
90267 10173 
96642 21242 
26745 9268 
30138 62420 
50539 86186 
86126 69966 
74945 3446 
77058 21585 
69 16809 
50415 10932 
59697 70554 
5358 85277 
16737 4253 
80955 53607 
65003 84447 
78921 41867 
74931 2029 
15118 13566 
28706 56732 
3558 18594 
26324 83809 
64259 80840 
8273 64789 
11992 86089 
32800 4153 
26838 85694 
66129 46848 
29432 88618 
92563 57711 
83869 74710 
28027 83244 
29470 25475 
25415 68570 
98965 35064 
93005 8007 
15091 33878 
8252 66370 
70250 29900 
98413 19919 
84545 48782 
76763 30838 
6391 32682 
68546 87176 
66863 40000 
34372 11370 
24029 73417 
394 64810 
36766 51999 
34423 53316 
88864 34643 
65017 68993 
43744 96795 
26631 87597 
47666 60063 
28074 77377 
15065 75311 
83808 65298 
23474 63729 
18009 49603 
17482 27602 
49892 43885 
71256 52657 
95415 87130 
87406 37334 
75283 56670 
16282 764 
2098 76505 
64302 40906 
30501 22185 
22486 37029 
93342 85239 
87086 16612 
14192 75084 
63087 35744 
81903 4410 
38276 54219 
96492 25238 
90719 21781 
47245 57148 
45673 30376 
63759 76639 
29344 28727 
88526 17125 
76330 40219 
55699 62773 
35227 72811 
24864 6215 
82580 60578 
10893 80089 
99207 30491 
71385 65442 
84890 45171 
61745 26216 
87563 32602 
44573 18364 
1290 77180 
44871 74557 
43722 12957 
75443 71048 
58176 29595 
17929 41915 
98073 74279 
34046 17748 
42210 8717 
98925 30771 
58165 59376 
93820 46454 
78127 81214 
69000 52881 
76545 40428 
89317 63435 
42175 10120 
4709 65809 
18506 64287 
45799 80929 
45977 50160 
30824 79049 
77006 16686 
84238 37107 
50584 77809 
9660 11371 
7030 93233 
30225 42463 
95460 56449 
7943 6044 
76655 90093 
80312 71770 
52190 62048 
7251 35552 
57086 52247 
4290 45732 
37665 19719 
49018 52474 
98934 42210 
86932 71488 
46512 26570 
30136 68143 
66985 17107 
37711 36092 
87528 61234 
90168 65735 
30748 27001 
22002 72127 
33903 5460 
56179 79438 
33031 72347 
92300 39577 
21965 28160 
36204 96324 
83817 83485 
22949 93114 
58253 7311 
77381 62569 
51704 10043 
76921 28920 
19645 90092 
29741 680 
50175 33152 
58132 30214 
56334 16646 
81694 69339 
40968 38360 
27843 55588 
32404 57867 
58211 22533 
1802 12139 
88632 39326 
63779 42598 
97725 49588 
30735 49867 
64476 97828 
38301 74623 
48764 2769 
84408 88183 
30440 61284 
27714 64861 
52334 44065 
72459 99612 
70505 74738 
26312 29134 
1060 67815 
55347 12328 
67035 37687 
76019 26910 
91118 80816 
17876 42973 
50412 76346 
62668 41412 
7949 46534 
15673 55403 
62348 67733 
93238 26478 
11791 25091 
16883 83262 
11386 59703 
88828 70567 
14040 65637 
86349 79269 
24119 56076 
53120 53304 
60447 32766 
84555 79108 
20626 61002 
1102 94941 
62174 73615 
78575 92823 
67651 1698 
57816 24149 
40725 57278 
87311 61591 
88038 73702 
61902 14501 
77767 43184 
8278 42778 
29941 77789 
33697 65070 
85851 60077 
98209 11158 
24314 42672 
92648 25501 
41060 2239 
4729 89198 
84213 52654 
33830 90969 
43583 74595 
71390 44286 
24410 24351 
98301 17408 
97252 43339 
63304 15806 
4842 1631 
97086 32396 
24038 73730 
85661 59931 
26412 62922 
73546 42096 
54529 61689 
92388 25056 
32656 60015 
13889 59632 
60413 90843 
7217 95725 
95788 32505 
40610 5304 
19972 71654 
4421 67970 
90645 67019 
48605 54023 
32600 44275 
21503 43946 
85040 95361 
68728 30359 
23374 51777 
1075 58739 
49 50726 
68577 76593 
3683 15376 
84220 77259 
18736 26112 
25240 44166 
78930 68320 
2583 24093 
46841 4078 
29797 83910 
19333 30053 
41470 34213 
53942 51984 
8332 35461 
34828 27317 
71206 37434 
48603 1864 
69215 41229 
20094 93827 
69038 14506 
66038 59055 
11426 35335 
60726 5143 
78830 87735 
71785 8738 
53694 82891 
16551 30415 
80823 34022 
9927 14526 
69197 70018 
23124 7600 
68724 33208 
49362 28238 
35607 69996 
77400 73824 
56398 89625 
6639 55003 
35239 35931 
98620 7515 
61415 89730 
48881 42832 
65066 95335 
80401 63952 
37725 83726 
5313 90801 
41371 47005 
75066 10862 
54726 4046 
40893 94979 
8800 85593 
76223 95721 
44995 58609 
70587 76256 
88581 4262 
90603 1387 
67936 61723 
17781 59195 
25673 50811 
15182 71710 
61622 90529 
45364 96058 
19614 37665 
60596 13760 
80093 79885 
12978 55147 
48835 31120 
86868 8314 
38370 93569 
38975 17597 
23196 70232 
42458 85239 
12462 34701 
70571 51758 
24524 90740 
22661 45416 
66622 83268 
90734 59324 
19904 54417 
88358 35845 
5117 73647 
15304 12323 
57501 9238 
11141 9569 
70790 50014 
58880 25133 
79671 30754 
35830 27059 
37666 62531 
72964 30650 
13128 20062 
76387 80703 
69870 92199 
84910 54752 
20937 58770 
86263 49032 
44130 17278 
91159 8207 
26089 46331 
69166 12339 
58126 59144 
83306 40151 
41438 70159 
21291 86310 
71949 70495 
10491 22293 
65748 83894 
21012 55327 
54932 53785 
6649 57970 
30634 94228 
7061 12075 
35136 22781 
36117 35217 
8148 81662 
11199 35091 
73733 45129 
36126 67958 
13782 5605 
36407 60904 
11571 28825 
59695 94500 
64654 69190 
96602 32396 
60171 40475 
47425 27429 
77644 44207 
58901 30038 
34435 68250 
81733 74086 
17235 81539 
54447 17627 
49328 67397 
2023 71734 
27842 57489 
48805 59175 
27783 51237 
84318 6574 
10381 31399 
87957 88587 
92127 15497 
13865 10748 
27848 14939 
60903 38770 
36259 8906 
4237 56461 
49672 78471 
44882 61807 
867 87919 
41431 91375 
69616 44857 
24237 96854 
98951 18468 
56495 84404 
56977 46129 
98927 67374 
63896 12635 
55194 76064 
25861 43386 
23720 14374 
17391 13136 
58219 52498 
32300 35330 
44061 97272 
79430 63492 
30474 87345 
33966 5814 
19649 19037 
67687 26809 
2948 20564 
72262 85805 
51727 57244 
58508 41022 
15675 68378 
61540 30146 
55106 7683 
6803 23520 
35325 83462 
95229 34508 
40937 72164 
47093 63027 
25915 9521 
3617 42931 
1247 47161 
22978 61643 
76170 99409 
23077 21330 
11256 94927 
17306 14919 
12050 90907 
61485 97368 
90485 3731 
80282 42875 
47948 59323 
69598 92083 
88681 68854 
77809 9834 
55087 91043 
53168 93662 
87562 50976 
7316 95977 
50624 47174 
85545 48745 
34408 93614 
53325 8503 
35983 11424 
5542 71660 
48512 6228 
80054 45284 
37917 41356 
10324 96974 
66494 44659 
83292 48903 
30842 67159 
78092 25746 
17516 45517 
48823 13979 
43932 7073 
80318 40887 
44397 96179 
89672 35653 
81500 93614 
68310 92000 
11644 47028 
59423 12134 
10192 29737 
43858 75103 
66426 97569 
63887 39195 
91492 19073 
48738 57624 
43492 13077 
18387 59513 
63062 39391 
32833 24053 
30064 53408 
22905 54731 
97430 53414 
85642 42642 
31706 20605 
52388 93149 
91552 76138 
40938 78555 
5193 56965 
84457 70924 
65747 42795 
89339 3846 
49398 50181 
11781 9675 
75527 46590 
58567 79657 
70201 27212 
11408 98373 
64849 40366 
46152 11032 
60454 43527 
68284 92429 
14289 21331 
14344 99739 
60990 99349 
75255 7843 
62655 42986 
82015 45481 
93730 39555 
56803 73324 
5570 23399 
73292 70892 
82863 18858 
88776 28270 
99519 43963 
7714 70716 
5144 38924 
11399 79481 
24897 57780 
41651 10548 
35311 89058 
57810 54526 
86552 51807 
95773 25527 
77647 47103 
45394 14625 
55360 31917 
28326 94389 
99685 22187 
2189 14953 
79330 24998 
38973 89249 
9099 45965 
25614 25256 
17765 17241 
12983 26515 
39763 43993 
95800 48659 
76993 72768 
40517 69323 
38027 43878 
90777 1575 
51180 1709 
70786 56878 
65201 1840 
75794 42582 
96740 71906 
85841 61105 
57274 54329 
64023 63184 
93869 83361 
3768 95981 
7883 26338 
70933 78321 
73702 49571 
46048 29957 
65543 53052 
9578 79545 
14620 54900 
28848 76848 
61157 96476 
99081 38728 
36220 82121 
63007 65590 
6824 63677 
83567 75210 
44461 29272 
72489 14250 
31957 58285 
83828 24270 
6505 59964 
66068 58679 
47722 21893 
28960 69812 
58768 56279 
21994 11206 
55829 47000 
40265 29156 
76692 68415 
70438 49748 
42667 68126 
64662 2827 
59763 80192 
83443 62747 
24831 62755 
79890 27228 
10281 34582 
7184 308 
37018 18735 
18747 93096 
9403 88393 
96272 6940 
78339 49781 
84662 17617 
18973 90251 
34885 36275 
58055 65721 
55827 83114 
62658 1021 
54490 73185 
6733 29124 
191 80168 
64895 802 
82915 13644 
43870 54952 
48560 18092 
51183 51644 
84542 77774 
17975 34879 
98071 90627 
38214 10129 
76383 56428 
60136 92907 
43312 9769 
67378 8939 
29808 16718 
17085 3939 
