15376 9111 
30665 67607 
80064 33468 
60477 40791 
32185 25790 
71959 34934 
70453 78667 
87791 82574 
40151 17176 
8089 66209 
49734 22186 
11409 67173 
48326 10010 
69278 51805 
73685 46516 
55372 8960 
55358 9008 
82144 27267 
10922 47600 
77469 27937 
4591 39291 
21804 49522 
46923 72595 
2362 14701 
1960 48322 
5015 95997 
33865 32979 
56858 37252 
68960 55284 
52839 80783 
71037 93399 
48353 96296 
27937 60747 
76369 6990 
25578 61649 
52466 60687 
41983 54547 
64019 99428 
28336 30164 
867 39632 
56680 84753 
73900 86757 
4584 44429 
85330 73322 
15989 75608 
59798 27245 
24375 98685 
19011 48605 
49515 7352 
84264 97282 
82296 84330 
20981 71368 
53437 95795 
97334 86780 
41395 41400 
15016 52246 
12370 34557 
84405 70602 
1027 88524 
58675 87310 
34399 87834 
11759 50171 
73413 31740 
43666 40376 
96587 46612 
23276 84387 
78648 77572 
33526 58563 
23191 86201 
66838 53996 
92949 741 
29626 77763 
43870 87982 
53940 28555 
9888 41923 
81521 99638 
4145 13260 
81027 30132 
99392 35925 
82652 46805 
25375 42116 
66073 12883 
74266 95678 
17427 27835 
36518 15145 
78914 2637 
99008 2444 
50691 68722 
24939 40968 
68853 65648 
676 77615 
75594 92442 
78539 57420 
18053 639 
66587 36497 
60884 53266 
16454 59288 
74235 73279 
38598 49485 
63639 57451 
30608 30504 
41189 37250 
38737 60998 
98442 26950 
85376 43679 
30626 11020 
85964 41575 
79031 87796 
47622 14860 
3873 4488 
88808 73527 
73427 89784 
44380 26419 
56941 14616 
23658 95526 
38561 89100 
70449 55945 
27468 34218 
33468 56531 
25417 50537 
93152 74044 
27060 43012 
6650 54431 
70701 50938 
26545 98932 
27547 75110 
20907 59805 
16060 90506 
72322 20707 
54664 82063 
61785 50187 
20857 43621 
49702 33199 
67678 35609 
50697 5223 
59526 5807 
61539 36289 
28472 39268 
42201 38118 
19514 18488 
68948 96574 
88605 42921 
75279 63752 
40841 78176 
71687 79289 
47862 79513 
88394 28867 
63268 61722 
16581 89357 
62812 68020 
33095 54715 
72119 24291 
81239 84471 
8884 51831 
45918 67543 
58747 51674 
5341 48097 
24485 66664 
63367 17331 
36678 73606 
66753 35279 
90668 57181 
89732 10144 
79431 69707 
24734 29146 
24864 86428 
52506 4517 
71051 24701 
77511 71017 
92214 7240 
5181 47241 
85352 14553 
6480 51969 
62978 89759 
62169 48955 
34890 30150 
4295 78798 
69583 24206 
75627 24927 
55694 70191 
9119 52222 
41780 43036 
88953 51423 
18751 59902 
92304 20254 
23468 31629 
26708 13037 
84277 77233 
71746 94601 
99665 21654 
5735 41398 
39779 93176 
48214 43014 
87166 86243 
77248 70623 
87934 57831 
86887 95449 
67388 81121 
34643 59917 
75282 88881 
91380 26949 
64932 825 
46805 58708 
77780 44098 
42525 5133 
362 44168 
1677 14708 
84192 84538 
99170 15178 
70728 8063 
69855 50293 
43370 60044 
83255 187 
36350 53880 
22968 57586 
66417 73727 
96449 79843 
17363 15444 
66624 87640 
99748 7029 
40588 35218 
28557 42839 
72672 34113 
10088 12048 
39203 72652 
6020 1151 
20554 36813 
47386 2731 
82390 4578 
4096 68282 
82513 55526 
76694 1597 
42294 10182 
66179 988 
12415 89490 
95012 23627 
31467 63805 
97858 63277 
22962 42931 
74107 3953 
1370 43953 
95926 36304 
61052 62036 
95338 997 
3286 60828 
11768 53912 
16057 93757 
67495 31692 
58902 65260 
52653 32948 
20780 41845 
43663 20434 
12837 26931 
49429 92505 
29863 20485 
78134 68402 
64370 94781 
44154 81227 
85410 30948 
89380 74879 
641 77495 
76162 56819 
4577 11631 
20102 67228 
78589 6945 
70102 86894 
48925 36884 
10368 21160 
27891 72497 
54433 65309 
60266 65009 
24866 77922 
72172 39061 
63928 63132 
72794 60835 
274 90064 
90740 86775 
4671 58365 
36254 43242 
3767 52413 
68135 35222 
85081 13577 
9919 33035 
18688 99902 
3725 40061 
41475 95588 
12141 1558 
98380 78891 
78646 74969 
11681 56335 
35235 45436 
54208 23613 
2332 36782 
35220 19071 
60473 37835 
68781 94411 
85908 36723 
83570 39029 
32942 31640 
50393 59367 
14709 65619 
49040 32699 
81042 14922 
69695 26007 
17192 45978 
45743 94855 
90379 44107 
44613 54687 
52507 8839 
1214 47467 
66832 5220 
64537 10323 
63997 58266 
42173 89655 
48542 78611 
69781 34095 
70874 11390 
2937 42806 
51609 7532 
27344 41765 
95366 26884 
10032 10008 
59240 95980 
68981 80262 
47578 59760 
21479 93936 
89142 86177 
82598 99157 
15334 5387 
24299 42333 
98890 91090 
72989 18682 
31283 20605 
18741 15225 
14074 82371 
32937 927 
14514 34846 
42752 93010 
88957 59125 
90678 55859 
8957 89137 
15198 69566 
34431 47871 
24762 38798 
65832 65876 
1363 99514 
73030 9112 
62316 21005 
42419 97286 
29232 93775 
5765 50887 
1728 39998 
14396 65421 
10075 82571 
545 74708 
25761 61263 
24036 31621 
41857 89996 
36951 4259 
96130 7985 
11508 58314 
98973 89318 
67138 72264 
45535 40439 
1554 11038 
36837 33126 
77609 65900 
8181 91692 
42817 53596 
64841 77492 
61651 56151 
54798 91248 
22067 74214 
66187 44260 
37179 61501 
23173 33280 
611 5605 
68120 90628 
69770 21345 
60210 71084 
45135 26828 
91074 80143 
85633 79511 
16539 44412 
50255 59827 
30244 74268 
84307 3293 
59681 71297 
75037 98547 
48102 88642 
85823 88371 
96796 61042 
40757 33515 
81374 83194 
72122 25025 
23014 29988 
62161 59775 
90990 80236 
7475 26019 
36386 26718 
9492 81072 
8524 29677 
47685 41551 
85442 98325 
23549 48171 
57642 65516 
72823 11665 
40404 54401 
31051 94203 
54071 22728 
3280 31508 
4045 10366 
32561 54931 
12604 8707 
83881 29823 
3217 16801 
60241 86826 
14661 48386 
45848 86080 
27071 6405 
27702 20838 
14916 47199 
81358 36615 
2973 15228 
19220 14759 
90506 41000 
90474 45187 
26139 59826 
90573 92070 
61349 27099 
85212 38337 
84003 76957 
78776 80158 
35065 95544 
60508 30931 
41334 57485 
42970 85788 
55039 4796 
66847 92294 
77112 31111 
83742 70738 
55125 70937 
44334 28312 
89193 83591 
13124 15472 
49510 64543 
2948 79898 
7759 13058 
72559 83744 
11265 34381 
58776 63213 
83585 57117 
21078 26036 
18081 2050 
60958 2032 
42131 47324 
40972 84697 
68716 96720 
69142 27643 
19475 72719 
33208 88704 
98672 24103 
66192 46678 
21106 59024 
99871 50903 
48606 88805 
15918 2253 
69586 95174 
35883 5652 
63999 14187 
603 78819 
32106 63803 
77273 49727 
29601 28884 
98088 26113 
43944 57331 
78265 74412 
67155 14129 
83173 2593 
68843 86298 
14441 1633 
49934 31001 
63110 63756 
62322 11578 
34252 62051 
12586 71764 
81953 45724 
28949 57115 
6146 77991 
59825 4414 
53521 19489 
89566 84827 
33560 39103 
2458 4600 
7748 16213 
99509 38317 
35072 83645 
74291 94028 
60189 48966 
83819 87016 
11945 23277 
8409 29518 
39432 81297 
80471 27434 
50356 74256 
76350 11842 
32204 18030 
7630 23116 
30564 82927 
18700 8473 
30912 18672 
95954 89984 
40274 58398 
20608 9414 
93409 58822 
51957 58670 
14485 50286 
10750 60215 
49728 89983 
43448 70512 
49064 34432 
87247 41343 
15570 73150 
23062 88832 
60328 94468 
99063 88031 
97296 86579 
30899 32144 
87891 12136 
36393 69759 
98193 33126 
42290 60934 
63048 4235 
8549 73494 
60791 97533 
51691 74654 
89953 69105 
12883 59839 
4974 29074 
8746 560 
11865 30526 
23231 86232 
46672 49929 
47510 81052 
59727 91920 
51421 16329 
6892 14695 
74859 91140 
5331 38761 
60346 59716 
45843 71412 
9109 42685 
66357 52072 
32119 11090 
81946 99503 
84838 57058 
35532 20900 
19833 83054 
80461 25010 
64956 12850 
31181 66666 
36434 51653 
21530 38526 
26014 278 
91441 17275 
59219 58812 
82378 66211 
7777 38929 
59396 93877 
53494 40795 
93447 69271 
43082 40481 
31402 98180 
43884 76843 
53230 72316 
8984 23036 
65870 13181 
86820 77125 
11566 45956 
65223 8722 
74765 55238 
22729 54133 
56164 94053 
71003 61179 
45094 40345 
11424 46689 
62122 21006 
96126 44601 
62648 52523 
79225 90665 
89203 79456 
67480 10940 
35263 27193 
31315 55594 
36646 23818 
16894 46949 
37855 87452 
7859 91294 
90254 20011 
21391 37669 
26517 96120 
87385 53640 
21553 86789 
51841 28031 
93921 11446 
65966 3645 
23760 69065 
71034 89194 
63306 59391 
65690 98972 
94353 68608 
47188 21264 
43306 60346 
50957 22021 
98983 82509 
73913 49047 
90901 73194 
56114 13748 
76515 24817 
12635 92450 
54727 44607 
52930 7326 
69942 31714 
98513 18205 
96051 76460 
11440 80822 
92965 75638 
75839 4523 
9632 49253 
32678 73005 
66975 38741 
53969 75347 
91773 64450 
56792 31441 
88227 21061 
99771 85820 
27809 93593 
75087 87005 
9957 83817 
7621 65629 
96288 47112 
99482 73961 
49207 53202 
12968 51854 
12145 707 
67921 39741 
53146 35073 
40461 67966 
56092 42193 
89240 13574 
84611 15926 
2679 30615 
62521 26701 
56003 28089 
11680 50547 
90470 90844 
63173 53127 
78839 13056 
11008 61732 
20898 41380 
8841 99718 
20778 5384 
19708 2459 
33850 46631 
16367 81683 
35109 44527 
95538 55911 
53282 77039 
13214 18726 
35277 47441 
70163 73742 
54141 54420 
76854 25382 
50338 82224 
5250 77961 
973 39941 
91268 62062 
44467 84589 
86175 76848 
49231 21373 
67793 9675 
4071 86300 
13090 70272 
25300 81251 
2608 55747 
20986 49723 
74131 44815 
26257 52594 
68103 4892 
25295 27625 
10525 84081 
5375 93821 
60413 51566 
46279 92365 
8364 44597 
34395 39503 
50376 77952 
5012 3614 
76808 72679 
58578 8587 
10175 64910 
67119 8749 
97492 62667 
85545 76742 
12942 28842 
9212 95063 
54888 81904 
73937 44465 
27579 22391 
77518 37918 
82398 12877 
12897 57581 
56064 61858 
42223 14006 
83950 87878 
8394 61781 
85518 69215 
76030 73833 
15840 16594 
17402 97851 
52278 41620 
10466 92584 
38611 32024 
95962 69204 
40261 86322 
48443 43503 
73716 5088 
52120 38388 
60875 83837 
36589 62930 
24742 3347 
19779 34194 
86746 67298 
25868 1131 
47956 94201 
94466 75993 
36523 30857 
74000 78072 
81939 17974 
97040 46977 
33029 5045 
68207 88268 
71069 81266 
56345 72905 
82026 61966 
71784 23849 
42633 45964 
26834 88026 
43858 38221 
23025 9993 
22315 14307 
82177 94797 
95230 88461 
40016 71847 
97839 35387 
50861 49057 
3404 7442 
9801 77101 
65530 83492 
84814 27278 
60063 83489 
65459 23340 
19549 83661 
77045 57549 
47118 71253 
79577 64311 
68587 84859 
69346 20921 
31719 96648 
27662 94263 
89760 6159 
16036 54769 
12738 31866 
99995 34484 
54495 6306 
94799 14795 
65987 3355 
65437 91185 
86148 52084 
80600 77323 
60436 20657 
15723 78865 
34144 85843 
23721 88524 
42707 38982 
43732 28306 
74382 17604 
97908 92214 
12095 93435 
34276 23332 
70687 92116 
9666 92856 
33386 67753 
70900 35471 
57072 6258 
84705 35422 
59745 85474 
87226 50670 
25563 77190 
72556 8744 
62935 36409 
16348 7192 
29371 86620 
35375 3994 
93124 76311 
16797 88848 
36162 51604 
11945 84949 
15563 62642 
78585 42692 
91201 97242 
72899 51656 
96385 14311 
37859 15326 
75128 31688 
8171 4161 
34799 8290 
53657 26962 
66135 48845 
12699 37933 
63945 50991 
25309 27366 
41309 9143 
61393 27621 
67665 87295 
53973 2838 
76908 73792 
89375 80792 
85473 35122 
76841 28364 
32336 92894 
18525 68279 
2978 58438 
27521 84083 
27576 72817 
96330 62797 
50022 16585 
1110 80200 
48858 73202 
38060 42449 
53809 52826 
27479 59500 
42313 9021 
88291 40778 
19292 9997 
81283 71595 
80400 58044 
42780 49994 
34064 86153 
82209 38044 
10846 99137 
96716 9022 
20046 68105 
63983 52493 
22881 31759 
10361 33015 
79217 5728 
15647 84965 
90536 52058 
8091 65968 
5660 14944 
23625 84454 
77754 85959 
51866 63067 
61187 22259 
68086 98954 
15096 4628 
55123 34432 
36813 88754 
52137 57063 
82799 72708 
28133 6878 
47340 76412 
67339 80313 
59951 4708 
70817 85338 
31318 44676 
24080 20354 
24554 29960 
54048 20597 
53649 90133 
308 40138 
14236 91495 
55450 14966 
33100 67202 
87150 83251 
82382 29272 
40711 22546 
41986 52735 
34927 516 
9440 23115 
6429 25717 
50303 42397 
28077 28026 
54185 95775 
25495 94495 
11552 91748 
42511 35739 
54685 1483 
61046 60396 
12548 39881 
63910 90769 
13755 50413 
39989 61450 
34455 78540 
70483 4534 
28649 44419 
2119 40004 
97328 54584 
8698 57875 
49765 24451 
65842 99955 
85423 18702 
15502 23310 
78127 55041 
76527 55052 
75539 58262 
65555 28549 
36403 96241 
28487 24914 
15661 77192 
46973 30415 
73237 38416 
76630 60390 
26162 10776 
94122 93321 
85646 264 
78762 4925 
20846 88257 
30954 91417 
69262 15479 
34590 23546 
70075 81145 
3416 78585 
31173 58425 
12419 56131 
53265 109 
4448 95391 
25136 84221 
79570 76587 
73010 28356 
20069 7148 
93921 83628 
77526 64585 
28092 4373 
50092 92232 
28565 78132 
7833 21492 
67655 91943 
81960 24791 
79279 5602 
19758 87134 
73804 300 
21232 20975 
77799 71926 
15729 39043 
44889 42336 
7235 42855 
55925 69006 
15575 80815 
76745 43742 
67389 79135 
70033 84515 
45569 51230 
64159 40967 
88725 46836 
66304 53789 
43301 10769 
69818 30899 
10118 83061 
46458 29261 
94396 87171 
33007 60148 
63740 20999 
18742 67821 
42082 86669 
15332 66825 
19255 69308 
43946 61487 
35641 2549 
5722 12711 
9269 39004 
11207 61790 
8741 77666 
31979 68702 
39556 87019 
3378 73254 
3674 2566 
51146 41419 
12563 70548 
36707 16363 
82522 55847 
15954 53884 
17728 31333 
84615 85409 
91243 18408 
39614 18137 
67108 54031 
20326 51610 
67726 18214 
6221 62699 
79847 67795 
38107 86890 
9801 87232 
99036 2767 
43991 85223 
37908 8703 
44235 37170 
43911 66023 
9169 97794 
83141 71306 
62731 85662 
90120 11960 
88656 71960 
66378 53864 
15931 89533 
75869 7613 
74333 15008 
42734 20773 
81458 66804 
50737 47578 
93053 4849 
15696 54600 
46998 14051 
52334 31216 
57949 2869 
85164 87026 
74445 50779 
59420 34935 
93170 93987 
92469 78185 
36123 47446 
68767 42431 
35587 23045 
22141 19786 
39093 18768 
68016 20794 
41966 21702 
45183 62416 
78583 88965 
1813 55348 
55143 44932 
13621 92401 
86520 60571 
53465 81139 
7687 61304 
41094 8636 
66224 43452 
89407 73943 
66607 66164 
29257 74749 
29236 25687 
38728 88700 
47576 11856 
24748 47018 
75331 92928 
5024 58248 
52219 74145 
16497 3406 
81707 27906 
32856 90259 
6970 98955 
8143 24120 
92384 46699 
76060 25275 
7008 98586 
25314 99081 
23811 53420 
40193 43707 
93796 91534 
42540 62697 
27714 19964 
96364 34721 
19734 5064 
39582 81319 
77185 22442 
88727 64877 
78445 84676 
21903 43790 
67041 90956 
82901 9424 
4209 79597 
65095 30461 
44458 54350 
27576 34137 
69051 98449 
67986 61071 
10904 86580 
26570 40591 
31019 54230 
24220 46882 
61381 86340 
43619 12753 
12147 42747 
47061 97460 
51990 46586 
87141 27794 
9629 23643 
7195 57485 
11845 95600 
47264 19010 
68720 98158 
68287 74001 
40339 16239 
82357 3727 
70878 2769 
30069 19464 
55786 74993 
77361 14110 
15657 62838 
13713 21013 
86452 17519 
21155 93731 
99875 75429 
49273 71331 
19988 12262 
75249 47825 
22574 15407 
49931 21496 
52286 48830 
31044 60085 
69272 83987 
82849 81214 
1769 22746 
77950 13922 
54046 43857 
71363 76813 
80135 63224 
29611 81059 
22937 10015 
88302 42413 
35564 85614 
80502 65352 
47218 90478 
25191 44628 
9411 75145 
90179 14739 
60015 95975 
47102 66227 
72396 33618 
17429 39200 
14816 62798 
67927 99116 
31305 45683 
51597 97612 
69377 57918 
5827 22046 
22232 46349 
13356 41410 
23537 60538 
3628 63437 
31347 96349 
22175 27920 
64463 39198 
23940 74704 
9244 97026 
52764 41270 
97841 68587 
53741 64476 
69851 1361 
27755 83774 
68518 55202 
78217 69105 
89943 2789 
18882 25659 
99129 65986 
8601 59846 
50255 8451 
53932 26046 
209 79096 
73803 12108 
84220 28509 
51726 63067 
30309 934 
10561 87160 
25349 38181 
32404 36010 
9642 18584 
11920 1684 
69262 94117 
75270 27378 
15757 81803 
18766 85568 
91394 11780 
21471 37762 
14769 33686 
64209 53330 
86376 35447 
43768 31414 
6663 34175 
5568 39556 
20132 57496 
30672 55402 
88176 45527 
3716 73757 
10683 68594 
57206 20255 
61779 73893 
34579 95018 
78687 45457 
39560 54974 
44278 86150 
42515 31842 
33725 7788 
95904 74310 
53542 46123 
70371 97583 
87355 1061 
60624 21186 
76885 39336 
25973 76839 
8943 86783 
24252 72171 
49600 80439 
69806 3221 
65287 46867 
96345 18882 
97179 22443 
33662 53865 
10059 33766 
13590 63215 
19723 11916 
5016 11100 
14061 23009 
40394 89287 
22064 59262 
36897 66644 
52341 49772 
34225 99986 
18106 18245 
68020 68724 
89145 36129 
72975 31017 
62917 93885 
62934 37522 
26763 40626 
66598 80334 
91063 22862 
6981 99321 
9249 86817 
307 15851 
64727 95593 
15790 14746 
97053 52394 
81577 49322 
60108 14087 
44107 1507 
53572 25573 
88238 89275 
45625 4757 
3714 77005 
9633 60349 
39903 10902 
30437 30290 
25188 71217 
96936 87284 
40015 5784 
86802 69755 
23299 85242 
66450 61456 
60770 99349 
74784 61058 
50775 95891 
32810 54212 
68181 48954 
22822 24904 
50231 31728 
10694 20370 
9552 60471 
42685 14394 
39003 70936 
34229 97504 
10622 86283 
82321 59410 
86676 36406 
75414 18954 
54659 92572 
45120 99917 
70050 88448 
2597 47212 
40747 8788 
29101 27330 
15320 40493 
45013 59305 
43550 97194 
64550 78085 
62240 48203 
54389 40834 
21815 5377 
53610 48552 
10029 47356 
79651 70302 
47870 89614 
40350 25435 
29784 40912 
95734 367 
55399 21982 
64819 50793 
53173 60647 
52517 67669 
27739 19111 
79619 65834 
72166 53740 
34896 87873 
73990 55457 
32482 2607 
9573 69710 
50012 17551 
65177 49001 
43399 17747 
45160 48092 
82647 89570 
27749 32247 
29792 87409 
7096 32244 
84809 53604 
16672 46431 
58265 7524 
63504 59668 
90519 78427 
15385 21813 
26427 68526 
73889 4246 
71809 97611 
34883 31948 
3324 98695 
85194 70777 
76961 5286 
9190 34835 
81984 95243 
82257 67204 
16986 33598 
9494 38822 
22590 87293 
27438 4922 
91377 68490 
24204 56169 
89805 99888 
49175 2565 
69127 85478 
77197 32146 
12757 13178 
64237 93649 
66059 12029 
81523 62576 
21198 35911 
43446 63471 
84454 48206 
50825 37693 
36363 37387 
55616 65659 
6011 2209 
15751 75218 
20037 6996 
49499 93749 
54146 22451 
17617 30544 
10342 35498 
58485 8192 
66656 32826 
76586 96912 
97769 37175 
37826 44179 
44744 2780 
56632 33479 
19966 57003 
69154 50669 
69447 8862 
74554 84159 
78796 31971 
92058 36020 
1454 69362 
25301 75135 
8182 709 
47476 20605 
5356 58697 
20881 3931 
46257 80544 
42687 21807 
64330 33184 
65114 57928 
90332 56140 
72641 21786 
76264 24830 
11499 25228 
38197 48857 
57424 93405 
47362 84788 
76456 85742 
44274 60966 
80599 84709 
24228 83124 
5207 95402 
44132 13866 
38200 87341 
30443 96519 
12577 1384 
25886 24444 
33139 39295 
98659 40565 
45955 51238 
51993 88711 
74805 37390 
14227 28286 
42708 83804 
59959 66870 
68594 59857 
11366 61527 
79286 14814 
95473 88933 
5171 24434 
87889 86848 
34313 55076 
56489 25056 
84194 32346 
29514 72569 
12904 24112 
51759 89705 
32295 73584 
59761 88606 
4486 47157 
2353 73816 
60 93848 
56457 95733 
71393 48407 
39655 24074 
47797 48566 
867 75916 
90484 78397 
78377 13464 
54834 94362 
50465 60364 
95070 38415 
68092 72223 
12129 93378 
51350 36918 
89401 89825 
51797 73341 
82955 30832 
31348 43448 
32983 61208 
85040 91751 
41416 71205 
39783 78874 
16992 91195 
94106 81344 
23573 3450 
24963 88462 
80048 69895 
76796 38958 
50938 50607 
65374 5033 
35621 66801 
74296 49475 
11102 44224 
95614 52736 
8324 58069 
67673 31161 
5262 88966 
93065 45001 
1367 91056 
77489 25411 
97418 67810 
16344 33341 
42434 49016 
70075 11 
25001 63206 
11517 88629 
80254 3834 
98957 60082 
55694 94612 
27119 21484 
29121 69697 
34966 85833 
223 97772 
3985 73425 
83639 95586 
63538 41268 
15873 96146 
30897 35420 
50951 59489 
52726 22986 
60499 39876 
82088 75469 
72725 52212 
20435 43214 
81794 12669 
77591 81881 
34149 63694 
54398 66223 
51589 32012 
32468 53852 
82222 9704 
63410 42252 
79939 93077 
85926 96023 
582 61814 
63329 8089 
68770 31736 
26336 98627 
13153 68551 
26371 48454 
89843 7062 
53179 9884 
13879 80591 
47199 37313 
96809 28706 
41915 32279 
44790 17917 
4343 3281 
6122 79545 
2819 99360 
69694 41811 
20440 88230 
6565 8994 
49768 14707 
15737 19575 
49836 93267 
82162 97362 
20026 59698 
80108 94879 
47046 31210 
58245 16660 
11017 1725 
24155 1614 
94599 29702 
5434 38228 
25114 59498 
2171 84154 
93778 54111 
61295 62596 
38460 7072 
97124 11907 
46770 44345 
54456 71954 
34833 23243 
60588 1051 
83752 84740 
40926 30628 
70568 17950 
79149 81347 
13409 51140 
87398 83946 
61567 92330 
14542 70911 
423 4333 
61293 30894 
8381 14061 
89799 46848 
98427 23958 
12319 70949 
424 14629 
18657 24632 
91958 2051 
55300 50474 
65289 40177 
501 84115 
25907 40346 
89053 59076 
54214 12551 
28108 5074 
26001 20489 
11062 51303 
79705 82212 
80456 170 
38812 41298 
12735 94090 
46317 79630 
97863 58217 
44826 42206 
64991 65330 
40635 96817 
61715 35653 
23081 57040 
28958 53959 
71444 55629 
26072 59098 
70881 67263 
51533 36962 
76127 44488 
73381 26890 
7124 48828 
30585 33669 
34286 30153 
91596 22504 
12728 31783 
59548 62756 
54620 76190 
94954 77715 
86703 16765 
86191 52312 
26058 24780 
35670 48434 
21363 17525 
45316 78392 
49180 23498 
78827 91069 
25200 23631 
50150 32430 
88928 3713 
37718 52330 
46939 2472 
52204 42901 
14628 42248 
91910 10358 
79282 84730 
4361 1635 
18341 62937 
35297 30065 
45869 2435 
86956 70161 
27555 59717 
26400 20583 
99953 73756 
81616 66483 
53232 47905 
38190 7707 
88327 53673 
2630 57664 
39232 75299 
29692 59228 
58998 94662 
20606 8625 
4127 49727 
86637 26040 
16137 86532 
38183 62539 
91410 64714 
3430 86919 
50815 69566 
2573 53214 
69141 29880 
3702 9856 
1047 40093 
64683 74852 
45009 37725 
21699 67846 
19644 92649 
19597 59584 
87862 23438 
91791 72011 
53409 67841 
88172 38160 
71695 99370 
18354 9955 
62178 86 
24525 84193 
83124 70810 
23299 2244 
31230 84345 
59166 67342 
58357 64712 
93500 14895 
55571 5988 
12545 65830 
40677 27999 
75407 90767 
99627 2961 
38793 13685 
74462 77103 
89096 87746 
60835 54352 
84393 83089 
76739 5370 
59015 36616 
90673 14542 
71578 27241 
52311 79966 
83715 56500 
51626 37039 
41205 34107 
43449 84944 
91811 90770 
13621 57170 
14864 66455 
30182 92090 
56440 51311 
18423 27755 
61013 88573 
22199 66201 
65497 84033 
65535 26900 
74872 5045 
8361 36440 
69894 93516 
98095 82063 
6874 61994 
54868 90395 
57132 89687 
92300 79521 
99409 86161 
68066 72489 
22419 44414 
78862 53392 
16647 62234 
62938 93392 
34637 70906 
50026 73333 
77205 73800 
3265 82055 
19392 63815 
30644 75079 
24404 58316 
4506 37023 
6430 62932 
16845 2938 
93906 51494 
15378 58664 
13682 28354 
10799 58412 
63485 21487 
19182 68946 
65201 40030 
5097 74050 
94693 18261 
20871 50421 
65250 59568 
95260 56704 
1197 88555 
10882 61031 
75831 17193 
23902 69314 
3549 31815 
21748 6404 
69884 11746 
85048 45365 
55147 97484 
18509 76256 
57454 36622 
42133 55152 
49166 49055 
88925 76563 
7078 69532 
38193 68006 
41216 45260 
24527 14121 
9652 88972 
1768 79609 
47493 13806 
8498 15149 
57056 5309 
77030 98547 
3186 18022 
51421 84576 
32795 19355 
31644 11232 
90920 41837 
40898 37642 
36926 46334 
20897 69349 
73985 43456 
96053 60466 
92527 68121 
11590 68949 
94113 53136 
42947 81211 
5989 1651 
94218 15352 
18596 15456 
51906 58493 
78381 96392 
36959 92974 
46475 1456 
2792 18676 
90170 98758 
59974 84241 
8592 41054 
69218 98687 
6543 46372 
33548 6722 
21259 51121 
37737 75997 
75612 80052 
28575 62616 
78314 59607 
3008 92403 
16757 86420 
72910 19744 
91322 51107 
4964 3266 
21387 9027 
92109 68183 
12697 84262 
98993 8823 
13364 90879 
38054 21675 
1507 56380 
75144 49231 
41370 36251 
33996 57964 
16724 15673 
67391 69981 
487 4689 
89534 17196 
47684 46500 
18939 89317 
5235 75092 
64019 2515 
16533 77996 
94625 24302 
61358 42748 
81937 52014 
12413 91499 
56396 57179 
8604 37230 
28754 76163 
42158 27140 
42905 48654 
31779 74047 
80754 79861 
7265 15013 
19227 29759 
62331 77915 
47389 13263 
41910 81290 
87710 28918 
17732 40572 
29641 20501 
71768 4690 
75987 15868 
50928 1002 
22933 80463 
78404 23690 
43155 69074 
7120 60969 
18078 58755 
79006 19857 
70138 98273 
10133 73752 
78815 14990 
56220 27702 
25253 78799 
25657 68972 
99411 34549 
97852 46452 
20999 79312 
73612 1392 
70876 78949 
31210 54114 
3066 89589 
86897 36601 
9287 73966 
61841 49232 
37601 80011 
38814 11445 
24747 79640 
51440 70730 
87741 49384 
86398 32124 
34485 11323 
94688 71229 
95414 42732 
1954 97824 
48624 5888 
79783 44218 
9448 45720 
90034 62786 
82126 52259 
42445 30491 
25981 87321 
12145 74698 
71428 30389 
48137 54221 
32200 7391 
66441 52301 
99288 27838 
62295 64072 
69430 70782 
94666 90108 
56359 28075 
93300 79739 
56566 34628 
13613 3109 
92998 89671 
17993 69299 
39890 465 
93373 49369 
39838 60490 
24471 7776 
60273 7795 
29626 93404 
624 96051 
31942 92299 
53781 50767 
82250 98221 
45843 76183 
72404 14250 
26702 24593 
77511 58923 
60652 39108 
43912 13792 
71009 33348 
96099 15755 
25632 77119 
70197 67168 
11274 15795 
94270 9500 
33862 62968 
26403 82154 
99048 70869 
30375 67098 
72860 1107 
15716 2071 
95725 89479 
94022 30389 
24878 22944 
6637 43737 
9904 24237 
60156 65871 
64084 70231 
65673 19744 
80267 53791 
15302 18353 
54132 35731 
45209 20467 
19982 23371 
28258 96409 
74659 55316 
11332 56184 
63655 68214 
62490 2512 
30196 70619 
21361 84695 
82838 51484 
52490 45743 
20028 6395 
85862 74843 
61123 73356 
91388 99965 
72517 31725 
74905 81319 
44817 32876 
2046 95354 
72395 99199 
53331 31135 
10231 49257 
88935 56173 
34546 81235 
54791 47176 
13591 74248 
93040 22688 
2799 47655 
29335 59201 
14588 52206 
97062 20107 
77242 53669 
24301 77694 
89582 9529 
53187 62440 
98569 32411 
83277 30951 
75476 80076 
30686 4165 
42984 11154 
72903 90806 
10277 98219 
5612 77600 
6175 95366 
72276 37363 
61355 16175 
39852 78854 
79864 89719 
84727 38145 
57428 27246 
21815 90269 
49469 50222 
56726 42048 
65267 1615 
66006 52231 
66371 86598 
13695 13482 
77157 66341 
93763 22237 
73316 59050 
47486 57090 
124 86188 
42414 84122 
86468 38561 
15286 8452 
62934 26929 
75129 95326 
62615 24867 
34724 91139 
81894 7771 
88722 85094 
5062 41244 
84941 65532 
51459 74533 
41676 41504 
86711 50239 
48386 19777 
50670 50232 
49655 50203 
93856 59511 
53110 78285 
81429 44695 
20769 72759 
19197 11889 
317 28148 
79635 29864 
27855 77498 
57601 78820 
86942 88879 
65194 12413 
40043 60740 
83111 1325 
58020 75854 
21913 60329 
60866 21300 
10735 47612 
48611 32859 
23307 65094 
45196 76167 
71517 81488 
51 34116 
45317 46113 
92249 30239 
54411 60710 
60286 81197 
31967 29020 
36939 38002 
93480 9407 
3063 45202 
4979 54509 
86849 20061 
3917 33734 
25739 29599 
33344 99334 
77071 22387 
95431 74874 
10479 54116 
3883 16104 
40196 31200 
16486 18542 
58597 85077 
58803 23536 
13706 81350 
7927 5137 
32821 62561 
91271 3785 
32047 21114 
69501 9667 
67232 99796 
15013 88502 
75635 21275 
67791 85605 
29662 55158 
48960 40265 
74071 41389 
39081 91793 
46291 2177 
82954 61011 
85829 91134 
65655 46569 
23235 47940 
15532 84120 
1673 49606 
29069 78223 
24870 75271 
79803 31791 
44085 30492 
68885 65943 
93672 9102 
98426 44341 
59957 5974 
403 90384 
21328 32395 
33721 13083 
28813 27274 
69899 38010 
5888 2028 
23914 73406 
33836 4732 
50879 28332 
54733 40035 
21530 39716 
67958 35294 
9879 58198 
18103 570 
74972 88863 
72275 90314 
95307 82278 
62967 38017 
19270 23702 
29068 1555 
27867 73861 
22006 26605 
67041 73432 
56676 8277 
96054 35137 
77451 6943 
15662 12342 
78503 53311 
85258 51078 
64565 59851 
11675 3621 
63411 40999 
93981 6076 
4523 32887 
38446 99852 
59780 94900 
15682 7470 
1463 69950 
18081 56858 
70485 78143 
89772 85097 
63458 19364 
43626 42504 
41065 64334 
50271 61031 
32195 20816 
82557 47138 
58349 71882 
25643 8618 
31116 96560 
17590 27276 
81798 99664 
68324 44975 
66785 97252 
15808 39189 
54844 26894 
17459 26082 
43248 77832 
42132 44031 
68465 65103 
23364 38599 
74159 3826 
58159 91145 
74296 75117 
87227 7576 
2426 13467 
72358 11195 
69507 86918 
94572 64159 
62152 86020 
32666 75747 
744 85281 
45984 42468 
42627 91712 
77486 4967 
59373 49088 
13631 99765 
39155 23641 
86102 30049 
65313 57191 
77080 79057 
449 37071 
94535 42032 
61709 98729 
16943 58289 
7405 46496 
67845 83643 
67723 50786 
69844 55241 
42971 55859 
44905 65796 
61692 11278 
73249 82294 
37917 22334 
96654 15406 
91943 99961 
53649 70198 
2251 79032 
63850 86137 
37502 65451 
36634 4970 
77050 67058 
65336 88749 
65986 61151 
82359 47087 
66472 52276 
92837 22664 
60935 77962 
74923 27091 
34721 27196 
33300 15397 
15841 46688 
19175 36761 
77718 23363 
84797 1505 
17158 48007 
23467 59988 
4257 84639 
57006 97673 
63544 92916 
71863 12495 
86399 76775 
72274 55598 
93603 61518 
14324 84538 
63885 33651 
8303 99301 
19400 13075 
28382 5736 
12314 65591 
48448 78504 
88004 5176 
30825 76163 
9869 80132 
30658 94729 
18333 84953 
42895 32856 
62351 90640 
11070 81735 
85568 40197 
37534 45852 
71278 13163 
83276 46961 
50385 23298 
22173 62935 
54833 76919 
19269 5594 
55298 85876 
35598 47193 
56405 98800 
23105 63911 
35351 87002 
62392 76552 
506 97282 
13260 33539 
15446 62905 
93485 99424 
80819 46147 
74743 83266 
91557 71045 
86315 65591 
90155 93385 
46939 60051 
18111 46450 
3120 76499 
27062 95687 
38227 35868 
48780 33208 
30876 24065 
38880 43906 
83371 62028 
2979 78995 
11401 12170 
85984 79881 
84712 37616 
55305 5549 
35137 79956 
36996 30022 
3165 23688 
70203 92953 
77116 71081 
29721 6031 
90046 59872 
29122 40649 
78652 18067 
57581 48163 
75742 64993 
22417 93044 
3241 35881 
66309 11412 
56233 28397 
3271 42622 
20214 43895 
70665 20017 
43495 23581 
25903 48435 
94637 60356 
25947 40668 
70786 792 
15320 32882 
86993 38518 
14058 49817 
68839 40224 
40889 44646 
91136 38568 
28893 95471 
53972 72458 
90986 693 
64065 54491 
70818 78875 
94144 97789 
70990 45226 
26008 40015 
85000 6449 
43945 61070 
71895 88468 
34336 2769 
3360 87401 
64573 63728 
81791 13189 
59835 60808 
74903 77379 
69774 19575 
37491 61843 
18844 80635 
94209 93574 
63798 86075 
38569 42222 
39763 40861 
62832 51645 
62357 27691 
71070 14513 
67470 90653 
43387 99881 
12615 92959 
13157 47649 
34146 97096 
91079 50961 
53228 11933 
19971 57837 
50025 628 
72448 36728 
80441 45635 
9950 67171 
92590 22666 
6094 36360 
11258 44153 
99897 45202 
97732 94588 
85146 53311 
59712 95032 
61044 21367 
81375 2191 
66235 41451 
67237 68592 
93382 81162 
45101 64778 
34751 5750 
53164 91814 
40529 83958 
44275 93011 
81141 27938 
76358 7447 
92394 65334 
22192 94671 
48002 92498 
24006 99954 
47907 11840 
38768 22460 
32764 13408 
68582 94961 
35081 21062 
47271 82996 
55698 87006 
58987 63831 
10665 84886 
97635 51140 
28031 21379 
36901 90020 
86663 58855 
69851 58778 
79936 17659 
94348 78839 
55979 5504 
65953 52231 
33146 3622 
13488 17273 
14454 24572 
14132 37397 
27982 44978 
54670 15505 
1561 7969 
63470 56801 
39537 84742 
83737 86759 
7030 82397 
72825 67661 
42794 86083 
54613 47135 
15651 27518 
22382 15139 
11444 79027 
88193 42057 
87543 82554 
1372 19894 
60168 36426 
13536 30970 
96141 79209 
50494 24100 
65143 29562 
62381 86951 
71165 63810 
62546 65044 
22545 38790 
33021 92849 
18849 96550 
69773 70471 
29814 19609 
64512 40607 
16680 40730 
71460 94798 
99442 49547 
87279 65405 
4927 79887 
80287 40345 
40051 6254 
41090 71267 
22215 25700 
90945 32723 
64533 52192 
76449 29763 
57414 4564 
99547 44517 
10008 26316 
80404 58460 
15111 35722 
27338 86413 
79369 68133 
92788 10756 
16925 38846 
27226 9894 
39188 24527 
3917 33728 
85934 33962 
76646 90662 
33733 14752 
49751 75661 
86483 21603 
85276 86917 
99875 53971 
45539 49866 
16628 56081 
71112 91639 
92644 60733 
23961 86451 
75495 49774 
83433 23005 
56203 98794 
68790 28680 
52809 71315 
76160 22093 
99999 28647 
60072 55553 
12863 25575 
60118 52007 
64868 69178 
71862 37259 
70197 28329 
87743 17563 
88849 94814 
88519 55133 
79238 13494 
48717 49679 
7478 18579 
30566 42765 
85190 35837 
80072 23610 
48326 36423 
6163 29892 
8414 57037 
19264 5167 
4548 33235 
29166 95733 
59583 27987 
53740 44061 
97204 75920 
69824 63376 
7867 5245 
45509 58513 
61128 43933 
29109 91895 
49420 64504 
34237 80271 
14100 72661 
52703 47804 
48427 98981 
47376 54172 
94084 10046 
25649 62513 
47988 15615 
70851 11396 
74321 11832 
13698 7410 
73094 66970 
58811 60545 
91005 25837 
42349 43227 
72961 81720 
85967 65690 
43348 40632 
29609 25304 
75000 81620 
71027 5533 
50763 99025 
13487 71426 
47671 97846 
24751 32811 
76960 1728 
40235 23843 
94502 24598 
1132 78100 
55703 51618 
4348 62129 
26528 72854 
55227 67142 
78000 13963 
56357 48523 
85422 12173 
36149 45853 
25487 93012 
19400 12379 
14580 13421 
68740 32133 
59782 50344 
80620 5383 
428 30332 
2432 38641 
2562 15356 
48373 84160 
31212 82778 
30821 35654 
66137 63289 
91295 1928 
45549 29649 
10466 48167 
19283 61181 
216 15825 
67984 44223 
32428 6366 
98102 7135 
38945 41563 
53840 29932 
25062 93615 
96670 13295 
74955 12039 
90614 39396 
91588 61106 
97246 7921 
5964 21547 
28182 84631 
10941 3295 
24804 56949 
23436 62240 
35096 51315 
55429 13289 
35643 30432 
79025 84461 
3219 55005 
3708 62301 
74869 64255 
44960 37615 
47969 2186 
52593 72327 
62477 92504 
84407 73191 
76447 44065 
56217 76187 
92832 50888 
72808 16593 
20708 35972 
46054 84058 
57293 76605 
36216 39425 
58433 40281 
10328 656 
24759 55037 
97655 88848 
68279 35731 
36315 62196 
39891 88673 
47495 55673 
92176 21043 
44055 87270 
23784 88635 
78882 87823 
1815 25718 
65000 60796 
86854 14222 
54228 80793 
91618 65907 
44099 95166 
88701 10840 
93771 1771 
45442 8254 
68841 37735 
4720 21718 
2234 29038 
49282 29587 
53779 18799 
84215 73800 
74589 13306 
47246 85360 
34043 59200 
9798 63211 
46946 92619 
63061 24728 
46352 81691 
92820 90666 
83574 17472 
34377 15156 
1057 95209 
64617 22243 
16088 67779 
32141 64436 
73716 46202 
48323 75881 
75797 68331 
62294 53025 
69727 56130 
21023 59016 
85240 34391 
72071 14574 
40519 89312 
1010 7732 
99928 4061 
8155 27548 
54840 20226 
19912 2825 
16292 39062 
98967 5830 
53638 94427 
64450 63167 
86882 572 
58342 1194 
42058 2212 
97605 41761 
8790 31759 
32864 55542 
97071 9184 
93940 74879 
76363 3643 
40130 65788 
94248 12830 
48864 59674 
14172 5949 
70198 49295 
82201 19292 
46590 60654 
31294 89563 
47495 22736 
58196 59435 
96550 70409 
62895 92254 
75441 32284 
23462 88375 
73052 74985 
90141 4296 
11065 98017 
21714 37601 
17917 99296 
54455 55622 
41867 60432 
89390 13832 
90887 32954 
7125 31164 
62207 41945 
71142 63744 
77552 61922 
60292 46012 
71465 61291 
79068 48721 
89572 56373 
30324 37036 
41262 63692 
99233 98754 
16953 90150 
89592 52602 
23987 54695 
73959 39646 
17147 92203 
67671 47041 
99910 50576 
13434 12647 
50745 55421 
67973 11497 
85141 83181 
15130 30671 
98509 53221 
90836 97794 
47690 22120 
94557 40233 
19544 39308 
79071 16974 
3924 2182 
55870 83244 
35336 30973 
27003 19136 
92645 68875 
55837 77802 
49454 1346 
19002 86222 
49094 79978 
39693 62134 
37661 30973 
88534 94390 
26118 26000 
52386 70814 
68209 94118 
13734 27611 
34782 57419 
53738 37395 
37083 80182 
90530 49137 
1686 31621 
91033 42622 
27954 75617 
49330 62472 
65250 17404 
7552 52329 
31618 56747 
6274 18501 
58236 19948 
90559 14196 
84668 68863 
65094 50393 
48780 14142 
87271 7478 
12190 92004 
10570 42954 
37176 99157 
42315 64870 
84223 18795 
59609 68030 
30713 12159 
35188 10628 
20766 94750 
60973 42637 
43793 64042 
21243 84104 
5091 96420 
59652 91434 
95626 85087 
4711 42825 
90129 47779 
66909 20192 
2749 93426 
97275 64258 
7690 237 
2015 31895 
88645 24208 
40714 90410 
15292 26683 
96681 42115 
57718 82349 
97130 84386 
40360 4920 
78209 75300 
5904 6771 
35276 93069 
6552 90921 
72374 48621 
65163 59007 
66499 35042 
51997 7265 
92058 75008 
4143 74068 
8813 57902 
74187 97153 
2643 42027 
32255 36467 
82622 34107 
61313 19410 
80188 48236 
79446 69281 
66600 89497 
94790 84835 
3398 3650 
48929 49147 
67255 83623 
32748 59316 
45403 25971 
65121 85090 
80682 86033 
9249 84086 
56370 89217 
64087 24055 
50028 17651 
9008 88513 
52950 6385 
98717 71054 
47178 51390 
2361 95818 
55583 52798 
55936 36802 
32189 91141 
50264 47112 
39682 61774 
8187 50747 
68972 73277 
14090 94132 
91700 49250 
46469 2372 
750 59816 
29970 36085 
86104 49013 
67187 98668 
13801 17376 
32468 976 
24271 65172 
10085 50666 
43010 1075 
37338 96811 
1315 73517 
69520 26916 
97728 87503 
18134 83078 
91868 28389 
26354 36807 
11479 25912 
36446 37881 
70833 56731 
72716 31623 
44006 1778 
10512 21131 
10109 45934 
26915 36211 
89188 31843 
31987 59176 
17322 57127 
60755 49166 
67335 34821 
65630 1259 
7573 20563 
86524 74422 
5386 46861 
91662 23208 
24201 94718 
75930 72128 
33509 75956 
75586 78733 
49611 95773 
8233 41718 
51639 14394 
75208 23727 
72145 29089 
69854 75042 
44454 53431 
19645 63966 
40 79343 
52718 42478 
48309 69291 
20074 1592 
38477 40943 
23600 99885 
98652 74661 
96986 80767 
70732 95384 
61741 29315 
11425 54810 
33729 57907 
9457 67163 
86991 51351 
76966 32472 
91079 46859 
9093 14914 
25759 71978 
69949 30636 
42622 14432 
55447 39389 
87022 51876 
3843 27380 
15713 26668 
73430 14936 
45667 11013 
83434 21901 
47767 71241 
18984 76109 
55428 6444 
33916 55866 
92658 6373 
46214 16046 
38686 46198 
10061 59232 
36986 11665 
65731 78271 
25393 27145 
13995 14683 
10974 41226 
35230 48544 
38393 9737 
75082 59805 
3777 4491 
48321 78407 
47396 67507 
70447 71167 
17949 25131 
12616 97069 
38883 74223 
89642 99419 
22837 53425 
33100 93268 
74196 16587 
71970 49571 
91690 32499 
41797 73745 
33084 45365 
69998 25585 
32212 43825 
39747 29984 
64970 2839 
17751 83411 
45352 82356 
42306 69844 
95204 89482 
7126 61631 
72095 36701 
43794 95734 
58572 57731 
1022 83827 
12999 74726 
42497 35966 
57319 45762 
36719 51824 
30269 59971 
92039 60932 
65953 89144 
98003 73961 
67117 49276 
70150 40735 
30106 73284 
59574 97502 
44178 46998 
80836 25931 
31703 14525 
32234 39356 
17758 16229 
30965 58004 
17714 82813 
62377 34228 
9652 72378 
47293 41236 
14751 3812 
64304 44356 
43334 9538 
24944 32585 
76776 3352 
88866 99957 
46260 35001 
23349 31244 
38190 82121 
56961 64541 
3046 12331 
50672 74490 
69559 33464 
11396 44219 
69317 38377 
2740 71490 
58254 42204 
65624 85158 
80951 4617 
47477 31686 
61260 27360 
52890 28314 
18520 18227 
70871 69411 
2430 16663 
4275 15586 
11674 83262 
25492 91368 
11440 65750 
9179 66533 
93233 67341 
47559 98626 
26714 59940 
36745 69800 
37764 4227 
33597 59750 
9593 61464 
21737 58379 
44404 7696 
92677 36736 
42000 90066 
43399 62864 
48682 97073 
15265 70365 
4870 49834 
50802 61821 
73132 59846 
24694 56632 
59623 40181 
13198 73432 
51434 1730 
2281 70887 
79927 13844 
98891 57546 
85869 59579 
2089 21323 
6029 69810 
11158 22267 
22847 77539 
96368 38464 
18922 94043 
34704 54243 
56264 71830 
17674 32278 
56595 85917 
71205 16773 
93480 34547 
88695 73571 
19657 33231 
67419 84891 
43647 51870 
55794 81288 
38583 23716 
64411 11550 
13184 37078 
67278 22376 
99851 5900 
21379 44068 
18152 3753 
62426 55837 
53242 37250 
92625 34954 
48291 29566 
62269 77620 
47558 82450 
61164 16274 
42489 86036 
78163 47990 
67041 49737 
57498 31682 
60454 34654 
79141 8015 
65729 78163 
17066 45270 
60343 14757 
84092 16805 
22052 13680 
54891 71367 
17123 73556 
69757 66160 
60906 36949 
60936 94434 
41426 13685 
10564 54248 
15472 30743 
44681 73192 
83663 58691 
91335 24968 
26068 99856 
82443 48128 
33164 61829 
58848 4632 
98274 81392 
45953 96515 
47110 8574 
3303 92608 
67608 8339 
15703 4087 
69021 88221 
85683 87567 
43019 14303 
7583 47516 
21570 34982 
52040 55969 
26456 92306 
66317 6820 
83476 63957 
716 74433 
30789 45535 
4218 51856 
85261 52378 
93513 2634 
43337 92923 
88783 72026 
83623 41508 
26834 68359 
7273 17471 
7633 43348 
99189 59601 
3802 71372 
18178 70182 
64315 52026 
27428 91293 
73383 37722 
57992 67516 
83494 18654 
57471 43832 
27517 81142 
13652 45240 
29035 92213 
58618 85525 
72281 53166 
52657 56574 
63502 7984 
19293 56808 
14102 88621 
52854 27522 
2575 28518 
48210 79312 
27019 78127 
8676 7278 
42929 11823 
72517 13322 
92035 24238 
61134 76591 
67052 75884 
92687 39032 
24552 62883 
23799 1994 
53550 53669 
78918 61966 
30917 56728 
2057 48776 
46441 57766 
18807 67971 
60088 92114 
27901 90588 
61955 98780 
51069 78164 
41447 36204 
57512 78580 
36347 26640 
45059 79227 
24755 35981 
3913 57956 
43264 88949 
10867 29446 
63293 65740 
1954 44837 
34150 25529 
49754 65874 
6172 54714 
27883 1323 
80225 43286 
79691 63012 
90855 51471 
20792 71647 
19553 40549 
95762 18405 
51897 6728 
78183 67308 
37702 75017 
50213 65539 
86909 81214 
22922 14075 
35523 94459 
61887 39426 
45780 10240 
63863 98753 
62560 74300 
89841 45272 
34154 81592 
97387 78605 
19608 31242 
30882 5623 
47195 8413 
22134 41314 
58932 7057 
25806 86367 
74640 3691 
64190 28377 
35662 41690 
84102 26995 
43169 88012 
34996 59827 
88885 79821 
61884 25509 
87094 87213 
69243 23172 
55947 80011 
52810 53353 
63399 1570 
15015 14431 
48473 20597 
76772 790 
52129 53166 
73457 44177 
43636 21446 
76105 78077 
8160 43081 
10223 46460 
69176 25740 
54088 22858 
55350 75047 
85972 53508 
85696 10907 
15504 89150 
39104 27197 
78178 24100 
94739 22852 
94022 18322 
78349 78563 
91527 38496 
26174 52629 
76164 17449 
82952 21950 
79151 97814 
83396 99687 
56629 95436 
27587 19847 
21977 90750 
49862 90836 
84736 32305 
98069 84982 
38458 15529 
85480 49077 
86753 82035 
51172 92206 
21938 69973 
66359 31424 
73870 34332 
53941 53297 
27934 47589 
46438 79875 
70600 85748 
93524 11375 
58585 2550 
44523 54659 
23351 95511 
73531 36524 
16546 71477 
85221 43909 
73950 26471 
37933 29293 
25585 64902 
47313 68893 
7884 96554 
88534 63698 
40149 66301 
98071 28953 
12009 91104 
87006 26383 
91171 1603 
17022 55289 
1515 11519 
57522 33556 
40377 67043 
37704 67718 
896 60557 
31001 32367 
40357 28267 
60898 53571 
88694 89706 
96970 18349 
22680 28575 
17874 12850 
40785 59021 
54064 25576 
61293 69190 
87158 38785 
31977 84801 
75187 71168 
83501 49445 
93333 27953 
80671 75505 
28339 60790 
25761 79776 
41396 39070 
46370 81303 
19128 86788 
56590 5423 
65182 44622 
14785 7638 
45986 75589 
13814 3708 
93375 44457 
30314 68206 
84099 66028 
28465 42812 
61611 35492 
60654 77734 
39075 25217 
32552 14901 
24211 56670 
3313 9948 
36353 33621 
73005 81533 
44028 53305 
68792 71127 
37383 95963 
79037 94208 
63955 29957 
194 64627 
98577 59608 
55193 77964 
88584 85988 
14035 46770 
14068 47064 
97360 90904 
29554 52921 
72016 99486 
8267 34241 
53992 97554 
93082 77755 
18523 70100 
69251 31111 
79830 18926 
13211 21380 
43620 53655 
38999 46404 
54364 47199 
59280 66216 
56311 18164 
1472 42984 
62322 37883 
71135 52236 
77813 98169 
34584 15551 
58435 17381 
590 85503 
89632 7020 
17046 47294 
63756 68826 
62676 88360 
96194 43242 
6121 27158 
65790 84079 
25154 85421 
86793 91395 
27305 34343 
19712 94797 
89857 44495 
6632 42814 
41932 21690 
