57351 45596 
60144 51583 
92692 16876 
54777 31930 
69939 35008 
98840 89390 
91740 5835 
48499 69263 
15150 47254 
61343 74930 
99759 7934 
524 84003 
45730 19144 
63201 11003 
77648 18109 
51323 6648 
36412 97839 
85697 39320 
25863 57995 
75360 13037 
23475 54102 
93368 38038 
5122 68309 
77472 85037 
52797 53904 
69504 22273 
11135 37900 
30862 55673 
33683 1282 
23138 66747 
13090 94880 
22710 70318 
20721 90328 
46037 94688 
90697 10205 
98428 20601 
70939 29210 
23219 2145 
29526 89098 
20567 32662 
48528 24105 
25505 11853 
59430 50724 
83394 16400 
74394 35950 
37627 75777 
45792 21483 
49157 7359 
42808 47886 
401 70489 
68390 92327 
97047 57881 
52410 6289 
70488 54516 
47621 15489 
883 59179 
23854 23294 
26249 81793 
2865 41008 
76524 959 
1331 53678 
73221 90370 
52746 18452 
65034 246 
60262 84008 
27724 10506 
92066 14217 
42604 56035 
68406 96948 
82112 61300 
5162 19806 
73266 11429 
72665 98600 
80185 29992 
467 51462 
45388 29890 
8842 21787 
56284 53070 
76034 66566 
57989 17245 
56615 43153 
16578 43340 
50781 47170 
47874 46099 
87009 76983 
66054 32088 
21244 26074 
73623 64280 
74604 33631 
9744 20471 
28575 55819 
97418 93965 
71777 55433 
81680 59289 
45578 46011 
30765 53130 
67218 68024 
80113 1269 
18530 19334 
35088 55956 
75997 9915 
12500 95010 
23557 61678 
93236 73846 
33447 28255 
78783 14722 
22339 66745 
92909 63670 
90124 53634 
46463 44901 
26900 537 
88018 94909 
30118 91854 
96001 64086 
8247 36117 
28997 32310 
59974 95522 
40047 96835 
8639 34024 
78085 55711 
40484 3393 
45024 28055 
42229 68744 
50585 23672 
58632 60313 
8572 98843 
93867 26621 
48127 12550 
61941 55693 
71377 27954 
50812 25601 
74939 87657 
2494 43376 
66897 28065 
27130 32199 
53157 88151 
62896 30795 
37498 10946 
65536 76075 
78166 32290 
61446 50324 
70518 709 
26454 87624 
80017 74694 
58769 50693 
32777 99250 
99053 8949 
81908 72260 
13194 71377 
7045 73037 
94025 53630 
71767 40360 
57135 87835 
58984 55384 
2875 15660 
27934 5973 
91728 40497 
88080 83352 
33492 52955 
64973 89390 
22016 85390 
41085 13412 
56751 95817 
90617 71121 
79924 29289 
91475 85017 
23929 55745 
89875 25666 
7301 37285 
13453 26219 
39693 34990 
77301 28768 
96294 25665 
3993 20476 
423 62227 
83456 69805 
9315 77994 
31468 78789 
32641 4761 
66565 25952 
25871 47276 
14347 86300 
91311 32635 
65397 79762 
88524 32109 
58506 17510 
2768 35040 
34372 86797 
45237 39705 
6641 39240 
62056 14420 
26920 24958 
10386 73668 
78322 45487 
19423 8652 
18107 82149 
91691 9434 
4191 93306 
15758 16709 
82528 63920 
55338 45246 
82819 33873 
51718 28179 
68513 27723 
26558 41568 
13747 57852 
318 82041 
34629 75435 
47924 86820 
85213 99218 
97757 5082 
39514 60766 
42638 52330 
20097 66680 
72228 5360 
1055 93221 
55067 24393 
8583 96828 
95500 21077 
65921 45232 
65797 26320 
81067 48164 
67012 50282 
55470 94114 
3475 68384 
99816 80146 
65273 11779 
79044 55483 
694 88536 
72908 86385 
26304 12622 
30671 89773 
66197 71790 
18943 76145 
33916 22617 
10183 88496 
70658 61170 
36078 23278 
31566 81185 
34775 71891 
68311 98105 
53860 26736 
90573 87009 
32010 54586 
1694 55161 
71410 51805 
94449 45831 
30299 60936 
61759 49010 
10445 46196 
24120 76805 
87850 96653 
640 46514 
36673 50135 
53791 2795 
26132 8395 
19316 1827 
28065 44602 
92235 74995 
58842 87933 
77458 87391 
93524 6841 
29259 7283 
32399 2543 
97707 6738 
70470 67297 
72114 20682 
18998 58275 
61667 1962 
54849 87117 
81630 23326 
28207 27719 
19859 93774 
42086 353 
42817 76322 
28153 98928 
62919 17021 
82498 90006 
29716 20900 
92293 27125 
26296 39560 
79684 92062 
49262 67230 
12797 95844 
25714 77376 
85402 46645 
73919 70318 
46554 19137 
45675 43839 
69455 40440 
97859 43349 
84810 41497 
28254 95991 
68096 9525 
76444 83882 
62474 17131 
34461 65747 
39470 96745 
33785 13286 
48077 75222 
75439 88907 
79614 82773 
48135 54801 
80436 2829 
35745 69867 
77523 35008 
49892 617 
42999 2059 
36008 44921 
12793 43435 
91963 43375 
91928 3152 
7199 32040 
24377 37590 
77270 72451 
78895 40125 
73810 80030 
3949 3791 
53151 60448 
34640 20602 
68175 54943 
92396 46740 
7436 90263 
4289 46495 
23227 26647 
82963 64676 
25940 98124 
50448 67145 
15942 43436 
59559 32181 
96173 32997 
65097 71596 
58733 7576 
23740 9818 
66993 57745 
56294 51617 
61070 89672 
88883 24705 
99006 42426 
698 92126 
8588 44755 
45073 91195 
65446 25140 
77950 70651 
31942 17972 
23215 65785 
88321 40784 
27894 72477 
62684 52768 
11885 55402 
19590 43141 
96682 53106 
98421 39468 
5435 23205 
2120 70661 
62765 4683 
24522 67117 
86873 61041 
70207 31355 
58791 8024 
64646 66510 
74032 22702 
74420 7164 
30416 76881 
57336 57261 
82534 37118 
40530 3215 
98061 26097 
80976 36838 
84084 45626 
97295 92345 
12610 20281 
74350 74426 
63588 32463 
32861 30284 
21083 84649 
25075 97524 
3624 42615 
64553 41893 
83291 84665 
23187 84170 
49784 6163 
31814 3835 
5480 6137 
2127 98670 
35390 13283 
47058 74091 
82004 92389 
14406 33729 
69108 9008 
64210 43687 
61013 20166 
14206 46884 
13978 1931 
49689 11042 
75199 20905 
44190 4111 
11369 5957 
65608 4316 
3591 79016 
48779 68512 
28376 59267 
99946 2156 
55433 63805 
61169 96967 
32183 89618 
3474 28225 
92156 76693 
36348 32640 
19891 20138 
18186 19907 
28451 20366 
27384 6230 
57348 34739 
6999 96581 
78471 21487 
27239 83863 
5472 47293 
19511 77852 
38169 63628 
23392 24507 
37608 43726 
53547 27123 
19792 12050 
37523 34811 
76414 91144 
97291 20918 
79543 36974 
47518 34247 
3805 33163 
61751 69324 
4434 66989 
14087 68454 
22460 15553 
38325 37955 
49330 29232 
59231 33674 
72423 11358 
41247 46831 
40224 57977 
68840 164 
31292 39630 
19650 46551 
84734 78291 
16684 47482 
51530 96900 
49051 97164 
55850 96373 
32060 49539 
13409 45553 
36983 117 
39951 53235 
58371 72294 
97097 28229 
2572 58681 
65094 23363 
74883 72004 
2404 2395 
14807 67236 
50602 64987 
78945 6895 
69719 14231 
99271 54812 
43962 53618 
50930 170 
80622 55971 
48103 33275 
36050 55476 
49159 17222 
41722 75837 
92956 25551 
70698 22463 
7080 44959 
80211 34704 
25711 74269 
89618 15313 
29962 86123 
4660 28647 
76720 56226 
78699 86562 
13378 6495 
9572 21499 
85339 53062 
6692 79985 
30729 97881 
27205 56565 
22519 53522 
72305 28124 
62088 44763 
55188 41638 
50216 87721 
711 54570 
61627 7508 
13427 26448 
27394 18776 
55496 12618 
85882 60032 
8849 16692 
97376 42214 
57057 16956 
30134 44796 
11461 93778 
16324 68539 
23468 50007 
45172 33041 
70271 34440 
7591 89349 
74829 49588 
31687 3140 
22571 49338 
51734 52398 
67108 9500 
34586 74959 
75099 84815 
46939 95985 
46507 49720 
84475 63128 
60600 56918 
99629 18071 
40349 37810 
58580 37098 
98301 11859 
30018 80505 
25512 68193 
58376 888 
11811 32024 
2380 73759 
40428 30943 
26188 30402 
82962 31693 
14795 92554 
31652 26718 
48026 31212 
45121 11606 
8142 97773 
51027 9488 
14924 4699 
44458 66506 
79099 65047 
44457 63684 
40042 35436 
22724 64811 
6921 45416 
98303 47430 
53811 37714 
21 44556 
28756 88436 
34415 58474 
24369 24090 
61104 94735 
23274 3143 
69819 4479 
75561 83857 
73707 16193 
87360 57250 
82082 84302 
99780 84317 
92439 81206 
15654 39976 
46350 11910 
87888 32764 
26736 35889 
17687 38893 
35099 39564 
23515 62047 
76400 14571 
32394 6187 
96596 61925 
13969 27618 
63240 60288 
24753 14714 
53092 7705 
55055 28950 
12330 70509 
74333 29254 
84771 50524 
52038 93222 
61389 12275 
90505 43341 
90457 95596 
44041 84145 
1824 75849 
14081 57072 
41097 23896 
4126 23846 
79916 61055 
90161 96277 
67050 439 
12334 40676 
11699 15414 
21927 98438 
45174 78325 
23943 80841 
90026 68249 
40184 15765 
76752 55175 
80214 46759 
87345 29872 
48382 10794 
72250 63611 
33892 50009 
82701 50009 
27902 44920 
83938 2414 
86718 91789 
66478 54606 
13371 85244 
52383 40004 
61233 8749 
1395 5143 
72763 80124 
57828 46880 
54122 47113 
43277 49605 
52060 78831 
92484 38661 
43383 52962 
50113 59260 
69235 95685 
94730 36371 
46563 91575 
32914 70359 
67323 44080 
11260 75609 
52357 33726 
26892 74930 
61345 90767 
78176 21235 
72801 71815 
86472 29780 
38853 5809 
37045 69232 
88353 53732 
32660 77860 
98859 8579 
26949 42360 
83118 47345 
6261 1133 
38913 35203 
18519 11269 
92471 73493 
5498 49080 
25102 77836 
80997 97683 
10365 70388 
11512 11986 
4726 71158 
98318 41328 
28576 77308 
30282 33153 
46421 26484 
75242 37211 
5146 50474 
4474 79171 
17503 38883 
99541 74918 
84307 49001 
73724 12397 
33282 17684 
51274 36558 
15137 53813 
86895 34769 
38123 15775 
75138 34994 
41217 7420 
94796 97120 
3018 58072 
56942 99003 
58557 87429 
76897 93100 
49436 94558 
70195 37017 
64059 51707 
80551 81876 
34208 28278 
83833 36057 
41772 18058 
76235 8734 
55224 93683 
47108 77536 
59216 66327 
57332 17730 
62702 85712 
92638 76545 
71039 75812 
37958 75523 
85791 65000 
23648 76275 
52262 35868 
27370 50546 
9285 89614 
76414 54212 
8394 92613 
84447 16636 
60199 48691 
73916 21747 
34670 19604 
80777 75284 
88983 98378 
11735 23838 
21681 25388 
25857 15623 
55140 25470 
42188 70374 
29664 35822 
32925 56318 
52005 89125 
47733 55867 
78717 14031 
28939 38482 
30458 16052 
19651 49128 
27203 5922 
37218 63765 
6333 49563 
83027 59557 
35606 24128 
86260 96755 
61298 77882 
34034 11689 
38113 8272 
23255 75834 
71947 92093 
80551 84644 
69181 24455 
35807 1628 
26909 49130 
2120 98112 
17354 91839 
10381 97187 
16692 40190 
70260 51519 
3600 49235 
80989 59049 
6078 89960 
95158 48015 
6432 99575 
46633 43315 
23786 37054 
89741 59922 
81074 95161 
61023 55873 
29210 71052 
67162 17283 
44949 51581 
23073 40936 
40968 26517 
12700 26156 
26739 3188 
21714 87003 
37046 59401 
96098 48285 
1297 38024 
13511 94404 
61290 56218 
15353 98806 
57667 75087 
36627 73564 
96023 51373 
87968 43604 
72485 71829 
89624 68128 
85544 53050 
30697 2987 
86019 74770 
28644 22083 
20275 3033 
93777 93294 
3119 51133 
61458 35020 
16332 20867 
40680 63099 
66339 64373 
41919 74687 
50270 7735 
89396 5636 
73506 81504 
93327 40947 
33780 10455 
56254 54095 
36985 25110 
14218 319 
38096 70977 
68315 91424 
6919 7926 
45101 35203 
2887 11775 
35326 31277 
5707 12892 
99652 76966 
89382 32526 
97285 51759 
45983 6552 
88882 16998 
62519 18465 
88593 88594 
29359 98711 
91798 14906 
11858 85805 
84850 19363 
48212 86218 
51071 47961 
46041 14614 
23272 95462 
37756 43788 
97219 70965 
20559 44544 
12775 3402 
50690 49729 
29834 80654 
83589 33793 
74720 62104 
51670 59490 
9360 3798 
49672 6702 
80354 87832 
53881 64902 
37941 53116 
35990 40363 
75941 83393 
44967 2009 
32850 20179 
21018 65651 
11621 33256 
74590 95385 
21018 99403 
10309 83039 
14991 11225 
883 51812 
8183 62308 
19177 18625 
75444 32302 
18059 41232 
1167 26158 
7050 70723 
30266 5397 
12444 27846 
86798 86136 
23253 22438 
68512 68506 
19206 39252 
95997 5193 
48989 20603 
93683 13008 
77025 86524 
6543 80704 
45284 46464 
11208 28723 
3004 73113 
63030 32085 
41655 28520 
31755 26367 
35048 55462 
17535 78496 
25283 72885 
6383 19045 
14004 43226 
19507 786 
15439 11593 
34553 69427 
2820 51992 
8405 6809 
32934 94203 
11010 34241 
64986 46381 
87579 44255 
99363 73121 
2559 62728 
49519 36434 
82939 30142 
25911 58018 
70736 30704 
54771 15157 
14895 91100 
76469 39737 
81411 16856 
68311 50136 
37110 33595 
14853 9076 
67317 52925 
5156 67092 
20571 88235 
70863 20842 
34538 4417 
91612 88281 
86491 97286 
84973 78572 
28954 63470 
66996 13626 
16561 39559 
16394 40292 
3684 60533 
493 57461 
94072 11785 
24304 70732 
53509 26486 
45431 78803 
54411 10643 
56974 90360 
7326 61848 
78221 68008 
48459 84561 
8596 96650 
94619 94711 
94244 77739 
47403 49440 
28540 57955 
26980 34044 
57942 11100 
42466 87447 
92841 5394 
60696 50004 
29371 4861 
18096 73002 
72652 73119 
31399 37890 
14508 70632 
2098 95119 
59450 62382 
76824 47396 
11541 81906 
21253 70222 
31743 29772 
88660 83786 
50441 19842 
15922 64592 
73063 25017 
59537 12645 
48061 15687 
92157 70583 
75993 28743 
16142 24838 
26036 52722 
14833 5732 
92003 65589 
54496 43321 
63747 15629 
70322 28930 
11858 93049 
18398 78443 
83612 171 
52211 92777 
86369 91449 
87054 63390 
90984 21061 
48595 76254 
22235 5448 
62912 26387 
15894 80934 
34458 66886 
12772 12439 
75708 81330 
28938 88287 
97642 86490 
88262 18261 
43751 43462 
28544 37298 
51942 79693 
95711 5595 
58450 1752 
21904 87407 
15830 9331 
42768 85448 
83107 4601 
46827 5547 
60320 27881 
65583 27110 
81997 40538 
6788 58919 
54502 19066 
5355 66964 
20727 20521 
16421 71200 
62253 28772 
3347 21569 
3924 93501 
79745 80077 
68637 29420 
49129 55368 
41235 51889 
48366 58995 
39517 86929 
41817 78446 
57678 8553 
31941 91014 
42899 24419 
49065 74706 
89347 52002 
58152 7654 
85499 1780 
73598 85864 
30489 11390 
4468 30638 
43087 55268 
62015 1654 
22973 87977 
48954 79404 
88086 66249 
15669 31624 
4165 34698 
12394 32289 
42968 53245 
88356 58932 
54214 90467 
88998 54270 
12946 6413 
80598 1503 
8786 870 
87952 29158 
76495 8610 
65279 30979 
28242 81880 
33078 59128 
37195 12166 
4402 24809 
39283 8237 
92876 19480 
65432 65529 
41723 51899 
90080 33127 
38204 81528 
83461 8901 
81050 17207 
84905 70820 
49870 41487 
72352 83017 
84940 15662 
89267 98875 
23397 18281 
4333 20210 
53599 70813 
21586 61593 
43226 8127 
29040 11891 
68708 58586 
72412 81319 
23625 8812 
67205 71598 
11980 41548 
17195 9265 
38572 51548 
90275 37744 
93183 64069 
13645 72474 
87872 3278 
89505 85212 
47417 83761 
99676 98575 
71773 27353 
63010 39932 
86392 39601 
32955 24974 
71357 15449 
74322 15586 
13491 82116 
38085 24103 
56960 28616 
60942 16577 
37364 16028 
52415 1395 
71890 10363 
96419 76403 
43842 30746 
86513 47598 
63712 59659 
34468 25583 
10907 19094 
40305 52090 
60365 76737 
88635 8269 
76515 9673 
40899 8822 
13369 19607 
26037 91678 
94016 63238 
93119 71538 
55399 34150 
78682 37508 
34943 8491 
58739 39907 
44488 45699 
890 29453 
23936 17666 
5468 83210 
92111 24987 
26330 75970 
15571 47317 
91674 33228 
97444 66364 
3190 32438 
47849 94680 
77871 2954 
35035 41155 
10986 11851 
32124 45009 
80988 12796 
68168 14072 
87545 78176 
64218 10279 
12434 30889 
85185 35555 
19656 41534 
66513 84642 
65973 59163 
81024 47939 
75920 99323 
95758 67025 
46425 21820 
31249 68332 
85307 92444 
76381 26263 
55207 37839 
30828 36105 
89938 70759 
44054 9168 
73737 84167 
94932 37877 
25610 86919 
9290 16897 
10705 81232 
44013 47879 
8574 62717 
75823 47 
4239 57410 
20436 46608 
32086 97092 
73552 47829 
94970 74102 
8925 5639 
1244 9928 
90806 71747 
11023 18047 
58082 51505 
59630 40797 
15695 9146 
30937 92523 
25266 46513 
86271 46777 
21315 97030 
15541 64070 
92069 49418 
66432 68485 
54574 91549 
24796 46374 
22678 43812 
64758 58479 
13405 33524 
60622 27960 
62379 47141 
54288 91153 
22122 85427 
1717 75331 
98463 38236 
79840 98273 
39701 90183 
21397 68188 
30819 66243 
59303 99299 
60738 27199 
4461 48386 
24450 28846 
51332 20624 
93854 66009 
4103 89244 
41207 32675 
42980 22879 
27320 42917 
4884 16877 
72993 73794 
35766 80444 
16647 11043 
82779 40169 
23693 1139 
33705 82293 
53937 39145 
78323 71034 
12122 50830 
61817 48336 
3732 59622 
23854 41614 
93226 64218 
68618 80376 
15142 91088 
90887 50039 
19826 27567 
91125 91839 
45019 85893 
48627 91405 
92157 96278 
85879 85408 
51926 78003 
49628 55603 
67476 91511 
54503 72702 
45695 31607 
83636 98634 
26991 82134 
17321 55145 
2308 15865 
65604 19064 
22398 89860 
13535 10166 
78891 56166 
48917 96251 
49268 80480 
31495 51859 
88574 37302 
79835 71987 
19572 29071 
97566 60265 
19985 58941 
34158 82191 
30591 72083 
77106 98394 
11149 68793 
2152 70298 
52487 84183 
66086 61142 
12548 23857 
12732 38995 
81799 42749 
76841 25241 
99116 55140 
12928 21915 
33126 67917 
46500 94377 
15931 36242 
43639 81966 
66270 51049 
21582 58627 
67369 81193 
77710 67908 
71094 9536 
97290 12339 
84489 21937 
11321 85830 
57373 30811 
15017 99619 
30411 40849 
24733 67170 
21891 93467 
46568 81543 
28452 58681 
53378 39912 
90059 78379 
18636 44246 
22792 3319 
35332 34602 
54319 7699 
56020 92032 
6430 9756 
26171 81831 
56590 74641 
47123 94632 
76190 26651 
97236 82815 
87035 51932 
60238 82769 
99563 29894 
58316 59716 
96408 91816 
64132 11150 
3123 68527 
70763 17351 
44241 55511 
31449 33046 
17309 93458 
42069 72924 
30152 35009 
28456 55586 
37316 44321 
17897 35414 
80519 55103 
19625 69911 
84877 94886 
12604 41284 
87807 68536 
40593 75327 
80695 82425 
44259 78118 
24799 82161 
17994 41605 
62292 71393 
65174 52857 
80998 77007 
39694 78554 
7034 26843 
3968 86254 
93477 10135 
3934 7022 
45111 97950 
60172 40204 
69424 11181 
903 50458 
72229 37041 
17397 9572 
22667 11468 
5258 91178 
96773 4521 
66078 35178 
71430 68586 
83094 60472 
81226 35077 
51810 19571 
69595 74335 
41898 56700 
62590 65569 
90293 52225 
68727 58898 
76990 10512 
61582 49980 
14898 75816 
33137 29169 
92968 41328 
15381 11826 
47874 50204 
55242 4095 
3680 74239 
93667 9412 
11206 95766 
43491 34942 
39226 11435 
82746 14330 
18149 22725 
80118 23369 
13521 77340 
47507 28582 
11441 78111 
70995 75206 
30921 81560 
5981 90726 
39226 66995 
34848 52811 
35434 68813 
76273 46432 
84683 29636 
4089 13917 
31036 49958 
80629 83835 
90398 81187 
34556 49851 
26592 33280 
16401 59087 
43477 45593 
46402 61006 
83919 166 
28681 62484 
12430 40324 
43412 32476 
72491 94308 
44362 571 
51823 93590 
83004 97727 
59303 18585 
52406 94609 
15742 671 
94192 3206 
87421 58749 
40065 20791 
46049 51000 
65771 11769 
21719 78075 
19834 42615 
26482 82654 
51978 7834 
65325 52095 
6905 10779 
18583 45876 
67917 92129 
75298 37570 
31868 31010 
20491 82285 
71996 78941 
31040 94844 
98451 25209 
14607 51394 
57646 33755 
33966 7702 
21043 36299 
95149 61107 
1597 14165 
41945 69894 
1776 52175 
91609 83801 
40957 1955 
67028 32449 
31929 49143 
29130 64658 
76381 39243 
89983 30936 
27423 80234 
91822 53883 
23583 6567 
70141 36792 
33164 58790 
80028 19440 
60456 5817 
54085 1877 
56015 12714 
77554 21952 
42076 35899 
11681 90389 
11138 9765 
69887 58415 
80841 74008 
52980 17271 
91505 79295 
79408 6343 
14027 434 
4498 37269 
95310 80827 
8617 25012 
6009 29748 
48394 53764 
71071 94844 
7394 95426 
57431 36299 
53063 41534 
65174 36197 
5298 5648 
18572 86885 
48647 2566 
81639 15522 
74932 13142 
29191 18501 
26006 99085 
88855 99043 
17381 40765 
32103 24053 
62630 32920 
33064 42163 
85744 88045 
32761 33927 
4043 65356 
43356 97237 
87773 64388 
2104 6303 
54182 96608 
37937 20902 
33637 75863 
44936 64111 
53294 49068 
66438 31375 
19818 22189 
81109 41506 
46849 23452 
48038 91087 
65176 85580 
11769 27769 
73993 21998 
90145 15065 
40164 18078 
67931 21513 
29047 57849 
97433 30441 
55251 59024 
63649 33091 
74587 94766 
5968 37476 
99525 39299 
1050 98092 
9598 86308 
2209 47503 
45531 53979 
99497 89813 
21229 8628 
11648 98159 
61330 10048 
46138 43618 
73670 6008 
66843 71323 
95810 80805 
90122 31038 
12653 93298 
89625 64124 
28264 23605 
27730 46541 
89104 84375 
47226 88432 
98242 42582 
50706 94835 
30453 40779 
67120 99199 
56702 2982 
55031 91610 
13129 59665 
20313 77071 
4471 28764 
32432 15601 
14740 45203 
7867 15632 
9029 40087 
91864 74868 
49469 32574 
10422 88689 
15645 12349 
83256 75182 
15195 58702 
85473 97982 
93855 63399 
20764 3408 
5846 98857 
22173 26708 
85328 568 
27817 63770 
67517 13281 
88433 49257 
44115 84167 
51205 29901 
1860 72962 
30066 72545 
85298 89083 
16486 557 
45253 58713 
6773 9331 
83067 71117 
21972 71886 
77279 52683 
74697 8915 
84232 69709 
93560 64159 
37022 66449 
50345 95614 
28178 3680 
47674 65824 
50699 74827 
15621 90383 
89295 41647 
34590 82805 
99134 49540 
48750 16002 
82893 53732 
59395 5918 
78612 11894 
90850 11194 
603 76230 
2861 34292 
33595 48583 
82915 4081 
66308 45850 
89489 17704 
64854 59783 
32994 20362 
28588 85192 
74998 5701 
41500 33670 
98299 26601 
30724 46087 
50511 16403 
70448 66495 
92044 34025 
24249 42446 
85723 62887 
1824 72366 
49747 13214 
17092 29259 
58294 35 
73834 51873 
14792 95073 
72296 9380 
41752 79729 
25601 13695 
27984 58484 
98357 74747 
49161 27307 
31498 68340 
30894 30028 
97182 13669 
54825 77144 
35488 38140 
17742 46153 
60681 40821 
41286 30264 
88979 52664 
95576 53204 
32026 31602 
43889 21873 
20726 23666 
37541 45679 
72565 67471 
90183 11698 
92277 18732 
38972 68123 
432 23926 
56407 35026 
17492 77750 
11098 31037 
91857 57757 
88347 77334 
49647 41345 
72114 16199 
61189 75204 
58818 60398 
64636 85433 
20385 71786 
60656 87681 
59034 52775 
93788 81021 
99555 22690 
65869 86688 
46140 42547 
84815 23389 
90321 46407 
38098 94564 
94172 35214 
94413 99823 
88636 89913 
79315 72710 
20699 64638 
41012 89999 
55112 27894 
21044 93943 
86427 29911 
71221 18197 
45388 87728 
13014 10588 
90016 96056 
18450 1454 
56223 91624 
2646 74988 
5396 21438 
57253 62824 
47086 91281 
21370 94043 
33821 99780 
81892 3863 
22001 95486 
18815 24430 
67952 29684 
62640 55493 
81430 16019 
10858 40143 
90218 49525 
58341 51384 
78929 82274 
32572 29002 
52723 635 
88742 92987 
42378 99970 
12074 99749 
10981 6649 
95115 369 
44523 54353 
6293 6402 
8712 81911 
42676 67982 
32612 83283 
64676 21483 
36002 6828 
43329 69517 
51877 70581 
11844 14770 
8060 33071 
2239 80966 
22648 35043 
65214 19216 
36865 6493 
16759 16055 
55839 15504 
28606 90675 
92947 20686 
81217 93171 
16590 77342 
27848 93065 
79578 39033 
76094 77928 
70829 90814 
79392 65627 
66638 48177 
45085 70522 
74512 56621 
7963 53905 
56426 30769 
88587 32001 
90307 79073 
54253 11095 
78664 70415 
27102 68602 
41499 12277 
38671 1403 
36985 26683 
13091 18286 
37868 29701 
72175 62048 
54147 43090 
94789 8627 
33313 92537 
30198 5562 
88260 75927 
60486 80174 
99987 17232 
30670 69009 
17267 56848 
16808 94447 
28707 67592 
82176 41785 
13973 27083 
79498 70694 
90404 21836 
93249 28622 
58863 6185 
80221 20555 
18380 90003 
58811 29449 
62989 83197 
17908 74776 
96143 82100 
64796 42741 
98185 43118 
8147 21110 
60569 52371 
76949 24001 
56881 66581 
9152 97541 
55180 70089 
4828 56025 
88776 65612 
27806 9985 
93283 92267 
57031 12564 
86638 43372 
34312 68596 
15746 38654 
28642 22060 
18502 90775 
38954 61821 
53179 94438 
86940 63062 
28515 57862 
9494 12351 
27274 91021 
46358 47988 
53719 62827 
32711 84098 
51080 40271 
48736 76860 
29015 26594 
48604 34351 
12982 22638 
89852 67657 
77583 45819 
10777 30232 
54128 54522 
58284 94922 
9026 42223 
51508 73623 
74102 85289 
77578 93279 
72499 51134 
55040 3672 
24581 99316 
67772 7475 
37087 37140 
67584 71039 
75750 23474 
67277 95615 
96708 49738 
97573 3022 
65253 65410 
81119 17204 
21795 56866 
84666 3690 
64426 33056 
46586 62665 
5023 19214 
41024 58180 
21591 10719 
32271 5948 
73362 93207 
93379 35284 
67171 92171 
11532 86883 
63696 75542 
79395 7485 
90394 96112 
76397 54921 
84302 27178 
76863 32556 
22351 14405 
82912 30895 
9431 39663 
69212 65889 
85173 68472 
43963 68444 
79267 31694 
75889 97686 
92090 74238 
10573 21748 
2536 88797 
1086 34136 
8149 41020 
7705 51197 
84015 84020 
79365 66749 
6337 54748 
15576 23662 
24218 42528 
21664 98961 
78896 20907 
12494 88979 
63527 37993 
90230 24164 
88580 67591 
20253 39307 
68016 33662 
55970 74304 
69624 34068 
18081 82993 
79260 6008 
16747 83170 
13196 95233 
16158 89586 
75372 13840 
80140 33541 
97094 97349 
4745 87639 
15543 769 
39173 82310 
44445 5464 
19898 21942 
65351 43924 
94542 82730 
21189 87892 
91826 1827 
25108 86803 
1836 47937 
7100 88158 
66868 97178 
8494 19149 
47293 24867 
113 59785 
19146 63804 
43771 91747 
80585 72730 
38725 64320 
92866 4790 
94814 79033 
58160 65167 
52234 57989 
41326 99497 
24246 27392 
75649 60233 
73584 17379 
53606 56819 
45934 52061 
92860 7356 
74572 79516 
84991 74371 
39103 70499 
79871 85398 
8200 96761 
32117 10218 
21362 85134 
37739 90975 
67920 31882 
18866 98805 
2865 53375 
72340 21157 
98549 43720 
84033 67730 
68914 7774 
24855 19710 
18613 38822 
86760 36979 
63245 14224 
87416 81000 
38894 89438 
70777 7292 
69267 81108 
57439 30721 
86932 43273 
53446 69279 
11528 57251 
9137 27570 
72265 75386 
30634 89942 
24662 81608 
85757 55009 
52155 57620 
13428 58225 
62091 72541 
41027 97280 
82577 45960 
37709 96254 
41744 69603 
83356 18775 
64238 11209 
12598 67896 
51059 65701 
1284 90938 
18381 63370 
98788 41275 
58539 92547 
73704 35813 
52149 45125 
32787 86893 
4111 47266 
93371 80392 
98271 94806 
38075 17992 
65580 73069 
57218 40907 
38835 4238 
89202 4801 
23417 31875 
1985 81189 
47919 21863 
19832 19305 
71166 31770 
88685 14253 
12832 76511 
90759 92175 
43723 97203 
64422 41247 
18754 22233 
58903 88515 
60764 94797 
55072 46888 
6513 29573 
13303 34038 
7573 52675 
67340 95551 
38286 73667 
69128 48338 
555 36185 
3728 97137 
30980 94568 
35717 66893 
9674 67926 
18898 36856 
42063 30190 
99655 58422 
35114 4950 
70976 88083 
17599 47250 
88927 69262 
60395 11043 
46295 52408 
37275 20603 
9131 51387 
29237 86968 
61095 96040 
16163 36366 
67794 55721 
18419 46565 
68701 76683 
47996 19224 
27793 97378 
3907 51599 
25693 80052 
99717 9287 
55897 24471 
42521 43245 
95574 10141 
92068 38921 
57450 47136 
16394 33096 
93471 2405 
25998 84915 
13207 8408 
12499 41591 
366 53991 
39622 96391 
59345 3584 
34508 96761 
379 90149 
5540 23848 
76651 79723 
69240 31156 
19627 10979 
3243 99713 
79921 71922 
54981 39882 
70158 87643 
26402 45819 
23569 58003 
23923 87604 
27493 2187 
9777 8168 
64470 38252 
15998 77429 
95278 50114 
85544 44397 
48057 71861 
86373 19543 
35569 49847 
3774 14320 
8672 26702 
53863 62511 
68263 28227 
76848 48946 
206 24074 
62543 75113 
68196 76174 
32574 98363 
98029 85077 
53806 91612 
13410 93676 
85764 83865 
38229 10236 
71148 58354 
63120 68212 
63036 4740 
85185 49025 
44937 44576 
68893 55789 
40618 75080 
43475 40933 
29434 5325 
47540 58697 
79904 91022 
55144 34709 
89333 9370 
69264 19148 
70542 53807 
48344 17427 
58084 70001 
39551 72932 
15812 99047 
28368 10009 
15267 41608 
78342 32223 
20057 7584 
27079 10858 
55275 69928 
24983 91687 
62940 98342 
51773 94226 
44583 8844 
22489 77026 
70288 28561 
99460 94966 
89864 41646 
59620 80102 
16294 51792 
27616 36311 
64207 69620 
74287 49777 
16827 9062 
97383 82317 
63724 55877 
46819 32615 
98643 53583 
30268 21606 
91795 37297 
36588 82586 
54230 34409 
44330 14060 
93217 42484 
40515 83903 
17085 89416 
60883 57100 
85534 78634 
76977 56153 
17160 23015 
97732 53188 
59803 75182 
23619 35837 
1263 68973 
89950 85201 
48067 97146 
62604 53481 
28168 63739 
4219 31315 
79798 66032 
11800 50451 
73209 80663 
37745 76028 
74576 51219 
45424 4605 
2113 506 
17765 98982 
43269 19687 
32670 58937 
98845 18622 
42666 48210 
94988 56998 
47816 72340 
57228 14202 
30721 29456 
72066 97411 
30348 36641 
71109 31987 
67466 68207 
60340 26030 
98598 29037 
82821 51818 
67736 26069 
47000 40860 
45421 94084 
74732 46430 
93365 78147 
23266 87685 
69430 74365 
13619 52875 
92575 83052 
54160 5632 
20291 33997 
82653 7962 
52067 2176 
62642 46335 
61612 44098 
60753 23110 
77824 49897 
370 54577 
79920 24370 
34071 99000 
45656 81322 
2357 23300 
93267 59928 
49382 5420 
87483 49235 
47783 60881 
37955 37520 
44140 76696 
4390 86880 
74235 33559 
36918 70283 
12962 98085 
22456 98218 
17627 70907 
78256 5166 
95311 83544 
32380 62306 
75092 47231 
57457 32170 
94147 70244 
78923 83429 
13077 76806 
61805 39534 
60301 80236 
91166 43635 
67938 85813 
499 84028 
2342 24646 
69616 39305 
11278 48895 
9005 70464 
6715 50798 
71175 8407 
77312 3196 
81133 59598 
77887 57659 
57969 80068 
74504 77798 
7383 48537 
33302 29982 
1079 3109 
28766 1432 
23058 92809 
12883 66553 
55170 35181 
30460 76352 
94665 64225 
87857 2928 
45039 99142 
82488 31279 
98117 63682 
78669 54042 
30103 38318 
71723 91282 
67255 33044 
16753 27094 
37837 27289 
11058 27507 
16210 35242 
9921 80091 
82176 19840 
24324 74637 
64101 96731 
96130 26443 
7903 40711 
71357 28966 
15613 31454 
95411 10996 
27039 52802 
35471 64996 
75948 90437 
94707 7905 
38233 56454 
20606 33426 
3673 6173 
25394 15722 
45201 2465 
30413 28440 
29987 25928 
18250 50102 
15192 25468 
26549 37178 
97903 53105 
45637 59510 
43529 29324 
88441 9281 
99890 40813 
85666 14331 
15215 81150 
21783 9403 
17462 6786 
68097 44751 
79641 95657 
88038 40572 
91243 63777 
86755 27828 
79393 16394 
52214 51306 
75031 84582 
88226 49120 
99190 25586 
71160 64364 
52358 45833 
71584 89279 
25952 39163 
69673 90017 
19076 19693 
58933 10983 
36035 68654 
76663 11747 
60484 7597 
21517 46615 
50622 56571 
18653 57251 
76501 35186 
71170 12065 
25311 16918 
92870 92642 
33411 52565 
51873 97058 
64898 37487 
67201 2745 
45694 9033 
91171 7385 
79380 25556 
79277 45368 
16454 96419 
96237 59441 
22190 3650 
31945 92451 
89963 80171 
4326 52454 
76678 86994 
7404 95970 
94839 62337 
22402 68791 
81862 99302 
47260 41499 
81363 45574 
15696 77744 
13451 8544 
70778 77313 
81471 92329 
29956 43176 
61168 89332 
28579 31925 
44910 98341 
57170 60419 
68383 43560 
14068 57945 
30099 24581 
79508 72822 
25071 35945 
79840 65161 
53192 56803 
51264 43330 
30114 26107 
31349 30718 
23867 86818 
3556 81491 
63957 3833 
95080 99300 
21364 34644 
81554 51280 
37645 59152 
83517 11188 
89260 55682 
48995 10129 
9239 43880 
4159 21115 
52539 2033 
19758 54553 
83644 6262 
84838 95765 
85433 32126 
1264 72773 
36851 5360 
12638 2852 
83569 87777 
59454 29705 
30626 36823 
8639 29637 
18942 82825 
40137 34732 
8633 26674 
85787 93786 
81210 72491 
6440 67627 
90041 74775 
62139 34463 
33854 97596 
77154 63029 
1605 54584 
26740 96540 
38687 22777 
75730 78867 
14243 861 
80425 45823 
27258 12845 
24687 99106 
75137 41970 
98783 78174 
22643 16424 
45203 46225 
51349 58390 
89564 10438 
40157 51017 
46656 3801 
26000 74109 
41795 66039 
20483 8623 
15876 74606 
12993 12518 
88857 93160 
73757 26071 
40877 24587 
81320 73456 
32815 78389 
38103 89192 
28830 88144 
4967 13044 
2232 43716 
81146 64970 
3055 35074 
79411 32951 
40764 39775 
98018 80829 
88774 24590 
70758 10724 
48782 73231 
84362 95177 
22420 96785 
88506 27839 
25296 31186 
87872 28365 
44244 76963 
97970 77095 
82440 90507 
66851 48181 
58997 93187 
13374 56005 
29793 24966 
9343 29047 
74451 32474 
37634 77819 
50792 48071 
91317 29027 
52521 85996 
39833 56822 
18507 54498 
77442 53824 
32762 58704 
86423 49543 
23043 47991 
92963 1867 
12993 43742 
67149 58521 
7834 68647 
20190 9661 
96829 87061 
81737 30269 
37103 57452 
98121 41525 
42874 92606 
78327 4070 
41733 20975 
28705 92857 
75351 43490 
59699 93250 
15837 84105 
18276 1080 
40923 39515 
98291 5574 
61282 43716 
7660 83388 
21482 76460 
26024 34391 
2434 61171 
69475 45460 
37669 17508 
89960 77187 
18383 56520 
76146 30257 
2880 32208 
89794 63170 
64934 92324 
67133 1058 
12537 3366 
38211 96540 
83598 59962 
68917 77870 
78389 27251 
10111 47076 
19884 6330 
46223 71356 
42596 57507 
71727 44687 
98128 63817 
88032 83417 
31374 68167 
5646 59562 
25142 71452 
56864 68572 
32964 36149 
72748 74564 
19940 101 
54880 75277 
9686 68638 
77084 81510 
91816 19627 
85291 11319 
78847 25733 
24703 57967 
14023 70875 
12605 2433 
22271 13759 
92447 6219 
65346 30401 
50225 38276 
9213 49622 
47733 61039 
36795 80815 
28913 24904 
42423 21616 
85321 97900 
25729 24637 
24628 87884 
62122 97052 
72112 98280 
64640 4555 
49274 95196 
67671 52121 
15963 53691 
56881 17981 
32847 94049 
41677 24360 
99553 15071 
16600 38783 
50516 80765 
86315 13126 
45306 19192 
35143 84099 
73152 47864 
6632 78471 
2399 48709 
21194 89112 
44805 77494 
593 13791 
71850 7504 
86920 77681 
15667 75347 
40635 92658 
10721 17960 
77382 41717 
84019 64194 
56498 15221 
81445 71798 
65474 67202 
25686 81195 
54104 4556 
37288 91134 
59674 69728 
14513 48108 
30229 28371 
59967 81385 
96844 27458 
62380 8550 
67760 46450 
90441 82665 
17375 24399 
32271 51443 
21284 9218 
18882 51315 
44915 41866 
2903 64787 
27783 57833 
24853 28212 
17971 61042 
88453 88908 
2196 1189 
83699 75483 
45626 64521 
41874 63310 
2621 70214 
80176 88280 
84658 49716 
95330 86277 
74910 74866 
95318 13252 
60315 92033 
16265 31370 
11436 14207 
57584 30346 
78009 20695 
82612 89955 
83793 14952 
74267 79595 
98208 95114 
5671 33896 
34187 98880 
84209 39510 
71781 94692 
54161 17573 
35296 4502 
97826 88748 
58053 59947 
57968 63341 
53358 13367 
15455 7658 
72868 47856 
95101 99592 
74250 56416 
40047 1384 
38883 89304 
90372 45545 
77328 748 
25217 51138 
35390 61527 
79318 61919 
66800 42211 
24663 25297 
69927 13443 
15878 11613 
95375 54197 
33984 6959 
18922 6762 
27345 99548 
39987 68039 
40887 19605 
9667 60763 
45097 85808 
14326 85390 
24831 57499 
40864 13628 
64643 91209 
27967 47989 
72097 52471 
64022 38229 
13477 39461 
26847 15186 
97308 33728 
72958 75253 
30273 5035 
74866 24642 
87422 62329 
73686 71558 
83925 60897 
61371 36565 
9208 46955 
31936 36651 
85955 45244 
44287 86900 
46212 72641 
20596 55175 
74804 91373 
63671 99840 
56243 99080 
14314 18306 
75516 89839 
85444 35072 
65393 10159 
3550 61932 
63337 77035 
60069 70127 
39592 21367 
25327 24527 
84739 69324 
5947 43237 
99730 76703 
32957 62593 
14391 86892 
52289 7089 
71354 91737 
52001 86568 
51589 36428 
1226 68861 
84960 24461 
94733 5089 
84657 46801 
93947 16937 
67884 80566 
30371 90506 
76841 76854 
90588 59686 
93829 84796 
33339 3528 
52214 39470 
98687 26701 
81020 75007 
56835 39896 
85091 11040 
9924 7885 
55019 580 
3953 86982 
21493 20479 
29953 30770 
17207 31826 
93649 3185 
86159 36934 
11054 1479 
84956 12028 
43788 58036 
53625 312 
22403 59689 
94500 8751 
18566 95890 
86889 63786 
17705 23023 
82521 46067 
12549 11098 
72179 42406 
84964 21230 
87472 24339 
68612 47549 
3331 86959 
88147 45558 
36643 59198 
52032 60478 
94299 27222 
35528 63722 
9999 96358 
28006 3427 
23317 53748 
34448 75823 
96787 83899 
14861 28239 
37217 32320 
17287 11654 
85946 8684 
10215 11000 
69430 70221 
48387 94739 
56328 28518 
12367 41798 
50174 78457 
46711 23535 
57737 56716 
84159 41195 
12360 99074 
83997 45156 
98822 80704 
31608 91311 
21716 91704 
43165 22028 
82818 21303 
94544 94399 
84653 98499 
46756 16865 
57165 64336 
71531 96810 
12391 31568 
90164 46342 
68013 21189 
26348 41234 
44850 52075 
39415 78878 
35637 99981 
48270 35110 
62834 35139 
78278 76895 
91765 93972 
63441 48097 
42016 39664 
14462 8970 
44847 18858 
19589 76485 
27239 27250 
79664 82241 
64273 55583 
91347 37465 
30658 99329 
83238 70490 
99559 80324 
78463 81104 
82225 46649 
4250 38263 
75516 88273 
94142 32968 
86040 30270 
31683 86438 
29416 42872 
65803 5236 
61092 38192 
87556 69629 
81173 7125 
95505 39227 
69881 86770 
92729 60802 
52551 38646 
52318 67219 
63470 61047 
60153 63517 
76424 55070 
93896 6451 
96448 13157 
25330 97166 
62086 1470 
39520 23199 
90353 62920 
48763 5607 
7651 76431 
41882 29814 
49038 69790 
50134 64586 
75529 98399 
29865 2625 
54528 70287 
59006 88331 
72026 18975 
19601 33580 
96852 47 
91795 60721 
97054 14772 
16045 53523 
16394 44650 
89781 41397 
54988 14481 
52369 90008 
62258 88340 
77929 22242 
42676 42798 
39406 47521 
95172 54806 
29286 34575 
55615 87829 
22428 23018 
88447 59140 
44706 32498 
78318 23644 
67522 94654 
5501 15131 
82689 2747 
49879 44593 
24827 46616 
57474 67020 
99084 76455 
20761 93044 
40896 17921 
69433 39877 
81427 43226 
41803 87168 
17455 88097 
8700 27713 
87684 92889 
51494 80426 
38813 37619 
53810 63494 
24153 35340 
52496 9392 
15206 46003 
7612 40184 
22307 73858 
93451 11547 
14323 15436 
83039 76955 
99325 32279 
97088 19699 
78290 32851 
15045 49719 
12091 61432 
634 64653 
48376 8312 
77251 30104 
39427 75211 
99554 42783 
44681 52628 
6786 2031 
52306 91689 
10634 30147 
73086 82063 
65858 50022 
56842 79658 
95422 49773 
56707 63049 
93572 38381 
19792 35980 
10039 23776 
14145 34777 
26492 25400 
11357 44149 
72382 66929 
31779 72580 
91484 81710 
25037 89453 
62731 3337 
2373 79968 
99341 6937 
59311 31123 
98775 12854 
27266 22233 
92718 63793 
70900 56855 
51077 38888 
4408 39499 
26876 73747 
34387 70113 
89984 14218 
49505 2114 
86765 43409 
67962 85583 
80011 86487 
22542 96271 
68960 15785 
10039 33183 
62703 49997 
56951 52752 
81960 65518 
56536 96014 
94000 15441 
13688 56680 
43363 82285 
93563 32640 
27109 74235 
7475 1181 
77446 11463 
85300 59096 
56911 39067 
77498 72833 
41651 46222 
1810 91005 
66914 67315 
99793 81797 
35505 90182 
96582 71203 
44760 98976 
63616 74534 
70477 34775 
68535 33255 
57316 65742 
59043 91971 
4298 20441 
68282 76259 
1353 52866 
48073 61038 
68256 75823 
33391 51325 
70834 20456 
16500 32438 
40982 54075 
62433 85122 
6824 15839 
28819 2564 
47239 10443 
62561 90881 
21040 33642 
33430 82442 
85232 90251 
30406 42244 
9055 5220 
90405 1582 
10964 21432 
51033 10356 
94175 24074 
19088 59655 
33135 30746 
24752 89583 
67993 38908 
87792 63854 
97113 27836 
56513 62251 
18660 70957 
92852 14856 
61494 26236 
67689 77793 
62854 37230 
99314 29255 
95750 95506 
14979 46702 
22498 86302 
40506 11377 
52509 63605 
26224 74670 
12217 78315 
98777 12348 
92950 13661 
87879 87315 
28563 65799 
14652 39317 
68855 44270 
43922 20873 
57016 56986 
96688 2729 
89822 87467 
90963 79264 
37784 68224 
29271 14518 
29149 3516 
79310 82900 
56411 97165 
646 75139 
46923 96639 
54767 59653 
50214 73343 
98425 12306 
33806 20855 
925 53341 
46560 67792 
44853 59339 
4057 70046 
66719 50152 
73997 68348 
69091 86006 
91287 71395 
89001 48383 
12272 52264 
38778 19753 
25473 26348 
44910 21884 
72219 12797 
98148 20211 
94742 68224 
93798 52599 
21565 21386 
84958 94873 
20445 30632 
93481 32596 
97652 32079 
23495 68825 
99033 45813 
571 60981 
73095 59839 
15937 46435 
89249 17075 
89669 86076 
65391 89381 
79313 27869 
48160 34433 
51177 68259 
6495 96164 
352 68354 
44529 27619 
52487 63855 
13379 86191 
5466 93048 
3067 75586 
72330 55470 
25590 86260 
68151 5432 
58051 16659 
43039 79157 
821 41294 
1049 52095 
19848 28459 
60488 23802 
84511 401 
4962 31825 
82849 71755 
46487 3128 
94493 98301 
72065 61869 
28333 17379 
73383 25699 
86698 63763 
65592 39280 
767 344 
85648 13323 
92939 11686 
23256 60224 
61076 70302 
78199 43236 
46789 475 
56675 85137 
45380 32489 
16241 14463 
38559 61340 
44062 62642 
82726 98300 
6378 63751 
65407 31174 
38455 50091 
50319 89622 
53766 81452 
67585 45637 
38732 93638 
69789 66079 
65077 2756 
66834 74090 
95713 55731 
72976 69319 
82029 74667 
47956 3026 
50566 2916 
90786 3499 
55262 24101 
49571 99632 
27834 91833 
43605 96082 
93307 77509 
55072 12124 
30303 16308 
36797 8122 
46439 7409 
99799 88499 
8013 3426 
89810 88139 
10151 6219 
35447 20338 
98651 71467 
52392 88765 
58035 12779 
17721 43307 
61606 87619 
86433 90260 
38832 41961 
8253 50994 
52950 88328 
16965 76 
97408 92749 
6801 3724 
13610 50200 
80817 22586 
4429 35176 
54745 38987 
67987 24336 
26446 18124 
4505 1529 
75888 15129 
55305 71991 
43472 95482 
17554 32186 
45589 44941 
40940 64444 
25409 6999 
53164 51498 
4236 782 
80010 34980 
94131 40390 
22718 74086 
56075 97890 
30470 95864 
39572 26438 
59042 66968 
19413 87508 
38004 58207 
53188 6716 
78342 17880 
19215 16472 
39953 17599 
58684 30456 
44202 85209 
38098 34904 
60571 93425 
68534 74719 
18403 29899 
66746 58640 
94848 34726 
19804 7000 
8328 54748 
19770 18053 
3193 30521 
67785 34419 
45724 1471 
8006 49886 
64213 87460 
40973 8618 
56584 80923 
83291 13761 
57883 62709 
85891 80528 
6906 36872 
96715 39984 
76352 64966 
55275 24135 
34115 68715 
36375 40302 
84657 61476 
18149 73382 
98893 63527 
35641 38244 
78614 53956 
95286 41359 
17190 12832 
67950 687 
12147 11311 
48593 15907 
57189 14487 
69153 77289 
91323 72034 
77916 50792 
10978 85071 
53410 79439 
57356 54183 
3788 96581 
75706 33167 
13674 55340 
5853 35817 
39643 40358 
3977 68936 
22757 42897 
14552 93796 
82000 48429 
8259 50353 
76012 7021 
76843 13819 
72137 31149 
29070 91529 
41634 93018 
63304 9605 
7773 74021 
1696 83471 
9597 52677 
58554 14101 
8271 4189 
81231 2704 
55252 24714 
45657 30600 
61881 86495 
10672 8123 
58591 76212 
35364 56685 
8528 68206 
41870 51482 
45200 36687 
62448 18851 
36681 16587 
44067 51891 
39908 81436 
96403 80736 
97794 18427 
59817 9738 
49156 45792 
38765 12821 
66855 35685 
93035 60400 
13104 76936 
4334 36507 
2545 36383 
38946 93152 
93476 54909 
8544 80450 
85535 44890 
90704 85657 
88177 39452 
8269 12052 
38423 80737 
82441 29426 
88685 24334 
68307 31995 
55834 80103 
53511 46647 
21243 5782 
50829 44705 
98202 19118 
43702 23762 
37854 96684 
50042 42645 
27746 83115 
54175 12195 
48112 43186 
19341 67319 
90148 50979 
33895 71611 
7866 25320 
63219 34890 
70463 88727 
76322 56101 
5748 48324 
91181 39280 
76765 71466 
36135 68686 
13573 56277 
55957 70672 
30054 77870 
735 34530 
91626 24695 
23252 12278 
63932 26303 
76317 68242 
64851 13726 
45319 3285 
62562 46754 
73257 35678 
10972 88597 
35607 80849 
90439 7696 
587 35616 
26532 38933 
66756 39050 
92470 42029 
4329 51698 
61902 53607 
39208 67679 
67898 41246 
9445 50041 
41240 32749 
92689 58757 
46569 11952 
50170 22889 
8446 43567 
57834 93678 
21063 13886 
98501 3718 
65108 51605 
70231 48863 
13215 23586 
25597 4159 
91463 84094 
94119 82815 
78524 92829 
55864 48159 
66391 7028 
28051 92468 
76977 96001 
98487 3745 
27449 22604 
89737 51722 
63802 85526 
66173 37794 
36969 18673 
2379 70046 
78668 99498 
15878 44203 
45233 26844 
29728 34059 
36832 90656 
71270 20840 
66739 70868 
32150 19949 
50779 70847 
11711 95668 
10569 11955 
40959 89654 
35835 90111 
37509 27443 
30896 22672 
73285 8671 
78297 94536 
46213 31365 
88610 46034 
34736 48396 
69582 32014 
79715 5077 
40112 21460 
82127 60883 
34911 46 
26923 55404 
94277 84220 
43544 38906 
10048 54740 
91774 51218 
3595 70008 
17996 99229 
44612 25129 
61351 52829 
80524 81299 
1936 51961 
35460 1964 
33868 93276 
55049 97108 
14904 43892 
18687 95113 
91288 11932 
14484 32817 
21564 88699 
73727 78714 
26350 65792 
91515 81687 
72400 21921 
18096 68215 
58749 68843 
91512 94712 
10340 43574 
96273 98446 
261 34911 
75113 80449 
15559 36325 
91247 96870 
53559 24372 
37115 31462 
85751 72085 
12247 71134 
54488 20110 
47664 9031 
74110 44936 
37155 55085 
92579 83128 
46778 42750 
32305 93271 
13137 82373 
69553 63192 
8211 26673 
30706 99036 
43996 81793 
80578 64898 
13674 18638 
53123 76972 
17764 13499 
28062 94556 
3427 74407 
88336 91744 
53052 90236 
2733 38289 
94266 73269 
65667 65847 
67671 52727 
91774 46718 
80909 16753 
6873 66178 
98043 93359 
98785 26645 
61806 7070 
91614 82170 
22907 47301 
85326 65110 
55378 36946 
58770 33374 
69854 95214 
68823 36221 
97717 47479 
90867 69383 
8189 46661 
36586 66139 
37747 35660 
53885 49980 
56647 98393 
60716 56624 
70869 18192 
89704 18418 
59470 86626 
23661 92510 
77102 83266 
83461 5703 
9371 77463 
89186 83524 
54745 86913 
53078 28785 
20887 64593 
78532 15819 
65557 75590 
33235 70537 
82655 68422 
36513 13626 
32497 41630 
51045 54424 
42103 55750 
97337 36409 
56009 43197 
15696 51741 
1097 24173 
84893 61911 
39897 45401 
69339 84321 
26039 20306 
7293 30492 
42780 64186 
71473 10595 
943 86011 
30423 51138 
96168 19662 
14091 7897 
77000 51736 
40261 94538 
55149 30501 
89877 88914 
97153 21127 
28744 23619 
72722 6043 
60680 15153 
99187 16044 
62943 36927 
13780 17759 
98574 95333 
25862 76123 
22304 25250 
49769 56702 
96731 81586 
95598 32034 
13733 66867 
30 8594 
72402 1353 
12227 96551 
99280 11818 
10837 3181 
9252 87872 
17330 42609 
96197 30582 
88162 19513 
11327 97153 
13673 62459 
34128 27564 
25165 53766 
65911 24310 
13260 27075 
79200 44761 
90434 81272 
37543 57173 
88517 89958 
59782 6021 
67995 69373 
40455 30036 
30121 4464 
53672 77271 
65090 22765 
61707 65458 
39994 48806 
21487 43107 
28760 67946 
32268 16998 
12972 77873 
96012 25143 
37234 8431 
68323 50767 
85669 45999 
62278 92496 
57148 7365 
30070 28702 
56052 69822 
88137 39817 
82600 79172 
70257 81447 
2237 25388 
90095 33241 
97071 96883 
69756 83721 
54031 98620 
44169 49656 
24209 46791 
82400 70081 
95722 33307 
76543 59676 
58515 87062 
36382 53965 
3649 45752 
93766 29720 
91919 91947 
64467 37891 
47054 213 
37290 43571 
77287 88241 
60279 27728 
5741 64283 
72085 68818 
94862 15619 
82940 88909 
83049 88349 
44107 18565 
12650 67503 
57317 7488 
17663 78271 
66396 83809 
56779 94089 
42150 43922 
22773 55417 
18545 36856 
32843 74177 
63313 92482 
6099 23203 
69332 31187 
64236 87448 
34499 84170 
49297 84270 
57258 48156 
38506 43833 
12564 96042 
50263 77443 
88777 65910 
77737 51601 
59824 54820 
56845 28616 
38963 50920 
73978 30816 
10542 47695 
45490 34694 
64400 97518 
55728 3805 
63901 78198 
23329 24743 
63043 65832 
76503 19275 
50707 30037 
57222 67480 
40827 93499 
41488 91712 
46090 26794 
58280 19253 
69787 81562 
13308 62722 
25482 362 
75376 31639 
47451 79927 
62911 15931 
86120 6025 
76164 62816 
92275 22784 
56593 2102 
81353 47063 
19114 61834 
34887 89367 
95183 56104 
40013 96771 
45093 19941 
89901 90465 
46390 12373 
68114 30797 
41991 8084 
18068 6045 
36344 50502 
55153 7668 
60922 44757 
13537 24415 
91329 27613 
32261 60417 
87504 63300 
75975 58279 
45745 79131 
54494 87178 
96742 72817 
52336 38107 
57287 94630 
4510 53667 
45027 31845 
58015 8184 
95392 356 
39904 45413 
77761 78908 
12182 75756 
93929 5101 
31472 32646 
56137 89109 
47037 88634 
84185 91043 
64657 35731 
31573 50888 
75772 41672 
49138 56212 
1460 4031 
21330 82096 
28987 37495 
65042 40211 
25060 46098 
63822 29526 
94344 51871 
21341 89829 
14436 74077 
57132 21030 
19205 79123 
34920 46207 
21224 50215 
9257 64374 
61043 57959 
99720 60170 
46106 48370 
53592 11973 
95364 3126 
37720 67390 
36973 68404 
8170 35634 
15933 93271 
42314 80003 
56144 66355 
82174 80463 
87048 90393 
30088 76333 
88895 88273 
58235 92062 
32641 91291 
42018 95355 
90569 20624 
4036 36167 
71967 36387 
60105 67544 
94534 95133 
91731 54869 
36647 26321 
30462 38741 
28252 10975 
28701 28543 
28825 21705 
8865 68694 
9724 62191 
28158 37650 
5218 26428 
69790 10898 
21575 83230 
73115 43527 
96811 79904 
44948 5374 
85057 50500 
52240 32326 
98972 8652 
82328 41049 
81216 2822 
71101 91230 
91744 12593 
41780 69351 
91502 68681 
67328 11096 
75093 86476 
68134 75673 
55088 13152 
83200 34652 
28857 1787 
7886 40354 
65155 42411 
74179 94411 
32184 99571 
60454 45793 
51414 28702 
56901 9413 
2211 69529 
80033 11370 
21135 43669 
25140 34963 
36754 15795 
69053 62780 
55937 12922 
87268 84494 
70768 34781 
29262 67453 
86619 29755 
3715 67686 
81357 55471 
61447 92672 
93281 90879 
27955 14004 
1085 17575 
29812 68052 
3019 42076 
79524 75773 
24362 87914 
32022 59009 
82444 46670 
2602 29950 
16665 40433 
40936 82857 
47298 14686 
88650 22715 
61367 50241 
9043 24187 
36436 55607 
66641 26037 
3934 77052 
51607 31153 
22426 42608 
89385 347 
78255 38435 
49555 99318 
56055 1161 
69474 82466 
24874 98251 
38109 74695 
66979 59907 
43355 42915 
35890 20677 
72175 32619 
67808 26673 
67051 81766 
86285 65193 
84528 14102 
33876 77538 
72045 57157 
36452 22947 
77773 26304 
55967 71832 
34840 65628 
15689 19862 
16130 38758 
88261 30957 
38713 18401 
21414 36890 
8042 32000 
38769 43922 
31180 82762 
93882 22809 
95623 80233 
74519 87493 
5686 82674 
51158 99939 
91965 74675 
38758 73825 
61032 77765 
94117 88172 
32321 19222 
2440 63495 
17062 64834 
16236 97718 
30168 55082 
97262 6801 
90118 71010 
77937 65945 
54190 95998 
2515 1236 
56788 32712 
30265 38702 
67162 80722 
83016 78023 
59449 79545 
97639 21529 
92788 74374 
383 55588 
32137 67272 
54470 51138 
1478 75316 
44926 22887 
50245 29010 
55387 62541 
31097 9195 
60411 40456 
32573 38782 
3859 52245 
83695 16796 
58968 72083 
49246 6571 
68960 62883 
64240 67331 
48412 84991 
14008 49011 
85050 39670 
52355 53818 
19232 81428 
64416 4868 
94144 34092 
23097 52192 
63519 49549 
58446 89431 
15723 55207 
57770 50776 
23107 46475 
41029 6980 
53763 93941 
10804 81762 
89178 51436 
59024 65441 
75733 70793 
23715 11347 
604 51875 
28159 62401 
23351 82312 
2147 70144 
13299 50404 
80437 36599 
39840 46760 
97026 30541 
37823 5515 
45545 4041 
23464 74335 
55843 62617 
67540 43919 
44756 22885 
42103 12355 
35068 25274 
44556 7417 
862 56231 
68636 40789 
89719 74221 
35733 22191 
92640 26959 
21897 18526 
81109 93449 
16033 3401 
7371 83753 
22969 5774 
68770 81843 
81450 32978 
69933 22454 
1579 12978 
77583 51559 
38812 73517 
51967 31882 
12368 51646 
56121 19828 
44709 6142 
89656 58269 
45791 87483 
67234 803 
90805 5244 
63610 7441 
43419 21212 
76867 29107 
57824 87985 
19388 28890 
52409 47473 
32161 71718 
85444 1449 
32159 50879 
78904 67203 
44813 9829 
30393 35339 
44036 60718 
25128 53878 
20750 97326 
9993 73112 
27580 49355 
19954 99002 
2100 27523 
53427 19429 
53999 64417 
77687 87249 
12496 64799 
7994 66828 
69560 40847 
44851 76639 
21722 22767 
72617 89498 
8719 3275 
19735 84134 
70713 95635 
55861 77056 
97502 59267 
54461 2059 
22935 74373 
80748 46200 
25628 27584 
74344 95724 
33143 4355 
83607 93151 
90917 70604 
74315 57646 
49556 66091 
79248 74755 
44477 25034 
77155 18763 
90445 85711 
89715 31150 
90199 50069 
63328 42020 
61155 6826 
58881 87875 
17066 37119 
7164 48730 
2584 80415 
156 329 
67799 50265 
79157 53095 
87128 54374 
49576 28450 
72354 91565 
99156 5275 
3104 69376 
21531 54525 
99781 10370 
50201 68404 
93677 92667 
89403 82004 
6969 770 
87776 79932 
41296 46459 
38375 78222 
87781 56334 
4245 72693 
13664 12540 
62685 48913 
51105 76259 
33236 56089 
12252 19759 
4583 57405 
81339 42094 
3737 82772 
89368 46013 
57253 26393 
59806 9158 
78670 51230 
24815 91387 
78987 85176 
50641 81805 
37711 19644 
78125 4083 
90839 50249 
79646 66678 
89123 31439 
57416 65775 
55072 52141 
59636 23081 
20354 77887 
70861 68040 
56613 46392 
40796 54621 
22189 48173 
51803 36495 
34830 71556 
89552 11259 
46202 42310 
73520 84292 
37856 42123 
24485 95899 
80280 47293 
94661 1595 
96757 89247 
62799 94677 
51990 1874 
1372 12706 
41782 87178 
55849 75066 
94543 370 
37118 57448 
7989 28283 
17266 20961 
35133 10871 
36224 78472 
2489 34545 
72171 98867 
90411 8252 
2151 21118 
30582 18433 
81008 74338 
78854 47380 
96514 77471 
3060 31040 
16511 22809 
84806 26897 
29874 31247 
71925 60367 
97316 3957 
33947 18981 
70297 85168 
66802 67655 
6731 93737 
64964 65470 
10719 77445 
29305 74644 
50191 93228 
7183 65737 
61119 19019 
67624 39666 
29902 58433 
98923 6710 
56512 8209 
78601 85446 
40198 20175 
6360 10437 
96793 4388 
9555 66510 
12114 88226 
27633 99559 
59432 67350 
57127 89093 
60713 58811 
91990 6116 
51049 93987 
25408 21427 
13661 69625 
88716 74055 
88867 8936 
90613 57315 
24567 71518 
85624 30829 
28086 90825 
44577 20867 
99631 10959 
21864 28498 
76157 40755 
14323 25295 
91070 42453 
84824 79695 
60013 24679 
79982 23662 
35881 15034 
5881 38874 
37230 46288 
38320 14469 
43431 1965 
34773 4209 
67177 32076 
84147 89968 
60397 67814 
77359 40548 
83127 35201 
6867 40104 
66574 92022 
6522 48813 
31386 89794 
24429 49964 
80058 93108 
80999 32222 
68419 72354 
1970 53630 
75334 22667 
31883 34743 
32018 51873 
27375 32327 
42773 23276 
1577 52159 
27510 35321 
41062 69747 
43053 69478 
44961 41132 
95025 40149 
42228 2463 
35028 35952 
27537 76671 
48841 50429 
18830 28290 
80557 62046 
80322 33380 
4824 38297 
73575 60513 
54805 6780 
96242 90879 
36972 57313 
43174 40862 
15536 13477 
77812 88798 
29083 39398 
33129 49115 
9909 28168 
70851 81725 
12564 51983 
15318 72238 
22302 40893 
44006 69504 
6392 97007 
60653 20939 
91669 44057 
98846 3267 
246 58411 
4053 6528 
51948 26967 
20300 92600 
46828 29757 
64031 15984 
74043 50705 
2192 64225 
54378 78633 
64127 48104 
12889 72462 
7650 47599 
95414 29459 
28475 98641 
88108 13487 
49148 87802 
72698 71361 
48767 7304 
51799 89786 
97947 11131 
8458 22729 
44868 4526 
21938 49709 
57708 93765 
47865 9120 
66356 20886 
84941 87571 
62028 8907 
92796 36130 
7257 47069 
95879 27443 
80686 52793 
6891 63891 
31230 57263 
29878 96257 
44337 74949 
57916 14822 
29479 33880 
63208 30368 
22448 63096 
88462 71278 
58640 56491 
87584 84701 
14220 58091 
30976 44739 
30934 42870 
86188 38639 
37274 99290 
8154 23183 
53830 55029 
24941 17791 
23863 25735 
84711 28273 
41493 8146 
37513 75760 
59369 83543 
61533 39006 
45278 45266 
7629 5088 
22869 14890 
28236 63474 
75547 65670 
77138 71480 
14510 28991 
15150 65350 
12059 19808 
33405 90477 
79481 80454 
10730 76772 
25204 8676 
54506 90702 
63336 5409 
35428 54246 
55361 50537 
15771 32829 
58437 90785 
88022 59209 
22617 2866 
86164 78406 
26278 77156 
5436 69901 
64139 52427 
68039 27688 
5470 20516 
2056 56186 
21455 11356 
58768 70595 
40128 63387 
79556 73949 
24903 82140 
37777 19969 
88453 90655 
23258 60731 
47524 79404 
7480 21243 
96252 70518 
26037 39224 
25657 21368 
41655 57672 
45177 5935 
5784 60277 
68511 28890 
19754 95275 
10441 46973 
7448 42051 
3968 94961 
50676 36610 
87774 39439 
5665 86960 
32888 12569 
14516 77547 
74401 10186 
49008 83048 
89187 73803 
75800 86155 
13780 14489 
11839 21429 
27941 78089 
46731 47858 
38891 95873 
44823 86446 
88799 12467 
3955 46000 
73835 33796 
40076 174 
6949 91770 
87362 71957 
78492 79565 
51999 27924 
68923 71627 
34445 83934 
46033 5882 
39790 76369 
35497 72154 
28722 58589 
88023 20414 
22657 40958 
78948 75242 
65745 4634 
66901 18764 
63750 84230 
6940 83320 
65210 32537 
60594 77257 
23827 51691 
70308 52498 
82682 99476 
69028 10904 
50668 56889 
76993 37961 
99446 73690 
97306 46954 
95247 92313 
59405 14524 
94016 87353 
75326 89423 
70693 47785 
67474 60229 
23792 72126 
98583 74979 
95038 42956 
84661 15868 
70407 96519 
99943 45587 
83781 5569 
89182 58346 
27262 49206 
87147 88293 
83279 52113 
7725 50740 
32769 37439 
5803 17550 
60971 52523 
33916 56981 
77825 94688 
12642 467 
93472 85560 
8807 34021 
41020 16664 
68800 50370 
18534 16501 
85637 39391 
30104 69855 
87886 39082 
41893 53806 
26160 17038 
33223 41714 
98619 3285 
15029 66376 
767 49327 
8451 26656 
6772 45389 
24837 68052 
89704 88104 
65111 66979 
66215 54259 
61240 1011 
7629 2709 
15430 92872 
93807 96234 
53751 74664 
98784 7825 
12 30638 
87911 51789 
93005 41742 
75036 59064 
15677 73282 
35290 98255 
78265 18167 
94075 29168 
99153 32590 
16156 63983 
56940 78379 
7 2729 
45158 16861 
42135 4335 
47102 82750 
73626 52302 
62371 3405 
86914 74901 
59047 18717 
64630 83822 
95818 99982 
94332 2328 
56888 62291 
3037 64198 
69194 14284 
73693 78158 
26219 91568 
12073 68980 
25613 75639 
17047 26051 
38849 8892 
69795 12998 
70332 78043 
98222 17802 
30630 53308 
91721 51853 
43940 38687 
38365 38533 
33397 9937 
31726 67150 
79545 91104 
47757 26446 
27022 47938 
23467 73378 
22460 57088 
78671 37541 
2614 43659 
9612 9307 
15912 66510 
49038 10675 
52874 70661 
31134 1809 
81298 19189 
21680 33365 
30615 63222 
73929 14989 
46479 7947 
48886 33715 
41471 84976 
95042 22512 
653 46997 
17092 48867 
61809 59328 
75739 66020 
79308 74791 
51430 45364 
97856 43284 
73719 87533 
7779 25488 
64905 91804 
27055 51331 
71713 48719 
56914 88162 
61987 9198 
87678 61016 
44743 74925 
89374 97914 
31355 49404 
7696 56864 
93303 86864 
85 27999 
87580 77033 
88930 94268 
14735 7842 
79344 77141 
46504 55221 
87496 89996 
10051 59420 
52108 71149 
44087 60656 
56569 70961 
48486 83402 
71973 22992 
33469 78247 
42459 37885 
37033 53033 
73368 20469 
20044 50828 
50042 25508 
67227 61311 
10469 35610 
19283 84291 
18543 65967 
36455 99287 
36352 74952 
47083 33537 
73691 87005 
66040 62257 
911 14836 
77411 19626 
47265 1640 
63381 46729 
71035 90857 
27004 53536 
80049 70930 
405 26062 
1584 35606 
51892 66901 
49195 46484 
5603 17659 
10660 83863 
65502 75133 
86035 24360 
91900 79613 
37701 89354 
13131 23315 
75337 66979 
67655 99689 
87908 22237 
62520 90249 
52030 74709 
3023 64544 
91520 41442 
95330 51062 
36411 13751 
48966 22060 
31458 61015 
9253 23746 
73851 31973 
31172 74694 
17848 54599 
65555 50038 
70014 19327 
66149 66729 
12941 67201 
41786 86017 
37609 94496 
71755 53323 
34943 28377 
74450 2816 
95679 24407 
69440 64228 
94279 85982 
1377 22842 
87463 8252 
448 102 
40795 4623 
38587 41884 
7822 82655 
3268 24273 
25419 97955 
51381 12513 
56264 29637 
24582 37862 
4804 88965 
4460 89151 
56579 94000 
60974 51155 
42454 17375 
808 60217 
9087 41787 
53686 89110 
84856 38319 
44117 17717 
66537 16456 
83661 93888 
16141 81416 
84528 39694 
49652 74398 
39160 12312 
19773 64402 
32432 85908 
43350 6458 
53198 81122 
800 80442 
50118 32152 
39645 77075 
33090 47941 
47168 3272 
56022 93582 
18253 37712 
29347 90825 
33616 79309 
1343 12457 
80917 96187 
16207 24293 
96683 874 
3799 10690 
80459 48564 
81051 4731 
34317 79662 
48281 32578 
10585 5241 
44986 73059 
8622 64606 
89170 28118 
47451 67875 
61845 97548 
55255 73268 
14091 52304 
59013 38775 
67881 4680 
27972 30904 
53866 80776 
23165 69426 
79415 10942 
31872 36347 
48419 67230 
20694 79760 
60706 93448 
23814 98833 
3425 92970 
94060 4830 
9302 62272 
83558 14931 
97441 83998 
88016 50523 
31154 22389 
84126 79703 
24306 96028 
13085 64954 
2737 38108 
14898 51235 
80558 92814 
97918 57181 
42460 37901 
35978 12696 
32650 68196 
21528 19875 
38624 22498 
67312 1039 
23717 87226 
41442 37598 
6197 64162 
41115 96511 
4673 46801 
58763 87327 
69662 10012 
71082 92093 
99385 81164 
86173 62849 
94221 27305 
16932 87022 
38712 62677 
9885 79690 
12604 53548 
47776 73532 
23155 73256 
61565 42204 
19754 39352 
32841 10952 
98898 46856 
41234 79469 
32661 96899 
13055 6310 
56998 8399 
57167 81628 
37602 91924 
32021 45567 
90484 59530 
73812 93312 
72048 42098 
29876 44647 
69153 86601 
83731 45796 
13523 9707 
28574 14377 
16799 91269 
44591 34522 
72661 1512 
62085 58496 
661 69089 
47214 73623 
12731 13687 
30053 48864 
67852 86515 
5707 84105 
42909 84718 
78396 47018 
88531 31678 
85675 97310 
57538 44156 
35396 66213 
90578 39338 
11552 80316 
18672 70129 
56769 93082 
95559 15412 
19051 14904 
4139 93472 
58244 13071 
90716 11450 
43750 86734 
68411 11402 
39168 8772 
96778 24465 
61838 66379 
88540 98597 
25645 25310 
16334 22498 
24026 88845 
92416 28596 
86723 21915 
72552 21313 
48651 63227 
91627 43390 
2160 53817 
72994 62613 
64970 69140 
66184 34106 
85266 53624 
58311 69166 
22683 21563 
73366 20675 
89349 6290 
20558 77229 
8680 10737 
77958 43362 
51274 36854 
926 71668 
37045 48757 
26156 4070 
50655 55054 
1629 74162 
3312 79508 
10385 20285 
88193 25979 
71726 59867 
19011 33566 
97317 79576 
11675 60894 
51642 2964 
67505 34728 
16333 7519 
43153 47375 
86151 76441 
47136 89793 
30718 86947 
85818 62899 
40588 56535 
92705 18242 
38834 91422 
14078 41029 
80054 7200 
91280 3459 
77547 20806 
75365 84329 
96383 45003 
33380 72135 
25177 51828 
57183 43159 
92633 9844 
65514 33487 
26221 41545 
97908 4486 
59872 91870 
35122 34938 
85138 46569 
44863 59848 
6013 89998 
43917 15906 
1436 45977 
88183 46616 
21483 2422 
50643 66328 
43351 80765 
23974 81697 
91465 74500 
89272 21569 
82362 47762 
25299 31812 
89512 54408 
93656 50358 
35822 10880 
24498 89492 
12264 31962 
44638 17385 
89970 17594 
35350 48940 
40057 60981 
80655 27200 
577 33546 
68610 885 
33188 90599 
37828 81069 
93510 33156 
19421 90582 
98583 55907 
10578 3399 
12459 9145 
30126 8095 
86662 3315 
48763 19408 
86120 88840 
56989 4992 
3137 51037 
32365 90646 
12061 70169 
94346 56620 
45537 10063 
89733 40039 
79583 15231 
34702 14064 
99198 16048 
50406 23068 
78798 64329 
68284 14968 
52512 47466 
48531 26748 
68221 58359 
50567 47324 
16172 30450 
17879 3030 
98125 82447 
91295 85400 
56200 55703 
44494 68279 
11929 68718 
43508 41929 
75519 57852 
67976 25456 
72890 21101 
96086 5696 
3824 32666 
47421 90660 
88353 50044 
98335 58689 
80534 92501 
33026 30660 
28834 30042 
70122 91923 
40571 85378 
9389 43053 
64203 17866 
76085 64101 
37755 28083 
1502 35705 
64223 94375 
67419 72237 
65565 28674 
59462 87103 
35716 17819 
19769 28396 
60024 98792 
62922 94260 
93628 1504 
20733 61681 
94502 81158 
11281 39819 
88246 53723 
85500 89608 
1174 42662 
90643 34989 
35843 42843 
4132 28016 
78911 8413 
33555 19961 
25011 75428 
49013 33652 
72372 37165 
12539 28444 
95946 299 
95968 98558 
32060 63486 
33436 47947 
14964 76423 
37583 40424 
90096 57078 
19575 32480 
91492 67509 
92230 58029 
11505 74632 
2787 49271 
9819 51216 
37320 45912 
5746 4608 
62271 66185 
72861 55853 
20293 87431 
8277 30330 
77340 11444 
80208 62471 
25869 70323 
66908 61794 
85053 62323 
87730 35226 
3061 93933 
92710 11562 
58747 44440 
20982 67918 
80491 62228 
60250 15163 
48499 48293 
39702 59580 
23491 81766 
66909 21353 
49515 94673 
75652 57026 
11538 8721 
86061 2661 
89475 5608 
91064 27229 
39514 14149 
73861 61584 
50842 62471 
29975 47440 
71319 61594 
14431 32842 
69158 57884 
59690 25920 
99350 16213 
13185 7067 
73334 73081 
24671 91189 
88357 29527 
73074 26328 
58955 37346 
60084 12673 
7203 68958 
13520 26883 
10617 51183 
37293 40650 
77032 86294 
16785 29533 
14306 79854 
38562 78376 
89360 44209 
11562 2993 
25840 48919 
83224 24288 
72622 44987 
28543 50650 
86385 98436 
52582 47165 
10666 30600 
87729 96107 
1067 77439 
85826 82156 
41729 48252 
2255 67909 
21686 85349 
44201 60546 
91402 569 
8481 8825 
99560 91963 
65725 11161 
18098 24539 
57138 60098 
99502 92642 
57689 96302 
74548 68368 
25267 96036 
90955 80360 
99236 70097 
13826 60377 
33742 9344 
57295 41243 
51266 72158 
93437 89090 
80122 72589 
89323 5239 
95931 94443 
55962 38652 
21613 26172 
53954 8562 
52998 84206 
89800 48710 
67899 68229 
54129 49557 
45342 70926 
98497 92912 
68603 46817 
20950 44606 
10819 30108 
32201 95145 
5150 79799 
4075 15745 
82814 21850 
59744 27679 
21807 52810 
51369 66607 
86700 67055 
84866 60325 
55635 70698 
93838 28346 
24492 49193 
35112 54782 
50158 62825 
76854 82177 
44957 54494 
76896 23282 
62481 67622 
3697 90173 
21445 88466 
35267 95703 
98647 46795 
82419 90965 
84704 31624 
21877 64258 
36980 4557 
92050 41977 
82945 22336 
99683 99940 
24194 12292 
9165 14840 
66437 79651 
37879 59821 
54025 64039 
60821 75634 
18869 4025 
35590 29385 
63154 13171 
94885 6582 
82772 18816 
17840 69003 
4189 65688 
83764 50850 
51253 40459 
32302 58717 
80467 30483 
2557 87094 
23309 90185 
353 60451 
52445 51998 
47645 65377 
44985 85199 
949 41812 
50446 75648 
86728 61127 
83648 72200 
90830 30596 
53523 21400 
56331 28745 
7634 91123 
89584 94167 
19207 65906 
47792 61524 
68541 82008 
83065 62831 
73911 58583 
47751 89515 
8426 72883 
23698 41343 
98742 22015 
24152 71973 
39183 11542 
31183 77714 
70499 12089 
73768 66039 
66354 29126 
22108 83418 
42624 38232 
72282 78280 
54650 48377 
21987 24181 
75854 69167 
92921 30744 
57437 74478 
38251 25460 
53365 74549 
84670 98160 
57468 31346 
97686 61774 
40149 77897 
26076 97929 
91107 31294 
76858 24016 
71406 21198 
95659 39541 
53331 90926 
79019 83888 
79718 66577 
24953 65071 
5754 31178 
36023 99611 
95749 85425 
25174 37378 
34959 24384 
38768 32030 
82267 10375 
3554 57659 
33392 76261 
24665 65274 
86231 50520 
10340 18995 
87 55699 
75668 51098 
18714 95252 
82477 27531 
83483 10254 
5373 21062 
97438 57126 
74996 47930 
13609 30234 
38694 35670 
11672 29140 
96118 54738 
95891 49258 
12649 64621 
94263 56803 
87091 96307 
63854 94191 
51751 17315 
10577 50402 
12772 2914 
12980 22342 
96540 67742 
99095 87857 
53979 95712 
62998 8814 
88752 42913 
23452 83538 
17616 78166 
20852 71894 
41658 68949 
20662 23449 
5598 16596 
41633 49377 
49079 93998 
55315 92172 
8586 41484 
9727 63724 
11592 32092 
14502 41949 
15543 26182 
87456 38918 
83448 97109 
3226 79300 
55145 24654 
3463 56945 
68713 20960 
25084 69572 
10030 74901 
78119 66754 
20151 75161 
57970 84799 
69943 99704 
8214 83614 
19363 39911 
59565 45272 
14749 61332 
58199 41750 
41697 89834 
62392 30208 
43365 51849 
30234 88138 
34445 90513 
43187 57903 
89607 25662 
10328 30368 
61844 24969 
76362 60771 
90970 5960 
12816 76448 
95394 94206 
6319 5647 
1365 21664 
70452 29461 
53014 60990 
98386 34750 
63821 56553 
42376 24936 
15542 30974 
53135 27703 
84164 17187 
37230 23855 
74108 90335 
93854 9993 
71706 51280 
73674 99162 
86877 44039 
61933 58252 
37938 73161 
25582 78681 
48704 23902 
79932 77782 
69253 77951 
24178 32321 
2185 60562 
67099 52673 
14722 51124 
14371 16476 
43651 38518 
17096 93938 
54924 5059 
87569 13482 
2593 78371 
72708 36038 
42852 99256 
38225 29057 
98054 15414 
57298 57191 
32916 25829 
16386 35584 
492 68696 
47766 23863 
39050 66937 
73507 74149 
52639 19722 
98786 84818 
87940 55780 
23808 53208 
27858 44917 
53090 65132 
58402 97812 
68416 6788 
29527 70988 
97549 35549 
22897 33800 
54585 105 
59960 47343 
49837 57582 
32232 51380 
67235 95486 
12379 54694 
85420 29735 
9439 76740 
75098 16498 
64459 93987 
39664 85253 
43856 3089 
78717 73160 
76950 24804 
44802 16779 
1429 37524 
32574 36142 
25903 47370 
86536 28310 
92237 72962 
38614 72829 
22016 47318 
90048 39845 
61282 16769 
33426 83155 
95601 47336 
70167 95120 
93524 32719 
16344 98078 
50707 34851 
5476 47813 
49207 77931 
90747 28613 
16899 59884 
21111 26607 
70482 41429 
15801 78284 
52221 22217 
90025 4519 
25330 15954 
90937 56910 
75843 92013 
87485 22862 
79820 59676 
20302 58607 
33930 33033 
58552 45249 
14710 29446 
29472 91885 
27227 22585 
83338 42023 
27398 92231 
31678 74754 
53884 87346 
49770 30502 
85254 46363 
65816 32710 
46043 99205 
68660 21426 
21335 9253 
53507 62500 
3692 261 
90825 47017 
88510 53210 
47470 49555 
54309 51113 
11028 71010 
13000 95995 
68480 51980 
91807 21596 
68515 6072 
13358 77764 
53164 89001 
73299 68091 
78896 88994 
75898 81031 
59918 96742 
77195 66551 
57152 89036 
2592 75301 
5191 39238 
51154 95393 
16526 49826 
72448 92999 
27423 87571 
3393 87386 
53060 90203 
82389 68352 
878 5012 
15889 94681 
50557 14385 
58644 95855 
46668 1075 
82964 36124 
65716 6874 
54671 89961 
13198 42351 
3794 20985 
78218 12456 
76618 52646 
23335 33039 
82337 68262 
15530 26722 
2357 80470 
10529 3045 
13214 65672 
87177 47470 
85082 67801 
91187 66542 
57039 37503 
88271 62407 
57507 87814 
45542 38899 
33733 15434 
57036 73511 
77669 57932 
4285 24840 
87320 31498 
96124 83471 
82353 21330 
63242 15753 
738 77291 
92460 94582 
39160 1155 
73339 59018 
64164 98609 
95400 95484 
13224 9091 
78140 87259 
25381 19611 
37957 36145 
89604 14924 
96210 20402 
75697 15687 
10873 16468 
17360 8739 
70574 78433 
49929 79143 
24286 38922 
66329 12383 
32543 67744 
43979 46862 
16770 581 
12621 21852 
52160 28966 
78502 84067 
96514 24962 
93842 87230 
72546 59165 
62192 43348 
24393 59065 
75 61816 
50396 46305 
33204 43060 
73712 85976 
91616 77102 
49907 78866 
82214 34273 
26384 28465 
59493 25212 
62393 18497 
85648 50377 
90293 43930 
69780 55471 
48854 48611 
2588 58513 
47635 36108 
57721 16723 
27765 36800 
13866 56948 
68982 33919 
62683 2056 
55354 73966 
6877 87548 
52833 12853 
19948 77557 
70636 78059 
34609 57489 
75441 59286 
50363 1755 
2453 75308 
2416 89333 
60647 3101 
13866 67380 
60810 96846 
61047 43633 
4522 69028 
17898 22086 
59755 53601 
9447 83183 
14555 22074 
96719 49771 
44068 77370 
35847 73071 
48169 7449 
2650 19149 
17045 40936 
50651 35673 
60318 10361 
75241 31191 
91609 95149 
89651 4713 
94953 86092 
79400 22102 
12051 85835 
91066 47559 
80085 35726 
28485 3460 
18634 38447 
74940 49861 
11255 27930 
33376 46153 
52346 23326 
78399 81707 
33142 92183 
43550 39766 
22065 39482 
25292 89402 
54088 33823 
71166 84062 
81390 79776 
33729 82044 
53308 46337 
14185 94172 
87416 65392 
90027 7011 
65551 21244 
19526 26170 
38715 62497 
42593 33520 
52963 80994 
52294 54647 
14788 18972 
94241 88377 
98940 85264 
62077 58934 
64249 84111 
96475 13088 
83719 86028 
62332 99617 
14019 99174 
74242 36437 
26482 31814 
63893 91981 
96781 71687 
34678 81702 
3734 46521 
28583 8023 
18971 71377 
38360 52630 
78724 33199 
33982 63678 
16568 10639 
36583 67323 
1668 78168 
65337 72898 
70949 97417 
3163 34166 
65553 55888 
75651 75218 
82076 73392 
14309 88949 
27271 59945 
79953 68461 
21274 75382 
55050 37310 
28862 10565 
74770 3216 
10874 82811 
55755 71656 
78623 14041 
98817 20725 
2987 39181 
87248 56683 
76853 74447 
75919 40832 
54658 60399 
68038 2657 
96004 83063 
6184 31623 
21697 67873 
62187 70576 
49986 35864 
96432 17400 
18417 9259 
71317 78373 
12416 54498 
45916 6643 
15572 54755 
49279 2282 
68559 11113 
28327 46574 
73745 81822 
93009 92524 
10733 82449 
36112 35991 
34463 86232 
88070 47442 
11942 83568 
78128 52993 
16290 82337 
12401 15232 
37503 56626 
46621 79253 
88179 80434 
26802 17408 
79437 15062 
94581 27459 
17342 54135 
5645 13143 
23382 68614 
89453 3589 
13895 35616 
86354 48622 
82794 79532 
34254 60634 
19565 1651 
41146 60561 
60214 25399 
72078 25433 
12700 38308 
99572 28009 
20350 68931 
15034 5245 
26868 97212 
75344 91602 
84751 60164 
63613 5707 
5295 81244 
75999 84385 
82828 21405 
7509 16815 
38418 22597 
98881 43359 
19009 90347 
23906 48563 
56818 41047 
41987 95883 
40760 21733 
14248 22900 
76790 95356 
83166 40084 
17272 72965 
45505 53622 
20823 65684 
6207 63395 
63558 24038 
86961 70852 
60261 29898 
77321 68389 
69731 7208 
58519 71748 
52390 21685 
539 25 
20230 46761 
31562 4082 
69246 83341 
5528 93459 
12763 34296 
48369 14321 
40379 51133 
46365 86563 
11725 89897 
51112 16858 
56868 36134 
14758 66280 
95859 84596 
36436 66038 
8825 88407 
96246 42972 
84932 24504 
76659 37604 
53677 57439 
22894 71887 
55180 22016 
73586 51223 
37475 86708 
987 65892 
78306 4470 
35966 90718 
16505 5281 
17249 68622 
43766 35654 
96602 3653 
51462 4333 
52101 82157 
49147 50552 
10132 86912 
71458 11464 
53466 68412 
68373 28720 
97494 89904 
30121 728 
49653 68330 
32513 56679 
28097 92057 
1059 1247 
4814 8063 
82966 54719 
55704 36206 
84949 92302 
45508 86252 
81773 68512 
49049 24554 
25521 97799 
11876 61563 
88837 50902 
83204 8818 
56700 18001 
11953 84610 
40803 84289 
82710 31215 
28168 61403 
82621 43410 
91374 18981 
32483 97921 
81623 64659 
85727 16515 
97824 27912 
97521 91657 
74990 13438 
92877 52949 
63469 3112 
17420 55020 
76846 2105 
37427 23103 
70876 44321 
66713 1221 
78347 95120 
37181 9725 
65559 15141 
97057 33864 
94890 78040 
16314 33141 
74937 67115 
2270 82395 
54805 11015 
80034 29856 
72320 57118 
72252 84886 
97329 22679 
20506 28664 
20682 8458 
26782 74764 
27120 7308 
57537 93419 
55994 91074 
45232 53156 
97598 13157 
42562 26608 
94878 21229 
33191 53465 
20356 34846 
79419 52849 
76352 6067 
92031 29842 
22926 47704 
40455 26479 
72425 83458 
82424 26167 
2148 46945 
81459 32357 
27313 32489 
97821 7203 
45423 79582 
83942 74023 
10039 55014 
88920 58558 
17106 81957 
78296 68364 
90186 53643 
5131 87081 
32304 60789 
26315 90916 
71566 56564 
44047 78356 
65356 80615 
66630 40948 
43566 64585 
24960 92917 
65246 45532 
51548 20473 
34949 20796 
27406 7831 
75224 88125 
28817 46310 
79862 28229 
60780 35286 
78899 3458 
46839 39367 
30826 65912 
56028 74839 
20064 91044 
86844 60250 
78471 78718 
95425 80937 
68528 92659 
50533 85369 
62775 41377 
21467 52381 
29215 38908 
56712 42665 
85589 22065 
90879 75357 
16796 42433 
25441 51101 
59193 95945 
64773 76672 
43116 635 
53192 33061 
50666 84055 
50947 68850 
89693 95826 
7553 93799 
6825 17942 
39365 93720 
62544 5686 
94982 87074 
69500 55413 
96819 96129 
51603 61920 
80132 11107 
15922 97818 
11790 84436 
42007 20001 
60255 4020 
83969 84238 
5529 59421 
49507 27902 
23210 32869 
67052 62970 
50371 18242 
77269 6691 
42589 95445 
88407 65709 
61295 65096 
16336 80893 
88465 78948 
89542 34814 
51751 85209 
37015 21503 
57297 44705 
92624 79042 
69762 63805 
43454 89541 
49492 33056 
21562 58147 
55325 56699 
88668 93045 
48145 7550 
91554 21731 
85123 44136 
72293 95382 
77471 82601 
1858 52749 
95561 24536 
68327 37781 
44455 3731 
91561 91037 
143 29781 
55117 63968 
92213 74551 
43112 37273 
42212 68675 
44868 59793 
18608 49619 
43371 62756 
49060 30230 
34937 45755 
38608 37310 
36956 75385 
78423 3406 
28168 85296 
93929 81843 
31650 17246 
73390 94965 
94557 96765 
38457 18612 
40617 94176 
66722 52056 
71478 81941 
52971 21941 
71226 62719 
614 21187 
24770 9005 
67696 89431 
95208 24840 
52906 221 
17933 12858 
96178 32022 
59948 5806 
85759 65040 
61690 658 
9015 63907 
25655 15616 
57817 77503 
41208 75489 
953 11458 
38183 19375 
65867 6366 
43219 16035 
29861 85284 
72271 66996 
7008 17770 
30311 75165 
31106 84574 
4961 57629 
77359 16971 
34668 85299 
35835 27866 
3967 39200 
48300 47927 
68511 83467 
46693 29367 
40753 68458 
86286 82400 
73507 93943 
49478 64992 
63099 81913 
7228 55203 
56419 31338 
64256 97233 
86895 53063 
81471 27237 
83258 12051 
64453 53022 
91965 36292 
30379 82958 
29200 86970 
17437 73714 
31649 22843 
80543 93915 
6536 33306 
25108 81339 
90937 59236 
66625 4999 
17928 68454 
68002 30257 
52907 3548 
98862 25045 
7220 73777 
81441 38367 
58234 19921 
36235 28420 
5084 41193 
17234 16993 
67537 36702 
31330 99257 
91768 80466 
69444 43609 
61335 18605 
37892 74946 
24192 50085 
67739 46527 
37364 28282 
97102 70558 
99683 99622 
66847 95694 
90036 77693 
43588 90805 
53596 36467 
85623 18745 
81796 94671 
97176 61211 
13100 54818 
74249 86441 
41144 55069 
31418 35107 
54378 89829 
13075 36640 
47092 55875 
34883 58117 
35531 84798 
71636 30944 
84814 29698 
6261 96743 
2419 84291 
81330 63152 
82265 26002 
49262 62727 
89742 91088 
299 63669 
62524 9489 
58354 89797 
64594 49847 
74025 69015 
71633 51014 
11331 44460 
84775 45371 
20132 50560 
66696 11426 
9751 77474 
69117 28373 
90952 21638 
74003 43731 
33239 47640 
2102 6627 
92327 67176 
51948 63958 
98682 74550 
20018 64400 
62195 64983 
18500 66120 
40324 1949 
50935 98045 
37458 92828 
27999 81670 
51792 78325 
5765 80659 
62657 40468 
7038 8832 
56044 86394 
42660 93690 
18958 70740 
84203 62202 
94280 78102 
52027 88381 
76982 98886 
73427 18013 
49812 96791 
34421 64946 
1979 84226 
95732 55444 
47921 93178 
68575 82372 
64867 53339 
49124 19380 
97715 66765 
91846 36721 
37655 98879 
61396 54995 
66988 89351 
40327 70850 
76760 23180 
85624 89563 
6127 92261 
20906 3412 
22742 20776 
23102 61885 
62049 23944 
12528 90046 
69956 18985 
83493 24711 
48209 9581 
18923 54643 
84660 20702 
16959 70567 
61675 69340 
20079 53573 
75075 18526 
78036 56362 
63305 76923 
94711 60770 
41919 74385 
6016 27169 
62021 65039 
11000 86561 
62938 83771 
31611 64582 
69220 9449 
7864 68140 
89936 68753 
44650 10017 
14307 48224 
14033 94555 
61831 68892 
82587 38372 
37399 17855 
77180 54129 
62247 24199 
24585 82420 
187 12851 
393 17179 
75159 69291 
931 33332 
80990 473 
8230 91940 
17106 82865 
52559 67721 
45009 47244 
89650 16572 
49489 61646 
445 76597 
5798 38870 
90061 75162 
99471 12946 
9629 96618 
18966 216 
49762 50579 
42988 84966 
57644 69039 
74132 46980 
11049 52104 
28394 79000 
42112 76742 
76137 25700 
41238 80713 
44250 12662 
87267 34732 
31541 23740 
43883 19889 
59783 28285 
34179 34510 
81415 55893 
55448 64888 
91511 65641 
24438 67684 
46441 59243 
49697 28312 
74571 43102 
12074 79239 
75338 52924 
97075 84908 
42255 16407 
63459 25833 
12634 44416 
51337 43467 
42265 9157 
29984 39524 
26793 89030 
60701 58725 
43217 34184 
3250 22310 
64714 34201 
25774 21142 
9892 49942 
87551 21883 
23624 5252 
51541 87467 
50768 21048 
49425 63969 
56368 14256 
65654 39970 
66332 77126 
29013 41671 
51127 98643 
313 87227 
51696 89082 
23016 87180 
51565 21181 
59987 44360 
32040 6966 
74000 76258 
8432 87996 
22248 55617 
34375 28543 
25825 40888 
78634 66242 
43983 47179 
24168 92732 
29958 90466 
12781 8084 
70246 23091 
60326 17042 
12431 66940 
97239 12626 
68022 42207 
47065 23146 
36225 84281 
41693 82418 
32165 39032 
86170 19744 
18826 27674 
28238 56204 
35771 76361 
58175 36839 
89738 12826 
63021 24519 
22260 42604 
85966 30583 
97700 30777 
96435 59811 
61432 31678 
59326 2822 
2388 28603 
2899 17704 
16752 68371 
23948 4490 
10359 1408 
36222 91045 
96143 67063 
63408 16977 
40007 95992 
1580 23394 
83545 36682 
27645 30638 
25291 51582 
10114 13573 
73508 69811 
86437 64554 
93007 28027 
7167 67931 
56083 78816 
11398 96706 
73368 96829 
90174 81962 
24277 66888 
15019 98696 
28651 95429 
57228 57913 
1344 46902 
259 94152 
9690 70107 
52324 90024 
10161 45974 
99199 84967 
74966 57911 
98309 74046 
31979 58600 
4292 14505 
32070 82993 
33551 22670 
26788 36285 
20699 61909 
86299 67744 
93334 93509 
12588 26542 
93255 86675 
6157 84127 
2007 61285 
25803 99146 
86552 67601 
40513 95586 
66896 90837 
10137 22549 
21678 5278 
47204 64933 
89991 92621 
6104 78336 
98119 82245 
17822 28590 
38436 67316 
38520 26608 
54329 99967 
8474 62598 
39826 71198 
24222 60203 
45507 36758 
11267 90759 
93323 58902 
47257 10614 
42072 95797 
26287 10320 
12629 85230 
73842 93535 
77369 37389 
18837 35582 
41806 72642 
4330 6879 
98114 14588 
71706 84821 
9971 76057 
84463 19206 
96096 56346 
67222 60926 
15879 1626 
23171 11407 
24647 67313 
58868 1125 
58419 61099 
89195 59579 
28404 38437 
17215 96202 
54016 68441 
83777 71935 
39872 87500 
59950 4600 
6983 10325 
11707 17683 
21306 73733 
750 11784 
23812 47152 
97975 10735 
55425 55650 
76781 10272 
87442 26235 
22303 36149 
13480 86240 
39581 711 
32505 13788 
68822 32193 
54184 64665 
19091 39399 
87567 77360 
13150 65917 
32024 88591 
95605 82638 
75393 75354 
94152 65137 
18471 76304 
39401 3309 
87231 35276 
42636 94700 
64601 52752 
2819 80062 
72144 27349 
64255 89945 
58645 18641 
74555 84509 
7410 65135 
98880 85228 
56979 46743 
30927 16813 
40987 89808 
3707 416 
92082 74545 
43894 65058 
22080 19712 
32372 73240 
85957 87377 
30577 88805 
60806 71854 
7328 50394 
22551 11178 
54064 52203 
82995 86964 
7759 75260 
57682 59013 
10247 57063 
71115 14767 
20293 35178 
69978 506 
60474 51282 
7365 41110 
24774 56121 
81364 48320 
94768 13002 
59929 63572 
12376 57682 
596 80821 
35388 35896 
78419 47221 
58300 6267 
68368 45070 
15489 65983 
89522 17134 
96339 29366 
7496 9289 
92658 65341 
8860 69334 
67574 78818 
6710 58930 
82079 3132 
10082 6781 
40455 55934 
91557 55503 
19101 99310 
17211 32067 
24544 36396 
60936 2282 
85975 71418 
11246 53432 
25182 57794 
92778 86058 
62515 59856 
67051 85769 
11347 57721 
47393 89051 
85468 32007 
61535 53243 
93965 75288 
21990 90142 
26335 90627 
19144 25167 
36944 53973 
34893 99556 
22429 36872 
85679 41776 
48192 8682 
42966 96138 
20927 63363 
46455 11544 
22890 44916 
20763 61368 
20675 77678 
29823 86674 
36280 42930 
54919 29245 
21530 81657 
62058 48418 
8240 44790 
32293 96192 
15980 56921 
64638 58852 
86905 7193 
25390 60114 
82834 31982 
9935 60753 
23605 7969 
3564 82756 
67721 31346 
76311 32217 
36378 19132 
23528 94499 
60194 31990 
68668 27668 
84338 84386 
77679 85726 
2169 77619 
95431 61882 
149 63966 
3761 53924 
87496 26069 
18016 18679 
52873 34716 
84375 627 
37415 30273 
13765 90918 
38468 58286 
89855 97369 
61652 78165 
18388 83441 
20191 55337 
43028 64782 
39946 41913 
38921 35602 
66173 48652 
9365 33963 
83744 11880 
53204 45018 
56437 63044 
41051 84275 
62853 15693 
36912 99195 
56623 94938 
28478 76702 
6802 47822 
84145 46659 
80675 89538 
37684 26915 
15682 60050 
12594 64230 
89777 88452 
37248 87176 
40231 88231 
69298 2097 
99779 35676 
43166 31230 
15929 15718 
78012 13313 
94403 54822 
35213 61317 
60869 98866 
94191 99362 
66472 35488 
23309 81463 
72169 4988 
58624 28444 
34441 91646 
67414 6158 
80692 38158 
65712 8103 
6498 79959 
79453 98598 
48834 53254 
87422 18854 
89490 90902 
60798 57608 
21157 83629 
18926 40436 
64944 50578 
53818 97391 
62623 32806 
36942 27351 
79454 96134 
11013 89249 
44190 5577 
86784 15300 
21691 12649 
10245 59417 
60560 78906 
39163 65192 
83312 44397 
69591 62139 
89807 38026 
82713 76332 
26017 18373 
40323 72141 
29688 28114 
43300 25460 
2041 42968 
81531 65636 
70379 96943 
46102 13256 
331 69692 
44917 83996 
88406 28892 
61485 24966 
15674 30825 
23259 99241 
71545 95718 
688 36788 
63055 90899 
41074 25480 
9445 74464 
52339 24656 
84495 74889 
90988 45447 
9751 7911 
75812 57060 
20643 61014 
44329 46270 
24483 7950 
92436 78549 
44386 51033 
89467 83614 
96442 27270 
40586 15554 
78742 55927 
76399 18346 
60407 49759 
85656 61172 
46303 59859 
71119 94850 
58890 74999 
938 20554 
22490 50304 
48265 55141 
57211 97251 
60427 23527 
89896 27235 
75572 7918 
67663 4314 
9551 36114 
15961 29260 
68648 96694 
17532 46664 
4865 27562 
1276 39601 
19577 36149 
20733 52243 
38697 74544 
70745 59799 
27875 10832 
37832 87306 
89795 9164 
4912 64043 
87317 55377 
34225 88707 
65955 42407 
33672 72016 
7133 60351 
71220 18015 
29671 19670 
39678 3129 
71114 72885 
89814 12860 
22820 90033 
43673 69 
63118 86231 
71909 35881 
31378 95882 
69035 34510 
12515 37373 
88748 46692 
56211 14552 
7789 32913 
38069 56853 
71321 47233 
80933 8610 
35356 85288 
93779 39932 
62526 75908 
52860 66437 
46309 24803 
45200 33239 
35828 50901 
18072 39727 
8390 91154 
29748 56044 
90208 88058 
76595 9569 
57063 15559 
79515 302 
56137 43728 
48728 37734 
77868 90285 
10109 78593 
72370 57947 
68517 84812 
48838 10596 
4020 14118 
18308 98364 
45403 1847 
40249 2006 
42052 91885 
11696 30299 
60059 27104 
93957 70728 
61318 15209 
6426 63313 
85423 44602 
29609 40226 
43315 36699 
50212 49697 
48948 86071 
49973 61728 
60607 57841 
86899 35253 
77092 82963 
42665 11632 
35616 16339 
13166 87777 
88047 148 
528 13656 
90052 5342 
24407 53615 
23735 7961 
7946 48652 
88482 93708 
9536 17699 
37089 74215 
65334 39956 
4565 41434 
79488 67439 
75622 82838 
49099 27180 
63466 29401 
39193 85878 
27311 10761 
29305 66317 
38960 47575 
37764 24482 
19801 19713 
92341 19073 
8752 10802 
56694 30978 
88965 44548 
40827 19296 
96512 96329 
20806 32601 
57803 84757 
68048 29407 
54158 22212 
41724 177 
91731 30799 
29166 24713 
62895 10735 
28647 43396 
21247 81890 
56485 68503 
56520 5981 
26168 12697 
48012 36902 
91023 65807 
95521 39709 
63926 8127 
75338 64992 
27676 8717 
45475 64660 
27836 20594 
29127 87628 
96220 51158 
38263 99448 
87680 55882 
60248 28626 
25421 75996 
19626 54167 
40817 16823 
44390 13862 
62536 42379 
11566 30857 
56772 44028 
20394 27281 
45442 26198 
43110 17973 
32484 40557 
33080 54855 
49681 91564 
27961 22990 
92962 30916 
71600 73128 
57680 56181 
92543 12297 
97132 29784 
19303 63986 
22405 38516 
82956 52504 
33620 20852 
56161 62295 
22728 99654 
4365 72321 
16260 71160 
79744 68046 
32755 17724 
71324 89132 
14073 31340 
35782 79651 
52403 57795 
72571 69421 
75493 97132 
74310 30029 
71469 25122 
78783 17173 
31603 32586 
72424 32115 
64467 14640 
46836 9410 
88145 80326 
89664 65450 
38510 94599 
99062 22989 
41075 9268 
47027 60471 
81476 87224 
81028 21802 
75421 75199 
45646 62165 
82746 34287 
26360 98531 
32214 94574 
66130 79705 
23778 60502 
82110 90084 
53262 56961 
14593 53722 
60762 72604 
73200 10867 
38519 26499 
6384 97855 
46653 57029 
9441 73013 
75831 7759 
3537 96210 
64818 64070 
63663 87735 
27814 76420 
46949 63378 
71586 91406 
74453 66919 
85633 125 
49308 98644 
69948 4888 
52025 69110 
24447 99924 
39788 91034 
61689 59490 
90737 59032 
20286 27692 
76516 56844 
50200 8286 
16773 74780 
13127 59906 
67845 16278 
91257 12376 
24501 21820 
25927 33179 
68428 40850 
14011 89628 
80023 37949 
74397 71938 
41123 28180 
59469 65137 
95436 98343 
27255 83637 
739 85835 
8729 11291 
2318 54845 
1754 21895 
80641 30846 
98227 90332 
77955 28624 
4222 42957 
88227 36547 
44273 37306 
2823 350 
50406 5852 
40292 83372 
24135 46285 
52840 67033 
25361 91657 
94303 95260 
85935 47765 
54910 59644 
67670 42245 
16586 68295 
84626 90119 
59267 40691 
87752 43918 
53453 23239 
66318 62997 
7134 25861 
55014 6300 
96282 38575 
48215 25569 
97227 98886 
13636 11899 
56562 45728 
66424 27501 
79595 13769 
11732 36719 
91919 93082 
88912 35547 
30337 3506 
53663 67310 
49143 10447 
15870 3656 
85694 39457 
10270 64649 
15227 30608 
14754 49483 
39040 10487 
46781 50252 
92441 49605 
62257 25187 
29284 16042 
53180 14894 
38439 32382 
90497 95424 
74200 92277 
86770 75329 
37441 95435 
59670 60401 
27203 15393 
61731 29413 
93481 23118 
4438 86908 
61081 51315 
45412 85010 
61756 99234 
26326 35191 
7204 45862 
46142 63071 
59069 60559 
29378 94591 
3722 74529 
2306 279 
19413 3931 
21357 65799 
31271 96046 
7472 1660 
85679 3555 
27731 52654 
39700 78842 
31318 18529 
53527 20158 
90736 51350 
94332 94549 
21138 52186 
8423 8640 
50765 49960 
95286 97703 
93679 8734 
21865 55849 
32346 76150 
48356 35768 
52085 55421 
97805 5140 
81995 55992 
90987 58629 
87715 53887 
85299 49343 
30184 71750 
1842 21695 
51585 70720 
98373 98786 
74708 31545 
47486 1758 
5225 90696 
9156 56013 
7709 88774 
44704 69730 
85686 83105 
5260 53844 
33627 74190 
41964 89428 
44496 96551 
27452 38402 
50334 28515 
48541 36513 
45298 82611 
28614 3766 
90728 48500 
64821 56762 
29962 73755 
20019 9879 
47050 84295 
92297 7771 
87918 65904 
95925 40353 
25181 51046 
26778 53275 
88493 81026 
52524 81814 
1199 42591 
63316 4180 
60998 10159 
42233 31430 
77446 60153 
66381 25493 
32344 62252 
29374 64258 
60385 93926 
83786 53245 
56953 69207 
38232 17047 
7501 20427 
7887 90590 
98722 22525 
9521 70152 
15522 3529 
12571 77189 
49811 41942 
6270 34182 
47213 12042 
19544 51038 
96015 1435 
35146 73038 
19026 91754 
72438 46868 
63499 63006 
74227 19970 
96850 54801 
22259 274 
6643 93625 
23241 68300 
72149 74274 
52671 51693 
21776 65722 
17293 43448 
15735 96950 
98662 69387 
96563 66622 
70081 87907 
31451 12028 
37077 35570 
29802 67310 
37635 15804 
57036 38772 
52556 64809 
81409 25925 
18583 18681 
84414 20948 
7382 48856 
37348 26357 
31955 29156 
96704 40938 
68757 47035 
99272 77362 
38561 74076 
44192 91439 
72021 66335 
33650 22556 
96933 73837 
6543 67620 
23331 350 
40125 36711 
69867 69476 
13512 67635 
70313 21199 
23899 8712 
22568 84202 
21428 14383 
94211 43575 
81881 36591 
78424 51002 
67706 36410 
2030 5057 
37377 85013 
23408 62944 
50660 70829 
22216 31829 
83099 80613 
75150 27846 
6885 76166 
32357 83948 
17228 45566 
57665 33930 
83461 68013 
72454 99301 
82330 94798 
47775 58109 
27259 15378 
22242 80381 
41870 47199 
84230 73552 
38610 60627 
46115 93047 
54096 26265 
55544 38159 
61594 50907 
34134 71381 
28057 50527 
7568 70594 
8226 93941 
92661 47798 
71521 39179 
36810 45511 
38805 76081 
63117 52555 
65567 83287 
60515 64615 
45678 5520 
72396 51779 
25593 57968 
79528 85209 
12701 68540 
43430 18176 
33542 75936 
74954 12843 
47651 11699 
19440 53550 
51071 7802 
4624 89737 
9861 87843 
80378 7275 
48464 19516 
90392 35591 
80340 28827 
55080 59862 
9031 2346 
12269 22439 
46650 32849 
57639 65759 
93772 95783 
50421 90184 
99794 79275 
1524 74527 
76059 28765 
41034 34452 
65388 8856 
69952 74534 
81120 29603 
37071 23407 
16392 32214 
46035 28301 
90072 80010 
89937 25165 
39642 54508 
31207 93652 
93277 13614 
93056 52459 
53471 29150 
5463 49791 
2790 84356 
53390 56179 
98673 78471 
7912 72469 
58661 55151 
81908 24437 
50080 44233 
41164 27364 
88849 82216 
19020 68798 
21015 55865 
28068 75820 
7527 95441 
36000 4318 
57888 29327 
74314 12088 
61542 213 
78397 55022 
47201 34478 
15417 76209 
59781 51060 
42469 41473 
82226 93851 
51602 11676 
45222 72525 
641 32066 
61625 725 
99093 62018 
94442 27655 
17014 64688 
17270 69374 
11334 25450 
54322 59487 
18927 70389 
93542 55393 
48656 11724 
50747 55936 
15602 55699 
25363 8991 
99902 70322 
29035 13465 
79876 25239 
87222 49137 
84524 84140 
10889 99931 
34047 51251 
10485 71453 
88670 47789 
77620 41997 
5838 21715 
91224 27746 
13787 74668 
14405 87504 
45498 23662 
35855 40065 
41229 1943 
75362 18190 
20068 43347 
16832 37178 
41419 87567 
54193 13144 
25802 89913 
35678 26357 
81053 18497 
70162 88395 
84788 74185 
15613 38359 
6878 74235 
4182 63015 
16763 99244 
71034 8508 
9549 14831 
44770 27139 
2145 44409 
26132 81742 
96094 87512 
28634 12276 
77300 49276 
79900 54546 
24487 71044 
85665 89324 
28054 29455 
39794 91639 
78853 1995 
23091 44659 
72478 80638 
71324 80313 
88826 52031 
8566 9697 
48937 52650 
35833 10318 
21564 50370 
36957 44325 
50449 115 
13731 92184 
99938 70571 
90591 99578 
71348 41375 
35447 51859 
25427 25755 
27732 9972 
57270 82315 
67373 64569 
9207 41434 
59054 90858 
74491 86727 
25058 15782 
39981 66 
96872 41218 
39613 99845 
10917 2167 
42033 76496 
86901 77263 
75629 56713 
98729 10442 
2051 8395 
57302 47248 
85375 32005 
12179 36994 
68217 70879 
44789 2880 
58386 12949 
69715 36179 
50081 49402 
82560 27720 
52170 1998 
92992 10168 
72744 30102 
59806 47956 
13928 80878 
1152 78250 
63855 51723 
87590 75950 
33711 92660 
38221 88471 
76949 88248 
30830 61950 
45053 23504 
5887 59509 
79620 56401 
91173 54345 
14088 90695 
98912 65664 
60082 67144 
50526 93866 
83156 68640 
65458 2867 
30586 65319 
9991 92118 
59934 9436 
39588 98581 
31255 26565 
83993 69839 
68090 39675 
18201 53510 
62822 5662 
34345 55262 
483 40116 
79680 27976 
1789 55440 
54039 67994 
40924 39854 
66505 10884 
76548 60385 
35502 38782 
45515 81657 
79105 34142 
7942 54091 
83108 40567 
99578 40072 
53211 20446 
42811 14702 
54690 31211 
91194 98974 
17978 77300 
34032 57471 
41838 33294 
67361 20185 
57141 75184 
45551 68590 
23729 1369 
63798 59794 
20467 72741 
85955 49427 
54269 52062 
24396 13843 
57778 76892 
99063 65306 
67307 57410 
51340 99991 
72793 50748 
65086 17978 
9684 26832 
51928 6826 
19081 7228 
90844 85921 
36892 28115 
73074 67436 
85363 51270 
92576 1605 
31093 22818 
39539 38907 
42445 58518 
99838 59872 
26286 16466 
36896 94366 
49049 3377 
34035 76561 
50360 48945 
5234 59225 
38794 74340 
40062 41527 
18825 75475 
34638 48261 
35607 39462 
74612 35191 
39968 13557 
78436 85172 
69822 49872 
79630 2764 
16210 56284 
25249 11248 
92234 94228 
94457 5276 
51424 77405 
95855 14804 
8373 41993 
85164 91570 
98985 78532 
55866 38009 
80268 38424 
94586 60381 
10310 53889 
60263 42757 
67958 39170 
41599 6653 
68658 72979 
70776 42213 
8028 97360 
23120 71231 
17965 6574 
12147 29686 
51419 41091 
97375 38070 
21454 46409 
58274 61458 
7796 4177 
51931 48096 
9817 93970 
64262 75217 
68725 98078 
85021 23870 
3714 18784 
85401 50732 
6935 37887 
53668 24188 
20353 11571 
49067 44413 
73919 60257 
67131 72755 
98938 82678 
70586 54391 
43154 96183 
29179 30084 
4724 81168 
29057 97763 
71194 86498 
57726 2752 
96463 34962 
44165 6646 
73908 53007 
35318 9155 
66999 37424 
19984 74673 
40123 63119 
69014 45906 
91781 30770 
46801 10574 
29944 50889 
63152 24015 
45054 61715 
76968 80487 
30016 82354 
33536 68987 
68503 9716 
15792 45637 
62982 78046 
16548 3987 
2103 13235 
93499 27017 
73427 30591 
51701 60208 
11959 44387 
9263 53724 
37541 80256 
41157 83580 
74873 7373 
63330 76585 
68798 36373 
14714 31966 
4441 61097 
18257 53703 
16900 57487 
53788 81984 
28412 91343 
55261 39588 
82247 28162 
52897 89593 
52088 82909 
16718 34488 
93213 95298 
22172 73586 
67545 67093 
50811 75576 
18487 51876 
59397 16128 
93406 44918 
99351 76629 
11743 81006 
45114 99488 
54969 11475 
94783 47841 
10902 98181 
39285 23094 
39432 31806 
57391 52408 
39259 54614 
83042 70057 
85985 43675 
8723 81529 
80744 89560 
34045 17308 
95543 87659 
42247 54460 
