81790 27427 
99240 25516 
11645 23948 
7831 14442 
83676 52464 
46028 99333 
91574 48198 
59618 38427 
42637 84877 
42146 95195 
51618 26851 
31668 42286 
65325 65502 
69903 76101 
24654 10420 
5122 76572 
2073 47308 
27996 27294 
62039 19215 
65697 44832 
79438 35431 
23659 52844 
16853 63295 
56734 76637 
5319 12126 
71861 26770 
95198 75649 
12914 86594 
43893 59529 
55050 17856 
85351 84005 
40664 50995 
82661 18119 
21972 32292 
99505 71669 
36265 58737 
38841 43768 
29066 43288 
87893 2762 
57667 18159 
77402 51273 
52967 1793 
10039 12264 
91052 26434 
37983 57259 
27618 47464 
72912 86255 
78133 33154 
92966 60346 
84520 64033 
70747 82725 
95222 54755 
83989 21464 
99618 48197 
86296 68372 
79 21413 
9130 32217 
75362 86184 
38279 71749 
87551 63062 
58059 84175 
11439 57133 
84795 78177 
20025 66173 
17406 76996 
42695 7425 
17464 16799 
23711 57922 
93618 28257 
47778 65106 
6066 15162 
66759 99407 
25562 72898 
56993 88552 
78430 21738 
60240 94536 
84157 65155 
12904 68503 
45362 21752 
47998 46249 
81278 20887 
62195 27611 
5357 96722 
76390 16684 
35217 63172 
82294 86655 
88863 3092 
59934 72958 
64953 59081 
71292 91538 
26880 70362 
83874 25184 
10507 60504 
54662 20236 
53637 44085 
9679 88376 
1640 86927 
87298 13818 
78126 24150 
74500 24870 
22165 13052 
54385 682 
84258 73706 
588 48917 
42134 49141 
99620 8162 
44397 99154 
55698 79 
15166 26990 
34305 80621 
56052 26571 
30487 17066 
63190 29407 
5809 48198 
36484 24972 
23933 68664 
95856 26100 
28938 15324 
34988 51788 
52778 23389 
36890 3851 
8710 63174 
47633 20962 
26016 64510 
54646 3880 
8061 85167 
44209 19053 
50447 82072 
19144 4277 
38997 99683 
42149 19724 
58298 98578 
32828 10407 
80698 9112 
87206 72028 
72951 9957 
7338 41164 
53104 99399 
25630 62860 
53759 48456 
83544 23975 
99489 99203 
77628 78980 
86005 99113 
17116 36438 
56540 42830 
46858 18994 
6986 26429 
76892 57492 
15458 6072 
25738 30680 
84257 92905 
28308 16000 
2600 9086 
81319 74056 
87045 76061 
99169 49645 
33166 5472 
31504 35574 
16848 15593 
49996 12025 
16464 1667 
46366 43836 
88237 47302 
96261 90834 
16253 75817 
34336 62219 
75872 5438 
54721 25028 
94688 90256 
98028 58802 
68752 99 
11170 33864 
93380 16736 
69461 78982 
97717 1326 
31830 95692 
30085 18543 
59451 71180 
27207 86532 
65680 39410 
14548 58652 
80934 41007 
27307 32909 
9966 36458 
11996 28048 
30986 34306 
67081 61456 
36169 6244 
7821 13366 
41303 74442 
95224 64259 
98696 72895 
51952 47974 
31916 4239 
99035 71672 
73554 36228 
86431 15665 
27898 7946 
57731 41040 
99281 44818 
84727 1067 
23824 13641 
31125 73598 
17386 84073 
56276 5942 
5772 1440 
49672 91193 
34586 17184 
94784 75493 
65598 67922 
96906 29467 
54077 41863 
73807 3830 
67281 22145 
281 29141 
48132 50745 
18105 12734 
50082 13655 
71430 32040 
69272 8347 
4313 22855 
78299 17871 
61865 13506 
22285 82478 
69418 61494 
72366 29246 
25124 7827 
44360 92992 
30584 76101 
81080 37578 
1385 8339 
65591 65767 
44813 47629 
79711 87883 
65569 48828 
47131 4807 
61979 22897 
3758 49201 
4930 97876 
19248 20360 
49745 10083 
53127 42740 
17169 22796 
66562 75930 
93870 6510 
26487 4741 
45074 4796 
32716 42090 
2434 52845 
70577 84454 
88703 12003 
41756 69976 
67489 32865 
54223 2623 
61131 62005 
58478 22356 
62652 62924 
1833 20861 
78774 30531 
35016 25163 
80159 40268 
46144 97316 
2298 87932 
15928 27381 
35897 44331 
84966 29004 
69148 70077 
99056 82188 
95918 10156 
51716 6222 
83686 15339 
74410 87223 
2966 18087 
34480 29402 
55982 24270 
88361 46885 
6529 68857 
3394 63829 
5246 23650 
5392 44558 
24913 38239 
31086 32585 
68943 41508 
64681 37631 
92890 30365 
15967 73131 
83582 24793 
53784 13231 
73396 73895 
43115 7900 
28218 56306 
46669 67534 
36825 30134 
42541 4311 
46659 52557 
78394 96567 
36420 7275 
29574 24574 
89416 49167 
53657 11375 
33273 99883 
37165 90694 
41395 5472 
11526 15452 
49468 97774 
74840 15051 
26355 84959 
93575 7324 
52860 33423 
74097 71959 
4149 93189 
87721 96176 
2022 62046 
4997 10586 
1750 79817 
45010 43413 
4869 93493 
73711 34625 
44100 36394 
91630 68044 
69474 20098 
35812 99115 
75778 46551 
83405 78783 
50597 9616 
85043 99794 
89512 70227 
75041 20753 
20432 57405 
2356 55381 
2549 68580 
1397 49691 
17103 16970 
74976 8168 
46895 1215 
93032 71534 
49410 53037 
20254 93331 
64452 52374 
73303 10287 
61348 86271 
74075 52324 
23050 67728 
9279 92057 
84914 23802 
28593 90777 
94406 8414 
13736 58149 
34720 94678 
29049 6259 
60013 53947 
20492 45106 
22916 34406 
64452 36323 
35989 10668 
80366 94595 
97960 87707 
11865 2200 
32881 7345 
50000 81018 
35722 23629 
19091 48557 
91467 84583 
70830 69750 
36469 82166 
35496 4681 
60538 9686 
60472 43885 
6221 96513 
25762 17512 
7711 73591 
63767 62386 
26010 60103 
26311 31881 
79260 51544 
35782 37526 
37542 32569 
29180 18383 
50000 34132 
54005 44520 
98801 3768 
3110 74232 
29223 60329 
82014 1221 
88082 60003 
86615 47526 
13722 9191 
31885 80789 
59995 21597 
12792 60291 
3893 31836 
97602 45214 
81937 45945 
50642 30704 
23959 30355 
56728 12580 
4557 15200 
72669 19878 
12308 15302 
62621 95976 
44724 52711 
83519 53612 
72969 98380 
74437 76927 
84523 37381 
69421 94480 
4254 1991 
97208 1243 
14783 10065 
53212 64664 
45553 92275 
29245 10182 
76660 91156 
64687 44918 
8330 67280 
39134 44808 
79785 53506 
61061 43 
82313 56906 
19602 86442 
505 19802 
57300 6283 
32902 16269 
90504 21089 
88715 78568 
51083 81017 
30809 19110 
48204 40746 
36807 37908 
52166 40139 
79949 82908 
83613 19457 
89256 61138 
50917 33528 
34592 82327 
16156 27037 
96347 53456 
85775 33984 
21798 32635 
15925 68329 
40564 93780 
94412 80033 
10142 49748 
11287 60893 
89160 30902 
58358 97984 
90755 18528 
4213 89030 
51422 88089 
75851 53626 
61688 25980 
40595 97012 
44139 45287 
22686 8970 
31619 40985 
7817 9420 
93802 93051 
85821 84411 
83919 47221 
56838 91480 
29037 77356 
79508 51703 
67091 60899 
71065 87284 
41802 79420 
78719 8153 
2594 89958 
29267 98791 
20850 99688 
29625 7398 
26076 16369 
34815 93492 
85983 40111 
21902 47186 
3027 8176 
8492 53638 
76603 3858 
32616 39522 
84867 92917 
67154 4916 
73092 56614 
76475 13592 
96481 49081 
35501 87467 
54516 18593 
22189 26850 
71231 97216 
63225 57127 
21182 81412 
59721 84643 
74438 97347 
44804 29802 
35565 68964 
28188 93795 
81375 84344 
64200 6843 
60110 86430 
39174 507 
765 97868 
11734 44331 
95434 26578 
55231 87995 
59812 88549 
45398 54151 
47439 27481 
8324 34225 
91775 7032 
93876 49754 
76857 795 
67990 55170 
92108 7527 
23534 74490 
9728 74747 
93975 83948 
34170 22510 
16644 75408 
12351 20958 
33117 61249 
60530 90217 
33115 10409 
59200 59261 
45236 37442 
90881 41559 
52991 1648 
47337 59636 
67802 11748 
12575 78118 
21977 73075 
35823 85413 
54148 58862 
44797 97843 
47272 34996 
13658 46885 
44980 18435 
92396 50110 
15959 3561 
24757 59465 
57968 47784 
30383 26764 
33234 68055 
3477 25529 
5172 63240 
85117 20802 
2722 43892 
99214 84091 
73074 20509 
3191 9320 
96158 74194 
93580 97446 
24972 9445 
24037 42386 
84701 67859 
38690 68921 
10523 63629 
97260 44462 
29130 86991 
70053 10879 
92170 10132 
10725 60016 
51209 21599 
72602 7110 
23249 9863 
20406 99984 
33466 14445 
3367 38758 
37519 63898 
98011 70694 
19672 23938 
99308 67918 
34895 86154 
37407 91917 
13265 37956 
23837 98042 
73142 67839 
85856 35675 
96007 76503 
30517 55308 
293 84031 
91072 42442 
14114 46066 
47485 60070 
87575 17798 
80125 96392 
4147 33597 
11093 82556 
47578 2244 
11205 66321 
55921 52969 
2288 1932 
47461 5873 
64246 43890 
34693 81842 
64251 12883 
51948 11656 
61460 35836 
9902 51785 
4812 48856 
55875 65201 
33754 91776 
62722 79585 
12138 16094 
91064 92405 
74084 74258 
69699 52601 
37246 57610 
17289 11997 
43733 2693 
84727 6073 
21809 91241 
32086 93332 
22551 27815 
66643 55275 
74820 90917 
59189 34868 
19150 18298 
24695 70389 
26591 5295 
353 63672 
82091 66186 
79154 7010 
13619 32889 
60320 81386 
78068 42763 
59334 30158 
72842 97841 
79708 7012 
28101 61509 
86288 94691 
48778 95476 
35579 91929 
17765 29790 
12438 70016 
42093 1777 
94454 7517 
22457 95903 
15419 21982 
53080 65927 
27543 30790 
13732 23142 
68385 89845 
98592 30044 
22956 78418 
37707 47503 
34061 21203 
5934 45275 
54647 64544 
81566 687 
54786 52778 
12225 78358 
92887 82765 
69163 5020 
35837 49957 
22753 27826 
65991 37691 
51755 71962 
44271 42958 
6837 93963 
8107 76452 
84874 60806 
70581 22533 
34711 71675 
52796 95559 
7350 79249 
25409 83079 
83943 60404 
57191 23499 
63503 32439 
68588 26071 
68906 10230 
66496 4467 
34530 52168 
92783 61679 
71824 48306 
53586 33607 
70081 62827 
8996 71490 
78897 54754 
93476 19169 
36060 65785 
6192 20202 
50023 82178 
57425 71972 
19658 48820 
82319 29189 
75645 37923 
36443 47547 
57632 52239 
68997 49833 
99219 73227 
28964 91373 
78848 48345 
97111 99504 
8837 48401 
52445 62580 
77105 15876 
75614 48088 
26504 68188 
63673 36517 
55255 16054 
80774 67940 
48603 6426 
97525 11576 
6630 1910 
78142 85176 
16043 64172 
58963 70655 
24801 17485 
24513 95162 
17624 30417 
28020 72665 
57671 68592 
22130 30126 
55126 39531 
62549 74459 
46936 71742 
22419 91753 
23631 44593 
8495 8570 
18909 12897 
1490 86677 
85614 50729 
52462 67173 
17742 72687 
54705 27742 
42292 77610 
76328 67627 
97044 99724 
82546 88937 
30771 45245 
98697 20 
10926 38657 
65075 26890 
492 2212 
12922 82083 
70482 44618 
47228 6805 
47491 40473 
56499 71881 
56710 40681 
82234 95749 
10003 65897 
71567 13657 
5918 99999 
5400 11160 
53909 18654 
41298 17235 
8598 59228 
35544 37483 
1548 62601 
11942 96361 
87806 94915 
26337 48815 
82413 87814 
35276 16372 
48052 19459 
14816 453 
9245 95397 
91252 26596 
10720 78306 
39338 77236 
8035 58719 
75577 77860 
77039 55005 
24242 11571 
55456 80206 
62014 50505 
84605 15780 
53476 9030 
2241 87847 
74162 43291 
48487 50248 
80470 44418 
86017 40531 
26475 98596 
2922 89918 
46498 16193 
62111 36379 
19298 64281 
84617 11133 
4821 72130 
5858 43197 
97675 17631 
23678 54074 
72856 44128 
64902 95197 
8696 1744 
33174 14481 
59643 55042 
65024 25118 
17155 49777 
13356 89714 
40884 85430 
98011 25906 
64278 97425 
11547 85827 
78806 13112 
45071 61069 
79292 9029 
3721 17251 
9119 63429 
14324 67868 
78595 67706 
88777 55771 
42341 33091 
95868 22477 
12294 4890 
11534 10405 
51749 75507 
62956 61249 
42882 69670 
55458 44843 
45218 60480 
72779 77234 
65815 63324 
71140 64080 
43221 46176 
45384 36089 
6752 89435 
31531 26886 
10259 26233 
24240 80517 
55230 94974 
29962 65751 
11971 39924 
46964 17381 
19534 2755 
61960 20952 
95204 58242 
79726 6627 
12534 60639 
56871 20370 
13307 83824 
93847 96166 
3246 57881 
50310 61717 
43905 27575 
88108 71844 
93893 84022 
13458 78788 
71431 49910 
85281 16649 
7217 30693 
80208 98409 
31669 79487 
56404 98297 
93830 61748 
38192 19690 
40592 47323 
51306 29324 
94341 2095 
74694 72253 
54736 99196 
38913 68850 
16054 20634 
93467 35049 
35395 74209 
85833 60120 
8978 7676 
43470 22430 
13901 62419 
26748 23004 
50930 72242 
25543 69093 
80238 79404 
5125 45559 
76492 9638 
68032 70555 
42279 20683 
87757 43815 
9585 14682 
87377 60788 
27894 83861 
81658 83929 
84431 40988 
74695 33664 
27202 71393 
6827 85824 
64662 31690 
74343 39838 
97235 11864 
3381 52481 
95349 71996 
45511 15725 
76267 62669 
76595 94007 
47709 38968 
22840 26200 
80096 81990 
8356 40628 
41263 48917 
17076 27661 
77517 82951 
88533 63739 
53208 27793 
21801 83113 
67278 7851 
44803 49169 
49760 54984 
17224 85884 
3765 85364 
74430 91774 
99252 55886 
87080 73646 
43693 58589 
6522 5529 
51735 43660 
89619 39352 
11062 96854 
48273 68238 
94856 35551 
48738 70757 
2648 29149 
93716 45011 
20777 94161 
56232 75139 
81297 62090 
98499 59645 
63905 69079 
1217 70875 
29274 70305 
49195 8060 
94189 39239 
67709 52516 
58952 72123 
80662 32915 
75757 81417 
66402 60986 
3090 28464 
19980 3555 
25657 15238 
91634 15558 
31979 27821 
60467 70427 
32469 103 
19580 89247 
69709 45224 
94293 88104 
19550 84408 
88675 34254 
6833 88067 
57214 26065 
62678 32464 
28283 89109 
31689 66708 
63935 11359 
96868 79489 
26631 24145 
27642 52715 
37619 72303 
72114 90084 
54025 6955 
8521 12655 
62061 77352 
42829 20562 
82358 94464 
89509 30323 
10034 88284 
755 10537 
66930 83257 
15755 55284 
26338 71835 
86093 54160 
81594 74808 
95968 40645 
69051 38930 
36629 26381 
23248 37248 
13272 57918 
37504 5648 
59630 64650 
26675 70310 
10570 1890 
40505 95063 
36247 31422 
55767 5104 
72696 23375 
83307 24096 
93230 7879 
62132 95337 
52615 52744 
76859 44536 
1683 94244 
27107 81652 
13939 2127 
97838 32340 
87651 17084 
28190 35698 
87023 59164 
52986 44389 
64292 68999 
95912 15586 
60901 10222 
26262 86809 
20404 31069 
52153 89372 
58345 55931 
12335 64015 
25070 53473 
45932 8198 
66292 6974 
64924 2623 
33189 94649 
27677 35746 
18918 72974 
13498 69343 
1656 44405 
27991 65630 
55616 82415 
26866 27035 
50962 81355 
31937 83377 
1155 96452 
27155 98033 
31970 40082 
64848 54637 
40274 4517 
82712 28889 
82645 88412 
30684 46258 
83981 14613 
33420 75694 
84494 40195 
68952 11870 
49825 76177 
26967 54086 
53482 53975 
21196 98614 
3405 98410 
69571 23113 
25197 92958 
23084 56669 
33378 51965 
19684 97077 
19026 46636 
63107 58198 
57239 66881 
78176 4500 
91097 39500 
73888 57375 
80128 64647 
53539 38363 
10776 77192 
47146 48115 
53948 87305 
5603 66746 
20460 5516 
88298 1161 
9031 11461 
96291 98016 
63449 82684 
51748 87158 
55651 60112 
929 19704 
89650 90189 
22849 17369 
77620 50169 
58625 55211 
73894 32699 
37570 58655 
65256 38567 
65230 7479 
6610 2368 
55885 4374 
59966 54867 
37400 83777 
41647 7936 
29887 7837 
7737 33215 
1272 20733 
10987 94028 
32656 9954 
43770 81571 
84274 53762 
41127 1038 
38886 17722 
55553 51092 
13582 15 
30898 40977 
73299 15183 
96607 93553 
49731 49016 
75472 89694 
67847 13509 
48205 19706 
8919 80094 
46339 20842 
93723 71833 
51300 96458 
52488 50785 
62013 32000 
59213 45493 
55940 45775 
47129 25316 
9227 38317 
89369 43299 
60443 33178 
24301 37327 
99395 34094 
28558 496 
37584 58743 
92397 5973 
70093 47673 
31872 99033 
70062 88491 
80159 49535 
66336 40044 
36436 91806 
42527 89048 
14878 65692 
61407 22538 
28611 12495 
62412 53475 
63865 72586 
2019 94016 
48127 77644 
6846 31165 
92736 29831 
87547 22940 
95146 12625 
17921 99675 
19013 83596 
18137 24700 
31274 58132 
93561 41412 
64557 4904 
71410 9619 
90549 38824 
46274 13042 
35354 15299 
92571 1997 
41404 791 
27043 20522 
82163 19005 
7659 55601 
65628 49452 
36631 37642 
20550 85733 
94712 15984 
45347 44546 
71553 30976 
13812 53263 
72619 5036 
74031 33846 
76995 79120 
47322 43951 
92417 28135 
32544 32245 
3929 99113 
47791 14301 
40803 29312 
96258 77846 
92713 17939 
25987 81738 
90618 44808 
64241 21703 
30409 51990 
46397 97721 
58088 30417 
26543 32847 
54123 82381 
52384 61352 
51559 63004 
10580 25251 
97595 39021 
312 92596 
21525 41587 
72648 38355 
3336 31312 
81196 9277 
46680 38385 
25575 27809 
47559 88378 
33364 76978 
15793 75203 
18527 48066 
50168 96715 
74657 25988 
90142 25562 
9983 33468 
67091 48149 
7686 54432 
56294 67961 
99899 9462 
87198 35990 
76652 61739 
3989 40646 
12066 90593 
81084 62278 
79256 81571 
88886 73308 
42697 46913 
73981 44013 
62205 8363 
64955 96065 
16235 45439 
40062 31253 
53835 36617 
96258 51144 
14417 98310 
40397 74971 
12365 57084 
82908 57646 
69598 74281 
51847 7573 
93296 78976 
60948 4782 
38355 55195 
59134 23952 
64475 72352 
60938 73969 
96388 44065 
7371 75976 
22335 49821 
34997 15187 
20730 56424 
37320 18308 
87831 31689 
87080 27976 
50286 51568 
50622 68429 
85583 63705 
66246 22468 
40709 85336 
77294 68780 
34742 81547 
7685 60851 
54637 91078 
42734 63890 
5103 41173 
31276 4641 
53305 20436 
56513 30393 
16967 59194 
32427 18169 
80546 589 
70219 22829 
88279 32404 
24983 3661 
55188 89602 
76608 23105 
57552 30602 
20948 68307 
12882 36512 
47341 6522 
36094 81859 
56800 48714 
63362 77802 
31568 62242 
68054 94357 
1154 43118 
54156 26896 
62620 31105 
1802 83950 
3554 26774 
56758 38324 
45079 48674 
1157 1585 
69139 50875 
16298 53177 
19492 6396 
49987 79721 
68969 50434 
30693 57529 
26993 68781 
28679 41893 
20758 11480 
50325 10427 
21099 9481 
66017 44549 
99802 72991 
14241 23116 
98944 54163 
94965 45322 
64837 63935 
63898 96132 
49223 43066 
65882 16854 
8629 809 
477 45899 
39100 51132 
95677 50325 
68026 96085 
76764 77478 
87360 28600 
56429 17833 
53266 52933 
39627 85105 
96057 49959 
31973 87748 
81289 46622 
64101 87156 
37935 84151 
95986 12202 
22829 17986 
45096 27186 
21877 23895 
90072 30836 
98040 29354 
37742 97679 
83659 37063 
5373 59958 
80440 58315 
62394 68147 
74262 27949 
96215 61251 
93916 29740 
15298 24222 
43023 21367 
79309 9157 
12572 11414 
50953 49385 
37871 7437 
97016 1107 
98186 23699 
27164 5966 
69936 9964 
48205 79704 
35028 38607 
28825 97053 
14777 66299 
15200 61022 
46815 68668 
11421 15969 
47504 31570 
40351 88159 
5572 70999 
30287 14930 
34064 45174 
30735 54176 
67151 16943 
46629 49549 
25944 22427 
94494 63567 
93191 2693 
26321 80812 
30569 59247 
37353 26403 
44266 1271 
72505 41176 
54648 62783 
72799 4289 
54005 81268 
57992 96418 
42755 45858 
24464 52277 
18931 42722 
48499 59891 
58378 48135 
24214 25863 
63808 45533 
32719 40811 
79736 71881 
34459 47232 
67233 30811 
255 33232 
7606 45236 
48212 49870 
57264 60530 
33429 77334 
7435 50861 
45398 45689 
11834 25899 
3967 49678 
33000 82871 
8934 83822 
23727 99822 
90609 64061 
3885 19928 
29101 95196 
14869 33855 
58619 89611 
34038 27399 
49716 42062 
9715 25032 
67244 17769 
33671 26463 
34622 16590 
2484 2976 
96122 34790 
31775 93054 
58011 57685 
78018 12653 
6650 81416 
91510 74540 
47107 80171 
71019 93189 
79343 6344 
15742 37019 
30697 35465 
73447 78123 
93189 45147 
64979 81131 
72060 47895 
24824 67500 
38016 81278 
34993 89266 
89781 95806 
45227 47170 
75887 70801 
66372 92075 
94984 31577 
95725 55724 
92549 37493 
83284 67154 
98489 59708 
76028 24413 
4932 69946 
83708 7812 
66417 17113 
94121 40474 
15728 77329 
28402 24798 
27750 24745 
67634 9238 
31067 85427 
876 68886 
62365 4720 
41730 15412 
82294 79618 
35627 87206 
23067 82057 
33260 8932 
17875 26421 
36917 51211 
70115 15186 
35969 65771 
56433 30249 
35338 19175 
21783 24366 
46502 99093 
16953 7021 
54453 21105 
49448 12143 
95981 21147 
67138 81259 
84759 78961 
70736 95002 
96931 81292 
55973 38325 
87252 83 
19237 90345 
40296 30540 
21471 88428 
73848 6701 
94301 27940 
2331 88011 
89644 24045 
36936 89427 
19438 79974 
46135 9683 
5712 77399 
25322 97620 
62829 28863 
27570 84844 
63550 9633 
88828 4511 
98471 16951 
40361 10617 
24405 88312 
38825 9984 
11469 47234 
60117 19962 
40892 34918 
96942 68897 
75989 29270 
72059 63543 
27283 48945 
29240 57836 
59390 89385 
92200 70844 
42112 40265 
88107 18197 
31046 89345 
16765 40936 
74096 26383 
9134 38481 
79385 22618 
59600 38275 
47412 76242 
35245 63695 
65645 82370 
62336 93925 
87321 7195 
65351 44750 
67872 20333 
87092 37607 
12165 66809 
49775 65744 
93680 40698 
26453 10939 
42765 56126 
79741 12024 
65278 98155 
90521 37292 
45208 76021 
43165 66918 
5278 94237 
55773 48617 
48064 3311 
44032 50023 
76824 91094 
85521 94670 
36 28242 
7623 34941 
56516 86855 
56715 84987 
59061 10000 
18843 9363 
43691 21703 
52875 39034 
28880 31885 
65934 65371 
34538 8810 
7896 44904 
84087 62796 
86833 32875 
14585 9271 
10516 51952 
49680 56655 
40427 94053 
48064 95185 
4193 47766 
26125 46417 
49996 41695 
67681 70011 
42166 94860 
75946 14315 
91088 69344 
93285 40349 
82462 27480 
12867 44963 
21098 6116 
32974 58283 
32619 33915 
59507 92971 
72821 34097 
45147 78426 
78884 74704 
64660 21709 
59244 51205 
65004 98816 
59660 12124 
96158 94862 
61835 67408 
24035 79785 
67960 51356 
50348 27407 
99602 47187 
15984 59961 
92633 18722 
44191 27674 
1185 36137 
87836 13538 
33142 27376 
80996 87104 
27249 34595 
59310 17944 
47638 5837 
5817 99370 
15442 6188 
99401 26065 
19112 89772 
91511 15481 
45176 34187 
13469 62149 
49381 2399 
21487 66528 
44515 63561 
19396 85544 
15687 73914 
60154 10697 
86418 91624 
16332 91404 
49653 75330 
27089 86202 
46607 95160 
74536 42502 
23382 67108 
15936 76765 
20336 6917 
99839 51295 
52457 87993 
24051 21298 
20310 79374 
51226 56382 
50602 34422 
83915 24423 
3033 98641 
15078 62486 
95778 5909 
12323 49460 
95845 36425 
64571 38121 
92478 16791 
18372 541 
21912 52909 
57750 90058 
39982 99736 
36255 25478 
45442 88474 
52799 58751 
41343 51380 
73887 96029 
84379 7120 
44025 3862 
12868 95518 
93366 47208 
62860 79502 
47057 74008 
78853 64210 
64301 82267 
679 18463 
86795 79895 
61354 22200 
56002 75009 
62044 4947 
66608 14961 
99740 85058 
59569 26050 
10876 67196 
22307 92679 
59807 6402 
55882 54694 
44929 1113 
89410 94656 
17214 34618 
70507 33046 
5981 44683 
37198 48668 
25008 64464 
81543 94002 
88381 44344 
48099 80776 
0 33926 
71420 69775 
93204 76200 
45909 10661 
87765 41758 
38664 42575 
279 9962 
1348 84315 
91021 86053 
10638 14099 
55366 28509 
68501 63237 
71163 49265 
23293 25464 
94737 40970 
30623 14267 
57714 80063 
58923 84228 
54434 52194 
58854 69203 
25453 47408 
57954 80137 
36467 76525 
12335 48336 
23995 67239 
45779 96242 
29211 8759 
33259 67057 
69583 27167 
40651 47017 
4285 90170 
15369 69655 
33857 59567 
33652 133 
37156 32505 
49401 59470 
89372 38447 
56759 63519 
23754 87836 
74020 19524 
96618 499 
80013 44354 
90351 77156 
85732 42779 
42324 15717 
3810 11622 
18972 15611 
86308 16163 
63797 57967 
37340 18892 
35608 97263 
71232 27498 
19075 50912 
79166 68937 
33493 27268 
87684 89480 
87642 89670 
40987 26851 
28711 14367 
15571 99845 
11493 63603 
80580 13304 
70398 61570 
50135 81859 
11293 30629 
34943 34555 
52806 17933 
89644 74285 
37411 18435 
69658 30901 
1499 79323 
56673 64953 
40587 53004 
85483 50161 
30930 51041 
6515 87086 
72001 39821 
48198 77869 
95690 10217 
1213 22507 
47504 48173 
32709 80794 
82673 30853 
52740 80893 
35789 73911 
97433 45447 
16433 59412 
63847 49185 
55250 81086 
29982 18193 
74994 53838 
20082 30320 
89313 47826 
30151 78633 
38387 23903 
11507 15416 
54989 66876 
21242 2875 
17165 35767 
87622 58548 
84422 76152 
5719 98351 
33179 68644 
74016 48259 
4205 19740 
6228 16812 
49864 36469 
4256 94951 
22208 64702 
57987 77140 
74313 12442 
45533 78281 
56713 24086 
43571 54628 
78403 19360 
21583 23729 
67590 61547 
86090 18356 
11224 73611 
61386 2449 
74308 77942 
41799 23309 
103 95729 
27183 73563 
70529 5312 
58135 88888 
62463 25398 
297 13039 
70052 58634 
88213 20427 
75801 3796 
28294 98277 
43888 20729 
77782 55393 
78036 11170 
61997 42564 
33205 60727 
65669 40880 
95507 72532 
35861 98524 
47936 11468 
63718 74048 
20873 69369 
70233 74711 
85795 56237 
7242 62154 
88194 20249 
99000 34483 
31482 226 
92012 83807 
17444 18231 
51164 71299 
20829 27101 
38780 58090 
25734 37949 
39830 79576 
79663 66083 
51372 53190 
27508 50273 
37149 65251 
72146 19917 
59355 91177 
70969 7443 
38711 65191 
18362 29128 
61289 30574 
