70233 94731 
23934 91398 
80594 20951 
98026 80841 
59599 9067 
26955 55625 
45229 64923 
83024 63839 
36282 7914 
37136 1616 
1740 78563 
67049 94003 
99536 48649 
79260 73361 
42482 65106 
3758 72504 
24146 94130 
72576 24073 
70741 70352 
72825 85093 
16410 97403 
72851 86245 
8768 90843 
56122 39029 
39168 2188 
61694 20870 
57870 13625 
22311 98113 
78144 47028 
11667 39947 
95319 88010 
60856 22469 
46867 86000 
80702 21439 
17856 54713 
31471 44698 
52443 63880 
14332 60796 
66545 82756 
20017 39067 
69438 8636 
59257 28208 
92746 89537 
16866 65353 
94131 29165 
16765 25709 
49973 44447 
58753 93998 
76417 31142 
89514 63286 
21404 81431 
118 44204 
51618 88888 
192 98130 
17807 70876 
4969 91621 
19465 36132 
85584 6160 
5650 26230 
75273 27257 
42519 63576 
94540 79985 
50150 45731 
56887 74255 
61305 36135 
43376 72409 
83046 14634 
89056 94183 
48405 67761 
7222 29656 
29845 18342 
88487 39467 
48797 16721 
50824 83432 
56313 41820 
84010 33615 
78696 89236 
27321 95969 
18975 55681 
42852 85874 
80153 64375 
98516 77198 
29396 14340 
54532 71954 
53700 78066 
55152 18192 
66994 16632 
63393 37464 
16289 29155 
40705 10003 
169 4267 
65793 5702 
56789 95372 
7223 42060 
498 98532 
12966 96432 
86327 72104 
56712 99246 
59775 617 
85560 87302 
5711 71881 
46589 1806 
44643 5967 
30888 74527 
37226 47431 
62726 57225 
48611 8035 
78891 14496 
93051 26238 
88586 18212 
26195 91845 
77832 52923 
77566 69455 
23983 65939 
18959 42742 
15741 73203 
45828 93086 
31966 62671 
8231 20725 
18622 20597 
65459 14322 
17350 42918 
54243 75754 
41442 83902 
54234 10911 
65417 37275 
6471 4418 
92912 41230 
90613 6477 
94284 48057 
94941 73362 
60081 1547 
19509 19649 
99475 20905 
37258 59851 
23758 98616 
528 39913 
94195 81472 
21132 84880 
80771 18976 
70969 18068 
73830 31350 
47170 39196 
14086 70596 
20839 84176 
58192 22371 
41681 27655 
76804 23859 
2156 30905 
90015 53427 
74284 82267 
81039 81499 
19794 25141 
93223 58939 
40068 19352 
7705 59144 
76148 35775 
19492 83132 
91071 41180 
78225 83101 
66876 90550 
36603 59240 
26858 7490 
54170 37025 
49993 99846 
37128 37796 
78936 27281 
55852 14106 
35566 10322 
70935 33135 
48810 46258 
15892 56428 
68298 76273 
30059 82260 
84399 30337 
8753 88130 
245 61620 
39421 35211 
4626 70585 
22290 74009 
75947 10406 
31945 21066 
6911 59996 
62300 60215 
77233 48692 
11561 58735 
17346 17488 
6112 78669 
99965 5758 
32620 6664 
68323 59511 
46214 21848 
59982 67471 
49248 70613 
13372 44670 
89945 19582 
50525 99743 
13126 13630 
13979 41727 
6261 74497 
98390 4943 
23248 37373 
58146 96400 
35600 37746 
91089 99173 
56140 28910 
95464 97336 
3840 31671 
72273 23283 
30077 92157 
98460 66645 
6401 51040 
27695 25528 
81798 8067 
84986 25401 
53462 99485 
8967 78752 
59258 92737 
61412 9478 
92356 42803 
67383 19988 
58898 47554 
71397 36139 
48118 85743 
95076 25366 
60983 20535 
59995 46743 
48224 3928 
95763 58228 
41503 22993 
87862 75975 
22539 87546 
32359 53323 
64154 70670 
55336 22992 
94468 78468 
23717 24987 
80930 43482 
21157 24858 
4351 7403 
87756 12200 
94817 83014 
25571 57685 
31101 62763 
53253 98392 
63132 71905 
52620 15844 
3108 47861 
87556 68917 
44994 64265 
91355 44657 
14423 8078 
12489 94055 
21470 61264 
80738 26947 
87232 34659 
5709 50463 
41892 51036 
48025 48846 
46649 76759 
9785 18934 
74872 57030 
75366 95249 
98829 18388 
96270 21390 
67520 63962 
54397 50296 
28426 1902 
57011 84959 
41392 15498 
13603 3287 
56406 4666 
19993 46071 
78679 2816 
28197 85412 
24239 544 
11956 32422 
77147 88174 
47295 87690 
95473 62841 
15062 85727 
77354 32648 
98145 35497 
90715 90360 
89883 13137 
90653 22159 
52184 20098 
97036 63191 
61959 80214 
81495 10937 
62674 12540 
17807 59887 
94216 83359 
82554 26568 
8700 10334 
53987 92660 
92478 64579 
46185 5755 
5286 92278 
32879 42251 
16375 56480 
60731 54946 
64388 81848 
25372 99091 
92876 70386 
85199 54952 
16553 44520 
17674 42420 
54747 65472 
80812 53716 
27978 69427 
28564 13986 
51169 61796 
42960 16355 
72761 10740 
88175 67970 
2804 85120 
62067 26630 
45098 89164 
19315 3781 
98562 56425 
66878 58979 
21189 78933 
87359 13361 
56347 63995 
28697 65244 
5627 30703 
9706 99631 
95027 80961 
30082 45259 
22029 5734 
40839 47737 
89914 16214 
26510 95403 
32681 21740 
73985 55714 
9013 11547 
54543 54296 
96952 35811 
25398 56234 
52303 22952 
64989 89746 
3255 14795 
92292 86052 
41309 48931 
84591 96115 
34311 68516 
411 84813 
31255 93728 
34753 96223 
50488 46248 
82285 29845 
43032 78380 
60817 66944 
980 21802 
52162 38595 
37270 37449 
50407 32630 
97584 17643 
68644 95323 
77769 64363 
44366 95505 
10848 43411 
1045 83727 
56561 93225 
68780 97162 
73361 49251 
40473 32111 
77855 29998 
41628 30322 
99933 19323 
21666 2752 
23155 70951 
32557 44972 
59451 55907 
46593 82109 
44787 71260 
79309 18044 
58157 29471 
25826 53499 
60129 51647 
89302 80758 
19134 95108 
78721 58897 
43786 55961 
79901 22784 
67746 725 
58396 81490 
39991 97573 
35869 17356 
57814 37377 
92546 5638 
42495 57496 
87539 36475 
98281 7136 
56090 35860 
14199 22102 
38204 50356 
65140 8890 
16687 81515 
43819 73346 
94248 30239 
8384 67452 
19117 38792 
61820 69363 
76539 98726 
88757 56379 
99552 26671 
62907 78357 
16584 96771 
4046 89894 
45735 58474 
7332 53648 
65979 61460 
89712 84286 
44078 55672 
98272 62781 
72661 33744 
3597 14200 
79691 35562 
57566 8586 
2473 40234 
29489 14192 
80369 29480 
47052 5077 
9572 18226 
59312 939 
20545 13166 
7788 96080 
84179 78082 
38690 16512 
26220 55945 
14414 29486 
31201 22109 
85669 18080 
46898 20348 
66921 25012 
58225 64085 
17354 64451 
85531 68816 
67097 98368 
76421 18561 
44230 74837 
2498 59138 
51909 29713 
42848 54083 
16921 60227 
34619 35255 
81094 89302 
97691 29487 
35179 52774 
95246 45064 
1219 58199 
74940 57388 
53832 83563 
46412 41884 
33478 6959 
90033 64013 
45492 84178 
59087 51197 
57490 20169 
32968 39528 
4768 12438 
2535 9333 
88368 79730 
20409 97977 
3750 27698 
28793 5714 
69316 44777 
85297 90998 
33540 66113 
43293 85315 
27031 91131 
7483 44441 
91590 91244 
77637 92975 
62168 98161 
13897 12030 
99607 20411 
5539 66203 
72132 95964 
1776 65219 
61803 52163 
67959 8114 
28469 10739 
63446 63373 
98243 45276 
98432 97139 
56118 71251 
16211 73417 
13065 24665 
64619 15150 
86792 64278 
65816 33098 
82338 14584 
67089 644 
83748 51928 
57049 76992 
71314 24531 
61346 58612 
60216 88718 
89956 69410 
15851 38229 
94126 83756 
38758 1307 
5215 13326 
27765 81077 
69969 78675 
23808 18771 
67164 29484 
8886 66473 
89089 73671 
84674 66308 
98014 24814 
83566 46382 
22551 79817 
71255 60278 
41749 94304 
84427 16557 
15778 31912 
9755 67446 
61240 25467 
51096 51789 
36401 2991 
50634 16338 
97083 99534 
26702 71585 
7460 97003 
66091 73593 
41674 8535 
61901 61666 
91985 51314 
19320 23198 
7046 32388 
61190 1666 
19968 5668 
52826 11504 
89972 45143 
31276 74436 
73726 19261 
68041 45909 
62859 44530 
16272 57328 
72702 42538 
93535 60103 
43944 23939 
29478 20869 
23690 75392 
64063 83754 
25309 30981 
16517 85193 
27512 68376 
57731 79545 
62227 81767 
9591 9644 
58168 48581 
63531 35431 
52364 25044 
57617 15921 
55468 76822 
76523 25030 
58340 75341 
42022 70172 
97150 67766 
42932 74011 
52179 59243 
12950 74415 
41533 29648 
2404 95396 
85143 43953 
5647 42688 
56681 5213 
99716 81653 
11494 42281 
21799 62301 
77119 20529 
63186 66469 
19671 13182 
85585 65608 
54116 73298 
72048 94098 
49419 2012 
9198 62660 
90530 17332 
60076 59181 
98372 89620 
27626 10152 
76262 24801 
27699 4912 
46615 44427 
87426 17039 
65303 32923 
59891 92456 
52730 96628 
99291 12228 
60414 6720 
72088 79505 
99857 78660 
89141 24717 
96438 74483 
31411 70857 
95273 1084 
7536 51590 
38273 17595 
25450 28916 
52001 58001 
82152 14245 
34512 21342 
75877 57002 
5986 81169 
23097 28255 
92767 18356 
19159 93358 
47326 86937 
15834 37246 
67697 81335 
1629 78747 
69099 85156 
61470 86187 
77752 46676 
61184 85533 
62279 44197 
49183 34482 
91652 75662 
92880 21129 
10277 31217 
70543 34249 
50610 84848 
20682 43710 
61605 71819 
10511 24188 
17321 2276 
22638 53079 
84193 98246 
74856 14417 
67733 31176 
81744 44572 
29866 80234 
38782 62672 
66610 27775 
59763 38902 
62498 57699 
26510 67263 
92904 24876 
16267 25824 
28359 19358 
56590 27176 
5962 57819 
20164 84518 
72176 96451 
12712 44704 
68561 74501 
25978 68572 
27413 65706 
24773 71010 
67818 36058 
12145 68470 
34294 80662 
69967 20008 
99957 39878 
3593 89460 
64085 75523 
28675 945 
9975 21575 
25877 7701 
53141 10663 
54901 45082 
2208 17557 
63117 92582 
75245 53925 
46042 26873 
62823 94847 
17028 8094 
5754 16863 
21733 5009 
60235 79780 
89288 31155 
56050 90058 
46561 33740 
14488 42224 
34520 49776 
81842 46658 
56384 19858 
51591 16967 
56154 28953 
93806 8273 
73043 25729 
83850 68913 
42430 57189 
24096 92372 
17225 43765 
82184 33712 
64805 11517 
27232 85319 
54238 92729 
31466 90491 
86040 3932 
18888 10198 
32472 11267 
84887 48299 
50225 97118 
81096 83547 
99302 49049 
58370 52926 
52011 2355 
87366 80167 
4213 80913 
31041 45732 
7306 97501 
26262 50131 
23894 94413 
42777 31116 
72716 27937 
26933 57127 
69084 26136 
4848 34284 
85985 78378 
15113 32307 
57922 47213 
64666 55940 
24700 28413 
53124 62736 
65578 23386 
90654 55552 
5535 29700 
42369 58627 
84921 33 
68261 19829 
71288 67675 
91866 68472 
57999 87542 
23123 98042 
37989 95688 
81298 36225 
63083 47428 
12400 10852 
99330 54440 
72136 19666 
67058 4572 
50299 64257 
10703 14629 
45316 14103 
77915 35984 
58794 25318 
86 5676 
69005 50536 
57108 11475 
59566 41305 
78069 18442 
24973 62431 
76550 86630 
48178 8888 
44260 94805 
47070 40250 
30012 73476 
16492 25028 
12360 42008 
50342 17862 
33685 39224 
14354 76209 
1158 34657 
54287 59997 
75670 8495 
66562 47636 
63716 92260 
28783 44862 
99174 69399 
86119 59063 
52008 45204 
16182 61078 
29165 8877 
49810 58868 
39279 27050 
8108 63061 
77252 27681 
27091 33031 
47399 56051 
80460 54008 
84567 10393 
78334 10656 
51457 93769 
15137 90609 
87400 50867 
63419 72666 
58880 93694 
62008 28639 
15366 58495 
26705 95320 
85336 77744 
19635 53561 
56856 95670 
49389 85194 
74682 3547 
38274 65293 
51554 21853 
85266 87263 
35232 10391 
73652 11265 
94764 44630 
20917 72721 
89597 56730 
45058 86916 
63341 3143 
26322 38193 
60382 87141 
76245 47774 
97960 34294 
86935 72960 
38984 91625 
22672 2244 
1517 97110 
33218 75856 
9776 45128 
13593 79271 
38405 55655 
8664 28469 
26925 40198 
62508 89986 
44449 45891 
42313 56283 
66129 50641 
24503 27508 
82252 76863 
16784 34413 
98517 89087 
3983 74021 
1725 41610 
47839 19559 
58996 46347 
41311 9266 
90562 38195 
16488 14834 
6304 25453 
31887 39613 
24433 26229 
19656 99098 
97026 8274 
56161 91820 
51650 69299 
30429 77438 
20855 17598 
24110 40644 
72083 38674 
83889 34443 
69354 62564 
62690 64434 
95082 78694 
29560 96901 
35477 80350 
99771 47853 
86174 59221 
16469 37576 
66138 11988 
23093 75858 
37305 65547 
1861 76688 
15067 75214 
17727 88100 
20389 1152 
99551 62747 
68237 22231 
10585 87851 
8923 3701 
8960 39385 
39116 95284 
75478 24643 
77448 99670 
90829 29813 
56024 17935 
77245 94713 
13608 47986 
80641 95556 
88840 84925 
58464 28431 
2584 48088 
55747 51102 
87345 38519 
97264 58834 
68657 12778 
97245 41104 
28457 44221 
89751 90407 
83676 31275 
12587 11782 
94618 3753 
35569 12262 
77189 72839 
9964 33154 
30611 68184 
30104 24838 
8009 6378 
40461 53754 
51067 39106 
91850 74285 
81976 36412 
49016 94453 
95924 70736 
78457 13649 
25682 80795 
184 13056 
56107 10854 
69969 35022 
50924 40584 
69725 96280 
16698 43447 
22770 41778 
69656 37431 
18045 60785 
89857 20959 
22763 55043 
44191 18921 
86480 69877 
34758 99047 
91276 73549 
82442 57205 
82466 97534 
86808 11709 
22239 30992 
12941 91360 
44589 96392 
43426 49702 
54120 20056 
99426 88830 
3546 51340 
78617 30123 
5158 77231 
79744 26370 
80023 25342 
83648 70050 
25390 47566 
38842 15858 
85506 29158 
56052 2129 
44007 73503 
50617 25382 
17052 71583 
84254 95010 
15535 76932 
48379 70989 
62015 71842 
72 66501 
93370 28602 
8703 79478 
53769 40807 
96359 2353 
84178 24032 
58431 47646 
44414 62642 
32055 18558 
61677 10067 
39590 48351 
85509 33548 
71910 30039 
43314 31211 
91990 58816 
32826 39223 
33153 13643 
58356 89886 
38274 11528 
16153 77701 
36363 78316 
60906 39750 
81174 93158 
40158 59190 
82805 80350 
66367 56220 
47758 41860 
7326 39564 
5514 46596 
14863 53342 
40403 18372 
78993 69140 
66374 93531 
90132 41140 
79297 51277 
15484 63390 
96462 55080 
47416 42592 
46206 81842 
61376 27219 
1936 57060 
28852 14377 
64282 58808 
66897 89458 
82712 1165 
69885 40520 
73682 58533 
61485 29203 
36208 46363 
25218 93094 
87758 30868 
20512 655 
43424 604 
67824 79097 
39586 96166 
91197 88085 
59609 60724 
39509 17671 
53595 43809 
68718 47580 
56799 63442 
56576 16779 
2069 7647 
38543 17192 
90472 35339 
99080 43500 
31287 18737 
25994 2159 
87607 54705 
37202 7069 
67051 60774 
19055 66802 
78390 63151 
73250 98808 
34401 78600 
55450 89776 
18853 89869 
2812 58091 
51237 15196 
89998 64286 
76702 76443 
23568 58480 
80662 77528 
83261 49924 
77590 15085 
45279 33174 
51772 56651 
77504 7766 
34127 38201 
79474 83911 
83681 52456 
50986 75364 
4863 22171 
12345 42463 
72540 78457 
66584 63281 
55530 93234 
89359 78869 
26318 46998 
55784 79804 
19802 48372 
65124 75536 
57103 60280 
4039 15478 
81834 29074 
97000 11369 
65697 57596 
28517 44099 
27854 10887 
85987 25039 
78273 94160 
64258 21813 
39069 96627 
93400 51569 
19846 51930 
99743 90954 
23150 26154 
86844 51339 
34339 7804 
27907 20268 
6565 40597 
94011 75682 
85995 9594 
3600 38155 
35021 63911 
67811 38191 
1920 35149 
23513 40584 
54285 89678 
91348 85894 
40499 35042 
69587 80305 
68648 86014 
76272 89420 
95470 84185 
81928 69013 
99296 56503 
32998 96313 
70411 92791 
52223 49089 
89856 20024 
16333 16621 
83413 52045 
53697 16580 
31382 97371 
75011 34917 
86695 14899 
48608 2037 
4047 17562 
58659 67870 
10932 37364 
39307 40865 
57801 81723 
60696 11532 
69072 30702 
53871 89820 
79275 47427 
710 47457 
79383 99900 
82330 71298 
17177 21402 
74790 1816 
92520 68821 
4503 52050 
63462 73477 
27364 76629 
32363 17422 
75455 87971 
12535 9665 
23033 97265 
85401 81430 
59593 91599 
45751 67281 
21930 45352 
98413 89863 
29416 3965 
13480 19967 
87121 71228 
69236 40794 
69940 77438 
12004 5534 
77550 5087 
40358 40740 
54802 1195 
77509 14505 
5062 10944 
30121 58072 
85069 25982 
44438 2239 
59001 52581 
61295 65838 
6765 69765 
40472 12540 
26914 65590 
71781 74381 
48127 10961 
15404 25647 
64871 54677 
17218 79159 
42614 844 
26169 68468 
95912 60349 
262 74133 
28677 51801 
25303 49980 
40144 64137 
86282 6142 
42305 83056 
25087 9668 
4997 26489 
90272 70631 
43377 30519 
34648 91898 
89163 76478 
44711 74140 
41812 52385 
92280 84114 
78722 97461 
83157 13934 
14556 87140 
40257 81749 
38986 77831 
99342 50170 
29401 45597 
14388 67748 
30558 21010 
66515 70988 
16674 43623 
45600 19576 
3139 33808 
26819 75924 
54785 7174 
95798 81624 
45586 37306 
85456 28021 
60677 6306 
75276 65888 
95749 69390 
69413 50050 
1172 99770 
13945 68815 
38583 73085 
35502 65205 
66240 96867 
83635 17208 
46078 89826 
37497 7693 
70207 68175 
93753 81085 
37494 1807 
87122 53580 
71905 61800 
7540 16372 
63441 92552 
68654 47307 
29802 6801 
51218 25329 
42300 19837 
91918 24250 
33102 10405 
13268 47601 
2517 20124 
93426 54729 
74855 80681 
56128 19776 
9273 88627 
20438 59840 
58069 31294 
87555 66344 
79051 4165 
57703 74521 
50864 49983 
63932 9958 
10620 92930 
81645 58219 
31657 37416 
22779 13871 
85943 50330 
51762 78575 
90425 48042 
66737 94449 
19527 65018 
74011 18490 
77028 89597 
46284 66651 
59736 14285 
95928 81988 
12631 62902 
13458 10363 
70578 24919 
18265 99245 
5240 48586 
43845 70479 
47483 18704 
32897 56196 
35349 72383 
49101 28620 
45582 86672 
21775 99086 
2733 5634 
27275 9379 
24016 61275 
76682 89380 
50396 82654 
23191 8983 
34775 80593 
24567 9409 
6689 41573 
96168 59269 
9596 63733 
68210 44136 
11607 20328 
17334 64851 
23424 41562 
76996 89459 
18299 64417 
43792 76389 
37962 11899 
87556 62406 
85785 28072 
41929 87825 
53818 13324 
99045 13646 
3911 75483 
57107 70501 
24765 36735 
72819 67682 
16550 13725 
52014 82035 
12643 18798 
71275 41129 
34070 14016 
60942 12849 
86392 86422 
95634 14469 
51075 2947 
32253 58240 
93762 46416 
7408 57663 
10451 30342 
56300 28887 
59188 39448 
43336 35021 
79712 45365 
1068 37682 
86371 2466 
58553 39715 
30682 37530 
2806 25773 
69058 8710 
57748 33332 
38511 24251 
83905 15717 
38554 79454 
99079 90843 
41056 91570 
95299 4626 
1469 86635 
80624 76403 
24628 19705 
5648 35203 
46227 90484 
44114 342 
27134 50066 
84564 7553 
21838 81320 
55726 32770 
74622 75360 
52166 19662 
17470 19648 
48702 74156 
92242 59451 
92198 49438 
96311 93679 
37546 8298 
55649 18595 
51009 16197 
62256 38441 
38587 88054 
73852 20706 
69628 84497 
62931 85609 
56656 29239 
19537 84275 
21236 98187 
57560 38182 
22646 13071 
47862 83608 
51259 57600 
3204 89178 
91722 22559 
69761 91996 
42390 77736 
37872 28454 
36955 63221 
70756 19481 
51769 90361 
64044 6819 
98131 43529 
91301 26848 
92613 77894 
61088 51563 
70506 15465 
9668 22475 
57543 51984 
80120 52547 
43282 581 
93398 73702 
5894 14647 
99799 63007 
22554 51955 
10325 89346 
62246 64887 
46586 84187 
98505 27430 
15193 55000 
98471 38660 
7972 27967 
41611 74534 
52884 27769 
96540 95085 
92204 76616 
37621 52462 
44262 22069 
14363 86801 
13012 83805 
96079 41513 
45665 43149 
1935 77338 
2858 86031 
92151 15387 
98041 49948 
40042 93419 
83227 18588 
26524 76702 
6766 53963 
98794 25065 
45462 55221 
13152 81159 
18138 85731 
38258 11396 
20676 15618 
29589 713 
83576 85605 
98459 75030 
42248 9859 
89709 1162 
27539 426 
50990 92955 
29408 13984 
23549 34531 
60173 92759 
9536 16782 
45457 95810 
74057 71656 
707 94326 
21543 80245 
9095 35129 
45507 25341 
2617 60272 
88313 56871 
62415 7456 
63346 39496 
96564 5905 
85792 55680 
24049 25428 
30232 44632 
92131 32560 
83313 67825 
80997 57034 
88047 5115 
4369 74217 
82556 2055 
97643 64785 
20630 8561 
96172 21518 
24000 71893 
45488 34989 
57003 72768 
52489 4822 
33120 22420 
82104 91250 
59867 70577 
27399 42945 
3613 9554 
32828 11349 
9112 98045 
30054 89217 
39894 69720 
53714 91641 
15125 36326 
40519 31497 
6152 42791 
79253 28104 
21656 82653 
71506 27795 
54214 36204 
83389 8191 
83000 50805 
17038 84138 
27495 43131 
7325 32613 
25274 66456 
54040 6308 
63287 52599 
32659 11207 
26542 7791 
87892 82121 
40664 14453 
3348 2018 
75565 66786 
57935 75853 
46267 47047 
25027 87745 
93933 31535 
43975 41481 
55223 557 
95184 8680 
31344 15020 
39771 86368 
49483 13808 
42729 96299 
68809 80717 
84552 42035 
20823 27501 
80450 76624 
89529 40419 
68546 23652 
30798 41733 
98882 37511 
2224 24675 
53570 84911 
24888 30705 
55112 79004 
26675 51235 
74672 99891 
23120 52498 
35016 90887 
76244 41887 
13851 28584 
34434 16820 
92467 26583 
97142 63083 
61872 47704 
67037 98604 
94008 67539 
49197 90733 
9184 53428 
32040 10358 
22519 97230 
37913 24579 
31964 67708 
62611 71146 
18394 28937 
32552 2512 
64300 4790 
95949 35098 
61736 56426 
30043 90246 
72529 79593 
90299 67343 
24085 21676 
49443 46728 
72743 64571 
74317 80244 
43211 18796 
66755 90677 
57482 26715 
51020 67837 
99462 78265 
24834 18644 
22631 1326 
3599 1360 
97204 648 
78174 49977 
10526 84204 
75364 73758 
79865 33918 
57322 99097 
10305 48886 
21076 6067 
32079 13530 
62701 456 
81494 20589 
51940 53551 
47481 9381 
22586 36583 
91870 63483 
21522 74501 
65629 48807 
75030 44602 
85590 62940 
24859 49571 
6608 9752 
58470 1607 
22628 9404 
8016 64547 
56793 3246 
20807 14306 
55512 15519 
10372 94446 
84321 89338 
81710 63293 
34398 23149 
86889 51825 
87764 95624 
7919 77366 
56475 81951 
82633 87199 
6527 32509 
86302 38268 
734 6112 
56813 54453 
46489 24344 
4441 41243 
14112 40918 
78609 79144 
99401 581 
73510 61805 
40022 95776 
42036 92574 
59554 16077 
53208 4095 
5282 25350 
72136 19541 
66230 94707 
63514 31237 
6478 65423 
19746 32640 
25466 15405 
93035 3067 
61750 55155 
67107 11019 
89628 84789 
38701 71631 
19035 2358 
91591 66472 
98323 65499 
36581 9852 
36775 73441 
59803 24765 
9159 54402 
68591 73734 
78113 14652 
49325 75080 
71873 29791 
54841 23519 
84577 36273 
20369 25478 
24338 11732 
66411 54176 
20290 16398 
84605 27252 
13968 4680 
18295 10601 
2698 5936 
43426 56089 
73033 16535 
27305 87948 
60855 41486 
92922 62902 
1404 73242 
44683 42450 
87257 97714 
17823 32247 
35243 73108 
98186 63141 
74260 35886 
21678 11194 
5152 49960 
3430 79864 
51089 30185 
65537 96569 
12288 39278 
29227 7950 
62453 78459 
12400 93423 
75985 66471 
26710 54971 
54782 29038 
99702 82658 
31366 1401 
56994 39944 
61109 80269 
87093 60664 
80489 48326 
77145 385 
599 34393 
51788 38884 
25521 65385 
69222 87602 
33751 12423 
28740 16187 
37470 32767 
22154 75621 
39291 61650 
17918 61934 
38986 13720 
1226 34119 
3756 12422 
5937 72641 
4744 77516 
64932 40785 
39806 65844 
74325 90121 
7928 78534 
13959 33467 
74259 19023 
91671 93997 
66330 10588 
82079 27521 
71882 59520 
11947 6471 
66578 80652 
3703 48734 
85941 85626 
26238 72261 
70018 71110 
17867 57228 
51534 34124 
40171 1560 
28749 84681 
93412 62719 
62715 22166 
74300 88951 
65343 91161 
85140 56540 
99432 34906 
9706 46129 
94754 20107 
55681 10798 
95293 15533 
26088 11345 
91939 68629 
22868 20076 
62169 39344 
4605 23458 
33705 18405 
17367 86054 
12655 78496 
92738 73480 
68289 81079 
60331 70451 
46415 89078 
53428 71510 
91207 16169 
95849 66671 
91397 77147 
45775 91939 
30861 90637 
37948 65553 
15972 25363 
9539 84835 
72444 74254 
16923 15599 
52978 86866 
50732 66379 
73640 89897 
34746 3091 
1710 78038 
50548 26248 
50650 62938 
64341 2475 
98856 26790 
44911 14846 
38047 38834 
52467 72402 
74400 58009 
46896 98261 
50979 63094 
10994 97823 
33511 22811 
9291 93843 
3249 42735 
6324 3526 
30430 3246 
49575 24294 
59758 33382 
81732 89504 
25364 49079 
84563 53165 
26863 21153 
72386 63548 
40420 28303 
46992 89639 
9133 93457 
97821 71448 
55579 98023 
81319 75504 
86044 17867 
41613 50205 
10725 27341 
40975 92199 
87109 73186 
53048 54634 
4766 28894 
34376 50820 
68972 1863 
30524 32756 
7826 80681 
91914 52989 
22975 77890 
71465 50356 
27566 44817 
51239 35467 
66720 9328 
98515 90123 
95611 14862 
83050 36401 
98126 19595 
96767 75734 
65129 48357 
4708 46101 
15522 76663 
21807 96292 
35554 66218 
53897 30237 
32267 64300 
63321 31504 
45487 25610 
19625 38340 
39427 14505 
74045 2983 
99776 97973 
52814 35508 
95019 45264 
98824 2073 
21807 8800 
3758 20197 
43341 72777 
63527 69584 
47001 20848 
58705 15996 
92902 92302 
8614 27829 
98551 67393 
72831 50275 
6466 46738 
77085 90352 
11403 67185 
21874 57586 
81724 27105 
91612 99734 
95507 77737 
19691 70730 
26124 74059 
80594 68880 
54340 68589 
74008 87356 
54347 74569 
37909 26163 
99729 21200 
77618 24999 
61976 72915 
26134 89825 
28983 87080 
57310 2443 
53849 40138 
57991 22024 
55354 60841 
27772 10293 
30628 71084 
15786 37911 
7834 49767 
22764 58663 
62082 3175 
93610 70138 
41319 46583 
786 14853 
628 76072 
72066 14184 
23134 37031 
47550 68911 
13610 76333 
60288 4881 
86961 98912 
22491 89981 
37861 36247 
65009 99548 
70159 74232 
21593 61310 
85046 80951 
71467 68100 
75514 21085 
53797 6823 
51317 42991 
45883 15554 
23415 76924 
53254 47139 
9776 88462 
94301 87287 
85492 89855 
74694 47930 
89275 23865 
37550 32464 
15713 99590 
44163 48518 
68073 77822 
87081 26020 
19967 74713 
62412 83578 
35851 76795 
31466 74572 
30143 37887 
83189 35868 
2608 58945 
68307 56676 
73731 35646 
13710 82852 
57958 95269 
41325 72797 
54936 34417 
9560 25123 
9338 12163 
67402 5399 
88357 49408 
61313 9504 
52643 34549 
63333 14538 
51212 38003 
95109 84724 
53803 93697 
7059 19346 
45146 14310 
34482 52566 
44822 68904 
93139 40802 
83628 66488 
95676 2362 
62795 57143 
67239 6184 
45960 83521 
13735 41739 
85404 89853 
49391 40582 
63905 23043 
21635 61501 
41433 40978 
80797 95868 
31957 76891 
29697 97538 
99800 95427 
53940 92520 
57260 15997 
77580 77656 
65620 72074 
10762 74674 
90207 21283 
56097 66210 
36833 20445 
18688 3819 
1714 32180 
21132 44444 
99890 35238 
59247 41499 
98203 69426 
46909 89414 
68030 57806 
89068 96432 
90298 13779 
90902 39396 
90653 58757 
58006 36432 
56259 47280 
67626 58666 
87310 20796 
94172 90512 
66154 88716 
53589 39537 
84823 65966 
90628 91585 
57805 79918 
70676 4554 
61055 96414 
53514 35125 
80513 4534 
20212 96730 
23839 42830 
96373 54195 
47567 45924 
64987 70714 
78584 39707 
90439 36233 
63580 15805 
81498 22787 
63080 71538 
5651 31981 
17638 10305 
29682 22571 
53006 59128 
2169 31944 
58299 75049 
12395 34345 
66666 80119 
57138 10784 
91444 85924 
21917 40853 
22468 42906 
36490 65021 
67007 77173 
95734 7507 
27653 58065 
46531 94453 
45593 73439 
28869 49861 
1799 76430 
25083 2662 
60991 7420 
15032 92253 
63614 87980 
56953 17014 
19624 29765 
13848 30512 
34531 651 
23488 53542 
2920 42842 
66431 36607 
37617 43237 
20984 77092 
63642 15051 
6567 68143 
95325 61500 
7716 32130 
32181 57278 
39781 70580 
54588 1652 
64349 44605 
73838 68172 
87538 85083 
92782 321 
77503 20252 
63096 79856 
18863 99873 
83070 25176 
81233 89723 
65911 60732 
16621 7990 
22641 35317 
16193 75945 
46033 57007 
50752 59345 
52366 55600 
91243 84091 
36371 79590 
55701 19955 
21373 84017 
57275 39554 
41415 67996 
34322 76253 
75078 76279 
28012 24317 
61740 87898 
35519 47367 
70162 76753 
7555 87108 
56602 43968 
77889 93249 
45035 89867 
9439 27730 
85635 14653 
16633 31552 
99281 11158 
76965 80958 
95682 40510 
75999 1148 
60612 62071 
39572 50398 
43753 22767 
94525 35167 
42851 97675 
65018 67681 
72145 13726 
55349 31460 
23438 81420 
92133 77415 
76733 5656 
98845 33368 
94002 46083 
53905 73246 
34442 49832 
39859 58690 
62495 85047 
25681 35455 
80922 62333 
36802 39741 
10411 43040 
58224 45452 
54445 98264 
84877 62397 
33610 493 
80416 77585 
47024 1031 
30688 16999 
20245 70642 
81358 93627 
28792 58305 
30524 99030 
44336 53521 
6629 90353 
36637 21332 
99548 22440 
78479 15993 
28492 75592 
43122 69217 
24189 33516 
54223 91945 
74781 73133 
46692 24817 
34985 38181 
23621 21799 
26267 81897 
49203 53905 
62150 80624 
479 75478 
17236 39742 
11768 4223 
21117 36144 
84813 27966 
99078 67315 
4950 66082 
349 6093 
99026 81597 
51623 92319 
94311 61132 
48658 27823 
89334 54227 
52012 79605 
27333 90962 
84303 37519 
70940 77416 
35850 17468 
12733 2155 
73154 48802 
20486 73772 
10425 35540 
8176 49453 
48151 35014 
44287 7586 
4745 54674 
57411 63650 
67355 28047 
75874 27906 
66163 94205 
42846 55883 
32846 71632 
81348 48197 
38354 86979 
44567 14941 
17723 91963 
76077 31709 
80418 77551 
21834 79232 
73491 73555 
81234 76710 
11862 3921 
58047 90067 
15086 53216 
73708 20722 
93233 88223 
35225 57878 
5809 70045 
7891 7893 
77170 86743 
28986 98031 
89433 34316 
12864 88649 
89637 74654 
40062 17863 
41754 3169 
93497 45778 
26103 65872 
3362 61580 
38844 75974 
88970 66064 
72433 93415 
40592 44675 
64272 47280 
67250 1635 
85263 652 
47451 34486 
2568 80219 
59012 90146 
91613 18843 
31418 58544 
91188 88273 
59547 27955 
92518 31351 
41155 47355 
28237 38281 
52156 15420 
80426 49925 
53522 43251 
58245 12594 
31549 18460 
5142 53433 
9240 31947 
83220 93241 
30766 15524 
48079 64454 
13198 78458 
71282 56030 
80142 24112 
89580 64094 
40447 74005 
60119 87446 
51809 25977 
79080 70446 
13861 25550 
77545 62254 
68288 35158 
42868 31061 
44510 44612 
26410 44691 
78645 77980 
89225 4828 
50752 16992 
6149 1138 
30763 79171 
95688 33664 
97049 60055 
68216 37163 
93218 73217 
88222 29384 
18539 99206 
27675 96831 
5291 85121 
47057 26165 
22366 20206 
78225 87157 
58628 49682 
98955 73974 
81797 78959 
82904 15609 
39061 63454 
80672 73361 
64126 75421 
37754 53548 
82103 88516 
83393 77013 
58391 23268 
30703 63480 
20644 52190 
12881 8443 
93926 71954 
42941 53040 
28351 11863 
25135 73222 
65739 62822 
65040 43563 
87293 79033 
22300 63132 
7764 25882 
25092 66170 
33311 21740 
18600 78638 
79973 48918 
51143 23227 
57637 89503 
11074 20068 
60387 75553 
15157 78088 
68293 29922 
14853 22891 
57986 13916 
30807 61004 
39767 91074 
47774 37479 
87539 62548 
2350 4092 
4505 28845 
74074 78753 
72374 85200 
46831 43254 
64707 63341 
41937 96100 
66093 91149 
36917 49935 
27973 53521 
74668 38943 
9263 2671 
36597 80611 
95283 84187 
243 18372 
62079 16338 
27032 56900 
54855 84472 
29017 90205 
79035 89738 
44803 14183 
60377 21978 
14340 9895 
16600 10301 
79846 81631 
97138 41680 
55867 34647 
89933 27837 
5316 81522 
64573 43770 
30301 73157 
19635 57451 
36664 60742 
28733 19548 
59362 8350 
34568 84460 
42180 92362 
23197 89527 
49727 43518 
21743 27964 
52275 10180 
1954 12879 
64717 47238 
39309 44701 
39764 64118 
72743 62363 
12491 97469 
33644 79836 
68415 9363 
64398 83878 
60526 50216 
26568 96319 
32040 67152 
6690 84789 
11119 83150 
63702 39452 
31372 20076 
26199 20153 
97720 89576 
39973 18314 
61017 29809 
86715 70990 
86814 23139 
43295 10670 
3732 90139 
27693 33749 
95159 18661 
82433 23020 
54301 53209 
79288 65100 
57119 39500 
90070 62420 
20268 91836 
57455 51188 
1868 26807 
17092 1714 
71805 85818 
67667 95510 
25226 51104 
59100 44824 
37965 45112 
70737 44526 
65907 91536 
81177 23738 
71598 7771 
89276 95177 
20916 93212 
31918 83827 
30189 75536 
58296 53425 
59893 78025 
62733 39145 
44889 74970 
48477 37962 
23147 9322 
93455 4343 
74996 57026 
15610 48245 
13155 35840 
90250 34844 
70162 72943 
54734 40970 
14285 65282 
46859 31917 
87582 89346 
62484 84148 
526 42929 
85181 94283 
36441 30471 
36162 82916 
15964 35675 
16210 22911 
46871 60362 
63050 96217 
37789 46887 
27351 10626 
85701 42980 
78476 88503 
56599 12461 
87121 73187 
66247 43067 
96156 85591 
33748 53485 
83255 3459 
24422 55697 
39320 28816 
20532 85887 
35234 55330 
58426 77373 
26143 46621 
48949 12462 
47247 89010 
54277 56576 
87994 87730 
28823 47668 
92605 34361 
44464 86663 
24019 85032 
11042 50586 
45623 53878 
71965 28982 
20571 44334 
1681 66426 
1981 11989 
56916 79118 
89014 77106 
36778 1979 
53589 82287 
88185 14148 
399 21374 
52528 85400 
8961 49361 
87122 83798 
20539 19887 
10652 85711 
75122 86846 
15747 33395 
74001 49710 
63719 92420 
42058 18339 
26646 71500 
90520 22385 
70182 80649 
35726 92832 
76831 20117 
12360 98783 
93886 12145 
30644 31284 
52847 10371 
66135 87813 
47832 47587 
38070 25987 
79374 11533 
27599 23107 
66936 70567 
10789 99363 
8598 6298 
32937 36832 
19578 48631 
30525 53828 
12614 50200 
15048 74770 
92680 81786 
68989 69369 
26135 78052 
68366 21805 
10104 13849 
38585 30474 
11757 45302 
70703 31953 
69108 7041 
73784 89052 
45060 17205 
15656 82083 
4653 5197 
9184 94989 
41802 43690 
34077 93466 
16304 36016 
45272 50974 
74475 82814 
8127 90291 
17508 27698 
17901 73242 
50491 60703 
6438 89294 
92000 40405 
12504 64873 
49258 80861 
93874 39635 
67116 37894 
89053 33281 
40413 20742 
94443 57165 
38770 49747 
8780 8547 
30483 78472 
10839 22229 
7859 99563 
78685 44220 
10235 57618 
29158 35134 
12870 99522 
54828 7248 
99979 2889 
62283 48435 
68452 36699 
70444 88648 
15091 24661 
10470 20174 
44710 1519 
79876 91598 
99028 75217 
42639 57211 
46999 33760 
34350 78547 
96090 64595 
26890 42792 
80975 86464 
30617 84019 
61205 28930 
63762 67489 
12674 33182 
98453 24731 
28988 89183 
747 7657 
58380 68914 
18062 63673 
89361 63149 
31571 20553 
64052 80154 
83379 9796 
41979 18632 
8771 50243 
59072 84421 
52285 59928 
26740 80679 
23071 63450 
94079 64667 
49773 14591 
52642 30765 
28071 59486 
97665 48959 
15054 24327 
72245 60815 
13780 23397 
11678 10818 
8631 48198 
74022 69962 
57495 16466 
89923 90613 
20361 31085 
89839 16917 
5538 23222 
70003 63391 
44514 31435 
39854 65863 
64390 99088 
53081 3542 
12838 56094 
62085 88743 
4704 87808 
51326 21693 
1666 83866 
98922 11840 
6747 2796 
87802 74200 
54059 84443 
37836 19552 
755 91556 
58572 70663 
83013 64336 
28569 53227 
80741 27291 
91783 29823 
46744 96461 
24054 67975 
95261 96870 
63489 59247 
12058 15014 
17338 35328 
43653 79269 
54993 59190 
46841 82268 
71776 4648 
31266 33645 
61459 76028 
7659 58955 
66757 61177 
62196 41173 
86562 55639 
13509 34844 
6223 43608 
73044 69786 
82955 72138 
21711 1181 
62266 9077 
36215 55966 
23298 32353 
46985 71615 
51041 58464 
86260 22726 
11632 81422 
89703 83267 
63284 59893 
47797 77910 
69856 59916 
64345 34555 
96691 33323 
68511 61974 
59065 87873 
44177 41455 
62417 84117 
85754 39369 
20540 76127 
63153 18799 
62977 98488 
80263 52673 
46118 90335 
41074 18278 
63802 38699 
95506 83622 
12749 18083 
23005 79778 
5713 922 
26177 90167 
40966 14466 
48971 77696 
30598 23639 
4353 13700 
62066 26531 
94955 68866 
17530 59472 
36826 75599 
3747 21972 
51202 73754 
51617 48348 
72137 7224 
28979 72478 
28847 47542 
72829 54866 
805 82507 
87862 67102 
10887 22754 
77089 57779 
17296 47275 
67253 56074 
88517 30069 
66868 4468 
97223 64451 
47911 50413 
48828 28940 
73576 68309 
68305 19268 
3937 27758 
4904 4691 
98993 71806 
78597 53644 
4271 19794 
84317 13700 
48021 63406 
90512 23848 
1011 81666 
17044 83338 
50012 60861 
54133 608 
14317 68768 
88821 98283 
90942 99047 
38362 55797 
48675 71311 
50950 29859 
3702 45121 
23389 4837 
277 82044 
2565 90038 
88759 68908 
83014 98961 
40284 97526 
86392 16755 
62466 81407 
10341 86481 
83740 78346 
63999 22156 
55274 79316 
65344 87188 
78909 18668 
61563 60443 
7124 58453 
47834 49045 
76786 504 
2164 96939 
32277 83972 
24343 81289 
65558 33096 
65631 85024 
50846 30265 
62423 83105 
79778 2808 
41940 82578 
9305 28436 
50906 12003 
19021 83908 
69194 64573 
37229 84239 
9605 61033 
35777 85635 
72193 13453 
12537 54375 
17007 38991 
77364 35947 
42612 93945 
32508 94038 
9442 72745 
91607 27331 
26803 43940 
12823 13584 
30268 75833 
31065 75072 
12236 38088 
61915 7250 
32575 52462 
15559 63369 
28592 5741 
2870 41766 
63922 31054 
37781 79692 
4531 9887 
40174 17798 
86632 46485 
21732 62765 
46138 18725 
93548 42078 
12156 15149 
68770 14571 
28083 26506 
46140 73125 
53017 71990 
51022 51766 
13480 5290 
79354 28450 
20857 63643 
36939 96895 
43500 94261 
91569 66133 
24100 16832 
58742 34797 
62712 58233 
23010 78659 
43741 26148 
56544 84600 
71204 71997 
34048 61905 
90790 30371 
58893 62679 
19472 12142 
9194 47177 
73873 71450 
84524 36980 
87111 62990 
84042 9174 
30507 55310 
75065 98108 
11316 68300 
17430 87780 
581 58602 
93478 97543 
56206 85357 
56101 86571 
45534 50550 
47989 28407 
38991 23110 
64098 35924 
41762 24038 
26284 49145 
54002 70986 
14196 33632 
1768 55060 
49722 75534 
60587 50026 
63600 889 
1567 34701 
82351 91386 
25900 42980 
61204 16574 
17858 42763 
54473 53363 
38591 85008 
58659 17682 
3493 57189 
85528 90269 
34425 21618 
22523 78834 
54737 18436 
16077 22227 
99823 65492 
69759 8715 
48855 92910 
83632 50127 
44368 8831 
73839 26375 
55536 4631 
2103 90729 
58268 72869 
13730 5240 
50652 29258 
29636 57820 
95808 1189 
63025 97758 
85901 69604 
34599 14815 
50798 28487 
41471 78554 
92819 56806 
94484 49187 
15030 81416 
76187 68979 
24692 46264 
87490 44118 
35779 93166 
44810 30969 
64881 2510 
61556 47772 
13330 38405 
97848 43070 
55073 92138 
90606 65561 
4579 20228 
82510 96550 
21982 28933 
52769 25816 
23711 65760 
15266 74469 
5998 40351 
90352 94234 
55958 12042 
75414 1611 
20321 49478 
36315 37508 
25477 88849 
16908 78154 
94081 91619 
17026 61525 
83347 30085 
20730 34987 
77965 9647 
66052 74509 
6704 70375 
35050 73542 
15862 97263 
8766 50531 
25030 8523 
75458 78061 
11057 84304 
2518 93736 
14616 44456 
82524 13153 
40460 83233 
42149 28721 
27204 21300 
58954 44567 
95421 40963 
65604 67414 
43840 29233 
33606 46043 
52619 65150 
19422 27875 
69934 52749 
24638 80152 
3551 19088 
68853 5394 
12560 67981 
99042 66000 
96143 4366 
62380 21281 
6000 21714 
50844 71702 
66987 75406 
85407 99738 
76554 48742 
45218 94503 
67723 55036 
62879 48204 
62632 9192 
804 16442 
14092 45239 
95595 41564 
31131 52475 
7467 48455 
11154 52206 
39994 35613 
56139 39487 
1784 793 
33213 69853 
66157 60163 
50949 79716 
47518 42670 
61940 90920 
53816 67185 
69427 64881 
93345 39000 
11232 39817 
11112 34380 
17731 5758 
5089 77139 
92297 46337 
25889 49562 
42405 3821 
94759 21520 
97512 4385 
84267 26255 
85866 14347 
93615 59048 
6538 84870 
16288 25880 
25285 82621 
41561 23185 
43230 96886 
53366 86939 
35904 59889 
90118 9573 
36852 16337 
7340 86568 
44772 30682 
41235 21122 
66101 26136 
5874 84870 
65945 8179 
69222 5431 
89476 37126 
43980 27401 
33144 79222 
98051 72440 
90493 83859 
36417 6212 
70907 5641 
31304 5206 
91258 14378 
80754 4830 
70223 13526 
57034 1688 
12936 18134 
65840 77569 
59698 27083 
74788 10435 
86602 61190 
85459 38571 
88235 28714 
17082 48071 
43016 22846 
41929 60953 
60271 51973 
62575 11458 
34815 52823 
49423 11462 
89565 39018 
63216 22438 
69661 93157 
71756 71026 
62571 19224 
32624 68038 
57837 33933 
54429 16586 
27397 90577 
67976 24033 
2824 97000 
35674 64607 
49373 10501 
2659 74748 
88366 66819 
46277 1657 
99247 27754 
11956 67010 
40545 12573 
32948 52439 
65012 12038 
19033 61114 
68371 70683 
64987 60675 
3392 62957 
73483 66718 
11416 81868 
9032 83226 
71999 4974 
99716 76536 
47995 1903 
81642 22844 
8176 99988 
37427 35745 
42425 30194 
14480 49938 
45536 34203 
21439 9966 
34853 25330 
91873 88758 
84224 60895 
73165 39737 
2201 1737 
45501 68374 
55911 5743 
967 94353 
43715 26592 
15986 63850 
49532 66352 
31673 62971 
69645 61119 
16156 77998 
88794 62614 
20517 45860 
96582 15421 
55726 39109 
77456 19544 
11770 33706 
77947 10982 
12193 15039 
53414 89237 
47322 87838 
23158 69987 
57683 69060 
17587 43578 
45492 59289 
84002 75584 
76526 7849 
28636 94351 
97321 9567 
11701 72257 
33339 97013 
79521 22396 
52615 21033 
13213 413 
76348 44542 
96921 22434 
93009 9772 
60273 84363 
85757 77576 
29518 95221 
14313 78859 
29684 17810 
1891 62882 
16181 43656 
65410 74891 
78383 15990 
92909 46430 
50046 54501 
15962 35701 
81800 28621 
46828 12450 
79521 72333 
50203 42117 
89010 32776 
97644 87378 
12226 97383 
9077 11683 
73210 49848 
20304 39065 
12880 63904 
27982 97207 
81028 55726 
54297 46651 
11160 80693 
42399 78053 
9185 78330 
40626 41483 
60546 40426 
58657 57047 
62015 1651 
81941 44484 
14153 29436 
12113 892 
68377 20430 
60575 50349 
8585 94576 
60000 86995 
61453 14614 
74276 33961 
71820 48810 
81217 44579 
49966 37742 
74372 79426 
96135 22175 
80327 2983 
34321 38390 
16161 57113 
42095 89741 
18020 85031 
46195 58814 
56276 99080 
64614 33229 
15321 8379 
15079 79950 
56788 48298 
77118 17920 
3792 82701 
90302 6885 
80830 82039 
94802 91480 
19002 15631 
72039 13958 
89489 34837 
23022 36374 
59543 65344 
29833 93635 
74742 71409 
81819 32476 
58827 2658 
12130 78275 
88197 84915 
82604 11538 
41958 70555 
75357 28959 
50409 20966 
98001 10154 
64937 54018 
86051 10492 
50533 52752 
90892 52849 
58454 98058 
74559 96747 
71080 57702 
93650 21948 
23549 36840 
43818 75468 
97544 71037 
53599 95855 
51394 21780 
61737 46686 
97663 16646 
85695 62395 
64476 61521 
90698 33890 
80078 40630 
98469 38839 
1430 11670 
32680 52077 
67167 97948 
84223 55276 
92802 77184 
93537 1846 
41799 67524 
89513 82957 
99996 15301 
94937 83659 
52795 96223 
6920 14258 
14685 51909 
87475 51414 
88844 97081 
54138 25897 
40932 49229 
43484 49467 
55660 52173 
31386 82059 
7310 87726 
33055 2264 
16118 95527 
73162 59047 
81259 50116 
11776 50685 
78162 76458 
35353 98128 
82978 20374 
73720 54284 
40234 28716 
83724 18184 
21084 35626 
48185 3529 
28993 95849 
74786 44837 
97335 53823 
43704 11210 
89092 88156 
45082 37672 
52656 25079 
67843 77137 
9781 71635 
49878 22195 
51748 79569 
76307 45279 
98093 14305 
17303 58185 
28552 69876 
29859 97482 
33386 40302 
8934 1067 
39810 30683 
62572 52901 
63005 67131 
2846 37939 
99015 43686 
89938 67297 
23826 26474 
40149 4922 
87997 20639 
10337 51334 
99458 93936 
1026 17439 
68422 42402 
78387 52011 
47849 78124 
1273 70088 
40461 16899 
53694 66386 
59087 44449 
25383 87745 
20901 43860 
53511 81710 
28141 74043 
37164 34523 
37962 99262 
62827 61132 
52314 83178 
33928 12254 
65082 77324 
80400 19106 
88182 53583 
35243 5104 
40942 52988 
4245 55639 
27769 49040 
22291 51994 
47993 52738 
85106 43526 
78736 18662 
68824 53432 
46744 46678 
1406 87712 
58350 12239 
29750 44435 
88095 99741 
34215 915 
35983 58033 
78349 90149 
50961 44926 
45730 64658 
83932 78429 
8156 85821 
77460 66453 
89801 69852 
21296 43821 
40503 67775 
2939 5730 
8004 56058 
60706 90127 
3751 67006 
3085 28017 
89781 93588 
92650 50324 
75226 62060 
5409 12679 
175 77563 
67167 75398 
1868 12818 
37348 54920 
3650 28094 
57682 45083 
40614 81846 
8266 91894 
37540 15700 
16736 93809 
84529 74930 
47610 91066 
13617 56127 
58384 2213 
65706 57454 
46490 63742 
51318 43694 
27026 29641 
50934 28252 
74950 91625 
71123 17311 
37437 88000 
71174 57578 
72197 79316 
1620 78311 
95753 82373 
50834 20834 
32045 70639 
78756 4234 
36194 68771 
27885 84698 
30849 91674 
40804 27708 
33276 4428 
80801 27290 
70190 8404 
47550 74560 
74289 91018 
3372 99014 
31583 11851 
77225 80306 
1791 36188 
93385 55731 
65458 68606 
79684 29157 
60902 83799 
46186 20882 
61701 99631 
89372 84676 
11153 88267 
69164 58221 
74001 75232 
26560 6241 
87654 33392 
58137 61783 
95285 39091 
40400 70439 
21352 21062 
1686 94743 
6491 99243 
72284 41537 
53146 80231 
4433 33791 
45961 48902 
43048 60183 
1617 71558 
45292 681 
71703 5009 
92524 44450 
69142 88092 
11700 87571 
13802 77405 
24951 22398 
96166 77405 
75845 7822 
39237 6518 
38774 40259 
98383 35552 
3907 28879 
76371 32445 
44339 15422 
46602 48258 
14335 68871 
71383 83341 
97995 28322 
74057 79715 
26163 63591 
73903 95975 
6131 72407 
20939 34386 
63387 35477 
74121 6373 
77653 6297 
50893 42201 
6422 21239 
38631 73423 
28419 77296 
99276 42541 
6648 39783 
17273 23330 
66150 10380 
37908 67398 
5066 7062 
18250 27827 
9336 81820 
66111 49097 
21074 29489 
73778 54015 
18638 21561 
62785 2985 
2386 32579 
43525 48734 
44325 13511 
59291 60455 
52103 6424 
28129 45354 
18233 87885 
17904 52720 
73952 74674 
90034 5868 
43791 24723 
25609 70710 
1718 18643 
3931 36193 
62609 12747 
37998 51489 
3869 13194 
84055 37555 
1147 32679 
33037 66586 
79405 56034 
60611 81859 
25994 59181 
59465 12623 
85933 97068 
2596 23924 
61248 527 
89600 29637 
65998 99443 
9270 88490 
46546 20184 
11307 97484 
62668 88936 
17562 94868 
39220 9411 
18896 85714 
40413 73312 
97662 7135 
89130 5042 
87723 57313 
52260 38302 
34063 22771 
39673 71566 
42247 51694 
19278 51838 
14333 37607 
33476 91680 
52327 97341 
13377 33190 
72864 50001 
26312 34417 
17499 29479 
59451 68639 
61883 92112 
37732 95023 
24025 13175 
97884 80330 
46974 1171 
91936 25700 
84460 97257 
73424 79945 
49383 68642 
27409 1373 
94515 49437 
41448 63845 
82378 30161 
78822 89602 
66975 48033 
7628 31299 
53918 84134 
59717 18804 
27440 30681 
42027 32468 
32907 51909 
99508 63906 
81651 25423 
33618 77771 
1287 17386 
13285 93573 
89175 14567 
76262 65265 
39251 8970 
7963 48165 
3208 6709 
2154 7700 
15828 11754 
53278 42542 
61259 17303 
3746 65874 
82111 22829 
71147 12879 
36488 83172 
10174 19935 
89396 87599 
21908 51618 
84463 61355 
9194 35266 
79492 79999 
90962 99698 
45090 87675 
30653 4603 
19473 14512 
4322 90213 
84503 95420 
32499 73014 
78135 2864 
26593 62630 
86653 19526 
55358 77391 
66423 93297 
19895 91712 
29389 36663 
36679 57085 
89095 55304 
67244 280 
4776 16596 
485 17338 
79888 97724 
88908 49964 
68422 85228 
63715 52139 
17453 33076 
5258 29083 
27586 24709 
25200 58151 
44322 26042 
24614 81781 
2823 61002 
28279 96353 
36173 88963 
59630 47577 
22936 14295 
13058 83029 
93665 12266 
697 5460 
38005 12654 
99355 16754 
54097 42690 
99915 41672 
60250 94307 
66317 73008 
45166 47221 
44124 85316 
67495 48940 
19747 23069 
28084 25606 
20522 80942 
29010 73411 
63145 58818 
2331 59358 
3384 92231 
38479 42263 
13482 30095 
69285 10128 
15396 55937 
63877 18429 
27719 26258 
77028 5335 
42118 30221 
49005 54515 
31098 58574 
93562 73955 
3099 6506 
26462 60062 
63204 25086 
80724 20354 
8145 79017 
26814 35168 
82828 64599 
66048 49045 
52275 91129 
93726 95866 
97636 31423 
34860 78282 
27866 2663 
39821 41644 
9671 47519 
89844 5358 
57507 47282 
3034 40503 
92689 13676 
50376 11519 
76077 74123 
88229 31941 
42357 86376 
88861 19365 
15567 92798 
3836 73252 
65329 51973 
26368 40644 
71154 65916 
28287 79532 
98199 54842 
34800 77323 
52051 18260 
66000 32787 
72369 61116 
17890 63822 
45641 56757 
77692 60524 
65836 64684 
68272 63314 
48413 20396 
94778 9224 
7906 67050 
22896 55972 
42224 4214 
52624 63085 
27871 87737 
64061 82053 
19384 26504 
2418 83426 
63648 86842 
38319 27715 
85099 33386 
86428 69138 
71395 6399 
90527 66457 
90778 59876 
86411 63582 
2140 62188 
35300 94069 
76722 91593 
79935 58317 
36404 42633 
13148 19984 
27701 96253 
64386 69048 
92873 96420 
3545 2925 
69960 19080 
33422 84193 
52102 15491 
92205 43733 
63136 61285 
15638 11450 
61286 45040 
14833 73277 
65630 85742 
10212 72762 
11104 77157 
24605 98316 
76930 19013 
79298 23061 
659 9767 
55658 93230 
85420 43858 
81920 93200 
31520 77494 
79844 50489 
75165 1364 
59152 82435 
96896 86097 
79017 27761 
70215 46849 
5334 50883 
56937 7117 
80119 54552 
19923 28661 
85091 87312 
16200 14378 
25334 86254 
53802 84040 
80937 52677 
44282 68978 
74568 18516 
59439 71149 
81202 24787 
5636 84410 
62527 99797 
61969 81450 
43074 94485 
89590 28466 
57659 5030 
8646 1538 
90506 88745 
56588 43545 
95216 58246 
86999 18589 
31756 21066 
41650 92024 
81718 17083 
30115 88561 
6333 94560 
81102 58318 
93068 57053 
87547 11276 
96105 8120 
53546 64281 
13597 18461 
65374 81547 
60338 41063 
51127 79581 
88291 3865 
63915 10467 
79438 16635 
22088 33697 
85481 38976 
66630 36011 
17153 69771 
50637 61164 
92254 34878 
58711 67102 
35999 69502 
65139 36730 
89841 14461 
78877 30256 
25691 71389 
90653 82042 
81268 90968 
32905 12972 
29321 395 
86823 50514 
68520 11528 
22391 22994 
77077 89564 
37148 22022 
1487 3582 
67271 7591 
62237 24915 
80631 64051 
45964 87090 
25619 1986 
19232 71924 
1847 40949 
42962 40395 
39220 1094 
88526 84006 
20415 77924 
56598 32656 
58461 73688 
78087 18365 
45919 11419 
32835 60729 
25027 63145 
56207 9624 
89272 82519 
16331 53383 
15940 43919 
35446 76611 
46553 55015 
97666 30751 
77445 27861 
32461 62689 
96321 64773 
88213 31899 
2260 39549 
13483 35043 
76432 32056 
44913 48416 
28710 4754 
60210 93284 
31368 93423 
92228 26890 
65257 21189 
15886 62788 
46094 34861 
13536 28195 
68940 5684 
96323 73136 
7463 32784 
9224 56450 
31246 36913 
75637 47074 
59182 34532 
43759 95557 
49922 37837 
81467 50351 
41349 35034 
28992 16204 
90248 66981 
59433 77855 
30589 31245 
15964 41222 
64286 12705 
91604 76420 
21795 61022 
92479 82190 
81615 9590 
78749 29698 
17491 58067 
8718 85176 
50078 21097 
21119 55491 
15832 79582 
78142 48506 
30046 57630 
57543 90934 
13269 88279 
25962 452 
70720 24149 
47595 65905 
62867 95373 
82446 49727 
81988 16464 
6598 90079 
54326 96222 
43314 46682 
20352 10365 
28230 3993 
6693 55227 
44501 18089 
92433 12718 
54507 69522 
89792 21655 
23539 63409 
4582 68665 
77889 154 
15392 83015 
64840 25430 
12103 44089 
85298 56467 
64117 87628 
51135 73164 
46610 27450 
78797 57176 
39125 93031 
68334 59904 
25026 20170 
32701 81159 
62562 21870 
36079 44314 
68753 9681 
71883 60845 
55815 31889 
61254 87461 
86506 44287 
81052 92357 
69572 31699 
36706 63669 
99357 53981 
79748 12801 
54714 98932 
32469 48086 
11475 86355 
22842 20086 
90045 82440 
51723 68862 
55099 51743 
11287 35675 
7876 95170 
48785 36814 
63245 96746 
22904 35648 
83492 29363 
31375 90489 
48679 50262 
97947 479 
79499 50715 
94430 19497 
92648 11180 
39241 58903 
61083 53134 
57742 54015 
71909 71873 
11624 26273 
23179 80747 
4668 33349 
77559 96620 
50494 62807 
95589 48783 
44185 91448 
4181 99115 
14201 2086 
17039 19986 
43567 22253 
12825 88192 
40056 25229 
94212 18188 
3923 12780 
96339 75906 
88732 81111 
86757 85687 
75898 56827 
569 67120 
86814 78023 
84303 16075 
37759 87186 
79931 74730 
2259 97166 
66482 19144 
83180 89266 
90892 29671 
12548 3367 
61979 99530 
90943 84000 
51855 79847 
50275 53412 
47639 55714 
73863 92943 
22970 97120 
35957 27374 
53618 31035 
29174 23444 
84399 36511 
32822 33347 
65628 73355 
37653 36777 
16529 16731 
83334 60959 
40259 85006 
83749 87135 
10668 16211 
12239 84061 
74414 69678 
93975 44366 
63725 3749 
5876 37982 
94877 7862 
15842 38348 
35401 47923 
2540 21751 
59001 17521 
84581 87890 
71402 74415 
53640 648 
82567 81598 
49937 2050 
21182 65377 
40441 9515 
35804 49029 
60294 66770 
3751 19989 
56135 82177 
73600 40879 
26389 54698 
40 20342 
88022 57399 
90909 18258 
11897 21107 
75354 71794 
59557 36739 
19381 93649 
23134 73799 
60434 11930 
17033 94715 
6222 92290 
95159 29871 
44618 7275 
70664 66653 
41298 95255 
96534 97247 
59644 81903 
24837 64625 
23512 20865 
4 43867 
57601 47068 
57291 96856 
82453 26085 
91370 42410 
11533 26014 
32000 90992 
96343 34529 
13819 3460 
92231 93093 
55511 46631 
72294 22728 
69967 34993 
99713 71344 
11516 67489 
79893 21297 
28902 91074 
52914 57657 
33423 48608 
54128 12639 
10465 97668 
66101 69675 
99673 18984 
8671 31831 
44057 68443 
65530 33574 
61598 65020 
25535 2330 
24229 48460 
24857 56858 
38562 85181 
12119 63138 
10318 48640 
22822 55303 
40155 51242 
41660 69071 
42401 58906 
51720 28212 
225 76536 
18104 70773 
70826 52869 
30176 1096 
32477 16574 
31410 6107 
21590 21982 
98736 79935 
42446 52433 
94309 59574 
44835 2016 
1793 86167 
55573 32310 
76528 71393 
18706 79785 
84367 66524 
46179 71622 
77500 2894 
5870 92973 
57245 96876 
77078 37055 
3568 89843 
84929 60992 
9004 24217 
84618 64933 
40701 40366 
4017 9726 
68432 15926 
68893 89323 
38752 59092 
28828 78079 
45859 10454 
73910 80245 
48245 4169 
82358 19205 
6919 88576 
67467 17390 
75730 8781 
98611 34306 
57252 9341 
55506 49730 
48720 23822 
37545 1905 
41670 79871 
90719 16417 
6212 63350 
33520 90467 
86292 53143 
60152 29354 
55816 59482 
74513 67268 
37175 72892 
61599 42836 
63511 58349 
34367 41407 
73944 9786 
3524 60649 
67041 13769 
5340 3833 
1956 58007 
88296 56008 
28960 60268 
3213 52306 
51487 86373 
63498 4749 
70352 72097 
42238 14153 
37480 63157 
51074 57136 
51232 39878 
2176 4728 
58364 98723 
89071 98695 
88657 21528 
34694 84471 
37448 75143 
45764 75455 
28541 49090 
81398 2430 
35424 56916 
90906 83996 
12218 98133 
747 39172 
87482 1937 
33885 51680 
3740 51330 
26137 86944 
43552 16862 
63539 57469 
68945 12883 
2401 29993 
15203 26001 
49412 68720 
22306 55425 
73005 12924 
57691 47882 
89203 94334 
82571 6036 
15192 9998 
40697 98630 
12179 79665 
3219 3015 
45353 33251 
86252 66301 
73315 93577 
68733 80058 
41881 42326 
77372 25304 
97931 83028 
72729 59467 
57782 43915 
65920 85065 
61587 95585 
18928 61048 
20297 93695 
33206 92060 
15006 95259 
11013 58318 
39811 38652 
81846 29368 
88787 22037 
22369 38685 
75314 62681 
62389 82878 
37669 70525 
61726 49222 
28672 23356 
63232 68294 
9134 88068 
75730 34686 
64978 92756 
17345 38080 
46076 17754 
54439 99421 
81255 40246 
4303 12477 
58343 36693 
30780 49782 
70764 20092 
51161 3749 
22886 64943 
89969 98727 
55192 51810 
60676 27778 
97300 45502 
29910 39210 
81981 6136 
20392 22164 
56511 20733 
38602 18023 
9072 34507 
71113 14970 
87383 55620 
79547 66720 
24313 4945 
38264 13242 
1004 83254 
1201 71275 
71815 32237 
54671 5453 
47424 72925 
11461 87097 
82506 15290 
28265 97009 
42597 46225 
83214 31065 
31165 19575 
33234 22966 
42313 91542 
81965 7200 
67187 67522 
28129 7075 
22865 52335 
31557 47636 
91346 24777 
29448 61332 
53235 89596 
58999 75514 
75835 95207 
94208 45132 
68544 43870 
84409 21453 
49836 62539 
90031 28207 
79557 47234 
47112 50223 
97883 41527 
56238 26461 
77983 60627 
83876 79281 
43302 26538 
84491 4852 
22352 36911 
331 95791 
13966 50444 
72487 66464 
14235 35074 
1562 3779 
12661 91721 
29218 71911 
99558 35939 
72917 58065 
39304 92629 
35311 58202 
54796 34793 
27020 66605 
37291 76377 
86979 51220 
42791 11310 
58022 67892 
61236 76161 
77078 90953 
47979 2173 
69101 15045 
88374 13961 
91798 13614 
25781 26774 
64224 23247 
20881 91990 
26502 59789 
25926 41382 
20188 62148 
51390 84690 
49226 2764 
74467 22189 
79961 99888 
88954 44160 
65358 16159 
24270 2593 
33326 30384 
67741 56905 
62006 25019 
8718 15138 
75857 40510 
85707 14807 
35587 9499 
58426 13485 
62236 98817 
45525 88195 
31124 55276 
65701 74807 
94928 72432 
95028 13915 
46799 69849 
6536 8006 
14226 3786 
89442 36288 
82252 8847 
54891 18130 
80691 3787 
22663 63842 
34157 81492 
49038 2398 
65990 43112 
99849 29713 
67584 29363 
94718 78202 
93158 48230 
48594 68610 
16660 97600 
14895 68496 
92295 33815 
90948 48219 
93058 42679 
80858 94953 
62716 28172 
23548 17960 
5810 45909 
84446 54281 
57564 73346 
78122 62963 
20975 26796 
36158 78094 
31909 6513 
59647 76174 
14674 75394 
98911 1714 
20345 54337 
84403 86467 
98002 47808 
92214 92323 
35100 96901 
65207 5662 
17338 93972 
26529 11819 
675 82868 
16089 82336 
58570 11853 
52574 14800 
66030 2509 
73666 75316 
8744 47215 
35342 7044 
60329 50242 
57497 84746 
53661 83087 
87597 14886 
83263 33317 
16662 3624 
14926 88077 
22615 40881 
45964 8288 
34858 77689 
54984 17670 
10939 6145 
3526 51920 
91247 86559 
3632 87646 
50900 4756 
45152 98164 
99351 83999 
84548 63772 
87691 20620 
32937 97845 
71240 60226 
45337 36896 
40738 82181 
5306 82694 
79282 14125 
19616 77588 
24149 55366 
86123 40388 
12728 48277 
74650 89470 
70002 172 
65489 32204 
51395 24685 
23058 5375 
89231 41253 
43233 9964 
3700 44093 
2105 95471 
29886 27937 
51129 13883 
81334 36779 
49091 81500 
17529 84030 
94836 57974 
7823 77729 
26353 76266 
87525 72822 
81602 34656 
83241 64064 
74407 92508 
44006 27665 
24713 95185 
52363 17627 
96730 90315 
5262 23533 
40732 87575 
48491 605 
4700 57201 
20332 89938 
80536 58628 
10244 57094 
76230 40004 
66557 90609 
60156 51725 
93571 18480 
6574 72734 
62862 20307 
82447 57014 
26244 35544 
54862 69507 
58531 94179 
65601 95642 
77105 25161 
14846 76730 
82249 30038 
19515 44660 
37337 44508 
63395 3648 
61156 48965 
36035 34253 
36008 30649 
65241 75409 
44707 44603 
84090 73933 
37175 68407 
37500 77792 
93080 96568 
25723 89327 
90791 74391 
2478 87726 
14907 28336 
94051 76214 
34706 10095 
82279 8747 
64099 35010 
99159 3442 
70000 61942 
13738 55537 
30516 31365 
52939 21369 
56939 51163 
87181 56678 
84265 95541 
28904 57470 
3800 61414 
37538 69769 
58378 8802 
97980 5743 
45844 97009 
41319 28040 
79639 16718 
6300 41574 
36696 9671 
97979 62612 
82333 62201 
86006 18667 
99397 56677 
99168 69530 
64674 65744 
15087 29725 
9398 78306 
14400 15728 
72679 53285 
67257 37479 
6762 7461 
46654 3047 
21257 57073 
17900 7733 
59826 49373 
36409 34468 
87275 39929 
97082 1063 
27616 94268 
17645 51674 
34372 18287 
5665 4791 
93250 50888 
54315 38113 
54280 84421 
35523 11904 
65616 13760 
10813 6672 
34418 53229 
59883 78534 
71580 2098 
34942 16126 
86538 83981 
84801 16655 
86000 33244 
56907 85491 
96160 52409 
77800 3625 
71791 18511 
32845 420 
77602 73544 
14675 15227 
27338 94346 
86405 30796 
44324 672 
10477 13839 
63488 26693 
26903 3643 
29397 50817 
25711 48381 
57416 51436 
47555 513 
15829 32132 
63739 47674 
55613 38836 
32313 73478 
61527 73593 
427 13854 
23265 94827 
24815 98879 
28666 82377 
12027 47480 
62295 37084 
37970 12958 
52216 79335 
92337 60984 
45327 8735 
7680 98524 
7410 87928 
75130 62091 
37838 17627 
19238 16797 
60899 77027 
2882 13861 
5766 14011 
59893 3554 
15379 82974 
7813 2987 
30846 44565 
76114 73738 
82445 61282 
96250 72990 
80917 45627 
39060 3658 
43432 43371 
52336 3960 
7498 63530 
46779 84916 
83027 98731 
2094 45468 
67873 14942 
16644 69227 
5400 27902 
3864 34305 
93957 25082 
46544 48233 
67628 36661 
56131 53680 
55221 6724 
48352 37492 
90174 66805 
38758 15519 
87919 67862 
82179 58753 
29191 83929 
28638 72508 
87908 60939 
44921 39673 
20415 47572 
55776 91520 
89304 11518 
91643 75113 
29408 14142 
90837 45060 
76255 89307 
93280 19149 
67920 48001 
80144 2382 
91 9394 
59198 1947 
61146 41094 
69172 26905 
99112 76625 
78117 90637 
75618 66527 
80531 11580 
43291 10979 
55915 38325 
42525 16476 
37472 8837 
51146 16853 
53828 90393 
36212 99813 
48910 36761 
51056 84135 
55566 42212 
92623 99854 
97009 68142 
84277 33967 
16856 67426 
77461 17603 
93309 34019 
71937 47077 
75921 60936 
38828 50901 
94447 98390 
93256 37577 
28430 65726 
4103 84847 
93455 85693 
47279 60123 
95415 77679 
5835 93908 
27678 67735 
95372 63310 
37682 47512 
46413 81088 
69306 41678 
6752 27216 
95225 23980 
36273 4553 
89551 55741 
54316 47962 
55165 7488 
65412 67113 
12476 64255 
33033 57202 
76724 8249 
92982 68934 
99493 18709 
98171 89410 
26755 28126 
64708 48879 
30550 26429 
45616 34879 
4334 10308 
92927 64877 
73017 33533 
81552 41297 
57945 25952 
58981 88690 
54288 13793 
53774 51813 
23762 91936 
22753 15497 
79122 70064 
41884 92472 
38537 38859 
49105 13651 
57721 79897 
28656 46912 
5636 73437 
85977 65036 
35586 41995 
99817 81210 
17709 4425 
53921 71384 
41138 5142 
44523 6777 
64525 26218 
31830 26961 
92147 86254 
53787 94183 
79489 79256 
48636 83008 
26962 9183 
39130 75808 
3348 31391 
15729 54324 
51575 20921 
18715 207 
68609 49341 
59875 43387 
18520 66850 
43242 26082 
33182 54382 
41394 82399 
78635 31656 
58848 68749 
16757 81418 
67364 18646 
71698 77586 
29300 36994 
18451 85559 
34611 93572 
46943 36642 
64735 23203 
19210 65363 
62264 90943 
29494 38398 
29215 34665 
97513 96875 
98626 54505 
73706 80045 
24356 78928 
11869 97593 
12136 518 
69453 70326 
71315 41114 
28635 64531 
1184 75561 
92359 3993 
38376 16058 
98674 55479 
82549 35000 
14001 48426 
86424 83198 
11355 7647 
43212 42500 
13093 49063 
29553 37068 
79421 12782 
65334 15985 
53665 85269 
33088 11316 
33241 92954 
59138 70432 
21266 33293 
96278 59116 
27955 46100 
63475 32876 
33183 17955 
91933 77877 
92036 55502 
98849 30045 
63715 59697 
60261 91140 
70771 82331 
82636 73986 
50505 48644 
79176 25538 
43198 85379 
41298 96094 
72948 2312 
58351 45733 
15990 37155 
79335 4917 
18691 88606 
29263 35202 
22824 30448 
89744 68152 
79239 20746 
28508 35772 
82733 94528 
15760 44191 
40689 55773 
96658 83790 
95970 65104 
98634 13636 
60598 53249 
39903 5820 
80888 77193 
71217 86158 
47011 75827 
26769 61765 
80362 75037 
82125 83091 
80649 38299 
17164 48289 
91262 58206 
60228 21163 
46297 36786 
46014 440 
95494 8024 
54254 47740 
64383 14700 
8768 54372 
96126 63478 
7261 2982 
38774 47115 
21027 59034 
87116 40721 
50737 9303 
61812 50202 
49563 49742 
10151 15335 
28111 13520 
42593 47350 
37005 21504 
77121 11483 
82418 32083 
49509 48631 
67439 65008 
61736 67088 
67911 74781 
83075 25237 
45202 53140 
88810 69193 
70353 47309 
20042 85537 
84135 90948 
74721 78624 
45790 58094 
94832 84389 
29551 66923 
97560 88113 
12537 79756 
9292 22355 
60191 68500 
498 83011 
56170 40615 
86789 16453 
42437 49658 
56872 98740 
32272 46620 
11670 49088 
34035 63522 
50509 94116 
76705 59089 
20087 26804 
59608 97855 
49817 84689 
58176 78668 
33218 5499 
5215 76316 
79134 5243 
32856 10876 
48887 63739 
4224 13397 
15872 95586 
85827 13647 
32607 30820 
11770 35916 
66967 28785 
69113 52247 
74058 1202 
90051 8956 
3140 25975 
71060 11961 
17 91980 
51743 29148 
54494 26888 
76851 43942 
59755 25011 
33790 73184 
95967 10244 
4889 44612 
23915 40346 
98832 14449 
76145 83137 
28837 94000 
62892 72613 
86551 45668 
67953 83568 
20080 3414 
95722 46979 
62182 70453 
44752 65253 
70361 47843 
25504 76345 
34468 51647 
10340 58860 
79365 83459 
2367 66405 
40321 29346 
36387 28805 
17025 75637 
79997 60216 
18451 46501 
85806 69749 
95291 87861 
56739 78909 
19235 44982 
25595 11945 
9162 6916 
17293 40201 
23083 20000 
57641 29563 
31711 4760 
16020 61330 
64580 45771 
21021 71147 
72900 62462 
67862 78058 
84652 10322 
44313 56333 
36921 6593 
37915 36391 
58039 22322 
51417 7973 
37862 33469 
45644 38648 
68329 77833 
49430 13811 
58430 21631 
24775 50523 
27820 99864 
52053 36845 
61516 57953 
4869 782 
64484 88637 
17089 18509 
89374 27776 
5601 30226 
23288 45425 
1507 43840 
10152 44441 
59755 71580 
54143 57890 
62617 62741 
96574 18636 
5950 66928 
83748 59776 
58854 86499 
46512 92922 
17112 54345 
93588 2877 
28700 3696 
80230 91853 
55721 80369 
51361 4147 
51242 84647 
74056 63061 
71821 19948 
68092 55860 
16906 68514 
15256 9704 
84840 10502 
78201 11702 
61856 52232 
87865 39679 
15214 31742 
64799 86686 
44596 25386 
24256 81963 
56835 87899 
77457 33783 
68279 20183 
82191 45505 
6345 73975 
14745 85161 
77232 70664 
32144 21033 
90291 32688 
68771 70918 
81238 278 
64643 51185 
56142 33731 
54017 53199 
86060 81991 
52402 19342 
18210 31992 
67718 38598 
33745 40030 
27017 32563 
74461 86381 
54055 56722 
81207 87444 
54975 99003 
35256 45891 
69432 17816 
70623 18589 
22762 25221 
30024 34551 
71093 87337 
70143 695 
65813 83741 
82885 91897 
76361 40370 
88430 33657 
1092 26293 
73246 50607 
64741 83772 
91558 72180 
48050 43087 
22373 57945 
20175 58938 
75767 29424 
47735 93540 
71963 72650 
35705 63082 
74609 6296 
14824 58833 
45733 93903 
27805 51915 
3979 15516 
82326 91687 
10036 4035 
32658 11621 
73571 94607 
23742 63758 
74521 31590 
81631 13014 
18249 26955 
62433 36033 
98858 66402 
78235 85772 
27874 15061 
2973 2620 
96534 83318 
23803 75633 
79079 75144 
44236 83324 
51745 56216 
64185 72451 
97530 47229 
59001 65403 
90395 68943 
54705 21993 
4165 39858 
49832 19887 
71218 54835 
65651 59377 
23951 53563 
15998 42848 
88037 21437 
75565 27034 
60656 52257 
91197 97036 
99180 42085 
24600 65096 
66160 76659 
36856 54231 
25066 20971 
25199 87082 
57816 18914 
770 63742 
79977 63351 
52385 78790 
62388 2541 
75844 97417 
29028 7517 
60896 83279 
90063 36851 
18698 46566 
86357 189 
1458 59830 
67068 39968 
12919 71182 
95551 21963 
33447 29779 
80406 49606 
86702 26859 
58313 94448 
56211 47111 
13212 65739 
19666 19788 
2396 25747 
6315 56711 
74272 94296 
98597 65228 
4820 75909 
92972 28148 
50185 86034 
6889 49839 
11379 49003 
68939 77907 
33723 89716 
57450 23271 
18462 43444 
59126 17932 
6867 63755 
3834 69393 
8200 17225 
94190 93395 
82065 15436 
89372 32568 
52953 49682 
21391 97559 
30206 61889 
19058 99340 
30155 6444 
89954 76654 
48842 31925 
63961 60950 
13538 39200 
33225 62621 
49160 52891 
32936 7050 
31736 76926 
94868 96648 
65228 91686 
71377 26023 
10299 90222 
71379 31364 
14032 44069 
71810 12283 
38129 35379 
68186 24604 
59807 91407 
6061 5964 
24343 9840 
91585 62609 
61196 69000 
13781 15368 
36599 75678 
23797 75577 
4740 15129 
7095 97581 
36879 32745 
53393 33442 
53212 94955 
76132 97641 
55763 48113 
58372 34770 
62328 18429 
5204 71638 
71192 73477 
64140 26671 
44328 96334 
34406 44159 
82757 7135 
23662 18616 
81963 3616 
26393 75445 
97503 82191 
92064 78041 
21384 44129 
23111 38669 
68294 87638 
92926 20637 
97469 35948 
2231 32714 
50722 53935 
98560 33220 
70091 61389 
68075 80849 
69610 59744 
71511 92057 
74837 50861 
36773 90686 
11090 41447 
39573 64554 
16716 94715 
440 75815 
81303 12105 
1563 7189 
60344 2211 
80122 64511 
97712 21469 
86134 97581 
95146 51755 
2290 45888 
4060 13725 
10884 63585 
79071 1539 
58631 28910 
24982 64570 
14034 97313 
89349 54730 
33926 14633 
1281 4294 
55929 66950 
33803 98347 
11750 7086 
71898 58491 
12643 64284 
1223 59964 
92786 13159 
93580 63040 
8941 50820 
54330 51387 
85506 6915 
14264 35005 
62868 90368 
93836 93433 
53989 58689 
41195 6092 
39231 81014 
47126 40971 
32633 54392 
69791 50290 
34245 24349 
60059 52336 
42542 55389 
64273 62365 
38593 94843 
95431 72295 
69336 74350 
6078 68817 
51185 97275 
66586 22669 
87167 67472 
51055 77959 
40866 25086 
59715 19777 
38693 68441 
61492 757 
78348 57564 
23344 62828 
5783 14557 
3947 99066 
85629 58738 
28534 62411 
30711 40380 
28937 42903 
75164 65881 
28301 3217 
72621 39306 
73481 83406 
76047 80513 
69783 60138 
9005 18462 
52510 73106 
69493 99780 
37657 11880 
16982 97310 
30173 90167 
80847 51123 
32331 21233 
94130 25339 
87048 48224 
427 18109 
11425 76141 
3638 19259 
24265 98466 
30438 70318 
48050 10705 
53551 45063 
70574 55596 
80232 35188 
84411 50266 
44867 95365 
83360 4325 
57179 74689 
84238 49712 
48250 37396 
59622 68021 
25425 54741 
12576 19135 
94136 32054 
97945 46164 
29776 20241 
96429 55999 
85978 49388 
77458 52257 
7005 13608 
44794 27937 
71421 30926 
44813 8806 
31826 99731 
31590 75343 
31145 74214 
25193 81040 
69810 85208 
69996 27872 
70167 39978 
98364 55997 
34503 44769 
31720 54016 
21349 7282 
5787 98609 
71023 92776 
89711 87874 
95890 27091 
79807 41450 
13381 62686 
87827 2269 
40554 49607 
10936 89757 
87817 82368 
65988 22350 
86420 25791 
94242 48395 
59397 58171 
94303 98820 
98896 8447 
20861 2387 
44142 5623 
94721 84930 
63783 3263 
5647 7651 
33960 89666 
53689 86374 
69141 45205 
66979 73596 
6645 62299 
54356 78240 
67727 641 
99739 44206 
18197 10537 
81827 8141 
29776 20602 
7469 9262 
99745 52568 
79986 29681 
20882 95559 
84739 2326 
6334 44997 
63406 35384 
64746 87110 
65725 67155 
89832 89079 
12850 83235 
75567 36969 
80021 99161 
93233 48811 
7899 35974 
69825 78649 
81704 93564 
88621 18794 
75205 57275 
92236 2222 
42654 56888 
6052 4750 
55889 33963 
15637 47557 
26162 63430 
25636 4574 
20606 18398 
99566 26420 
81831 63348 
30058 2825 
85784 10175 
17309 98823 
27782 74007 
39841 16543 
9561 21275 
86176 54029 
11195 11219 
78575 55277 
70925 93810 
60768 71578 
63188 42031 
40412 83218 
60587 64508 
74005 62757 
89050 65686 
57074 96336 
37086 95062 
35681 17864 
59857 54408 
86642 52395 
26656 12511 
23311 9702 
96464 10643 
71402 16748 
70362 28759 
25031 28657 
61917 22413 
36996 11807 
47025 33406 
19324 49765 
3266 23397 
30159 83061 
25448 79009 
1335 57167 
8836 89411 
17301 19552 
24462 2927 
90535 76322 
71928 27899 
91201 91685 
84307 54874 
79508 89392 
77003 42092 
58078 94276 
77861 24348 
8623 34169 
49341 76479 
2301 7711 
15236 87045 
76357 11948 
34199 75213 
51015 15129 
20252 14424 
20030 54731 
96484 10111 
85935 38498 
82312 15548 
26727 27156 
56956 59872 
74582 81487 
12190 5348 
59167 63536 
5976 47177 
18222 92026 
55237 18452 
6281 65403 
60812 65281 
38782 82434 
40548 12717 
93271 9950 
57527 50764 
51994 70017 
69570 31601 
10918 44758 
93453 84066 
99049 26017 
72696 19527 
48892 69190 
61277 24459 
34012 45813 
87347 9362 
42843 27866 
40746 11078 
89279 78256 
36062 26171 
70030 66585 
39019 86676 
66323 77031 
8102 76378 
53262 26098 
95662 25719 
24011 61937 
73100 16462 
57906 74121 
93323 73485 
61753 2977 
80263 20354 
91734 972 
40091 27785 
19739 65149 
21634 89660 
42378 29237 
14547 19968 
43548 76823 
62952 75844 
12149 12835 
89549 76828 
85373 9604 
70600 8531 
34994 25895 
75733 70081 
39149 82559 
88172 49056 
85356 66816 
50773 85024 
31833 28715 
41176 13405 
13690 27914 
65401 65040 
18111 86702 
73378 33684 
68428 6041 
42205 13570 
50791 5441 
43308 52263 
89123 54566 
8229 60214 
24159 74772 
34448 67737 
80571 2113 
27373 22581 
12547 19895 
57614 76829 
2650 88442 
23629 20542 
51392 22539 
49040 81400 
35666 92863 
11155 24519 
33050 56725 
92695 54685 
5945 55582 
72206 44460 
14620 52032 
20338 85905 
81461 17359 
48940 91126 
60059 22249 
67825 47400 
72254 27872 
40113 66347 
63844 22307 
91195 53412 
95397 98185 
18676 63875 
28444 21370 
71035 4670 
89298 97700 
11296 87482 
92879 4997 
58657 37912 
87079 20988 
5809 17940 
34624 44243 
42586 24481 
83812 74890 
77628 85523 
92116 94609 
38888 87147 
57380 61284 
51115 29678 
80154 12715 
33840 29282 
27718 55891 
36936 52497 
95423 3601 
32477 95540 
64200 8537 
11417 97633 
34445 36533 
91508 8176 
75955 15234 
28913 11307 
71189 92217 
40141 48146 
44849 37495 
83203 67041 
66628 29307 
17306 75128 
85933 69256 
58932 60754 
7506 83089 
78818 5611 
45082 76802 
39120 7870 
96559 34252 
52982 93181 
68638 62093 
59737 99076 
41496 10608 
48148 80157 
4771 24868 
27375 96363 
14961 9685 
40753 14702 
21373 23931 
41031 76002 
82776 55053 
97345 52574 
50214 63003 
84009 50095 
22712 24294 
9117 87627 
92142 51528 
76961 23322 
81061 11496 
42463 80232 
43094 15828 
8082 66557 
39270 12169 
34067 77735 
25674 61000 
81480 13968 
87911 43464 
84050 46109 
36070 8938 
49726 15247 
30239 37600 
25686 56930 
41083 62874 
21611 99621 
62619 71371 
75193 98828 
85010 73838 
61111 33274 
4076 19642 
90140 7541 
91178 9405 
18597 76823 
72238 45712 
89953 33723 
67868 50146 
60282 74489 
27940 66442 
17061 92640 
53407 64157 
86940 31610 
35750 55029 
42191 64903 
60199 35056 
57900 62121 
12682 69335 
42315 42367 
2442 43854 
61336 12660 
62371 18637 
4786 38348 
17317 30070 
96869 94930 
16967 6708 
36163 6285 
14404 82496 
61495 82956 
34006 14114 
79243 36010 
13089 34997 
54853 56885 
20552 7617 
66820 21737 
52736 67735 
44855 99965 
81835 89567 
65688 20937 
85377 39213 
59684 80344 
16691 25189 
89394 48224 
85704 99523 
97186 74332 
7042 10648 
83263 73402 
38110 60192 
67661 12760 
73690 69773 
10219 17803 
85552 21022 
11081 57089 
95693 92351 
90898 68064 
50009 79299 
54738 36896 
15593 51863 
76585 51490 
59287 71783 
2347 5385 
77742 65565 
58485 42125 
39944 24850 
70611 94563 
72019 84792 
41846 91690 
61108 13188 
14275 76722 
80183 28395 
38441 4520 
38932 52436 
5677 63863 
47134 97180 
55935 637 
36480 76154 
59809 1714 
24349 32252 
87652 36113 
18782 72516 
20909 39961 
57761 5157 
31250 74847 
47845 81114 
51601 85362 
17338 52700 
89824 30911 
27373 75271 
90596 69358 
90638 94347 
33952 25594 
31969 80249 
69961 86839 
87595 95080 
28207 28294 
80577 2731 
7994 87693 
28811 61621 
50635 75392 
38939 71998 
18693 27794 
14620 84891 
58726 86257 
60823 18157 
3856 11051 
97171 66613 
80397 20505 
2796 37829 
18821 79175 
2828 92940 
33488 45678 
72299 22696 
27855 30792 
77124 43001 
2301 9460 
93803 51270 
90216 76558 
49546 45257 
24690 35587 
2794 69305 
42901 61894 
40417 19556 
68221 87583 
2366 9217 
71097 14004 
57144 67777 
98915 69463 
42186 23927 
82345 94808 
52087 956 
71087 57551 
4586 35496 
25440 66422 
39320 15785 
91813 82540 
7566 23951 
20075 839 
92561 58366 
38512 5953 
59453 6701 
88259 90449 
71512 38128 
33184 60128 
25002 83919 
3502 41030 
48899 79779 
1814 45877 
87684 50291 
98800 53855 
35461 26194 
72439 6958 
17947 98515 
99436 28568 
25166 30131 
90430 25501 
82198 64951 
71602 43446 
7906 97654 
54460 7530 
52286 92804 
2859 94708 
21955 71174 
1719 52712 
237 13229 
55467 1502 
43429 64973 
95849 27489 
88024 69756 
58575 8208 
35048 91122 
96153 85725 
87120 36424 
30311 40715 
1432 38679 
11564 6005 
87612 5012 
45767 98281 
23218 94051 
67905 39736 
81640 41754 
91911 87653 
67259 15412 
41953 89181 
30918 38939 
75431 31060 
95164 99079 
40819 59576 
53112 11777 
74534 4734 
17457 721 
30168 54464 
86837 15931 
50708 89590 
65603 99301 
39779 8387 
20042 86089 
61469 40718 
79183 16641 
99981 76082 
91538 20991 
40106 7317 
30482 30495 
87463 22313 
453 65277 
33440 59714 
33740 44028 
83983 81489 
83358 63567 
13611 5111 
11352 99589 
76491 81204 
43848 87146 
4913 98700 
14267 49663 
52176 48834 
44333 58662 
91686 81789 
18864 22901 
66962 45344 
94807 25209 
98292 3567 
47559 48117 
90956 95435 
98367 55204 
57170 8169 
85418 24135 
59380 8179 
38232 59438 
6011 93666 
90034 48389 
82484 7276 
16048 61686 
80053 74625 
16945 42152 
92975 15079 
76227 69289 
90510 4882 
7840 35303 
34455 59522 
76100 19067 
5159 42167 
13838 98500 
19411 98100 
86629 98985 
72102 61219 
51096 35675 
10246 78037 
33476 70941 
52703 47035 
11011 74713 
1885 76774 
13162 45072 
54738 24897 
72285 19240 
9465 91937 
44096 80976 
81751 8806 
87115 49374 
89620 74904 
37249 16230 
39653 74974 
38779 84355 
48887 27136 
96217 47607 
66562 92016 
92878 44942 
17742 3383 
81456 15364 
76910 64471 
89505 78453 
93778 90930 
98451 66011 
35829 71305 
48598 34354 
82554 59021 
94576 93945 
4831 6027 
85757 3279 
89612 97579 
74423 87330 
24803 50069 
60771 57377 
42198 89398 
68357 28630 
27320 36057 
6144 54874 
44182 84914 
14066 25173 
90310 82630 
7860 96738 
92710 73721 
35871 70141 
79071 7432 
35678 48343 
10094 71956 
31560 59378 
38662 49926 
45204 64018 
69458 69705 
1518 14407 
28681 60674 
99010 77375 
17658 7556 
79908 87040 
16454 38711 
79073 45305 
23982 76465 
52679 45981 
69636 23668 
87794 58532 
8166 60041 
72158 70805 
14255 74273 
59856 56618 
26214 63426 
3002 3711 
49200 89882 
32204 10307 
17564 97884 
59260 34430 
33186 56668 
44394 59099 
42097 15250 
17332 18687 
85190 25116 
66587 16946 
60512 11386 
14567 55608 
64393 50468 
77454 83963 
36588 42771 
68284 74449 
20639 52751 
39251 27033 
64834 25376 
74975 6060 
31409 78030 
42339 17219 
52058 9958 
74451 39455 
66358 67530 
16403 36844 
6361 52923 
88706 88889 
45402 66270 
30647 94158 
12076 26882 
70258 21828 
81381 27838 
30223 8463 
94164 40065 
19730 23206 
23321 96963 
81162 53600 
588 58704 
57452 96357 
41300 76511 
21076 72671 
56175 51557 
58826 26015 
18932 10555 
37890 1914 
66486 681 
88238 53768 
44500 40154 
23873 66590 
75205 47630 
91284 41366 
16734 13488 
77237 36799 
3568 69181 
30050 22261 
6271 56977 
48561 56100 
25343 1767 
71253 66777 
38783 39045 
54321 80832 
55883 58721 
61965 11309 
90824 83144 
4765 93023 
58756 9498 
52723 26917 
14387 11706 
18433 74782 
98479 15011 
52761 27732 
31189 27639 
20560 57064 
92870 38204 
27151 44553 
62713 65025 
47636 80689 
43527 74028 
70607 14022 
87005 65651 
5396 32526 
47952 67943 
17724 58773 
38263 63019 
52497 44708 
21846 17090 
74407 58948 
90205 80470 
7150 69789 
85071 73286 
80270 40463 
89260 75071 
98974 69721 
89815 91957 
36767 30419 
28583 83898 
13332 81550 
94460 96177 
60802 55053 
78908 54355 
429 47713 
11676 49938 
48620 80610 
17263 65181 
46418 23835 
84261 59797 
59706 22534 
19556 69769 
28793 1911 
67226 49029 
55482 73365 
8049 18452 
3334 11770 
19665 73454 
52567 24734 
69743 41389 
94864 88696 
34902 73045 
75348 83849 
86672 98692 
89081 20125 
62445 78484 
17645 9860 
44143 29438 
47749 9272 
257 16788 
48233 20485 
7921 56203 
94488 18617 
60867 85165 
19977 44312 
86387 26766 
43448 81106 
39823 87218 
67353 19138 
18671 99604 
68122 91984 
40012 50656 
2129 61757 
54791 4853 
32574 19133 
30368 70645 
41944 59578 
18800 37334 
32330 94818 
42468 47938 
31590 59467 
70965 63322 
17219 76724 
33544 15932 
41723 54202 
9993 47674 
93418 91173 
69427 75782 
54800 91930 
81314 32969 
26957 96424 
5923 83723 
72989 59023 
82442 27292 
95980 28929 
72165 59730 
7823 11718 
81432 82311 
63988 20451 
84423 11674 
36367 56928 
89434 68286 
71363 98926 
43917 94087 
33659 7628 
53384 77643 
67423 10962 
97130 45709 
16191 63193 
59825 13764 
30270 28866 
62142 74932 
56200 90084 
65884 46623 
46711 30089 
49505 87291 
51527 3275 
98418 41922 
49506 61979 
31171 74148 
60819 73807 
87352 95356 
34207 29734 
35984 6701 
38834 12861 
24213 28649 
2868 70448 
75260 4461 
31611 7747 
61878 29009 
6876 1133 
26968 72342 
16276 10186 
96565 38639 
86172 53613 
32022 25498 
95259 2288 
98061 25934 
27141 34185 
81207 46053 
79660 90615 
79221 95028 
86416 70927 
96252 40861 
21561 3710 
20747 15305 
52875 36549 
33565 94440 
80027 93495 
92255 77538 
45095 59686 
64146 36216 
30577 65921 
35661 8276 
66525 62502 
8190 66223 
52876 91265 
1887 99140 
65648 87522 
27908 8398 
56429 69457 
56916 32650 
73388 1565 
7062 85601 
29032 50840 
98198 11237 
15047 89665 
70748 35529 
17743 37741 
47430 21070 
19013 76896 
23936 11626 
77155 17253 
10732 87352 
69528 40960 
12272 38159 
44719 613 
22219 2714 
75760 3449 
33681 13597 
27888 69570 
11995 35346 
54464 12666 
54259 81412 
12857 55127 
64588 48520 
48485 55894 
6998 12473 
29645 99064 
58832 88134 
28374 64005 
76832 68153 
33312 73606 
5214 19916 
49378 96304 
542 38295 
86043 59658 
21710 22937 
61078 18487 
35021 73177 
49898 8970 
14113 71069 
91932 11616 
72423 53626 
24969 40637 
51880 59030 
55989 74996 
5710 68402 
92724 47325 
55503 54652 
54055 10845 
73105 93011 
49296 11613 
36434 84020 
66546 3643 
34983 89082 
38481 57824 
55558 81119 
60329 32069 
61693 68443 
19229 89773 
91254 58630 
56789 76384 
35854 91042 
27359 89783 
33045 81510 
33402 9185 
97610 90855 
16303 79382 
41850 50010 
56075 82402 
86391 48918 
86612 67072 
42865 23755 
64521 48423 
57667 57623 
39011 33549 
42085 43546 
57931 78261 
78231 45422 
10760 29771 
82472 32503 
53212 64627 
28519 56081 
80082 88269 
80801 83205 
13054 22818 
65480 1615 
48436 73084 
11188 62467 
66095 27304 
24518 33058 
35390 18723 
26322 90381 
66445 46904 
64015 98200 
45866 33527 
32409 75281 
64839 66440 
80954 80430 
94514 67842 
58857 11259 
88685 7770 
51164 37834 
96997 72377 
88701 69874 
53264 88074 
72683 86680 
62931 97147 
40796 42702 
51358 78301 
15783 98442 
50264 6390 
19787 16360 
93574 49649 
8148 4484 
65851 9842 
74882 86647 
96607 20992 
8727 27567 
21992 35777 
33422 43445 
41741 45119 
48795 84306 
83696 96179 
291 83017 
50830 96693 
43703 27717 
66445 19460 
39161 29345 
52024 49823 
3873 24009 
69215 51093 
76595 71149 
32526 58115 
98519 82737 
52518 47576 
95022 46224 
625 75131 
50630 84486 
96244 14090 
5609 29741 
4274 78107 
66725 75197 
97056 61261 
17027 8148 
78494 82851 
29894 21302 
90104 81414 
41143 45312 
18850 62695 
9641 44790 
4833 69694 
1648 72550 
3271 9399 
67049 82354 
89640 40473 
36633 59175 
9493 98889 
58776 37753 
65155 14402 
11136 45215 
365 49738 
68402 21544 
90900 76529 
80667 42930 
74307 87253 
18641 97298 
55109 30841 
71737 38780 
3177 51087 
42936 78472 
22455 1658 
70399 52473 
4804 9243 
19948 45056 
99462 57233 
34812 34747 
22469 66383 
99459 74141 
2365 55975 
72861 10514 
8586 79308 
73203 3551 
37183 40674 
50830 99014 
34858 17523 
69140 72680 
26772 31120 
24156 67619 
76169 31762 
72690 9671 
44619 90507 
6269 923 
40472 18365 
3438 59079 
40150 66016 
16548 91763 
41954 92412 
840 69164 
65310 28958 
73393 85817 
39727 7487 
97420 82943 
37186 64887 
23439 36399 
89324 84966 
83000 2154 
96438 89042 
22927 51122 
79254 40730 
88467 18263 
46301 87547 
12240 37041 
49895 22188 
42584 29663 
81924 9728 
49627 75937 
16971 93489 
80380 89197 
44815 61951 
95131 86370 
46904 31837 
6618 51154 
62158 78378 
60728 54146 
56284 22778 
42866 11872 
55756 69012 
67708 37845 
32733 67360 
11679 63091 
30382 70446 
77293 81036 
99436 39060 
36418 2199 
76298 49683 
85530 87837 
70580 53354 
60215 68508 
45698 36441 
98451 43443 
69999 37842 
12592 99704 
87855 84308 
28545 86279 
10264 15794 
77270 27603 
52728 86163 
78521 63405 
54499 41034 
39662 57374 
97800 94235 
3417 25825 
8179 47027 
17584 99339 
57910 20198 
67032 45331 
13187 98079 
3680 47522 
62840 15697 
33735 59530 
41381 55529 
73097 24065 
12437 58681 
61630 76690 
9951 96837 
34913 33662 
44018 95956 
88121 97048 
65820 50433 
30834 97152 
51835 17324 
23877 32215 
11363 34251 
9682 58405 
43363 61717 
96219 29336 
68708 10814 
31186 83647 
42178 80710 
7942 31617 
4875 96766 
77586 97366 
72182 9801 
2586 31886 
65036 89750 
76579 23935 
82955 22854 
52180 819 
86148 515 
64113 29093 
986 70091 
8462 96461 
88224 3141 
40538 80427 
16562 25028 
83602 86708 
65525 41280 
98651 71001 
41063 90740 
51439 41357 
24912 53296 
27132 75254 
94449 40851 
85240 75398 
43647 4204 
17885 31335 
7687 95640 
73016 50169 
43896 37284 
30822 68985 
49897 58645 
76392 64011 
6204 83282 
94579 27137 
14972 64168 
24051 89086 
69204 90058 
46692 30352 
27444 11060 
55774 35971 
87831 60611 
41757 18238 
52362 83187 
58091 52691 
47306 12332 
81069 47000 
18944 81959 
57547 89818 
55144 95405 
42274 7254 
92767 21318 
62610 88282 
58475 33234 
12541 27245 
56271 60573 
70240 71535 
58914 72780 
53771 55613 
82332 75474 
78119 48706 
22278 57721 
53359 42851 
10667 92918 
68571 60390 
5385 62298 
39025 65583 
61856 39667 
55183 23709 
47220 48761 
61232 62822 
48720 80484 
8146 58294 
96731 36286 
71694 78326 
69844 46069 
99320 99806 
74513 94276 
51514 28211 
94993 76181 
33057 32677 
90653 97910 
67440 37958 
77202 28350 
53786 98659 
65999 8857 
59779 17942 
51290 27556 
46371 62876 
29118 69023 
90460 71639 
3576 57274 
70268 43975 
86209 20240 
4790 55648 
22560 17276 
93501 40043 
86238 87774 
85391 35661 
65325 98567 
17447 6922 
28560 90551 
1853 7529 
99446 50873 
8480 70562 
85290 65986 
84614 77565 
5142 43041 
77463 80056 
35697 22313 
76570 21219 
47472 41761 
73115 32990 
34876 56296 
40952 64270 
53308 58996 
80272 29763 
63974 99222 
28971 55674 
52872 43508 
39040 38504 
34224 79061 
35748 26213 
70594 16876 
25887 77226 
42070 11685 
98050 52072 
75057 79386 
62651 44875 
97627 59035 
12344 67509 
22798 36199 
44515 57893 
73759 17130 
76684 95730 
55727 19177 
2939 73948 
48030 21805 
84946 92131 
36927 4751 
44581 9472 
34805 85073 
26938 19039 
34617 53250 
32211 82640 
29750 99994 
72877 96094 
89014 20040 
98644 38438 
14012 76956 
45774 95410 
21893 13902 
9699 37458 
90338 99235 
10227 75663 
73583 3019 
17205 15057 
48400 10752 
31138 74237 
77181 93964 
68065 42528 
81587 73900 
80887 1578 
4747 34084 
60403 46920 
2537 60332 
98444 6883 
45237 12673 
62793 71140 
29672 62610 
28980 9287 
98953 61317 
37605 80999 
41998 39597 
97447 13665 
98263 78809 
34470 50811 
24440 33492 
94679 55203 
89365 31017 
44882 84219 
50974 21381 
79507 41876 
34858 1103 
33963 51861 
77831 89219 
25414 88970 
21885 90480 
90382 52539 
44018 41112 
65243 64801 
85613 95898 
60482 29509 
1448 81804 
12473 91748 
82820 13052 
57585 98555 
21928 35249 
62578 71767 
75345 42093 
62535 69475 
53265 87166 
2992 30512 
8184 95449 
56458 67616 
21781 64469 
85177 99199 
91972 33335 
51776 87113 
3471 89455 
37338 78370 
24647 77338 
12492 32456 
11096 71640 
21269 52688 
12029 77490 
79739 30043 
69460 25152 
61877 50894 
72117 33186 
43638 16340 
76144 24540 
2867 70088 
32825 93373 
27463 34310 
69961 36926 
67139 8461 
57970 86374 
75127 94730 
54398 93355 
25375 75616 
61238 54747 
58018 84057 
48308 87263 
1370 74625 
92917 95578 
42184 25463 
61124 12935 
67586 74971 
9155 31581 
81902 24705 
14849 81854 
9476 20488 
58509 63414 
30628 57442 
60108 79822 
62070 41474 
45549 78584 
85351 79663 
58497 52756 
47355 65094 
56288 17350 
5373 67852 
28530 34036 
65954 43218 
55198 20996 
71520 20541 
77420 51311 
21625 41843 
88578 12882 
76807 77882 
65977 75635 
82094 61232 
54045 87648 
64568 40885 
78878 840 
4738 80912 
20909 8977 
55070 96964 
97591 66032 
80633 48669 
11197 41289 
26627 83425 
98191 59092 
75484 57694 
76094 65780 
42222 45538 
21367 64086 
70951 80999 
27566 56173 
37664 70843 
86854 40466 
34889 57261 
9934 14589 
12293 6315 
49583 46953 
74012 47227 
21153 92921 
88234 90048 
19792 47998 
47505 4828 
18577 50097 
29239 54073 
94377 65704 
45092 32123 
68965 20639 
35119 79979 
71752 65109 
58083 12245 
27502 94889 
52776 13956 
47462 85709 
96905 39461 
55583 36307 
69867 72910 
12843 57124 
33645 90500 
12157 86222 
82105 98294 
3976 61786 
73114 6288 
78361 31433 
50210 39282 
73206 32553 
80942 78234 
234 35054 
87538 71942 
80488 98120 
22237 58196 
59272 55973 
44385 86041 
