63953 85131 
97987 73141 
15060 29535 
1726 80134 
51487 76234 
25553 53326 
6040 73601 
52532 74512 
20977 56649 
24151 99072 
33553 2471 
98421 32401 
94931 82969 
399 61325 
98053 24600 
68558 92443 
77703 32619 
64549 36166 
11676 88151 
6199 15192 
95854 80472 
3998 69156 
87925 93967 
29859 73472 
14604 29516 
23602 89621 
15443 3417 
47397 16627 
52620 33478 
31303 19024 
50643 91517 
14075 65285 
42422 74287 
72600 22540 
88954 20704 
50560 18297 
8666 82263 
42364 98009 
99454 35667 
61928 78471 
61565 11931 
27516 21371 
32651 4616 
23659 28759 
27727 11347 
59092 92756 
36184 57388 
25640 15527 
65655 47826 
77201 52349 
38203 95767 
90208 20553 
38200 77963 
37399 60179 
83197 76430 
5234 28388 
39209 74839 
11983 58967 
30039 91886 
38263 20734 
96648 50297 
64740 64185 
47001 99814 
22738 54459 
99464 35192 
2645 50451 
63522 76190 
32312 4915 
20443 5484 
33039 28411 
63485 92584 
84269 81171 
32343 67094 
79798 31253 
29761 43025 
38064 44830 
39554 37377 
37005 54976 
74807 70828 
80012 89050 
72560 86143 
63648 21570 
17061 70764 
10118 59413 
17469 24079 
47847 59249 
87914 66967 
72091 23302 
77865 51491 
94147 18862 
79021 91979 
92531 19388 
91266 5241 
12368 70637 
64710 17303 
20328 43915 
47432 66774 
11542 50398 
59267 10876 
82270 55379 
80816 19127 
27457 49382 
93855 21838 
95892 4274 
34387 65808 
37306 66815 
22827 17994 
5562 19532 
17134 49439 
39974 69375 
94216 26359 
32844 8293 
2475 33051 
5468 26688 
44146 52173 
57127 50660 
39867 31918 
22014 16993 
99950 76784 
67563 96063 
76868 8833 
94326 22123 
1743 59782 
52305 92892 
13920 70700 
71575 55939 
77232 95778 
16074 8016 
39118 29347 
8561 95357 
29510 1221 
42075 17850 
15230 14442 
88612 8108 
22622 31634 
39259 77601 
16241 51407 
61728 96381 
74645 54678 
40966 331 
35672 42217 
76473 467 
93072 29414 
45958 2482 
13954 11977 
9148 31576 
12236 67164 
17850 97510 
57114 9168 
18742 27942 
17575 74367 
83967 44247 
44042 72454 
81191 53365 
66473 2802 
99635 81660 
44605 1933 
81457 82335 
40457 57599 
68922 6630 
95870 97732 
66938 40876 
88516 38389 
37847 76386 
8709 53833 
90730 97245 
46302 14022 
1073 42259 
2040 20017 
98250 21632 
40987 56218 
88096 46370 
86979 69825 
35748 59007 
16526 82556 
19951 37909 
48175 37417 
84211 84241 
39114 84177 
52442 90639 
94568 11225 
47176 33653 
67584 38609 
46926 28272 
76864 97294 
45978 32118 
98516 33095 
34646 89346 
93982 90191 
939 59879 
20830 48810 
65652 88253 
35727 14383 
2010 28206 
39619 81372 
58308 54062 
33979 23973 
97401 58035 
53998 98020 
90407 53765 
19636 73674 
53688 80731 
98721 56864 
97909 31594 
7601 98932 
65935 5127 
84344 38596 
72321 21055 
57065 68065 
21334 19955 
95696 66037 
72727 11306 
79351 94324 
44882 25837 
33417 11936 
93494 74535 
90593 20771 
80614 15956 
8338 20385 
53657 85965 
31509 15842 
86899 49557 
23469 92271 
99009 93136 
1536 42513 
49330 87419 
3345 10116 
32912 16099 
79590 88936 
39701 83436 
55518 2740 
16829 85171 
28724 73457 
74610 51446 
73943 75101 
6621 47873 
6939 61888 
52189 51451 
19034 53721 
15591 1720 
31423 59932 
70481 64375 
34152 23091 
20318 34475 
68475 68659 
55978 49482 
83284 53428 
50284 78526 
46391 15903 
55838 3622 
19695 45198 
27312 11023 
13565 1498 
72301 66415 
20301 40776 
45827 56408 
89078 19216 
42801 40539 
45542 78644 
9963 72988 
78044 43320 
94318 21249 
9507 90515 
68527 30190 
48966 92608 
25461 54274 
70098 66771 
13835 8129 
95379 9846 
94808 66227 
73969 40617 
35435 76146 
29047 19479 
19023 36669 
16034 66321 
44744 31943 
76966 51510 
9252 5979 
98295 91948 
11590 7961 
79451 44437 
99332 38153 
97752 51979 
78703 76639 
11573 65136 
44308 82683 
78177 30186 
45152 11203 
75200 8596 
92794 4661 
5497 68184 
34748 83614 
33922 65370 
61676 77236 
51570 20019 
90432 6320 
88115 69656 
66688 55571 
96106 78205 
60660 49458 
12413 65889 
87357 76448 
61510 21598 
68803 90141 
2859 56734 
69864 52645 
40400 60479 
81576 75466 
5987 20371 
96295 56246 
579 79267 
17511 5902 
27118 9969 
73839 10001 
77214 2220 
61492 70670 
40125 73228 
22418 30899 
87002 32547 
76368 91785 
45929 54890 
64278 95084 
24069 40291 
27654 58382 
52003 70106 
44062 18251 
22393 99396 
62344 57970 
70142 61549 
32864 70671 
94487 99340 
7844 36260 
54767 78158 
94795 70978 
81137 81724 
82045 42203 
29027 38422 
19567 27872 
71940 77207 
30552 39881 
70966 66070 
49621 23854 
81413 43183 
32080 93885 
57019 11075 
55296 60164 
90447 27588 
38040 59837 
85112 93861 
36581 7036 
87858 9219 
37322 36671 
24608 35591 
54942 28429 
71810 89974 
62299 62342 
65395 62447 
23747 75364 
95874 39386 
77060 59583 
63361 96770 
10817 67014 
69485 16850 
13894 63358 
4524 72970 
31597 3680 
47568 21934 
49038 86649 
35095 41089 
36480 80803 
69098 48161 
33700 6230 
29720 45895 
20791 98151 
29346 40655 
21387 75044 
95185 94431 
10951 83307 
95606 83043 
57531 92849 
31841 49866 
5331 73624 
1133 63997 
22451 91756 
11 14578 
73321 25765 
77090 98820 
43654 18314 
63655 90333 
41116 46984 
7244 6445 
18493 18765 
8550 28468 
17751 67273 
15194 67267 
13201 59128 
57250 7950 
39883 96534 
18889 12166 
29306 36738 
28104 4224 
38857 35907 
12201 18141 
53466 64892 
10581 36723 
58543 37388 
58324 10922 
31703 37235 
54176 7939 
77493 30888 
4756 99971 
34095 3529 
93167 71941 
13904 62878 
54641 96243 
902 13442 
54477 95235 
16921 15739 
54223 88119 
86168 10013 
20919 97857 
72789 1984 
81194 75875 
39803 79405 
47081 87583 
79370 52473 
43684 90108 
94165 88622 
50117 25151 
67539 42771 
24673 44483 
46154 67792 
22718 83391 
72985 26788 
31582 98210 
50834 18699 
40517 88141 
86912 71844 
35813 28628 
67606 56163 
61206 53855 
39177 14286 
12001 39302 
24937 13938 
37613 51776 
92368 79823 
11747 54004 
94663 71758 
92028 73582 
50345 37695 
31590 71991 
91895 85172 
24023 78382 
9749 82830 
59998 84947 
41518 24804 
49044 35966 
8008 65123 
13123 81001 
77325 56691 
90032 4181 
46346 9989 
94111 86199 
64783 20330 
69349 3345 
91313 99312 
35703 18823 
63458 86069 
73264 75572 
83358 6949 
10926 56951 
70106 98505 
86270 41911 
5945 7918 
21607 44640 
8456 37501 
17499 95180 
93745 5415 
99497 87141 
56684 53488 
66497 91395 
83414 44802 
79769 10508 
28618 58671 
629 27672 
35463 8699 
31641 86024 
49662 80796 
41369 19510 
80750 12337 
55907 44805 
93476 11116 
81759 15329 
70099 43286 
84134 33001 
70422 3182 
82285 11164 
30571 14733 
39286 82952 
83780 4123 
17443 53399 
56891 26414 
42551 723 
94770 25035 
70266 42439 
91556 52375 
76127 95387 
62376 82133 
97064 75203 
72139 99672 
36740 451 
49003 65295 
9655 89334 
49299 7178 
39653 62821 
7972 15658 
47351 97012 
4013 78613 
57940 99690 
93875 18878 
35954 21270 
17559 68958 
6778 48744 
61800 45724 
56044 72688 
72740 68379 
7538 62079 
46450 96624 
67808 29372 
89897 52814 
91430 19207 
37162 31818 
64691 8094 
26192 95349 
27468 59559 
89847 93753 
53123 39501 
91708 57536 
84527 59864 
41869 53358 
80592 85263 
60859 4794 
62251 6796 
20871 36846 
59331 60066 
82638 15017 
50582 40284 
63573 14678 
57880 46339 
18216 74555 
2674 67872 
85546 59332 
57790 14593 
59398 80686 
30955 75522 
67989 3522 
97741 87283 
6477 94732 
61110 85247 
52523 55496 
52327 9062 
8963 14959 
3742 34967 
60003 53066 
17784 11338 
97744 63393 
28481 80981 
74392 63004 
1924 84008 
62163 5703 
50309 48442 
57677 57444 
40540 92269 
50542 48289 
62858 80223 
86878 23937 
87542 1393 
97668 81710 
78461 59578 
29139 90792 
51107 97362 
7749 64600 
59703 6967 
95929 74349 
73083 16239 
46361 67202 
52257 76455 
42369 79816 
73937 20190 
19910 18681 
53753 2070 
2694 12332 
10497 83023 
46100 27332 
78461 69501 
77872 79864 
18761 73148 
43953 67837 
2542 13542 
16393 94607 
39032 46849 
96874 54716 
99639 66662 
54242 4519 
45656 89749 
67284 46101 
1570 9096 
5076 11619 
28614 69374 
66346 46976 
43891 95841 
16617 58711 
99251 86687 
7277 6037 
81099 60965 
34275 91156 
17382 39505 
95791 25293 
81226 24593 
38026 25340 
62076 35668 
36159 26558 
34608 52986 
43545 80481 
93348 18865 
56423 43983 
36580 47091 
83626 55412 
77050 95004 
81275 36751 
28873 59950 
10894 56979 
70212 72015 
6107 41089 
9470 68364 
87826 11700 
89110 50974 
50759 5731 
45695 49211 
55106 17321 
7311 31449 
96473 79980 
50291 35786 
94308 15911 
55981 18948 
34579 48497 
5267 54575 
25955 95141 
23703 47357 
80409 31974 
43257 67844 
8933 49375 
78085 54281 
30984 97815 
21185 72436 
32309 57233 
56406 72144 
69953 49976 
45975 30165 
15541 57246 
97593 22971 
48338 92107 
37093 30195 
58122 28259 
12763 29723 
94570 83124 
35666 8809 
4642 6219 
16618 82080 
32346 29366 
94971 76932 
16321 93977 
66955 19570 
9824 82463 
12025 30831 
64993 45766 
84543 19923 
68665 37075 
85072 46351 
90581 32977 
50656 5547 
6439 47620 
6718 82104 
88071 22883 
4499 6021 
10915 8152 
27482 41986 
14991 26947 
87823 39486 
69747 64510 
49528 72412 
35434 358 
8972 826 
84072 52903 
35342 94677 
41610 99436 
23634 69543 
39534 84045 
41131 97805 
18973 28545 
54565 75199 
13256 16999 
9690 42309 
45914 33149 
97555 83320 
20269 91865 
82522 50221 
44055 20667 
85886 89667 
27912 15454 
15961 81815 
20139 15748 
10564 35742 
91731 19083 
11076 24377 
65556 81624 
18585 83437 
91374 32639 
92113 43449 
4501 64171 
36498 11711 
70019 44048 
93249 71916 
6785 40321 
91532 23180 
5827 38293 
38408 37322 
6322 77469 
27556 73521 
68959 35117 
23928 52833 
91298 35511 
38133 61576 
42654 69559 
38820 22202 
57040 68155 
63933 43039 
11897 84452 
82408 34157 
37606 5152 
26782 55632 
48181 29036 
64093 46583 
57104 22072 
97595 68647 
43888 82823 
95023 85899 
66765 29285 
20469 94756 
74802 48845 
6434 12018 
58770 36772 
40203 26962 
94267 85438 
54409 24273 
72869 76418 
5507 88607 
87506 70704 
95852 8717 
36782 88418 
45165 9305 
39622 18774 
45410 52170 
6423 3439 
39420 64702 
95787 92033 
48133 73413 
96942 77192 
33843 42951 
17146 78436 
27627 46915 
20612 59028 
67958 25794 
60944 28061 
94459 19491 
72576 1229 
15884 97135 
38390 68030 
24604 45271 
30460 40603 
61257 17011 
28781 39956 
42663 89382 
58885 9057 
53708 23827 
53398 29041 
69656 75722 
34876 54763 
19144 52768 
37685 78969 
20128 79228 
35193 80562 
21126 83270 
15238 11743 
58341 88017 
51598 31264 
95574 53434 
52104 96592 
48329 85804 
25076 86458 
6102 4290 
94922 37109 
57565 29977 
15019 40498 
92214 41778 
71411 70733 
99012 25717 
44395 76282 
7656 29365 
96719 99749 
21334 21574 
86912 64492 
71166 49165 
64161 97909 
82011 76858 
87204 44901 
76907 94463 
23850 61855 
63147 76269 
30037 71426 
36831 81533 
77737 1449 
14714 92127 
99565 27532 
52256 93641 
44587 88169 
35023 19619 
94646 43659 
36911 95122 
73388 5716 
23161 35427 
91237 73284 
38713 78420 
8730 71956 
63178 55152 
67875 9281 
32555 31983 
36653 26349 
24786 89911 
35272 47208 
81355 41912 
64485 2006 
90332 27500 
36028 27167 
87644 65236 
13187 26509 
42806 88512 
5488 10869 
82943 37724 
25723 20640 
74668 32808 
9749 75560 
27218 4109 
19963 89154 
2236 16721 
1841 31430 
15656 83623 
39639 22741 
95420 26396 
62089 94163 
15041 8733 
81875 55319 
57558 37643 
13683 69254 
76988 99964 
4793 45791 
15115 77703 
29458 29745 
309 64706 
43728 78418 
2027 89315 
70914 94017 
39767 32888 
89549 933 
48439 22477 
25475 35269 
83495 67422 
7619 44559 
8613 4286 
33023 79344 
46331 12286 
898 95043 
87761 62250 
17702 72527 
51345 66166 
45708 8875 
52588 1469 
66021 25956 
96829 94521 
53678 93816 
35284 61064 
17270 68300 
30997 17976 
38382 97873 
65755 255 
57258 63329 
81677 39930 
90182 75877 
91844 89470 
31398 74026 
13257 1267 
87804 27791 
72313 6889 
18144 79879 
8144 75073 
149 27894 
52349 65791 
28804 78989 
95010 39224 
56861 88982 
56364 23121 
24746 31650 
71084 89766 
91165 30721 
57852 44649 
67999 27019 
90765 82957 
83496 46305 
11065 27115 
46286 79532 
17807 18867 
59430 86544 
54279 2762 
38479 86710 
63354 4428 
20432 5534 
19414 76625 
11523 4977 
57089 58830 
10937 37048 
7777 71999 
64806 25155 
23758 49137 
50288 95783 
16682 84439 
63032 54250 
62330 69033 
83028 22607 
26726 69713 
23578 35196 
50082 98576 
26086 17949 
84482 16085 
49369 61179 
18840 7857 
16348 32472 
40371 76322 
23288 66186 
75671 92449 
87147 9163 
26481 59808 
5124 98429 
65277 53544 
27182 95992 
84105 10173 
97082 8270 
96360 60659 
377 73268 
75749 18807 
68874 7295 
79221 59814 
30197 64843 
41394 49663 
58396 80183 
46869 15058 
76946 27301 
83758 75740 
89017 55998 
56887 96249 
61553 36270 
92340 52624 
69492 70559 
96342 50964 
14358 14001 
41005 79495 
67505 76511 
36984 23443 
52428 67351 
18877 22978 
72881 82761 
13020 8443 
13906 30322 
79297 4228 
91456 29892 
18707 52913 
2914 30273 
16626 74657 
35638 33222 
48056 43355 
23526 21973 
5653 30663 
2671 50131 
23878 41786 
6319 58620 
63368 42787 
56609 53304 
88476 58173 
56034 93965 
17871 99659 
55032 16524 
53219 72244 
73845 34689 
94180 92139 
86503 44672 
29276 42558 
32760 87175 
51712 88043 
9792 4548 
86775 65731 
9671 67805 
33190 72841 
10881 38184 
14656 73702 
2567 70932 
9746 56713 
18758 65261 
78469 81936 
86419 13665 
31993 73367 
46032 6296 
98404 26446 
86266 1608 
21822 20997 
45363 83217 
94802 52536 
71007 84691 
64692 20777 
97743 78984 
73416 43147 
96415 97236 
87187 93284 
73629 62891 
47696 99701 
50900 1400 
29588 78233 
32953 13181 
20352 13327 
82517 78132 
48246 47923 
55021 93629 
71469 89373 
10752 34790 
7507 89778 
14308 65726 
25438 13077 
51599 23546 
45959 58381 
43190 43101 
93962 69303 
9430 89743 
26770 22380 
47594 19835 
17413 54228 
14192 94315 
6878 56672 
66611 29284 
51797 41859 
7436 79439 
84801 55239 
92071 15084 
73602 93295 
5693 71539 
11832 65046 
89104 20947 
99781 21596 
94720 40793 
76381 66366 
83695 30908 
45147 50176 
33122 61277 
96242 49952 
8255 16662 
64447 27592 
68877 40898 
78533 66420 
21224 73616 
51366 86626 
97268 15244 
32086 48257 
41717 52325 
91743 60555 
13744 24495 
42056 29820 
65228 16920 
93258 94490 
40227 17543 
41499 15741 
51414 87196 
38851 14686 
28377 52448 
39701 73111 
99974 45983 
36148 43703 
68330 87392 
92015 47845 
55624 18449 
60153 74317 
56430 81240 
20975 30607 
8213 54977 
11471 40061 
461 47886 
23450 22698 
78960 74246 
37338 45306 
65912 33486 
23603 77290 
8857 48168 
87701 42748 
91766 10760 
56427 16399 
90237 35318 
3647 71209 
29349 9458 
91616 48983 
7535 94498 
60413 91639 
82751 27177 
32539 40570 
78236 35070 
12264 84204 
54323 89627 
50088 9783 
10057 85705 
11495 94360 
23778 54524 
36154 52176 
15350 88192 
98834 40792 
14410 78220 
86511 16760 
48756 47936 
87491 23119 
24939 89232 
47860 85605 
59128 97797 
88142 92254 
30507 37797 
88809 31925 
71724 56898 
47094 71300 
81333 15603 
79551 57018 
41705 91063 
94914 39886 
52548 64834 
89999 31462 
44939 6502 
27771 19824 
23724 20660 
41156 90962 
97127 33401 
68770 24985 
91610 56333 
69480 62222 
17284 81044 
81535 63275 
44597 25008 
89002 19252 
76561 71129 
33313 3613 
52417 17441 
60979 95488 
98455 80886 
29856 45792 
49602 79710 
5828 2117 
1400 52672 
69360 56120 
16219 60083 
17125 28005 
99761 51658 
87710 56726 
84383 79187 
62425 21610 
4257 78266 
92312 81431 
24081 42617 
80667 80272 
87810 66980 
6769 36061 
86809 40120 
10935 97282 
7851 28189 
73666 26107 
10549 499 
12337 42099 
1093 14691 
87738 39608 
14587 96378 
59772 74130 
91782 19500 
56671 98163 
37708 17967 
25346 15440 
79452 36602 
11825 13953 
98264 59962 
80200 32804 
97194 41295 
16116 15658 
79639 90737 
76529 4476 
56445 71757 
41352 31181 
69631 97953 
94538 72075 
19337 18481 
12265 40042 
7256 29722 
64122 2975 
64593 53217 
39515 33359 
15504 75492 
96014 13583 
38011 54065 
88935 44282 
23542 55756 
82188 28916 
3529 8354 
59273 36791 
6906 14763 
50260 78836 
35906 99955 
65706 65738 
99170 35342 
81677 56373 
21024 12662 
51385 46027 
53633 19998 
28439 88483 
54827 6282 
74281 93819 
58517 7413 
88131 94671 
56917 47085 
41589 27656 
34213 18493 
22025 33847 
39819 99236 
88977 42396 
66069 51107 
26025 64806 
99929 8864 
26913 93845 
51258 67646 
89211 70733 
21171 37411 
1368 56980 
63217 44561 
99755 23124 
7363 25886 
41137 45655 
62202 78003 
82970 85491 
84321 96679 
89058 6672 
5441 64718 
81262 82279 
37706 24568 
39387 26123 
35433 2328 
10747 83349 
77644 33566 
28599 10875 
49886 78149 
54297 79445 
46113 1241 
51877 33105 
81816 40679 
75792 49015 
8136 77154 
2555 50768 
43331 72896 
65326 41795 
92781 47057 
56786 41886 
11601 11510 
50144 29536 
74985 99490 
50694 15554 
60545 81319 
31080 99255 
14223 76411 
22277 87555 
66732 38780 
29244 89434 
91035 14517 
15332 33466 
43035 43975 
52743 94511 
7422 8875 
67659 57151 
78534 5081 
18191 88099 
42138 55520 
30815 37541 
88187 64500 
86775 40288 
76880 54654 
93687 41566 
801 20785 
99644 29448 
34402 81084 
7137 16163 
38792 5507 
22387 73898 
94560 53549 
32003 97219 
68272 59198 
33362 33857 
79319 59568 
57702 98366 
22968 75510 
15647 59045 
22714 17447 
63719 67496 
30491 7741 
37379 82347 
66799 82101 
21230 23908 
94471 56852 
30233 84905 
49603 26313 
57140 13954 
11070 85134 
829 83050 
76080 54085 
27795 48104 
23396 24653 
34818 12460 
88112 27711 
74628 7289 
42328 74610 
78406 9924 
74537 15221 
59014 31435 
87268 6778 
7108 18114 
87251 89830 
98602 28073 
25335 23130 
16463 63751 
54379 38042 
52368 63909 
12525 34814 
94510 84557 
6543 58032 
26688 27255 
65336 56621 
60759 5384 
57236 54972 
99666 74201 
16392 36064 
81447 88906 
3315 64914 
86001 96428 
32570 61235 
95836 11274 
36641 63894 
89654 73548 
99145 16560 
13310 38111 
82866 43883 
16573 97860 
98480 80610 
66050 1253 
8395 62233 
44759 84418 
36763 85089 
27050 1617 
61533 96253 
73917 4293 
97313 79161 
28228 88586 
38831 59561 
1977 3937 
23975 68235 
38415 91307 
92650 61849 
736 98508 
63108 21374 
85976 2290 
20960 18707 
87898 52089 
17696 66437 
35827 38697 
5386 43134 
17770 82650 
92081 17126 
55626 31716 
88516 75395 
37879 54675 
30852 1060 
30892 19404 
6490 32847 
83785 47327 
80391 83015 
13820 43398 
17886 86388 
9346 11044 
26598 2488 
15562 74876 
94912 95161 
74703 50469 
87308 69705 
76736 20166 
67932 56155 
39250 96583 
62924 89227 
75928 81390 
39324 50351 
31867 55954 
73763 5290 
60957 72531 
7706 92043 
95653 49977 
37656 88023 
12661 16317 
68527 12982 
29458 82000 
66292 4674 
75979 72322 
82052 37979 
73457 95234 
83842 45001 
18086 71647 
24749 33612 
11041 9322 
96367 94959 
98357 58606 
65100 36675 
84282 48476 
65531 77816 
59907 64783 
29838 94009 
45258 99055 
65128 6860 
77498 65860 
51651 70356 
90471 59492 
23948 18816 
21559 96605 
14337 5884 
50661 70443 
83492 82128 
23088 24415 
36454 30002 
33246 38062 
24049 99233 
49214 6792 
59460 63141 
39683 88292 
37659 46989 
24164 83162 
31372 63103 
4998 15045 
51473 24372 
55420 76411 
1951 97644 
31754 10192 
30015 1603 
49823 4531 
70436 49930 
15727 88225 
9888 89832 
29382 27778 
51835 88490 
85552 43500 
45411 75532 
81576 81723 
52795 58329 
3607 2940 
68720 88732 
3884 71579 
73062 74816 
399 62095 
92846 99233 
27339 28221 
73553 27019 
39712 17455 
11277 59958 
28850 51255 
77043 22099 
36798 32890 
72534 41555 
67067 89559 
92499 27416 
76860 3121 
33263 27421 
1552 34659 
79067 91992 
6105 2115 
18364 63261 
80026 27356 
90725 53963 
92619 29282 
41681 80340 
3450 2973 
67624 65664 
79349 91370 
65749 36563 
3709 25622 
65134 92988 
76438 82961 
4133 44525 
93675 86892 
36602 70658 
65190 53433 
94865 80669 
74389 69321 
10845 20061 
10927 73306 
98497 94693 
9159 77 
30391 61264 
7010 37841 
99284 63351 
99315 45208 
41482 75883 
97274 70799 
13012 57785 
21398 19870 
51862 2413 
49161 16236 
29995 18526 
10549 14924 
97353 70684 
74804 31237 
46740 57310 
99858 65274 
83248 7076 
22335 17473 
64816 29851 
50442 10364 
91527 67130 
84678 54474 
60425 48697 
32022 22201 
69913 77193 
98092 22501 
53199 30337 
38752 1307 
43794 91756 
27735 27928 
27741 95666 
50080 65986 
17007 98101 
62512 68997 
86418 67977 
71399 85306 
52520 24913 
66469 4859 
36930 37611 
14253 31164 
49015 36495 
59003 15781 
43159 87390 
868 49856 
54390 19222 
21154 67409 
92832 98007 
2767 78514 
82200 91886 
50239 16985 
60492 77479 
48246 56818 
22045 96554 
10103 24402 
69308 83824 
58459 9370 
59931 51596 
49241 55991 
80236 35105 
96900 99113 
49606 73520 
84071 93924 
62044 25959 
42026 77196 
902 99248 
69603 89138 
20716 94781 
17801 79675 
76088 65479 
4799 20654 
91758 10684 
41920 46425 
10248 26783 
44854 49191 
23910 74377 
76483 62682 
96712 19057 
17699 77967 
7791 52114 
90877 48569 
3543 99993 
66961 58573 
27984 86839 
71644 47040 
12099 23191 
68674 4807 
42086 55681 
39087 85588 
93694 27565 
93975 2371 
15224 67930 
55390 12143 
65357 48677 
15087 27314 
63568 22636 
34012 30530 
90724 83643 
76816 11102 
85349 69981 
85119 85887 
17062 66245 
80865 15229 
82898 45551 
56832 75431 
64449 33905 
55198 3240 
4224 71660 
57039 84961 
8127 93140 
5745 23059 
57638 44855 
65546 76491 
20038 15157 
72697 37523 
77959 53757 
71339 77400 
60561 18222 
38663 66003 
47789 96368 
94703 46500 
36469 18439 
60957 25007 
2399 90985 
78990 17396 
66118 55587 
25277 80652 
71727 99866 
61775 44545 
17880 25652 
43039 50902 
38005 9790 
60190 2390 
12843 76696 
39640 20453 
12535 38646 
30179 12973 
7797 49697 
5908 56166 
60126 62191 
84454 2412 
99499 71020 
10006 35932 
24712 80125 
78925 11624 
16268 28129 
92061 28862 
34660 65618 
2336 11703 
87891 85211 
88778 89690 
91287 67434 
28921 99326 
9879 20330 
60302 55287 
69107 58782 
18798 72589 
43080 90770 
16604 56162 
81314 52048 
75906 12659 
14660 58193 
65645 80862 
89017 23546 
98220 21631 
11484 30253 
30598 56139 
57760 17415 
80030 91985 
81886 327 
8371 30792 
89816 22825 
51044 8033 
86875 91971 
66722 76063 
85789 43610 
62072 4739 
66766 39774 
2215 40487 
14037 4490 
52069 34320 
14265 63223 
6289 22078 
91426 63003 
56298 15993 
70024 15243 
11702 45749 
3933 21299 
40376 69283 
81676 12033 
16620 58853 
20621 56939 
69967 56274 
92368 75856 
8615 82731 
79484 16830 
50900 83183 
49811 47408 
35835 83171 
48701 43441 
99463 36665 
51854 49418 
97615 47652 
91793 27443 
27643 55228 
69609 8113 
51791 82278 
90211 5917 
53085 61152 
14135 64193 
60989 66284 
1871 50251 
68523 3309 
37694 29955 
25149 27005 
59144 12897 
30462 86253 
85607 74203 
72548 23206 
34821 27104 
51866 86008 
39710 41591 
6596 49650 
29570 78775 
8621 77902 
19440 38036 
30660 815 
59399 94596 
94542 26870 
31552 38843 
98195 56627 
46642 15567 
84686 15603 
84502 1178 
60430 78115 
42979 50082 
91736 10934 
8486 87539 
8888 25881 
38009 25693 
25225 93852 
47176 31853 
35009 39259 
31899 83711 
88362 3538 
12154 4857 
54124 39072 
75604 85765 
72232 70815 
16061 60381 
66061 41867 
7203 26480 
32122 41389 
25481 69196 
49644 98518 
37833 71397 
55756 14289 
99573 72053 
13352 95101 
65772 64294 
58194 45890 
5463 8557 
49396 78908 
22152 73027 
63161 94905 
26425 3522 
63494 97514 
76846 68052 
55575 8744 
3848 17440 
77594 63778 
58030 52756 
15038 76622 
79013 92708 
27821 84660 
63935 89741 
65055 99818 
25708 52256 
4915 16761 
70312 92203 
97748 54464 
89673 32216 
9411 36466 
62121 74549 
58831 47268 
75907 55260 
18845 37585 
42962 81378 
2611 89540 
49848 76276 
89243 94378 
756 38995 
51773 39941 
43447 56990 
38154 52858 
33206 98563 
21735 91318 
82134 51196 
81502 38267 
61540 65068 
94314 2033 
73719 7230 
21518 91602 
86059 31214 
50485 97172 
25217 19325 
8017 73101 
62001 60393 
96995 90017 
78633 84487 
20284 95560 
99245 87884 
46591 99188 
81708 46542 
41845 75386 
14356 34400 
36641 61832 
34648 33981 
25370 14269 
88508 51148 
95898 68246 
78859 23253 
69994 49368 
9772 40516 
94184 68347 
18684 84149 
58307 34895 
3315 21556 
34758 25353 
92179 88903 
25285 43002 
78006 34374 
74125 17082 
31931 91672 
56425 96837 
42946 2597 
79063 10255 
81933 10012 
37357 73691 
72449 98032 
55630 58194 
61544 65012 
2179 41095 
22977 76677 
9912 97306 
92535 61716 
52811 13784 
30550 80211 
25281 42738 
30238 16466 
46607 44403 
42151 22113 
65929 8608 
64832 62831 
74498 85845 
59634 2548 
41449 3183 
83755 92732 
76943 88130 
99648 21149 
92212 74415 
11279 14430 
69939 17684 
98113 81865 
80327 6202 
66246 34000 
78360 11944 
12733 8976 
95931 90798 
4001 91938 
98898 7153 
2087 18453 
13588 27721 
33519 11547 
39857 2245 
84803 13778 
58557 24586 
25751 40734 
10085 46714 
7329 375 
67691 235 
54200 93859 
54287 65356 
73824 37791 
54743 15559 
33753 25283 
57006 57766 
16673 73774 
14830 82398 
48767 91256 
62523 35493 
11157 29372 
27836 25921 
86442 81771 
82949 84739 
62779 29212 
45513 864 
16484 29047 
91771 67486 
20773 96090 
72035 87026 
83086 24262 
25117 98955 
96301 54012 
72796 14406 
224 99188 
38014 64274 
88863 8833 
71188 93379 
66308 54367 
87893 62255 
49434 625 
18147 50294 
39182 40463 
42608 89167 
33835 46926 
44226 93895 
37496 24435 
35252 391 
24864 21002 
28953 62942 
59476 97177 
13007 12864 
26701 34265 
47249 30433 
35093 4251 
52315 36180 
60096 16991 
77670 64818 
52647 6369 
37636 45253 
11862 16472 
82236 73584 
25798 1255 
26036 32432 
17184 56748 
92612 79621 
92038 63534 
44905 1956 
78270 29061 
62412 5736 
58637 84278 
95037 94635 
47841 7160 
70382 67726 
37071 16867 
56360 55658 
30995 6619 
84242 1394 
31941 60787 
18578 83410 
83949 32284 
19937 73888 
75416 40019 
83975 22191 
13176 83007 
56076 54776 
23200 57653 
14674 86731 
3456 7805 
88309 47219 
53044 33369 
21587 31386 
28358 32573 
33430 4666 
31822 55430 
17347 1912 
21659 1509 
17946 83426 
42178 3814 
80470 32695 
13229 2380 
10904 6538 
84772 26151 
3021 77354 
57886 69768 
85712 39314 
97127 73071 
19050 85570 
10744 85453 
20751 1944 
55105 24641 
36057 64068 
27563 20045 
73516 69564 
48018 64497 
16760 84616 
93632 85040 
88074 35166 
43394 83342 
83427 26951 
9673 89410 
20586 35758 
82415 18425 
42038 69505 
88310 19887 
92674 67136 
72039 60658 
48537 65838 
39605 89077 
7386 37692 
64825 86012 
64461 69656 
49171 20533 
87534 36620 
42474 92813 
74177 96313 
77395 64953 
21166 16935 
44104 51610 
61026 33682 
33271 66614 
23941 18670 
5267 99224 
64620 40291 
1360 24205 
53163 82668 
98744 33643 
66565 93605 
25407 15189 
33255 30338 
93101 91391 
76866 76361 
77112 77837 
77430 9779 
70057 14009 
18304 13828 
63583 70077 
15317 33657 
66652 35304 
31014 99897 
51980 49292 
61322 59229 
33247 45989 
44565 74883 
14869 42215 
83489 85894 
23362 17364 
89785 42934 
24804 99059 
57605 70682 
56373 90679 
47604 41937 
51644 51023 
16348 87053 
19088 63815 
57184 3809 
41134 15307 
28216 77401 
97201 31932 
30591 68067 
78243 16795 
66014 74663 
52660 63705 
46295 36569 
63812 20524 
49666 93408 
87950 19821 
18732 82304 
57980 94099 
73115 15814 
63315 45344 
66230 50145 
68948 44179 
50074 22910 
57927 92612 
24531 12432 
90568 96190 
38399 46475 
91029 56295 
78205 67290 
17283 11394 
27848 41996 
44052 27258 
7193 92566 
89935 60452 
985 8062 
49739 96870 
70768 93281 
50949 97639 
2007 2590 
39275 68402 
76166 5483 
12420 4834 
73250 31281 
63452 57145 
