9597 54106 
75780 13761 
41379 29398 
20544 18779 
824 53178 
44384 64586 
97358 65915 
40344 48255 
87009 27613 
61330 87004 
22712 49046 
54549 59298 
29414 15522 
33536 35838 
96388 76598 
76726 34797 
4270 60376 
43165 60007 
7540 59405 
25750 58225 
74533 26724 
20300 62190 
46524 15196 
74790 69856 
15051 91053 
97248 47015 
32318 53429 
43080 30463 
63434 95695 
73029 51922 
61146 51493 
71482 99132 
93874 78673 
41519 79838 
86060 47666 
47860 56833 
36181 17366 
61807 77803 
62259 1209 
73283 32388 
87315 48885 
74250 30699 
17890 95007 
85067 12487 
87663 55068 
90754 64200 
35118 81128 
77675 42373 
59339 24957 
12799 76110 
51223 94701 
87493 48854 
28761 32674 
55716 40209 
14480 86499 
32492 42274 
80784 93561 
82741 51757 
54602 49627 
22794 79086 
16643 86504 
77351 8797 
52505 40691 
83164 91669 
12980 55303 
7405 48396 
19158 20847 
53430 17026 
4212 27000 
59605 81961 
18294 67125 
57856 81008 
35514 10039 
47788 98778 
92728 29408 
59491 19696 
58682 60165 
23574 31906 
79072 33463 
40487 44601 
68129 26938 
42870 5577 
20596 55419 
74426 83292 
99302 18764 
66764 8231 
13004 18068 
81653 52126 
36766 49323 
312 60338 
42892 84397 
83646 42698 
4225 53296 
97735 71138 
3658 48727 
97427 28654 
33755 84273 
87551 3445 
98619 50865 
36033 24522 
36504 32733 
96139 90654 
66110 63641 
6064 53183 
22131 26993 
73279 75094 
86326 29234 
18326 3636 
39242 5012 
48147 61865 
54679 44678 
52581 85693 
34103 69943 
69320 7297 
31420 21930 
42411 13241 
49875 67313 
7270 86176 
2316 72897 
71241 72718 
13660 46743 
22891 6884 
10120 94808 
95491 58442 
83600 96081 
30563 68572 
41626 56332 
35921 81429 
53316 60837 
9258 79535 
80052 9814 
3148 83345 
35937 86831 
40230 80907 
57532 80044 
48371 12235 
74996 48919 
74779 44823 
67479 4923 
55308 41660 
54444 53708 
60615 41201 
21578 28439 
14367 39898 
5066 29137 
80343 92265 
61183 71335 
45074 20830 
29555 38820 
80576 58960 
57878 29852 
57748 33169 
93500 84048 
95192 28403 
62974 77949 
70473 69667 
54577 81326 
91262 96501 
90699 73392 
22351 2931 
27186 28351 
91143 64888 
44852 93086 
49077 79510 
4813 96305 
49277 96306 
23689 48062 
11832 28865 
87379 11376 
87191 97589 
62799 53492 
95523 68894 
85837 13375 
15227 24377 
744 54135 
17379 14627 
1291 4348 
94509 26707 
77221 30597 
11921 21740 
899 25088 
17668 79619 
98517 36800 
83319 21543 
37819 22406 
11838 67917 
30023 44047 
41154 29054 
87479 95088 
92438 19232 
564 92076 
60606 30823 
97417 31397 
21263 4517 
28329 72495 
33065 84143 
72977 76033 
47384 50122 
3137 94985 
98210 84279 
46109 89429 
34388 30593 
84842 11662 
73539 81357 
99549 87281 
2472 36322 
2609 99996 
22393 53572 
43641 73195 
38892 35205 
64845 29663 
26473 68328 
68073 2350 
55301 72437 
14549 63736 
53873 87969 
15774 39060 
95483 77586 
89839 69596 
38640 1740 
51268 96133 
21994 73097 
74431 39959 
12881 90612 
20717 68910 
35238 3352 
47827 49402 
57435 56612 
25946 1884 
3485 28432 
69985 96789 
62111 73310 
59701 50776 
7339 51733 
60233 8981 
11527 39087 
74407 27972 
27199 75555 
55190 6222 
37554 39839 
81698 44211 
27192 3822 
55467 54589 
4383 52749 
4975 84395 
14122 36069 
95908 55901 
17230 47767 
32270 80446 
74942 21831 
99131 50481 
70697 68448 
41670 69063 
21256 69583 
97155 33147 
77805 98781 
96571 47303 
94380 29368 
30855 7840 
45705 47645 
33031 63847 
9470 93249 
62020 31265 
89102 7547 
86481 8872 
42235 82734 
57789 20952 
97386 69268 
30068 90391 
86744 17310 
32213 28108 
96502 99069 
21884 9965 
37860 83225 
54723 666 
71564 10087 
83361 75691 
76795 46665 
60265 86915 
41235 84574 
56085 15321 
63312 80458 
20859 55103 
99888 28605 
9301 77444 
63100 98453 
63365 29404 
68560 65910 
95372 33587 
63813 16709 
43208 67639 
20714 2461 
75464 19151 
58311 85645 
8832 31141 
73838 18458 
62711 76059 
98611 62270 
16647 22155 
62870 69354 
55136 85002 
49055 16662 
81238 89167 
36497 2561 
55590 196 
92228 91814 
70599 25546 
42316 21477 
970 24511 
66127 60999 
81160 11895 
91885 53470 
47996 87889 
36100 51789 
52366 77502 
21690 3471 
87788 16923 
30077 30872 
5584 81273 
91012 99802 
86539 8502 
90602 68811 
17095 37552 
82752 63891 
74521 45395 
22182 28873 
59940 37206 
98187 60515 
30713 16683 
37474 49086 
74389 39372 
61711 10193 
35295 30923 
30815 11649 
51785 34254 
76543 70403 
87297 34927 
32626 18843 
41556 2363 
97446 17229 
9648 76057 
23193 19590 
16122 20586 
11453 84101 
88901 70921 
9344 55780 
53502 90486 
42620 39264 
21899 68364 
92536 22535 
22359 89206 
21836 8606 
66647 19642 
81878 61527 
79260 68379 
87678 75506 
19650 93666 
30591 31499 
12915 51441 
9357 14318 
66995 224 
99428 25132 
95162 4718 
47744 39153 
81428 9041 
75570 26401 
23459 82698 
95512 74591 
62705 77599 
514 27548 
64654 72862 
62400 79954 
43474 25589 
85463 49826 
34795 90482 
96609 83804 
7950 18889 
17742 37149 
74746 98754 
58363 10283 
95667 50964 
86749 16788 
6382 54684 
86634 3948 
87551 34573 
82959 46256 
79110 6091 
25051 84739 
96592 41674 
48497 90519 
41505 90135 
98016 89723 
10376 54422 
82796 98678 
97810 8757 
53033 83248 
57746 15144 
31852 74262 
34072 81416 
10272 42156 
96856 88190 
14602 58268 
23679 524 
85380 47689 
46884 71543 
64921 69095 
47063 39951 
76553 40733 
10663 21080 
92777 68503 
85336 92020 
31896 22037 
60511 75381 
93041 47755 
72619 33348 
38070 4048 
84511 93967 
55481 53063 
16841 44957 
96252 46012 
15510 46868 
54443 94490 
23763 37017 
76423 28963 
90111 18398 
21748 7445 
83993 53632 
65998 52258 
9910 13043 
31306 60917 
7771 58050 
53811 58290 
2258 76344 
48979 31577 
17266 23687 
15475 17023 
2797 68663 
26196 87904 
31178 81364 
91133 26984 
7060 54730 
40836 53458 
1388 98137 
71609 14363 
63367 96859 
13906 43462 
86430 88117 
33986 36851 
4315 64721 
55516 93807 
71560 80668 
92608 23862 
39112 99565 
18676 26652 
70169 96379 
56549 9778 
54016 95781 
64425 21729 
66317 6192 
9536 41863 
93160 87698 
66811 87515 
83163 74081 
53359 69473 
17010 54493 
11237 51402 
87026 8675 
80784 46220 
60742 81121 
64685 13008 
61881 74215 
68974 1718 
39784 38144 
21345 29771 
14026 36228 
9437 64559 
74806 68356 
52141 28962 
91699 42318 
15533 43149 
33406 93084 
11704 65265 
29412 63462 
73521 96061 
10774 76074 
81273 68055 
51755 46201 
28203 48535 
96593 7835 
51064 47525 
96455 51112 
19146 36759 
434 98342 
70610 53796 
41439 77961 
8517 86591 
32931 90983 
20591 8150 
45668 2922 
66542 58345 
64976 35645 
84678 50532 
38527 78250 
5600 14291 
12227 83825 
24883 72457 
17504 69804 
78979 90504 
17167 93663 
88965 29464 
38955 32809 
85293 79707 
26007 57781 
3373 52258 
11702 51249 
44588 56749 
82670 91822 
30267 681 
28233 91274 
37157 3355 
87153 46580 
92123 29653 
93275 44020 
21059 13788 
90499 31608 
92430 61215 
34499 58237 
69380 88068 
23679 63202 
86014 81836 
5129 88096 
93241 44391 
82618 74643 
77481 9097 
13214 6588 
41563 7373 
16651 51593 
51317 96919 
37333 59892 
93626 53783 
92676 80533 
62147 73450 
13500 63106 
85405 22388 
32245 23141 
38665 30774 
3026 62737 
35731 19551 
43893 54480 
79771 10573 
76117 16327 
63272 77240 
97944 27920 
46405 54880 
70960 64625 
10358 45061 
16073 54651 
77613 16066 
13076 96674 
14663 22989 
72882 10698 
84351 45203 
4691 33225 
94760 66398 
31766 9327 
99544 2948 
18903 78851 
40565 20075 
62322 1715 
87920 62074 
58406 18161 
24685 62816 
11573 93807 
44129 95807 
63532 56505 
75690 69278 
26277 92217 
32663 71094 
79390 30554 
79316 20708 
48580 17083 
48102 90956 
16848 39155 
98621 21193 
32275 44767 
99184 55052 
67142 69836 
29105 1086 
51948 68275 
45234 32610 
54866 21380 
29825 14221 
2257 88313 
38452 66853 
39116 47820 
96489 60587 
9630 72839 
50585 55073 
97548 74283 
67581 91077 
3624 48030 
87499 73474 
53119 60045 
79504 75978 
20236 8535 
20153 40951 
28271 9208 
11777 43812 
34415 59916 
85515 40920 
36339 54378 
88286 22197 
44040 31162 
35910 45365 
44923 63736 
25615 37351 
52642 20165 
40332 10210 
71017 46894 
44467 53889 
23121 60060 
66232 36196 
92644 59934 
85194 61546 
99741 19300 
95293 14367 
86762 35005 
93451 40475 
20648 73378 
51715 333 
28218 84881 
66989 61750 
68191 11071 
46518 86433 
9502 57869 
79598 4728 
29310 63104 
66385 65947 
66084 43450 
23225 97896 
63250 66121 
60558 8494 
17078 54057 
34279 14860 
98877 99862 
4299 90767 
56012 33364 
95130 82100 
8848 60419 
42440 51722 
51478 66490 
26836 80140 
32913 57482 
41532 66389 
42399 92507 
14092 44779 
47611 48452 
4105 57431 
37715 44635 
28431 10 
4619 47320 
23563 88586 
55220 68516 
40694 79281 
85032 71192 
83228 9153 
59340 93974 
38773 16729 
41825 12361 
28041 43640 
82609 60622 
91651 15034 
27777 48818 
62443 45728 
40600 22737 
25754 21528 
31114 31074 
52952 60691 
75093 83769 
4629 69208 
66135 8214 
38946 65404 
85233 35895 
27963 64280 
91098 81041 
80170 80096 
31451 4991 
90961 26894 
50611 95228 
94491 70962 
21908 26426 
70096 16687 
64824 12348 
64399 87810 
16229 2060 
26248 99798 
12652 21692 
15785 5848 
6300 13843 
41250 38981 
81327 80742 
97509 65778 
58882 94397 
28852 13455 
79521 97216 
15262 31326 
29813 79985 
86120 145 
36319 90554 
98260 8347 
84569 96246 
76288 72947 
33306 95744 
2257 94649 
84938 52084 
59074 1646 
42025 97387 
77419 54685 
26581 42120 
9489 57152 
64079 6873 
54561 38234 
37250 83080 
91126 54678 
96150 20574 
28263 87229 
70409 34510 
74981 91498 
67181 21941 
40380 99866 
54053 79222 
19794 60937 
20001 15392 
92477 46135 
79458 63852 
54936 49233 
34661 4881 
40672 53912 
39660 24918 
31859 46894 
15732 55050 
51442 9754 
52398 50775 
35120 31217 
90848 97837 
21878 43546 
27313 54858 
69000 1591 
92744 72443 
92913 91118 
62154 60599 
60730 74226 
22068 11550 
9050 54000 
77750 23407 
46334 67958 
13219 11665 
3086 440 
26542 40112 
30124 37767 
50496 50506 
9363 76822 
34403 21251 
33834 37636 
6796 39292 
34057 23639 
60543 26599 
76439 19417 
2157 22852 
36017 15150 
85246 89320 
50648 99319 
4387 65430 
96674 66868 
60213 79150 
87104 48674 
19059 85077 
82534 80011 
81276 79975 
22301 90617 
41134 24531 
28774 17069 
68242 82225 
11235 9321 
65473 71458 
97446 27621 
61643 15452 
50795 3427 
78509 65968 
88819 68535 
71147 71488 
4931 40309 
78348 58271 
9365 87713 
35410 93584 
47591 92821 
95549 4385 
24911 65493 
78110 31903 
64455 65154 
11873 12771 
52458 32876 
69964 90778 
79488 39457 
99238 79802 
69210 10700 
31453 18103 
97304 99852 
26174 76934 
42297 38908 
36060 12268 
77390 15494 
4024 77495 
7734 90055 
98755 47016 
81173 89305 
70158 35963 
52113 86186 
59511 39619 
57968 4034 
30481 57635 
75553 63229 
96611 12762 
60811 22270 
8485 21570 
39429 52052 
29514 25516 
8202 22069 
73112 44700 
27374 70307 
96033 73815 
32761 74812 
42701 8 
73096 44218 
13620 85798 
82827 96954 
87284 26642 
33512 4447 
59483 62429 
68000 32288 
76488 94882 
10709 25177 
29343 38775 
64659 46386 
45318 13829 
51263 556 
59559 66332 
22459 39831 
75077 94719 
76418 77641 
22413 41799 
37820 11906 
11705 7749 
21650 89981 
29311 32680 
85444 31362 
68782 95304 
89128 60986 
1661 75109 
23845 95914 
87474 29478 
41580 71214 
94205 44287 
15940 87109 
50689 26783 
91096 8720 
80556 22932 
30686 52197 
73696 57920 
61372 46613 
35723 18110 
16808 69650 
18482 15533 
26908 16956 
75373 1861 
64605 79977 
4123 27802 
57690 75143 
36606 76003 
96875 88461 
10402 30794 
22855 73913 
10008 86489 
54958 71471 
96981 37445 
31863 91123 
57738 37741 
70913 42988 
85357 66070 
16696 80426 
77431 82314 
41866 62972 
75891 16295 
83588 39002 
96666 86308 
47505 94235 
97166 5293 
87812 11471 
7778 95907 
76784 39437 
9937 2221 
10035 74139 
77769 55440 
54808 14860 
12948 23753 
37753 68707 
93089 52347 
85951 42597 
22872 78580 
80335 79601 
24058 89453 
54200 67793 
25648 73797 
71171 74035 
18679 9924 
46743 32584 
21469 21041 
35462 48983 
60625 25319 
91828 63370 
10705 5288 
27149 54169 
51156 22100 
26900 53067 
93005 4188 
63505 85238 
99729 47018 
38030 44977 
76861 70838 
10914 66230 
33079 96745 
36660 49911 
21893 17875 
328 65521 
57520 62152 
64668 53218 
61112 65792 
75949 14345 
34250 2631 
43777 93345 
75450 43352 
5625 22056 
52408 50825 
10331 18587 
17794 52998 
6490 7269 
9658 73196 
1425 53648 
8811 39159 
64362 89010 
35071 36786 
83445 32669 
51818 22322 
50411 7024 
14052 57576 
38999 80355 
38973 86782 
63613 65387 
103 30844 
53268 47847 
46038 34944 
52510 18546 
23162 68891 
65805 34973 
37993 46077 
94784 43942 
29305 96543 
78769 55528 
32764 2411 
38172 70354 
11559 79812 
37640 27214 
95318 70457 
31226 56100 
16611 88106 
25408 92886 
59415 50460 
97436 36235 
37154 15384 
36263 4744 
99256 31849 
31244 82899 
24663 10641 
19802 28114 
98312 17605 
19442 47937 
82340 93115 
11757 46448 
87592 5410 
16493 81947 
23018 52614 
92279 74203 
50611 38488 
27274 48888 
1771 60337 
37777 9213 
17339 64015 
75765 80392 
58003 40595 
57331 81226 
94377 61999 
63194 38923 
26787 78821 
29700 78219 
3638 32509 
44165 83913 
4206 66252 
81943 57145 
26800 54158 
74264 60032 
76475 6674 
75652 70754 
77787 51720 
7682 51717 
47606 35633 
91831 67125 
50551 35768 
48358 73115 
25372 27485 
30433 43543 
14421 2245 
83149 87564 
50352 90693 
65556 61376 
54276 4826 
50570 75767 
77810 76747 
22337 53585 
77826 37997 
23588 96796 
47175 53103 
66535 81499 
37236 93707 
10008 11062 
98898 15541 
22848 22517 
37399 79517 
98955 59392 
23439 40313 
62941 95353 
28082 11108 
6977 17365 
52153 1489 
29244 54486 
2243 17056 
2270 69028 
24844 3886 
85496 10440 
47772 18762 
10559 69155 
93757 6966 
10079 57540 
24909 73418 
31135 88164 
48754 40098 
73149 15796 
66634 92915 
16576 58864 
73470 34582 
63563 18531 
24268 76569 
94653 69137 
67180 22803 
56654 2414 
5563 20568 
35953 69730 
92177 79933 
38826 81537 
77540 92017 
95723 91272 
31394 8558 
30027 12162 
31358 80488 
83459 89670 
66070 91611 
70079 79800 
31448 64951 
38742 64016 
8188 64025 
59906 65236 
96209 58983 
16854 16162 
47483 78480 
73663 71177 
82519 22148 
12680 46077 
97770 65631 
82787 16116 
71313 50437 
76410 2151 
52357 14226 
57986 27108 
76528 83648 
99562 30581 
83310 21489 
40169 88043 
24637 92622 
74838 92963 
44349 89162 
96358 25101 
77080 34192 
58330 46256 
62112 65599 
1570 36007 
92821 86768 
87594 4239 
25584 59304 
12706 94728 
53330 4424 
34100 24613 
8437 74300 
25449 88261 
97223 52396 
93584 90881 
84047 42716 
30191 67143 
36852 11865 
42809 83156 
17968 54996 
8011 16336 
54098 66927 
16253 57021 
47611 13109 
32705 78111 
97635 11643 
81249 74606 
83906 57147 
69904 83586 
28927 40044 
15069 56996 
94710 40720 
89268 74553 
89234 6999 
12499 52134 
54716 55519 
30808 22234 
84880 72830 
77394 37344 
71653 30447 
91309 74608 
13054 69553 
76742 619 
23508 55710 
21913 88950 
75420 51666 
60752 69818 
66576 7252 
52839 31215 
51774 19334 
77474 83911 
99062 71934 
86288 48929 
31052 26898 
35479 25408 
90037 98833 
23520 49198 
21916 14578 
93103 58120 
8490 27073 
17142 38497 
90211 26265 
77773 39386 
12249 65554 
64613 5879 
95549 1295 
63940 914 
81543 24993 
83973 56224 
24283 53096 
63122 17364 
6957 27648 
37832 25202 
41140 72594 
4580 6834 
66557 45130 
96611 32557 
6779 19274 
10140 32365 
51951 39685 
57074 55374 
33541 87782 
91675 98627 
28037 9338 
57147 27966 
76644 62963 
24775 62914 
36226 62299 
53050 15 
83117 1222 
77094 4592 
75883 71001 
49758 9612 
45702 1100 
94922 22143 
23774 81188 
800 52837 
34019 50957 
76475 51941 
76261 76416 
18419 56520 
248 66653 
85421 27907 
24029 23379 
60104 85822 
81590 57108 
83172 26178 
94107 48437 
82508 43277 
46781 80649 
83441 63928 
18937 20749 
78777 40933 
58919 80024 
57587 46494 
17277 42385 
40296 52241 
51871 8964 
44266 81937 
96681 70827 
8865 75324 
42530 88210 
41896 7175 
12339 24230 
10337 64267 
26175 53872 
87461 94848 
42037 44852 
85717 10079 
27217 86016 
50161 35027 
61998 21028 
60742 77949 
2585 30377 
93432 10938 
33376 93093 
19963 32458 
20016 51085 
83840 12817 
34169 93630 
76342 7373 
58526 77291 
50381 59047 
96305 97446 
52372 1664 
3316 31582 
22683 18727 
32687 81658 
13750 8396 
32386 53091 
1644 54789 
63944 21288 
21605 8123 
17116 53171 
41014 31830 
79662 70745 
94304 83431 
84090 66538 
43428 57784 
93857 6600 
94855 36276 
10417 85771 
99419 53575 
79466 32035 
84907 14748 
49820 92058 
22927 69902 
91605 68355 
11385 80899 
11762 20073 
61803 95288 
14371 83960 
16755 76298 
40865 19892 
86844 24527 
90954 36168 
88949 66921 
68904 3818 
87859 81694 
21817 26271 
91958 74046 
36619 91015 
30291 16829 
40719 93222 
43108 22774 
7631 87849 
50910 20452 
3334 96343 
28046 64823 
21719 66811 
96083 25057 
48248 62444 
69433 57246 
59719 31925 
31154 87700 
15087 97741 
90375 3690 
17322 83525 
74428 72850 
29546 89964 
38602 89861 
10027 20296 
34295 79625 
90081 51054 
62412 69822 
56521 41469 
52999 82559 
16042 75825 
54389 84764 
12743 37053 
85562 80043 
41991 16994 
3923 20904 
53908 79006 
67401 69582 
67995 1966 
24536 38128 
26754 51233 
49122 93995 
640 41760 
47039 26045 
19269 81290 
2035 27723 
44541 7471 
94525 69075 
20174 61701 
22885 97360 
29117 74665 
80226 27210 
65425 73772 
91336 55564 
80381 61079 
94235 64112 
93998 51787 
58695 52484 
72534 8038 
70130 79157 
60217 50483 
71420 73844 
19108 80965 
47489 25087 
74906 3695 
57914 39822 
88428 89380 
71332 17904 
72618 87063 
32111 83867 
53176 51782 
94497 70650 
27206 22678 
92399 55597 
8794 55794 
73972 7702 
63007 88578 
19359 16914 
20513 88973 
77185 41242 
33910 20972 
866 25478 
83770 40673 
39283 16526 
67558 22083 
38052 24681 
7766 343 
37412 57595 
96964 11505 
10646 84267 
56954 2664 
73002 70082 
26796 83963 
5219 60723 
10195 94904 
78088 82739 
6608 61364 
34832 71607 
22370 26888 
86678 34331 
8271 52035 
3620 2921 
98203 88977 
37173 37542 
29878 55031 
94815 93704 
13063 48431 
96872 76527 
73386 72415 
85729 66958 
40508 59569 
24566 19751 
68256 17385 
18213 1064 
71345 48098 
12241 54767 
38365 31155 
78106 60819 
33958 95008 
71897 76553 
34450 46467 
62189 32245 
50681 70433 
58519 86067 
79353 60638 
36163 30298 
89980 92846 
45191 80654 
98324 6015 
12162 73627 
99205 14008 
91386 42941 
31664 30748 
99318 45525 
27678 55030 
70440 59872 
51959 27758 
5902 85197 
74890 43971 
47228 28507 
33172 74797 
96539 78511 
23564 30334 
22056 30246 
43869 73485 
33027 42347 
42352 76868 
81786 80098 
61833 223 
52279 21702 
67936 54063 
24214 82656 
32339 6868 
59879 43689 
1294 87723 
46700 51398 
17353 34054 
42804 97556 
77894 35016 
15093 72971 
7920 25063 
29795 34890 
96592 89386 
53938 23089 
97004 53130 
52910 9127 
16991 39718 
24001 65694 
35057 66 
88773 98516 
60023 34150 
78119 92011 
15565 49103 
83029 81676 
71537 23919 
11391 81142 
62855 79840 
86525 59893 
33633 87631 
46727 88845 
19414 78191 
56729 45285 
33533 61354 
21772 96127 
54994 99209 
2915 58989 
24740 24911 
68215 74305 
44763 45704 
78601 8498 
40249 19774 
99508 48162 
88777 50513 
49798 38304 
42589 98950 
47998 63851 
70024 75337 
92540 72969 
20445 34239 
17504 93176 
73323 64030 
98245 96782 
66639 31267 
42336 30908 
12324 13221 
90412 39131 
97228 27678 
68790 66750 
36898 48169 
81155 59735 
96489 74876 
115 38617 
18155 16746 
21119 52878 
97553 28712 
70991 98862 
33388 39421 
21263 14781 
33454 99499 
42509 50082 
98170 78152 
50049 43262 
18365 36750 
33688 32158 
17913 12077 
34538 63806 
43774 49036 
30536 67152 
56113 32875 
18916 1211 
99380 84340 
38669 93727 
41581 97718 
58965 40929 
53463 21310 
70509 47700 
61898 2671 
55992 49255 
52504 46796 
83073 70399 
15382 64463 
58731 46495 
24807 20064 
7371 51436 
18819 23495 
86736 52271 
97901 49080 
35425 37559 
93225 5988 
53785 47075 
64489 29241 
55926 64217 
74911 8157 
94799 19247 
56691 19963 
54554 91469 
24110 90305 
24803 91486 
13372 59510 
19955 50891 
28439 93729 
83437 46056 
50298 43439 
21416 35115 
23449 18314 
43537 92822 
67904 17078 
49230 86642 
77543 23732 
87300 49249 
56430 57408 
33792 67565 
13521 42112 
78551 26512 
83181 44749 
84411 16857 
64011 15082 
84620 40862 
71709 49633 
13887 26843 
83069 93077 
26357 94375 
7637 85264 
39838 95512 
61194 59797 
59787 94240 
30934 949 
78817 36315 
16040 69710 
17934 4710 
99379 16894 
74215 52064 
56074 11482 
66317 50876 
32988 25750 
23985 4601 
39465 35245 
50643 18386 
74171 11308 
99180 36866 
75453 6566 
40208 18265 
23384 59731 
69348 28993 
40475 75029 
95525 10962 
35043 63703 
75769 95099 
6301 70313 
13688 8777 
83455 44906 
18577 52388 
2464 63657 
29999 807 
33554 45197 
48767 19213 
60230 57599 
79356 69538 
76180 61884 
81104 23747 
10389 91887 
45943 93248 
12690 27492 
68957 29888 
