4225 7323 
26873 52388 
94932 14319 
94887 42393 
52542 63696 
62337 73245 
46372 72403 
8380 41687 
50115 25693 
7549 84119 
20284 86890 
74410 55922 
12936 47273 
22002 31236 
9616 33610 
57755 7960 
61042 88625 
54771 39558 
72770 40575 
78621 5204 
50936 82088 
20210 72845 
98148 85573 
83819 5986 
99686 92754 
6091 14277 
68398 29252 
36488 50463 
23020 11651 
92687 11787 
59149 34115 
15406 12664 
34640 44376 
86303 57227 
31988 44781 
39888 55319 
79046 83103 
95794 93530 
6442 29946 
61289 94127 
95127 74825 
5566 68985 
20740 11387 
87140 3093 
32784 23732 
23589 82793 
16120 30438 
28910 17565 
69853 90628 
7922 91014 
4431 27313 
89432 16642 
1593 77251 
290 67071 
3822 33659 
30997 91554 
4 8417 
20196 35940 
52260 3745 
90132 31696 
65240 49850 
98122 26165 
33651 34672 
30078 84912 
16385 24612 
51293 8845 
76337 50989 
46993 73719 
93854 16008 
30560 17732 
8722 54110 
70877 74063 
70693 69865 
91884 69573 
81802 61927 
27252 88285 
95027 34073 
70959 28852 
93361 89001 
50607 68918 
10940 98275 
64480 86055 
73595 42729 
65614 74962 
30047 21607 
46573 43611 
16941 35872 
77153 67275 
51009 61363 
73902 28647 
69861 40839 
35130 74724 
49284 40494 
57972 76693 
9360 36113 
65142 87732 
84353 16816 
8138 55484 
71997 20217 
80965 60868 
96705 41821 
73842 22995 
18155 93603 
19910 31114 
91836 21996 
39589 38852 
41338 33857 
67053 83452 
33534 20514 
51177 73257 
57261 14611 
59349 20417 
93713 62216 
76708 82573 
32490 43559 
85652 17246 
31058 29750 
30868 45702 
37412 19953 
23658 69271 
95754 63778 
16032 80405 
33292 36982 
79780 63201 
82561 5127 
58672 83697 
28177 79422 
22975 28916 
79500 41780 
44602 65463 
61431 91945 
28542 53434 
84412 48603 
81581 69430 
1643 18478 
72900 63687 
86670 32687 
42770 647 
67693 38007 
45359 9725 
36287 22204 
69578 3596 
7732 47208 
67917 5028 
47705 61668 
37403 60093 
95845 65307 
39072 5530 
10527 1487 
12781 1107 
31163 61548 
42695 34014 
4447 94699 
55474 51639 
49179 30670 
87948 81517 
40652 38782 
43984 52812 
80057 66774 
71290 42384 
76967 25431 
28046 30299 
13673 10980 
76570 64606 
78995 86189 
36581 3236 
56174 73257 
54228 22098 
24529 46824 
94645 52763 
87809 53818 
45623 40536 
73495 28346 
27886 94330 
56800 14481 
43490 33410 
50696 57546 
58020 22906 
69026 75364 
4567 29936 
13619 74961 
17844 25243 
58270 37334 
55375 1447 
2575 53140 
39304 78316 
46814 55568 
57201 17926 
95431 63113 
93128 78105 
31130 14654 
21265 91311 
14205 51952 
83552 67834 
52445 80583 
90119 87217 
55795 19310 
26631 59827 
36942 30053 
26270 11701 
44085 5831 
65682 70112 
15355 82465 
74054 4741 
25729 31323 
2346 9915 
56735 84995 
85775 97037 
56840 45585 
46800 3188 
76150 26142 
28119 11791 
52887 79777 
15637 24304 
1081 78145 
9869 18111 
99031 11217 
30915 75073 
6274 93642 
96927 67669 
43193 79515 
98904 45203 
51832 6987 
5666 71254 
19104 16911 
72047 25360 
84294 15593 
90616 96869 
71607 80724 
22634 66958 
85479 41703 
67520 96007 
81481 796 
81729 7835 
78849 99982 
37751 89751 
12040 79823 
21843 7930 
28168 21314 
5129 71324 
24790 9465 
86889 64125 
88219 8190 
1129 6753 
36397 90123 
97914 98387 
92339 22097 
59527 40273 
14235 67272 
88138 38339 
86549 28278 
6463 36105 
32778 22250 
45816 34417 
45025 48260 
56971 13270 
38110 80382 
68430 82741 
26707 95552 
33966 55060 
92803 24335 
56727 47850 
57774 94883 
50717 99816 
98449 25597 
2132 4431 
49784 10389 
22820 44649 
18088 31964 
46033 42199 
88224 33129 
683 18754 
45821 73937 
14469 3044 
51237 3324 
38538 7941 
95857 77901 
56728 44616 
43311 67713 
41007 37043 
8265 99000 
41370 49461 
53666 97408 
53217 41826 
93698 11574 
88200 23866 
74126 16647 
85499 87047 
64358 20074 
39696 55545 
36239 17832 
88678 12308 
23455 78323 
411 24312 
52400 63242 
20970 12334 
10439 30026 
97868 84878 
70754 98814 
72502 83321 
24266 8420 
43462 65917 
78641 30379 
38470 92002 
71958 57947 
96879 54531 
14343 37751 
56954 49054 
14736 65850 
62556 60268 
71910 27045 
52401 93509 
8975 16571 
71696 77830 
8816 46638 
50794 19791 
64257 6858 
28345 92604 
91228 17136 
57528 4027 
65794 84452 
23060 98160 
36641 50757 
13989 11275 
33462 98264 
42671 19869 
38639 60521 
73882 90306 
14744 72915 
29665 63761 
83576 84621 
65299 87579 
33823 45543 
69696 34778 
93900 76382 
29550 37058 
44098 27763 
10742 93560 
57931 35194 
52774 7497 
56394 80666 
42426 45897 
30818 78805 
31353 13852 
40125 15759 
89019 84006 
16474 82372 
37124 24446 
19682 59717 
94623 23742 
65229 34651 
73427 20531 
13297 45866 
4083 6925 
46980 86730 
37989 89893 
86674 20260 
68105 62886 
84610 93680 
33675 61136 
18624 75259 
26127 48393 
57417 74533 
93098 10286 
993 48491 
45442 10094 
9346 40952 
8130 96355 
20136 50097 
20088 38616 
21774 70017 
80315 7510 
92202 6137 
58038 8461 
35619 21484 
33195 24481 
49506 31063 
10177 22839 
32532 24933 
52583 32853 
242 67133 
19610 7577 
9952 87181 
45777 40885 
8810 53673 
94799 23255 
9770 95355 
35750 84489 
69017 14061 
35048 89694 
85389 16024 
31316 26014 
67428 73344 
61862 41946 
16921 15756 
39295 78481 
59116 44352 
34675 61925 
9314 53531 
9697 11893 
3091 45231 
54484 54824 
33154 20349 
29931 23289 
29674 36257 
83891 64445 
92913 26480 
9061 77147 
37062 88835 
37077 46600 
32415 61694 
18118 47808 
39380 24582 
18212 44713 
12275 78901 
77498 20543 
13460 87363 
11835 36762 
19091 76569 
7445 32909 
16621 36191 
53697 47713 
91135 80325 
82640 63040 
72726 71868 
35605 46570 
70328 49110 
56921 96502 
48764 35269 
22765 72202 
15255 56309 
49135 28362 
69231 40146 
87152 57066 
34982 21212 
6146 82112 
40584 28358 
85409 42984 
28452 91223 
84018 52080 
83016 60404 
34812 8103 
39212 199 
13376 976 
91832 79155 
65791 49189 
60255 53299 
39973 69214 
75685 9685 
54540 88385 
48717 13759 
56476 77646 
43939 83070 
64232 98578 
35219 91950 
66479 30350 
40429 97071 
48341 66524 
37608 62145 
46769 49117 
45868 51564 
94598 37853 
13861 57354 
98856 96270 
96195 21640 
13098 13116 
13927 17640 
5774 67465 
89097 56235 
97065 88995 
15255 92299 
35192 61103 
75997 15199 
9794 63830 
51801 21287 
54825 56005 
61753 82686 
76289 51604 
71250 46302 
51172 53985 
59359 19769 
83111 73509 
80240 26890 
67599 68959 
71878 44147 
14950 21265 
62344 61988 
2782 69238 
98913 49854 
81434 11294 
78576 42273 
35516 4641 
89843 4865 
12702 73927 
85190 83732 
66920 75066 
91123 89458 
27239 46757 
28537 17812 
96043 22166 
59893 63267 
506 66294 
1741 38575 
69889 50765 
41162 73877 
87870 77056 
72969 32224 
73882 11662 
30846 44879 
80353 2237 
20046 39398 
53778 2448 
71917 6257 
96713 45098 
31198 25633 
85049 68004 
55920 55014 
40379 15214 
56675 60366 
30743 7286 
27148 58912 
74751 98724 
21024 29891 
53847 18068 
11708 41229 
95375 16718 
30787 34635 
75167 36266 
18777 9415 
2522 40910 
37367 46170 
92726 51490 
86288 15544 
2677 60728 
39850 24326 
3722 5462 
68324 61448 
92455 20973 
37544 19819 
95035 4947 
86483 86426 
3461 74179 
66984 12764 
93316 5825 
92479 419 
11608 16811 
83196 62485 
90666 49959 
14249 50540 
39414 3457 
69957 68986 
86926 61487 
82820 33850 
4785 58139 
88845 71503 
14585 34192 
62217 94269 
94806 26894 
1818 34506 
37332 66577 
29666 66523 
68054 40756 
27104 96548 
38260 26293 
78364 54994 
13949 83292 
13169 82357 
38736 50562 
40075 60396 
22653 81819 
40513 3554 
13970 14228 
49829 92140 
44046 66455 
86081 98390 
96268 22091 
99977 29287 
39280 66134 
10031 85897 
82016 7142 
55875 17993 
53432 35738 
49649 34840 
83388 41366 
30459 18313 
62780 33468 
30155 72851 
90811 90733 
39983 38278 
75203 92617 
27184 86162 
37181 71024 
88175 18112 
87227 56867 
40690 85297 
79873 86142 
51091 52504 
26241 73263 
65054 37131 
41534 55531 
59911 63810 
31382 61997 
65153 88709 
75696 62360 
3973 64074 
51622 7146 
93157 33201 
48209 79099 
1278 68774 
64557 37503 
5822 93400 
50520 52144 
8760 50162 
44424 91644 
67040 23140 
85809 52112 
69560 43113 
32861 86372 
45420 52034 
93992 21461 
19598 41352 
90916 32670 
41655 23922 
6628 76072 
686 46960 
35838 68322 
5449 4407 
47711 42433 
52453 61050 
91145 1318 
26762 57891 
21399 37060 
80358 28503 
3499 83206 
11152 19486 
52668 19810 
22046 74652 
4907 56521 
73962 12189 
71925 77709 
59310 96802 
23740 45426 
13129 84725 
59580 20951 
47941 98487 
73118 83726 
45381 70442 
91608 97697 
62710 79349 
70151 99366 
15582 92637 
52105 59324 
79765 18519 
64564 99585 
13991 66727 
3861 32754 
43703 14414 
80221 25841 
61209 74633 
32960 81520 
91574 68816 
98054 72663 
45568 11788 
8422 62186 
31098 28142 
33929 89562 
22735 32133 
22916 7786 
95351 19786 
89950 10154 
12296 41530 
5541 94908 
21186 46425 
82724 77613 
51081 14935 
22698 76066 
23658 26182 
77101 60624 
88006 37773 
8077 84004 
63714 91534 
78902 78949 
30181 96854 
87761 39569 
31418 84861 
65158 82764 
75066 71271 
91473 19795 
91980 13517 
55365 54905 
88433 98625 
65972 67840 
66840 52324 
52284 30155 
12897 17002 
31625 51418 
47089 6369 
5782 50724 
16790 8072 
48165 1358 
61485 72009 
78255 2054 
18139 91714 
80643 86938 
46332 58957 
15127 98097 
43503 47545 
81606 9640 
89478 61357 
48949 10195 
6460 63750 
30502 21953 
45719 90721 
90618 58722 
15485 38614 
96333 2871 
45849 8640 
86225 11604 
45996 85123 
14578 46733 
46644 22134 
43046 58880 
36336 14045 
94391 47037 
94028 29557 
53201 57430 
92442 95872 
97089 81866 
96697 29929 
68487 65019 
10994 27021 
51965 32585 
32467 33594 
4908 7790 
55774 50671 
410 92420 
34607 37094 
80411 50360 
47034 7646 
84393 46592 
30417 50148 
14349 62635 
48619 17713 
20287 30622 
29339 87629 
42182 2520 
62608 16706 
24076 98454 
82833 64423 
23939 58626 
66262 99852 
78944 57053 
63321 56073 
49946 22147 
51016 46697 
61277 49086 
34427 13085 
72344 82026 
48297 28018 
66075 90360 
9815 41793 
15910 62567 
51932 20119 
97810 93639 
22859 89682 
46697 47615 
71911 76890 
17728 35479 
54432 98038 
2010 60460 
79262 35036 
63621 47736 
91069 9839 
10223 93606 
26820 52843 
83082 40375 
10779 45763 
53976 7531 
55641 7902 
46258 87221 
18752 86208 
55239 42594 
21835 4151 
29113 31303 
80257 22215 
85781 13220 
3577 63651 
83232 91421 
22967 63186 
31551 78510 
73074 3465 
33151 76580 
5993 14285 
64482 8409 
43231 23053 
67270 39931 
77894 61408 
244 89588 
23814 52551 
13326 28869 
70914 26628 
45453 40153 
46839 37339 
14461 12906 
3730 81988 
62858 27358 
45986 59292 
46906 95987 
89962 34545 
8011 7426 
99776 20085 
45280 44872 
74721 20545 
15956 31647 
73301 36965 
26529 90224 
46450 71634 
41426 87880 
18255 26368 
28522 82058 
96339 40979 
81085 71598 
16033 75772 
4318 6176 
22559 2204 
31325 5626 
73678 29185 
38112 93237 
1601 59022 
60124 52704 
7424 36643 
73893 77098 
73972 28458 
96493 90021 
73614 43135 
72809 84080 
16521 85551 
66024 39858 
31745 17305 
40271 59769 
98654 82435 
26051 75479 
49426 45373 
88804 65036 
44713 79667 
78942 46417 
83989 40614 
27659 97873 
49771 52727 
67038 92291 
541 43825 
95208 22720 
21126 61540 
77758 39288 
11207 15153 
75132 13900 
42745 95953 
12375 98468 
45347 42668 
62423 44818 
84927 35019 
96992 10018 
85486 18098 
70208 79556 
6457 83006 
39224 2595 
28751 55078 
93417 48507 
21514 70009 
59104 61913 
58564 50347 
70311 14691 
28586 30057 
47735 27697 
36359 13243 
7878 62392 
23682 94611 
32188 63160 
48091 13917 
62123 64750 
45086 64334 
50184 66130 
65306 25640 
89263 11962 
21924 47034 
63055 15977 
5525 61602 
8832 6724 
23814 74660 
60508 75479 
1726 31584 
44740 58552 
33866 37259 
35711 91766 
15672 68905 
35262 33632 
92286 96759 
34215 65479 
54862 3030 
28015 41830 
82859 68489 
5219 82294 
77866 78225 
901 67510 
59582 83326 
8705 25942 
97813 43655 
75057 75796 
35693 68344 
56956 16877 
18791 65318 
10817 50919 
82388 8869 
93965 45711 
64929 35196 
2704 48296 
9466 79834 
41261 95592 
86937 78022 
14466 66967 
25183 59306 
63663 72621 
55839 81056 
20171 74053 
97583 62097 
33471 88495 
78707 97245 
42386 37847 
64557 56335 
96629 64478 
96124 97178 
3437 51212 
64908 50895 
69348 50863 
46160 70216 
30788 51891 
87683 66570 
18732 81058 
4630 182 
82533 71403 
62041 28886 
5900 4439 
36386 66014 
84035 69139 
34917 45439 
95138 67112 
17421 42767 
91714 33317 
8751 55653 
57586 34710 
12539 3348 
25009 55425 
36548 65847 
22971 76398 
18373 46383 
32523 9800 
96536 7502 
57920 54185 
6496 609 
83371 94978 
93682 81612 
74351 86722 
26409 81164 
99746 18461 
60337 77027 
96461 81697 
53161 98192 
71713 31537 
53273 75657 
39837 55991 
89372 43128 
20259 45796 
69379 82440 
81190 87717 
56417 3075 
99600 87983 
27285 42971 
22246 69294 
34545 78644 
54767 74827 
87166 36662 
76286 55690 
36701 5667 
75497 14488 
6010 58344 
30876 26984 
25801 6161 
12424 66260 
50604 26188 
65285 9375 
10243 18929 
46599 15178 
15507 78851 
26111 23787 
77407 85209 
28357 43154 
18275 49711 
89636 56212 
49924 89743 
26536 3309 
69200 31117 
64418 68922 
74457 82661 
54072 29107 
37844 66512 
12642 96700 
77787 32571 
60982 34966 
63605 33340 
93738 97233 
49949 86257 
10752 89961 
82613 4621 
58794 49789 
39189 35354 
81147 71271 
68200 2081 
49264 21345 
68512 15405 
55451 29015 
7211 78737 
78498 44287 
8584 87695 
95164 19105 
59440 93819 
99611 74829 
66754 79235 
10166 85765 
72426 67919 
88189 26292 
76957 81304 
67361 356 
48909 31273 
93378 96385 
272 31928 
3817 88148 
89178 3038 
35836 32626 
70893 32699 
35429 99672 
55610 64490 
56098 5041 
47287 75304 
77102 8309 
31632 13998 
41841 80293 
53290 78184 
15482 40735 
72402 16697 
87582 16365 
18927 58681 
252 71882 
69452 86722 
65323 21953 
55706 91090 
44998 41046 
76573 64918 
9647 49698 
26151 25995 
53672 70784 
69199 79900 
45798 17407 
92356 71277 
13661 95235 
34557 5360 
14244 76396 
53307 60191 
21477 29526 
14859 51511 
70249 71100 
5745 56904 
32090 36874 
50783 53561 
61969 59092 
88340 74873 
47913 75046 
97526 45101 
15582 85642 
93937 8468 
88457 28816 
10681 29306 
80970 31973 
59634 3224 
6673 60045 
24217 85832 
16476 81339 
69473 15106 
42996 32045 
67812 76307 
16238 72073 
29495 34194 
33103 89848 
95824 36298 
8627 31745 
99926 73159 
10406 3040 
25145 66652 
79297 11576 
94277 45943 
69294 2780 
4220 62100 
97373 65229 
80094 87008 
80139 69662 
60482 40012 
48276 41147 
41151 86567 
72075 54054 
98489 57195 
1721 82553 
85837 42173 
24585 35547 
46007 27624 
68382 54265 
11506 52069 
33884 53175 
70314 79002 
23758 40468 
59556 674 
45142 63020 
11995 11030 
2749 82578 
21000 11614 
66539 4865 
8487 43284 
93450 51334 
77305 68667 
6181 84525 
4644 65589 
83694 72277 
86246 30039 
97895 3496 
72578 28783 
38843 48738 
47557 86334 
6898 92570 
88060 38751 
14354 51479 
8139 37630 
31393 31044 
35728 41634 
31637 69143 
91593 90045 
41059 58184 
40378 13094 
70710 38629 
61829 97170 
18500 8557 
46599 89532 
58171 99550 
55548 96788 
94633 27897 
94023 4136 
54014 41915 
43326 18243 
94041 51136 
60449 15675 
65782 41165 
4091 60861 
31321 49229 
70111 42899 
43597 99707 
22752 68816 
24415 76438 
89357 42465 
34562 39098 
45740 52827 
15970 74694 
56995 93253 
68 11998 
54233 34074 
18712 16689 
21588 74982 
24507 28062 
39827 10738 
25880 94330 
82947 54012 
68912 12873 
92427 72530 
52711 84213 
60097 14214 
48050 44100 
35101 13630 
2 46731 
32983 95809 
34464 33985 
65699 19397 
55773 40481 
30171 30063 
17995 52321 
89966 27270 
76025 58601 
59825 82725 
74291 9055 
55935 87224 
10629 18670 
6215 44108 
20828 40652 
24367 72185 
65354 62827 
39014 28690 
63947 69376 
34989 13800 
16047 49740 
7680 72141 
65432 29606 
53313 63939 
15982 45063 
18147 38649 
82136 80348 
7784 7325 
62402 42032 
14129 76460 
57185 48070 
52041 75692 
13249 68829 
10271 84492 
66253 69012 
12041 38844 
70128 64367 
49442 77940 
47449 25100 
2820 73018 
68489 29127 
81406 65749 
68315 92613 
24658 31944 
41066 82682 
85165 77853 
8453 47741 
73400 70980 
45576 84576 
82216 5056 
61299 98172 
24723 99724 
72700 159 
13001 39471 
83563 34855 
77091 63488 
75354 18057 
73816 28379 
45845 23073 
63174 79026 
85282 50887 
36434 79422 
62945 76969 
64498 74909 
7958 75878 
97721 80008 
7376 86670 
89090 11930 
11851 97030 
31502 18818 
34617 92139 
96881 83945 
53029 35451 
39939 22317 
73588 22908 
82634 24519 
1145 79516 
26706 44145 
60895 47825 
51168 69785 
57815 51488 
39198 70288 
22341 3956 
44631 52905 
83392 72237 
52065 27921 
30224 98786 
6602 30510 
73168 30709 
89319 10802 
89940 4859 
92782 66527 
49007 89768 
7298 59121 
34405 90991 
63030 23773 
57430 85071 
85727 56691 
29805 59208 
14529 38707 
90169 98600 
99167 33362 
21207 81541 
40831 79739 
68203 13506 
66104 85565 
71527 55820 
26553 14476 
55292 81890 
97943 52860 
72379 24611 
12490 36299 
92021 62180 
95183 13396 
30326 26436 
90913 25667 
66385 7725 
63022 86150 
57040 73407 
15807 46535 
61903 13265 
43679 52869 
16889 74437 
37831 3270 
49307 50903 
87677 37569 
10470 48138 
98749 8467 
12801 52228 
11367 6506 
97602 94574 
45111 37052 
26910 18228 
12956 76508 
88289 19998 
45941 67055 
24942 63632 
44295 44542 
55178 33709 
24202 32452 
25068 27322 
60713 76430 
46021 61178 
36801 38468 
5049 5459 
96138 17582 
99662 42582 
62903 14724 
41605 88955 
35788 13654 
94057 10879 
85314 6624 
55468 11944 
83696 54011 
79846 68581 
74706 30367 
28108 42882 
47322 75896 
78002 7345 
11443 41987 
81172 74923 
86533 92177 
45055 39540 
4779 95799 
34632 97208 
99212 30590 
34420 35919 
94188 92641 
84667 53705 
40750 97338 
7339 88544 
42594 43318 
67297 21257 
99711 2965 
71957 43102 
56275 97617 
98777 63448 
76906 13373 
54044 69750 
91189 14308 
8773 41965 
40168 13888 
27872 66637 
30502 72495 
7330 92060 
52076 99258 
60784 15232 
43079 49729 
51658 93784 
92904 27475 
49942 31609 
57706 17266 
3731 95611 
26051 312 
54795 82829 
12799 27858 
94746 72105 
78231 58469 
53767 62551 
66384 96467 
37421 22263 
31674 4207 
78686 45021 
76092 99304 
52184 40189 
50616 89381 
5466 61577 
83954 41569 
98234 14713 
89329 31738 
4572 68810 
65742 69289 
25522 39628 
53980 47395 
79758 2523 
29648 25647 
88640 41154 
15554 12367 
48613 36625 
74035 77189 
88654 54304 
96138 91046 
43436 91108 
39056 60299 
33881 4750 
75806 94526 
35925 58238 
11877 23341 
35642 77879 
92385 56651 
14237 41108 
70302 64843 
79993 81629 
31364 40691 
65896 23695 
74535 93127 
41447 34791 
28213 14523 
45093 16547 
41867 57774 
29727 37387 
30371 57219 
27883 47267 
64037 28306 
85531 4771 
91180 84930 
83782 89903 
52049 20487 
66354 72113 
93020 8947 
17309 52414 
18197 95626 
88364 871 
21913 63841 
57960 66329 
30066 83269 
15360 43927 
40873 68565 
2144 47761 
96289 2693 
10815 51009 
34247 8419 
35594 23893 
68796 83551 
94037 21034 
20333 50747 
89773 44098 
71359 11111 
66438 33036 
54520 32291 
10777 19826 
89161 46429 
98960 12292 
70244 81052 
44268 62388 
79182 96886 
96641 13308 
29991 60582 
64940 12798 
86152 37453 
81358 26296 
83641 49586 
4037 82794 
73848 8092 
58755 38781 
56408 94710 
53447 51195 
6489 37674 
60371 8984 
13634 99438 
49870 84720 
40005 69807 
76988 32620 
74719 36951 
67593 77423 
7933 90967 
24204 9748 
73436 99873 
73376 27872 
11728 86316 
6269 43321 
86914 24767 
21975 98224 
50224 73610 
69165 26069 
80534 54294 
95807 24329 
48039 90573 
58986 97355 
41021 24903 
17274 71005 
67671 36137 
26598 76661 
94993 92970 
87277 51630 
15060 90935 
44616 5318 
35226 37247 
28410 56184 
73378 67445 
27707 53141 
1909 532 
36370 56885 
24812 65159 
72236 71605 
91149 58452 
68096 85558 
45111 31184 
56266 199 
87998 28228 
20137 1887 
80653 51662 
65936 57598 
46254 55336 
75786 96673 
42807 24392 
39224 74300 
62325 40947 
24482 99254 
79353 88053 
43118 48364 
15395 98030 
82002 83224 
7721 8416 
25201 30890 
71178 49016 
64948 89580 
19818 46928 
5683 72878 
71514 2909 
98065 11462 
93215 62081 
871 90122 
57078 74746 
57881 9599 
68444 18925 
94115 27753 
95468 35275 
81207 52620 
77189 7140 
95236 31100 
11931 3762 
91993 1368 
31122 93051 
54447 54490 
45005 21813 
25077 81350 
6154 55973 
21795 64634 
74324 71086 
50315 12469 
81875 84277 
68126 20243 
92875 22812 
25640 90184 
20936 31571 
8601 34509 
20954 31988 
32535 37221 
98143 58388 
94765 52098 
84088 14150 
72461 70002 
14034 9766 
66205 97282 
2206 67609 
27734 48907 
52700 4111 
77784 74873 
62302 29044 
15386 6523 
68610 33742 
43498 30578 
71869 75341 
87508 73023 
12222 2499 
62943 2426 
15366 9568 
56608 42805 
29122 50805 
21436 19911 
60987 93978 
49481 51539 
92486 43586 
79770 32481 
89989 17933 
18127 57764 
53598 21416 
94662 74022 
45858 13631 
61211 48170 
20218 40305 
35869 94976 
25561 57539 
34601 10710 
97549 50496 
91015 18729 
60171 20410 
54483 44677 
51573 89676 
74131 3918 
57109 53786 
21584 1896 
79525 90992 
78930 19290 
1285 25867 
19997 78165 
97264 31252 
42828 62757 
37395 44651 
69157 99083 
78311 69712 
12730 81288 
80642 31213 
32443 69415 
4324 52837 
28597 73276 
28152 31039 
10954 80123 
11761 85421 
65807 80028 
68332 76290 
75966 92216 
44516 93467 
2323 98000 
10466 36888 
18569 41552 
47276 29207 
1694 68450 
81785 23320 
20028 33726 
59378 93658 
27897 26111 
64295 29047 
71360 23207 
93922 77110 
33031 13558 
68620 25410 
95654 95837 
11911 42920 
83887 92888 
67130 46918 
51645 98852 
26185 5021 
18413 11363 
33618 29826 
22068 87562 
94907 74530 
48074 2659 
61792 91863 
15284 82821 
89375 75838 
47140 30348 
59847 66038 
33727 58440 
45919 57583 
94903 5271 
43379 26377 
87654 2677 
36659 48896 
61850 33435 
73921 68520 
57739 22948 
18869 36298 
55804 76069 
15344 33027 
35013 87891 
47744 61660 
69042 28486 
5407 84325 
91672 25938 
62299 66593 
92418 49398 
64719 83154 
61261 24525 
79199 33681 
87494 97303 
90365 15422 
31760 99082 
54261 99928 
32707 55616 
6480 65348 
80080 25946 
96411 42823 
84573 53153 
69029 45796 
1488 58339 
43849 64410 
19959 11629 
47049 23678 
12475 69545 
37194 23748 
50427 76807 
27638 3320 
30582 92433 
49372 93164 
24673 14931 
16940 55694 
59702 49470 
57022 38674 
60074 81092 
34397 6385 
34376 92347 
63165 49975 
69352 91168 
22541 20199 
1585 95386 
5922 70395 
73385 53964 
19580 45302 
43579 71838 
13041 2188 
16169 45217 
67047 4773 
70227 7240 
86989 87568 
22949 30086 
49784 48468 
34431 28957 
30389 90876 
67537 65777 
90519 3079 
49107 56046 
46556 32262 
39833 40939 
46306 83293 
9244 98598 
74906 48279 
29560 33478 
79094 51920 
47572 684 
45996 79780 
67234 93427 
97680 41900 
77338 46052 
65970 12502 
88382 82505 
93334 78072 
718 70716 
65166 20738 
12022 27019 
16338 61588 
86371 51579 
70660 89479 
49424 65738 
65715 4880 
44662 65220 
87499 15417 
84167 99389 
89421 30054 
54055 36003 
98410 12207 
89506 73407 
17251 68613 
17204 17632 
16724 70373 
74064 50585 
73731 25391 
50258 77308 
52306 47245 
71870 55263 
43269 94596 
33879 76612 
75237 87324 
17747 95702 
84816 40847 
79511 68266 
87024 98470 
74086 96267 
18318 83099 
89400 52919 
34107 34287 
99992 96083 
30207 44346 
13889 65069 
23410 58114 
78852 95788 
70218 54994 
34495 82308 
24728 88998 
45309 59025 
36780 22784 
26295 76981 
69694 55052 
77682 323 
73253 7178 
78128 54439 
82103 4581 
46830 16002 
22278 61077 
74129 47004 
99354 50364 
37488 39733 
10504 27765 
65118 57797 
69778 47496 
83083 29415 
60957 5988 
83348 73564 
35615 30160 
80049 16988 
55320 21034 
79142 90641 
36411 57744 
72657 77840 
93381 64715 
82918 23207 
92591 45671 
24374 1433 
21931 92154 
21133 87952 
53984 81345 
16764 69805 
30355 88239 
39654 84312 
23061 50605 
41954 75571 
35205 41667 
13068 14408 
87651 25070 
79678 36079 
1001 89444 
43457 11825 
22899 85771 
74904 85355 
69540 19742 
77143 73375 
47236 83454 
57079 50473 
94971 46004 
92931 12997 
42128 60963 
66994 44003 
6900 90187 
40346 81904 
70361 88061 
82282 29161 
48803 38028 
31403 24153 
52633 84118 
57580 39322 
63992 54234 
14411 61752 
87223 29023 
20352 58515 
26420 70477 
83324 28462 
22495 87734 
88410 94556 
38579 84089 
1171 96419 
17006 98841 
118 1456 
43762 30347 
41062 64734 
46983 2550 
73335 32739 
24943 16242 
73298 4195 
45937 8453 
34071 32319 
87567 28612 
52093 77223 
86174 28503 
80903 94572 
48478 54547 
80433 77223 
36979 25566 
76155 50238 
78288 76937 
56574 56455 
59223 52941 
79847 59811 
69428 33070 
30709 36589 
21173 85255 
67452 21038 
27152 49158 
25310 21064 
45266 66102 
97456 22176 
5770 88695 
97662 53408 
20607 22831 
19750 97654 
37359 77521 
48112 90646 
40968 23867 
40853 67768 
25232 93502 
2534 85945 
53040 78964 
87009 69058 
99423 33695 
22545 99633 
24713 7766 
31144 7007 
56452 96910 
21966 82737 
68154 27085 
74715 87701 
30649 44544 
93067 2175 
77428 32264 
471 10087 
69279 27583 
71085 1742 
65458 73044 
37121 25478 
8760 92668 
90559 18043 
10056 49297 
1952 95938 
74216 5103 
11974 95494 
43823 77038 
12385 8197 
49653 51710 
22244 69548 
47660 89 
82509 24716 
91002 11409 
37542 12280 
32665 47802 
45593 78577 
79308 6424 
61998 59470 
20181 64221 
68593 43798 
36332 72000 
80776 63329 
54763 59071 
49679 37751 
49823 7517 
91051 40008 
9823 55978 
14789 37296 
80726 96906 
99392 6022 
70722 38299 
54227 15289 
49605 11245 
39081 22746 
5084 17952 
65324 29092 
24527 31426 
85868 93107 
55073 77650 
92173 17739 
57689 53790 
75692 79628 
11432 61912 
78457 89381 
43048 66623 
52873 37945 
54016 17254 
74388 5676 
92209 10386 
2293 84960 
68614 6947 
63762 94732 
50859 59595 
44088 45755 
74802 50729 
2161 49275 
2995 89221 
94357 48414 
24611 64867 
82304 91665 
35212 13508 
20411 60889 
56760 2962 
67567 12398 
58329 10105 
44077 89058 
16233 22872 
59700 13749 
8605 67392 
71561 80110 
73957 30167 
91727 15187 
75823 17898 
53412 398 
6350 73485 
62079 2202 
30493 45703 
3066 81900 
19504 92198 
50954 25189 
47454 80706 
27522 56435 
27770 41757 
84924 80024 
48132 17657 
48642 21767 
21504 47135 
40804 26983 
8724 22844 
18595 8739 
83754 59728 
4809 29630 
6570 16320 
57970 43582 
40635 18131 
27997 20328 
1979 42565 
70061 24537 
55172 38160 
44029 24008 
77777 67472 
9852 56924 
99376 82527 
40248 96829 
83847 64551 
11203 15818 
64301 85538 
98112 61390 
58911 78232 
770 30443 
92878 33232 
43973 45112 
26838 77173 
52155 9456 
45261 24325 
76235 53441 
89731 35448 
58824 51236 
31470 62368 
59899 34521 
65067 4515 
29287 8340 
71094 54499 
4516 16956 
39147 63856 
33070 243 
64807 17185 
66554 27328 
34130 63167 
50989 93531 
87484 14342 
42206 19082 
10911 94005 
8242 93656 
37659 78230 
41651 69456 
55114 53775 
93838 17425 
3114 88500 
60772 26051 
18453 89940 
94871 40341 
27343 9797 
91370 9725 
12749 37366 
99162 37941 
86671 13309 
35864 5425 
78846 86663 
44785 65284 
12790 32633 
17515 97605 
77702 46439 
19986 43713 
20478 29387 
2176 31870 
75927 87346 
42013 49042 
25260 68910 
72580 9491 
23012 80808 
68379 20307 
60786 31489 
21203 46425 
42548 70322 
19065 33218 
30690 9465 
52689 53488 
84661 38229 
13184 7454 
54688 65631 
11878 19308 
11969 55834 
48617 41947 
93689 53306 
78437 2719 
16291 29780 
78142 97288 
63684 23475 
94111 66220 
88398 82551 
60572 69400 
73170 69384 
13620 7142 
88060 30011 
90405 23614 
43887 83985 
95206 68177 
86660 43852 
34525 83300 
99623 30624 
71852 33886 
79637 11860 
29441 92178 
32862 52346 
69183 44852 
91021 33872 
17610 94460 
84029 70233 
61076 86099 
17339 16331 
26330 1965 
93113 46145 
78978 31431 
83139 53316 
17742 42332 
8417 10263 
15964 50320 
5411 6946 
63447 7502 
62211 78827 
91539 8993 
89167 25042 
22246 46571 
48057 12448 
68208 22355 
1441 58951 
24540 72187 
59555 90407 
35817 38391 
95985 69400 
91880 74616 
75297 1300 
4702 61678 
85917 33296 
45199 62620 
99778 75453 
73638 47665 
86587 89345 
80245 75289 
95040 9472 
63617 24344 
75933 85382 
13710 33966 
62801 58332 
33473 22961 
44593 15315 
28593 28406 
61860 95392 
18358 24415 
33023 58561 
72303 56318 
70512 65725 
57096 52965 
77914 59870 
86015 60406 
28762 83157 
99423 73909 
15144 12421 
68796 32088 
20098 46404 
9134 76858 
11554 32100 
5026 75993 
77580 74694 
4146 51257 
22797 35819 
8617 54407 
24018 88274 
99503 85784 
99544 61800 
62545 55796 
81013 84184 
44329 48279 
89288 94688 
57230 56541 
6604 82688 
68744 27831 
6035 83405 
56252 70045 
46311 44761 
81772 45676 
65132 64612 
42942 2325 
7319 86017 
86238 66533 
5510 29697 
26351 58260 
90588 37465 
1687 67036 
46594 98157 
10109 67610 
40641 28494 
11322 42883 
52157 85275 
52712 24960 
97791 92467 
74003 61359 
98376 76980 
72721 62729 
62599 20320 
67287 90864 
68365 49787 
77413 1379 
7295 12558 
52566 64092 
20437 98693 
18390 45974 
93946 5035 
78275 56495 
2373 60937 
2662 23212 
84147 68907 
62227 86684 
8961 48499 
12721 78095 
49967 10158 
19058 70393 
5057 27244 
14121 74359 
20953 19076 
23819 84659 
61462 5589 
54077 67807 
26934 45087 
27716 23850 
75850 20583 
79610 46699 
21397 97313 
67027 54193 
76031 34310 
28731 58318 
95203 96273 
31198 98425 
27813 78476 
73210 65874 
15406 27097 
81147 7223 
94721 10096 
16415 4872 
48943 69650 
33780 99052 
21842 66159 
74756 33089 
55956 5961 
53739 75060 
41074 30161 
96250 93305 
62516 30338 
18408 40670 
20014 48409 
94709 32924 
47516 12572 
47167 90518 
1792 58965 
3079 49621 
3490 89608 
10939 38353 
8077 21144 
74439 57170 
56136 86082 
63028 98567 
2546 58439 
84179 90577 
52297 89113 
57263 50974 
37076 52776 
11876 94672 
51173 27739 
44478 45494 
27918 52979 
6371 65292 
78528 32388 
63324 28371 
34127 85342 
62574 37196 
28657 74772 
66444 96579 
35503 79204 
63515 37863 
23874 13608 
48025 12037 
32325 45396 
66143 51300 
66299 96532 
63728 32294 
14128 70484 
34403 61006 
41698 93622 
59033 39317 
69795 14663 
48094 66235 
60143 62905 
46998 73011 
36231 26226 
41037 90701 
43262 73242 
1461 1134 
7883 10466 
47057 27850 
92849 34988 
56679 82227 
54369 15932 
57298 91865 
581 13806 
29453 3215 
18489 25909 
17395 68518 
83631 28036 
4722 98306 
91872 68020 
18005 85032 
55924 55003 
50657 80844 
90540 79839 
57218 43077 
69818 96662 
54275 44737 
77636 93410 
78371 84052 
87956 79961 
93578 17125 
5602 26558 
11771 80785 
70073 92319 
87237 68904 
75055 93880 
73843 74802 
84517 77609 
87838 14765 
32636 75316 
2227 3293 
79241 43034 
9707 59378 
55098 5180 
30331 84923 
72049 52292 
7318 71367 
91891 69553 
29861 58632 
44842 5414 
45321 91716 
63522 24917 
74837 94556 
51651 30667 
26185 8243 
37941 75926 
5621 21216 
75202 38919 
66481 52786 
32230 75207 
96463 38111 
91791 15849 
37823 2741 
11858 33082 
55087 7861 
29231 52395 
13474 93596 
84763 50089 
7822 47038 
27641 38834 
86644 74090 
12531 10214 
48818 59819 
37833 72879 
51483 60652 
85940 97704 
56827 83620 
17070 57186 
62795 72754 
37124 25367 
8097 40827 
6963 86664 
15485 55817 
85636 87242 
38878 15785 
3263 50979 
9751 23311 
40670 73525 
36058 1175 
52322 2633 
93045 74697 
6698 10657 
59443 82924 
33987 66022 
94806 70838 
64812 14449 
24208 57785 
15691 87858 
94997 73537 
27005 69141 
97017 2732 
87503 54337 
92446 80822 
85685 70290 
84342 40307 
12913 25465 
64015 14638 
5667 94369 
16487 69062 
55106 61904 
30616 42576 
30927 82969 
55843 53235 
63503 44761 
71077 40279 
3364 54507 
82876 90800 
30317 13678 
49884 26177 
15849 81311 
38377 4033 
51913 73636 
49818 25168 
46828 94988 
25482 21741 
54711 45862 
25485 42921 
48729 7959 
99976 47278 
70425 63215 
18776 57399 
87464 64051 
2408 31502 
70382 35458 
2261 59287 
55258 56044 
10515 94818 
93695 34794 
41526 97926 
4111 73048 
15485 67429 
29058 77071 
92492 14423 
72119 65623 
50573 41952 
34928 99027 
74704 68558 
99947 41512 
25577 57536 
7848 56986 
86620 91145 
59710 29886 
45695 59616 
33701 97384 
53924 18466 
43527 76999 
18285 4452 
81632 74512 
26855 90449 
84011 61124 
76032 2590 
25426 15880 
67588 19201 
3972 39687 
70042 20384 
2096 60583 
93678 59548 
17583 66463 
11384 83722 
42448 21059 
68576 38236 
30290 41746 
64590 53098 
33398 43634 
55238 23408 
9717 83369 
21625 64163 
96788 68248 
73843 41020 
24844 31472 
9856 52911 
94488 12738 
29632 69820 
75716 24910 
12520 9619 
94529 32086 
1890 71545 
60954 12184 
5217 30706 
58055 28010 
10079 37969 
55323 84792 
36939 62626 
31835 9299 
98139 61435 
94644 45892 
9153 56958 
56124 28273 
2984 60533 
90287 52157 
31452 80825 
22619 43762 
98188 17542 
20533 91729 
57291 51772 
42290 85998 
28896 9289 
71068 86144 
28321 91269 
7846 23809 
78965 38064 
21857 29141 
80841 15947 
60594 59500 
36352 94234 
2689 219 
92881 10737 
96478 1821 
47768 7180 
64640 15858 
75426 53041 
71036 92406 
78612 66231 
39722 6273 
36312 82064 
88063 86073 
19196 18194 
86001 30613 
70292 32471 
81734 10384 
3288 73160 
40416 68476 
53801 76488 
26957 54846 
29974 75198 
26605 50642 
47924 43606 
37719 65145 
4864 19591 
89968 16911 
38096 12012 
38194 42812 
41661 23254 
57254 13939 
64036 90897 
16375 75700 
90097 79969 
42933 70959 
18445 37784 
94997 49675 
81259 57085 
49614 16281 
17965 80007 
79517 16894 
6324 15318 
34777 22460 
74937 34489 
67919 21085 
69706 58289 
41089 93021 
23449 44963 
32105 5195 
82647 43457 
12563 28637 
78220 80759 
5638 51815 
88257 11061 
43831 35641 
29797 66326 
37611 31759 
34016 12737 
34789 64778 
4621 35598 
97388 61201 
32765 46435 
47895 93072 
43448 30371 
40013 92749 
78194 29284 
90359 86701 
76651 86820 
67023 90853 
5842 65042 
68529 7785 
99926 79288 
42441 66932 
15627 87771 
86695 52962 
78900 15511 
48733 74626 
96922 88384 
87611 36642 
36179 2393 
92454 90533 
22190 55694 
56990 56849 
99326 26494 
94395 30861 
201 88618 
39221 6514 
13312 18358 
23961 79354 
4832 61167 
36607 18131 
45930 94822 
62565 26893 
20481 46865 
89356 54663 
39710 98459 
5791 48169 
70106 34239 
58612 84573 
88830 78278 
39109 65814 
16896 90024 
59786 3896 
44555 80835 
46888 77371 
55600 51714 
18448 93219 
77714 45892 
39482 45516 
34530 56111 
46052 22477 
51725 25763 
8160 76894 
74244 35501 
57754 41441 
84693 72483 
42634 39990 
73932 38110 
79599 18807 
4092 61954 
70960 97397 
21520 54468 
17322 17752 
22542 49197 
6572 52895 
48509 56336 
84058 20874 
88209 73856 
12215 38716 
95555 79818 
9194 42385 
88329 60085 
15551 93390 
79824 9320 
75659 90461 
9384 79981 
36189 5575 
80111 43977 
57898 67637 
82437 74675 
8915 24233 
80773 53204 
57797 22128 
67146 52244 
12889 60575 
40458 53000 
60834 87983 
52976 6573 
41567 32143 
76663 59657 
59721 76950 
81108 26314 
73115 24434 
82142 2496 
17787 9947 
15588 88074 
26090 70437 
14166 2302 
69386 1030 
17208 52988 
10143 73505 
22649 47059 
79588 31748 
98639 10793 
6508 23917 
8181 21662 
10421 78773 
64351 40575 
38058 84551 
25947 73221 
65920 82705 
63802 82302 
13678 46037 
76576 18616 
13263 70925 
11442 38298 
56721 76792 
49928 25925 
2253 72411 
52033 48797 
52333 18327 
12821 26382 
30407 87379 
74800 10713 
73377 1212 
56739 38502 
25930 99670 
4936 33770 
69762 82089 
46514 11001 
45818 44747 
25971 53136 
30906 27136 
36005 16174 
11389 71206 
11520 42696 
56129 92351 
41798 50348 
28468 58695 
69931 98099 
92717 76071 
90933 23068 
64527 80124 
30344 83744 
26437 44093 
83670 41652 
80021 21051 
23676 62808 
34272 52810 
37323 22747 
36202 94155 
37055 54497 
34124 20734 
2172 87540 
26661 11666 
45205 87626 
91267 23809 
65455 22255 
4880 3652 
47315 44691 
66311 14893 
84485 10582 
5051 95053 
62893 15565 
14437 92820 
14874 69677 
78420 79356 
65123 4962 
70681 71403 
24907 46368 
92443 51786 
55255 62802 
81015 23797 
12064 55220 
64996 89931 
6518 31625 
64007 2598 
62718 65088 
30923 94663 
31101 30199 
12820 61066 
21012 65804 
63171 29263 
48685 17448 
72311 25871 
57944 71637 
95797 19638 
60080 5852 
50998 96755 
56664 43171 
21096 3517 
54441 18458 
52671 73484 
55006 34229 
58121 41518 
3616 8642 
37392 35501 
11270 95507 
14864 27976 
22117 86756 
46669 24655 
84263 91528 
91364 64425 
96236 22814 
52560 6410 
43623 12585 
95996 83626 
10831 19346 
15473 9907 
51440 88296 
72223 37022 
27283 73563 
60432 72292 
81182 34419 
58068 83523 
91150 72982 
6566 37680 
64953 89561 
25567 42507 
73028 93638 
9603 86159 
85091 23434 
72484 98919 
71141 95034 
2112 93215 
51122 23287 
63532 73375 
29165 30966 
41278 44982 
28090 90155 
43387 95149 
47815 20362 
98965 59693 
7275 1576 
