96540 94177 
91140 29949 
7899 50563 
21326 49421 
480 47087 
18179 26253 
76943 14836 
96588 71228 
65925 76531 
99873 76699 
35148 49986 
41284 98146 
69082 83725 
32331 9850 
49074 76457 
10502 50496 
5218 73637 
86871 55097 
18696 78946 
70099 3327 
40934 66304 
87532 1148 
61620 28879 
16346 52592 
1506 55581 
58121 71570 
27860 82645 
38756 29839 
90551 28185 
92305 36516 
54964 80935 
92079 97011 
64294 80950 
25286 4782 
98238 99623 
68518 78041 
7697 99166 
10544 65332 
95842 27544 
86148 8849 
84710 83897 
30193 72435 
53518 71574 
34575 12394 
59920 41179 
92447 93547 
58721 14411 
43838 30431 
13853 70968 
94716 64088 
58918 75426 
67583 68590 
99210 18753 
55849 18252 
63814 49996 
96505 36447 
10279 77699 
46044 89983 
56279 27695 
43098 89200 
62816 54238 
67931 3270 
21736 14742 
63704 2610 
6636 34973 
67348 95894 
30782 11095 
8898 37840 
18194 17802 
77332 45763 
34800 17574 
18208 77827 
45426 95150 
23829 93992 
59327 73420 
196 41847 
2093 2189 
46648 83848 
4958 49660 
63914 9884 
33922 67957 
14167 59718 
90531 48689 
92743 13476 
3789 32243 
35317 95233 
98376 85442 
76644 74649 
68216 16147 
97349 44682 
6381 50559 
43822 99607 
42454 59197 
82902 36874 
16653 80928 
57834 58790 
76409 60917 
44898 55568 
15525 87999 
71136 9972 
88673 89732 
42759 75634 
24685 19255 
51113 46009 
30946 47104 
68487 49060 
28195 53236 
19578 73900 
80089 99794 
16098 59973 
85156 53508 
71776 56790 
80088 18131 
72945 92785 
62787 31958 
65902 75565 
81200 83186 
36434 82641 
49690 96817 
99145 91665 
48525 50736 
84654 42267 
34063 85793 
11279 17770 
37295 84918 
54432 84397 
56623 9712 
81817 27994 
57128 99449 
5337 83896 
73009 57047 
11740 64225 
72522 69323 
73135 48732 
85430 34742 
5814 20259 
11848 848 
41231 93924 
28324 45705 
96521 10358 
82111 72945 
83589 37623 
17787 28369 
75609 53881 
11748 87574 
57663 63458 
99554 8709 
24285 32630 
68722 92189 
50857 18285 
55273 40114 
58057 2541 
26181 62115 
9005 39485 
51865 31487 
27248 66372 
72946 55730 
424 30952 
43713 88983 
39202 39026 
91103 80351 
94022 31905 
62459 21759 
93182 62137 
47941 31701 
54992 47671 
54167 87146 
43989 49588 
74534 94870 
86615 36580 
48625 75605 
35319 70563 
28206 19635 
71665 72105 
70548 60891 
68856 1816 
61155 8048 
91954 24400 
27440 65793 
142 5758 
42506 77178 
29523 30360 
33897 18841 
77220 16030 
6046 84891 
77993 46364 
57100 2386 
63069 37195 
20924 31568 
17594 2822 
93280 17429 
7859 90181 
7562 75647 
32390 4679 
9899 15598 
62021 60128 
46063 25877 
73209 47012 
13340 73653 
46172 28274 
49359 98182 
94803 39867 
26845 10929 
18885 94518 
98387 50019 
20747 61458 
88486 75084 
8343 22307 
61547 30122 
14590 83898 
3921 46561 
98874 62480 
45701 6527 
60781 40577 
13716 37146 
88391 37721 
50998 60760 
83886 29335 
59979 83016 
57763 94242 
26770 61091 
59600 70581 
62091 57661 
18104 52367 
50782 52730 
96084 64486 
36284 55084 
27030 12620 
79084 27867 
89133 16392 
18842 18656 
89872 98993 
38752 63443 
79697 24586 
77689 16018 
86879 46009 
60759 39542 
67261 49573 
22121 85440 
92411 61239 
75267 76293 
57614 8985 
45460 3989 
77155 19894 
16580 52178 
48512 67280 
60389 52946 
9368 73155 
10052 91629 
81750 14354 
11733 80811 
96155 76866 
38184 34812 
15163 52223 
76453 89336 
30828 72230 
8206 27485 
93077 33905 
85620 92931 
37320 75165 
68387 93821 
18711 23646 
28132 26873 
27707 55938 
45347 80087 
57057 72632 
20946 4681 
13827 15735 
99645 82064 
21755 29325 
55574 50060 
39030 91800 
21892 94115 
24462 28565 
55637 53804 
21065 47786 
16664 42771 
90256 28576 
5207 31044 
22113 30960 
46487 92739 
67574 90030 
32741 79236 
87006 2890 
33143 38217 
86193 16282 
60333 62282 
15618 75280 
38576 17414 
41796 98946 
53091 71159 
60466 7570 
72662 13149 
10606 37935 
28364 36477 
65518 47949 
101 27446 
22635 30113 
9614 93319 
87251 24427 
43708 42983 
47033 45694 
34693 23783 
63936 17603 
6356 9319 
68084 36536 
53273 27607 
24204 71764 
58848 16764 
55336 45461 
73218 96263 
50882 25968 
65973 45794 
56398 10753 
40652 90913 
41131 71738 
48029 4899 
65919 84964 
63488 49625 
28885 69016 
51 94761 
49250 12179 
13186 74232 
60628 77021 
16037 61642 
24332 32868 
64508 72221 
40505 81634 
90425 27876 
30289 10476 
58028 54054 
85793 25980 
94081 12363 
36276 98890 
95173 11305 
58745 75813 
47079 78945 
69078 94922 
553 26001 
65825 76373 
35523 75564 
62983 44940 
11348 86565 
40347 82345 
44692 52083 
60436 99811 
78513 10743 
49528 67554 
5754 69673 
17003 37267 
89584 915 
91985 46049 
78337 39640 
89154 95860 
47820 82173 
76683 61205 
16203 54600 
8371 89630 
67480 98558 
99343 24498 
88305 99883 
70117 97635 
69978 67852 
57337 10573 
52486 58056 
91165 47480 
90685 20307 
69085 40270 
4083 44460 
13807 36989 
31155 71712 
88959 8227 
46707 36645 
60462 63157 
16532 6178 
33720 36714 
57465 85609 
67199 52522 
42894 69036 
61501 62334 
43885 21709 
49679 12106 
24326 95247 
69349 87230 
14809 93153 
80051 45050 
74461 23694 
345 51444 
12531 99954 
78301 104 
82265 72772 
76312 8063 
78428 11245 
46578 49092 
66841 77646 
97140 7795 
49364 78830 
10 11509 
20999 14580 
72721 24616 
7127 84885 
72526 70377 
78370 62718 
78534 79132 
28163 86678 
1197 48517 
63835 78721 
50880 41280 
5878 46208 
17624 39357 
12009 84634 
62787 19043 
42767 57653 
99864 11439 
63583 94388 
46604 64772 
34639 10524 
63440 30746 
74256 29319 
54288 55808 
94209 51397 
94922 69999 
96040 98099 
71422 30997 
86309 32137 
56618 99068 
15703 41466 
25950 89770 
71997 57489 
15874 75631 
60110 67150 
57674 85419 
83826 69925 
77509 80221 
3231 25372 
39504 69208 
79528 34656 
22895 64812 
34578 330 
66497 66956 
46404 12678 
84196 9063 
73846 18033 
53680 94744 
53650 34752 
7295 3396 
41510 95902 
8700 45379 
74917 14216 
81901 3004 
20155 84510 
70279 2251 
28357 61501 
42379 21971 
66301 76853 
28535 62238 
6413 88263 
67792 61619 
57483 85559 
68137 74283 
92636 14004 
34695 92228 
84366 13401 
354 25297 
87777 13085 
1174 32279 
22635 67527 
74977 30020 
92440 65015 
25670 94346 
44464 92779 
88157 6485 
18532 95903 
49075 91792 
54288 24512 
27155 43726 
26814 23981 
93645 25395 
58672 86278 
18034 93366 
12780 47062 
57220 94063 
5034 82792 
67295 41729 
88157 34849 
6289 98754 
48987 63553 
13492 44120 
30283 13970 
96395 33770 
35061 57515 
29813 27906 
96620 58635 
73413 84540 
584 4204 
43677 96045 
26688 24805 
34205 76052 
37471 31660 
64333 87698 
78656 90763 
50172 41061 
71702 56612 
34489 77571 
72889 91980 
82220 2220 
45241 7256 
46995 20624 
39695 63165 
40654 87276 
10175 94048 
92577 73787 
93533 25385 
68512 21471 
69825 78878 
29653 51326 
80976 81155 
51864 66278 
26608 18046 
92238 95494 
74661 5382 
85582 98634 
21400 79397 
76961 69119 
10510 45056 
48099 49787 
74186 59038 
75198 1759 
90495 65575 
63679 47917 
60743 48001 
41353 46063 
98183 6603 
55708 33660 
85129 24259 
13285 25996 
99366 35340 
19513 42678 
32757 70483 
25912 83545 
25005 10108 
68250 74421 
13785 42919 
83996 55562 
58779 92128 
30347 91211 
31636 41794 
85130 37382 
76494 68393 
2037 16800 
36365 58631 
8948 14858 
9617 73521 
83493 28540 
47672 857 
13558 71438 
30206 23480 
52071 62293 
57317 19116 
5229 1959 
79495 99068 
51192 74243 
45694 87652 
72346 89754 
87404 42059 
98368 28732 
72344 13171 
99632 28753 
55243 51877 
40886 6275 
25159 72565 
3679 97195 
98863 95715 
12677 50879 
38058 4894 
55781 14595 
74538 69974 
70877 822 
11879 8003 
83095 38617 
34823 75918 
15588 72025 
98279 15186 
64149 83478 
86673 97432 
21383 88157 
31384 52270 
59700 66541 
49075 93784 
34028 76615 
16971 514 
44969 14719 
32466 45262 
10982 74522 
13935 15719 
34270 87351 
87197 14601 
9152 13881 
67821 78936 
14031 97166 
93313 12069 
48444 80022 
81170 79158 
25248 36003 
88919 77117 
4619 62494 
30459 53398 
61369 36908 
59378 14475 
9957 42531 
64392 34530 
72628 29251 
34640 47594 
65267 86233 
43314 82294 
92847 68516 
66926 77310 
91741 37619 
4502 97852 
29727 47388 
86078 58636 
76171 30665 
63118 47288 
84626 19788 
54795 33564 
88055 64494 
83566 44429 
92858 94500 
71063 82769 
72092 10844 
81045 68408 
524 80015 
90010 84107 
44594 47956 
38031 16322 
18879 87246 
62473 90797 
47323 40028 
45492 16404 
22271 21759 
12536 67175 
37275 6370 
3568 52089 
80647 22139 
1304 44919 
15920 49404 
41502 72363 
42654 26155 
49176 87622 
26418 35650 
41576 88791 
10351 71352 
13890 76617 
72325 48835 
76827 84606 
71542 61716 
46600 55935 
36308 59268 
97303 86263 
80745 57041 
73254 99298 
2379 78624 
24628 72836 
4820 66663 
73529 87017 
10162 94270 
39630 23650 
74264 54173 
54608 5715 
94727 2285 
72823 29556 
6195 84770 
42044 8736 
90473 83306 
32478 18206 
90034 71885 
34988 148 
2614 90340 
30071 68758 
51907 4720 
98047 30235 
74752 42689 
87865 16366 
38776 63343 
87031 15347 
6071 45124 
38393 71872 
88322 52977 
30859 20018 
96660 76451 
50602 7076 
75591 14127 
16893 64244 
24487 16607 
42441 80979 
52420 90182 
51957 43788 
82529 6430 
64631 7392 
20651 59132 
96312 76435 
29583 59238 
65407 89296 
5169 61052 
92854 12060 
33273 68367 
70995 70347 
17759 77975 
38799 69419 
8762 79796 
41565 78920 
27799 47807 
72117 87539 
81693 24015 
87463 65077 
80824 18926 
69986 4610 
28864 26259 
55459 55847 
30953 77099 
81530 2260 
75169 39268 
19785 79221 
78208 1357 
42103 78109 
50300 67694 
37736 32241 
26739 30474 
41393 34493 
33745 78309 
54588 93578 
4970 46693 
42599 96244 
41583 15154 
67610 5987 
13673 8330 
74963 95420 
33602 63762 
83920 79037 
93005 87898 
46905 85879 
44249 33599 
31973 87495 
24502 97407 
52039 75574 
65927 52872 
11424 65767 
9065 7458 
65334 89482 
38165 94827 
91146 23778 
86933 91786 
51681 1037 
21163 79696 
90164 34679 
90680 53892 
34129 94965 
57234 21421 
1269 69791 
47237 17399 
94075 49417 
48662 13305 
42083 81145 
69959 86775 
642 50283 
5484 71717 
43333 57041 
6755 10065 
91540 75580 
41719 82010 
9107 991 
35292 273 
52660 12806 
23553 15777 
8851 9455 
21292 97031 
68667 97150 
98000 13596 
85883 48749 
80937 75200 
41870 83450 
55558 52392 
92171 56521 
13396 32040 
1610 89781 
5361 41578 
84166 18181 
94495 9588 
51465 75579 
66363 17088 
39429 93688 
47536 33900 
26506 42181 
3055 27469 
78842 95063 
32287 77767 
57890 68669 
59233 31154 
4144 40041 
18164 78583 
67047 20919 
68337 49063 
85589 32237 
32606 67972 
36728 96738 
43876 41681 
59452 43228 
672 94835 
31184 94981 
78449 4735 
20187 96929 
16870 48454 
62729 21542 
4882 2626 
16979 81667 
15235 13291 
26975 70104 
98001 83757 
89460 40333 
28667 12117 
53977 40541 
20546 46881 
2361 14008 
53552 19126 
47576 82869 
41749 52631 
63861 39456 
60681 49661 
10198 79623 
82090 99361 
37396 25866 
18469 58201 
75367 4562 
62750 7434 
81701 61240 
19517 1247 
95211 20595 
63265 81112 
78844 23819 
26499 46742 
55220 4801 
15917 42178 
35018 98932 
78417 36679 
13518 13451 
90352 54430 
63863 26667 
23228 34521 
86917 24923 
46965 83195 
87079 30739 
67857 14092 
31031 23384 
62550 58996 
12089 3967 
61617 71559 
86692 11149 
56742 39522 
71535 50732 
54047 67166 
89951 62589 
72757 89027 
34353 11820 
93189 28346 
67928 57501 
90956 19317 
23207 22027 
55313 70855 
67770 56807 
78738 61446 
98040 75936 
22111 19575 
90986 8492 
5288 62282 
90514 2228 
46373 35620 
30430 96656 
74686 25062 
99092 71956 
72163 81386 
32183 71584 
55900 38101 
79548 91131 
505 80192 
29616 23713 
13174 60769 
90647 53046 
16603 52139 
21897 89400 
65331 60900 
79782 50703 
19601 32845 
94187 1366 
27498 22760 
18319 74750 
20913 6685 
1828 21717 
13784 69717 
21421 47315 
2116 11180 
65751 20435 
4407 70758 
12122 67116 
48448 94171 
51392 87214 
5805 24989 
14399 66255 
98904 30432 
28380 89555 
57228 43260 
85034 4079 
78965 29345 
33252 14988 
62348 71056 
19005 48491 
6951 90290 
82469 60327 
49378 21796 
88195 20119 
90049 87386 
7998 55839 
88238 14678 
98163 99714 
50990 90228 
12725 37228 
18270 36210 
72758 24180 
51429 52248 
67962 3313 
65020 69573 
1340 21632 
3013 23361 
312 22298 
49609 60948 
8365 60850 
82178 68516 
40174 74522 
19199 16961 
30108 15545 
89669 98808 
29123 44582 
52076 52368 
8282 68815 
20814 46781 
8463 718 
15867 32137 
35332 8176 
37560 42573 
36199 24347 
82402 77062 
11155 86576 
58286 72531 
4693 77642 
27734 27045 
96013 49766 
6418 26947 
56289 22052 
70842 81196 
69423 55427 
83847 68555 
19142 25631 
29529 58880 
29759 34443 
60179 78418 
10549 22098 
97023 50864 
94364 69706 
93825 60864 
80021 9495 
67811 54697 
84906 92850 
25947 14098 
89381 1336 
66203 13460 
7779 24303 
13282 98130 
52137 68160 
56161 2042 
64274 7041 
90847 56672 
79415 32338 
35898 30061 
50324 9444 
80560 74633 
4693 4074 
45762 55592 
30565 97642 
86769 77856 
84630 71441 
42923 28829 
96479 2732 
44724 6737 
98227 82382 
21379 9820 
43405 33278 
13002 20372 
91613 81548 
80802 29431 
26154 8456 
25890 12864 
40697 89861 
72721 87662 
78022 12265 
46761 48439 
28967 39706 
77586 8468 
2943 94167 
88444 47001 
62702 3629 
91198 95215 
75566 66569 
91604 76783 
70849 79439 
24050 55926 
9010 74521 
77159 35712 
61848 19609 
42068 92440 
75070 38031 
13736 28155 
34655 17850 
2288 72639 
86628 92384 
66192 68665 
66247 90769 
61973 29882 
77054 76853 
16208 69375 
22847 17490 
64692 58770 
36343 47201 
70978 92685 
67168 25124 
31869 1411 
88765 12354 
1004 75879 
58914 32995 
13328 43301 
21791 20641 
73015 59309 
70819 93497 
75342 62973 
1060 45993 
69023 74794 
67481 92481 
29700 4552 
31150 49493 
7537 75867 
19270 97057 
32319 67359 
46929 16655 
7944 16520 
48553 63711 
4901 31701 
45235 95841 
64077 10075 
30525 44614 
58166 64990 
91664 88197 
17986 24833 
95901 55027 
20162 77329 
62230 64495 
49924 98140 
7728 89683 
98181 20714 
4656 9275 
25564 75500 
9595 1044 
27786 50977 
29067 17691 
66469 6390 
67505 77315 
87472 96628 
62848 95420 
34822 53410 
52664 83116 
82473 3720 
29437 37062 
48439 96407 
37463 50690 
26231 50900 
35814 83389 
67073 38222 
1912 34557 
73041 53755 
78451 82861 
16030 43688 
72806 67478 
80394 2625 
2493 7778 
38114 68532 
42862 80643 
4527 3006 
73934 469 
89915 59813 
42119 75963 
57695 12682 
49550 49907 
23445 34546 
58850 63361 
80691 94744 
54363 24146 
19162 68134 
32264 940 
9112 30612 
1388 8958 
61369 49277 
64251 943 
36905 62224 
13446 28070 
72028 82972 
22442 89368 
5696 57515 
31793 45393 
43987 48257 
31855 32150 
73425 18336 
21341 74624 
39648 42342 
77380 65792 
40798 74955 
7229 46626 
46083 67760 
64378 95331 
39071 36271 
2516 9959 
2618 44183 
9661 47537 
7688 89890 
11760 64970 
41901 51544 
60110 92241 
15280 71204 
20245 56818 
10464 36105 
61203 69658 
2553 45607 
3627 77840 
59808 36109 
22715 86631 
50562 72995 
17756 54628 
24005 8659 
53864 69658 
2903 48684 
53456 20232 
24855 64467 
65157 87602 
95338 39898 
66006 96856 
70602 42112 
59205 81980 
71351 61954 
14111 39458 
39220 78436 
57782 67717 
87177 63296 
68106 15630 
62303 56746 
37378 92253 
34794 13503 
72183 22154 
50549 39434 
70527 65893 
36415 13442 
70382 63629 
26878 16671 
95164 1308 
88979 71664 
31129 43549 
58184 27810 
59280 25045 
62171 16223 
30081 43235 
1740 37148 
13148 48967 
78468 36038 
76040 89002 
7280 70670 
46372 14501 
28752 70935 
89711 32954 
40759 45435 
92037 47581 
1980 94531 
70057 97804 
20819 48231 
45218 87186 
32446 59075 
8029 61097 
83970 45146 
68116 75354 
93137 96403 
32427 79244 
19506 28691 
79091 21569 
88709 94147 
97665 76734 
40168 34123 
47846 79413 
26592 91329 
48198 50944 
79566 81602 
44042 98369 
69741 62490 
19386 67908 
32393 25825 
11601 38660 
99553 84488 
59553 49457 
78420 19777 
65960 62038 
42454 5114 
83006 77116 
56309 24240 
36551 36379 
38692 57654 
88789 63132 
78258 19699 
1766 17005 
56826 90553 
4927 64058 
1471 2295 
88676 92611 
82452 6308 
42933 37243 
97506 70448 
34761 8680 
34655 28739 
72336 65651 
85481 33804 
33932 6298 
88736 42772 
50003 1384 
20177 1148 
14098 39233 
8691 75886 
64022 3302 
51041 28911 
18547 57192 
17995 15347 
76900 69132 
93115 36928 
88409 68132 
62172 80390 
77855 87457 
75891 23066 
68466 17523 
41700 93473 
78955 59974 
61130 33394 
83568 47449 
18738 19750 
14888 69411 
45638 69501 
57933 23441 
26209 68906 
31102 93498 
90026 39626 
74586 41931 
32747 78495 
70111 90379 
39476 85234 
97210 56219 
42023 22909 
90704 5852 
27512 39677 
1663 83840 
29972 17139 
79843 77840 
78803 582 
89445 83226 
48430 9454 
42010 38467 
52013 22605 
80364 12552 
48697 82141 
75759 39144 
88715 62193 
6674 8656 
3547 4449 
72258 49047 
59368 31002 
55949 48925 
31195 6883 
95564 2383 
22406 39590 
34964 84035 
49742 70972 
29418 94826 
37414 38055 
51836 54438 
15605 53671 
308 54528 
98447 85233 
38704 28487 
24459 90525 
11576 38083 
78468 3111 
62205 25085 
78194 46740 
48335 26836 
961 98096 
94021 8762 
46420 10303 
37954 23935 
79694 55766 
38747 70043 
76011 46284 
75881 77513 
92687 40764 
41359 29038 
27231 56477 
51577 80384 
81366 58461 
21548 25101 
39934 13497 
34306 21655 
90939 60034 
7175 80485 
58370 63497 
3576 90637 
93014 97601 
64119 50859 
68104 16630 
33967 58445 
56446 61047 
44792 592 
23566 69404 
69136 87687 
57469 53189 
2564 65687 
69750 28066 
44741 45619 
45091 84920 
44390 92261 
86573 27163 
45079 21165 
2794 96968 
18885 63455 
9411 62408 
3173 71198 
72540 39910 
62127 52672 
4332 82009 
79095 46452 
32105 69090 
48437 66026 
1537 5584 
76279 72486 
41756 36076 
18418 61903 
15524 64812 
80603 86059 
1285 83291 
81513 60513 
5493 84965 
31981 52332 
83412 73473 
15338 81329 
54511 51450 
63263 13273 
34587 10589 
9077 71307 
70943 30506 
66183 42659 
59185 33852 
23177 11771 
40673 38207 
69128 8069 
28130 91488 
62636 16862 
83632 76893 
36498 65255 
77949 25875 
86130 61427 
93134 83183 
24423 35285 
91281 26711 
98250 1257 
61557 56710 
52596 39839 
74853 33851 
97127 73553 
20871 63712 
76986 95067 
75934 96437 
74685 90512 
51525 34625 
73214 89380 
3294 19986 
91813 63925 
38227 99813 
65331 95577 
43672 58058 
75706 23679 
76106 32586 
59792 92692 
89777 30147 
11651 18052 
55803 93637 
69363 97962 
20828 72453 
26512 8691 
80975 96037 
36754 34288 
1666 53142 
86187 98166 
96750 34943 
92726 83601 
91429 8776 
54308 52984 
32642 51142 
8434 1505 
77831 83515 
84434 9970 
88440 22585 
26798 93603 
78037 77759 
43022 78879 
16581 3040 
82633 78887 
72175 37859 
85417 79159 
79540 52016 
46327 90583 
60474 43533 
32160 73731 
85735 25095 
50827 89846 
60064 74644 
17842 87697 
32470 18804 
86695 92694 
82445 63961 
9803 24845 
9430 89182 
75007 35572 
57638 67559 
18915 19868 
41251 88169 
52844 29932 
96045 9490 
49740 89157 
72663 86972 
31167 81227 
4018 82369 
62299 68090 
24747 80531 
9820 72702 
94163 10517 
42751 47680 
75791 92244 
59429 39386 
56398 7293 
5214 48493 
45295 23077 
4977 82652 
80767 83271 
72022 94715 
84606 14207 
70804 762 
48038 86888 
4670 76263 
2729 17340 
71808 35770 
29094 84211 
82704 11831 
80803 91838 
60605 62180 
59136 9461 
52851 50756 
53786 72800 
65423 67749 
77715 42938 
95613 76607 
62836 79239 
78487 1828 
50597 97985 
81633 370 
6919 56492 
79666 91621 
14501 23627 
15068 56141 
47167 72004 
5143 51771 
10692 54538 
86245 37190 
42479 8635 
95876 37645 
98479 64966 
80874 35323 
19906 24609 
85623 17725 
64606 8256 
18067 71392 
8309 74278 
13279 65476 
69571 48621 
14443 29879 
88838 8809 
69311 96105 
96878 16796 
96575 35420 
40712 958 
11035 98585 
96235 46210 
9054 34173 
85846 63059 
6528 38335 
36731 71327 
90423 67919 
60820 52373 
91911 30958 
10985 94793 
14258 53780 
69718 82943 
51789 12418 
56295 55024 
17661 7447 
96347 88076 
57606 56048 
83809 50882 
64419 72822 
79352 2626 
23686 11784 
31714 5082 
15106 45938 
78741 59179 
65711 68005 
83479 72960 
1397 6074 
87345 17316 
71424 61391 
17153 28252 
26840 91941 
65714 70074 
18307 85160 
76743 82523 
41377 85828 
3977 96745 
97995 71101 
81685 19881 
61857 93617 
39175 56172 
32214 45781 
15417 53629 
35827 33529 
81584 39661 
89984 86315 
59081 36477 
70847 71514 
28547 27658 
40868 26098 
61361 80974 
76610 66174 
69323 19343 
4028 85879 
60479 71785 
92124 11091 
9477 29255 
77849 30583 
99352 76469 
95227 87478 
68322 70124 
59908 77250 
99949 86380 
16692 65018 
27932 66012 
92042 4506 
87838 44349 
6204 13804 
37232 64937 
90284 38934 
82953 40777 
22451 15244 
99696 45101 
44441 18753 
97595 84784 
44619 84859 
98156 33868 
97067 60184 
7683 82053 
27543 44821 
35244 83635 
36601 76904 
88263 76012 
47774 9159 
92979 73733 
64441 27967 
29304 33988 
12846 69501 
40018 32499 
20714 94589 
72781 84986 
30996 94251 
40085 98666 
78512 11194 
37078 40719 
63599 79095 
40089 66196 
41346 1096 
19708 56541 
7595 11713 
41461 81722 
3611 92221 
94383 13915 
80171 38604 
83207 88710 
58796 13255 
43436 31067 
2949 46906 
90201 37502 
65229 95607 
91619 33457 
7973 99103 
65246 5381 
4109 31581 
32293 40709 
12734 83505 
28390 95781 
89596 64145 
62012 51647 
36511 68405 
32042 10804 
15722 8688 
64540 34073 
55298 72785 
5385 16167 
49897 32156 
10296 50922 
17572 91480 
6610 42735 
7755 39963 
62253 79453 
68172 37677 
86485 93765 
69136 46050 
4301 5088 
52560 90647 
91767 52016 
19940 26512 
33099 96573 
98721 61594 
61991 5858 
29635 82148 
79419 94071 
98970 15524 
98131 38517 
99189 60363 
50005 66845 
38938 12010 
6659 49609 
39171 11775 
5965 22177 
45996 52751 
47523 3090 
62810 81947 
18708 72139 
54380 48819 
39542 20773 
3762 63617 
69435 89881 
9293 45475 
1754 65543 
93357 59828 
83212 12070 
57239 67453 
34219 83426 
57088 33340 
13639 69113 
94863 72600 
66798 98627 
15117 42718 
19117 49808 
73556 26762 
29422 80711 
96549 90485 
96745 32076 
82096 37805 
22366 28037 
2251 33740 
64853 36392 
54583 11666 
90048 36601 
75977 32612 
10194 83574 
75945 18324 
26861 48432 
68563 36967 
40798 63566 
82271 80572 
68563 98670 
4970 36727 
10521 46850 
78240 23499 
47732 5472 
88916 26226 
6287 95132 
18913 47552 
16801 71892 
4887 57962 
14056 52947 
28150 13087 
67209 93864 
2283 86162 
4513 26812 
50920 49288 
98144 93443 
71461 25527 
4521 83583 
61774 25345 
13438 21428 
46447 75572 
45319 24637 
76736 46789 
50100 98527 
94077 85926 
3518 17541 
40887 64870 
67004 89181 
74338 63006 
75879 91836 
88901 11865 
47272 27215 
81670 43438 
53906 30572 
811 214 
92836 37431 
2001 84628 
89269 14255 
248 48370 
14715 22300 
45274 47865 
66064 98819 
67444 21257 
47518 7890 
38226 74350 
20932 34287 
64243 98215 
41684 68165 
87211 79544 
77055 55750 
93409 6349 
11979 71803 
45795 16223 
83034 3309 
39467 82137 
45769 20670 
46920 81626 
72675 52614 
63367 49220 
99574 74091 
84386 69101 
86700 62650 
48234 25243 
37430 78057 
53422 89620 
22386 72406 
18449 95649 
89566 43512 
85110 13570 
2159 3064 
79357 17313 
34915 42860 
34433 8202 
77155 47354 
49842 39905 
35984 18831 
6695 71134 
6763 52718 
85049 57875 
79571 24844 
32113 85291 
80167 29913 
11513 30952 
1884 41016 
23301 45681 
70903 43705 
21964 36041 
1541 34951 
75456 33390 
40442 67285 
2070 38417 
68993 61444 
93982 37199 
31821 7061 
86384 95104 
85864 20262 
59325 48193 
19334 29446 
65766 28325 
72748 16116 
63792 77773 
5301 46308 
93539 31916 
88952 89982 
80116 74455 
79925 40694 
62646 98603 
12722 15904 
46523 39834 
85262 39503 
51078 81015 
55461 82429 
78080 69132 
49309 64709 
57831 24344 
88444 2797 
39088 66683 
81235 19812 
76668 33525 
85563 23049 
36271 11785 
43763 93130 
79942 62840 
10607 22173 
17549 75275 
43729 84592 
9747 40825 
2592 23442 
86140 12247 
6816 87652 
98671 68382 
37667 61081 
64774 81274 
27498 82993 
67404 52976 
71095 71401 
69770 65557 
10199 25629 
71482 66819 
87839 2543 
79750 96365 
42683 32074 
94412 41919 
15263 61974 
8753 4165 
67695 99200 
9465 39893 
76468 45870 
18521 47844 
43862 11435 
57391 59437 
87762 19535 
29704 97394 
11875 17932 
12321 69330 
28809 42990 
16778 70463 
6973 86365 
33124 79882 
38945 60874 
96416 48169 
83723 64971 
22491 90700 
18187 799 
44087 20544 
44143 9504 
40998 77670 
36463 49300 
98660 37023 
85154 56715 
48427 7046 
79549 99519 
39753 62359 
6398 51023 
69600 89537 
85263 89763 
47621 63350 
44424 56000 
7001 12275 
48406 77079 
80327 76778 
24268 7320 
47444 11567 
97975 14988 
27975 33940 
44429 88805 
35056 74313 
75170 29510 
28761 42177 
36279 38224 
7844 80979 
65693 12631 
56613 48771 
63893 14464 
20101 28029 
64877 77349 
15190 37620 
55341 82729 
97928 92685 
79143 43438 
97993 34068 
81447 99406 
136 27926 
92306 48069 
99366 18293 
23022 3230 
81784 609 
50248 436 
86145 72628 
92604 44400 
82631 10594 
42477 24518 
64727 13222 
1712 8279 
87759 53779 
84073 59127 
3313 81415 
89618 15321 
32638 16926 
26556 9374 
94108 95238 
54683 3863 
49892 17172 
51173 68702 
65230 86409 
54236 27431 
80043 24110 
23137 55619 
77094 73224 
64037 23188 
93485 27340 
10320 34273 
63047 44737 
13339 33174 
95964 37374 
94923 13022 
99009 56614 
36540 84981 
14822 32788 
31633 40115 
11892 64054 
7479 63489 
88281 91509 
30793 40650 
61555 42166 
47353 30318 
5020 69129 
70085 63930 
56074 69198 
22302 72635 
66319 12144 
63259 35378 
85078 72999 
71653 87947 
68031 18993 
39409 32122 
80926 66113 
32860 36535 
24658 86801 
11321 26428 
42488 19894 
54138 18150 
82774 6712 
36399 66087 
81292 53029 
10818 54637 
96093 95703 
98702 85920 
74811 34862 
66433 85102 
59415 77767 
65586 69527 
36648 28913 
44552 5284 
23735 52359 
97483 5434 
38387 26975 
2379 7756 
39782 12996 
14322 6765 
42873 49187 
22131 4607 
2241 3901 
47121 88592 
33701 10469 
61211 39240 
91930 27576 
28244 22091 
50650 78709 
27196 18928 
38202 41204 
98864 9658 
65865 75103 
68639 24769 
48833 4763 
37130 50113 
60517 92019 
97729 80682 
79658 68752 
35555 88146 
86734 28795 
85801 88077 
41229 14403 
81151 67128 
24553 70853 
97712 57854 
64758 84289 
16819 29451 
68663 62513 
56124 96358 
74599 66205 
87507 33509 
4706 48919 
51671 26933 
39561 18220 
99656 81492 
59903 87437 
40065 53727 
287 47783 
47455 77104 
37762 53946 
92121 99375 
94982 82786 
84408 57370 
71646 94388 
87747 73199 
30763 97460 
43736 67656 
56956 96988 
69893 51590 
72868 81005 
36130 74047 
46701 85518 
99485 77175 
49026 61842 
78375 32233 
20219 59005 
77357 8443 
91223 25372 
31342 57029 
59814 28270 
24200 76451 
62148 88149 
50892 61678 
95073 24697 
34532 30263 
38574 16331 
80179 61079 
99633 81602 
45726 77744 
48953 1326 
36889 58074 
50159 13619 
88087 53379 
87471 30510 
73923 56939 
82304 44473 
7011 69725 
51847 15906 
17033 73222 
3409 58544 
73236 34163 
77134 68724 
7939 34061 
46717 76602 
22201 37576 
62781 32644 
6431 88134 
76860 81110 
88522 46594 
15238 13739 
29985 69366 
81389 41487 
26619 56058 
53353 69919 
34391 83549 
8108 14716 
33487 83330 
48838 47804 
63927 12010 
32986 21691 
14639 11097 
99061 79896 
24579 51458 
68401 24695 
59240 10308 
54438 79954 
58835 34170 
46490 56395 
15438 99885 
47684 99460 
25562 97641 
37371 75749 
81912 24849 
97194 33066 
13478 97842 
86998 51213 
56654 59496 
81813 85911 
41746 85232 
84413 96645 
8999 67279 
9266 40697 
26198 87657 
93173 10279 
65921 74015 
25515 87425 
14700 69287 
6699 92186 
28602 36076 
37302 3669 
20188 59715 
12330 40591 
60306 10192 
45148 98283 
4874 72378 
73835 52441 
11553 56518 
9073 56437 
94151 56428 
67159 78630 
73628 31598 
94305 48865 
23707 51193 
29156 9242 
76429 52862 
69238 93215 
48356 37382 
4093 89237 
71672 41310 
52907 80405 
66123 4156 
97666 89943 
67468 74020 
34253 3860 
36074 76220 
73320 86760 
5293 3102 
10429 54523 
93423 70068 
50616 18458 
95360 22772 
16427 69541 
90423 73531 
90428 28466 
51410 91156 
43280 47506 
16563 67754 
76721 13543 
90941 38479 
67112 68150 
76583 35762 
29693 30214 
91890 18285 
36304 79371 
29822 26732 
10022 34366 
21774 83313 
89030 39499 
19417 70140 
99012 54402 
80326 92681 
98441 27682 
44867 58893 
64382 23327 
21616 82015 
67754 60274 
56476 45616 
46473 20173 
46699 53166 
22517 76140 
75199 21205 
24635 96148 
82782 65151 
72314 78747 
66393 69819 
48564 85890 
89941 32965 
39176 47935 
20999 19421 
44356 29235 
61397 65897 
74958 59271 
22673 32029 
30027 53873 
8374 1998 
14958 73862 
4361 2812 
293 94294 
45538 20335 
40038 86526 
22870 62163 
65348 47407 
18056 37680 
44510 45208 
4911 99910 
53424 90224 
36268 21263 
32055 79535 
43157 55779 
11891 10009 
9006 74242 
86946 1399 
45823 45274 
66662 22265 
91559 75523 
92828 65451 
68281 15095 
24672 76968 
89321 80568 
96338 2417 
80226 47258 
29198 78424 
83108 14844 
37812 63100 
46917 56023 
2775 69146 
67192 16541 
96358 35981 
27995 46810 
37489 53151 
16041 10201 
21556 26296 
22407 31216 
17402 59043 
20798 17913 
49051 9490 
12939 17279 
82877 68299 
61508 39688 
22302 96924 
88889 19141 
71572 59133 
6102 59687 
67758 76741 
50376 55235 
95860 41333 
52172 59909 
95722 17778 
22822 29152 
41456 82461 
52530 48012 
24170 49401 
35102 12311 
96996 50812 
90585 30881 
47794 55177 
39895 72592 
49354 25508 
96544 90599 
99528 43252 
79744 18055 
4449 49140 
20454 44458 
76828 81339 
27333 49902 
18312 23323 
3106 95649 
29968 9201 
53515 43804 
48181 72577 
10803 6268 
34622 66523 
1588 3752 
58382 26913 
25030 49295 
95994 99056 
71347 57565 
40775 98515 
3017 21161 
56763 30937 
41423 88185 
34515 52911 
50228 21566 
6105 16062 
83423 19922 
54906 25 
70785 32180 
12070 6409 
46389 3771 
66107 55498 
86843 50861 
24556 208 
15096 70948 
57454 47668 
42931 63046 
21175 57828 
70690 48788 
8174 70600 
36278 56940 
93256 98301 
7201 58142 
50246 8564 
39133 14154 
94248 14347 
82435 36411 
64175 82340 
4106 32429 
97817 68802 
6756 55373 
67455 92742 
68532 62088 
37858 60351 
98290 27916 
80472 61766 
98883 62848 
27734 71427 
58052 22849 
79627 96737 
41240 12654 
80975 36198 
43513 31903 
72431 27843 
68842 25145 
80712 91515 
44137 58091 
54353 94469 
42727 57424 
70121 98714 
87380 19535 
32167 80699 
26482 14749 
61128 49166 
28690 87934 
23584 25380 
21110 83798 
83650 91463 
4006 5788 
67923 57156 
11047 51144 
22638 43135 
48284 51533 
7583 29835 
37322 88582 
15176 74778 
8555 46722 
25096 58508 
38894 11949 
4924 79501 
5040 24393 
45516 81791 
28176 45078 
76140 65561 
18835 2766 
38903 580 
91754 45522 
14580 35098 
9673 33409 
82691 68733 
32327 73697 
67514 36844 
92294 18015 
68681 36038 
92882 12076 
139 5709 
24925 12925 
64433 68878 
29110 66081 
70652 27120 
88396 65547 
63836 98979 
21097 3310 
71243 89028 
59396 51805 
86595 75632 
40282 12741 
7279 9437 
6397 8756 
11428 21774 
12719 90556 
11948 52390 
61756 81525 
52719 19329 
44646 84216 
18616 70259 
48505 28695 
15400 74188 
1383 51444 
38178 35264 
65356 55278 
87831 36227 
55568 15740 
13654 48091 
58432 67442 
57439 74755 
45758 25079 
49312 36509 
33227 68090 
58879 34768 
11391 45432 
36562 81872 
85339 37476 
89491 24426 
95150 45739 
23914 36402 
53462 67960 
51811 9110 
28726 55997 
3237 19134 
23170 47072 
7906 12481 
42995 5080 
9608 3426 
35004 8009 
55295 49916 
68646 69945 
56999 33919 
75376 91709 
59228 44705 
18244 92865 
57085 35827 
53811 89648 
1078 2420 
65769 48321 
93420 4474 
95032 61495 
27624 43829 
64637 66203 
48259 87935 
99418 46763 
10983 21749 
70221 42957 
4296 702 
50339 14609 
53955 72240 
57875 97312 
68559 31249 
71889 20908 
555 75513 
52505 52239 
90764 31384 
65527 66755 
36488 26955 
10669 49781 
73362 294 
79156 77525 
89340 43663 
21248 30382 
95556 1161 
87135 46637 
63247 56860 
15691 33370 
98567 73237 
84756 13169 
67806 65612 
3848 229 
4388 27287 
25694 67443 
26003 52212 
76416 87303 
65313 37268 
55950 3755 
70906 84627 
40004 19564 
66501 66148 
22795 64350 
65911 56415 
75842 42098 
28832 88755 
62240 43820 
8283 39476 
38139 50937 
84336 99541 
93545 48041 
781 50053 
33116 9891 
21445 18156 
74272 26798 
1112 53352 
44720 85006 
22347 30723 
94420 24242 
83993 57191 
98043 53297 
39699 29699 
13130 16313 
75584 70055 
76457 67399 
84964 40224 
66504 29271 
45052 23947 
33483 82770 
25647 45831 
24 58484 
63035 87443 
65403 79086 
13684 51429 
4119 31600 
61781 19318 
35646 32485 
92262 46428 
56364 85253 
56707 38150 
66940 20269 
53316 55919 
98850 49442 
14162 8286 
42272 64740 
42999 92774 
4228 58721 
75155 67564 
80652 47785 
37355 48584 
8952 34345 
69808 47178 
78703 52865 
35493 86303 
17221 6504 
82299 59078 
34098 16034 
42504 22500 
4158 70801 
51081 51297 
91848 92652 
39400 12109 
71720 98099 
14106 56598 
79469 71407 
62334 73566 
35870 41882 
33855 84818 
22034 92302 
38374 17220 
48516 12278 
61919 34326 
53133 50245 
50085 64917 
82742 10876 
27906 22950 
62752 90880 
26194 73639 
34839 45481 
62429 63802 
48082 30302 
80606 1094 
21657 68949 
88958 36360 
58291 55294 
47022 76147 
76785 11239 
44282 28215 
49253 85732 
81441 61981 
74092 98824 
12361 47870 
89265 5788 
29804 24878 
32120 80605 
81329 33976 
81758 95588 
83046 46514 
77872 4464 
58410 11410 
96027 19945 
66819 42655 
73485 13600 
2519 69561 
21988 55833 
38159 76148 
34320 56784 
59308 63245 
89978 65212 
86356 77092 
91985 31681 
8427 61615 
21621 44875 
60297 8090 
80791 5371 
57765 95467 
2763 9937 
69543 37460 
51176 81217 
44430 78330 
94509 92611 
31408 8305 
38600 6219 
27245 1741 
23357 62924 
61310 16327 
41433 37987 
80515 30074 
16465 2988 
28650 34281 
86345 15487 
23842 45336 
73049 91502 
25494 45952 
84719 2690 
47737 17303 
87939 80082 
20320 77558 
8608 99265 
19812 99405 
68307 68109 
94089 39452 
39735 37469 
81309 75725 
9577 7689 
80921 16031 
70065 9356 
68729 9538 
21539 95397 
60626 66732 
57466 93458 
20337 68736 
20678 32434 
75366 26010 
64966 75080 
52296 28580 
29742 59840 
67708 15185 
37120 79336 
14201 77121 
50545 397 
62332 4053 
92023 61088 
58786 73716 
1048 63875 
38672 85150 
32450 20902 
85559 36018 
32712 97251 
66739 48556 
4679 41191 
43132 55817 
69149 86544 
3402 70139 
58473 61661 
17 69151 
32081 41916 
71389 51116 
86771 38212 
18651 31052 
45626 22659 
68276 71834 
48577 54434 
92415 70329 
34931 83734 
77728 47658 
3582 79842 
30411 24777 
60156 50481 
80256 99846 
12020 93974 
99770 82206 
51834 53152 
85761 79325 
78285 20523 
60242 77671 
38621 77912 
35121 6234 
41818 40604 
50853 22308 
83449 15927 
43100 13137 
43778 79339 
13380 64152 
69098 17211 
79834 4801 
23023 84866 
62410 6333 
99210 80842 
13158 72412 
19906 43928 
36761 33053 
5746 38212 
59057 25147 
91399 3190 
92017 18705 
78914 10938 
12480 26957 
66079 90403 
18948 20565 
60582 50072 
55805 51491 
92473 54578 
97583 80402 
67184 88268 
67214 93019 
59279 69296 
21700 85444 
33145 61524 
76234 96259 
90994 68301 
53492 64046 
90832 82159 
38727 93007 
47451 7513 
93188 16487 
28054 69651 
28577 58436 
80775 72610 
73382 6260 
89117 70990 
68358 24980 
28297 76304 
12843 62267 
10458 27173 
46223 16681 
44918 14471 
89567 67291 
6878 67493 
91313 91891 
3450 75255 
17846 33144 
49369 38253 
4923 7218 
16446 20307 
39101 87894 
576 97560 
69700 40612 
58042 82285 
61268 25531 
98893 32816 
84152 36478 
89312 47759 
6481 93493 
7213 82574 
94706 60709 
15667 19670 
51837 18430 
67350 69380 
22606 78521 
29805 78465 
72990 95592 
26148 75249 
7909 92995 
18727 86074 
25356 92239 
24284 16414 
17834 7209 
38343 1847 
22683 40464 
63802 98991 
91743 97843 
84171 4601 
97756 19813 
95363 62198 
20018 13162 
11661 39924 
55009 55100 
91255 40769 
79088 33262 
84633 36859 
49792 79802 
95166 3207 
69891 55462 
55386 63133 
54081 40427 
64731 47509 
32014 92745 
4946 13043 
93378 42247 
47875 61011 
30797 98132 
97007 47168 
64579 61786 
58974 75995 
39656 52878 
24058 28028 
69566 76446 
45835 77685 
64889 81385 
49226 20836 
24299 86682 
63520 46294 
85237 80718 
72335 53487 
28163 31084 
96028 39739 
3467 77625 
73713 54923 
3341 19797 
91850 48688 
32227 50932 
14252 16013 
38984 36627 
4417 80561 
61463 82227 
95240 42087 
99932 85265 
53443 54132 
79641 22705 
6480 91270 
84759 79983 
48199 11381 
46058 89075 
16214 17753 
42904 6221 
38714 78218 
36486 26416 
81360 64143 
85665 1433 
85934 30742 
9446 869 
81593 72032 
50796 31606 
66844 48658 
65340 10071 
5767 4922 
5508 63819 
55573 62496 
95739 24195 
44203 2656 
97606 60247 
46500 26286 
45074 95514 
65366 11486 
89547 44002 
10371 72306 
32003 99362 
80430 58924 
35184 12192 
99449 29570 
2716 94390 
24261 67514 
83950 96592 
42701 12672 
13448 15006 
6323 26668 
22261 97324 
97059 12646 
64458 33887 
10031 66703 
86896 39929 
45743 46469 
32751 57458 
44065 4228 
10121 31226 
59689 46860 
75797 42230 
74155 53006 
81322 14343 
63076 98999 
3519 44877 
88857 19453 
34915 48323 
68978 55831 
40819 43956 
77836 26889 
99300 62674 
76157 88563 
27896 96150 
26173 37709 
66615 62284 
43012 54030 
30632 14938 
53205 67593 
68067 83058 
79691 85542 
58310 84558 
49420 10906 
64604 23694 
24395 38871 
10925 47188 
89924 21426 
87683 3977 
94886 50004 
3358 26204 
27982 17540 
89915 24983 
31201 86320 
38678 73422 
97174 6055 
90339 31580 
70610 97814 
27835 53215 
75653 43750 
24102 2630 
20818 19 
78012 1384 
91040 80828 
31302 19264 
22428 45269 
96901 21696 
69466 55393 
44760 86631 
16689 63927 
85171 7945 
57276 33102 
61500 9521 
59535 82246 
14389 4465 
68909 11131 
7679 47226 
47936 48473 
12661 42960 
39474 30590 
31752 98058 
49577 23865 
5259 18544 
85533 66537 
85638 88898 
51877 20230 
82509 92898 
2612 89724 
78632 70170 
71367 90665 
92182 37415 
52948 19216 
13851 41637 
89439 5098 
78681 54232 
22000 10033 
41975 59392 
5487 67303 
16272 38048 
47217 44939 
92036 99466 
23451 55010 
8629 66596 
47614 24537 
64034 78405 
12781 89761 
51960 32690 
7630 74795 
93140 56239 
9837 68147 
83984 55707 
93820 16155 
20257 72216 
50741 11072 
66006 35421 
7875 63359 
28695 88696 
51696 12675 
70387 36056 
4489 50132 
31730 43599 
77784 95563 
70645 13474 
27601 97873 
20821 36792 
66271 3989 
56465 23362 
43504 72478 
9236 806 
95415 91610 
20889 73326 
74368 98448 
30865 31285 
14813 85482 
91939 6787 
60657 24423 
78974 77537 
78286 32912 
5953 31545 
5989 59272 
94681 18597 
45331 62825 
44883 30930 
82933 22892 
39905 75181 
42144 18277 
84836 20412 
3263 80846 
14557 32929 
98237 41760 
28115 37571 
81192 56991 
2749 77320 
99666 19930 
16030 78305 
43095 43226 
57771 65657 
24876 19416 
44736 17189 
62236 50509 
60615 86503 
54191 70328 
31379 74847 
22016 70281 
11800 81978 
68953 79132 
2802 20250 
36267 40437 
41275 33279 
81337 77498 
4076 20821 
80083 34978 
46159 34837 
60845 38802 
49143 78245 
9737 21504 
91080 7498 
48511 18885 
60798 12854 
75172 55665 
30890 26103 
74810 2736 
72319 84512 
53591 6725 
40512 61881 
22313 63723 
87981 62858 
57670 33383 
61685 65026 
99079 67028 
24721 84813 
96894 53969 
1382 37855 
13821 73911 
82244 62246 
95546 80189 
41651 73950 
68842 28452 
13803 27676 
95854 8534 
45663 63646 
11777 33415 
94944 30911 
99821 88497 
69716 91294 
12131 46864 
12467 24510 
28238 11754 
15970 74648 
53660 56180 
20876 964 
423 91429 
85679 21802 
58580 11122 
38579 69476 
63168 25601 
17678 6050 
84645 22558 
81111 85246 
22438 64185 
21897 84055 
61088 58527 
53632 69134 
56320 23321 
42673 7735 
54461 94254 
49982 80606 
12747 16433 
11608 5244 
80369 97771 
30545 31846 
20506 96072 
74758 31438 
2133 57783 
76199 55932 
67054 25708 
3907 13224 
82386 85408 
40605 66952 
21648 25588 
26692 40176 
78617 46450 
48115 74968 
7310 61827 
35352 75815 
98687 5834 
9550 43707 
50144 72849 
58863 89937 
57326 90839 
53126 3876 
59519 52328 
8214 37382 
99624 4789 
92788 59985 
17627 32776 
29614 33640 
82544 47819 
81216 53577 
81945 38910 
25368 2673 
30461 26373 
19769 70750 
29105 4936 
27206 97359 
5739 58068 
22640 6857 
93697 74904 
31826 17931 
60382 3571 
57478 26291 
80506 30261 
33413 78814 
59751 82112 
9747 80227 
53719 13749 
12905 99257 
94379 52305 
43087 70222 
31599 43789 
68769 18121 
20889 64878 
52947 70564 
40155 38489 
99046 58256 
98038 18992 
35741 47252 
4316 93416 
69449 90818 
8903 78760 
20816 36509 
80122 82281 
27260 74940 
85212 31622 
37477 70713 
56461 74663 
45796 73146 
74858 95211 
14343 64631 
79855 89926 
9227 67889 
18586 4352 
33298 99861 
80810 31463 
72480 29608 
26891 34838 
85312 70357 
5260 70407 
56029 11697 
73129 45615 
376 76938 
79599 72958 
60307 72778 
43861 46022 
48838 83669 
62844 90450 
9525 51662 
12446 19738 
36399 74003 
64408 56318 
59660 45392 
26895 62047 
40027 69570 
31045 59093 
30366 65760 
28010 12093 
57064 99524 
31431 85569 
45591 74691 
38813 86749 
64790 33305 
91946 53281 
92653 23873 
91289 47742 
12702 14742 
62137 76441 
34544 49039 
81454 58679 
94789 60359 
13387 34464 
35233 94283 
68766 13612 
74049 9794 
99325 37231 
82722 66800 
60891 43783 
56530 41214 
31458 6224 
19635 47442 
49846 34184 
37155 89608 
48569 15681 
16094 7486 
90530 6593 
64590 30873 
83388 62905 
44653 6995 
37655 50692 
97437 19556 
55046 61871 
42050 75169 
82107 9943 
48993 93155 
40831 79268 
67559 98076 
52730 53841 
42870 80880 
5768 57127 
92682 64153 
74573 93189 
26716 79742 
93528 91157 
81968 42867 
99598 20042 
16318 85880 
7192 58950 
49717 96923 
50869 78952 
67346 94008 
33373 17181 
2333 53424 
46248 1160 
97007 2870 
88228 11951 
1091 84349 
92592 58376 
2872 89604 
88861 71413 
5090 71768 
66493 17782 
51141 40893 
78637 74814 
79154 58160 
22551 4902 
31618 53808 
59932 17107 
76437 7241 
95220 5990 
1651 44213 
12816 13262 
30524 25684 
85217 66552 
66316 25647 
3204 11421 
16757 21127 
46535 67666 
67095 46558 
8976 9044 
67583 96855 
15057 86735 
76326 98779 
17592 91169 
51678 8545 
44795 74298 
19689 35145 
73711 34945 
51604 33479 
42767 3567 
73986 59141 
80329 49576 
99782 27594 
18531 74307 
12486 74459 
81960 45798 
57529 70776 
89388 77708 
95109 7369 
83363 54059 
46942 25781 
7266 53894 
25692 39797 
82349 35519 
70380 61177 
98317 98706 
23625 15974 
20157 55019 
77313 13698 
31217 1395 
82119 10588 
77941 10162 
63316 90394 
55209 19871 
10353 71290 
72872 35644 
10951 35977 
73890 25155 
81790 73470 
32361 26976 
7328 15751 
45765 71653 
35918 50187 
49944 52737 
98085 89506 
27572 74921 
5672 85133 
51317 49497 
62575 76787 
1416 3539 
67818 81546 
24053 18555 
20015 38908 
51700 16745 
38557 44931 
89515 68633 
1360 28116 
82895 4469 
61614 42507 
20477 73660 
46670 79289 
94137 11405 
61080 27257 
32964 39788 
12748 44559 
51700 51762 
56274 39472 
5842 792 
786 96253 
25324 46340 
60883 23687 
6661 85979 
38823 48539 
79448 38562 
13656 23886 
27263 29755 
78739 73176 
35332 71109 
12911 44886 
57686 16989 
92588 9743 
45117 29799 
52123 92770 
51868 83317 
78012 95756 
43801 86350 
78858 32280 
63668 14521 
7505 67048 
70184 96662 
24313 24034 
56723 14128 
81306 3817 
72769 36269 
75745 29496 
16654 33374 
68670 22714 
41649 79592 
89032 96543 
19140 82654 
47290 40387 
32395 54639 
63648 63566 
32366 68634 
75639 58843 
72953 29790 
27306 44956 
57379 26122 
57990 48042 
69571 14312 
2554 85896 
34845 38880 
86886 26100 
52778 79238 
52559 99328 
71742 68487 
72822 62504 
29418 30253 
28375 23002 
66491 35407 
95906 54706 
31756 89235 
64940 59482 
36051 21410 
39265 53523 
79687 66081 
98082 87013 
73487 87461 
88957 37691 
97046 27458 
99785 54136 
89525 26254 
10169 63007 
48038 94137 
53997 95934 
16621 93493 
34442 36413 
84817 23524 
20227 34809 
79043 87095 
17714 90432 
22212 59056 
57218 53679 
57495 68429 
53933 58347 
80621 53078 
3940 54482 
1796 44749 
54001 75505 
63100 94862 
40185 39874 
70123 56953 
24836 57138 
57646 394 
74023 81031 
98338 41812 
8286 28103 
80697 45578 
28384 59415 
27921 62807 
64695 4915 
2871 49492 
24033 95423 
46012 28718 
10856 55472 
22945 39346 
81202 1797 
16089 44106 
47139 86873 
81105 53767 
87149 24677 
2788 60817 
33545 36692 
27472 66071 
1907 60213 
19386 24672 
99465 68129 
86922 34141 
99482 59594 
51469 36457 
96890 94409 
86219 8575 
66783 60414 
35284 71376 
31866 82829 
34477 55722 
7526 7246 
94306 26093 
33928 13834 
72957 77266 
23399 49329 
62528 87507 
48302 95530 
35228 32985 
69743 28241 
47993 42407 
60633 59003 
83696 98328 
8015 93466 
15078 72142 
89001 84850 
13531 13465 
2300 8740 
89056 1442 
2996 36308 
39983 5422 
32138 37061 
11441 95546 
54614 99371 
10139 89971 
18935 17256 
99635 24756 
30742 55288 
5092 84901 
88212 70006 
89398 40580 
61999 35825 
23586 91307 
14973 96202 
63649 32586 
47691 36693 
63105 24549 
24447 55536 
96117 60123 
81656 89527 
39463 1514 
45474 38215 
63360 78034 
88757 17805 
10881 15824 
38798 67683 
3661 517 
6792 27094 
97583 57630 
47531 97247 
26325 72263 
73587 5031 
12919 59630 
42070 88497 
99885 41019 
4036 31407 
47038 75960 
56700 84410 
72737 50711 
66849 23760 
69111 25590 
40182 15029 
4720 99275 
95790 68861 
39146 56866 
67575 98602 
13156 30324 
95146 15486 
45381 14847 
85554 26086 
61856 52808 
24219 28863 
8292 18067 
88504 41886 
46634 7795 
70583 32191 
17223 76373 
47643 58743 
55805 26519 
46888 85605 
90652 6465 
40445 69640 
9228 48832 
70970 78004 
76120 26799 
52624 44631 
4364 96208 
14032 32101 
30816 38473 
49959 25475 
22905 18429 
26664 48117 
48864 23754 
42201 55978 
76462 58106 
77470 36487 
26296 18870 
86353 10913 
94838 2161 
64056 14973 
79756 42727 
1568 11430 
85403 14427 
81163 70590 
59926 88168 
92950 39833 
17087 68491 
55694 11710 
25706 7441 
6503 91623 
7496 24932 
83409 60761 
70155 48490 
62512 27687 
16682 22091 
27051 62885 
14216 23738 
39610 14536 
76075 74510 
60674 10973 
9229 17972 
6799 65473 
6086 98186 
69927 12447 
14261 66993 
25696 20592 
913 6778 
43075 48186 
39260 63671 
70264 28481 
84051 47906 
12503 98992 
70052 73026 
36292 17542 
63025 73688 
31494 39978 
16193 63000 
37897 69800 
36870 64653 
96021 28272 
47699 82544 
13311 35104 
34861 51161 
46337 34437 
11658 43668 
87206 48597 
90015 1492 
8118 92973 
44755 89093 
61852 39368 
75888 70725 
57932 72326 
22712 52142 
34334 43150 
60164 29551 
22792 89760 
12662 40523 
62138 56974 
53570 17178 
48568 21509 
19478 622 
24325 98661 
57623 87437 
97013 83586 
42073 43975 
50603 59045 
39727 42263 
56176 83642 
80669 42532 
15524 59821 
89135 71668 
73970 69270 
61081 24377 
20108 54895 
32295 44357 
49648 23134 
67003 26527 
8122 38152 
11086 18125 
42967 80334 
96326 86462 
89312 45499 
52473 64177 
85798 68368 
82508 79019 
66837 64108 
83090 24511 
5950 95113 
46996 30296 
91170 86724 
67258 46503 
97967 35190 
73727 65208 
87741 73942 
71976 63836 
680 90123 
21724 70324 
30580 12336 
87373 17914 
66259 22667 
16797 78643 
59225 81341 
56161 38906 
30547 90706 
88367 7933 
61169 66764 
90588 30544 
19431 31106 
42432 9288 
67102 83828 
80413 27841 
51022 68924 
86683 7529 
31219 97631 
20424 21847 
18410 52340 
48793 40107 
93856 53921 
11003 70596 
62752 38735 
53894 26129 
48729 58055 
10260 40383 
71464 82279 
52247 22166 
62026 65069 
41256 46506 
61292 98428 
13140 46469 
15630 68710 
82818 87619 
31001 5730 
26014 78248 
71737 2349 
97480 92840 
93483 70317 
74830 63632 
81126 89656 
75044 25741 
22016 3479 
76715 84986 
82364 7922 
95297 14380 
70466 87714 
873 75183 
64187 51934 
38383 1491 
52178 31638 
8799 83511 
88346 11268 
96359 34005 
87339 79155 
81805 24826 
95173 98927 
64438 36008 
53559 23262 
26865 68613 
39129 94174 
15452 34301 
99455 99901 
76811 49576 
26609 87486 
86025 30693 
5995 62228 
25878 6421 
53262 40495 
28000 40173 
5358 60701 
66630 80446 
63093 98820 
3614 39089 
92099 79380 
19271 30601 
76622 20678 
27949 92490 
86360 3817 
69357 46647 
60346 9157 
87167 54768 
33909 20941 
54938 67058 
34791 61055 
86050 62730 
52764 76319 
69127 33307 
43404 70163 
3359 65251 
61175 39189 
69123 37170 
29562 47892 
58525 58650 
46721 50649 
7702 42705 
93952 49131 
18194 21921 
61292 55402 
28190 89525 
29597 16219 
96132 70967 
51728 42440 
88936 9022 
56793 78939 
25014 75973 
60866 45062 
8294 10177 
5215 73409 
3612 11061 
58774 75612 
46140 16599 
15466 67767 
47892 30366 
88930 95333 
62933 61424 
57330 7538 
99536 89680 
39117 44725 
22333 71728 
86996 18581 
70420 57793 
71792 84797 
28401 99089 
90522 30495 
26533 86680 
73707 24604 
13386 77936 
85792 8387 
39888 34674 
9529 35461 
17122 18329 
80254 5876 
61914 61763 
89249 77225 
24051 64807 
6680 77247 
96854 41154 
84120 87028 
48879 77953 
84229 11624 
78689 56240 
50908 5868 
86891 20303 
77078 77062 
80097 77123 
49217 43430 
69935 53256 
47880 87450 
6966 35809 
61649 6540 
94091 76609 
28317 30115 
56974 44251 
51566 41635 
10041 67373 
54015 17012 
45753 24344 
18225 66653 
92162 99493 
36092 47394 
29156 44040 
34051 92710 
27339 51139 
66589 94860 
75137 78707 
73801 60981 
89540 31176 
80067 56661 
63761 41884 
70401 45156 
91149 81480 
18623 28152 
18863 54566 
57217 94871 
27072 36726 
72605 90304 
99872 47156 
81517 20506 
52654 48301 
94265 23128 
7303 13238 
98901 44729 
61391 3961 
6654 82944 
80455 59300 
83455 71192 
53475 99905 
54986 6353 
90810 19544 
13408 45761 
11184 46871 
72765 28815 
59658 29946 
17038 10671 
22125 16923 
59923 30730 
53468 80676 
88613 76994 
16353 62555 
95248 48899 
35505 91041 
9118 65824 
8373 64754 
30357 16269 
77230 76085 
31540 93547 
60060 91671 
37480 17840 
57980 98985 
15474 1614 
5482 74526 
8336 75633 
6450 28382 
20824 56179 
3672 32406 
26341 612 
62502 44797 
95348 68017 
10345 2575 
59438 74439 
62798 65256 
15829 8098 
84584 57960 
45798 48963 
78792 80286 
67628 19211 
71510 18433 
69669 76332 
60577 22404 
72392 49035 
26947 87544 
49628 7613 
65125 10246 
98669 55035 
75101 71337 
86510 22820 
72417 37484 
15218 56588 
15274 60895 
43280 80228 
17982 657 
71752 34715 
18616 85249 
54101 97880 
95374 85074 
16907 4825 
80945 66304 
84883 5156 
7083 52910 
88184 12849 
22633 32399 
92561 27322 
67409 2655 
33631 30159 
51599 72168 
55384 90924 
85814 94042 
50045 47666 
30393 35331 
71459 62928 
84260 57604 
47441 94483 
13417 12046 
47841 61508 
27052 32994 
74568 31545 
45279 47482 
27414 1346 
66709 5209 
65226 95577 
36298 73239 
25842 61365 
34366 32872 
90163 93801 
56187 62260 
75845 87759 
28233 87689 
24303 74773 
11918 38881 
1076 70230 
78622 49240 
64081 25738 
786 647 
66857 54314 
93054 24241 
54651 71895 
54693 33550 
80039 77682 
9972 84412 
11720 77965 
16666 27315 
35266 43320 
14567 42097 
47791 77452 
15618 22390 
29881 67468 
95234 7773 
37568 79981 
30381 45260 
94771 65209 
44175 98595 
82296 32112 
59009 13752 
13393 61605 
30666 92108 
57792 32021 
34382 18946 
26260 41263 
499 44272 
55950 23427 
52123 15349 
43142 74232 
80124 15947 
54462 19173 
1836 75971 
10260 81108 
88990 76964 
74545 29835 
17686 93928 
4732 25246 
88621 81934 
11421 97758 
89341 37244 
53529 44974 
21924 36931 
47321 61917 
99289 88454 
99223 63685 
21263 1196 
81789 3973 
77532 25682 
59781 40717 
88793 92988 
39037 50934 
89699 26814 
54674 50890 
77591 93743 
37118 34805 
99569 3417 
94565 5612 
27084 69660 
28699 34613 
72039 96036 
56842 53426 
31299 54876 
48175 51206 
7529 87524 
94270 22906 
43447 65349 
24912 90210 
23873 16022 
49008 95773 
45354 37611 
47372 53537 
26676 94260 
69280 23143 
35260 11514 
87885 64837 
34179 66794 
50951 22778 
12499 1120 
22842 79276 
47631 61826 
51271 20246 
62575 22871 
8069 53048 
83202 19263 
47066 21874 
71150 75186 
94145 72990 
6425 1631 
34636 32376 
20464 88610 
91439 71703 
35215 19507 
93613 55069 
46687 90678 
19621 78575 
2451 28090 
62068 37543 
61750 54618 
1419 82082 
94158 76569 
95112 50694 
68127 26036 
85384 3764 
4297 16919 
4269 13997 
20130 46731 
7437 9278 
72171 3766 
99882 4921 
10193 19773 
25951 6894 
93479 41962 
83811 15372 
83689 84990 
90139 8851 
21018 63518 
64712 43046 
10776 98997 
26520 55943 
96057 40521 
93126 30604 
68805 38920 
53222 30742 
76401 65690 
38682 90535 
13784 73941 
56882 9832 
52148 57207 
56648 78613 
44443 73820 
91927 30463 
65170 69453 
16118 3838 
87380 48518 
86976 71995 
73323 16310 
87087 87744 
56841 38076 
68158 77545 
25411 38653 
8688 10971 
67616 96882 
34083 66208 
37901 72678 
85850 9987 
4588 41476 
42253 11254 
89438 707 
86645 11858 
77450 56013 
91665 84690 
74130 91114 
37596 19946 
14088 74556 
11385 93572 
79668 59003 
39201 88441 
71166 84309 
89841 58467 
81257 4292 
48941 48591 
65419 18952 
4616 9446 
67392 8826 
4050 74558 
54168 36205 
37501 4 
38496 99183 
81292 1758 
18580 98771 
84575 64300 
44426 6789 
16027 35586 
28180 2794 
96069 68097 
51876 82001 
27830 13431 
90135 22973 
5796 28811 
57669 43789 
24911 7845 
11828 68475 
34897 5036 
88990 71663 
84633 83779 
30234 68780 
79680 80958 
56535 71477 
32362 47770 
86613 33613 
18308 96032 
51627 71765 
65936 51961 
50039 56086 
96109 95327 
3287 32235 
98008 40857 
18279 53210 
74272 911 
36298 71072 
13533 53699 
49534 62894 
51693 29689 
96258 42682 
64664 20357 
3567 41600 
94731 8068 
32654 22526 
50320 13615 
95724 31763 
34661 58841 
55961 80682 
52697 45756 
92364 93150 
17555 60695 
9790 50768 
27981 22331 
1228 17270 
16395 5710 
24092 25881 
73533 91001 
35237 68989 
40148 5267 
40444 38178 
18810 48342 
53263 24494 
99599 19729 
25421 3749 
12295 92509 
6364 99737 
14686 12302 
13084 39424 
1678 34645 
43016 88507 
73114 52470 
42579 83143 
29593 6928 
51850 54265 
75007 19375 
81889 74540 
92136 30143 
45407 44888 
23370 80554 
53728 77383 
32452 28674 
13437 24460 
45125 46409 
4616 50502 
66662 5807 
99244 41247 
52479 25813 
83128 98848 
64371 17226 
77605 76010 
79402 33225 
18358 61333 
31050 5607 
37770 39770 
52971 22729 
14590 17079 
64538 84188 
61 15204 
84349 49361 
3202 16721 
82937 82211 
19594 60773 
89169 83134 
17825 70409 
46172 90124 
55620 21750 
72074 26151 
83760 49147 
18466 67443 
10023 17278 
35203 8176 
37677 81100 
44014 1147 
63475 97601 
95364 61081 
18609 49535 
33103 27514 
62774 90603 
19671 97546 
96254 23999 
80959 55282 
37865 81806 
14416 44397 
27609 81415 
66579 53016 
52085 96961 
26929 5984 
57942 98706 
3818 88593 
14120 81371 
45201 57986 
7119 23602 
41985 33676 
5211 95089 
5034 97033 
7313 55268 
38235 71074 
111 68137 
39476 96526 
83096 91390 
48999 67885 
85315 84876 
30321 44073 
89930 23371 
12736 2304 
3080 91675 
46427 60892 
52094 86261 
21261 56987 
74745 47019 
78621 28613 
66029 95069 
1920 16873 
81868 58192 
5962 73835 
60148 24111 
57880 34335 
8704 73686 
53121 85851 
27104 11008 
38790 49570 
74526 25461 
23642 67924 
69547 91996 
39091 79110 
9314 40207 
18864 47500 
25375 182 
46229 10337 
51326 63755 
77247 95757 
63501 83382 
86046 64913 
70064 67760 
93889 31877 
66151 23192 
37610 18988 
43153 32810 
4989 12430 
38702 61921 
14747 93111 
40652 27097 
47016 31262 
13085 69032 
36551 49695 
95297 24792 
25367 80280 
35764 3739 
34123 60963 
62220 33265 
52263 46519 
56308 55381 
65813 35240 
96627 23287 
38655 45888 
57567 68240 
38240 14497 
2976 81358 
49910 18982 
93473 82417 
55331 81029 
34159 28302 
60035 39351 
25483 47426 
42665 36163 
44205 73271 
64206 9613 
73671 90141 
19389 38880 
23019 97286 
34374 45816 
23495 43730 
14952 17249 
66678 85482 
27707 75417 
54248 69225 
52943 90563 
61791 52162 
82635 99287 
80210 26368 
49287 65058 
87446 27841 
62266 93128 
20514 75366 
97071 91120 
63256 2379 
29934 48686 
38754 16206 
35261 94859 
97021 43381 
66653 80159 
18332 97163 
23575 21944 
10523 33976 
65232 46189 
64570 49142 
70789 56595 
46959 99136 
60825 62820 
49609 27504 
88719 3618 
88552 14663 
82676 7827 
41093 68000 
69171 46365 
37823 17986 
36831 41796 
80672 88473 
6106 18531 
41068 64919 
54573 96347 
3327 92949 
10289 52661 
57541 1507 
66357 4897 
13536 59774 
88698 93255 
2859 45106 
86005 76343 
59305 20428 
85946 87384 
20154 93844 
14918 37070 
70061 60662 
9981 90680 
57473 8592 
1092 91654 
49446 591 
89349 51613 
54956 36596 
12680 77677 
39004 35397 
34258 61929 
70300 70900 
10886 15020 
93797 43267 
98729 86149 
96024 64716 
31936 75039 
35954 92216 
66096 8025 
47052 44863 
12914 20014 
77168 2437 
5105 56819 
22134 93431 
21210 88248 
26166 45811 
68908 1334 
67618 91802 
72355 25232 
22157 89224 
34182 24547 
97078 46173 
46009 86238 
60281 13331 
2673 16767 
45332 38716 
34860 60753 
68 63401 
12398 50191 
60358 73527 
86214 94130 
72935 13897 
30802 22750 
61611 11487 
21017 6860 
29717 53413 
27106 84147 
18284 13196 
40111 36837 
94266 21630 
46140 81959 
25996 34102 
52448 55030 
14127 54914 
30899 90716 
85453 40980 
85065 29933 
24301 22201 
66112 11823 
11578 43892 
59555 41192 
65120 57823 
40074 57240 
26626 62772 
44828 67799 
20244 22889 
47009 54789 
15818 72782 
20899 1245 
65794 51893 
77240 37998 
48985 97568 
13496 59018 
46647 66160 
67412 8355 
96756 44565 
84229 98843 
20891 60794 
8060 82876 
94795 1493 
86104 59047 
38476 96758 
30759 64868 
34610 38179 
19141 75450 
45058 54718 
22143 790 
84444 82846 
45856 50156 
27065 32317 
37052 11086 
68767 67014 
51385 72656 
38997 91489 
8067 7893 
59882 58152 
58002 18619 
78965 87482 
73707 37511 
60163 24222 
28810 76761 
3508 36202 
72549 10527 
78442 99244 
20357 79191 
97676 1551 
75539 7480 
29055 44052 
68953 35621 
41418 9365 
53755 72958 
7065 21343 
20452 96829 
38275 19628 
3894 36027 
18184 29195 
38260 97766 
97404 13566 
78746 19865 
66900 62168 
49336 55698 
84939 77296 
94917 28510 
31329 94147 
12958 23778 
85710 88648 
15072 23600 
78307 2056 
22009 25428 
41344 38804 
26963 29001 
97244 74587 
71560 19936 
55744 45407 
66500 26213 
56242 75094 
54505 74644 
83974 38766 
57145 28444 
9003 52770 
69017 44129 
45576 27802 
62883 46242 
6041 21275 
47605 81762 
28303 77383 
77033 82579 
88714 48936 
42504 34034 
73324 53678 
94179 20271 
69585 29664 
27203 93047 
57878 19175 
37476 89630 
27640 28738 
98849 7553 
16426 84008 
38596 29244 
71865 22579 
91301 77937 
66290 45227 
92584 77757 
51707 76678 
33608 85527 
28811 70653 
34889 59562 
17931 30791 
13654 31636 
62037 8961 
12835 52280 
62393 85567 
31772 86708 
45951 32630 
48793 48929 
90234 9736 
54047 74972 
86270 45407 
17332 52661 
3023 11995 
121 44996 
27810 10905 
83597 66972 
96359 46748 
25220 1515 
93445 84008 
75198 69257 
443 47819 
81214 98948 
89682 51692 
84859 80624 
17148 9301 
66430 21968 
44848 14925 
26109 69835 
32088 57664 
99025 3544 
70922 68276 
89263 54278 
5214 84272 
73653 55818 
65022 58870 
69973 85857 
68443 32446 
86213 14229 
91561 31347 
67611 34694 
83845 58216 
36429 20259 
11085 90443 
75743 8526 
40893 8901 
43039 93209 
46820 37850 
11967 70690 
96302 88659 
31348 66372 
4930 64993 
59377 44598 
84962 5141 
77921 88022 
89508 8354 
16926 17577 
55497 16405 
22172 12579 
78321 98996 
80935 81968 
8942 22213 
79625 32370 
50311 62928 
5039 76382 
44078 68861 
16602 25356 
80884 53938 
10816 15004 
37920 61685 
71109 19221 
45982 25547 
46370 17818 
14892 4374 
29686 97218 
980 73725 
15139 79668 
83186 9241 
94990 96165 
25402 6998 
22190 41030 
41841 47586 
3863 71963 
49476 25602 
10262 48387 
87036 34294 
80670 33054 
3553 16311 
82827 17105 
71133 65806 
35654 67186 
56398 94590 
36441 34693 
92968 55612 
43089 11890 
33367 50706 
49636 67344 
22921 36393 
58986 44057 
30487 81441 
633 57637 
91265 22966 
63125 88993 
65468 14050 
11129 26305 
93328 55161 
35167 74368 
31633 54101 
38437 15952 
89966 64784 
99632 79421 
45813 13834 
63231 39606 
6874 35792 
99487 54837 
6206 2696 
45174 22003 
61240 51831 
83122 13666 
1213 86665 
43684 46498 
69279 50273 
14477 18689 
35281 48033 
26113 45482 
13132 26896 
41085 16613 
62750 2270 
10593 97202 
70671 60341 
79795 94494 
45743 53612 
15832 16882 
36716 50498 
4947 58763 
77085 96022 
15105 55013 
89175 89948 
48756 62273 
34295 91156 
16724 40733 
78632 12611 
48676 29721 
55652 79977 
18237 33163 
44894 88741 
1509 56872 
54347 9660 
6639 68601 
89010 60399 
9022 83951 
11752 82428 
1839 16462 
54284 36558 
24844 68600 
15802 57952 
65671 81855 
94792 91970 
37399 8799 
35526 65972 
23699 17692 
34919 38938 
48649 91130 
47725 10765 
72086 34203 
48439 66143 
33410 64779 
56826 74101 
66794 18776 
10643 63647 
89004 66670 
73915 48340 
17383 3983 
2035 78235 
10013 48121 
45978 56296 
32669 46706 
67116 68219 
47912 78399 
51354 39523 
90507 6234 
56769 51858 
40322 25593 
2427 21647 
28972 34240 
7750 68518 
19679 40163 
21556 78399 
81193 14519 
37824 96737 
36055 91582 
81281 70984 
1116 15367 
60035 98307 
53925 33445 
24801 24425 
52455 42524 
44647 82541 
7619 97444 
7746 57526 
58094 5530 
82257 9840 
25244 41596 
27265 96090 
32218 35419 
26606 78727 
55835 3116 
29440 26042 
42422 16621 
20601 65463 
59498 31328 
11036 68082 
74082 20978 
34051 10406 
45312 998 
56616 80530 
94232 56743 
66656 70239 
66759 31484 
77023 21979 
37238 70479 
94749 80220 
9446 62099 
40257 30416 
59505 64730 
65301 95581 
30881 59061 
10753 446 
35515 19356 
65726 6233 
37074 54446 
38076 65255 
