32740 48889 
39208 98786 
39343 50816 
1450 52443 
56864 21575 
17182 79955 
74941 50728 
58619 19696 
13008 86053 
56063 18983 
76704 29621 
64314 91062 
31355 33835 
13440 91051 
15793 11040 
57467 29213 
32398 43112 
23682 51732 
39924 53249 
82575 84123 
44577 81266 
3799 50444 
31732 85753 
37115 52704 
5809 81760 
58913 19157 
9037 11027 
54702 7617 
71178 33287 
65866 80491 
1773 21809 
15021 51936 
74045 44072 
38471 44339 
65345 9382 
96532 81278 
12848 69215 
2927 87174 
15194 63208 
12969 60057 
60867 13976 
36911 33156 
92317 87322 
99653 43491 
21193 50874 
50861 81199 
94514 83869 
40633 2012 
74201 13504 
14977 47135 
33139 79179 
52665 29711 
89759 54969 
60437 15104 
103 92763 
67051 43468 
1470 83793 
8358 17327 
54904 74629 
75347 4398 
65188 15234 
5014 86390 
66449 61306 
29969 18261 
49082 866 
66822 49188 
69434 25963 
15696 96473 
27523 24334 
63621 56663 
20048 23020 
33093 84357 
76044 76168 
93748 68483 
60756 52636 
59876 88283 
89648 45540 
29434 36796 
28949 95465 
81219 58325 
71729 91873 
36042 58204 
69205 93076 
5040 8087 
65868 84167 
93640 88099 
33934 74424 
3259 78330 
27775 20958 
74454 36498 
82179 53758 
45058 76050 
59636 68779 
54693 89516 
11333 50366 
13158 45638 
54133 82035 
64275 25623 
81528 5544 
19123 53766 
20412 92158 
2962 20825 
17490 97169 
58704 94644 
89245 78958 
76428 61904 
97585 77292 
73255 47281 
19671 62040 
30766 11864 
64864 83109 
8218 41401 
54370 75189 
88955 96719 
19838 96730 
84697 13641 
96044 11615 
17804 7767 
79770 54115 
25149 60684 
2054 52934 
78885 38490 
14242 28586 
99191 20958 
19606 19796 
41972 217 
91762 39288 
80548 41552 
8726 7038 
64502 85697 
97176 60000 
31158 11980 
25302 91250 
65573 74714 
4657 28690 
53441 71436 
61455 23657 
47997 900 
16031 83189 
76762 21189 
65510 46195 
46917 23861 
99200 73396 
69087 98741 
88826 93682 
8514 75787 
86449 25382 
89862 95409 
31753 69965 
27309 76662 
17368 57808 
25125 23958 
85978 10940 
95585 37228 
36196 76020 
70861 67929 
95542 72338 
43435 93840 
78315 94242 
55624 69302 
83764 5155 
72958 44349 
5681 61224 
18440 36141 
18370 6634 
15126 79164 
75957 89774 
83005 76853 
12064 59674 
62812 26620 
55105 15524 
94188 92701 
80834 98570 
58528 56802 
8204 35356 
7870 85225 
7232 63962 
40364 12963 
28267 856 
50117 60194 
80912 34892 
74650 64677 
87820 67195 
86713 34741 
13688 50861 
28869 1868 
22996 22829 
69070 79323 
51368 61763 
63310 13850 
84935 50401 
47522 51130 
29647 68611 
45009 22531 
18229 94249 
68024 612 
46305 42919 
12467 63910 
51195 34894 
93275 57734 
46992 37648 
44672 37008 
7735 95914 
14274 29624 
46856 27599 
12946 64386 
75548 33584 
43327 66238 
35284 42150 
19119 33375 
90467 84675 
4519 75694 
36017 78224 
48557 12170 
21674 72813 
62679 95907 
19914 6367 
91551 59920 
67569 98762 
56828 54176 
92618 7858 
11595 74961 
97058 65063 
29153 71346 
4399 5702 
64052 50333 
96014 10372 
65503 92210 
54438 77428 
93741 30714 
3698 53930 
88439 48770 
86813 62567 
64940 89924 
48882 75526 
68833 88005 
460 2705 
2348 73121 
20459 81361 
47052 20795 
20364 77000 
46493 72854 
32290 31194 
79733 73629 
2262 21057 
52120 33091 
67065 27165 
53163 49741 
68104 42048 
83073 377 
8945 89682 
29282 31325 
94556 67968 
82177 66257 
99731 70775 
15330 79450 
1791 93920 
19644 70103 
78356 80283 
73142 13336 
14861 13318 
48517 56493 
88437 25292 
9117 75621 
94881 46898 
20670 6273 
63673 88198 
10875 15252 
62323 7431 
41867 85450 
25841 93784 
21607 44664 
59666 63021 
69416 81052 
55170 40719 
68151 52862 
25669 86889 
80919 18103 
17837 97850 
83796 81063 
78550 6528 
67631 76838 
60376 90685 
91837 92533 
30305 90114 
30964 54320 
5747 28461 
40890 93258 
79470 33075 
85623 39581 
10836 47188 
7991 85098 
54557 32706 
97914 96440 
70159 69050 
10485 58047 
5454 63708 
12728 73128 
75519 3564 
92733 53263 
65046 92561 
47714 82873 
66402 40883 
78637 53491 
28318 93608 
58168 24573 
30863 12636 
6016 82526 
21212 54742 
1142 37710 
41667 20687 
83829 20352 
56507 85599 
52296 10630 
37466 59225 
38284 65613 
98972 66124 
54005 86350 
83760 80543 
38823 2031 
87078 98427 
98238 35015 
73414 79932 
20020 50435 
83520 49799 
72725 87150 
51504 51 
40400 13030 
51819 99792 
23922 46854 
74245 80183 
44186 41550 
81271 29248 
15308 29075 
36777 756 
17004 85929 
7509 14163 
84497 90094 
29565 98531 
51554 5149 
941 12286 
27716 45380 
8192 52837 
64260 46876 
20326 55341 
65142 93937 
86293 68242 
28924 27557 
53770 84757 
65618 93298 
86417 4071 
18391 69593 
94383 93802 
34271 54293 
8556 26128 
70241 77245 
22887 64011 
91539 49746 
1136 81052 
17529 57902 
94419 8797 
97125 56236 
44215 18657 
50589 20361 
51813 62137 
97397 73049 
79654 12683 
907 6758 
12617 75221 
99748 87491 
48043 55323 
63093 39779 
2106 8963 
2429 80673 
17132 25930 
95952 91809 
29573 35247 
33370 92926 
11535 59288 
68694 7654 
30144 84824 
76513 92982 
78478 63842 
43261 37461 
19400 4724 
89162 20061 
49358 65279 
8828 61507 
33056 13096 
38873 93006 
81866 75839 
9467 13464 
48975 64346 
13396 5600 
92452 14764 
30991 33812 
13782 62489 
82184 52223 
13899 30262 
38008 10013 
21326 85576 
12988 52966 
37757 98382 
77188 85108 
15286 9116 
72055 72363 
26419 99192 
87767 41365 
13156 41352 
61434 50865 
4594 95645 
85288 90622 
73900 8319 
71918 93218 
64948 65532 
9621 27970 
56517 51539 
55134 82857 
47676 61903 
53252 30408 
41814 26266 
43292 16481 
78774 2356 
10869 7119 
14615 13163 
70114 77942 
76769 12577 
16265 33003 
28706 81308 
71453 95583 
62682 74525 
57556 22107 
1758 65405 
69129 52170 
32985 54656 
86752 22599 
12508 45110 
66481 41563 
80317 12565 
64682 39914 
97451 39353 
9164 91258 
71723 15458 
7288 19728 
69322 53539 
89703 94945 
19192 8813 
24314 47393 
4622 42534 
99319 24226 
2243 18660 
66395 45466 
72464 77321 
55534 13628 
27340 85828 
21571 75990 
1993 28202 
59094 38051 
33890 57592 
27231 79150 
10660 2467 
58694 26798 
81600 87070 
88514 4960 
40598 99390 
27054 83328 
78949 15797 
19173 19609 
75380 70461 
76828 4854 
37549 39839 
45922 93114 
34426 97737 
69893 20961 
62149 84855 
42286 99918 
67305 28211 
98509 95346 
11069 40486 
82956 89075 
95223 27072 
41882 59855 
86800 29475 
34683 5660 
71945 37771 
26637 74931 
41563 11887 
24714 70049 
61421 61765 
44716 35633 
7577 49851 
52783 46706 
54390 95830 
7226 67349 
86803 83179 
37685 59117 
71212 89851 
37741 80364 
59940 91285 
14444 32514 
23208 12956 
33581 77405 
99423 41769 
23080 71032 
29765 40907 
48580 33311 
96201 51074 
55006 935 
13476 2617 
75865 90976 
35053 7601 
48063 36547 
20581 48706 
34148 42688 
78219 32665 
46209 50546 
38962 29965 
86062 91026 
42091 79696 
64874 55242 
10988 98633 
42052 8438 
76754 97069 
28010 26491 
63434 70379 
28324 39647 
83120 4950 
67832 26881 
1780 9861 
22391 16028 
27442 61554 
3287 9836 
41124 27782 
84710 76099 
37957 19206 
38242 11273 
70994 2302 
39939 11253 
93429 95589 
45435 60451 
76320 62721 
86322 80886 
38358 10582 
27180 66661 
61825 98315 
36723 66059 
84628 64061 
68854 63391 
52109 80209 
19821 55828 
84343 55074 
26182 16611 
64689 9189 
94986 85386 
83632 67759 
12325 28808 
78254 27337 
59343 70164 
92180 74417 
75809 95431 
43419 56381 
50549 5019 
28258 31117 
85277 95368 
8214 50650 
73799 22663 
24003 66220 
62115 22100 
55608 77527 
6559 30460 
736 87232 
26944 87188 
75303 63289 
59572 69749 
49063 56354 
51000 52708 
17087 67219 
97623 66813 
73535 10138 
28419 74294 
97993 71898 
48598 69651 
86633 23622 
10450 61421 
60547 2541 
54343 89687 
61835 44353 
67590 86578 
4355 13296 
41843 92555 
80545 46678 
70680 99954 
38303 3376 
18233 7109 
32634 81688 
6968 31293 
25639 50919 
18165 46784 
55370 23224 
72151 85561 
19191 77479 
57031 62463 
20498 35319 
4414 64045 
9000 81018 
68574 70986 
4238 11469 
51491 67548 
29619 312 
30398 28433 
99956 61134 
86744 63308 
99360 98637 
5878 42341 
58299 43848 
15300 22287 
88742 79651 
56013 41971 
64524 76335 
36236 58460 
40411 73341 
99715 50785 
87825 63016 
51850 26762 
87794 54946 
26055 30271 
62385 25311 
40020 61320 
44761 84721 
86989 89243 
84954 30102 
30669 60617 
63548 81463 
24073 77772 
38694 42778 
52361 51220 
83218 67661 
7682 9885 
78068 55226 
40023 86730 
15923 49182 
92254 84163 
34537 64179 
19836 63573 
43220 17369 
16067 96394 
27824 291 
12283 60294 
19732 86455 
99075 63410 
92524 33356 
19395 31973 
6393 4173 
17306 2252 
54811 4031 
87186 16423 
80565 98449 
57348 33802 
19020 57483 
59318 33798 
95269 48090 
79438 5035 
48858 79329 
62986 86261 
84821 90330 
42657 49004 
53023 59269 
93061 89338 
39124 3150 
70766 26734 
9981 32802 
85493 91621 
93874 25236 
62184 20133 
91681 76418 
95992 64434 
8972 1495 
72625 70084 
70965 56647 
25008 68128 
32378 66995 
23923 78847 
22444 58367 
55018 26629 
71693 7235 
17541 20912 
51596 42757 
91143 66885 
20725 57625 
56293 31449 
11865 10281 
21103 4848 
13304 30078 
2791 66494 
94522 69102 
35534 84649 
1625 79592 
28131 54006 
1038 34313 
74675 2577 
81363 48721 
29340 79941 
32766 8373 
92446 72530 
10845 52829 
19085 78487 
57670 18138 
53928 14566 
96529 94004 
16181 20589 
38874 8892 
7266 73195 
42074 16536 
90390 19915 
34808 20741 
96007 97052 
83247 41839 
40053 406 
5700 97793 
2889 36598 
55941 45724 
6039 94531 
86193 5482 
41094 41486 
69582 65892 
50562 66420 
8842 56460 
33992 64222 
83161 52549 
54346 78980 
88264 70417 
49374 1787 
6192 41 
10685 49161 
707 18240 
79203 31832 
71832 22387 
19893 60505 
18794 25892 
80898 25106 
54443 60598 
12666 27111 
86224 38410 
21154 40750 
28867 34695 
55876 28168 
42176 69398 
88335 36102 
93660 78289 
19303 57184 
30199 86424 
64430 47645 
5571 18628 
6835 55071 
51342 7694 
72615 24746 
97521 90007 
80629 21205 
46301 10412 
41409 22831 
77352 93418 
31778 21610 
16328 76195 
51464 87623 
29599 40333 
75975 38419 
17699 23954 
55988 87094 
67580 43529 
77697 29729 
89474 5623 
90824 72769 
8030 42812 
31434 94010 
99337 65116 
15202 77022 
65582 78570 
53467 58199 
17272 85929 
49171 78007 
89333 51005 
62710 33629 
51843 77749 
98737 88857 
88778 27976 
54146 8912 
8846 77478 
84718 52807 
21367 89302 
93354 73951 
57089 65060 
16327 50862 
38959 20454 
85658 94186 
11081 19496 
75512 53664 
15430 93498 
98402 79238 
65382 65444 
3048 74200 
2707 98195 
39873 15087 
40387 85790 
2421 2981 
87494 11144 
23390 53918 
24305 582 
2497 32337 
45950 15855 
70067 80775 
21105 37724 
45009 1480 
18588 11652 
28770 1183 
39189 45805 
87867 18951 
52665 74291 
16786 18850 
80556 24473 
40307 44121 
84315 56174 
9713 97606 
15232 72727 
70908 34361 
57714 39076 
34093 26727 
50724 80531 
54468 89539 
3513 77242 
41300 33761 
31259 14136 
48782 50475 
23830 93774 
66203 14022 
26591 70492 
17316 32996 
56055 18177 
99109 70873 
95118 1160 
38806 4243 
12732 77975 
24518 85952 
31099 31092 
69790 32848 
19793 82261 
5187 63473 
30718 22691 
51090 69643 
393 60104 
15040 17752 
36767 60520 
74268 40531 
76638 41674 
49417 98079 
46715 57077 
49057 58162 
86438 94994 
66191 70109 
93932 4993 
37793 84056 
37783 56203 
36274 97878 
36823 26082 
47863 97810 
47687 16221 
7006 95610 
15648 92597 
98181 55030 
38069 51707 
6970 43440 
61785 21111 
706 40638 
85843 13204 
45727 86204 
69213 64394 
23025 49179 
49483 8354 
86994 59434 
62968 51693 
23015 48781 
19312 43080 
98789 11687 
24343 52792 
71588 10401 
63809 8624 
9039 17370 
57605 66245 
4550 9007 
69170 27331 
20190 99188 
7981 57186 
69583 28322 
94411 95072 
61316 4350 
65684 95086 
59368 25789 
89267 83189 
81255 3691 
15755 66861 
46852 39377 
47157 87864 
11272 7836 
18466 65724 
63702 42890 
90477 39796 
50791 19552 
30070 81158 
87927 81402 
10490 12074 
54680 66433 
98651 40412 
31716 43465 
9079 89141 
25633 83047 
94841 76911 
45485 51740 
14629 84744 
40138 36696 
62181 25961 
79157 78673 
69291 21749 
61577 15927 
96871 73148 
66696 18870 
9921 11720 
18942 25935 
91692 5824 
24896 74812 
89931 97151 
54709 59993 
3862 43056 
82458 37542 
14332 44241 
70365 41056 
31589 44448 
80359 68968 
85233 99104 
23121 52682 
9079 23212 
9527 17435 
80067 45302 
52314 3400 
54784 13885 
76851 23176 
9790 25591 
39019 93676 
32639 70080 
15528 95327 
29349 15780 
27385 79611 
11056 92671 
80767 67099 
97650 63575 
61218 52518 
29452 13777 
96871 60784 
9324 30324 
14307 78512 
7061 86976 
46698 19221 
45539 98526 
18036 67253 
53803 59096 
19544 85359 
16115 33016 
14774 63997 
67981 24012 
58423 36563 
90240 8709 
90570 84073 
30562 83806 
72806 5309 
38010 42790 
65670 33944 
30813 67711 
7795 42899 
30100 94245 
46366 87988 
83054 84206 
85768 7836 
67798 18624 
66689 15136 
19300 6667 
61515 85509 
40686 90925 
73482 74511 
67550 17955 
56859 70826 
34236 34490 
33335 24205 
50497 64344 
65802 70425 
34572 18802 
64936 12349 
64414 94161 
46194 6121 
2672 14079 
25320 44585 
22989 81551 
38947 26211 
15280 15544 
3552 47124 
75880 60736 
80818 56297 
94789 75282 
353 69487 
36736 21179 
1758 46248 
75351 4548 
97188 96102 
80476 39022 
22858 94959 
77504 34444 
43319 60883 
94569 45210 
95903 59537 
88557 47829 
14363 83933 
94090 55675 
50548 80556 
71007 20380 
20842 74512 
35323 13982 
40135 80023 
46263 33666 
70268 69416 
87666 21820 
2160 13703 
25928 48155 
11251 898 
48609 57731 
74415 84425 
87917 49018 
13173 13277 
11552 9472 
32812 48030 
19663 2637 
59923 72382 
21228 70390 
41915 68589 
75693 86706 
61220 36957 
76487 75216 
34179 4535 
21825 81806 
10030 86176 
65228 75654 
58928 32353 
63262 37358 
39608 22420 
41221 81162 
67083 39462 
78843 49834 
58664 93425 
77599 15319 
22650 42933 
8715 16121 
68174 2981 
56783 63160 
56986 15688 
67701 49932 
88363 4290 
81605 9878 
6868 26814 
81618 74142 
49354 95141 
17389 96278 
2362 27632 
68818 26959 
24020 59043 
99768 41381 
95530 40170 
14216 44804 
6542 21442 
67987 7554 
45967 29671 
8067 9798 
65190 15183 
8477 8573 
4207 67787 
46768 74744 
22843 74338 
18443 86005 
58996 18082 
17934 3499 
43777 559 
24252 4285 
39450 512 
17031 89620 
30206 71080 
14374 39908 
88132 16490 
67819 41182 
57126 82519 
71643 65094 
46031 41210 
43879 44654 
98954 49620 
14613 51343 
15489 14838 
13481 45718 
26490 3066 
82762 43254 
92077 89242 
55067 9940 
77708 55524 
25319 78004 
81437 11871 
15614 51160 
30902 30033 
78472 50885 
42102 53454 
9132 40512 
33695 69908 
40730 52272 
20326 11132 
77577 33950 
66427 74274 
81201 26433 
67915 43686 
61436 81182 
43447 28386 
40550 27556 
59098 20481 
52252 3891 
80808 22872 
9406 73393 
47433 90793 
24351 56144 
83899 81033 
93981 21903 
28785 5124 
68049 4878 
33509 38357 
3672 21298 
1372 45185 
71582 93341 
73865 43365 
20398 8866 
38907 44156 
24052 75403 
31133 73948 
34458 58976 
17844 3879 
36631 33599 
15915 88332 
56658 5645 
64752 40626 
4304 18820 
88251 54802 
41479 90068 
14826 16071 
55406 74526 
88640 29335 
81055 8489 
97550 35116 
61232 33378 
63605 75285 
54725 60816 
90536 17215 
2966 99179 
39302 44246 
43915 25364 
7541 72826 
18216 52018 
21707 62255 
47133 10114 
11691 41634 
74405 39494 
26881 90453 
54828 55890 
69923 74193 
41291 41937 
69834 54364 
68886 91827 
89656 63625 
59881 24482 
65512 60918 
76524 68540 
3708 59007 
30001 13918 
20406 47371 
13358 19370 
94486 17100 
63788 63189 
18312 31250 
75390 25106 
73448 74054 
77382 91425 
28756 55474 
64705 82564 
56860 43729 
18059 12428 
91593 47791 
78624 2430 
3869 74272 
49095 89461 
56297 38659 
77088 86742 
7899 19602 
39617 79270 
79471 6728 
88035 61405 
57388 7420 
31695 53197 
9070 46058 
35541 64137 
6883 10413 
81968 8302 
8869 74205 
479 13230 
24516 52267 
38 6362 
1690 25331 
48478 7519 
6854 5150 
30927 3653 
34897 97464 
84935 32947 
77165 60291 
53836 59401 
96680 48059 
21845 76117 
8105 78306 
94494 35785 
36640 56994 
66229 70229 
34832 50902 
73346 27398 
69196 1150 
64905 23784 
49575 30607 
36860 83044 
63322 9701 
65388 7444 
93679 10168 
44204 7765 
47140 94270 
77669 99449 
88115 58249 
6567 57989 
80870 73087 
46645 14976 
68508 43074 
1395 67695 
76669 33278 
69969 69821 
15659 661 
8792 68473 
68864 450 
21077 53819 
97618 29277 
42370 91383 
63091 9683 
62167 14362 
64280 16769 
71791 63497 
17878 97099 
56887 75434 
60561 32393 
59297 37011 
37150 56121 
17505 42529 
49136 39795 
57462 13829 
77215 27584 
46323 68868 
58780 12789 
40457 53498 
96706 17833 
56100 83277 
99310 60552 
66072 77390 
3029 63938 
79248 5145 
9149 93899 
90781 7020 
73804 90179 
576 96831 
26536 89266 
85102 99398 
56838 24940 
73336 28919 
388 32046 
21521 67288 
77129 72147 
3339 58719 
81824 45913 
32249 97289 
4428 56393 
10919 47390 
62387 39788 
59071 3600 
59863 85894 
5488 66081 
49961 29069 
42562 80394 
65152 2413 
32471 66492 
98404 12779 
22923 40652 
62917 12293 
77372 16227 
31919 13273 
49719 54387 
61610 17739 
36735 24343 
30165 10136 
22765 24117 
83570 92497 
90784 7479 
65143 24916 
11445 60497 
19729 71055 
37484 71960 
5849 38337 
24717 45992 
19483 45525 
72802 12264 
31733 46630 
29071 99485 
69230 89331 
26933 51240 
20964 88618 
36713 79708 
38117 51855 
91257 72479 
4518 207 
11232 90389 
94482 93174 
95782 20209 
2116 77903 
63020 75004 
21533 53036 
21857 67125 
81015 58027 
31711 14029 
85756 73202 
59905 75532 
3669 43234 
77898 62571 
36588 17318 
46945 2198 
55287 33002 
31412 91286 
40857 57428 
43678 22296 
67290 39723 
68399 18458 
80514 21297 
35892 72852 
77686 97034 
14491 46140 
67160 19662 
69950 41050 
94391 92027 
96313 38245 
51900 97570 
57142 47827 
52487 77994 
88609 3475 
34025 78927 
6648 2115 
81460 49324 
29244 70984 
97050 98414 
71889 26139 
23413 85212 
99341 71654 
25611 39894 
20031 77161 
68281 93813 
90839 62898 
81745 25473 
59399 16042 
97054 13482 
8715 59851 
44074 24328 
84580 98048 
49042 52736 
80148 60859 
38386 75468 
23968 86247 
54169 75589 
67896 80156 
13162 43553 
99527 12931 
96343 63898 
10129 25613 
38531 51916 
33527 39415 
98889 13344 
34013 84446 
32197 61932 
62031 89634 
48086 44720 
15290 4791 
40827 92869 
39884 57909 
95801 37136 
81123 86014 
30446 1363 
46987 16285 
7257 14800 
78479 15669 
64323 64664 
30604 71820 
44928 44007 
55313 15973 
71888 36786 
43481 49224 
4601 21986 
26808 87705 
37183 71697 
62536 99245 
44598 64232 
23953 64416 
60366 32714 
97884 58168 
74189 21976 
46716 14832 
70784 32203 
26974 8847 
92205 86424 
69076 56352 
95132 70773 
13586 18645 
91869 61418 
68182 67526 
9208 70058 
96467 54668 
72857 11145 
74909 12401 
26785 18261 
57370 1699 
26614 14542 
68068 14634 
4119 72591 
3257 33212 
85921 83042 
59542 44253 
63595 87719 
22431 10853 
54757 23294 
42611 4967 
65041 64421 
99372 12796 
59448 51496 
734 34901 
78220 37522 
98029 16341 
87124 90996 
99049 58663 
35013 47301 
48347 85164 
2506 9781 
5864 53627 
64815 63484 
95787 36603 
59041 79513 
16393 18312 
41649 55977 
98598 89365 
45382 62742 
76020 55770 
96530 31474 
82629 17053 
33252 59941 
25336 9848 
73575 80073 
88421 57900 
17692 72997 
14232 17241 
33396 1059 
70360 56102 
65714 66812 
57305 63203 
32268 1979 
32650 35134 
14375 35639 
27840 53822 
30610 90151 
11881 28455 
84287 5807 
12648 42738 
9278 761 
40939 17971 
99575 31465 
75006 75214 
97198 30671 
54050 55670 
30311 64994 
97976 37423 
38844 72090 
17696 68798 
98419 8719 
5370 23865 
55082 65241 
97186 73984 
13084 79574 
82624 60796 
75900 14178 
93650 50693 
26681 43345 
44840 48553 
48527 34873 
11203 49403 
27218 148 
24274 10682 
49473 29736 
39066 34898 
8342 27764 
74527 62739 
53986 7688 
58397 90059 
82891 14495 
13704 38677 
41467 93946 
8595 30559 
31034 38158 
53816 37688 
40330 98644 
72863 5832 
98993 72871 
88681 79403 
40846 38448 
67764 86731 
89380 30276 
37588 80347 
29473 30283 
46564 65238 
9156 66818 
67004 89519 
23195 1343 
51112 16647 
66223 13754 
37570 46004 
7383 84489 
72028 99582 
30680 11494 
48670 46507 
5687 93212 
1963 94259 
1743 54950 
77830 35693 
35491 95267 
91696 4377 
46348 81511 
37200 57221 
27427 29151 
43839 73032 
467 58292 
94419 28381 
12482 32534 
3904 88032 
49129 50299 
30088 26198 
5197 76818 
33515 77021 
26175 76148 
29147 97914 
36484 26926 
75510 17795 
99774 82979 
28404 33737 
14581 70502 
45717 14195 
34683 97206 
67497 64727 
17640 85624 
11158 12977 
47305 32749 
15531 73746 
46492 41204 
39453 62043 
94530 63372 
70688 32322 
91079 49190 
29186 35429 
62391 90793 
55043 1352 
89083 12730 
55996 75434 
45549 65182 
51875 58511 
80271 39422 
94172 27289 
33614 39702 
57727 40275 
85049 13807 
98496 66747 
45330 65733 
46484 11429 
60776 48228 
56122 45996 
76628 60409 
67738 99974 
14319 56212 
43239 8271 
53574 3127 
26697 60303 
74385 17506 
46297 46571 
6211 42643 
17909 52549 
52143 28911 
32549 6861 
4336 21428 
10072 50993 
43645 60050 
79685 61155 
21200 48894 
4184 19418 
52566 58221 
99323 868 
16163 80144 
12305 16303 
36782 71465 
14108 25826 
52323 81899 
29203 17753 
7292 83989 
73212 29330 
90115 92212 
94131 71044 
33011 83101 
15971 4666 
22921 5642 
65026 16686 
29940 1774 
18444 23432 
45685 40507 
52370 41881 
38237 5999 
82656 61109 
72560 69865 
84996 53280 
15695 21059 
53282 70227 
44603 22866 
5106 81926 
1149 15860 
71551 26546 
93528 88104 
14743 58261 
26336 89473 
1125 98628 
52535 75626 
21017 20112 
79699 29017 
85723 16195 
30235 19228 
52325 41521 
50676 33025 
23254 37661 
88673 25677 
42837 95326 
7977 19438 
66230 42238 
91489 2508 
7520 87383 
90368 62361 
83213 96987 
13207 21030 
54961 25308 
13475 26731 
41076 74230 
25678 96186 
10248 9640 
21125 95029 
92831 19689 
2702 89904 
45192 60315 
34742 5175 
80801 96762 
8827 69578 
38135 16342 
79311 43765 
89889 57319 
63353 78329 
10628 71555 
89426 63759 
10720 14400 
95556 98674 
13227 34368 
23938 20794 
97422 17224 
32137 16256 
57691 24380 
42716 47239 
29796 53882 
82928 15265 
17831 43755 
24043 8143 
14667 32121 
15855 62195 
46291 86250 
26159 8216 
86155 13587 
37184 59584 
79508 71787 
21461 43976 
89648 1949 
18062 76360 
28138 19459 
56886 20220 
59242 10262 
33368 86460 
75198 96860 
18986 74937 
23402 57985 
3891 72332 
29192 8631 
7214 81819 
98623 73026 
57848 74989 
4495 12109 
43928 24512 
55848 99222 
52763 97237 
26250 72977 
74646 61734 
69415 34628 
23720 91723 
82052 98796 
37049 27412 
83292 51015 
48997 90445 
67678 13319 
2259 34979 
54371 69974 
49113 57367 
99134 59469 
16905 79962 
57580 95992 
60296 70773 
88283 43881 
99486 60012 
62593 31926 
48375 67004 
4312 60887 
69565 56512 
16882 27231 
54138 2219 
68324 58846 
13282 46902 
94897 34359 
86150 13822 
53291 36705 
13730 41863 
98126 73704 
2050 88194 
86664 83676 
99688 66508 
15809 32487 
44356 66366 
77883 99931 
91237 29704 
81067 47981 
21773 44286 
18064 61197 
45779 50684 
82209 50451 
52041 49305 
24125 15145 
32957 37073 
13997 66211 
7320 99532 
24618 22458 
92011 33487 
78609 6182 
28138 77707 
9529 80483 
50079 84824 
71097 90352 
96921 76203 
91323 92340 
4948 83410 
9077 83514 
87105 94840 
49477 69391 
792 94119 
91433 42685 
28865 98109 
55798 79950 
50389 76628 
95800 1583 
57462 63481 
2758 82140 
82353 48928 
49583 42578 
35227 77419 
82139 3764 
16880 61254 
34286 31471 
63209 60745 
86241 57107 
98542 74548 
7914 15526 
23484 29998 
28915 1541 
39619 62621 
55209 10128 
18150 26426 
8696 91827 
52516 82138 
495 24453 
96030 69253 
61301 75011 
74750 79572 
42891 1560 
83087 14856 
73746 23801 
15048 29269 
98655 73275 
57572 28503 
57362 19314 
74051 21765 
60433 55274 
35924 280 
1968 21082 
18157 46490 
8174 32740 
60427 61861 
58467 87216 
10008 38003 
31473 11999 
4652 85746 
22132 32612 
24133 79906 
48119 38519 
37695 73629 
13849 38086 
1283 85564 
28597 6662 
13223 65509 
81578 48340 
19944 99780 
61327 11579 
74342 26214 
69304 21639 
88571 90564 
18387 18642 
90319 90953 
25736 19094 
87042 25141 
6513 50805 
66153 76555 
50030 46444 
10850 49324 
13105 19277 
91015 90026 
96787 86221 
96557 14414 
82038 47902 
16591 91068 
87609 83199 
32015 20753 
79023 66643 
81318 90197 
1463 71001 
79879 72065 
31298 74550 
21543 89107 
41128 52775 
67915 59754 
51393 97604 
35618 94916 
97989 73812 
24636 21257 
79769 91837 
91949 64937 
62440 49013 
63766 41639 
6055 67112 
97009 63607 
52167 33075 
46056 92527 
53687 31948 
64333 38230 
55569 46306 
71965 27561 
37687 84793 
50515 45158 
12596 93953 
83723 78475 
30365 2124 
49215 83066 
80249 41928 
80290 20965 
94696 98778 
59199 14943 
55035 36827 
73727 4475 
70155 60886 
67422 85461 
49610 83139 
40494 65049 
20752 76818 
13169 65347 
45910 15524 
46197 65389 
80054 16522 
24280 79402 
72004 29056 
47286 31246 
52954 34648 
41463 99816 
74958 55325 
98234 78311 
58940 97847 
71709 11403 
86965 97283 
17703 48716 
26650 61634 
36841 80417 
7008 60727 
92222 1316 
74459 47218 
8193 83571 
45321 45312 
20877 24862 
36883 93668 
43452 78914 
2915 82978 
29546 68234 
21546 85825 
66659 25195 
83436 36690 
8186 6852 
6490 83342 
57405 81363 
59618 97374 
49685 89426 
12592 1241 
40228 42844 
41597 41947 
93802 34162 
10837 17382 
90219 96221 
19353 40322 
4705 68590 
49246 7236 
95871 98986 
76543 24293 
35624 32135 
9188 31346 
45169 15968 
97997 56171 
59138 85578 
25865 25868 
25947 69116 
18132 60083 
66606 96555 
32728 71593 
56526 82245 
82560 3805 
65259 95220 
14593 41824 
87640 27408 
20151 44039 
26474 19232 
79214 54513 
41682 4517 
47812 73004 
63740 92178 
82093 79039 
80273 10875 
55262 29249 
43832 4612 
64275 73024 
16168 82235 
42051 60570 
59711 91805 
87913 49573 
10528 12049 
4097 51922 
18663 27393 
79349 335 
21560 80528 
92016 56221 
24197 77022 
14494 24761 
95548 50175 
88486 90916 
55213 81163 
6261 40975 
16284 9406 
76939 88244 
70957 61215 
78818 78619 
53929 70923 
98827 12024 
95278 68051 
38440 79087 
79299 56472 
21732 78921 
58706 17141 
75698 53524 
34608 24612 
65598 47033 
1864 79394 
58784 73987 
76679 23162 
59323 59719 
68729 21857 
2707 98157 
33635 72949 
25013 57544 
43258 17420 
24152 52990 
41088 14492 
12127 96239 
7893 67656 
16747 27708 
48843 74290 
28811 33560 
27471 7946 
6514 51501 
14134 32321 
42660 72942 
87035 89025 
72266 56353 
22401 97413 
48193 76837 
37085 54091 
40723 50369 
1629 22132 
23293 87628 
24758 55618 
91101 51992 
21266 13802 
21892 19004 
14483 81009 
28946 60515 
91727 23330 
75147 5695 
26601 81241 
13979 63255 
5515 18453 
98393 24447 
47475 21630 
51718 4813 
85956 73053 
26126 24147 
89613 98860 
83641 68770 
34579 29194 
22284 27957 
5307 93424 
35652 47248 
93147 13498 
38097 95383 
82310 51611 
9625 98701 
61360 14521 
14758 57144 
75070 16176 
27781 19335 
36244 52763 
53203 60743 
50026 49844 
64673 78552 
64241 99946 
98242 89624 
48494 20779 
26539 93801 
22013 29209 
9322 43820 
95650 44166 
62789 45231 
66985 2863 
15181 94958 
9131 99040 
19391 55536 
23633 29332 
74663 53541 
85762 64509 
68932 85384 
96531 45936 
90954 11369 
69935 44505 
77097 19812 
26187 9152 
51509 47012 
32148 75212 
90358 45995 
28668 98989 
90933 7215 
11225 34299 
54617 47760 
85037 69121 
99088 2126 
98721 96116 
99587 67250 
71617 99423 
21680 77238 
69048 1977 
48659 9120 
47093 32540 
25600 49942 
83816 39679 
39031 87665 
37484 1143 
26289 23570 
23922 51398 
61867 42255 
84969 77500 
99375 16827 
27887 14100 
57243 71487 
51621 2008 
23870 71505 
39975 61608 
23650 61426 
94033 72332 
29172 26359 
96590 42467 
26822 8346 
49869 99782 
43161 70045 
4480 32745 
17649 61338 
2349 64574 
63623 11005 
89260 47914 
93947 35193 
13689 26617 
300 27200 
17768 22950 
65845 68950 
43503 73458 
59813 83558 
22773 54795 
9560 30484 
93191 12041 
70722 30062 
83544 26309 
19316 92549 
42326 35904 
71005 18338 
40804 55877 
92187 30641 
68051 24467 
5201 99645 
49583 41790 
5620 18092 
63507 56041 
3501 92167 
98475 95546 
72398 18776 
96313 41212 
40038 30482 
48830 83218 
82830 2813 
73093 8230 
92651 35103 
72388 19025 
68906 35680 
1092 97041 
51383 64995 
90872 80246 
50206 16095 
62880 43618 
47989 40936 
46056 37617 
46313 63081 
45159 61215 
3699 52632 
53821 20357 
65507 77604 
87701 50193 
17526 87463 
20722 59955 
4493 29158 
43419 93062 
42369 43764 
26572 81869 
18945 42701 
65596 16366 
21174 16515 
1566 39268 
49613 86333 
63283 26066 
80441 68350 
51459 7965 
13777 85100 
90880 48059 
3310 23755 
9306 86673 
96798 11320 
62924 30463 
29519 49368 
17299 71735 
3542 26814 
10092 89320 
54486 8245 
67188 466 
54437 77445 
17432 4359 
24783 1013 
52831 82233 
35934 65346 
10850 96441 
52274 31771 
13366 61444 
40129 49227 
82853 43361 
94165 61656 
70538 81550 
53320 48160 
73579 15602 
71258 37941 
88677 44233 
78265 49225 
48118 38727 
21650 11575 
10867 82902 
99894 44412 
36143 14022 
12160 81044 
49798 94637 
29259 47160 
24870 54029 
54734 25447 
36834 99739 
85474 63945 
21360 14635 
111 14677 
57803 22999 
414 21283 
25176 30327 
6005 9604 
29026 15859 
55943 73555 
77414 84274 
2062 90136 
92106 63577 
88429 42034 
77128 69870 
98880 74063 
30986 46550 
20323 60518 
81149 25374 
13332 14572 
39793 49942 
3549 27942 
28339 48302 
7475 89312 
94992 40737 
84497 93381 
54263 21189 
63304 18918 
10349 56384 
25353 23809 
87329 5389 
40615 77867 
78233 74151 
41566 30028 
42384 84526 
90251 85573 
25772 55341 
40184 51148 
52799 64260 
19985 90594 
39363 83511 
68852 23000 
7046 59993 
35315 85860 
36078 40832 
10219 80894 
80796 29164 
2430 17796 
85454 91724 
81535 72088 
80544 29768 
5619 77244 
10201 67922 
24184 78378 
39774 11744 
96382 85064 
19340 74097 
92939 74190 
33694 72874 
56516 10316 
52278 58187 
79697 70565 
3537 35823 
22435 83897 
37349 15567 
31450 20432 
6467 27977 
42990 95547 
93326 21206 
47272 85558 
32079 70707 
68064 87086 
27424 8948 
64080 90557 
51530 9701 
90189 79803 
8311 42061 
65940 14370 
90311 43010 
86477 98862 
17639 44189 
76671 94577 
40666 28449 
33100 82630 
8611 84856 
20531 44961 
54684 76982 
89613 89813 
25103 38652 
60737 11693 
84086 63750 
75365 42296 
59857 62254 
50587 18539 
57696 13365 
85277 66564 
55254 58407 
56952 76480 
12642 41119 
17242 21611 
75184 21024 
40911 58128 
20290 56755 
8421 26221 
1545 80532 
5272 62338 
72915 62426 
2698 23504 
33854 93608 
43771 19399 
22151 1490 
96556 45589 
95522 46446 
51699 12204 
85207 39789 
35649 66365 
75280 65702 
82728 13773 
59886 86040 
59318 55143 
57289 56241 
61694 66539 
14414 82982 
15342 69160 
18440 9850 
88119 53779 
43092 25927 
92163 47777 
96366 54037 
90218 38572 
3795 90349 
40870 96304 
56678 35064 
14171 70692 
78323 75149 
84205 72306 
12938 54359 
58420 86813 
21632 93247 
34837 12305 
77896 2442 
87759 54422 
90946 66128 
70203 61750 
49491 59512 
86971 34832 
70779 3996 
36152 96168 
60143 56821 
38805 65679 
34878 78167 
76676 46365 
42847 17994 
36025 88302 
11097 17346 
11980 65574 
92585 24427 
62320 70396 
40227 84427 
12170 1454 
26577 73903 
1834 99313 
44790 15461 
38816 60809 
71873 26561 
62078 46428 
48816 27421 
51655 79937 
33818 57377 
19995 27939 
14622 26421 
2711 38479 
23896 59278 
25941 12502 
87599 73016 
65074 79688 
50469 66039 
25344 51088 
65031 86231 
68636 24973 
932 89102 
82818 29450 
29965 92958 
40020 95639 
68789 87461 
18483 68602 
16129 54357 
68985 79699 
4182 14744 
91269 23688 
94941 25912 
48566 6645 
91372 12645 
88958 56634 
596 32769 
61220 18087 
81698 44838 
9744 82980 
34274 67013 
8230 47122 
35526 90517 
45064 18281 
13462 38503 
4656 44356 
51704 41700 
98469 74454 
57416 35936 
87075 13443 
88036 73439 
305 81490 
24782 79740 
6388 44046 
1302 81087 
2966 34889 
44386 73483 
2961 55106 
60316 3735 
66484 94231 
5202 85395 
86355 86312 
10573 77992 
69223 83267 
96536 16681 
66928 661 
93956 91231 
3440 66921 
14411 38231 
11551 85995 
52068 28437 
40491 5591 
75198 2401 
20727 68412 
66657 31817 
75421 12138 
2488 61478 
49368 75444 
15689 17289 
85736 61967 
78228 49487 
18486 11875 
48557 17016 
64099 31574 
74140 8975 
90088 36116 
8958 42095 
9723 65956 
4434 69407 
2516 50005 
58948 84577 
88230 277 
65829 8827 
88512 39934 
82684 2925 
94741 86182 
55902 55414 
23268 32192 
73384 60077 
79950 98140 
85785 10574 
74728 50414 
32010 8236 
23972 20218 
28207 223 
53414 88020 
31182 39542 
67708 38670 
66922 85877 
84022 33555 
22862 46750 
36500 90732 
38517 92211 
46083 11788 
93303 63081 
15851 45014 
82630 32721 
55928 28499 
93780 75348 
63956 13890 
41587 40122 
87233 31804 
638 29542 
70837 23252 
75470 33135 
52421 27952 
83144 72978 
98811 90044 
83645 76294 
92159 14439 
82679 2174 
64100 82957 
48749 14422 
45248 18374 
31787 10581 
44304 66667 
44166 88403 
96147 52949 
66574 55315 
21544 55022 
70996 63911 
22404 29932 
11003 87032 
96010 23562 
15540 29715 
89268 91060 
36580 12084 
29691 56752 
43318 47220 
63738 46220 
25947 81095 
5058 30340 
70627 57864 
45313 31324 
93911 23101 
8456 54214 
79659 80037 
35716 23746 
44414 69395 
72975 26154 
68205 52136 
94861 78235 
66960 36213 
40570 71868 
49936 3416 
55309 71180 
1023 60407 
28183 71707 
46308 59274 
92503 66115 
21933 7241 
7648 99448 
36075 12590 
73031 38374 
26785 94455 
34131 23524 
53455 17799 
28190 21760 
23854 1738 
82884 46118 
50937 89296 
25115 65143 
54060 59738 
79066 80483 
67769 10844 
32735 11859 
97975 37771 
30402 91894 
70128 87617 
4829 39813 
46908 74355 
97451 52623 
53987 97504 
27444 25171 
41568 19708 
61237 86322 
26709 23345 
2933 17533 
6830 84363 
73019 2207 
8361 72704 
67898 39476 
36113 13027 
95961 44434 
18788 16852 
67278 48359 
3896 27837 
73466 7058 
41446 5578 
31871 23282 
9872 10141 
83947 89963 
80010 39480 
31542 65091 
83271 14956 
66788 96156 
48786 6371 
1385 22308 
858 37236 
29278 95820 
62929 13446 
63110 80893 
97124 74095 
69261 7502 
19486 71847 
88913 80721 
70190 52123 
73294 71848 
85283 15265 
80097 46661 
11931 13940 
75053 18252 
32672 59223 
57717 47152 
15844 83115 
83776 49831 
89145 32684 
87503 18168 
41171 51616 
17486 97105 
91846 38611 
86331 15463 
36791 58905 
779 15773 
62976 25137 
82516 82974 
53406 56831 
11932 28974 
47131 73975 
27178 50295 
97524 79472 
89098 39440 
76564 37710 
78956 97093 
5761 62035 
30355 61904 
55407 82614 
9335 47367 
42982 77998 
47377 51176 
78854 18628 
852 81437 
52785 88592 
57486 26270 
28333 23146 
35437 78552 
13858 23799 
23861 15970 
8668 90250 
95171 28017 
80708 38977 
78651 76232 
18265 62020 
22714 71711 
12300 16276 
88787 54803 
68318 23587 
13675 65913 
17089 4974 
49225 3461 
92065 68536 
38183 75298 
68004 19875 
13413 63253 
10106 66332 
13931 37013 
65852 41906 
95734 73129 
42794 88384 
77963 57725 
54699 90069 
5692 77365 
85720 74405 
29451 31510 
17714 58867 
98605 32160 
89305 45697 
40750 91502 
7013 40356 
52583 36793 
8514 97014 
58980 33170 
86003 74975 
6539 39753 
13714 23623 
45413 72130 
87747 265 
19007 95200 
78682 65234 
24920 24365 
17870 91646 
32540 70172 
86781 73406 
42748 21768 
55518 14383 
53438 27926 
21327 34100 
50899 871 
30883 30871 
81581 37790 
31156 1991 
71360 27668 
82814 32401 
50138 86929 
87409 28213 
8475 46428 
25024 89522 
59903 94414 
72543 88138 
7692 65365 
74423 40169 
18034 52978 
67599 40867 
82986 17078 
20066 59664 
15964 48862 
28730 77052 
60193 56643 
36264 81768 
6232 35124 
69008 36688 
8540 85249 
68344 64887 
63026 58818 
86527 3536 
57628 12263 
44600 22603 
36174 67427 
4819 7788 
22139 93624 
92921 62654 
33379 44939 
16589 93649 
81525 9452 
65647 3505 
90434 52959 
46802 33438 
86952 68762 
1136 62661 
14209 77244 
76123 94888 
92765 54169 
75575 35849 
8157 5061 
90725 93252 
34728 44492 
23551 11217 
15110 83750 
49498 84880 
2318 78122 
30891 87695 
37137 35877 
84650 83893 
77338 45069 
28286 91640 
17224 31390 
76737 8597 
36104 20563 
39224 10936 
92535 42143 
70124 89287 
37478 78101 
60738 90659 
54039 29190 
19900 94073 
44016 44843 
80491 59467 
72240 38248 
86259 54361 
48493 87230 
58704 80846 
73813 3704 
17363 96654 
3065 39731 
28460 48365 
78868 86563 
86704 12286 
73350 14594 
92881 69055 
33648 96733 
75981 21750 
64674 55506 
22702 4090 
98401 75028 
19504 15248 
92758 23042 
82765 60874 
75199 35290 
51147 76110 
96115 24802 
40929 55699 
85473 92009 
19855 18725 
12414 28120 
37938 91103 
32026 23843 
64737 97610 
66081 18236 
21732 17073 
5288 48421 
65743 69282 
39404 89827 
74747 70236 
18586 8820 
10952 13552 
24402 84783 
87698 10166 
82184 97116 
46482 45888 
77733 14122 
58369 96968 
50867 65380 
42 77493 
25897 26930 
18929 79262 
4836 99536 
94133 4736 
93005 14218 
20276 86712 
48663 56446 
89928 34571 
48377 60592 
26945 46254 
38100 89633 
27823 77591 
96238 81620 
1078 66134 
69482 14013 
55711 65359 
54776 9789 
78978 56935 
91500 85052 
60948 73648 
96821 16943 
68767 83699 
24109 92709 
47073 58236 
49429 86095 
22657 68307 
94346 95583 
21266 34903 
74612 70494 
62349 86245 
23796 45632 
83569 60258 
78496 2853 
61087 26904 
27508 78875 
33891 95046 
21175 42611 
10864 11555 
9098 72447 
37806 56569 
24512 74144 
28314 88130 
61819 93420 
17163 91867 
163 93777 
77796 46960 
10354 89753 
56519 28302 
45091 48539 
15183 26612 
53118 98797 
41418 83172 
76832 14496 
80881 3948 
89800 73709 
69529 39016 
5769 27604 
95586 87575 
43946 53190 
648 16227 
66706 4932 
37296 58795 
15328 24933 
36603 99637 
56977 19174 
3100 29225 
21867 58161 
47048 702 
53377 14321 
84246 9205 
15886 5661 
82192 61920 
5170 75397 
8020 6150 
84441 695 
38455 35145 
25444 90141 
24937 96973 
68515 99177 
68073 90420 
28081 65533 
44773 43738 
60829 42514 
48680 36966 
82598 87048 
49941 46658 
67033 41501 
53866 62991 
84133 33532 
39734 53609 
40051 6648 
90730 25931 
60843 85588 
83953 70273 
22348 75350 
95457 49787 
65972 90368 
89426 40066 
55867 11275 
2914 11181 
26859 70658 
7940 87992 
44426 76363 
31301 20785 
48157 91143 
39109 47555 
78317 834 
47852 31758 
91511 19748 
6674 14874 
55892 1587 
6623 31827 
78985 46951 
11768 99147 
61888 24389 
74362 660 
92485 50939 
91659 63595 
87266 10235 
85500 39170 
66451 21520 
37479 76033 
326 11274 
92248 2390 
96081 80669 
49457 13206 
3855 6702 
847 92556 
8357 62603 
33180 88034 
38094 93991 
9968 94045 
68134 41269 
65388 93900 
14269 55860 
92280 56801 
16559 18149 
82821 85130 
88462 28382 
85206 59901 
64085 8257 
72636 37796 
10588 20600 
81881 11889 
85351 87231 
67910 59998 
8241 61062 
38322 69526 
88183 87404 
76737 45740 
90170 71655 
37842 81595 
53994 55745 
98449 91573 
79163 94123 
78698 89402 
71837 11563 
5460 20117 
9091 19683 
76015 40612 
13385 66866 
94261 79621 
45889 97096 
93978 98064 
21102 97261 
34079 13689 
17233 19614 
49335 50200 
6864 76285 
66706 20326 
60674 16181 
52191 54758 
83309 11066 
36034 44434 
25012 97267 
75148 72353 
75165 42194 
50787 72898 
84657 30751 
66771 71611 
82835 95705 
8986 26414 
51746 48225 
50422 12471 
95502 49 
37651 67188 
95801 7109 
74464 39316 
76012 5961 
26260 66652 
5660 58986 
4851 40560 
64807 72093 
57478 2331 
53475 99519 
76129 56337 
75178 4329 
63677 78022 
45535 371 
41850 40939 
77093 61648 
62756 86390 
69667 48497 
90427 11626 
91871 66441 
51781 58164 
73999 43205 
17438 40468 
44972 82169 
61958 67030 
36844 26377 
70398 70852 
49159 46249 
3454 84404 
12458 46251 
7014 65287 
15305 71065 
53594 3193 
62459 80129 
32936 16160 
13112 50985 
66921 74699 
7660 66429 
10025 76075 
28995 38288 
10671 27806 
60082 21455 
51148 89425 
93416 75878 
54147 64589 
19914 41282 
42521 31821 
74919 99686 
65529 51486 
47190 14143 
59608 89041 
63130 48641 
94625 50171 
42938 93717 
67603 32114 
88006 45117 
45077 57275 
99583 8691 
22498 70210 
47576 33720 
64552 47086 
5350 9011 
13761 87944 
41452 91338 
6413 36383 
12449 74192 
14641 98760 
32377 46313 
41401 15523 
3802 34084 
31103 71024 
83070 69652 
22840 14949 
18069 77491 
65427 8467 
40634 26149 
33876 1235 
17756 49028 
35472 91624 
65794 98323 
70271 21820 
10156 59603 
15626 11902 
29238 21043 
37264 42577 
55895 60919 
90459 54924 
22309 89758 
64021 47340 
24845 59394 
37093 14787 
54332 30199 
64175 93552 
84178 69874 
77303 45875 
33831 42453 
95996 43157 
28314 34539 
65366 83869 
55906 57300 
674 12881 
85538 57393 
2679 92587 
43029 67704 
22268 13051 
61052 29728 
95150 18311 
11538 23346 
37800 69080 
1217 46950 
94385 58222 
61077 1087 
51041 44768 
88765 42157 
88693 74599 
9268 89264 
28480 11558 
3739 86866 
34909 11411 
18858 48696 
81010 32879 
9922 34270 
47060 94957 
89625 38292 
19833 57733 
51533 5430 
82895 25178 
12301 18161 
40108 42647 
69943 43772 
94283 89291 
6779 68110 
10859 46153 
75187 88301 
32498 54390 
91865 84413 
74646 64913 
32029 40909 
24416 20638 
58849 42755 
85531 5647 
45350 28168 
60624 41713 
46156 40231 
38842 11999 
54629 83011 
61472 44131 
37341 54292 
71260 90478 
72267 96674 
12069 2091 
29694 81542 
34738 4624 
25548 16303 
82253 49488 
45729 44251 
72768 31525 
86962 88611 
72541 35732 
84810 77500 
52517 99840 
2702 74978 
52074 57008 
37183 34833 
31342 53465 
54057 88380 
79580 19623 
7693 75315 
61200 9974 
11503 27542 
23368 17084 
21426 19879 
59477 7987 
66232 8709 
21361 27543 
8572 89860 
99737 62598 
48896 20414 
47195 63240 
90743 65605 
919 73009 
70332 51647 
73394 28610 
16041 28040 
18493 51504 
44027 68806 
47632 68669 
15121 71105 
66089 67916 
75100 41821 
23111 14330 
75523 97924 
21118 28704 
25555 44854 
9054 56299 
56540 38617 
92900 34816 
90571 81948 
32345 4167 
91878 52642 
56813 87437 
45609 13026 
26312 12371 
52393 3552 
82974 35805 
49085 80631 
87697 79630 
66146 19058 
12983 86196 
10380 62789 
67795 53529 
18059 74298 
63230 16254 
57959 2404 
88802 96869 
76435 61193 
58284 63773 
67355 88545 
1384 97431 
18602 31780 
22886 84107 
33789 90054 
24471 27798 
52950 28424 
86056 95313 
99192 66829 
33303 86872 
59627 38787 
75831 55198 
68393 9201 
86739 79723 
97160 38448 
8151 39389 
74237 80777 
9849 17424 
47263 9072 
98403 14581 
76402 65149 
72794 43490 
95105 45008 
49149 26092 
3679 41857 
32024 18590 
67293 86211 
92545 43878 
74482 41998 
24798 20146 
74848 40385 
90967 36134 
55349 58867 
33050 38478 
33427 82224 
24365 64640 
42205 14027 
57606 76124 
58065 42658 
17856 20970 
74154 4195 
68780 81986 
54706 25975 
88074 47727 
14554 79336 
24359 76931 
55773 17732 
11790 13930 
59159 27351 
70992 52502 
72060 71324 
45322 38699 
56074 65761 
69991 49363 
58203 86121 
48245 82376 
47305 65760 
13584 47128 
13995 15048 
89922 49229 
66659 59048 
22603 22225 
68812 64509 
42369 70866 
53766 2819 
41651 55407 
21424 74538 
87967 64522 
68984 3298 
72745 95580 
32435 92073 
95545 85335 
18954 23226 
13458 11574 
91646 75244 
43336 16765 
27573 23672 
90579 88498 
7578 91562 
92339 68298 
12152 15570 
5298 50324 
91451 97900 
38586 74571 
49513 21369 
30938 15335 
32852 15159 
97843 15059 
41806 72186 
29248 16089 
89383 35509 
1248 98463 
16803 90859 
76272 40518 
37546 25094 
5411 80945 
22436 36278 
13810 75834 
57126 10092 
45494 12351 
346 9396 
67486 61848 
46345 59027 
84774 29549 
48207 46308 
97443 85372 
90047 99208 
39216 41044 
5587 48782 
72670 72323 
28183 30204 
80564 71990 
23127 27647 
84990 59187 
96865 22233 
46477 63761 
99779 59407 
43715 50468 
39240 12363 
11210 47192 
97894 81497 
16988 93779 
8472 36409 
95366 33670 
70903 76549 
10827 29192 
10078 59422 
18237 93174 
63379 21074 
1880 94523 
55891 92659 
21235 13438 
68221 98943 
64925 93149 
26921 9922 
15951 59358 
50752 5058 
61103 56041 
67369 1165 
35333 76793 
74471 89612 
77932 54621 
57069 26242 
91517 9894 
88246 18310 
37081 46097 
34619 56714 
68823 26109 
59702 48967 
10959 57920 
68462 18573 
5422 67998 
64567 49852 
14098 42994 
98198 73805 
42200 76001 
66754 10175 
60375 62293 
93374 3661 
42335 51304 
48935 18116 
2068 76503 
2028 81531 
10091 52936 
78372 6780 
91771 53360 
86255 48322 
62357 48240 
17778 93457 
33190 22295 
67053 28215 
31446 60864 
15967 62607 
11814 33050 
25716 47709 
2656 85408 
38058 67929 
21503 99893 
34045 45821 
15127 62861 
20010 53922 
27989 38070 
10641 88357 
79498 35989 
57236 22331 
35319 24146 
25539 24125 
90880 28787 
62076 93854 
46239 36870 
458 45988 
40667 19161 
49888 40516 
32558 60203 
76922 44653 
55699 98961 
38522 89092 
56484 55145 
49534 68079 
18278 40526 
70950 20968 
8965 32020 
86650 24391 
45585 13853 
95807 18842 
56041 79834 
85726 91205 
31974 23565 
65613 35639 
9225 34371 
35614 19245 
82692 59789 
37451 86050 
60932 91648 
83056 43136 
92521 82100 
85849 86062 
50964 98381 
25647 37285 
47863 80672 
62644 90893 
55078 76103 
78542 79710 
55789 83769 
63589 6714 
11639 60567 
87161 11742 
28557 5722 
86478 76533 
27388 63080 
83160 6462 
77126 54530 
90531 65663 
28325 85406 
5940 83777 
92171 43228 
91838 97136 
46739 44888 
36951 35027 
16122 74164 
54595 12468 
60387 91409 
19062 45009 
34745 90315 
62923 58162 
24845 22855 
58264 24306 
41763 12804 
83018 23344 
65045 30711 
29965 89821 
55065 8730 
50409 78912 
17014 32425 
37149 56394 
87976 58480 
42086 93603 
35830 72187 
92658 27412 
4151 16641 
18256 27352 
10804 96774 
22877 97277 
9565 85672 
43510 27352 
53927 38070 
15064 3639 
60142 46455 
22150 77189 
52559 58944 
55614 92294 
88535 14887 
7445 74456 
2416 44091 
31511 82603 
78560 18644 
69593 37225 
61842 42492 
92228 46366 
40813 13247 
32140 64775 
93395 93138 
94361 38010 
67980 81597 
11628 2968 
83760 90647 
76236 38991 
73353 86091 
20241 89656 
58001 72424 
34779 4304 
41079 67481 
16206 80516 
29174 33997 
1896 23995 
41636 9601 
11725 80700 
49313 4177 
42644 37550 
91080 14118 
73194 32697 
52803 36677 
22440 64067 
57554 54431 
73481 35787 
8158 99835 
15599 36097 
43587 2878 
81024 97487 
19221 71080 
52439 50042 
97696 50365 
95525 42373 
41797 67774 
27243 71000 
33808 62590 
64983 28680 
6739 71088 
14322 54957 
62014 41978 
43863 48048 
65503 24534 
64464 76205 
59172 89469 
77139 8835 
99180 13806 
79021 72878 
32883 85323 
19990 28360 
57035 59569 
83909 48510 
57335 33050 
27916 84484 
15549 79825 
50773 92482 
84557 35629 
77031 1910 
74000 3517 
37602 7277 
59575 98150 
99305 73603 
27585 41991 
46044 55409 
93005 76013 
42521 42706 
84103 49973 
17693 63926 
69580 12838 
89710 95355 
15213 32692 
16611 49384 
96147 37211 
97828 39782 
58289 80790 
70356 51177 
17628 12423 
40447 72090 
9877 39667 
66773 86101 
54478 58324 
64218 54094 
76780 44891 
28823 62073 
40150 89454 
93875 53622 
75775 80323 
14708 13866 
62078 38575 
45552 22665 
97994 40592 
15561 48763 
34697 59745 
33166 13761 
78970 4566 
47969 15022 
58021 30091 
77638 60010 
40365 51449 
63587 31044 
40282 94401 
53723 69113 
94408 76159 
23120 38121 
88165 21691 
34207 6816 
27043 85615 
6925 64679 
93126 67876 
16235 70155 
814 82582 
59514 14877 
67343 63696 
39547 75898 
43494 68712 
90207 19478 
7785 72032 
31371 14561 
13484 23418 
77213 11871 
91936 83751 
37759 45407 
57984 40226 
47406 17136 
33674 46225 
26113 32802 
4967 27249 
29044 67038 
52839 43664 
68673 49322 
54956 3408 
99721 78851 
36980 73399 
41740 96014 
63637 47068 
76798 60900 
98823 87263 
389 15186 
31301 78696 
22592 32697 
57961 92200 
13440 96124 
40157 84212 
61574 72585 
278 29261 
68464 99127 
5510 10652 
31862 30763 
93643 75103 
81568 48248 
31831 90801 
18254 70591 
63356 35150 
71746 68134 
89730 78415 
39079 26064 
55903 22555 
84547 65352 
54851 702 
84129 88337 
44497 42093 
74837 79599 
74699 59668 
25936 59214 
54945 23136 
83406 55176 
54427 39003 
51659 34461 
15350 70848 
67205 8129 
77578 98120 
87852 4862 
58161 29735 
67958 89433 
2819 60005 
15374 87892 
28087 78699 
28934 69623 
2670 24509 
96700 27899 
74394 1735 
94624 95258 
35247 63729 
62919 27693 
31100 3403 
53115 92606 
65034 81113 
32662 99426 
13578 63227 
5892 18941 
73702 40938 
60239 47656 
85093 48156 
74876 86845 
26987 99784 
35243 22489 
71778 27225 
81418 11910 
88643 96675 
80899 5676 
29569 57569 
57056 59214 
97493 83490 
23406 17582 
91619 35907 
70770 88988 
48580 2318 
29552 57882 
49699 34668 
82518 26834 
44450 41379 
34864 17913 
48103 66868 
57810 8915 
7562 26150 
9547 27538 
93585 48904 
3096 77478 
69864 27356 
34503 24436 
9818 55387 
6717 27132 
80535 92441 
84667 58705 
89919 85174 
95200 27238 
97911 32177 
41949 70650 
25538 82712 
39653 70835 
56612 19051 
85027 4678 
16025 83870 
72038 25461 
25893 79055 
28277 47160 
86213 80361 
96067 86289 
218 83546 
7091 1176 
66295 21934 
2503 56947 
88088 72786 
31854 36009 
12352 437 
23637 8418 
90132 67831 
57847 74307 
71014 84930 
86680 91419 
82478 52388 
43334 4772 
16791 1957 
50864 2644 
46418 31295 
93113 33297 
15580 80136 
38005 30252 
10385 97256 
9781 10416 
92860 3203 
91290 29010 
95252 62476 
99987 97979 
10109 40646 
22064 468 
78982 36835 
7942 62926 
77931 50080 
29371 78557 
21627 59241 
73437 11058 
59435 70491 
2028 46005 
16705 13805 
36656 98698 
42364 50498 
37983 31966 
59964 87477 
37030 85129 
83497 80774 
40734 66239 
51552 50783 
78406 13696 
53840 24762 
77570 90477 
72604 68305 
57805 34471 
38119 66826 
9401 51781 
2270 70542 
80011 6371 
67089 21986 
26935 29058 
66190 43801 
5286 41604 
86182 76367 
52989 67539 
32437 19744 
2454 80358 
89000 52511 
95668 21852 
95946 71243 
4630 8605 
69180 18690 
62205 33037 
17434 46187 
89860 56921 
69132 86354 
68216 89886 
7842 95864 
33927 43202 
29178 64865 
2135 50013 
74302 79576 
7607 47180 
65606 67656 
29597 21039 
68651 52125 
15625 29620 
31147 88945 
47534 27271 
4501 65796 
99580 34092 
36397 95160 
22749 12288 
33895 43504 
52112 34206 
35701 201 
74740 52803 
99545 4713 
14566 14205 
6008 18694 
87524 84209 
3684 50801 
55428 95806 
72219 16365 
60245 63182 
59541 41484 
51789 49172 
57540 1679 
31319 17751 
16448 18955 
21118 50919 
62359 27892 
35889 60209 
74612 61381 
75587 77035 
153 99643 
81350 63267 
30549 72381 
96235 43612 
43961 3236 
50713 24834 
19208 38143 
49226 33274 
61912 4756 
68570 71821 
43796 8818 
91468 70199 
45345 85142 
89436 78346 
9316 85823 
37860 31619 
58028 6382 
93217 98753 
846 21700 
87428 8689 
59992 27952 
97585 40813 
72554 64172 
30627 54627 
84493 17645 
22015 29512 
38491 1034 
85059 82995 
71626 25934 
63259 36808 
81154 87522 
31888 4033 
87097 18006 
67009 77757 
18846 62798 
50203 11917 
79676 82613 
5534 98385 
97846 87194 
71607 60854 
55843 61865 
96038 5718 
413 56856 
2292 92881 
75138 71132 
19514 15328 
84619 77421 
84867 5271 
94747 3169 
24858 16828 
97052 3385 
97197 70447 
16817 35621 
28013 82663 
24384 74781 
10537 46266 
17035 86043 
40895 70620 
74832 7823 
54201 39590 
57973 83579 
89888 95435 
5520 21152 
59064 11029 
15726 51432 
8648 69885 
36771 4323 
77124 33732 
73346 19280 
15006 40758 
19316 60176 
99424 44137 
59604 9762 
6723 70101 
45477 77733 
19582 47554 
36576 68189 
35855 37117 
20298 17250 
15196 66486 
64586 29613 
46517 61124 
33671 14087 
44394 44563 
98015 42394 
85789 70948 
99454 33016 
79790 43998 
90480 92411 
22538 71151 
52604 29613 
27120 99434 
12929 97053 
33926 80479 
20341 383 
809 16093 
13127 63133 
44364 42934 
8360 28251 
53749 25106 
70088 27862 
26675 36834 
68092 55054 
83551 33918 
21939 27030 
245 32280 
36058 37695 
62521 34657 
70749 59530 
85909 72406 
61303 69572 
63656 58357 
92831 42364 
2349 78800 
61939 73947 
79892 87934 
8032 75277 
13776 6497 
76821 883 
58893 67790 
86535 59159 
63639 98930 
3344 84386 
639 72953 
96678 37346 
54155 18220 
37415 41411 
90079 25628 
22311 53975 
56401 51219 
56581 19350 
62110 72064 
3209 48526 
60749 16666 
12345 23656 
21155 57614 
77048 30686 
2406 23879 
22689 82242 
62605 62886 
26471 4695 
21819 58343 
80810 28295 
68384 88881 
59750 37285 
44718 94606 
21087 8142 
73909 3994 
78568 88381 
91559 61871 
8301 45812 
28706 90785 
11423 48694 
51134 12659 
41113 20940 
97956 55393 
16191 53332 
78111 69954 
85831 41637 
77222 87501 
80341 65602 
99274 53210 
81459 18987 
17640 83735 
72333 50106 
38224 8607 
82069 74798 
83825 72379 
22711 79307 
93308 93959 
27492 39252 
91764 2318 
38399 42675 
28548 93653 
58353 20096 
98968 84074 
78727 52579 
62322 64015 
16465 50007 
44129 95845 
46700 66047 
63575 34491 
96596 43788 
58576 92434 
74012 66541 
90324 15040 
40624 22016 
96766 79947 
3345 74899 
30212 85118 
90094 82794 
58097 44164 
96449 83559 
27896 64660 
38202 28250 
97305 45471 
21522 33232 
9007 92428 
47206 77411 
45693 18239 
98413 76151 
35482 62143 
22300 22109 
90490 37541 
5162 95036 
52001 91767 
57940 7546 
84570 41104 
74380 71918 
8318 26341 
97667 44166 
83828 19376 
33006 25971 
67235 99763 
73420 82469 
34455 11617 
63936 64476 
33000 5899 
15364 7421 
57387 70877 
93053 16070 
59884 54416 
48251 34075 
2204 85779 
30171 40419 
25700 11728 
15322 11076 
67723 71980 
17402 33450 
80044 52450 
95770 63664 
11564 71211 
63470 72289 
2012 71742 
6786 32824 
95959 20775 
67485 69041 
27153 33941 
6187 92238 
42058 81411 
60689 27559 
28448 57868 
36658 49650 
90000 36391 
19693 22332 
61049 64203 
77618 64315 
87027 99768 
29722 43643 
5571 35314 
95722 37152 
50887 96641 
1383 78133 
69680 62939 
10015 55252 
80806 3345 
69463 18910 
32766 84104 
12765 97375 
13292 60444 
27290 24350 
43443 30664 
11972 32088 
45035 96427 
75153 69721 
4658 42880 
86585 65165 
70160 24998 
86315 60779 
6170 22387 
70435 17909 
4122 3834 
19121 3476 
89162 24975 
5896 43029 
91479 67733 
28719 48912 
52754 18560 
33299 9712 
19837 74002 
56918 57683 
37183 56737 
7111 14526 
87205 23019 
3690 52759 
43414 43299 
54890 99805 
95054 41824 
8834 55034 
73948 88135 
20033 86155 
64317 43647 
97317 20690 
4599 79862 
54346 50706 
96625 1266 
66812 24510 
21987 25620 
51422 7775 
28017 97069 
20944 58290 
86540 33394 
36883 73563 
47406 37737 
76754 38485 
5747 37258 
56458 21531 
77068 46408 
99919 42226 
27435 90945 
27953 60097 
37410 70238 
46210 15859 
87850 80120 
48096 89299 
43282 66234 
12735 25134 
74276 28746 
70295 18049 
4114 53261 
27463 41199 
86994 99949 
94312 48645 
25130 43102 
30554 81522 
10319 16752 
33873 60150 
31899 88470 
26005 49901 
27491 53086 
53233 47305 
65513 10859 
7133 44687 
39193 70454 
88704 96603 
20629 96131 
84404 29365 
70445 658 
96167 6169 
23662 70715 
69131 84644 
75653 99952 
90584 81083 
73379 96326 
91555 86180 
76575 25041 
68518 60794 
91177 46082 
56813 77080 
92966 6296 
29694 60254 
53292 49915 
67331 29337 
50675 18582 
38592 31425 
2217 22171 
65137 13315 
76947 75096 
92108 76794 
59590 9276 
72619 19448 
17715 94589 
84293 71533 
87820 20369 
35243 1280 
36627 17390 
84179 75948 
72714 28801 
94746 33984 
80585 70585 
67715 44867 
24370 57365 
46321 7516 
21567 7784 
69827 65584 
18610 85171 
58301 98526 
9477 73828 
47617 81027 
26201 39052 
57878 90182 
95814 69856 
70714 79771 
2156 57380 
11342 34035 
12908 19100 
79795 59546 
32346 39195 
52391 73081 
18492 58822 
79301 95875 
59728 16537 
36994 70139 
40384 8756 
55340 72492 
37419 12860 
28352 10708 
81034 91474 
34815 55166 
80907 75431 
40444 74429 
66706 5044 
26787 15586 
16648 94606 
93704 94298 
51064 73381 
12082 36940 
49327 47856 
61317 47774 
7917 24685 
72160 57829 
95039 31456 
9667 48909 
72906 73348 
73273 36161 
52663 67710 
61450 35658 
18882 5725 
46903 39656 
10687 616 
34956 71503 
74746 95159 
32528 94617 
11761 17851 
38055 5521 
22523 96649 
73700 49594 
22226 61974 
20387 60056 
32425 96561 
83473 35590 
78907 18729 
12272 40123 
20679 17757 
20188 29445 
10414 95355 
3875 83678 
39877 5540 
39628 52041 
55236 26772 
43110 96923 
36618 44815 
14565 57974 
23871 72550 
55826 43745 
36209 83839 
37708 98316 
77285 92547 
16781 83472 
39184 64963 
49078 63129 
18943 14101 
24912 76053 
39419 87756 
53810 35359 
22685 28681 
61429 98823 
98588 54893 
21413 12756 
43719 80862 
34244 43986 
36755 76207 
82495 79452 
84989 37551 
37242 90956 
23835 31291 
63969 33849 
16183 50315 
77931 72698 
81717 16045 
28759 4456 
67651 48737 
51958 80215 
31797 23547 
11023 10302 
46502 27661 
68034 74310 
47695 34656 
62894 47585 
47133 16243 
51762 98771 
97921 18723 
53786 9183 
53467 41673 
81903 14125 
88252 69811 
88239 68678 
55164 25482 
37575 96086 
38586 28802 
33356 85522 
25062 75309 
59916 67858 
54047 66795 
71824 13000 
30131 60026 
56727 60408 
75090 30183 
21548 15616 
73182 81104 
3596 19882 
16394 72788 
87903 27553 
87619 78125 
20033 6268 
29284 25459 
39628 8845 
32486 31313 
24128 52485 
47469 78520 
24376 80900 
60081 48987 
94244 78002 
848 77449 
64931 48013 
53395 52827 
91264 76153 
7154 57194 
2109 36514 
55658 98828 
19904 19283 
76203 65502 
75370 8192 
39230 96858 
32616 50856 
86516 50665 
57134 29630 
86136 16684 
4585 58675 
19068 14062 
81839 4095 
77484 93381 
33344 48357 
57941 52896 
35745 97624 
14044 69991 
41521 61193 
92651 43507 
98500 15951 
15249 40347 
86229 5540 
81892 40669 
52487 13900 
68891 79930 
3626 95889 
63490 93239 
968 43908 
28767 77664 
42143 18743 
20317 1569 
61033 75296 
82547 6536 
62912 69446 
36928 67056 
22384 40945 
37131 95933 
10905 29114 
6700 9232 
87950 93007 
93758 93577 
85288 75791 
74228 50778 
37374 74298 
10128 29966 
62530 48986 
22745 95855 
79358 37017 
71814 23194 
50753 11724 
41335 52144 
83907 65410 
20217 87054 
78867 79255 
31704 71979 
10478 84056 
9343 30306 
48981 8560 
39271 12973 
73038 58383 
88651 60008 
5628 67790 
18348 43526 
8073 19068 
34256 26789 
298 29791 
66176 43591 
36539 66963 
75737 74968 
54812 58842 
85576 76116 
35780 40188 
90828 85407 
52044 84756 
60988 29523 
62431 50024 
65244 23972 
7508 83482 
57663 56638 
92324 17251 
39922 33522 
329 8340 
78763 60451 
68397 65578 
92937 32291 
67104 41048 
40153 2093 
72639 53797 
28351 6564 
87183 56669 
47634 31439 
63086 53299 
69271 10538 
12874 21610 
86391 65699 
41863 2609 
77381 11261 
23091 68842 
57418 66421 
45316 95558 
46206 41530 
3964 19446 
20691 90265 
72230 84754 
40379 48646 
84920 44662 
29851 13959 
91157 6978 
78179 51923 
83761 87542 
68155 58825 
92861 62149 
79597 46820 
39239 88392 
20478 65257 
78914 2505 
27206 18615 
34661 83099 
41118 92547 
2431 13633 
12095 53486 
41028 68523 
2172 44454 
1991 93991 
62129 59909 
33222 54062 
32251 45898 
94733 64564 
74812 38248 
57776 43558 
80300 21174 
19657 65296 
2003 61442 
55708 16661 
64288 49080 
47141 19928 
58770 54670 
68974 3812 
89528 95342 
95692 75904 
53623 86884 
84023 73968 
46405 47731 
21946 50959 
62423 12111 
90994 79227 
22264 4267 
74929 43054 
93193 23400 
62045 25474 
87234 89889 
30600 85282 
14145 7318 
77361 63206 
38747 1994 
47688 52391 
42134 11876 
52331 17672 
14522 10226 
10840 50568 
13860 65783 
44417 2456 
8774 60914 
52095 47122 
87033 11913 
43237 85667 
51425 61542 
66703 21704 
43810 42875 
72371 2852 
35064 45647 
64297 45705 
93734 51586 
56407 35793 
99446 43532 
21441 21481 
98467 34725 
31744 1315 
8269 9188 
26567 38034 
65568 11968 
4666 19252 
78016 78811 
33314 24795 
83583 48890 
85203 53707 
43620 61315 
63294 10154 
95723 96423 
50298 46760 
70710 86210 
24283 16366 
34380 84771 
14786 88739 
49218 59268 
34873 47487 
63760 34658 
13717 94221 
28106 1334 
71587 51970 
2887 73806 
24517 77893 
75966 70694 
79477 66570 
26259 71545 
82527 49405 
77288 94388 
12218 73190 
64406 29419 
68411 71371 
99133 58849 
92723 25316 
51620 90710 
70973 49648 
87987 35270 
10279 25679 
93131 56744 
53873 50041 
81571 40079 
95232 61784 
48987 22885 
79784 60565 
45356 55924 
37237 30943 
56900 72108 
70483 43415 
68564 63552 
38074 11467 
41333 89025 
6406 45780 
79402 59966 
15067 61634 
81089 82284 
94176 63636 
64321 63269 
96105 53098 
32666 28195 
55622 77674 
1039 29568 
72284 70362 
31647 73508 
16807 5480 
40110 32333 
99197 32966 
19389 60213 
570 39140 
94799 79613 
62867 22025 
67275 60257 
51114 62373 
24028 69481 
51359 17756 
95798 33073 
44142 66366 
18168 9115 
98074 79649 
10739 43805 
61065 8429 
22420 47894 
87744 25896 
3713 5123 
30787 82623 
57580 99905 
41147 93749 
89329 30526 
67600 96497 
22929 56256 
19550 87422 
76260 12007 
58688 73073 
91033 12575 
14907 45199 
94456 59984 
79762 22226 
29196 62094 
16813 82366 
25789 68384 
42345 50593 
7361 29703 
72244 91628 
10390 92771 
1217 4151 
77193 47372 
79087 7646 
25931 54402 
75538 62615 
32137 96326 
79488 67320 
62140 8118 
62167 29784 
83200 66359 
44017 22486 
37796 36940 
44686 88981 
10223 7693 
62682 86637 
32475 61274 
26653 17730 
73423 75755 
83801 22339 
30318 75619 
42595 80808 
94952 94275 
66739 956 
98081 50647 
25251 45813 
45252 87090 
39546 91338 
44731 63578 
32596 90383 
93964 54045 
77489 59120 
34863 44709 
63149 95221 
10161 91384 
43510 83249 
53191 53011 
13078 42054 
21669 82021 
56620 21408 
42389 18670 
53631 60666 
68243 6076 
79239 80952 
61540 15473 
32401 94157 
8358 47076 
39509 77017 
37469 50919 
26935 76557 
64393 94210 
29589 84429 
6207 86956 
4215 41942 
15955 66014 
45942 15060 
66878 29225 
64513 9190 
76129 5902 
62646 77273 
95249 47717 
73154 11523 
10404 24909 
53725 99085 
89223 16709 
8676 64959 
83051 92057 
5530 21711 
43539 86892 
80932 94844 
40706 97714 
85185 95101 
75942 27577 
97630 64571 
67943 40361 
56096 32139 
52088 1855 
82827 75656 
74583 12131 
56567 3124 
81453 62625 
75908 33289 
99517 83536 
82516 77181 
81510 82357 
64548 96514 
40800 12751 
40314 42244 
32436 54502 
30184 57181 
46793 29862 
60764 60252 
69626 29422 
9506 16789 
28109 71456 
90239 39194 
86261 72743 
486 55392 
75127 65959 
99981 28649 
43214 59016 
66462 11688 
90852 95089 
79594 70452 
8552 38571 
16790 18428 
73871 81843 
5736 61148 
73894 40475 
67578 62306 
11187 80385 
2024 7842 
19900 99454 
11019 62451 
65679 68241 
31179 84122 
28153 19702 
46847 86675 
67969 66179 
85411 17662 
61701 13439 
54415 49602 
47452 36177 
66077 66173 
61518 77131 
8925 61843 
62262 32864 
68611 63323 
31156 93246 
70317 24327 
12928 8818 
13751 41279 
6860 70451 
98342 86960 
49500 99127 
91082 61504 
35391 60127 
72320 15725 
6902 35588 
5895 10455 
6846 12103 
19115 37384 
28278 65945 
45402 41822 
14729 57493 
77829 55911 
61099 78552 
5292 71939 
40530 31535 
54741 59800 
35795 57849 
42676 60024 
85103 74307 
47001 64394 
61679 21056 
46412 29877 
94079 72231 
38592 58359 
99928 11449 
40836 14680 
49604 28238 
97084 48470 
98386 48643 
63914 31539 
25650 73497 
24688 21824 
97954 61233 
85829 17409 
29175 58588 
42133 69634 
45338 52227 
59024 83045 
74397 87021 
8870 41743 
71909 72622 
15701 66611 
62439 78978 
8134 25998 
23457 3539 
53815 93603 
63626 78189 
50362 71626 
50586 72299 
77561 74711 
24677 39803 
73505 742 
94536 52829 
83372 98269 
48088 62177 
43721 77149 
28177 25796 
7451 98930 
15938 50450 
84996 26559 
36957 98847 
75847 9216 
55412 24802 
91178 27366 
49557 12357 
23091 25563 
68292 11289 
98971 16136 
53034 81076 
70409 45528 
71680 78140 
25371 76934 
52200 47053 
79525 57774 
22230 5417 
98091 8636 
58014 44242 
23079 91497 
21142 910 
32469 89366 
14749 174 
37655 56909 
22194 179 
33382 82203 
703 25081 
50461 33447 
90069 13621 
25685 51287 
62212 63880 
95660 87323 
81253 8450 
41689 82480 
65742 11378 
61363 25069 
44754 38493 
19183 27711 
77812 16123 
33319 14722 
64925 59682 
88533 17145 
7524 23266 
26301 31270 
93645 94134 
52366 8333 
71466 31831 
19209 8023 
44127 30717 
86346 66459 
65744 66796 
34905 538 
43623 74985 
14572 94841 
54916 91355 
30803 94728 
67279 86370 
38104 59830 
12597 9770 
91209 15828 
423 65535 
20140 79231 
73490 36190 
37457 19813 
1537 79767 
56349 68400 
81616 29838 
96828 73956 
63188 39298 
83885 63155 
44510 21951 
96287 58131 
93176 62462 
7599 63636 
28143 84863 
72040 43516 
63173 92555 
46951 68267 
52339 18626 
10938 30339 
97108 54311 
32155 91944 
71453 55553 
64738 51304 
96581 62865 
3060 87602 
50070 8084 
3238 72331 
25543 23112 
89289 15299 
68505 10354 
97294 47266 
1546 82337 
75150 27955 
17851 28858 
47751 8187 
65789 24014 
77834 67887 
69349 42611 
1293 97956 
29255 15671 
92410 93286 
27856 18183 
19217 76649 
17194 48691 
82153 78765 
4156 29999 
90177 58516 
59208 32967 
17690 59135 
65897 1311 
2878 61098 
97227 34277 
93509 10533 
51906 66210 
19765 73159 
8618 67290 
75322 88056 
59667 78086 
17703 73053 
66704 82074 
56820 64031 
40701 14916 
86672 54185 
85960 7014 
29314 36068 
63639 56781 
2496 39192 
24148 36020 
92801 99038 
29733 35988 
14613 89498 
38653 72920 
61945 111 
50591 85207 
14903 41875 
19295 70925 
45509 20998 
22881 33991 
78603 28647 
44879 30064 
2746 56536 
59783 29089 
93299 63194 
35738 40470 
5264 83758 
63954 78933 
17042 97376 
99555 84415 
57878 40592 
51764 47695 
31575 82535 
92710 34979 
56973 58317 
63576 49291 
81700 90700 
44434 14251 
89887 16940 
19831 16747 
16810 77653 
16017 98946 
3833 17600 
7708 47292 
75577 94483 
92355 86327 
97868 91181 
8119 48587 
79837 79268 
28094 58334 
16437 87236 
97812 36471 
28670 85542 
95626 6800 
48001 12395 
86337 59614 
8699 29168 
7222 7642 
57260 12365 
72656 51482 
61621 60266 
8554 56933 
4496 16701 
31143 34980 
74991 91840 
65871 6729 
30543 90448 
61760 30187 
87259 41742 
94110 63553 
10910 61829 
64159 40560 
23101 69606 
98186 37415 
7561 20100 
20483 18001 
30 15408 
24744 54277 
71872 2712 
96630 32181 
72333 71278 
46624 69834 
77288 15938 
96747 94506 
3321 43213 
27326 47511 
85184 58084 
30716 12121 
81929 84330 
37714 88568 
72450 39441 
79405 72336 
24672 6297 
22244 27202 
74323 18108 
67435 82872 
28974 585 
36975 28533 
20967 95832 
78251 18315 
68882 26185 
6629 52368 
71331 43007 
71238 48165 
49195 45417 
72963 70637 
72789 46966 
85667 46875 
58999 14497 
31727 51384 
89 2716 
41228 11269 
90653 60469 
80463 47207 
52117 90245 
69912 35729 
15210 1175 
24415 51042 
9993 7552 
39021 20547 
30321 89885 
12822 7174 
85022 53539 
50053 13817 
21611 91224 
2848 90370 
10009 79894 
23247 12283 
3556 20061 
73422 91027 
52452 56127 
2534 71508 
30877 99967 
36254 69217 
53132 16879 
40685 772 
96459 22910 
16291 65533 
18622 85656 
49388 43081 
56819 16818 
98871 81611 
21217 94124 
24053 65679 
51131 52642 
65860 68228 
84810 41110 
78088 11459 
4829 47574 
68016 83871 
60224 60447 
46422 86656 
33808 46057 
5857 11658 
18528 91799 
43039 85217 
90220 85214 
16303 47498 
15831 73617 
82284 75237 
15904 76361 
87341 97404 
8093 2360 
98714 97852 
94452 59220 
47999 46817 
19452 27115 
25253 53984 
17927 10492 
5878 89861 
92588 73777 
14423 79317 
9255 13415 
29518 31398 
74643 17907 
12408 32911 
66298 19962 
97859 99787 
17208 50418 
20730 49827 
18636 62308 
64061 33233 
93894 5239 
5281 33169 
13055 95215 
5956 27616 
64003 43079 
37507 85923 
68780 75966 
60390 58687 
35815 10446 
77478 7992 
68446 13503 
63721 16536 
8008 18055 
33632 8807 
75842 43393 
45748 15204 
92716 7770 
58947 10916 
96423 10275 
49322 65338 
48764 2217 
68318 44939 
21630 64427 
72918 22788 
78568 56206 
86884 61263 
23010 4082 
58424 51020 
67233 54113 
64099 8903 
87172 20156 
71421 60248 
67364 22351 
13281 56881 
7577 24999 
46209 11170 
58097 51077 
61439 58539 
74187 71843 
92857 96203 
31870 44276 
19110 84165 
26995 96558 
88534 36102 
87454 42358 
4997 72332 
64432 38374 
386 54859 
32756 86413 
85156 75329 
22687 21207 
12234 20768 
25902 18264 
11519 99081 
66948 2218 
52347 66550 
8133 35456 
69484 62953 
60568 19271 
44564 26428 
7012 45323 
69382 29820 
3197 93899 
30024 53040 
13469 87277 
41546 81795 
53871 71442 
31779 2088 
61195 17454 
19773 42014 
80086 4990 
59543 97599 
61901 74860 
22936 67859 
98872 14771 
76857 15708 
74959 73160 
69507 66015 
882 79621 
77919 49836 
14937 87248 
84775 4745 
73502 42189 
46364 45168 
25551 28736 
85491 23787 
64021 34500 
93239 15305 
73544 29509 
51747 67249 
48846 55534 
96458 79005 
41001 77485 
20822 89897 
99804 57450 
88987 79872 
19637 73714 
62771 12237 
63535 22098 
68033 76914 
35544 4963 
22534 24765 
94986 34465 
22505 18845 
57946 50932 
38310 66786 
11036 84689 
1002 40017 
70441 70226 
70979 30190 
55253 55281 
67603 40884 
8283 34242 
4326 63580 
89816 75207 
17726 40889 
90188 3101 
847 77132 
55593 47455 
51306 16652 
98197 62761 
22876 73588 
66416 81739 
25582 63363 
84115 67470 
53836 55768 
28553 88973 
34736 42259 
6018 56680 
79343 85992 
1399 19165 
88664 2090 
23377 40572 
12955 97805 
40396 49361 
88141 87450 
4290 73330 
76314 85391 
88202 53285 
18638 71870 
23338 58313 
68465 21068 
5133 9318 
10068 78569 
53602 54249 
84093 76264 
54868 28454 
34723 76744 
81334 76606 
65472 46345 
86463 8867 
40664 66290 
96803 13274 
97861 4706 
78672 48745 
42829 88856 
39844 98707 
83148 36502 
37590 74015 
19133 28104 
3608 15645 
51469 27419 
63645 62612 
83817 87081 
25040 18587 
95602 7865 
28939 71929 
35318 55585 
15598 98125 
37878 77981 
30975 1082 
916 5415 
10728 30304 
64387 63862 
13759 44640 
25439 76408 
41609 80135 
86238 80370 
72313 19455 
76272 41132 
57687 53401 
12646 939 
81614 71241 
61960 61145 
53511 15908 
45604 59761 
15956 92523 
86639 72705 
78388 24310 
30906 36734 
49775 8623 
87601 64816 
32374 37653 
25298 583 
55932 13301 
28212 37502 
77113 3782 
64503 10518 
42487 60709 
43493 53212 
15038 39741 
41907 1847 
93967 45281 
60597 19230 
15462 50325 
32655 5907 
8143 26218 
41467 63985 
91055 53902 
22928 79735 
44350 78192 
19929 95163 
53245 9662 
29174 45833 
24335 74928 
30493 52496 
35 65435 
17044 67457 
51683 37282 
51124 93125 
14774 70200 
54814 9784 
40805 2475 
7249 72435 
79380 20446 
61047 62375 
71525 96116 
9271 8239 
30540 34519 
31268 23310 
10279 13649 
20840 41208 
12403 74086 
53406 70388 
63924 42883 
80171 29445 
4277 56875 
46796 69791 
57201 84217 
21651 40080 
26846 29814 
84464 97587 
49841 50230 
70013 25785 
55428 96720 
83504 74477 
34348 51256 
4345 99097 
93782 19676 
73283 39173 
80465 98597 
14187 42446 
86988 38234 
76252 10787 
17341 82005 
94997 16763 
76909 75592 
61131 15643 
69419 3083 
55242 56579 
28750 25876 
53216 78877 
87048 71234 
32377 64487 
82240 41671 
11606 6241 
37855 93815 
39990 42873 
5934 65949 
8076 6475 
49870 17119 
93363 25795 
58174 77525 
67400 29671 
22440 99839 
85733 98904 
83205 44182 
53858 21977 
45929 25647 
12499 20307 
95968 2616 
13710 22081 
96235 86528 
65654 80243 
34092 9327 
8406 49813 
95133 93524 
45701 62483 
80591 31609 
98278 62309 
52459 96500 
63327 95333 
85785 72771 
61503 78077 
31147 19607 
28088 5130 
41971 50738 
58085 94398 
1151 44054 
46384 10131 
89332 74162 
73628 48423 
73242 94846 
75972 17675 
56639 85196 
2675 97371 
28719 13125 
9311 12515 
65222 63057 
56354 18222 
86038 20748 
82971 49208 
49755 7536 
4127 52277 
70375 8752 
35395 86456 
74357 46578 
84385 44998 
77143 6346 
60275 26286 
47526 37086 
43663 56502 
45471 12059 
27800 45959 
64423 53087 
89241 43111 
82675 93698 
71049 35505 
30022 80386 
64898 35340 
5716 88754 
59793 78765 
41642 61878 
84575 62720 
90681 61888 
8973 40838 
34374 62629 
83730 840 
46289 1148 
94110 49822 
17920 48883 
73132 41007 
52442 59553 
70929 85736 
58364 133 
4873 7907 
29841 73682 
21452 14519 
83382 98393 
85356 75663 
31670 15917 
73823 29996 
14412 63816 
95029 57677 
73386 61971 
68140 91690 
54303 30796 
99629 70647 
41598 80348 
65552 71397 
83947 83694 
62700 98155 
48087 75371 
22892 46378 
46425 96330 
94154 4206 
19955 40426 
80107 2098 
22170 44386 
94639 72118 
41929 3053 
32753 32367 
23667 84850 
80479 69156 
91840 68530 
86821 49803 
63209 21649 
98949 62284 
35283 93595 
18160 44484 
72222 1615 
68661 35443 
70480 46935 
83757 53695 
75666 9914 
4812 83743 
39361 38094 
57151 30658 
50050 59088 
14072 84951 
45877 21432 
85232 25126 
18549 90846 
68870 73667 
47561 6786 
88709 13750 
61760 34748 
95844 68593 
11355 33458 
53489 43086 
47602 92917 
38233 28265 
49709 89189 
85256 73153 
8878 44925 
76952 35654 
77987 80744 
24501 34425 
22019 91993 
20143 37021 
59177 87758 
44275 36143 
65512 84644 
95946 85410 
26922 56479 
77926 88849 
61552 2944 
8268 64189 
2908 15053 
49088 29016 
29403 83490 
40313 91004 
49593 16987 
1193 58682 
4012 12259 
15637 27558 
24322 44431 
48758 37969 
98371 27484 
51490 45594 
25823 27923 
97732 93382 
13154 1682 
64222 24478 
49113 64241 
7146 29767 
22145 96978 
11508 80764 
89821 38984 
89351 58840 
86960 12869 
81157 55153 
63943 85550 
71099 82158 
79594 70563 
61284 7200 
34063 37131 
62739 91432 
16304 3046 
51594 93205 
58018 53371 
7784 74068 
31336 44996 
551 27634 
1071 28334 
10127 36838 
44019 41703 
78205 53497 
77560 11413 
61160 85551 
97746 21136 
19426 72049 
13078 97828 
14074 23635 
74343 98282 
97325 7221 
43170 70348 
77591 57510 
12357 5908 
11622 5157 
89584 98885 
26407 21643 
82765 70896 
1729 94262 
80078 29589 
50602 61182 
638 80267 
19303 56137 
2804 20101 
91291 35049 
76253 6059 
20058 82810 
11286 2587 
34772 27393 
34183 83188 
59571 20636 
21006 81204 
62445 80287 
53882 59430 
2878 26259 
63605 95643 
78767 85567 
10270 61673 
82602 85046 
89739 7369 
64499 98690 
17845 47575 
65388 67351 
36572 90233 
27522 62517 
6826 36764 
11419 23036 
954 32055 
48487 53903 
84856 40739 
36759 39601 
84272 78856 
43552 90986 
62772 35580 
13307 14355 
12 78356 
91489 64066 
47951 46645 
66120 15978 
60036 4387 
97411 77965 
33768 39367 
52867 35900 
80586 68866 
90402 18758 
38665 35299 
35186 54858 
74043 52954 
77291 82769 
73344 97561 
76709 75048 
17450 14062 
99865 30713 
39617 54809 
27518 93239 
13805 50327 
67759 54886 
89415 57875 
79794 15257 
87163 29203 
64311 72291 
97470 88230 
4436 37222 
77539 11822 
47635 81583 
26200 62390 
3405 43928 
26641 29740 
94173 46730 
86294 1418 
37561 99759 
70443 95728 
57014 95284 
21525 59669 
14766 32534 
79619 55246 
36217 44146 
71309 31896 
48005 35665 
13848 10234 
83426 90713 
89510 82886 
18303 39021 
81006 71863 
88029 32314 
23027 68743 
2199 23897 
17268 23890 
17135 1800 
78660 43971 
48538 82463 
29126 3258 
6631 32206 
31783 73496 
14360 47098 
63343 29571 
25582 88353 
55337 93765 
94630 39992 
95859 40101 
61247 28296 
72651 92065 
5603 18408 
55665 11958 
96967 82499 
62623 98199 
6557 15992 
24659 78058 
80203 63632 
70756 7667 
69690 5535 
79501 68545 
2972 44885 
4581 80482 
32931 33554 
66478 34293 
41970 69675 
16977 84774 
95422 2102 
25404 34144 
30623 80653 
5898 79310 
40465 98199 
3565 92497 
60350 80897 
84037 54079 
95668 96249 
25717 58923 
33296 65170 
96923 73084 
65073 83873 
11170 26418 
13798 84154 
92987 88471 
93037 86507 
53960 89949 
50860 29531 
74095 20150 
44609 91196 
7127 51925 
68888 52817 
80077 20035 
12195 94935 
37120 6249 
48964 55827 
85761 65053 
83254 27986 
39337 57569 
47917 15673 
14024 48060 
28812 27525 
30822 57389 
27460 32177 
93388 60803 
97537 62043 
61133 63670 
90655 10591 
13661 88067 
25161 31868 
7393 55565 
47974 17524 
58157 57159 
94000 96205 
44543 59923 
60227 72950 
15986 11849 
2349 2093 
6817 71214 
30608 66201 
2959 4932 
28505 15660 
81440 71506 
43144 8836 
44595 28532 
99196 81065 
584 82136 
69793 62259 
99773 26301 
97175 57532 
22581 3719 
93471 3007 
28512 56646 
67746 9849 
18421 26135 
19272 13562 
32438 1137 
8984 52731 
4541 15128 
71133 11617 
21402 37215 
55426 74444 
87926 7171 
96233 55648 
84816 19360 
89981 90064 
14536 69227 
24367 89713 
71180 37859 
43843 99781 
37078 5039 
54579 15354 
4345 49294 
69159 52620 
43133 14621 
66310 3490 
90010 97919 
94222 40984 
9653 38547 
77334 84208 
90980 72046 
95962 76408 
74856 43718 
95732 77318 
74693 64589 
49484 21900 
43517 32222 
38198 51588 
61531 31905 
39436 81278 
66681 79939 
11905 25531 
27445 70070 
42962 70888 
61817 36529 
82237 47643 
39384 52743 
19012 24088 
64417 43444 
73615 18983 
27071 99735 
63766 3888 
27065 51603 
75715 45982 
19620 70448 
16945 24154 
6987 45374 
52316 36372 
523 1312 
28777 4738 
8102 4498 
75068 76129 
59517 31359 
22374 10955 
68587 60605 
29423 50322 
44849 85084 
11293 52769 
9967 29951 
65016 95743 
44450 6724 
57043 44106 
88753 29025 
87743 98239 
49539 65101 
76308 47660 
16642 4665 
15816 72601 
79175 73172 
32646 55600 
40296 35321 
47052 87930 
69258 91413 
72433 81561 
96701 85105 
9661 26353 
54513 9200 
89821 64310 
85150 17279 
93810 87985 
96963 23309 
30462 8481 
21838 98805 
86211 80034 
39409 57678 
68785 12762 
68098 52609 
55015 52926 
87424 93585 
18570 60940 
48294 39201 
57269 71353 
48399 4365 
61603 76171 
98386 74277 
66200 33126 
81125 13817 
4162 63890 
11172 13969 
40600 73733 
34458 22443 
96110 93739 
69242 64354 
83570 19483 
78558 70650 
72356 95899 
81640 96889 
62889 77131 
57237 33069 
1455 72230 
65268 76388 
90280 72874 
14912 63114 
51105 47600 
37028 33213 
81834 78613 
76699 31941 
5308 11797 
7737 36280 
46852 88362 
85146 30937 
92968 27410 
93814 48560 
77388 32704 
22135 31877 
12686 4081 
87770 71685 
35734 44176 
69456 23895 
63512 64507 
53502 11318 
62137 11490 
86581 71413 
16435 52581 
37415 19923 
49998 85453 
9138 62157 
86361 59081 
11390 98568 
60821 24505 
96620 39414 
89350 65275 
88603 64412 
76184 92747 
82828 37660 
94884 29846 
78225 15515 
8992 48362 
7573 65705 
7924 69525 
70004 49606 
21278 85305 
33147 6495 
40521 8818 
64757 18450 
20818 16169 
74085 27711 
57755 99231 
91775 24462 
33831 9104 
93727 22307 
7756 33359 
79174 91205 
76019 16695 
46100 23122 
70583 4262 
68188 64409 
69224 59662 
66633 60714 
85721 85487 
87436 25151 
75956 53314 
40225 58559 
42965 32149 
28163 21846 
49070 89603 
173 84737 
46450 28450 
86492 52683 
18849 12707 
36486 4273 
86603 32037 
63677 55143 
64758 51000 
17097 1249 
79771 90570 
40395 84247 
44143 93331 
50479 64847 
60300 30917 
66076 86169 
75133 22474 
43196 58443 
34831 46346 
29302 98861 
96010 43657 
30899 15919 
33564 32111 
271 36323 
48323 71062 
86275 34305 
18276 44828 
61367 38166 
55994 60168 
32475 56918 
31847 86025 
66825 91098 
97704 98854 
15533 66116 
99057 35256 
97526 53988 
94799 95128 
14286 29821 
13432 83176 
1931 43139 
62007 24390 
91323 70955 
69888 39961 
39167 59412 
93212 24113 
13468 53915 
27955 19471 
65284 63839 
79561 48826 
95312 7235 
15336 24535 
28698 33377 
82168 23309 
44319 26587 
6569 83764 
65838 53431 
6680 56865 
11017 27237 
36560 15267 
13003 28786 
51963 6579 
72783 40122 
33749 17672 
75460 19609 
30193 2451 
4749 70672 
82680 13841 
19785 34126 
80596 72286 
16335 64520 
50736 97658 
80468 34658 
24113 29236 
56935 49253 
38800 59303 
96802 38612 
31261 9893 
19254 46324 
40625 89378 
21062 21105 
440 75804 
93837 72284 
20658 87294 
63997 50839 
68973 16322 
53280 73467 
45093 24299 
68650 15876 
4116 15664 
69657 63265 
25925 36545 
28516 20955 
46340 72079 
93670 56141 
62761 48577 
91060 62981 
2113 82010 
49038 17513 
92147 52641 
12611 16348 
8475 27146 
20643 73664 
79207 94201 
55641 84706 
16662 27247 
39951 50796 
11316 39048 
44446 847 
67040 46640 
96212 37385 
78614 22407 
20259 81320 
52627 67278 
26974 88984 
51094 5411 
61782 67440 
93447 66236 
66408 19586 
87055 89355 
62183 9308 
69015 60562 
54966 48721 
32669 63107 
78556 74508 
