65067 64753 
91863 91917 
37151 89770 
64428 81157 
3716 58906 
14513 59973 
21379 997 
74417 31300 
57754 9557 
51183 5976 
96636 11280 
11951 24588 
60733 35775 
36962 94855 
65870 15770 
94409 28550 
33128 19809 
80458 73758 
76151 95305 
85073 3218 
49683 78852 
89671 37558 
92359 12807 
76185 53428 
21898 92412 
28743 50855 
44036 56109 
39009 31566 
17922 23199 
84078 70628 
80140 77625 
31902 47402 
67127 94419 
43366 38662 
91498 6233 
82410 66648 
21611 11355 
16017 37897 
85688 31783 
84417 4887 
71915 40136 
48519 31845 
24148 87598 
76354 48508 
39212 81576 
13251 31204 
56258 81378 
91478 59289 
91222 2987 
74241 56821 
10168 49881 
96248 44269 
54142 15835 
58407 93135 
25133 37793 
57811 97553 
17834 12153 
85790 51250 
35128 26150 
6606 45686 
56553 97586 
37287 85771 
38501 60726 
85107 53235 
12469 83967 
63409 34548 
13435 55767 
98726 70230 
14258 29302 
62580 75464 
63982 73466 
9880 28089 
28022 38081 
82479 19414 
6432 4560 
41251 15681 
62800 59768 
22963 83613 
30791 456 
79237 92163 
77951 48399 
44064 14371 
97125 32256 
93629 18230 
64655 71147 
7590 53473 
51542 77100 
14519 12419 
98809 78768 
5846 67323 
71567 57180 
32454 64111 
87585 75806 
55974 82962 
75696 81854 
12853 59865 
56908 53446 
63454 130 
56867 68223 
40707 4736 
52123 72917 
83256 73496 
24644 40572 
36573 45200 
49126 12326 
32177 84198 
65850 34073 
9878 25351 
98202 14812 
30870 44839 
58437 53119 
40550 32980 
47863 928 
79077 7078 
98351 59711 
4989 17209 
20927 33111 
92595 65957 
24150 92252 
87401 84294 
40124 45164 
55480 80095 
49156 40176 
42498 3255 
25481 74614 
65999 51907 
35892 24767 
594 77962 
10755 60855 
79870 36976 
72579 61592 
31101 67328 
51182 96957 
79271 76721 
36453 4909 
5444 60241 
19810 48028 
21168 73504 
53678 99462 
25419 36879 
14669 74037 
43449 52319 
90596 90047 
7994 73054 
24065 19966 
32401 78189 
36119 64229 
42581 69208 
22238 61200 
80032 23436 
59984 28621 
61792 10730 
92672 17033 
84762 3944 
56674 44098 
91692 91206 
1310 70193 
73989 28561 
9750 70346 
72561 55261 
66947 55261 
52061 30788 
36361 95132 
66196 42627 
1052 3888 
2153 76890 
96711 48689 
90749 40076 
14309 59699 
95571 69560 
78228 28604 
49130 72864 
12122 764 
87009 91303 
89219 85604 
41983 92325 
26353 32537 
99255 56646 
21770 45622 
81261 41247 
55571 39158 
25875 67349 
68650 68543 
45400 3688 
11062 5986 
5391 89726 
3998 69016 
42125 70854 
90876 51284 
45464 98247 
62542 49722 
69884 79692 
29167 29926 
590 54534 
77137 22491 
93948 5837 
93112 97016 
31850 15910 
59365 17657 
78177 17545 
24640 44327 
2194 92635 
32974 7045 
38464 22267 
49275 47431 
85812 97973 
54934 90970 
8895 62490 
99331 86425 
95075 60219 
83839 24657 
36613 42494 
23736 28129 
53580 90848 
80469 84453 
46425 92667 
81749 82668 
68818 27904 
50231 99236 
41146 3014 
42837 72306 
82961 98787 
62285 97402 
28719 82499 
39974 75434 
5302 71565 
5086 44833 
92104 25868 
48632 33605 
54861 88964 
63133 74216 
42971 94587 
88723 34500 
66661 4167 
24681 31129 
25198 43540 
71766 8721 
40202 62570 
55173 87262 
59196 50124 
40541 3293 
33646 98626 
96180 96178 
43078 27383 
73493 19781 
32220 41929 
74590 92002 
51687 27824 
51151 29894 
44370 51673 
31827 56421 
99490 69553 
6837 6483 
4160 23623 
7859 4394 
58372 41368 
8923 32814 
83451 38746 
39767 63964 
46324 68462 
46895 78006 
42361 47638 
59634 50549 
28058 45360 
18507 51535 
71535 9887 
1520 61123 
93555 67745 
40275 74681 
4728 32519 
52296 38658 
5565 19806 
28585 31816 
5223 76659 
6090 82232 
32073 98746 
23679 89429 
54602 26551 
7127 3186 
4750 83104 
53779 95763 
97377 40082 
90712 52721 
69402 76514 
61628 98969 
20011 24944 
57133 71331 
19427 83553 
40693 46665 
67824 9580 
38246 35454 
28314 99320 
53323 54782 
28321 3045 
41504 1745 
22172 19373 
28097 58600 
34444 62943 
81206 74339 
58332 1686 
58653 83853 
66269 15553 
31716 45525 
1019 37244 
51249 802 
54658 97310 
62435 85195 
10118 10933 
93331 49165 
15394 11762 
39275 79469 
84048 59360 
40363 46792 
67297 21160 
2415 43894 
22759 57240 
43190 19973 
12854 16810 
55095 61594 
1867 88999 
63212 18283 
84867 37329 
23220 21766 
73944 87224 
47602 1832 
87637 28952 
70528 58924 
37978 44608 
61877 13840 
86205 67029 
79112 18263 
43022 31029 
2046 76394 
22158 82841 
30025 97543 
17038 72401 
33632 72313 
59521 64896 
43774 40895 
36963 72940 
29816 976 
89251 28827 
65438 84910 
81009 87481 
5972 21036 
45837 75045 
4187 82434 
29202 75502 
72867 17885 
14548 78277 
61971 54442 
3200 93467 
55779 58783 
32810 78145 
11141 45377 
61374 7163 
51807 23515 
14256 64903 
5763 82366 
90198 30642 
22635 23500 
48951 79505 
36399 63677 
57941 23428 
45022 47207 
58311 72108 
63115 26831 
21691 2619 
66269 94799 
8232 88183 
86485 71741 
3714 51531 
36948 89875 
8940 76351 
41356 39287 
78180 31518 
18144 81214 
55085 37102 
23131 70694 
34256 28619 
85481 72399 
84595 56523 
81354 98133 
6585 91660 
77194 42226 
59790 94189 
40346 41906 
89182 43459 
58526 43778 
99296 19344 
31662 14628 
73736 71778 
99690 95055 
14253 14525 
48142 57786 
78354 31651 
89692 99059 
27349 90765 
54309 61066 
57759 15743 
33254 56215 
78179 83511 
12891 39844 
10952 74366 
3121 57023 
43465 23403 
12227 71221 
27354 91805 
45010 67835 
25630 1054 
4324 14011 
37453 50589 
57463 47637 
88264 69973 
88326 63051 
58958 40348 
93879 58744 
41979 56762 
99172 13237 
54488 92892 
58987 59277 
9176 72748 
86199 33677 
41803 50166 
97014 90330 
21248 46161 
91452 77342 
22596 96706 
93838 95712 
26720 19031 
62481 76619 
20863 13249 
40367 37150 
13846 77921 
59380 142 
46864 33125 
29428 92855 
76190 12642 
40834 71303 
27692 8087 
83415 52321 
74687 22104 
38942 73832 
70465 15210 
34977 45280 
74719 11420 
57585 94829 
49155 61492 
8005 67665 
61706 49426 
54093 80645 
31077 67822 
71181 92506 
63739 80742 
88997 6009 
84042 38927 
61358 78626 
34763 11528 
53602 81769 
30201 50962 
99036 15042 
76831 13059 
10184 51669 
37584 13365 
43202 63951 
4940 12276 
4537 53528 
65365 86632 
57791 90203 
82967 63444 
35668 45218 
3849 62647 
87048 90136 
84224 20061 
92388 20839 
75219 39204 
62045 57686 
55138 51158 
91570 67476 
86035 45370 
85615 50637 
85584 71127 
77836 37923 
47524 99318 
67990 44920 
14376 77231 
69447 39778 
4652 5284 
10380 89848 
23438 13911 
60155 66287 
40025 21278 
58785 2172 
99169 8061 
11775 19336 
43594 54199 
75283 61849 
64512 44391 
97265 99974 
64223 63981 
99080 97425 
10260 75022 
79056 66869 
84100 83424 
94566 73905 
79087 82464 
32413 88074 
82031 85349 
8671 21019 
80845 40098 
48585 36501 
76612 53703 
84752 64752 
42635 39328 
77508 4501 
65322 40281 
5307 50059 
22153 77521 
94842 37919 
516 13678 
60766 67627 
37854 25884 
3083 15040 
68372 32127 
66627 22588 
94423 21432 
1536 20799 
61777 96865 
76201 8080 
7085 52153 
84909 91654 
63187 67662 
61243 71526 
53268 29558 
55283 31505 
78465 47147 
57716 86545 
5122 67709 
57244 24062 
87724 65593 
98967 68372 
21432 12901 
70924 92040 
4173 22776 
83580 95675 
2414 93126 
22725 78578 
57006 68570 
50165 26675 
35936 81445 
98491 51273 
39321 28901 
56356 22443 
88657 92445 
68896 54217 
87118 8718 
84273 15272 
20617 55876 
61805 58429 
80355 28604 
19729 85017 
26778 36651 
41383 86070 
82107 76682 
77432 31286 
34052 95320 
78718 8841 
56833 82451 
69462 54386 
7305 8171 
23707 45939 
33759 44189 
39277 82894 
42881 91098 
12999 11976 
6407 66568 
8513 10765 
53134 96379 
73733 90242 
84275 90124 
8863 31857 
70512 76492 
7855 31714 
37689 19219 
96271 84758 
24682 34130 
66769 5182 
1838 80127 
69733 45822 
71226 2532 
51096 48906 
31013 65911 
41950 33288 
75430 25297 
95298 99179 
19065 49696 
34121 10384 
79660 29794 
21940 96189 
27086 73010 
92112 297 
7863 13332 
75353 92576 
84354 40815 
46303 50913 
85694 86215 
69458 15069 
53526 79873 
62339 12203 
79793 40834 
9533 54599 
76121 42092 
55086 14153 
84721 40926 
72662 85271 
39295 59491 
63036 58131 
11077 50146 
56661 37593 
29926 82416 
5433 59577 
53308 44098 
32226 76350 
67026 57661 
69387 4906 
40726 74953 
58078 58515 
28493 28127 
99238 10520 
251 82805 
43862 71578 
13228 60657 
85440 96812 
84398 72904 
70582 77702 
4614 33700 
75231 15063 
43016 2900 
3320 14080 
26395 41427 
52342 90114 
42295 49250 
56009 24894 
6952 95954 
58033 66699 
59574 46913 
93040 25255 
93000 34305 
50704 72351 
7434 21493 
77445 22532 
78728 61762 
26347 34746 
65627 57954 
443 45444 
41379 88234 
47119 16391 
24323 75054 
52095 56316 
99305 39292 
50286 54545 
67222 99643 
17856 46881 
33504 48509 
34812 19254 
48019 59956 
10772 43031 
38653 62749 
47853 27408 
38758 42050 
74089 68894 
94655 17034 
18431 75694 
53580 78521 
14049 45638 
74716 60646 
10545 80341 
76381 63648 
47638 25383 
30970 41092 
92985 36557 
45906 14088 
75033 85628 
23659 77579 
48118 35529 
76774 19289 
11543 34558 
84897 80637 
66915 1897 
19974 50736 
38787 2648 
33017 99529 
2473 39583 
91330 24188 
59879 20942 
78533 4096 
79310 98861 
21457 34036 
68398 11389 
87721 32668 
80693 2566 
5726 3928 
65888 39647 
94846 62687 
61263 94335 
57744 22806 
87675 5733 
79029 85688 
57224 96764 
94879 60479 
21750 72905 
46801 93258 
91367 92366 
9337 81893 
30495 60181 
86334 5646 
95185 65243 
3298 4228 
10004 48873 
84369 99633 
95351 66335 
91651 65960 
46787 78532 
21874 17322 
36828 90158 
819 2036 
56597 32697 
89423 62481 
39860 75909 
17199 44299 
15160 39833 
88328 16088 
13136 70834 
63742 91299 
15579 39850 
8534 27700 
70368 18750 
8168 16648 
12161 91599 
99297 64307 
22562 61609 
31352 10029 
35445 21727 
73650 23308 
43243 66996 
9385 70036 
88192 40290 
12688 41230 
28905 19448 
87827 92953 
57106 73510 
60670 54863 
1942 38499 
51674 26635 
48 89064 
26976 96421 
28335 11315 
19544 83623 
93508 14301 
35906 29390 
47353 52839 
15608 32629 
50108 72782 
90367 56694 
35546 31316 
97773 12546 
40891 89513 
40437 57823 
52274 22097 
45642 38103 
82167 40293 
72843 36563 
39064 77609 
36758 91327 
71686 45534 
62353 85967 
70036 26392 
64649 17940 
83896 33975 
51105 2211 
75684 39073 
77196 72830 
59055 26653 
46890 3973 
87262 24192 
38834 83745 
45962 16546 
56399 38976 
74054 41750 
45099 27348 
83072 44255 
94456 84332 
70775 47382 
43048 36769 
27769 95138 
35243 72344 
17397 5046 
36051 84798 
68541 68274 
96547 98377 
58634 31103 
76488 11864 
79854 92640 
73031 92471 
75375 57704 
74855 92928 
4458 90921 
59553 61310 
45322 28351 
78792 62446 
72917 16302 
30541 32208 
55094 63537 
569 41534 
95113 12673 
66455 55738 
11071 59350 
96516 36473 
83494 73608 
43326 48651 
21245 6931 
26937 2702 
92834 526 
26417 83727 
45325 45683 
50011 93438 
86267 85416 
33996 58198 
35394 88110 
28203 37058 
62364 68518 
62257 97373 
14346 79193 
50688 12387 
3018 46357 
87391 75130 
64404 78171 
323 16039 
26894 30512 
85825 57885 
22958 75646 
18667 40938 
58227 82511 
38652 3704 
8004 83877 
47565 10175 
45718 75252 
11257 73187 
20441 63165 
50828 35327 
91301 56333 
24167 33759 
95496 72226 
44498 93392 
73544 13678 
56126 64032 
548 55425 
89243 41466 
75452 68860 
45424 89842 
1601 4778 
23372 13323 
51435 48508 
80487 8640 
45684 59611 
40004 67014 
93210 9176 
95745 83847 
31448 31749 
36894 77645 
79398 16090 
13803 15837 
65206 69154 
92440 94467 
18585 1138 
99912 21170 
24705 95873 
46384 6420 
20612 50513 
19773 76727 
77877 91216 
88722 85266 
55859 97383 
16685 10382 
28846 96027 
85334 462 
87290 19992 
49042 44862 
88454 58956 
93864 24909 
85023 70580 
54213 26414 
91564 60622 
48347 75712 
58192 85506 
29805 94945 
8420 78548 
16112 59098 
63861 51968 
48330 77259 
22318 80764 
55472 13634 
77771 31716 
46300 10034 
70856 60976 
27719 70880 
36663 67142 
53745 24190 
73030 53173 
41932 77621 
86964 20140 
55196 47270 
89447 88587 
36123 48820 
99586 19121 
98124 5496 
87910 82872 
23234 45424 
35618 14593 
89867 32119 
11644 66415 
55499 96182 
72657 68665 
49057 13727 
72437 95645 
85681 7591 
26567 28899 
2557 31126 
15949 8264 
28716 31131 
28410 61871 
43926 76461 
31466 10252 
52261 81921 
41335 46861 
94437 53193 
3352 7566 
49676 27938 
27169 55029 
32649 90587 
26483 20416 
73943 93938 
97496 64504 
83556 29360 
32906 42995 
36051 49220 
8971 86742 
83330 60096 
2005 36577 
96349 73379 
87658 4576 
60672 21115 
51439 68852 
2398 19179 
92127 47317 
786 87394 
31107 37405 
51822 16696 
50104 53324 
82989 7211 
67414 40216 
83682 87865 
28425 95416 
7977 68133 
30104 81084 
26889 65574 
21059 69525 
55768 99001 
18921 22856 
59173 36450 
64976 71976 
40317 39549 
92366 26359 
55110 51466 
18609 15789 
51844 34289 
85816 37917 
26746 73524 
62696 61393 
2878 32323 
91273 13352 
85314 56143 
8250 62131 
19023 99697 
95999 91360 
77565 72401 
21433 49972 
40489 75957 
2317 54139 
75235 38261 
91 11796 
25371 31543 
75831 38179 
21157 99440 
61732 31648 
70721 7658 
94336 83094 
60533 75939 
27685 99366 
92402 45247 
94691 31378 
10884 83390 
13241 10958 
29765 34749 
39896 17002 
49202 75358 
58506 11120 
66144 43235 
53679 5711 
19796 75736 
59759 53297 
81197 589 
94810 74934 
91378 95372 
86067 77663 
76105 51373 
68454 46193 
16879 52077 
90923 32425 
37640 4006 
96795 7890 
74529 38140 
53680 88826 
32127 33910 
96214 91378 
93700 4509 
10536 25251 
45310 22254 
33280 88202 
94043 55764 
59850 80823 
9131 36940 
56820 21392 
91427 75025 
51536 3872 
81457 87477 
28341 8712 
49196 22950 
95319 45680 
69748 10374 
98054 80744 
78258 79935 
47606 74883 
14695 66697 
98785 41708 
14525 25688 
61743 12926 
74847 58435 
55023 85897 
27225 75295 
11423 15956 
78224 95309 
29375 7630 
36580 15934 
22012 53554 
31954 68663 
53703 67604 
44399 13360 
69551 59679 
5938 14095 
17191 3538 
6069 82324 
32213 56241 
31554 69437 
8623 98008 
97482 40044 
3970 74662 
81430 59760 
35134 41347 
55400 86889 
5232 25842 
21289 66016 
64688 52517 
94786 83401 
50248 93908 
49885 58974 
64572 45832 
31604 17801 
55994 54139 
68049 5089 
33144 56431 
64610 83122 
2356 40455 
42861 75933 
47124 62388 
94656 8115 
78345 12867 
57950 17848 
71683 66345 
85004 11044 
74119 274 
65965 63439 
5589 24570 
91186 70547 
3581 18998 
84200 91570 
58693 36316 
13918 32674 
67312 92444 
99417 67489 
84006 31386 
53575 98255 
90608 22292 
72862 19722 
11639 18787 
69755 59738 
96391 86582 
61505 35390 
56868 84362 
74445 81638 
97746 65117 
96504 80572 
99596 50292 
12299 43732 
19871 17544 
84930 77375 
57468 34370 
6545 91151 
86178 64529 
25739 94325 
99914 71912 
74046 60498 
28341 47394 
56043 31749 
75382 88226 
38017 76140 
5032 66625 
68658 8767 
49025 34504 
91922 35815 
39122 24632 
66975 83543 
73108 25047 
93063 29686 
8112 23153 
48152 63434 
37399 38697 
89385 61999 
47559 90693 
30650 86683 
71825 72379 
7994 69465 
52261 40393 
67125 82284 
98627 59645 
58928 55527 
84966 83710 
8695 39677 
56312 92089 
32675 84633 
27374 50306 
11596 44896 
42653 6559 
94967 5673 
33197 89540 
2241 64822 
48994 26020 
7359 98711 
68039 53940 
41697 86179 
83149 66991 
27117 64156 
45869 90062 
55609 40914 
3135 51417 
64914 98504 
96836 87112 
20555 74597 
9023 85894 
3868 25810 
26221 58734 
22893 39488 
65168 96114 
8432 79015 
49258 58346 
31068 18910 
50074 29440 
76641 50268 
11615 53419 
47432 14564 
56174 63487 
14244 54396 
30287 9085 
30571 53433 
86782 83610 
34239 74654 
14673 56475 
4166 95912 
22487 17178 
10309 84896 
52600 46162 
93393 51806 
54245 37544 
37693 67307 
71062 12115 
54893 35834 
5453 75575 
80003 69840 
6429 96541 
91307 19285 
90251 1661 
5492 72500 
43914 11023 
66411 59460 
80326 66068 
41302 56609 
11042 34321 
61861 13544 
77494 10544 
99204 96194 
34892 72249 
41549 68555 
14300 89062 
51342 15648 
97887 30007 
14615 43994 
29931 60586 
59496 82792 
51888 72357 
13094 48854 
93684 41761 
86385 31484 
75358 72046 
25255 99619 
73274 32408 
42529 32920 
83370 71846 
50603 30898 
70224 51718 
47166 59760 
25212 10629 
67604 55328 
69632 48039 
6765 12220 
29368 88836 
30109 54397 
76553 70143 
39633 283 
80625 73760 
33523 6818 
36284 12863 
141 1151 
39094 70015 
16717 86101 
60796 74990 
81078 36093 
35884 5586 
90704 83959 
8601 92329 
97653 35820 
5215 8858 
10093 41192 
90302 33793 
81660 88540 
37727 76999 
28346 92690 
97102 73431 
39319 89817 
64752 61108 
2835 58189 
74528 76284 
51316 38387 
8315 18498 
40733 35433 
88653 60951 
18541 47070 
56631 7523 
1746 77368 
57055 26766 
82065 62915 
49856 25321 
98696 60022 
41809 58466 
70847 15716 
85871 13886 
61991 72700 
26751 46253 
55701 39055 
80855 84838 
58965 87146 
26295 84125 
13034 32987 
44410 38290 
84144 87301 
98069 34382 
26874 62534 
54018 76214 
61414 66310 
56624 71187 
82697 11110 
38577 35674 
24132 22404 
10492 41080 
31571 33029 
5792 92337 
64194 10312 
69861 3328 
28146 74227 
73196 9639 
66059 29837 
97114 38009 
70977 55346 
87540 34008 
66764 58233 
97526 34714 
98724 36322 
42344 61522 
7933 58028 
72359 99764 
20730 6607 
28364 26402 
70802 16941 
81636 44832 
85498 70178 
76734 86732 
10273 1515 
88851 44849 
15572 19462 
79566 7787 
29012 31121 
84889 78102 
62359 17333 
97752 68365 
57612 3978 
13413 86406 
59382 31303 
90752 40519 
31824 31807 
44989 18236 
77502 89064 
28125 18070 
82892 64787 
72213 42721 
10607 49509 
67569 94295 
81981 13437 
23108 47379 
45298 8381 
9237 14187 
4745 99062 
15051 57490 
93078 82692 
61093 51669 
7017 89423 
96497 40003 
88560 43038 
75079 87155 
27668 1247 
48781 79850 
82220 87973 
38850 85848 
59626 76237 
45228 41577 
81195 79559 
32847 2175 
55087 62210 
89882 54176 
16653 84259 
87480 60733 
55924 56012 
83080 81996 
41250 88282 
172 89151 
65313 89847 
86163 69648 
85181 81550 
97043 3246 
1596 67656 
82572 73774 
24350 29412 
48997 69884 
386 83203 
57611 19577 
39172 76248 
76965 97906 
55940 76484 
44125 45011 
67520 50102 
6094 32543 
17813 10121 
6377 20503 
80333 62493 
53621 53681 
83800 72370 
59373 57119 
33406 22534 
60219 3394 
55196 38388 
45911 41050 
73869 9507 
99566 93104 
45382 46403 
18615 57314 
4879 73029 
25910 65797 
57747 70413 
99225 90560 
37036 54957 
44397 13648 
73976 96074 
12400 15876 
80036 52165 
13921 76472 
18700 31407 
16308 17478 
53086 64336 
17267 71378 
91551 8962 
77262 98175 
17587 95914 
58308 29022 
82605 61091 
60675 67511 
60602 6351 
71029 36855 
12256 74953 
35589 21457 
82635 27792 
50137 14733 
61521 58913 
15057 51555 
68220 94338 
38026 73319 
83800 76958 
79633 46404 
42848 52028 
27856 30628 
14098 32778 
56237 73376 
44745 43683 
67524 87131 
16733 10157 
49668 53453 
65015 87744 
74283 84798 
37542 1301 
49020 67073 
34659 95263 
94777 476 
51604 79759 
56277 53885 
62001 94157 
70256 48987 
22483 99569 
9346 94290 
49015 54905 
91743 96341 
14026 27270 
96792 85675 
40089 36790 
54909 8453 
20720 38424 
86547 51208 
81727 98856 
49432 85755 
7619 35284 
15860 44112 
96712 44703 
42596 59091 
75871 67256 
14738 35289 
1244 95269 
41902 47292 
94849 60785 
60167 97184 
18572 8736 
46454 1815 
66902 90317 
83355 21800 
67624 91707 
21888 88841 
15756 46969 
77286 35725 
30163 70776 
58606 84218 
14552 86549 
76829 92 
24986 18664 
98080 81645 
94574 63576 
8680 8332 
42665 54025 
37002 39486 
646 82923 
33404 19645 
19366 59096 
44031 16600 
84241 25744 
26833 91044 
53247 84300 
48909 72586 
50303 31302 
73094 95889 
91956 33972 
88718 32825 
98800 41371 
66531 41791 
44748 52333 
21032 43715 
27030 38812 
44780 25775 
97731 53842 
38735 68492 
83688 37002 
278 89603 
35756 67102 
46280 99016 
90710 1733 
42448 63127 
99475 86414 
82129 83929 
73919 12224 
7856 8591 
31073 50164 
97174 98560 
68476 92904 
40570 3746 
87194 90152 
23874 6980 
90158 72578 
90025 26687 
22575 21015 
95893 91592 
88482 52645 
98622 30292 
72912 63892 
2994 50640 
22681 90989 
76361 19156 
90456 23455 
90962 89046 
26560 33193 
84745 66920 
10873 62465 
41317 52944 
53232 47712 
77239 36868 
54872 42977 
90582 83320 
15769 46654 
68544 93695 
93120 28345 
73875 89134 
64763 98791 
29950 19339 
27965 65166 
2592 65325 
68833 66470 
33034 70756 
70471 89304 
10940 6085 
89074 23032 
88969 42537 
16289 25121 
31089 88791 
63476 32405 
55716 22260 
48884 72090 
81710 28993 
42333 97499 
10352 51455 
23615 97883 
79668 31841 
40636 9044 
8807 30087 
11213 82118 
9624 90340 
98496 51518 
80281 27443 
4136 79882 
11322 5836 
65583 47803 
28595 87306 
14356 99174 
69325 31112 
50616 49200 
37749 40317 
16057 11410 
14964 61481 
1915 2465 
3952 61413 
11790 39137 
75262 24290 
10031 50480 
41384 35224 
25579 90088 
28606 42193 
48457 48225 
33970 17332 
51502 31719 
51931 70609 
93463 671 
30411 4274 
11270 25373 
69171 34744 
89039 54249 
4755 50181 
99303 64214 
35761 16572 
47990 98530 
29762 92945 
18833 84060 
18941 67161 
5173 59753 
35344 77805 
37541 41271 
58633 44741 
63917 92849 
49319 91242 
16254 76815 
18657 3897 
1616 3597 
42778 43073 
89199 10674 
63049 86287 
25536 57552 
27301 59633 
99353 35711 
17250 88264 
94826 57390 
76307 75942 
17386 5146 
98931 5807 
49776 95310 
67793 39742 
97718 32791 
28217 82134 
14309 12120 
70737 65289 
50216 50163 
52074 8409 
62746 19676 
22416 99811 
31028 89640 
42637 52908 
66851 68286 
68921 90499 
81084 87782 
54225 19060 
64164 65733 
66128 64933 
65775 27971 
48827 57740 
13652 79561 
63384 62834 
94324 66494 
24814 84201 
29681 79253 
17184 82035 
22368 11233 
8641 75044 
10337 99957 
7097 26552 
66264 47081 
94318 45622 
1095 34381 
51216 69649 
82633 27232 
40402 33248 
59869 84517 
43384 69802 
91667 74496 
59275 36618 
14450 29825 
59471 2427 
47699 61762 
58488 86828 
28345 93513 
4973 95283 
85568 65759 
18923 50388 
16037 13569 
1178 80435 
96282 13260 
19543 89600 
73687 50166 
32191 662 
10500 63861 
43498 30722 
16275 86097 
61 33209 
93351 98476 
25345 15280 
37223 1877 
60292 18768 
79103 7695 
24161 34938 
31486 32137 
34992 8577 
99191 99147 
32298 75308 
48155 34980 
25933 67542 
82137 67992 
54564 19092 
63562 30913 
74783 96244 
28854 99705 
17577 83943 
90923 93006 
42784 59759 
91874 99278 
94070 95450 
67523 94923 
7122 36146 
11998 65984 
51910 20614 
85458 48459 
96285 22515 
90888 57848 
62596 12229 
56962 87224 
11644 61566 
3124 14955 
28997 39546 
30320 78119 
7541 76473 
76231 35752 
17109 5605 
97387 67238 
27148 27022 
92197 25467 
1576 76647 
58736 91847 
16354 24884 
89002 60798 
59761 73975 
37443 15067 
62953 70914 
65660 40008 
74122 3661 
57522 64916 
33401 2370 
19307 12569 
27658 24502 
28038 84334 
4394 62940 
67837 7486 
2196 79589 
98899 23853 
11551 33468 
36608 4461 
14279 41913 
79351 33530 
62456 86274 
12731 17016 
48426 49368 
35194 35800 
86322 50947 
95462 81730 
72525 29566 
5728 85881 
17556 4517 
96207 72729 
45131 39830 
6442 51381 
35476 23885 
66655 85560 
49422 72785 
8479 67731 
7457 63406 
58569 59599 
13593 2910 
10868 51102 
7763 45516 
43722 33140 
2449 74458 
46559 75438 
9332 77293 
47529 50278 
89956 56131 
88266 45247 
70793 30839 
74858 63765 
47522 12900 
45137 20788 
65956 50386 
31561 2949 
7776 70354 
66265 77304 
28062 73994 
70223 948 
88604 71985 
92059 4925 
6052 82761 
13652 202 
87210 54784 
19488 80901 
55110 15405 
34633 80544 
78971 93542 
72209 70792 
8769 11136 
95440 78918 
80843 89255 
91605 40258 
4819 68686 
75648 94901 
64102 2013 
89743 84095 
62304 34408 
41742 1164 
26157 53770 
30264 4154 
31859 57314 
37043 3010 
56227 51382 
28230 92778 
66663 73962 
95476 16122 
54639 5312 
84930 3412 
86268 11069 
7675 56688 
90500 44371 
98677 15011 
30566 18743 
92970 63010 
7533 51920 
17599 21897 
26174 72237 
55739 92765 
12821 73890 
25444 5701 
12485 5090 
29666 65038 
8232 74029 
76416 71031 
99661 61579 
38413 41289 
49299 36768 
20052 51512 
55832 81340 
26209 64370 
41305 43078 
82169 17825 
45769 54070 
36898 99753 
7352 69739 
92878 44406 
68284 7197 
44930 48101 
88173 87379 
77691 16423 
64644 14397 
66844 23324 
58451 57698 
52744 83692 
95244 37865 
6722 15256 
69421 55258 
90135 93162 
6819 42224 
14169 81105 
52501 64223 
44399 56602 
37450 42950 
58299 34800 
43748 25457 
56152 35154 
31641 77230 
46267 28396 
13866 34355 
73884 47369 
62719 10120 
39854 44661 
13566 14804 
59956 32377 
84837 13903 
48611 44986 
69029 19661 
71791 24834 
61835 83541 
3103 41777 
87231 33146 
34279 23281 
45225 76103 
36739 89445 
55907 75539 
44420 58558 
98576 87069 
29723 13151 
47918 35553 
74214 93915 
90554 1394 
93637 19445 
64783 80810 
62813 13456 
3884 82218 
172 57926 
79138 21777 
13955 80566 
32503 85136 
82513 28089 
60902 29565 
39690 72945 
64170 10882 
62913 50472 
96896 32992 
16421 25913 
70798 34350 
84954 46260 
38696 45277 
44269 40604 
53767 72828 
54018 94490 
38483 95784 
25778 38702 
16493 81337 
14483 60979 
57647 67181 
4982 70357 
61517 87961 
17165 18136 
57920 63419 
32843 6927 
34371 7076 
55502 99788 
9799 58923 
50075 75166 
61503 93343 
74030 60155 
78030 4370 
3383 14536 
54503 24380 
77625 31139 
68905 89468 
36105 64240 
77922 24985 
95065 97031 
49161 88107 
19309 11650 
2931 70815 
75402 30809 
71217 36279 
14324 58760 
94093 34402 
20668 61155 
64545 18164 
82752 88293 
1509 61396 
83436 64320 
77915 60758 
84953 36124 
55613 89936 
82741 8 
82297 62457 
33035 1642 
86869 51032 
16889 35381 
69177 5955 
89351 52701 
17647 12843 
76649 26360 
4056 30882 
26535 6794 
98537 56755 
87377 50344 
19892 66541 
90071 95103 
86365 98142 
33551 9485 
60266 50164 
29435 41045 
86187 89698 
44260 48678 
7010 81048 
88805 9977 
4513 70238 
43144 57385 
52099 85987 
73366 11684 
86036 46852 
91316 49452 
98535 96374 
32224 62303 
31131 23305 
76775 40043 
19 62375 
23941 37309 
16379 12577 
28814 63844 
74158 54553 
55708 72220 
65405 96431 
60964 3677 
48980 28349 
12177 92651 
42264 19891 
70967 23654 
27528 51793 
14961 80357 
64669 33541 
51304 26023 
80277 21848 
78815 6916 
59310 21512 
88790 75841 
171 19775 
55526 91682 
6535 78070 
56757 62620 
80023 80908 
81517 65649 
46662 20674 
28332 93074 
97043 79224 
70182 47875 
45176 52415 
64338 34124 
14281 52116 
14970 66100 
39092 11707 
54313 50294 
33722 15737 
94236 78202 
11739 72143 
14194 4629 
60824 46326 
93866 76123 
68234 80381 
69143 17298 
65248 27889 
88705 78920 
8909 44973 
75070 1003 
47548 91642 
48784 46572 
22965 14015 
57334 17337 
46599 97591 
61388 71184 
49606 4514 
70164 23248 
47511 33659 
84954 27230 
78926 71357 
5302 1724 
74807 32723 
75831 87479 
89822 28780 
3381 95866 
80626 32983 
53917 36240 
47178 62222 
46567 90466 
62717 32028 
98178 36566 
5608 93458 
35966 10249 
71989 10006 
88075 33061 
92007 86900 
82326 28907 
94386 22277 
31915 96936 
64189 9955 
63534 8075 
16846 86950 
48128 44934 
67864 85332 
27437 10384 
12120 17689 
90507 88794 
39230 98196 
43495 55730 
2203 77177 
33405 96866 
25445 46043 
31782 14907 
85156 51631 
57923 74543 
20236 44203 
22858 59738 
35075 71765 
5088 95128 
36919 24852 
27019 13846 
9981 30573 
87052 37796 
66096 92428 
16440 73210 
27383 73348 
72318 14273 
90286 23339 
48735 90639 
92296 60308 
86009 90895 
52768 22856 
85448 43310 
87474 27224 
91202 37662 
2885 77080 
83978 27511 
60613 94449 
42334 60952 
65100 62873 
66471 49730 
68305 99726 
26702 1515 
4036 3648 
94187 8217 
61501 55177 
35076 4402 
82799 83901 
849 84190 
22248 53858 
27422 92466 
36826 60383 
63510 86788 
86467 76266 
84778 70 
10534 32799 
14435 20946 
12543 72203 
63276 48648 
29036 61921 
22516 72305 
80481 18369 
91340 70760 
2183 48022 
97752 28319 
31399 77089 
76062 14280 
83206 7493 
97288 79682 
82138 6564 
9785 83354 
29218 10561 
36540 71233 
74721 98023 
92906 97779 
35843 67987 
33921 96463 
45466 40183 
13903 77428 
43237 79630 
42685 54777 
23487 36395 
52618 83381 
35770 82781 
48397 15643 
93368 24882 
97798 72382 
82628 63137 
35553 58777 
81766 77438 
94921 46283 
91610 16334 
51862 84494 
52712 76999 
65315 3094 
73378 72902 
23702 13382 
21374 99466 
62583 21300 
38422 24549 
1281 19416 
21053 50167 
57365 34074 
74024 14659 
36991 65675 
83168 30366 
66431 75031 
73463 80898 
25499 36795 
15005 34189 
67139 2153 
14742 62811 
59077 87287 
84987 1367 
63262 31550 
11103 12314 
76680 49884 
50243 76190 
93208 37668 
80580 69954 
10307 73035 
86227 48059 
96641 1607 
6878 94848 
57140 81698 
3161 74023 
80522 14179 
88824 61169 
30993 80575 
59065 8697 
50590 65346 
673 59092 
71574 43919 
4149 91950 
99290 76690 
10515 63074 
15086 61067 
16312 69754 
66170 58538 
29065 55368 
54673 31826 
12533 48582 
11759 98395 
86098 17653 
44236 30861 
45917 8750 
70949 12329 
56787 28683 
24126 85230 
23143 27088 
76879 15930 
85218 30835 
72238 34190 
2109 84340 
71365 96508 
77345 53447 
9017 65434 
54518 57669 
42859 93148 
60650 5849 
9884 46888 
3174 23673 
57980 16284 
32772 77959 
3617 98206 
68766 22295 
77616 63410 
46378 11347 
60184 71119 
85882 57014 
73620 12587 
2525 28659 
96556 32761 
73052 31716 
87112 382 
49805 34281 
54000 71123 
66545 49630 
94408 15872 
11513 24144 
25395 66771 
52730 24724 
71582 67361 
88115 67556 
36052 99973 
58724 80945 
73689 3452 
7282 48951 
6584 87375 
86122 39698 
69654 95107 
18760 82447 
51324 67357 
97568 20958 
98847 10341 
56325 37104 
90812 78224 
90924 8398 
40361 38194 
14107 35775 
81864 98365 
20807 53928 
11007 43610 
9541 15429 
93746 42521 
52268 22039 
33038 59877 
30207 61857 
83962 33301 
56366 99328 
37629 50260 
86834 56631 
52166 92093 
82412 19621 
95113 95472 
19720 99218 
75732 18504 
66641 80053 
88000 88618 
30850 92141 
55480 52470 
62083 48526 
67793 44258 
38967 2067 
25078 38185 
99400 87909 
61609 53233 
79857 34725 
2643 33980 
13446 47389 
19632 39884 
99135 86540 
88049 37289 
95328 96356 
19410 3308 
9765 60862 
34456 18864 
54724 1218 
67997 49304 
11614 61711 
47588 85355 
2222 70524 
67988 44627 
95282 2884 
91260 14406 
86460 18800 
38420 50216 
77479 95365 
2675 31411 
45812 24486 
6602 15012 
40222 883 
46020 22069 
59409 82354 
11842 37027 
71110 64540 
57849 99870 
7233 75810 
87128 23290 
26942 64386 
62801 72663 
74082 19464 
9748 5324 
67953 40830 
63136 77448 
57135 47361 
36887 91778 
34923 93791 
30633 77516 
61923 47266 
67196 64871 
66428 60458 
54351 41100 
96432 66382 
94368 52280 
78499 11573 
22765 45662 
98133 38911 
43726 31110 
53962 29112 
43808 76963 
53693 10830 
7838 45601 
13711 53256 
31316 17053 
96127 62286 
22175 45187 
67184 11551 
11407 40325 
89172 52989 
46842 74580 
64320 68142 
27305 61775 
33635 41005 
45368 72489 
96241 55969 
46116 6601 
55484 50334 
76601 60636 
16946 79819 
96086 95291 
60452 87661 
40707 29700 
83267 3130 
87847 63331 
64914 33676 
45291 53828 
35358 56423 
98165 59688 
37810 59351 
82656 90366 
64987 30270 
19718 93189 
13370 42563 
34219 46432 
43892 40674 
5404 20952 
59412 85459 
43099 18986 
9464 79760 
60708 98009 
10981 57946 
20885 40035 
30028 89669 
62629 32248 
4088 17708 
79611 83607 
96987 22536 
8702 13830 
69325 82120 
4942 16143 
16089 74452 
24612 13219 
70105 52479 
11601 96944 
95094 6298 
83926 66951 
95311 15916 
47036 60307 
50091 89339 
18457 95306 
41108 75395 
34357 36011 
77745 38470 
22774 21005 
41689 83177 
70547 89761 
65733 21012 
81373 83078 
33713 78165 
20976 90267 
38630 53929 
72026 65049 
64212 52481 
76215 34574 
61525 27383 
23829 81573 
76725 97705 
62187 88284 
48615 17495 
33452 92667 
35426 6141 
19654 22329 
49058 76218 
68117 39670 
72012 27513 
94064 52919 
7336 11197 
8815 22091 
65115 6471 
1768 16304 
20412 93529 
12285 59459 
87010 51315 
63630 35012 
38926 56289 
95256 7339 
77374 9308 
22041 57174 
84711 71731 
69480 21640 
28872 48980 
82351 75599 
81889 20046 
81073 90363 
94329 74813 
44735 58232 
23812 87567 
32667 76927 
50258 24693 
17518 46633 
23112 57318 
91897 44216 
76500 25526 
27962 4120 
17136 79793 
14746 53480 
36762 7400 
71530 20225 
26014 36851 
37244 57240 
69795 1692 
65662 3081 
85643 36634 
14059 30337 
25988 73512 
99051 16407 
2842 2374 
7474 8257 
9155 63855 
92460 42718 
4946 43006 
55286 26879 
8255 41885 
12075 79397 
81105 18454 
71127 82789 
28836 92710 
1422 99281 
37561 37499 
55732 58295 
58952 91056 
22865 32393 
14148 51109 
22661 80285 
29327 36228 
24691 50462 
34307 29127 
67004 7073 
52529 48746 
74800 60874 
85864 33199 
30569 62366 
50917 54044 
27028 41700 
54838 23848 
42081 60501 
8132 3634 
11097 74421 
59554 64569 
35899 92086 
3895 9109 
62230 56018 
57318 10844 
77774 64188 
16875 89393 
31432 97048 
20921 96969 
51155 14209 
5396 56611 
42450 37357 
7241 58571 
82571 41595 
751 90989 
86451 36060 
65206 53731 
9591 26503 
72883 80156 
70397 17443 
55384 70569 
19884 29590 
53195 23252 
60171 79413 
78467 34218 
14899 92043 
24275 25223 
84435 96152 
34910 51045 
76673 80008 
11272 31706 
90268 71598 
62998 53036 
41286 42539 
34712 79878 
66568 25409 
27601 30217 
7476 77234 
9514 65672 
76262 18040 
56884 64010 
33938 22672 
99960 52752 
63317 46584 
49239 99421 
3811 21804 
65402 73626 
25587 68008 
97704 18929 
59879 25450 
56459 98296 
69491 31424 
4129 5993 
38989 30011 
46477 70837 
87558 26048 
80369 11051 
59219 68577 
8010 39287 
24840 76477 
58753 57906 
38299 99536 
69101 29253 
25217 41924 
59105 53386 
46795 61843 
9105 36608 
73607 1057 
84577 88179 
24598 91092 
78855 39673 
75087 29080 
43570 41725 
14197 15519 
54894 56293 
36967 98701 
19989 29052 
89284 76084 
62579 96166 
44799 61614 
39120 52457 
82188 39778 
27793 83839 
48360 92159 
1380 45919 
38659 282 
42050 52764 
98621 99772 
81208 25130 
53518 85129 
50740 35777 
1706 41892 
13370 81038 
65689 13511 
99304 2426 
80873 93951 
13931 79796 
16124 73861 
97080 18513 
62521 58086 
8173 57000 
97146 15361 
83598 28254 
27237 17227 
62711 19111 
46719 72512 
7097 84440 
91917 66182 
44093 89959 
66152 66905 
50008 76991 
13949 76386 
51118 65201 
64778 55343 
61190 35303 
33497 75923 
93177 62642 
60097 18438 
79674 4766 
94890 51487 
11840 81300 
86911 8840 
59682 22844 
13134 3914 
67996 7107 
93968 3230 
31684 45123 
76565 13922 
41782 28144 
31625 27218 
59272 96698 
1651 99703 
17574 47282 
59050 47294 
76594 49304 
80973 73009 
51318 5143 
24479 48954 
16135 49569 
90381 25369 
42449 51258 
97032 45171 
61596 48799 
46363 1085 
57675 26308 
53629 84322 
85649 9660 
29621 38635 
78887 43356 
49491 51730 
57320 90168 
15888 87132 
72462 80945 
25765 83957 
28776 30374 
79984 29487 
2224 25957 
32778 39984 
36281 92121 
64147 68898 
33334 29124 
72436 98426 
75075 27283 
26630 60321 
99358 61090 
88288 74919 
32964 74866 
11611 93554 
29806 81898 
56767 78817 
92358 12357 
6395 59590 
60378 61803 
58123 53344 
35551 11726 
76955 56852 
73202 16304 
30567 68341 
12987 75459 
97808 18983 
39329 43279 
36141 59749 
59290 53017 
17259 70805 
60738 75117 
91825 34959 
66816 63113 
24001 44105 
34129 83735 
44405 88188 
51501 72196 
6123 9881 
83763 1377 
92604 95009 
70762 4530 
18506 8684 
35617 45076 
85013 80171 
78223 84268 
99653 85714 
30121 57679 
47315 77866 
25029 34900 
3945 62287 
95741 3318 
17327 28570 
42509 86469 
40352 331 
30669 80225 
91388 81604 
65966 65954 
33612 41551 
64896 38777 
10583 97550 
84348 71201 
48890 27890 
99926 17653 
40338 69678 
25567 53791 
45940 34939 
48395 36023 
21900 8503 
12242 61248 
53775 74938 
20868 4617 
99208 58627 
47613 13965 
81868 50997 
32078 43602 
49677 42009 
16413 17244 
8905 69187 
23861 20141 
72416 46785 
10450 33843 
15088 40140 
27073 43519 
12379 5807 
13659 67413 
49021 26796 
9735 80742 
23987 34010 
6415 32228 
45188 19944 
83686 80488 
2716 18779 
73840 9579 
33039 48181 
66999 18307 
38178 82430 
27896 16248 
3691 53961 
24436 953 
67210 60959 
78016 35430 
25284 92331 
33197 92749 
30485 68204 
10038 85506 
22972 34044 
46236 51866 
61155 39546 
58220 27057 
64605 79644 
50406 89417 
59055 74301 
80083 33501 
18077 16193 
41703 89239 
28967 20941 
68869 75758 
71388 73275 
64868 51279 
86477 74286 
63357 96315 
31424 59908 
89619 46452 
59925 78798 
39822 73103 
42456 89009 
20772 95870 
41970 57134 
95894 98557 
90404 21067 
64528 12339 
69298 8086 
61077 24266 
83856 83637 
98171 67002 
33957 43050 
93705 46587 
27866 48318 
15474 69028 
54872 55173 
49099 33629 
31549 71854 
45039 71240 
63031 40308 
28679 18990 
15489 32979 
63880 39554 
78861 13923 
44808 12639 
9972 21675 
53473 49149 
85318 93107 
61134 4329 
60058 62461 
70570 95231 
25205 37807 
93186 59944 
78512 78364 
30029 31301 
76220 70442 
79003 36154 
12615 27208 
21925 72801 
82270 18032 
54542 63785 
15851 66873 
10209 29049 
44553 45985 
93662 75283 
40512 31144 
85186 51334 
928 77682 
97408 76662 
92213 22810 
67074 10071 
47084 18994 
42401 89344 
12350 55644 
82899 38906 
78034 31883 
23075 12254 
79502 1908 
64014 8668 
53441 26223 
47532 79587 
45809 27018 
36489 19035 
15290 63973 
71781 14617 
49323 18020 
1644 20843 
11431 94859 
82137 4956 
68367 37507 
28992 6886 
3500 67693 
60522 49639 
8900 59625 
8852 34135 
62738 86470 
92462 53434 
40915 69803 
36910 65241 
82220 5395 
2520 68766 
24883 34851 
27978 42222 
59016 81966 
26949 10646 
94256 75073 
81223 30233 
24793 32263 
58322 94991 
85046 95013 
44142 94288 
28372 57583 
21904 75734 
28499 54509 
47528 96850 
98774 36552 
68541 81107 
47873 86664 
8709 29158 
42237 1874 
93813 74492 
25342 94391 
25324 14199 
51756 45836 
18241 90229 
30038 82171 
6891 44200 
32632 23724 
88292 19771 
23246 4660 
16444 40541 
72571 49284 
82961 48581 
81774 38792 
19498 48984 
9822 1373 
35686 69151 
5501 11013 
62614 8086 
77896 85937 
6377 20548 
134 36285 
28820 53719 
30360 22459 
63299 29869 
51178 50513 
42164 47557 
74238 49015 
59608 55991 
30140 43018 
18658 42446 
65524 65079 
14271 61024 
98979 20711 
85878 22524 
45321 56225 
32163 59833 
3823 60602 
18491 81002 
20141 69855 
23092 23043 
73968 32286 
61976 23490 
14852 36100 
4523 33905 
67159 97043 
41786 9746 
51809 53032 
97762 24411 
27203 15201 
80249 71761 
34685 80338 
52372 41063 
44887 18398 
68443 71052 
40498 10576 
58583 15669 
38253 28376 
65327 83065 
48376 12173 
32461 41568 
93223 28962 
21391 21570 
58552 63297 
83602 80675 
30603 22869 
49088 40947 
80124 20744 
119 51728 
90468 29955 
87314 79249 
91078 92983 
10685 75137 
49957 8585 
32208 29927 
99107 11496 
8399 74815 
15493 6737 
31524 55127 
56725 19556 
46238 62400 
55426 74489 
64856 78421 
9205 22585 
38868 54235 
64136 94530 
56972 19888 
78850 69231 
30566 96514 
73605 12340 
96524 61428 
14115 57304 
14036 98978 
53466 72665 
57402 55183 
57087 83709 
9872 2552 
65550 93946 
44999 12989 
7860 82525 
41431 31319 
63956 37332 
14644 39716 
89291 20365 
64900 4206 
56636 51919 
34481 98406 
40682 43154 
39302 6797 
69538 2856 
90046 20097 
93881 93472 
46215 48640 
79306 13963 
52828 96221 
10332 42602 
93977 56452 
5552 81488 
60048 16461 
82578 6421 
66125 78614 
78722 40668 
77960 39975 
28747 39273 
98854 1331 
24578 91704 
45901 12854 
33521 24973 
97245 1873 
31290 16820 
23390 69723 
14116 9070 
25034 89257 
90174 45025 
87517 82375 
14784 41519 
27696 7797 
26088 46230 
52899 43312 
58345 23907 
73591 3868 
58488 61356 
11469 97102 
8282 80353 
22955 81323 
59180 77 
14356 57434 
19899 96250 
59491 95914 
97768 62833 
43128 72763 
84063 93966 
44334 64130 
90821 68764 
42670 28435 
92049 39663 
77146 86832 
95769 96191 
12939 98188 
74996 357 
74111 13087 
15553 67297 
81894 82902 
96500 95377 
97605 94573 
5036 33645 
6838 99519 
1846 11351 
97289 5969 
95191 44169 
76457 7996 
52413 74865 
47398 31700 
76092 2288 
10813 89190 
98742 1940 
90006 44441 
4702 43771 
81550 11575 
70816 68447 
19004 25760 
28507 92005 
99602 49666 
89032 70639 
64583 4303 
40970 72306 
42639 42060 
24410 69896 
62974 11905 
9862 91901 
19536 1956 
61535 40856 
21211 83006 
44453 17235 
94128 18083 
42759 67067 
11688 47793 
92602 5244 
15513 8886 
97176 53277 
56275 94424 
83740 70220 
27163 17893 
82877 48544 
84752 749 
58783 92928 
52126 63137 
96019 99266 
77331 60905 
52979 3599 
76567 78526 
25201 76297 
26037 57189 
22702 95449 
78922 10055 
54684 45284 
74706 52578 
32218 50365 
76928 54748 
44955 74357 
22363 4315 
41428 83391 
89802 55221 
44160 98324 
99758 23925 
60617 37666 
37819 87756 
8911 83506 
53814 34072 
63212 86440 
26571 6784 
38003 62353 
99759 97630 
72567 23823 
88162 33649 
47530 31984 
25702 19374 
63801 50900 
76613 2569 
40934 35783 
59428 45676 
46687 88855 
39732 1664 
52501 72211 
32167 12590 
20628 75738 
14723 71945 
67813 99946 
99107 17725 
17717 28530 
19801 52175 
49672 33524 
1422 16299 
74907 77132 
39067 82455 
23021 48592 
79569 66751 
1304 1924 
22924 4463 
97365 40932 
72633 76315 
31605 31542 
51289 21217 
30217 8395 
63473 21945 
81675 82499 
31866 4247 
60084 49878 
54445 46970 
47316 47299 
30758 61091 
62497 487 
83459 58886 
12200 62694 
57666 979 
7619 47034 
15145 78664 
56020 14700 
52955 61610 
22935 92995 
66881 16971 
78848 62038 
48846 84913 
89534 67090 
54465 77688 
82732 84627 
1999 54673 
25522 94599 
67181 14122 
76535 88770 
19758 33928 
35048 75578 
7033 88301 
95044 25679 
27316 65010 
26491 39106 
51909 8744 
48356 4979 
48073 20131 
28304 67699 
27450 47084 
42557 9820 
94448 15408 
56034 11041 
97373 58963 
37716 45262 
91410 26208 
9039 33170 
7028 59551 
34203 76542 
80001 66706 
410 62249 
39944 29121 
3347 38894 
73104 21557 
48627 37086 
72146 49030 
3458 25542 
60737 42554 
84442 69515 
33985 93537 
47214 85513 
87120 48179 
51530 66802 
14268 27810 
11446 87918 
46802 88933 
4406 83202 
66437 87540 
5317 34324 
72098 66330 
32129 94821 
1582 40548 
37933 25880 
9101 18452 
61311 16902 
78031 55758 
51379 16817 
4551 9952 
16948 7707 
22299 29952 
10213 10975 
50806 89399 
44572 28101 
41155 47680 
63426 82998 
61194 1854 
22271 51010 
9574 74720 
19881 30826 
73009 69564 
16063 39865 
44345 10482 
3257 91142 
415 78672 
57149 40203 
98083 49746 
77501 74394 
84519 34827 
44576 53535 
33435 29116 
58810 1055 
12892 75586 
1793 87644 
62228 58598 
55162 45744 
5789 52507 
40658 2444 
59332 63670 
99407 20855 
91345 20806 
11365 95542 
85996 88257 
66927 56339 
16999 99486 
41848 96645 
82440 33986 
93902 57269 
69432 89821 
95151 64948 
14445 36118 
37169 45842 
262 65087 
98294 8655 
83724 1549 
41714 19444 
79781 69422 
21137 70756 
36838 59264 
6800 81433 
25985 88728 
8774 50219 
32411 98644 
66749 26272 
81171 81477 
95960 52724 
51422 96004 
27392 85649 
33365 82335 
57094 90086 
60335 54769 
24213 67238 
4844 16482 
70264 72506 
61834 9667 
93184 42729 
55023 87523 
98887 62796 
92921 70327 
70322 66773 
69964 26877 
19436 86704 
55161 4681 
60984 33484 
35784 17543 
48797 18496 
86812 87567 
44896 2133 
18216 30121 
49741 85930 
11635 64896 
7962 48680 
95595 33993 
18057 63756 
24130 8810 
16842 24785 
17541 71540 
79839 49892 
95969 64189 
77328 30931 
86583 8298 
52453 43413 
13390 11923 
42535 35313 
85019 96935 
47700 68488 
80330 99324 
61909 95117 
94253 17949 
20684 13422 
47038 13070 
87086 61843 
78887 84961 
92908 78919 
48961 95085 
75606 77310 
32831 27517 
3110 54730 
65647 26724 
58497 91974 
9697 89267 
64353 68815 
34440 31672 
62753 62219 
84741 4425 
30890 78158 
78738 72943 
4712 8234 
20620 40401 
3313 95383 
35570 44361 
95359 39150 
34230 19485 
25510 70305 
92256 81921 
23558 77045 
86888 57488 
51932 70562 
66930 45428 
8243 36483 
45128 82212 
88706 30464 
92673 45787 
35571 41210 
84373 19665 
37085 62202 
90043 18348 
22060 84661 
32749 60886 
92775 48556 
37742 67691 
69722 65909 
77311 47287 
79632 61249 
76208 34248 
4217 57701 
79937 37396 
21271 74076 
3887 58139 
12025 88218 
75167 42895 
79067 64958 
50951 40632 
17678 43210 
47247 46839 
10103 26060 
40232 28599 
67038 20133 
8638 41953 
23551 26110 
70133 72371 
7664 90931 
27271 51891 
39015 94062 
79279 32377 
82261 55121 
74797 23350 
75347 18249 
77689 34959 
76242 89790 
93104 1937 
23458 80152 
54212 2753 
85413 28180 
1378 29663 
81631 66940 
95013 10029 
94797 23470 
90946 26975 
56856 31922 
72859 38382 
84611 79418 
80203 47194 
60707 97032 
91982 33147 
4411 54493 
26852 16277 
53261 16519 
98279 85967 
81431 71142 
19751 95764 
13601 45947 
89616 93856 
54114 86824 
97617 31825 
40392 85682 
86000 70193 
46866 8470 
66859 78280 
11059 92975 
44388 7999 
27040 56985 
15802 6500 
53080 81802 
27894 20924 
10169 13455 
47573 40060 
5919 54593 
64167 12298 
4465 3686 
78906 77051 
77088 34995 
52693 47672 
10592 2721 
77140 87933 
20889 95798 
5804 31208 
17742 65976 
32671 1820 
93327 1190 
33142 11330 
62013 18625 
89130 19095 
61709 7449 
4358 66024 
38121 59902 
78535 13234 
72468 91237 
49801 43164 
80450 63922 
33711 9739 
5699 99630 
83966 56270 
54462 83693 
75216 55066 
69940 41021 
61477 61081 
24475 89952 
95057 13443 
15708 61035 
348 63336 
88839 1450 
84451 54459 
71313 72605 
32310 33154 
98508 88349 
77901 19329 
29445 34350 
64957 26396 
36 55357 
10858 78714 
38083 96377 
65483 38417 
69009 36250 
13222 19987 
74205 57674 
768 40579 
24928 56409 
85956 26849 
3842 4216 
93588 74927 
43559 45033 
33082 39163 
56982 21935 
79708 7417 
7762 3649 
46313 5919 
70835 3681 
75624 65086 
62827 62568 
64597 69210 
79980 94337 
91725 7550 
67317 81931 
55838 42104 
56914 43202 
50636 8233 
55438 78978 
93050 68315 
31504 57810 
95502 45700 
51964 88187 
22220 76558 
42878 78299 
97999 30503 
5717 85920 
44145 67475 
2250 16490 
806 17912 
32617 36217 
57497 96031 
70210 28809 
54339 81943 
84338 39383 
35402 37259 
76984 17196 
32482 51054 
83561 89996 
32774 48255 
39193 77133 
37097 30909 
91855 75999 
46692 64314 
51608 36943 
26082 64597 
1193 75488 
77075 92086 
57431 57495 
24728 5710 
65127 32868 
59915 87655 
25619 86454 
5147 4642 
10631 20985 
70347 32427 
88749 86221 
43549 33534 
96630 20904 
17812 44711 
19962 79698 
90111 226 
10229 75956 
80586 89902 
52488 83027 
11224 26629 
16664 1694 
51927 77134 
70267 19437 
88865 91890 
3977 58414 
95124 55309 
23194 33333 
86884 65755 
88450 17866 
29701 46387 
45482 48794 
18944 82510 
71791 80798 
96042 78828 
80690 41581 
77899 30898 
66114 26986 
70712 9080 
41893 18834 
11370 60398 
27697 4371 
29729 43998 
60547 25573 
53281 29256 
65566 88961 
82057 2087 
2537 22158 
46125 44665 
15898 72131 
20585 76464 
54939 1834 
13729 70479 
98267 56958 
62864 87419 
12006 42520 
69270 2850 
94745 70242 
78855 37482 
13892 11971 
68323 39189 
17886 21843 
27962 6865 
16637 70451 
41700 90820 
58584 67979 
52615 52195 
96921 40068 
67845 14754 
29852 60132 
672 96403 
20103 34904 
69548 64926 
47504 86186 
73891 22676 
25064 71083 
44753 88334 
13790 35460 
24757 10367 
4377 915 
66217 16432 
94969 44253 
