12737 50913 
22575 33807 
92701 1463 
15219 59944 
17198 97550 
47945 51044 
76234 16594 
77385 68632 
19627 77608 
8156 52265 
98204 93075 
56258 39656 
93974 48981 
61408 14913 
5711 58863 
45666 1124 
238 91733 
36083 6557 
61646 30844 
17687 79957 
70830 80569 
59726 29721 
25883 1977 
62919 14182 
70293 24253 
8353 15801 
30333 48706 
49697 70750 
75624 34862 
79585 37193 
7610 34039 
18277 50513 
49479 14781 
18138 31784 
58088 6673 
51007 87012 
3518 74308 
47175 58942 
65104 21556 
84495 70709 
74163 17780 
84041 31149 
93079 32294 
54785 55299 
58024 61094 
43894 90412 
28319 30770 
91571 27763 
79265 68531 
59745 23601 
47270 34380 
2452 48769 
86185 21751 
72435 35845 
21979 46274 
13245 95100 
99254 58873 
69046 26132 
97534 38990 
55381 60718 
57902 46517 
73275 34259 
1254 36877 
16387 98123 
38297 72700 
16284 53257 
68385 97687 
94483 6639 
39398 73478 
41541 26447 
94071 18745 
23289 99273 
59542 31229 
22162 73264 
46368 18061 
57688 4784 
10824 7460 
94280 12981 
66 65805 
36830 86606 
43548 98034 
34951 80487 
76080 66511 
65313 85257 
78004 23701 
38110 53246 
96181 17413 
78547 15890 
65844 93840 
67095 33589 
87833 93301 
83322 77610 
28321 6277 
87264 55476 
98894 33287 
89588 56209 
43646 71092 
7198 9861 
6961 29875 
74476 26959 
80749 71299 
82030 7816 
33100 45713 
44558 89090 
1694 98280 
57404 25538 
94764 8441 
87377 88618 
80016 24878 
57574 393 
57621 59003 
28254 11139 
7250 4034 
46174 72129 
71096 53822 
33394 51246 
84916 5851 
13158 88406 
97365 46233 
25294 90202 
24221 30989 
66442 18769 
68588 97563 
1491 38512 
756 63272 
31746 46230 
32124 93237 
72635 25033 
36432 49403 
89171 30572 
68519 64321 
60938 39268 
5948 18674 
5 62537 
92010 39872 
24979 58477 
90032 80559 
2297 53019 
68323 80503 
1914 16250 
22738 63093 
78691 26430 
9533 68542 
83074 94180 
5051 79912 
25060 12346 
30736 55181 
64001 43285 
82079 38857 
73431 54599 
78321 89999 
34903 66802 
6086 30020 
47734 81952 
64586 83267 
2572 21016 
32641 56142 
55889 9482 
68480 76397 
59764 15749 
22137 93228 
46736 64831 
87224 20956 
43062 21147 
43964 94295 
85333 58453 
48591 91618 
45240 12427 
5577 74124 
25137 42004 
18593 83438 
73136 9196 
53752 37919 
80580 24015 
64356 68866 
67062 91004 
20267 41758 
28556 36981 
56940 14862 
22749 95767 
9305 97727 
92341 75020 
23874 85521 
81862 32690 
48811 61629 
86449 46230 
86167 80588 
82087 66344 
53096 66160 
25954 8895 
39566 85263 
82812 53534 
68946 87435 
28785 85668 
64823 31680 
7411 39589 
2484 57769 
64506 74888 
76736 97456 
68160 45734 
49083 62588 
28115 3158 
46737 91687 
64782 4163 
73568 84369 
42347 88328 
58778 3807 
72655 22469 
12981 81500 
17032 7032 
83295 15672 
61682 84063 
99187 14948 
18993 85904 
79013 2281 
11857 16234 
23562 60628 
31020 60627 
57348 71516 
16522 82471 
91054 70356 
3425 71953 
69182 18287 
89348 80708 
35868 69290 
26696 92829 
98771 93486 
16045 54120 
96036 2742 
78771 5773 
74562 13127 
16823 46118 
69161 70242 
25437 74644 
31659 58070 
10615 56177 
96570 9772 
77382 79941 
85740 39716 
97081 78138 
48162 20024 
32406 11775 
3159 32072 
97402 27639 
5220 33607 
56305 39656 
77015 95559 
19896 90289 
63426 79071 
80961 3225 
43950 42977 
41449 47251 
3381 94644 
23130 93092 
1444 22999 
20792 59861 
865 81585 
52460 15900 
10362 21586 
84639 19927 
74117 10023 
62248 62767 
92534 6732 
52695 97350 
90406 15185 
21454 25246 
58127 66903 
92550 41701 
79140 46907 
11486 27934 
22566 18584 
20485 19410 
23795 60307 
76271 71888 
97786 83305 
89193 93185 
29931 60519 
39134 7973 
67566 59556 
28436 75323 
91537 39378 
64989 84290 
81722 39963 
29655 11542 
3006 66945 
71369 36820 
28914 49131 
90545 76978 
88975 25759 
16804 17431 
72843 2536 
60617 90984 
49314 713 
20064 78388 
61594 11854 
53752 82376 
41519 62444 
88785 57495 
44901 87130 
18775 61770 
47782 7121 
60990 33025 
59086 11167 
84054 82638 
99003 40532 
88020 42575 
64453 86523 
17146 97737 
53000 19348 
12404 84973 
44893 80521 
65505 42542 
49196 87465 
19155 49399 
4465 18649 
69264 2333 
87041 70315 
64039 40847 
20721 1746 
62110 44565 
438 15024 
7317 96065 
39550 47361 
1268 23173 
25431 89325 
6471 9132 
21284 80687 
92607 86445 
83434 77100 
46441 10792 
72855 25444 
1882 45107 
27252 33457 
10884 70697 
25759 70112 
68141 82260 
22173 87223 
22970 16695 
44584 9906 
60284 11807 
59388 3738 
9227 90313 
75885 89875 
42830 17018 
24001 45863 
64961 82561 
72158 99527 
41865 25865 
64912 96066 
24756 19205 
50689 94357 
27220 4771 
38820 27493 
66574 89656 
72026 44681 
51879 77414 
25616 36912 
2972 38602 
47868 37162 
14630 231 
37443 77416 
37949 64537 
13106 79413 
36988 51253 
68675 53779 
92944 94315 
21804 83083 
70388 13918 
59081 68361 
30485 27883 
51873 25792 
74687 62502 
67458 30434 
29030 72322 
28215 17337 
33959 80809 
77969 66846 
87494 9344 
99085 20525 
633 70759 
86479 96894 
62984 65379 
25458 2058 
83962 32514 
39137 59300 
70261 78402 
68150 13834 
23855 22784 
20481 4192 
96448 80632 
82464 30065 
16080 22958 
13322 87958 
9483 41248 
55134 90607 
79857 73690 
77676 33897 
63851 38259 
43317 25883 
83857 57588 
21017 46516 
32105 53677 
413 63802 
71615 36653 
57106 92407 
15681 11121 
98472 44045 
52388 76087 
75664 85555 
13543 0 
81955 90133 
48457 11140 
70162 40003 
52155 55424 
12614 14646 
14900 38609 
95984 77730 
5302 87963 
90257 58003 
72844 39650 
56234 4671 
57284 82410 
59162 86171 
22222 65529 
37452 92725 
87981 9690 
34911 97718 
25034 42967 
42504 30689 
83323 21046 
11403 15584 
75147 80706 
92909 31968 
99668 18644 
32816 63962 
95637 83940 
97879 11980 
35609 21747 
40281 55689 
29685 8264 
12318 73124 
89728 72590 
28032 40529 
16064 9763 
31069 60229 
7800 51099 
68812 89745 
65202 72891 
91655 74341 
47982 92590 
93270 17337 
76866 22785 
82796 57770 
17490 27606 
33152 63361 
65458 53644 
80949 88267 
59276 88003 
63022 89693 
83961 29826 
62155 45231 
92233 48454 
297 63646 
62528 41285 
61451 35834 
33437 97501 
48344 29828 
2753 20014 
77107 93953 
55938 57283 
92429 95626 
93617 49114 
41961 89805 
60625 96109 
83258 80706 
40144 21135 
9117 13169 
65669 2983 
67898 5933 
20767 27337 
24273 18088 
42073 18251 
52818 22084 
14433 84499 
81933 41950 
48830 39496 
8849 3754 
63450 30933 
87784 36817 
46218 46817 
52797 58849 
63106 48323 
74500 75919 
90740 16648 
65490 29045 
94057 91048 
43224 23190 
40223 18244 
31027 81616 
38521 29625 
28022 78728 
22602 11980 
6991 18013 
46273 39900 
5539 38090 
46889 93610 
60377 49592 
41477 94645 
97161 28299 
59859 53607 
29038 15867 
86346 39196 
35911 8453 
76956 45752 
93367 45706 
42678 57764 
95376 47835 
40942 84087 
68020 86826 
97246 62074 
2915 19411 
86800 12390 
48427 54007 
42090 58957 
84406 71596 
16410 15306 
71854 71399 
25710 78552 
12824 66202 
11513 65271 
77796 9320 
16179 69747 
57885 95434 
38478 24381 
77453 40930 
42189 94498 
59048 15842 
23383 45331 
67062 69178 
3052 77684 
69113 62107 
938 40578 
44843 99407 
63669 94111 
40716 28563 
65753 13864 
16341 58012 
75478 99336 
52950 31340 
79470 73240 
97904 82539 
89401 35922 
402 89016 
12282 69722 
53095 33611 
51807 71794 
91865 84672 
22343 30741 
21767 4092 
99504 52309 
30984 97243 
1591 82510 
26599 25843 
94774 72699 
76115 15052 
41505 80448 
66842 99501 
66473 2524 
1649 69413 
97297 91817 
34037 97645 
48201 18773 
8075 51210 
54069 99698 
9491 16741 
29570 29246 
53042 98321 
23443 22450 
28247 78280 
61579 92880 
696 66792 
24183 67798 
19342 4463 
82107 68634 
11544 23653 
25319 65685 
57101 18858 
52552 49592 
20117 24255 
55297 49030 
83240 47397 
21619 63912 
72704 62026 
5666 76538 
84535 20118 
57283 49274 
22408 3538 
82814 16685 
35842 99025 
12931 32457 
3804 46775 
86278 37050 
43207 82484 
18715 70687 
34456 65488 
17136 68098 
46853 61511 
14111 36408 
15564 27528 
44996 35585 
68803 28380 
62721 52099 
28996 59 
87103 80709 
14897 62905 
15317 6792 
52991 79525 
78082 12148 
65984 46817 
12147 10924 
43775 9274 
33815 59137 
18037 81607 
40532 71165 
55371 72721 
37995 19711 
55973 10235 
88741 91866 
94864 74951 
4849 23266 
70929 68097 
62193 34762 
35390 50641 
96555 51567 
55777 13625 
52976 93580 
34104 61199 
98871 87355 
38620 13937 
78709 65174 
27411 69009 
83490 84688 
39061 85903 
31765 23855 
701 1673 
10629 80153 
56985 18031 
4866 30530 
54882 44138 
50384 89101 
28648 23559 
84064 33306 
16951 21602 
26346 56035 
9806 150 
25131 41201 
66885 61089 
10011 53289 
70677 96567 
54364 77587 
78114 44578 
19495 47158 
12489 11733 
59834 45022 
93831 91592 
1058 75593 
40382 76562 
64078 58110 
86426 34112 
96974 6624 
52427 93943 
94259 26017 
72289 71738 
28241 71639 
29531 37283 
90815 91295 
79253 19955 
45662 92664 
35996 32989 
20603 56655 
88959 89428 
27809 47782 
65489 77280 
85551 56321 
1378 59184 
29374 43837 
92199 62725 
42847 53613 
93788 31598 
8446 90558 
11935 14890 
77676 71400 
71443 82057 
86201 95244 
82946 64499 
94504 87055 
32223 41201 
17552 22157 
1210 5474 
17952 48566 
92516 72630 
76243 85755 
69975 14279 
19259 93429 
46603 33961 
82926 71911 
48309 30923 
9345 76978 
56811 34140 
29730 6258 
88418 27040 
64509 41780 
96698 24886 
79830 13798 
96517 11427 
75754 84741 
94541 89159 
45542 38918 
77000 48419 
37780 3573 
49383 14554 
73453 19957 
44682 89516 
18632 29240 
16916 64501 
90106 37453 
14885 43629 
76048 76043 
87454 85159 
86754 80226 
6124 36355 
11495 65988 
3276 10910 
46695 98426 
15162 33651 
77938 9047 
87587 56324 
43710 37692 
49199 30319 
82323 45997 
82376 7504 
65114 73557 
24966 28679 
48825 85439 
17434 50684 
37942 90253 
69484 57820 
33849 91659 
57795 987 
61775 73038 
82249 8836 
8817 4964 
1863 19225 
76737 8202 
43623 86408 
51745 1140 
27501 29626 
20163 9880 
79181 2159 
13634 21659 
8335 76399 
50463 17824 
14795 60136 
50690 31297 
47548 81996 
41696 35264 
82202 9844 
38376 84777 
1425 94998 
77368 1008 
59839 67190 
8336 9106 
89917 40485 
96972 14911 
58705 28758 
74178 33221 
16484 10798 
73778 60872 
88006 29782 
37159 21605 
44495 59576 
27407 96470 
60367 21220 
87764 93498 
2435 86963 
99677 3413 
21360 66316 
44208 34356 
15198 28877 
47265 17915 
13120 82043 
93881 31187 
83720 88221 
29682 85159 
6818 75811 
28733 88418 
60231 70938 
96080 6969 
63753 52843 
90634 5921 
91378 14800 
99413 76851 
9828 94594 
67716 25844 
26494 23812 
91463 21530 
33172 33617 
7706 79889 
13271 46134 
77243 93128 
39690 75259 
39285 93679 
28119 58400 
32305 81124 
26282 41582 
17466 29846 
13445 44334 
11449 38236 
56518 37893 
34022 76491 
19159 80548 
2371 39366 
48524 67283 
58975 12650 
70635 67419 
2746 17748 
9842 43560 
4159 7406 
10413 67920 
24279 47442 
79044 77963 
24876 34300 
85908 42322 
52218 66305 
58846 40060 
665 7660 
80384 91628 
13874 58601 
50507 18203 
61180 72507 
9454 47654 
34633 41364 
24258 29949 
48228 4671 
30392 72633 
84996 23672 
85551 57824 
29938 2762 
36503 56237 
47156 32971 
21868 10825 
8121 78624 
33818 22911 
54628 27582 
39879 37056 
84804 77934 
22399 87403 
83445 39542 
27694 37879 
78966 87569 
29489 21384 
98444 16906 
1994 58975 
9495 11381 
66804 19054 
83144 59666 
24787 58713 
85378 21040 
9206 74614 
6746 68419 
99574 79200 
69133 13566 
17045 9498 
6762 49919 
81675 70424 
4512 32189 
49415 12266 
90789 48673 
62490 42862 
24482 32204 
40606 79035 
85948 98694 
12453 48953 
80494 98427 
37012 67339 
89497 14584 
92458 18832 
59076 45916 
16753 1325 
99147 66050 
68505 698 
76739 60593 
39293 91154 
26573 5037 
89342 81224 
69236 61398 
97304 54512 
22662 39573 
11874 86393 
16170 90630 
68048 53116 
67994 73508 
84086 88150 
66980 64107 
86544 82112 
7086 56255 
20268 67257 
59317 37781 
87785 75239 
29902 11697 
28293 7754 
45819 72467 
90269 13675 
29148 40386 
73712 23402 
70313 3299 
18107 51433 
86883 14182 
90448 41507 
59447 45584 
83983 95207 
68929 7466 
72833 94513 
20779 93670 
80220 1563 
30636 34083 
8773 94761 
63326 94482 
50227 79357 
62481 84128 
38792 92788 
81601 2359 
37587 10271 
29037 79749 
50731 44579 
69149 46847 
35054 25372 
79831 94078 
44857 38145 
52593 70063 
80723 559 
35586 2453 
29162 54825 
62210 15299 
73642 58817 
78382 60053 
29606 65701 
80055 73485 
6125 92144 
99250 25107 
25069 88520 
31647 19166 
35044 41061 
81695 71793 
41789 55506 
12222 92622 
39347 94578 
24698 61992 
67037 67464 
63592 9783 
36089 98527 
33670 70024 
66812 34551 
42600 6570 
52220 85129 
32921 79503 
17298 29124 
47203 49306 
74414 61709 
78114 96468 
84875 1037 
91195 67842 
24199 21431 
72250 47910 
14430 30789 
43583 93033 
30640 63956 
13697 59856 
10743 20912 
73633 5203 
97867 38902 
29755 34133 
22708 50986 
67601 25252 
89687 50016 
74307 67965 
65161 46673 
8169 5023 
78567 82922 
93043 85537 
38080 38166 
32593 98598 
31235 44356 
84788 75668 
27910 8434 
10589 21139 
28183 25778 
12445 54737 
799 56658 
7962 26927 
39319 29234 
42069 98998 
22498 27256 
27000 63241 
3054 18380 
13589 15424 
64686 79877 
39657 81707 
81068 82548 
71689 45230 
82503 753 
54512 13770 
86037 26738 
10370 19201 
73036 80814 
83558 41921 
4583 25446 
9705 8979 
49543 10946 
99808 23326 
62704 3201 
68305 43440 
91165 69778 
1741 47489 
5961 29704 
60001 84309 
52899 4402 
25612 34602 
91681 42472 
68283 80150 
45599 29409 
71633 6207 
15447 34862 
76976 42866 
20767 94626 
35040 84827 
19130 72376 
20703 15865 
19900 96960 
58067 4195 
52744 25136 
23629 28017 
73162 36722 
43842 36724 
87373 29408 
80004 52547 
57139 43838 
98215 69868 
1449 16091 
55036 15012 
46454 24320 
90541 87990 
87646 69032 
9585 19496 
19000 2412 
49425 41418 
52637 1078 
77215 87160 
99550 58770 
34456 9283 
7011 60754 
47113 26293 
51534 90095 
49935 87817 
67583 7439 
31380 78013 
51712 40596 
91618 60731 
19392 17961 
20228 6738 
7548 80676 
42490 33323 
9626 12474 
53587 29583 
2018 33227 
58579 36954 
70762 12523 
62635 3823 
75638 72936 
10841 35522 
95171 69183 
59777 16554 
80468 48980 
74108 90603 
8465 24162 
80582 45704 
65860 6512 
79139 66864 
13839 91760 
6196 86523 
80720 7317 
68776 84414 
4687 74581 
19739 62702 
2041 75039 
24218 49729 
67747 50865 
75219 66255 
24479 15365 
52441 21776 
24051 96370 
82458 95311 
70736 86554 
50768 95005 
79933 28652 
36558 83949 
7516 20705 
89612 5817 
85373 86669 
45426 43226 
76818 21161 
79401 94180 
21931 83572 
33859 57524 
77335 86421 
12711 77005 
67546 95597 
27717 5382 
55716 35972 
97606 14949 
10466 74930 
46697 98917 
92474 38419 
23223 79264 
9563 99449 
59220 61016 
92285 67302 
23594 50342 
23313 97222 
77952 84401 
13457 35007 
30739 4604 
54693 8661 
99468 41738 
96329 80136 
33035 71357 
84277 74222 
16584 40913 
75373 8750 
79884 66273 
88781 60533 
56858 44620 
84752 14862 
98685 33124 
67329 62850 
25796 98404 
92109 30578 
15142 50418 
22706 46726 
58254 36300 
20355 81268 
92903 84570 
69869 16791 
6582 58201 
42210 46169 
33569 96260 
68964 25520 
18988 98106 
57277 49803 
3062 31606 
5141 59893 
86676 27382 
86396 34597 
75396 54796 
62402 68836 
63246 62186 
43070 90108 
9843 3832 
63781 19320 
84883 69174 
66702 39236 
2523 76003 
75089 94031 
44851 88663 
27421 6809 
78429 74753 
94513 68477 
804 19358 
37272 20946 
14905 74565 
75327 30448 
18431 33804 
27509 22575 
12585 85514 
53975 29696 
79952 18698 
76788 83507 
54826 24118 
80804 70743 
10980 59198 
3 58446 
21627 22146 
75696 86696 
4259 11378 
32540 21334 
49068 30001 
55887 56969 
43809 31957 
69710 61422 
50281 96336 
8209 56796 
57970 59460 
46137 39447 
38962 30534 
3054 51428 
54888 65932 
64850 29321 
21442 79701 
72301 72905 
18932 23358 
10859 95710 
48342 76802 
98474 42292 
71579 53936 
8978 82901 
41811 41589 
87415 25271 
25271 58320 
10650 15339 
39380 40961 
21714 33983 
83759 40999 
19552 35245 
20431 40390 
17179 13000 
67462 76936 
90747 27670 
6313 3059 
29601 72328 
67334 88619 
63131 8419 
50108 18360 
84085 55334 
55786 27653 
9961 75196 
57066 66368 
24214 54469 
8143 80044 
17221 47388 
1730 49967 
3304 12704 
13183 39312 
24584 44868 
32759 51235 
65024 73546 
76252 16566 
88758 81203 
81469 93750 
85643 67541 
43486 81698 
53947 71667 
15108 17450 
75169 48144 
642 54822 
39236 81447 
877 97689 
59646 14854 
25061 92103 
77617 64429 
71717 65128 
91875 86503 
94284 35122 
66470 67956 
9874 8101 
62827 12579 
79821 17909 
14227 3952 
89259 64105 
11010 35498 
79606 50789 
93005 11797 
42623 32039 
52054 41685 
67640 25185 
31962 63354 
44550 61852 
75789 64382 
64350 8510 
11159 85519 
26300 3218 
83067 26053 
56160 23299 
40667 709 
63508 19904 
59610 33292 
17821 29709 
34715 10660 
2752 1448 
9135 62115 
15979 55545 
15612 73936 
18013 28805 
93035 96528 
97526 42932 
7246 52532 
13042 75590 
48864 8265 
91237 5789 
2886 27966 
10644 51567 
84914 90588 
76204 17246 
17086 12258 
94896 20019 
73130 84029 
95594 71127 
56437 4166 
97320 45644 
87643 56980 
19242 86662 
68938 66091 
43025 54613 
61169 29006 
83589 50557 
56755 22031 
97823 13430 
56569 49787 
62491 15561 
62126 1978 
82352 58247 
75795 71568 
47402 99677 
61189 83144 
44211 31257 
53532 78009 
40464 55149 
25483 3411 
4121 5813 
7764 57335 
88998 1382 
35908 47398 
17133 6924 
44551 32663 
14930 40914 
58885 30528 
14898 58745 
39279 87408 
17662 2595 
19506 31489 
20016 15733 
41644 48652 
53895 81112 
31421 48486 
48467 59070 
76635 16369 
22932 66996 
68240 79665 
41163 65043 
38796 51399 
10974 86258 
86207 53101 
90610 76966 
2004 60051 
72914 93782 
32917 56752 
53723 37339 
92065 38246 
55159 89637 
1839 43749 
66782 61840 
94359 63067 
87990 52429 
17413 13437 
3567 61819 
93827 44622 
968 8836 
60486 93534 
42677 46922 
69544 76109 
39921 83483 
68843 73821 
35045 64491 
91162 44968 
88996 98277 
72625 66729 
87680 57374 
89476 93013 
26336 15356 
49361 95239 
4634 46794 
98384 38439 
66846 42783 
8418 33467 
51218 71912 
90501 97586 
70612 47141 
39607 50337 
32484 42726 
53706 69362 
20455 42147 
85724 31716 
1990 87947 
80872 70203 
97148 47447 
23792 81427 
41848 4493 
70052 32469 
5815 36721 
64758 26504 
80100 40241 
57387 4166 
32023 19241 
6428 77098 
36403 66674 
30003 12883 
31079 24023 
99388 16419 
12070 23076 
91155 81831 
79055 80714 
10692 21098 
65462 38896 
74891 10882 
39056 16355 
95070 37372 
38752 65943 
32504 60497 
21239 12158 
8435 63476 
27083 77033 
38025 1424 
40105 89440 
23432 13625 
6125 12744 
85037 18070 
97582 18858 
31830 63997 
59058 82911 
72065 78433 
45408 72073 
43485 6084 
68984 54507 
98818 8478 
5331 60004 
16664 57819 
67799 82539 
20534 33858 
50647 26789 
79489 7861 
57522 65623 
32710 76863 
77586 93615 
27264 93433 
45116 32847 
83469 21494 
20061 71544 
5451 37097 
56800 93593 
35842 84539 
86304 87479 
13068 92870 
22881 6942 
27216 55568 
20895 92416 
86263 77054 
49109 52296 
98227 93705 
20701 46109 
46838 84181 
15584 7884 
88361 94094 
58249 97314 
25488 13471 
69219 68763 
20514 61935 
91034 3716 
94512 56170 
781 60973 
21806 56987 
60301 60716 
69779 19188 
22526 33481 
52882 96427 
7782 33194 
66694 85402 
87436 34552 
42986 28952 
63940 9404 
19944 36032 
16085 4197 
53075 18022 
86211 21127 
1788 85472 
22142 39325 
14221 97129 
50772 99235 
98646 3970 
52529 13252 
13583 84983 
26339 58803 
30770 28544 
83247 56197 
25212 73511 
83529 32909 
24748 87531 
36890 28418 
7949 26548 
18279 99254 
73608 89150 
12860 42618 
17683 52125 
92861 68766 
44300 49485 
46300 17262 
6237 36236 
22985 30299 
17308 60259 
36754 67456 
4152 50975 
64526 70593 
68162 21802 
12587 65016 
9622 74935 
78380 13616 
25617 91609 
22155 24375 
30855 88759 
76962 48446 
66268 23859 
67765 95968 
54129 33740 
80876 39818 
30355 308 
23425 73732 
34798 46343 
39254 40490 
68536 77928 
2407 48367 
33518 6567 
92292 49555 
54392 3696 
65634 62994 
44963 63006 
79495 85854 
22414 71918 
86914 52848 
91295 22528 
22150 70620 
16267 24475 
16024 75662 
77645 17446 
33531 38500 
57064 19393 
5674 64361 
31882 88073 
35373 21085 
66445 18109 
93360 58721 
75931 43559 
84103 72109 
4197 66847 
54112 97631 
908 88896 
35369 28436 
5215 72476 
65177 78595 
43325 30978 
371 25985 
25535 98249 
48626 16120 
84657 1612 
72503 14739 
32231 29807 
82915 55624 
21506 60374 
27840 41967 
96925 86853 
99420 24514 
78650 65189 
27965 97812 
77688 80868 
4942 27059 
62233 23535 
78667 42369 
99087 44273 
96224 14721 
75364 62160 
23023 58417 
65149 81423 
57471 88563 
43388 78198 
72365 98921 
65007 16824 
56907 15387 
21098 59585 
3673 23464 
55997 40959 
83370 64239 
79156 87652 
76890 42737 
33964 79128 
88976 94924 
91978 59794 
50676 15234 
25546 33671 
28853 55164 
74357 95107 
130 65294 
62207 74987 
13971 68056 
39098 10881 
64982 16618 
20777 81721 
18075 16446 
72903 82830 
81774 60427 
40265 55521 
4748 55885 
52809 26976 
78552 2368 
49723 60756 
65606 12791 
50408 66042 
35576 57341 
66901 64572 
85652 49464 
96144 68276 
40568 86365 
52493 77697 
76801 2591 
933 71581 
92012 94634 
29705 21369 
45583 26890 
57383 30841 
29027 34905 
3936 70787 
86061 521 
67873 51340 
91321 85345 
42328 50469 
13951 73915 
71761 96161 
37740 96000 
97945 81913 
82984 68658 
68984 80456 
76944 23005 
88359 8952 
49518 58068 
62316 90480 
88704 94690 
63402 51186 
76405 86112 
65552 90276 
39350 78714 
21842 60890 
92142 6296 
49879 3898 
19880 44377 
61768 83789 
46325 47175 
25702 86083 
60251 39233 
74427 49077 
27398 36119 
82198 19226 
98354 24172 
16303 39095 
33740 37981 
31845 99590 
7211 36082 
19172 14028 
14096 90301 
32214 612 
8887 72255 
22939 92044 
18350 41689 
82270 26201 
28645 15663 
40979 10238 
24692 25036 
15466 91937 
67861 45255 
92787 16790 
34160 22174 
36876 97031 
99205 400 
63671 69717 
48588 1651 
76648 74969 
12614 93643 
76281 42613 
72980 36238 
57038 35700 
65562 90883 
83713 62776 
8315 31824 
95291 37286 
16160 3141 
18975 32093 
25806 24337 
89626 49885 
42575 59041 
60571 6094 
38621 26319 
60606 99966 
77311 52149 
98966 31554 
12096 29821 
45150 7646 
9851 82322 
13709 68038 
78437 97230 
65449 55041 
36178 35183 
95966 43774 
46939 96692 
20059 48511 
58698 68892 
76236 21257 
25740 63752 
69437 62715 
65069 2331 
42017 72956 
96108 95874 
13173 79328 
39465 23850 
55182 92538 
5304 11458 
81203 58352 
84778 64727 
3837 91970 
69009 30007 
86254 4882 
59278 6457 
48421 59927 
99346 55094 
9790 19227 
56259 16038 
46816 81855 
99518 66743 
18727 43284 
80158 28377 
68235 47118 
91055 54895 
35185 41040 
97698 19964 
30648 93591 
64712 50572 
6531 76113 
67539 42948 
21517 65106 
71017 36407 
47996 74200 
76972 13763 
86604 82136 
91487 43153 
55115 83340 
39169 75447 
96615 51106 
56532 63835 
8269 69874 
29496 77777 
26448 62728 
1066 42167 
16580 13000 
64410 44389 
6814 54739 
73819 16896 
73444 85800 
51465 20990 
32989 39451 
41403 28683 
20949 35646 
63919 23835 
40465 21480 
53107 21199 
45454 1865 
18485 32587 
82277 56069 
57471 93039 
51592 33555 
59724 96711 
67749 23375 
86628 82129 
86963 95450 
79597 49539 
47444 19125 
49447 89240 
14780 74709 
25698 49150 
54081 87023 
99488 72259 
56743 26542 
76683 90200 
34172 43305 
68780 67871 
53387 21539 
88405 55847 
30161 68824 
83441 22264 
14197 82611 
39275 3916 
97818 69067 
2159 37527 
54729 24430 
28360 6429 
68660 27488 
43542 65362 
43018 33248 
4745 86658 
92167 2540 
93362 4757 
2543 50000 
31660 22837 
17547 43818 
7698 85265 
43989 44574 
13892 12661 
99834 27680 
53004 42523 
23111 94137 
42014 17733 
40061 37752 
49108 17649 
46925 3415 
31914 32085 
94300 40703 
6169 37175 
75522 29807 
63169 43915 
11315 32674 
71593 55132 
91756 1237 
44772 84692 
83596 56771 
27939 63947 
36072 39623 
61713 84750 
21553 16986 
7816 5781 
28747 27855 
80952 79533 
85619 38957 
16805 40958 
26806 83184 
20282 35618 
36036 52952 
80395 55119 
87867 24896 
8606 90658 
85094 99462 
55979 11739 
38207 49177 
91147 26386 
61574 82803 
75902 81660 
67287 49043 
58092 18833 
22178 23110 
12588 6267 
96017 42246 
203 34876 
69699 82113 
81760 75955 
91027 95028 
19900 69282 
62702 63099 
24764 30525 
22201 54624 
51335 41369 
26479 10430 
36022 13153 
85744 28403 
67972 95438 
51 59025 
26621 34565 
40053 72535 
81187 74111 
78968 9186 
40051 29075 
26652 78074 
58410 58712 
38689 27164 
61125 9097 
73447 67357 
14314 95842 
48300 96859 
84075 49812 
2593 38594 
53578 54276 
9327 73029 
30854 60588 
90214 21555 
68729 81337 
79429 11418 
35653 24831 
50246 32231 
21589 52867 
65721 76183 
36650 14880 
39681 39374 
61835 35963 
97497 50013 
41012 13601 
7467 80793 
61188 8595 
13121 97325 
54156 99319 
34330 92305 
66755 5255 
20852 55945 
89290 75727 
35786 37228 
2025 82783 
18360 57637 
98252 53406 
25611 49310 
69048 25502 
80709 2900 
89657 14613 
62030 26980 
30312 33809 
51573 40400 
25375 17958 
23891 41816 
73816 65354 
97440 26443 
11340 24629 
89096 49118 
89882 22966 
9574 64873 
23733 52789 
12544 13476 
13200 8440 
63515 52782 
36523 91799 
25860 87227 
8630 86348 
70854 82437 
41408 32900 
6178 4688 
4275 27005 
83081 74795 
76153 98000 
86228 80062 
345 22734 
32239 45012 
2352 73195 
3013 21892 
7322 96563 
18180 25327 
98625 78685 
7328 1978 
91939 47506 
77170 95725 
60268 31702 
81388 41621 
34503 1561 
91609 97747 
21366 84112 
36840 3111 
26058 62567 
25641 31862 
40391 41316 
90413 99324 
58920 82063 
96417 63774 
15302 94098 
39474 59339 
89091 92287 
15764 90068 
19150 20058 
84765 12953 
74067 71452 
62050 38569 
72221 36277 
72575 81995 
14565 35455 
66983 3826 
91724 9843 
53620 91316 
53671 75136 
27132 43090 
85028 57887 
80888 37359 
11935 83253 
74924 83194 
77493 93772 
93729 77194 
61925 40287 
68884 13716 
90881 1063 
60441 25904 
70756 53244 
87887 66813 
13376 41936 
76629 75226 
64110 66577 
39187 9133 
27231 31649 
41590 71318 
90259 89373 
14981 96172 
85055 35731 
60004 14561 
87612 7947 
57289 64488 
50744 71523 
41188 69279 
84303 77987 
15897 62149 
46098 20700 
93177 96266 
83323 15379 
9145 42809 
69112 84444 
33906 46010 
11730 29869 
22319 73811 
74970 37877 
66749 75515 
37438 70687 
3405 33690 
35762 65410 
92689 76590 
82104 78288 
40985 99484 
19929 83657 
56376 28529 
83639 61331 
34033 49237 
57454 83529 
48350 13032 
86839 43064 
88375 30081 
81822 48178 
10684 54294 
65674 46231 
99580 67291 
64759 28409 
18316 72129 
5725 10651 
7054 14706 
84763 82216 
33336 61032 
320 62615 
29087 71903 
95446 10068 
54500 33063 
38838 80231 
13643 18516 
84707 42603 
9221 87449 
90745 23868 
64631 41087 
40742 62351 
60323 94786 
13841 25829 
28442 52850 
65914 66150 
24802 8744 
40253 58405 
50513 31826 
4496 99867 
26877 43155 
18682 24440 
36681 27627 
75301 22095 
32592 77381 
16423 39555 
79090 12357 
25223 78441 
38222 77844 
9674 170 
31426 76005 
44687 93063 
9776 48628 
15642 56463 
43238 91713 
11047 9085 
95829 49015 
44973 34402 
88111 1312 
50927 34541 
60977 40870 
78018 76008 
45465 96529 
37531 75478 
12163 53757 
93441 91964 
20725 96231 
63939 62869 
15150 80672 
2699 45736 
13661 45122 
58395 4967 
23403 42291 
68901 13324 
69626 84266 
32618 21748 
66635 82620 
13567 87806 
73489 68832 
79132 43080 
71310 83938 
39789 22794 
71007 33461 
58647 77260 
10333 13924 
25335 33958 
27414 30624 
43505 81559 
4227 42856 
64184 2752 
57992 92391 
8189 91411 
21034 93784 
60027 51486 
90378 90965 
82943 89903 
47225 13543 
241 83879 
43387 98416 
11479 24181 
26880 77528 
63852 10241 
32110 70959 
78824 434 
91390 66097 
42007 1416 
34052 8205 
299 14093 
26973 75506 
74467 40637 
76080 62752 
87649 96869 
52245 51257 
30634 67426 
26936 517 
33352 87301 
3121 56761 
88634 32679 
5097 37198 
79105 56417 
47319 15195 
90972 9084 
36732 1256 
59518 45188 
75721 87454 
80261 26005 
23535 98801 
37021 95384 
42857 74081 
43564 22975 
5186 80789 
69006 80486 
53791 54065 
18840 40942 
26216 37904 
73215 68301 
19660 98412 
42027 95407 
42041 73527 
82395 71903 
29137 21354 
38273 584 
23922 30168 
4229 70561 
8082 57111 
85823 38746 
47627 69776 
27566 7275 
64658 75086 
6091 93875 
75552 33291 
40957 94576 
42154 71380 
58420 93763 
67080 29850 
54524 85225 
26803 99527 
43056 29718 
76920 31016 
41162 89447 
82854 28332 
40845 47992 
26217 70450 
38110 45347 
12153 39704 
43167 32093 
56189 74385 
74885 74149 
60518 4380 
50630 20111 
99041 73313 
18609 76894 
18155 98424 
44039 26196 
25955 70274 
52742 54239 
86392 48395 
56144 60338 
56886 66121 
30236 55997 
7994 18072 
97694 65585 
41961 67182 
67118 92066 
83323 74630 
16316 16835 
49214 25676 
67532 61379 
19606 97159 
91720 50351 
18459 88296 
96242 80513 
85588 15407 
95756 18136 
66036 53346 
39627 18609 
68824 91651 
70839 86303 
50210 61812 
21161 70237 
57874 83573 
5254 21590 
31989 72773 
62418 22847 
96680 51047 
8856 35159 
91123 98527 
5601 443 
83382 94716 
17682 77811 
82046 99842 
38617 90127 
10832 39243 
80999 5768 
39538 66697 
88717 83156 
71088 99155 
9279 61155 
68863 34927 
75704 87138 
71140 90138 
86655 36333 
80148 14156 
40740 91024 
32136 73691 
76329 16206 
51778 27392 
91760 89530 
69383 48028 
72491 17661 
32561 87708 
31506 98625 
75373 23119 
77229 70276 
17440 62362 
59202 18735 
53114 42750 
5969 7423 
56504 99779 
61882 27296 
72023 41515 
49949 61930 
82081 19760 
36394 7301 
43653 49600 
49249 85427 
63664 92333 
8081 43477 
39507 83282 
54882 35515 
25437 55609 
37167 42741 
98227 84010 
83484 99913 
86177 48061 
28864 60566 
94397 93964 
93084 51710 
6293 55597 
88209 39903 
66249 80998 
33508 54864 
51751 98828 
85642 94298 
24517 50826 
49903 64097 
9687 10916 
24364 91847 
89730 9380 
42911 88321 
15431 81393 
25456 21629 
30178 63197 
14004 11735 
75743 66353 
71810 49250 
97845 70746 
49503 91731 
98005 90386 
76858 93149 
84558 82581 
21780 77761 
60145 90662 
69133 78309 
45626 33203 
11178 20293 
81054 78556 
8676 48995 
63225 72535 
77152 64002 
76260 19188 
76290 47180 
46807 49886 
32154 44337 
8636 54288 
1676 88292 
92791 88308 
96768 31603 
68890 18766 
21459 90916 
50801 12229 
39621 91702 
45618 26377 
83108 42105 
68720 16252 
30582 57669 
69675 24881 
35789 4929 
13824 88011 
60761 31144 
42640 46073 
74145 99907 
92264 22989 
7831 57927 
84129 1094 
26032 16966 
14154 94156 
50176 46747 
57729 96391 
217 39561 
76546 64357 
58401 25398 
60322 70738 
35067 87601 
61536 54307 
17694 53362 
84548 78689 
14226 10820 
71787 4107 
59582 35090 
89200 70872 
40318 89239 
50724 91161 
6572 3050 
37285 46503 
82665 22343 
59664 92380 
58213 64704 
86545 78508 
40063 13642 
9163 3578 
72086 32548 
42185 36659 
84613 82223 
66817 53936 
18225 81353 
6579 59097 
77627 57966 
88817 78439 
10516 1751 
85724 47643 
73630 42035 
47493 36159 
43559 44304 
37202 87287 
53470 39314 
52132 87290 
88521 73202 
69419 15239 
52545 94397 
85330 66822 
26496 73725 
26881 89943 
75172 87806 
2141 17735 
22895 82609 
21283 35433 
11120 74046 
64287 71620 
71357 35462 
93168 61432 
95295 68164 
6710 89603 
60730 50367 
13919 84580 
76626 12434 
58706 1469 
43607 91815 
62866 1177 
87146 79815 
66929 5880 
9956 84101 
39251 86841 
27290 95832 
92520 19568 
94344 68341 
93836 23470 
8428 85503 
79631 88405 
70279 22225 
89905 78884 
18643 76961 
17603 98228 
10181 86673 
28440 89563 
2778 18423 
44070 48329 
14505 68515 
97221 21847 
72758 90123 
61257 75469 
38518 13346 
28628 12008 
89206 17870 
62723 41347 
70261 67695 
75907 10570 
80376 19863 
92839 21378 
38202 74646 
42663 81277 
89407 43401 
86241 57691 
52098 72049 
25344 30095 
65923 73138 
59537 64236 
5581 87473 
53491 64641 
42984 17513 
52539 96883 
93990 49031 
37514 9428 
65419 5003 
41271 26411 
25949 56218 
58748 27315 
60544 46838 
70028 77269 
32226 79911 
61585 22564 
67279 47815 
74752 20013 
377 85659 
32408 25869 
64697 71855 
94985 30299 
88688 99419 
75129 86784 
65998 93948 
96670 52319 
97941 59864 
18071 23904 
68939 95113 
53065 29591 
4516 26415 
11977 8217 
78734 82031 
56027 90962 
83336 37125 
3896 79998 
44429 37974 
54951 4749 
74179 35574 
96725 24659 
74781 36690 
45607 38881 
69879 10892 
29168 57911 
24651 75867 
56153 89949 
29915 20079 
35871 95669 
67925 11822 
2594 69047 
47913 86731 
72513 9058 
97977 2066 
10936 57295 
26581 95341 
15599 89926 
21701 87367 
28323 68943 
38585 25296 
71744 77253 
38110 69973 
70398 84933 
76883 93723 
56196 19846 
17533 69611 
77176 44819 
23033 1316 
25361 75708 
22422 63926 
74681 9938 
86997 289 
73121 73475 
35770 44990 
64616 35707 
96945 28598 
25676 86309 
88184 48515 
89332 15962 
42586 79564 
94705 93641 
99604 37425 
44364 87203 
528 1048 
73592 31149 
76688 46418 
35795 5653 
95203 43311 
86495 54370 
31893 19160 
4716 35016 
73850 99702 
25015 66330 
15250 94754 
66049 7827 
99087 9319 
32238 84577 
74859 25122 
33997 48280 
87584 15776 
18909 48032 
87116 29946 
31385 69426 
48347 1218 
21508 89010 
22688 20796 
5163 82636 
99138 39735 
36992 20845 
39253 51105 
95326 82219 
64538 39297 
93969 16470 
17016 73612 
29536 93075 
84176 66371 
45070 78370 
78027 11928 
40685 94289 
84631 72343 
90284 25289 
55302 77855 
29688 56547 
93533 65900 
66019 46079 
2779 91109 
20761 56268 
99368 500 
59661 96083 
62103 83080 
81452 54340 
85514 71078 
34394 36449 
27286 91269 
4685 52353 
92011 39133 
74041 41757 
73225 76054 
75092 64221 
83590 30323 
82697 26355 
39117 16403 
66894 66077 
27479 73720 
98924 64790 
82776 66205 
45596 12341 
9482 76863 
9265 6733 
46873 77834 
70759 30847 
41881 55748 
70842 11777 
3106 24594 
22123 34913 
41635 63895 
77817 54508 
65328 78695 
96341 15256 
82433 89636 
31465 75238 
87636 26391 
46583 99643 
49082 15759 
98632 76783 
88448 26918 
62296 93150 
47771 60661 
68351 92691 
66576 46883 
11358 36943 
50704 45129 
41366 77298 
311 26738 
91918 48462 
78648 53913 
12341 93001 
45542 60982 
66169 30893 
49873 86217 
29518 95157 
73914 98722 
73325 64825 
49033 14253 
41585 39975 
17054 96258 
44077 19983 
94489 93998 
66528 65813 
7868 78300 
63777 49928 
7586 97297 
42218 23246 
34932 89486 
56630 57608 
12411 59448 
43520 54327 
50989 42824 
88149 44659 
19537 61411 
75669 46401 
1574 96706 
8147 82340 
72274 90791 
78689 10886 
64772 17135 
81529 67000 
58946 50718 
2619 62391 
18136 6802 
79143 47958 
19697 10776 
38317 98589 
73767 7651 
25969 40694 
1358 19127 
13590 6197 
47593 8591 
28898 63244 
38882 19955 
89443 43500 
53833 14963 
31373 58675 
66853 45379 
16183 74765 
40694 61437 
67162 91551 
89609 75985 
34168 56968 
8290 74954 
10518 31264 
63472 89096 
28951 4208 
74812 19371 
45003 60130 
69612 38944 
75595 80204 
81963 78433 
98229 69133 
81053 37863 
31915 94268 
55673 58733 
14797 29222 
52352 32663 
65421 1135 
63109 19279 
64684 51030 
85443 95311 
23723 30054 
31991 59326 
9356 70925 
50182 72070 
83162 93517 
23244 21105 
72864 26274 
63104 60225 
35442 51031 
72981 89087 
90197 7813 
52895 6554 
97016 28312 
44853 92438 
30144 2013 
66116 46662 
51001 17292 
58767 42277 
14952 61333 
91672 29344 
56380 7340 
86994 60413 
84022 65251 
7562 95090 
84266 23078 
33684 81176 
73923 59961 
78412 2902 
65987 69184 
38795 32985 
11990 89634 
57310 24536 
62759 7577 
72466 31309 
45766 57122 
70462 50331 
91707 17370 
10835 39649 
55550 77008 
88181 75754 
68019 12983 
9326 80176 
22331 8882 
10727 62802 
47968 20808 
14421 687 
48360 83742 
22510 95409 
82600 39819 
79926 29498 
52630 61403 
93177 72993 
16829 36504 
78755 74923 
88532 81813 
29097 11277 
93715 49533 
26241 50987 
55950 98159 
3749 44545 
48693 4528 
55991 35997 
5063 4659 
20552 48452 
3514 64347 
14308 95626 
54113 96924 
86626 27536 
94658 65256 
64180 27148 
68413 27795 
1023 36583 
96007 14387 
14870 6459 
72862 46523 
85921 29967 
20507 48876 
18110 44525 
95215 34203 
14322 58119 
10628 82065 
96913 84910 
62402 73347 
12744 55263 
52344 87159 
98034 99003 
97133 14476 
42440 87562 
72437 93736 
84081 60607 
87075 27639 
87658 55797 
3864 97492 
6292 6515 
23859 51735 
4446 71752 
28964 8616 
24002 14723 
34177 79538 
8533 52416 
35271 89184 
61814 56910 
50249 41310 
5788 1157 
43693 54965 
20482 6840 
91912 74895 
93784 70002 
93830 42028 
82528 11313 
57601 95186 
87976 22177 
96189 63539 
78609 55316 
46494 851 
51004 39026 
86066 7142 
5646 78008 
59072 81215 
28657 40472 
38862 48308 
12736 21181 
48381 11182 
20983 13139 
31595 80059 
95851 16840 
19237 47095 
42087 65299 
60373 84433 
67358 45539 
97659 61412 
47121 52761 
48603 96100 
91361 22122 
17788 79110 
29981 44865 
5683 33516 
882 90491 
98557 3684 
20231 24699 
20966 97996 
37903 34068 
7378 45645 
32767 42702 
2739 66112 
82282 33568 
33112 91407 
48735 67773 
97003 25789 
60556 28737 
15594 75451 
31224 5046 
45803 31509 
50649 65689 
3964 43659 
4244 74457 
69880 78992 
23502 36491 
41085 20697 
48509 69246 
85419 24769 
87634 42624 
96303 19363 
92535 38545 
89643 1014 
27660 38973 
93821 54763 
2578 63175 
75027 1042 
52772 39979 
8949 51225 
99915 18817 
56902 35856 
96208 94596 
29495 54824 
58998 45667 
24207 87136 
31709 61696 
4572 89437 
64981 68740 
48153 7064 
98003 42554 
28068 19178 
34148 37960 
8576 40363 
47309 52067 
29062 5147 
25759 82163 
22734 68960 
58888 35338 
66449 69351 
98810 96168 
86315 4643 
83658 61265 
50027 3698 
92250 5049 
61429 80123 
10884 49783 
35326 86968 
32150 74753 
71341 13874 
72957 14390 
64439 97623 
94351 63204 
86712 49152 
29284 26612 
50122 35383 
76096 31026 
13123 92577 
95303 34029 
25422 89417 
55177 56037 
14629 2680 
7631 88514 
6110 16082 
40097 20651 
33132 3790 
41368 66334 
38175 14065 
39770 66323 
88318 25664 
20581 86725 
27652 9845 
6279 34180 
67937 94244 
87957 60617 
75040 91345 
29196 35991 
43180 23937 
24673 26126 
61589 52681 
84991 24590 
68937 86798 
36469 52457 
59708 37887 
70039 57923 
53678 59023 
46969 18867 
64768 96518 
70741 75838 
8740 70131 
64237 323 
70567 89005 
49280 33769 
11784 5223 
11604 16492 
35711 4671 
48519 62444 
44174 35720 
38772 25715 
13192 80290 
44568 47778 
87066 78962 
54213 70590 
40421 32069 
518 50068 
85948 12062 
44882 6820 
11974 38972 
99883 6645 
18417 90403 
74252 71956 
82335 40243 
63239 87124 
24945 46174 
74696 75681 
70885 35045 
76592 95376 
87414 67328 
75217 18272 
66410 97091 
84990 37396 
65163 82358 
30568 68886 
53394 42161 
29885 99162 
23337 1284 
42742 60302 
7358 11401 
33774 3674 
13290 88228 
90880 81769 
31517 58284 
60617 41273 
89809 65993 
10595 76597 
32014 52137 
5571 92407 
74926 78004 
88728 76128 
54004 36114 
92528 86972 
3088 58031 
64563 26729 
25847 2503 
83003 69370 
7440 83069 
53503 91458 
83677 73277 
24859 63433 
31998 9767 
34230 33024 
73617 98754 
94402 56343 
79471 19800 
65364 9701 
53900 12278 
10360 45689 
29499 24574 
22637 40824 
44164 3794 
23253 18816 
87071 4654 
72596 23511 
94190 223 
8684 58582 
45896 84303 
23846 7258 
69342 65519 
18043 94696 
76482 66528 
21865 58034 
74978 58300 
65176 44738 
73695 79020 
78383 68532 
67097 9942 
52490 14042 
23562 6378 
51361 96203 
21494 11033 
65051 48552 
74088 9012 
16575 35728 
58676 19073 
86164 59808 
19843 54109 
96826 57551 
46812 25302 
12961 66196 
35094 9059 
39783 69131 
29988 43571 
75507 19604 
15241 72728 
60487 80539 
54020 9117 
87954 11630 
11329 44969 
89519 81056 
87099 158 
85234 78472 
67394 59763 
92861 58395 
57536 20175 
23828 48645 
95417 32380 
54452 17204 
55864 3799 
50124 2678 
47647 95948 
37467 78478 
73570 34166 
64864 38906 
71053 27827 
65318 66528 
75714 84651 
37215 64523 
53683 91172 
88418 15148 
29717 22859 
46964 56021 
97688 42077 
27700 49613 
37564 39772 
58370 58161 
78779 77696 
10912 26157 
43699 91940 
54167 15620 
76875 25724 
42719 35572 
15878 69600 
83253 56443 
87723 635 
74603 2556 
21240 28629 
567 71455 
50239 77060 
65601 37467 
44867 49198 
2680 58766 
49351 55705 
49873 22113 
23091 9050 
87609 27509 
79096 22196 
52141 36226 
88827 84259 
92370 79951 
75743 24235 
16988 56252 
51184 15380 
86789 16127 
55712 17466 
43058 83100 
56623 1884 
27084 30122 
18046 55445 
38149 80504 
3938 12749 
97734 92157 
96203 24084 
36238 30613 
10307 26120 
95153 35609 
68945 45992 
42431 38476 
50698 35915 
31679 93111 
65069 5071 
96870 42042 
17882 88269 
63400 50868 
21771 66779 
73611 9333 
75320 35709 
70330 15340 
81379 94447 
55471 29411 
202 21954 
42448 11412 
36253 87029 
50892 28800 
38888 35227 
50122 56222 
56588 88693 
43801 69991 
22020 92962 
2424 77757 
60908 45628 
92514 13672 
11583 45813 
21865 72374 
14001 10470 
18672 51329 
77165 13842 
89050 20390 
62073 19730 
52252 39851 
23686 92784 
35782 3867 
39873 94612 
23642 94784 
17872 93275 
90123 95746 
9573 40628 
18815 23883 
85720 938 
1934 14466 
16149 46377 
38607 7580 
78244 70210 
2394 63205 
69041 6896 
28124 58031 
27738 89816 
76042 97887 
84853 21972 
67278 13374 
41858 82759 
48825 93100 
50864 44790 
38489 48840 
7747 28738 
20695 57 
94105 81336 
12549 11348 
3512 21867 
96249 15747 
65781 65915 
18674 9242 
39277 1600 
91948 7409 
75791 63195 
89759 13800 
75112 19739 
23411 61485 
37118 72163 
98848 54154 
88084 31434 
1314 51173 
4862 32376 
27839 12267 
85698 23039 
89406 41735 
19659 57911 
34435 49608 
88002 14743 
3146 77695 
90284 49392 
8360 22157 
25613 849 
52505 21071 
75166 59490 
32851 65391 
25931 15592 
57407 34770 
47622 12291 
92455 55892 
84812 37400 
89371 30311 
54534 1912 
93126 81198 
45962 69470 
17830 23985 
3268 20769 
85652 74574 
35312 59566 
64668 70622 
36585 92872 
8428 96303 
22651 46916 
95477 69084 
80306 12554 
90578 68167 
7778 49116 
1057 58639 
73512 14008 
81465 92748 
53429 26909 
47676 50346 
16024 22043 
97569 14185 
12260 89748 
99588 62601 
92951 59428 
2790 2042 
20148 30027 
42359 54978 
61055 11225 
63158 64907 
53059 98871 
60476 79504 
6704 71509 
41986 25383 
69779 61371 
47787 93523 
10177 22847 
26468 13099 
87742 94167 
54272 3265 
76096 23951 
1750 57387 
64242 13252 
97663 32288 
14733 5864 
13480 86260 
80290 44908 
93426 33909 
83976 2107 
84859 63341 
49375 77644 
81637 91782 
26706 63143 
79203 19375 
98398 58045 
54236 77761 
63359 30572 
24037 59966 
93052 18408 
11209 61174 
24431 71437 
37731 56188 
4902 49062 
99189 88669 
32704 98038 
24702 49697 
42437 53271 
11008 78762 
69943 23629 
30188 28993 
93359 47590 
49697 226 
87841 29419 
70614 58479 
50375 95584 
85475 28464 
47974 43230 
80568 66935 
17756 87795 
59217 99016 
529 55237 
42401 27080 
20930 5836 
10932 2319 
36580 21155 
89463 82831 
66371 33526 
36766 88881 
73662 28278 
98992 5919 
24061 2934 
3036 79005 
59421 24756 
15681 88502 
29768 88232 
70825 96191 
3109 37505 
71923 3404 
29437 85254 
9636 68375 
69671 29127 
95759 88630 
12929 39637 
3636 66136 
96207 69251 
22548 37797 
9396 11453 
79005 72007 
15572 20668 
51362 3119 
41540 89196 
5885 41 
96875 65663 
12134 42584 
61041 91049 
53478 9767 
37636 22921 
34571 67976 
12401 16295 
1779 83680 
67388 30419 
34843 75364 
97480 34768 
38472 62394 
47470 94668 
61070 64715 
37989 27242 
94513 56621 
76781 31714 
63616 80259 
58203 14647 
96895 80093 
38266 50292 
81216 28263 
35158 38998 
42130 72581 
45895 52501 
58936 53832 
88604 83921 
18952 7150 
76905 52414 
39000 83396 
7975 47694 
33764 791 
99064 38007 
90485 64521 
38639 6655 
17337 72560 
27727 26783 
68904 59675 
74704 31903 
16285 18386 
72448 90511 
21698 75597 
30630 47156 
97820 96668 
57919 49438 
80644 34913 
88928 40679 
21322 43808 
28994 61390 
7201 21628 
46203 69147 
55216 63831 
74563 56137 
81805 57149 
4807 16365 
42688 61217 
30053 90424 
53136 88465 
82372 94703 
44755 11094 
43309 24048 
88364 95138 
36483 2163 
14190 85931 
13626 42377 
90391 46737 
26761 72954 
78839 82875 
38699 75707 
73112 67357 
61622 84470 
37827 20868 
29256 90833 
10703 88870 
1970 8560 
99183 1679 
76130 55242 
1954 99533 
19101 19983 
12385 54014 
79558 99304 
15664 19617 
29075 99941 
74357 4813 
75449 26863 
8112 60674 
50827 97568 
12419 46902 
18396 49606 
28615 50100 
60275 37283 
72714 97127 
6202 45618 
54208 27627 
37705 84889 
67626 64107 
55686 67492 
19426 45378 
30678 10301 
60704 69764 
64514 50409 
32247 28147 
79745 9813 
92607 93753 
18859 95555 
92171 75518 
79223 75772 
76588 34936 
31612 29283 
51484 12484 
70304 26571 
17026 9048 
20949 63402 
85695 20193 
88753 34834 
29535 26697 
63991 6984 
64185 3477 
14478 16693 
66150 20819 
85332 5085 
37066 76786 
95216 70049 
74114 17754 
65216 4766 
79276 75179 
41624 74700 
41786 71069 
77096 73803 
57922 22017 
16016 92233 
10173 2274 
89373 22481 
13885 9983 
62034 28569 
53611 17559 
91059 3864 
73708 77084 
47501 47050 
58112 94721 
26147 92924 
32775 84272 
17738 44960 
50884 59386 
46428 69924 
75803 26315 
81591 31372 
59546 94700 
17556 58451 
25662 32579 
77456 69209 
4555 53597 
38091 93477 
36536 39340 
91548 69407 
53354 67819 
56314 19855 
72436 40273 
25690 50086 
89764 72801 
94559 46622 
37097 46778 
36888 98589 
77129 92571 
15841 7516 
46255 14746 
95951 99321 
18732 53812 
92542 3089 
58334 19443 
37430 15236 
44005 23221 
61911 24808 
4548 85126 
98132 35895 
74035 87297 
78167 86535 
84444 1053 
66487 29972 
44889 18721 
95941 13778 
17893 80504 
90019 65093 
92278 98443 
44842 66103 
69550 44474 
13200 82917 
26067 87633 
79919 93091 
86797 36672 
42945 42327 
48154 68639 
17751 49246 
17178 1460 
64011 68641 
92221 99070 
92978 18231 
96360 81384 
51581 71723 
88897 48178 
94995 21822 
22611 15925 
53274 20884 
84817 9650 
69606 13984 
58833 48125 
37872 89473 
69122 9968 
95379 85445 
28148 70717 
33010 7039 
85896 56471 
69495 29168 
94065 68403 
99109 81956 
36060 94261 
62827 42110 
41239 37921 
11804 82408 
97250 66096 
29037 63647 
97838 92547 
50146 88618 
15177 94402 
77448 76082 
65528 82663 
12836 54213 
44994 29557 
44455 17594 
48103 89034 
9755 39622 
46191 33583 
23242 83048 
94769 70445 
1062 5383 
59521 93376 
36576 13033 
99092 72318 
81121 78268 
19478 82630 
62436 96536 
19642 27980 
29525 28100 
80853 16592 
47246 37635 
13329 9183 
76480 18167 
62863 68783 
66477 61600 
97462 7558 
54817 17111 
39385 43822 
17386 60793 
81535 53609 
35896 85192 
28807 25513 
53653 5769 
34771 4914 
71672 72811 
62008 44315 
96686 71948 
80415 60155 
90180 94189 
31984 33342 
83357 57267 
32826 80624 
16712 64085 
53639 67041 
34939 91192 
18342 25854 
17949 10454 
87250 1681 
56999 60489 
45976 35003 
91316 920 
4129 61787 
5024 2132 
18925 10631 
46821 45976 
97994 41685 
75546 38753 
2929 86532 
53647 66779 
70565 16265 
7516 57016 
92480 86226 
48762 40448 
44895 80128 
3715 54308 
40912 3791 
29811 60745 
84967 59245 
6949 4136 
45376 63642 
79560 77038 
25053 64279 
90801 15620 
2718 40916 
94155 99427 
37368 79694 
49711 87482 
77283 49105 
12453 82934 
91523 7813 
98141 81906 
46647 26561 
68712 28635 
84294 11941 
13588 68673 
16306 78537 
15882 64644 
43233 27723 
83228 14952 
19333 56384 
91781 94815 
32622 36847 
38937 21148 
42011 80553 
25403 28073 
15295 22256 
90462 28185 
41472 39048 
5650 26255 
48843 48998 
91514 46626 
46341 17960 
59723 33355 
19709 39857 
98536 83014 
56424 45732 
13462 74058 
43705 39909 
6928 63826 
82423 57788 
30887 34461 
86449 89137 
74472 82436 
91724 13167 
55213 62871 
82251 47250 
66748 19461 
51262 19820 
98600 53563 
54952 39850 
84289 11910 
83468 50176 
52904 1393 
69247 20078 
56243 71490 
76336 53654 
18698 40168 
65987 64890 
10319 77493 
13601 97738 
74822 2636 
60000 50095 
53765 94637 
16068 94265 
35744 65021 
3921 73301 
25159 91246 
10086 92566 
68966 63961 
46568 18913 
1772 58183 
64199 46096 
69782 98767 
39370 84305 
72265 53900 
59975 84200 
15614 56874 
69358 11340 
9495 26013 
88046 45654 
47221 25383 
22249 92341 
3185 84791 
85358 55614 
49031 76590 
4119 44682 
37238 28935 
54655 52630 
25864 40375 
75204 73125 
21437 49063 
32213 97342 
98317 1364 
74321 64052 
12328 59263 
94838 19529 
64071 83737 
37441 80723 
83022 32131 
22140 85117 
97392 11583 
38926 53710 
26699 37666 
55108 89818 
84076 57684 
8940 85641 
3581 11416 
16989 11023 
14130 18629 
5554 14401 
66120 2282 
87501 74590 
79428 79139 
45063 3926 
22194 75339 
46380 18174 
48626 53503 
19029 56725 
21058 70098 
27290 57741 
16588 16999 
51556 67290 
71817 39582 
48106 88893 
50605 65217 
75331 60510 
29193 20598 
8583 79666 
80654 64151 
29932 84246 
6355 10624 
71436 36418 
5976 78955 
10923 50208 
99561 51669 
67827 49468 
15235 94271 
23255 42257 
34391 46526 
93304 50117 
42521 63991 
17481 36303 
68343 57783 
85182 35687 
6464 53373 
12308 904 
9536 65000 
97390 44228 
4729 61378 
32003 72738 
36302 80437 
13805 85534 
61148 36134 
12154 26068 
27433 48725 
66087 60098 
47767 21407 
52323 80352 
37842 80862 
47014 22657 
29061 96980 
19088 15131 
79400 97943 
35366 71959 
594 822 
28001 86341 
91729 84995 
73340 73407 
19380 45939 
57976 63188 
12706 80317 
62529 46199 
48217 69806 
76613 29726 
83439 50721 
69481 71629 
61258 79258 
79992 20277 
47498 28050 
56847 4164 
83083 78737 
75430 82840 
29149 7378 
81137 91965 
58539 94790 
60739 89622 
362 32274 
23099 38466 
75615 34697 
78483 38835 
71370 17524 
41738 61674 
88613 42138 
48761 16900 
64524 84701 
67990 32813 
13887 37761 
9025 15198 
56225 10976 
79064 967 
95412 57577 
14451 20510 
96697 16549 
19471 35350 
62445 27040 
77381 23284 
42358 41113 
59755 41857 
26551 33729 
49344 12870 
60564 84718 
8941 35519 
90257 86499 
74184 53868 
91490 13441 
21713 75526 
64598 74014 
65801 62723 
76904 55247 
66345 94431 
17818 60533 
89014 28712 
90616 36428 
44390 78206 
2500 81858 
47089 48462 
30355 34025 
78156 78759 
33383 29314 
4411 68142 
55841 44601 
6971 65580 
13136 34673 
97846 52466 
82825 94778 
58260 48140 
28349 93898 
15292 24649 
67854 43912 
84449 25690 
63017 92601 
44938 46458 
43534 54310 
81714 46098 
1772 21107 
23753 32497 
89049 29367 
31583 80368 
20130 92019 
38709 17871 
45708 45021 
31412 44480 
84031 98164 
59263 23357 
12281 24921 
4756 25184 
5915 73820 
4616 87239 
79899 34683 
7632 91409 
29626 47107 
74248 57943 
91264 95643 
71718 97901 
41386 96445 
95264 66596 
33960 43484 
50473 12752 
29120 48955 
65062 23679 
2610 82136 
59219 25451 
37394 83697 
92822 8890 
89653 8337 
25186 17100 
90223 27652 
68359 48369 
89511 7238 
88538 99431 
79031 57307 
11834 98422 
25899 44460 
20400 54274 
38012 43770 
82845 79889 
37059 4973 
48896 30106 
54170 4273 
52421 32290 
78669 54209 
9224 77332 
84296 47978 
66424 81894 
29204 21777 
58765 28931 
76151 28961 
53875 42853 
7512 33192 
23259 58107 
16120 44276 
58736 95538 
37360 39990 
65062 69593 
50603 39976 
98637 11215 
18734 23638 
89483 6245 
53409 13000 
79088 17213 
90643 73608 
30242 77562 
36413 21795 
16674 21713 
95204 65033 
80039 41775 
25755 43585 
49766 42301 
77758 86304 
57273 98159 
50828 41164 
40241 7434 
82810 92027 
24906 71180 
18340 27101 
94751 24944 
30520 81714 
2506 93146 
68700 38266 
59037 36739 
83553 29601 
37467 16991 
37004 58546 
63814 3826 
39018 15992 
26436 15823 
65879 52653 
25746 90806 
5283 35504 
2959 50898 
42455 98915 
32009 43976 
48423 82623 
32351 14644 
56733 33937 
61980 82186 
18069 39947 
79824 80374 
3610 47024 
24551 44581 
87428 19509 
42873 15350 
75823 87258 
14596 64379 
67221 32578 
63944 38810 
20091 71111 
17092 62818 
78339 88318 
64393 31620 
53707 3507 
12422 82419 
92942 46707 
65765 29178 
63849 50191 
61378 3701 
78801 76096 
89389 54226 
36889 24325 
73359 14485 
6626 90805 
50320 71193 
89935 75184 
86307 25944 
5161 69148 
86640 68721 
1913 91853 
11878 54515 
73797 77268 
90132 2009 
66411 59806 
24369 13838 
87482 49186 
29335 51626 
13591 33266 
96915 85844 
53686 98444 
81017 80415 
73400 11231 
13481 65144 
6187 61737 
11058 95147 
77373 30058 
10145 95855 
45449 99927 
70771 44554 
21277 10505 
24212 45005 
60351 6821 
99679 10392 
35863 22098 
54654 81651 
91031 1117 
50752 73159 
38004 52744 
62400 55868 
17628 1894 
79131 59122 
59466 96453 
63999 96729 
84660 13047 
60350 298 
75599 97081 
97154 73427 
95825 67056 
29071 64001 
81187 10972 
61660 88685 
38990 3472 
54348 33642 
85752 76391 
64253 98577 
26111 82524 
92439 47372 
25557 2645 
20882 77926 
57884 59225 
83175 26247 
14579 16774 
94934 75388 
47866 68373 
80907 48541 
81717 30713 
74908 27399 
65837 95841 
36047 51844 
66513 16804 
20070 25089 
85180 36538 
68214 69588 
70626 4559 
27599 53337 
44032 64443 
97003 33655 
87347 36552 
99735 46076 
54979 65089 
21397 99681 
56416 46353 
14452 27020 
23053 5900 
63827 76722 
16400 46362 
28167 29927 
56804 44764 
19909 67911 
51896 38469 
64002 17552 
82218 2238 
79863 53744 
57841 85401 
64116 43435 
94222 47770 
12632 74645 
68178 5666 
9618 25650 
5574 75332 
28721 94441 
21145 79975 
36584 26664 
77880 68854 
62771 51393 
58464 82034 
1687 58455 
44514 82852 
41872 28426 
80686 71605 
75958 57009 
60204 88634 
30651 99187 
5959 12706 
70195 95356 
37049 61482 
69133 31592 
4483 4873 
20530 29277 
51733 9198 
44397 55479 
5930 40335 
87685 94825 
33708 67400 
62046 26025 
2072 25033 
48408 1790 
69096 11968 
8505 39558 
91907 26338 
82626 92275 
80091 64024 
20149 83415 
41529 35387 
84822 58489 
64626 87832 
307 26473 
56022 56906 
53151 38929 
6054 7027 
50125 82003 
85631 64427 
34813 37069 
87626 89536 
4324 99484 
13490 83776 
31201 31708 
71534 76614 
87861 67023 
97156 92739 
91325 73118 
27260 56349 
34510 31014 
61230 49774 
47055 84127 
19026 7067 
33381 64679 
63322 89683 
68669 10279 
87094 60988 
94387 42135 
80626 49118 
44246 88218 
82683 63555 
48680 99624 
89374 9823 
11398 26425 
41277 28809 
25070 90549 
34432 72491 
94877 17461 
4075 16207 
68441 65956 
11304 99138 
28557 25848 
22363 79269 
91183 37101 
7811 86878 
65317 20730 
4571 61456 
73650 1742 
77712 60990 
3332 47464 
90768 39648 
54668 40802 
43523 169 
82296 57260 
64379 40642 
78098 17038 
50815 31856 
28086 39040 
35875 81035 
86480 32362 
21246 60526 
49388 22625 
58211 5890 
77770 25444 
76590 16836 
14791 47425 
58774 26589 
66177 16251 
31044 40518 
63882 15734 
97601 83241 
13132 29158 
74057 34912 
30838 74808 
86646 82055 
19394 51262 
90970 56021 
84046 96840 
29852 83059 
94304 7558 
93707 23987 
10256 50984 
68789 38554 
43219 59599 
58812 69879 
96785 86570 
43638 7701 
39124 59295 
95068 55677 
90303 71641 
4276 97629 
69448 14480 
87985 30343 
35682 55964 
31231 6449 
74102 47899 
93412 9881 
23464 52654 
51267 68570 
15739 56247 
77549 94259 
99433 57535 
57380 27712 
48271 904 
25604 59104 
14825 50408 
67949 87992 
74649 87005 
66388 85035 
20678 47339 
84827 18492 
9916 12489 
85088 12556 
34850 98125 
35124 11685 
90568 93764 
21509 35367 
35214 48069 
6460 21115 
96208 99631 
76018 70011 
57542 8211 
10438 28728 
74543 50106 
70498 64731 
1605 3154 
34116 17228 
85715 61781 
36528 35434 
73992 90619 
64243 47871 
6988 46363 
28107 41647 
21176 71884 
94011 69063 
63816 94043 
81139 40371 
31328 37228 
47109 6178 
78291 98310 
66985 80697 
8408 15543 
78825 7963 
50999 3883 
12315 27107 
47045 22234 
38974 49940 
17303 84374 
82550 24319 
61712 24563 
6417 20179 
44048 81343 
51149 41591 
48732 68563 
29927 37851 
57729 61365 
2001 59361 
84603 36686 
35185 79929 
20123 72777 
37201 86121 
89188 30293 
82645 16451 
92400 8713 
87467 18406 
7258 96155 
86067 79721 
53736 8099 
47465 81802 
86924 41094 
26457 17835 
65439 51224 
83305 15854 
58466 3904 
21184 7946 
96605 31546 
84486 90763 
42065 78689 
33059 29624 
52319 10358 
57532 68776 
37976 8776 
29114 23735 
70414 85963 
83613 48143 
77633 95319 
23866 87206 
77811 34009 
87396 52537 
39222 89755 
66823 79080 
22448 594 
89396 53842 
56225 64237 
59002 38243 
21819 54819 
39098 41174 
72453 79204 
8222 38223 
94132 32397 
51115 74042 
22086 92205 
57934 29439 
63112 26987 
91640 82546 
38240 77135 
49370 44306 
52453 10869 
87463 2481 
18563 48018 
1746 65575 
10942 91614 
54825 58256 
1388 6477 
20322 83296 
34273 36391 
70359 31509 
30957 57034 
67053 90815 
74553 20544 
31397 78320 
15225 59375 
53611 95165 
53537 82085 
77904 82896 
4763 11728 
41553 42271 
20584 88739 
73309 60627 
46287 84492 
59371 82341 
21368 49189 
66483 48414 
89302 48254 
71228 25836 
68355 25154 
82153 45139 
49403 65337 
57108 65425 
29051 25946 
11999 90182 
56739 39027 
89176 64285 
73055 92141 
3709 92875 
43151 39601 
14099 36173 
43915 11 
70254 50776 
46501 51322 
76089 67634 
46812 43355 
66650 19656 
35721 9514 
40447 57743 
68094 74369 
6470 23103 
85075 21883 
2369 75778 
67654 10191 
15378 14607 
51166 93211 
90765 62205 
10192 36776 
43945 30046 
31203 97556 
1887 23378 
26363 66721 
87009 93438 
6034 67124 
22501 95324 
19828 32706 
81859 63871 
96467 91925 
27384 77030 
61224 23159 
82491 36481 
86401 49378 
60913 58600 
35077 91823 
32213 35396 
91264 7980 
37504 94686 
30655 97833 
81866 61497 
75294 74211 
20674 98580 
92799 57964 
25911 82934 
46168 76785 
65481 57351 
73731 17681 
53673 81246 
80494 7408 
34124 93433 
51862 72637 
37983 90997 
58689 62173 
19453 23037 
8608 97253 
8494 95824 
12746 52744 
36161 86791 
79250 62034 
81948 68763 
15421 81450 
64428 52991 
18821 46238 
46632 69771 
64345 99454 
55771 18855 
49069 77566 
23319 38314 
39576 92116 
35883 60179 
77487 55497 
49939 43929 
38119 60708 
64202 4767 
4438 39906 
62249 82634 
13911 94606 
35006 30047 
59390 11622 
67781 32087 
76805 53112 
29772 10249 
32270 36551 
35312 3381 
29053 1039 
55582 63539 
90961 90005 
47142 52371 
42813 67210 
29330 74505 
951 22898 
86432 38414 
7198 19990 
92513 92380 
88149 76418 
56873 43417 
98374 79020 
66344 30392 
10899 76841 
56951 89093 
51222 7270 
81984 16634 
32177 67118 
56075 15297 
36095 52569 
45634 71851 
8024 56875 
44831 7346 
69163 32733 
23268 14517 
33195 97465 
56628 85215 
9885 83456 
54756 18613 
10070 13723 
83006 92490 
24103 13083 
32170 74483 
31820 49049 
29862 47974 
16288 33420 
2006 28160 
95856 5473 
86871 47836 
59445 60712 
76114 99568 
88570 85339 
7361 31197 
76198 5934 
61086 4959 
7396 66238 
20907 47040 
49570 98542 
40872 34011 
11183 65851 
25915 85327 
66966 12808 
72396 56956 
14925 78322 
34455 60235 
25890 90893 
78925 62130 
69834 88820 
66611 58380 
54895 81805 
50972 49346 
94800 97910 
16621 89924 
28294 40355 
89479 29468 
50233 12398 
38060 5473 
78137 55285 
51067 5592 
70306 84267 
20335 66629 
31983 685 
80106 36205 
94626 4364 
53771 83113 
29966 29850 
37367 5728 
65338 82462 
5533 54325 
99689 55715 
60039 52832 
80675 70350 
53663 78255 
92446 87012 
12852 31910 
20987 9593 
51496 15619 
9297 14280 
15098 8100 
88236 10581 
19716 22118 
70501 64880 
53293 11251 
25008 94544 
88321 86709 
6846 71153 
14263 99222 
4023 55132 
35765 38779 
76357 20853 
98400 5902 
4184 21244 
97533 12106 
34930 84007 
97883 74348 
14167 27703 
41433 78519 
14388 35336 
49594 417 
29574 25453 
31841 89114 
86481 16381 
97529 37307 
34661 87902 
30205 85948 
16348 6471 
24438 36369 
84660 95052 
4031 72084 
33950 96675 
37487 24609 
29702 2056 
41647 52882 
76995 85882 
17691 44242 
46377 23858 
95002 86431 
83873 43145 
67888 4718 
67915 92525 
97755 5999 
40104 5433 
19020 22582 
29039 68951 
30941 2415 
6832 4926 
79485 49586 
66474 15538 
33456 79247 
84869 45006 
37335 14418 
41152 61518 
79643 18690 
92804 69067 
50065 28457 
73113 17546 
71242 21034 
62703 91297 
81783 30943 
5123 21209 
15963 5619 
81902 83577 
72505 73933 
36027 20086 
89951 86165 
34421 37617 
49362 72469 
89849 24012 
6417 58350 
20505 46496 
14465 70308 
11658 83164 
37682 62560 
57816 74721 
69199 96641 
6210 73642 
62921 9663 
92780 10971 
59728 14165 
60386 97152 
38854 82730 
75625 22642 
53446 83917 
15442 26452 
15667 52578 
77594 56356 
81174 97244 
80090 53202 
45407 70021 
53889 53552 
4833 50318 
408 19844 
55145 22736 
80818 75323 
95397 61569 
27623 42173 
82141 69620 
20701 55624 
30853 57438 
49753 54215 
93304 90536 
93018 26992 
48966 76842 
78154 32080 
36195 14335 
55342 87927 
14592 69726 
4954 78404 
93849 13045 
22543 6070 
86320 90112 
72422 74047 
40672 75128 
77813 76319 
92196 9025 
20262 28662 
21688 95670 
53995 78017 
49307 97690 
1865 86791 
2397 46427 
88754 371 
86981 56387 
85528 71132 
61509 13594 
82098 30216 
58370 89354 
81648 69604 
23822 16195 
9757 21295 
50186 51144 
61927 97856 
55506 42987 
70953 89165 
25357 14798 
61578 93869 
69067 70767 
74062 895 
58358 37253 
80569 26281 
10242 51969 
88685 53682 
47993 22359 
24911 23077 
24107 84452 
17654 61529 
17389 6899 
54001 52293 
22651 1350 
67478 94129 
35973 20007 
25050 11366 
1092 43902 
20744 37091 
23186 91368 
50596 6767 
75186 5127 
39004 67650 
18711 8599 
10132 30577 
36816 57248 
49641 65004 
28980 49188 
81844 65620 
50101 755 
95246 99419 
84717 37401 
85508 75820 
35319 97995 
49017 69233 
69287 1527 
52519 63397 
12879 79177 
24697 79915 
2625 31871 
64111 99565 
4636 33691 
34561 84309 
90495 64867 
23746 60358 
14797 24621 
73971 28202 
73856 43716 
54717 24233 
37684 89355 
36024 70372 
38100 30936 
38957 13087 
64635 14168 
84786 71231 
66920 73205 
38094 83324 
87287 95678 
40656 69232 
50584 43908 
62737 98622 
19523 27074 
56347 89155 
83367 13753 
81045 41039 
85345 71979 
87029 51436 
9927 24870 
82558 42087 
44928 13872 
83119 76658 
5368 68771 
38338 40434 
56143 93935 
59258 4362 
98768 93557 
23408 97852 
93785 75228 
17985 70307 
74943 90781 
92529 30079 
73802 96078 
31606 11324 
14196 37340 
25309 34202 
54766 571 
10805 91909 
54830 92794 
81676 19240 
13867 59048 
13482 71687 
88191 77499 
33724 71526 
19690 16480 
72355 57893 
20993 81956 
64943 11572 
49037 31622 
44830 12009 
64706 82745 
52858 24017 
20073 94843 
13662 4701 
36767 65460 
76089 67329 
39039 37502 
91912 38188 
83376 80016 
11844 94889 
82822 70783 
10731 80197 
58650 78724 
14862 44091 
64635 16870 
93472 78631 
19888 12536 
93827 75116 
55065 20343 
44656 51097 
23733 85831 
26265 66003 
55780 52711 
7301 68438 
32975 95144 
77933 95673 
48126 47942 
67131 76402 
68771 2237 
17730 71533 
63913 31902 
7186 24597 
68057 16879 
44131 83308 
50634 33592 
41341 96860 
30891 89748 
64170 89745 
28389 91060 
80253 62201 
67525 40839 
90984 69819 
60783 89890 
8255 90436 
79945 73758 
50928 95090 
87055 97163 
74701 1677 
37662 51308 
16292 4850 
87720 78762 
28300 43797 
32505 32750 
4615 90702 
80966 12933 
47923 17029 
22204 98134 
10628 22203 
72089 37982 
48431 89821 
97493 10074 
61837 70226 
3236 96989 
65018 75104 
32545 88391 
13757 9667 
75697 67457 
44590 61107 
3455 97977 
25818 8148 
42041 88755 
97701 15860 
84581 75296 
83955 32356 
90338 25271 
89555 9520 
57476 43906 
60906 28647 
67750 28148 
73593 23669 
92193 94390 
30213 59574 
15745 83504 
96181 41729 
85732 29081 
74975 2963 
14206 60021 
25910 39615 
67374 96993 
57331 45186 
56694 93803 
86031 20784 
5692 69320 
39718 25274 
4143 73374 
93535 64822 
76992 30917 
73905 11505 
89236 12734 
33396 83690 
79947 88142 
98825 17102 
68743 25335 
21491 4794 
6200 18449 
13208 86702 
46078 36891 
34712 25004 
1691 12132 
14058 10216 
11339 99900 
11793 4766 
78480 81598 
16952 45726 
71106 97770 
53356 96451 
61834 38570 
99214 58069 
65252 51444 
74700 26077 
82331 64607 
31950 4738 
93040 66412 
89846 72550 
47766 25327 
91978 25741 
95771 82995 
30351 13556 
54601 3732 
69663 19067 
68239 17809 
27418 32258 
23751 53023 
13666 8393 
96277 9274 
10797 3922 
70449 94287 
78640 34673 
42641 5081 
3010 6628 
42968 9460 
66863 28251 
28505 54500 
12417 25199 
89961 4950 
79851 43138 
82844 93410 
53619 42486 
41189 46310 
20946 60093 
56943 34963 
48735 37156 
11396 89346 
14904 90156 
26331 3746 
88061 32121 
62102 58073 
35499 35255 
27378 76360 
53616 62748 
81079 44878 
57156 87555 
833 16278 
34115 58990 
64271 33305 
71625 74157 
39577 15898 
84858 60582 
9932 68842 
35721 78824 
62831 83666 
11066 9440 
59737 28102 
41138 97339 
64116 39163 
78178 88401 
46644 61793 
22355 8162 
5203 4048 
77625 449 
34261 11859 
43652 65014 
53340 1751 
1584 7571 
57487 28189 
31245 43034 
84007 3799 
5253 73372 
99205 35288 
41564 95140 
96472 85672 
60136 78599 
62767 24288 
81681 253 
14410 80072 
26869 3716 
25061 70705 
22916 10003 
68856 40511 
1103 97658 
79916 3321 
73618 25573 
85752 53087 
10949 76923 
6608 74585 
2161 61319 
25349 59361 
69510 24126 
23233 7927 
26138 76796 
45753 78204 
11015 80167 
9722 22373 
8811 83849 
87842 39521 
64067 49146 
10251 59850 
28788 60394 
3863 67742 
40519 60172 
49819 65574 
13978 27533 
76933 77954 
43502 55201 
24759 96910 
55821 71653 
3749 72584 
23113 97045 
51943 61097 
44808 18135 
37734 51516 
33277 16699 
86456 7228 
93322 88327 
14923 73529 
68311 44116 
42491 22871 
36799 96409 
9819 31952 
82690 91581 
77246 10729 
29227 67807 
93514 32424 
22542 83810 
22579 45726 
74017 85775 
91318 85652 
22381 53939 
74181 37903 
56229 97809 
62177 53053 
45595 49516 
73054 51536 
67202 38515 
47141 8176 
72214 17655 
39033 55833 
37578 50579 
59143 1793 
62451 63487 
41139 7634 
19755 10483 
11358 43546 
49561 1048 
14517 91487 
85770 90605 
6412 38043 
40508 40746 
58725 67486 
31632 14333 
33701 38298 
27970 82545 
77150 2282 
4130 85856 
47085 4403 
42197 9012 
42298 83633 
91112 1253 
20226 80309 
96226 97361 
96748 43906 
41278 72528 
1836 26638 
2988 94640 
24510 42903 
4467 21232 
18098 72379 
67803 25200 
52572 85412 
8495 23311 
94526 73391 
84789 24580 
67392 73879 
13518 11824 
94531 90584 
90704 18967 
56105 21571 
9972 69166 
96957 25672 
54726 94344 
7204 76644 
51081 65441 
59856 77398 
7696 24497 
30475 32495 
35955 24625 
42765 6108 
39330 51996 
80929 24783 
84307 25157 
84744 19575 
16930 41304 
96520 40527 
68777 66601 
60459 17959 
4097 48156 
84402 89654 
95910 59022 
61554 60797 
82961 74337 
15489 14394 
51780 16712 
75594 43903 
8456 2017 
12090 36924 
53287 62906 
59834 99090 
48144 26760 
38384 70624 
71136 77132 
32088 54579 
86109 33379 
28498 45372 
15525 41841 
25955 19006 
94434 83743 
11949 22231 
543 69941 
82679 76906 
779 10702 
21232 97955 
28304 19893 
76891 8569 
5573 37267 
91293 24669 
58829 30002 
98523 72160 
27338 65168 
85688 95144 
56690 28541 
38134 10986 
79662 1955 
9155 69041 
30435 1355 
47933 73817 
8329 20764 
91394 40518 
5811 23577 
75756 61126 
42132 71902 
51809 72589 
98791 87115 
94259 35167 
35877 90377 
79979 48633 
79434 80517 
72606 56761 
9098 68534 
91618 16434 
42585 2899 
62903 36687 
8994 87910 
44799 25149 
26429 18531 
98652 14577 
51110 29479 
26211 80592 
44923 83760 
27486 3186 
16271 6406 
42189 69227 
25117 2886 
25459 60950 
7290 88453 
74320 26255 
65375 94640 
65143 80707 
93962 12194 
84361 48192 
55520 75909 
34811 7481 
99862 96157 
78247 75328 
24915 94337 
30967 23207 
9460 5048 
63950 94454 
9493 66459 
71477 61308 
99072 32199 
62968 37246 
53754 2990 
1592 38990 
20161 94363 
60185 74707 
88749 27924 
90105 20172 
88500 58025 
1891 33045 
52057 23077 
37916 46914 
57722 41341 
76716 81385 
40779 54719 
46274 2258 
80760 60868 
39243 66704 
13558 63929 
16961 92359 
87704 17205 
61072 96383 
82652 27318 
81672 60796 
33589 38710 
19099 93753 
62059 19763 
82879 72964 
94614 27411 
55764 77050 
62721 35786 
53421 33427 
16336 76264 
71058 37143 
50824 51226 
67100 24128 
42328 51895 
31026 14443 
10203 31836 
57546 76343 
76830 61969 
2555 383 
74864 20456 
27612 14277 
59912 51321 
49198 13847 
22661 59396 
96574 33180 
58647 95998 
47811 27950 
46108 29663 
57389 99893 
2832 89348 
10753 47560 
41377 13696 
41287 88687 
18760 39289 
23432 62947 
81470 13217 
11959 90318 
39553 20918 
31954 29949 
64603 78869 
36604 57156 
95590 53582 
40638 52050 
53800 33260 
6108 72312 
13527 96557 
4168 64763 
48721 94066 
1611 55618 
77438 82483 
24144 47698 
55738 28828 
29732 44385 
30578 32685 
84803 14719 
47278 98087 
73726 11804 
21309 23530 
87669 57565 
26441 68493 
32820 10892 
21670 97952 
69900 43349 
37919 2533 
47013 56876 
72137 41289 
16099 91290 
91217 56516 
29589 85893 
31071 65582 
98355 79115 
87211 43462 
54626 52916 
32382 71454 
4279 54473 
64040 42520 
71749 56776 
79907 81738 
37792 51792 
3356 61575 
45403 5188 
32038 65968 
2453 39940 
62956 84674 
40915 57656 
55102 99898 
2064 51106 
26791 60908 
4594 9163 
49014 29162 
18343 66268 
88388 16400 
10158 2525 
73716 31249 
50409 57655 
8687 96039 
68733 82306 
29919 94901 
25865 13585 
14320 66587 
24698 28179 
72667 61097 
18231 96077 
27331 37819 
84649 30633 
61229 94755 
30492 6621 
42379 83323 
51731 96905 
73848 81292 
29538 60499 
92403 67608 
62621 35 
40848 67183 
41250 95044 
68807 11150 
49409 8937 
74631 88667 
41006 62241 
87140 50037 
73668 62362 
61 57727 
99364 81041 
14321 71824 
4948 74672 
13767 99497 
67695 49792 
98396 34276 
40986 86276 
25873 60230 
13533 44179 
66867 98597 
91883 96661 
62669 29968 
40397 51050 
84587 33826 
75519 42871 
33745 49061 
51859 13531 
87258 74011 
96466 11356 
92094 92664 
44629 87823 
31528 34820 
5675 96055 
40714 52365 
40404 37055 
27714 21215 
63195 40628 
64207 59075 
91268 12604 
46165 82845 
51184 27701 
88909 16324 
18395 98255 
13280 98786 
9497 3048 
46 38109 
68822 17606 
38193 98275 
91091 47562 
69454 10427 
69 30096 
36146 49076 
59539 34939 
72364 20632 
27347 66062 
39564 70122 
75894 37949 
96764 23770 
93156 76192 
12846 50068 
47189 71184 
73876 40014 
43999 95796 
11889 78403 
33822 83183 
83232 2359 
24007 49252 
54360 20753 
38110 35811 
10890 98697 
20230 45052 
91731 95022 
21253 33801 
64300 77435 
19355 36800 
99095 30015 
21002 92331 
72322 10774 
60625 50596 
23781 13168 
67271 55538 
23932 34811 
94724 4154 
58768 59044 
17978 3856 
24114 10588 
83380 68080 
31938 55226 
62368 13069 
70468 75232 
99477 44674 
27167 67248 
64088 52970 
79037 77343 
12416 64669 
78267 9208 
41284 38517 
12876 15738 
68503 27275 
1814 11697 
5974 71372 
91880 25732 
1137 33941 
59852 43697 
9982 34727 
87384 82055 
30544 91206 
68513 70072 
69673 29284 
30040 12583 
37835 83046 
93546 51308 
66778 63309 
84515 41995 
23163 38093 
98790 17132 
47561 34624 
69491 9515 
82720 42132 
38597 70660 
67596 67443 
26508 29871 
64359 71248 
10220 4700 
54430 91942 
66154 91614 
86605 46038 
7184 36872 
85374 79446 
45122 11934 
30810 32247 
39653 95161 
2717 71129 
52649 92125 
41227 38255 
12822 10567 
13604 63116 
9845 42819 
92768 84769 
79321 98475 
46862 35882 
10445 73156 
11205 47145 
6680 35396 
64020 40830 
56480 63007 
55589 95702 
25842 62712 
46815 81944 
67396 62403 
97645 84435 
51768 74076 
8418 55413 
66131 87309 
57908 63516 
92113 68093 
679 35101 
70667 5883 
83378 15967 
85032 72942 
14625 16774 
44575 34358 
76444 43902 
32092 74555 
96499 58951 
85057 86690 
9849 54724 
17332 5019 
26599 83301 
52026 47119 
87464 22674 
28474 72825 
33180 22436 
66704 59765 
35635 26114 
21307 41607 
38683 28032 
33289 54422 
34867 85939 
93253 89018 
60564 77139 
62183 52676 
26611 55518 
57138 2379 
13985 39583 
98305 23494 
54923 37530 
31179 92741 
88629 94350 
83005 82420 
27756 28114 
86200 34001 
96909 7841 
3089 53525 
7650 13707 
16103 58717 
15838 11891 
5487 38242 
66597 70958 
22599 67259 
69820 44434 
81052 60239 
64826 45125 
30216 31930 
26632 40717 
46033 80460 
38296 7329 
72608 2713 
3859 87950 
74721 1480 
4647 16063 
16171 46273 
8054 81271 
61790 5315 
22377 33348 
11986 74856 
53884 43936 
17846 93822 
63023 70923 
92105 46726 
35522 99611 
26704 25836 
81091 66857 
51193 44792 
47566 9656 
17898 70184 
91519 17990 
79545 65038 
77736 13304 
32961 18712 
89427 18563 
38493 71433 
18619 33613 
88958 28470 
71928 80464 
94210 98930 
70733 37084 
67825 87192 
46758 35450 
50947 11210 
34167 59843 
84995 21217 
37494 44753 
49696 44814 
11074 38269 
15858 89988 
20131 66456 
23303 96294 
66262 6966 
83539 36265 
50770 56030 
24059 34028 
18180 51958 
36539 86206 
69199 417 
64763 41343 
57530 32013 
69737 18438 
88119 11063 
39287 22581 
15802 5977 
67270 46282 
2788 26273 
13656 28754 
30970 29008 
70812 82244 
80851 98301 
3658 84422 
82638 5606 
1768 78941 
17109 65541 
79994 22440 
93885 12324 
90894 65585 
63011 35234 
66996 58216 
22082 28058 
93858 24168 
65613 27059 
25916 60113 
85953 34799 
96264 74494 
75795 53016 
38810 97644 
1123 76738 
36648 62194 
10477 33984 
34029 74094 
21450 90623 
969 68871 
78616 78347 
19330 75214 
8378 45250 
67098 88502 
5743 73071 
13634 90627 
75598 52983 
2838 39252 
16806 62635 
93429 89586 
81268 41188 
45977 4841 
62088 16200 
94850 57719 
65065 96482 
19891 24581 
95960 8406 
37440 26416 
52335 19678 
63218 76265 
43240 64187 
60618 51484 
72601 54319 
77124 21004 
12920 42997 
88858 22717 
64701 76696 
18653 4183 
44031 62843 
66606 11018 
65816 60234 
93707 31673 
93402 89500 
28939 84728 
6662 52144 
28146 65419 
95 41315 
98997 51774 
60097 25222 
20548 7575 
86260 84982 
28184 9309 
15429 92697 
5116 67300 
79201 22679 
20174 7461 
75668 99008 
78272 29370 
64393 95964 
4718 58843 
7 24411 
67446 68747 
4233 56807 
52289 50460 
38786 66293 
45568 80239 
82290 81169 
45556 39659 
33212 85102 
19789 17392 
57803 25497 
48728 40751 
77088 27762 
47943 59763 
40221 51537 
40762 33966 
62837 66486 
61260 52704 
18515 69865 
3466 53357 
59064 15857 
96860 88804 
5064 77499 
80500 35310 
91945 16086 
68521 25131 
78856 90014 
48306 34303 
27682 95320 
29266 55407 
37774 93525 
64968 37537 
78317 48907 
4254 81264 
94742 66952 
88021 35096 
78150 98497 
97514 51719 
77489 49932 
77235 27277 
3033 18873 
1027 65007 
16695 56792 
23374 75713 
29816 45408 
59671 51918 
32287 61959 
68958 29949 
58191 30 
70552 84770 
52661 7204 
12037 86106 
42216 98588 
20224 81166 
26572 6109 
8993 59267 
3776 27519 
88329 96675 
12478 46144 
17395 76230 
25251 2687 
71164 25570 
55103 13755 
44900 20276 
43657 48309 
3685 53778 
83968 92840 
95247 84578 
93518 58837 
83477 33162 
93674 12012 
27331 15900 
70741 31700 
25199 71304 
90689 41046 
68392 55233 
14768 83790 
99014 55895 
16419 61876 
47320 6995 
31249 89588 
31526 57905 
81311 64567 
39107 93443 
2520 3813 
72750 82653 
69769 43625 
36449 75936 
58147 56496 
57600 62924 
641 95044 
89518 49699 
2798 33356 
15448 13278 
53045 39490 
79921 43705 
23712 79378 
6238 89681 
92292 22001 
19860 82343 
25027 88482 
86695 23612 
55692 63591 
92508 90497 
61240 67175 
35126 24774 
82981 65168 
74623 48678 
67053 85065 
88342 71556 
1156 89133 
7400 29852 
5888 50149 
69207 33392 
98478 69064 
6600 74605 
84315 71748 
8333 94141 
47398 22876 
27943 86286 
4672 98979 
88444 70648 
61192 69841 
28814 52766 
53151 47674 
64913 45617 
94049 76865 
92262 26453 
45588 53615 
40991 58928 
19396 84405 
4342 19211 
78252 14980 
1247 26561 
46211 87427 
783 93812 
55884 11910 
31738 81247 
58098 71788 
24029 58575 
94248 16053 
80408 53995 
84891 31434 
56639 96816 
19473 28011 
36258 40634 
41544 16803 
22088 87772 
11439 5556 
30773 22519 
94082 89832 
68966 614 
63480 70515 
90145 35521 
37371 85947 
79599 68208 
55666 7217 
91797 6468 
94479 8435 
69101 72266 
63935 90390 
3729 1155 
72392 5583 
65890 96503 
52327 5389 
10188 53076 
33841 5983 
89654 29480 
20606 48669 
52202 67021 
70029 12380 
67816 23734 
4522 21365 
36464 16659 
83990 79469 
56483 42862 
50973 53898 
91116 80283 
19382 26021 
56921 53191 
15353 24470 
71906 83814 
94451 56730 
43552 41675 
53335 59362 
47284 45243 
25943 94179 
44499 66653 
4355 27912 
15900 39630 
52736 46304 
40688 73126 
89074 70066 
35066 28807 
93942 59756 
74537 29172 
68070 19399 
63667 24924 
1262 34549 
84221 65158 
34039 9487 
48047 81980 
90343 384 
4559 22378 
34760 76526 
4390 34480 
60918 80036 
516 42763 
49091 96091 
76104 27360 
40479 90202 
24348 56300 
63268 16920 
69727 6313 
11265 55196 
12399 47808 
19770 79617 
97869 62666 
5319 33885 
62570 9700 
36010 33161 
82711 51945 
77381 85247 
58471 12381 
15121 87123 
98572 30265 
90389 22955 
31281 48923 
96112 62459 
57052 77695 
73346 34371 
75313 35646 
15642 28799 
63289 2726 
36324 64338 
58329 75265 
78690 41098 
96818 46992 
52366 89168 
92583 14219 
60387 13549 
95569 34384 
41061 31206 
57645 50853 
86266 93655 
46511 33692 
13540 89374 
90999 76058 
63204 24334 
11455 28922 
63681 86071 
87427 53045 
58325 6971 
41537 16422 
15266 55837 
73220 67866 
48113 3282 
58897 72966 
59878 26150 
46205 7340 
85021 38900 
9061 63930 
45285 65770 
97613 46016 
53826 96564 
12556 85701 
99085 997 
56813 48812 
15007 11811 
69257 61461 
97376 25259 
24910 20983 
57406 9039 
93997 34494 
13223 52396 
88238 62046 
7427 40869 
86945 28138 
4675 89046 
27757 5302 
67070 18657 
67272 66543 
27107 26523 
65364 49608 
78027 47074 
23621 75365 
79652 77568 
13153 15030 
34131 634 
59896 6533 
20482 8375 
16608 79014 
89422 5061 
39879 56244 
10715 41272 
7783 74732 
34077 11390 
59211 70311 
71700 28460 
9446 58222 
35499 75681 
98219 56010 
65462 22186 
56237 75982 
66797 82256 
34143 44577 
33048 91756 
23828 89643 
69957 73329 
16248 73475 
50573 62762 
82121 39375 
25941 72938 
32350 82592 
87700 78934 
13485 52658 
28994 18053 
20274 43495 
78339 11983 
62060 30059 
87427 34760 
2755 65897 
38326 69849 
5128 64661 
98129 22417 
49290 50451 
89837 78733 
62588 76780 
67086 33657 
93479 82052 
77330 39295 
85531 70610 
73168 63141 
59342 82740 
84740 82437 
89938 44444 
97445 82949 
75155 68389 
88735 75023 
26518 11098 
65308 87496 
78297 78288 
7768 50963 
2707 10194 
73652 35868 
39640 71780 
31706 68029 
97825 18935 
387 4469 
60995 11078 
41791 15794 
37428 93006 
18548 87860 
24115 74422 
55714 25107 
17862 94255 
62266 10697 
94797 68690 
57551 54458 
97023 86790 
16867 38645 
10572 35636 
97340 53665 
92365 8125 
30361 1162 
5517 70860 
70050 30232 
52144 47023 
68590 64049 
50698 99684 
8724 68808 
90935 84682 
61306 14650 
13753 79051 
51553 79105 
5419 80884 
11430 47597 
66146 19599 
67644 72688 
11473 11778 
64769 63985 
91597 47046 
51255 94014 
68569 90908 
62460 21876 
74197 47032 
19253 56118 
82498 30146 
23392 1016 
69749 62549 
71572 56336 
2434 22162 
28887 69657 
88814 38114 
99434 72450 
53363 51075 
6890 66378 
45013 29808 
51082 64654 
69876 62926 
37957 34790 
47081 25337 
89819 33723 
22358 52607 
30276 74020 
38185 43248 
4098 10785 
51579 48900 
36012 92862 
11043 5442 
54432 79075 
52704 4248 
6233 80490 
52333 2125 
66894 53075 
74741 20920 
6675 31617 
94929 93335 
7977 65417 
26438 70190 
41628 88994 
81467 16191 
560 36954 
4651 86190 
58187 91145 
67764 92005 
65772 30376 
86188 41056 
28162 38215 
19600 52380 
501 12768 
49161 33033 
29878 13839 
81380 28470 
25317 77506 
14841 44155 
77165 25904 
20197 72502 
62583 866 
26051 49157 
67778 54112 
73807 5732 
29505 33759 
3098 82255 
48528 17226 
56023 11960 
55908 53957 
43273 93432 
19377 97885 
98067 20747 
61475 29225 
54920 50873 
23779 87888 
29368 49479 
52242 66731 
42101 71188 
97514 41835 
26345 98413 
21101 49137 
80870 84073 
73297 52012 
82674 17851 
62073 82751 
53163 63028 
63415 82414 
79563 91575 
33129 8143 
29339 78795 
67668 24793 
59550 5695 
27316 48602 
15362 57151 
78869 64631 
32337 97041 
36950 96839 
5666 47682 
83180 69911 
66174 237 
20658 65313 
7693 35200 
77542 40599 
43323 37618 
8011 50576 
29146 50432 
51462 81709 
83089 21097 
1540 87038 
43946 61617 
5437 87851 
60965 60161 
60874 90521 
77933 53668 
3260 52147 
77387 95101 
78786 17012 
80306 26519 
80492 37415 
54619 99641 
83906 86996 
71832 69316 
56355 72503 
65289 22100 
29863 50763 
85835 92085 
21316 61664 
21080 59221 
55622 95074 
42977 21508 
97623 19864 
75109 81814 
26792 16592 
25852 92467 
95068 71921 
16490 56357 
92656 12443 
44406 91986 
9231 78355 
60612 31684 
18695 63325 
8198 37204 
34480 75841 
63642 84912 
79380 9536 
46522 94040 
88983 45162 
14764 45742 
20980 45322 
42398 68165 
74013 44548 
84677 43278 
29165 81930 
71452 24948 
14794 71294 
33866 44498 
61170 54758 
61706 19995 
55163 39543 
9160 78525 
27273 75002 
15282 46936 
3317 87131 
82090 65839 
31373 51166 
58047 34090 
50898 49380 
7566 96558 
5404 30859 
8203 46657 
12699 62730 
6394 26949 
97391 38244 
79849 76074 
59239 86102 
135 88292 
97869 7532 
62525 23176 
39488 52889 
51835 27243 
14469 37935 
42757 6802 
15991 91446 
91133 21844 
29413 20430 
58604 54485 
59675 76994 
27269 42309 
99690 11766 
3252 56874 
76596 2811 
78499 50736 
84680 56067 
18640 92518 
63878 83612 
71444 58878 
10998 79453 
45150 54664 
17144 28998 
88880 88121 
9306 8048 
18379 36696 
36664 49869 
69483 803 
82879 84776 
28994 57869 
4516 85705 
88060 97019 
92671 85330 
86701 35974 
30015 65575 
69756 96051 
68669 58715 
54337 38567 
85669 40799 
16779 46565 
82275 42737 
43097 69416 
80938 52129 
51142 34715 
39506 29852 
84919 71797 
46060 19348 
1941 84287 
79762 83746 
23038 55279 
23203 66182 
90688 68044 
89929 32045 
86728 77649 
87215 18412 
93214 74383 
68590 85545 
41238 38609 
43237 38069 
81651 98480 
107 59357 
28957 66879 
73437 81618 
75022 52024 
23330 96344 
42801 7365 
30148 95005 
51935 10719 
4717 18260 
97851 40023 
97651 83478 
3922 43667 
50612 54962 
92262 87046 
69894 19046 
32914 93784 
18459 27101 
73441 90046 
16393 73493 
21381 3391 
11714 82673 
50524 63838 
33591 89818 
28653 4113 
68214 12829 
19171 58493 
3940 30006 
91933 15238 
76786 97323 
89673 86281 
9964 62009 
35516 19663 
81838 54999 
34418 95160 
75580 73834 
16737 11580 
60720 99707 
95697 95443 
31935 27629 
62158 35033 
83602 27030 
19899 71283 
30022 91656 
72514 57495 
90654 82220 
9085 33620 
47354 13036 
99922 47598 
46270 84735 
5970 96237 
60944 19173 
25888 51161 
55124 9762 
53326 81542 
83872 60723 
93611 84658 
49814 52115 
93817 87756 
87691 34027 
73107 90264 
84853 22916 
1290 74100 
57951 45873 
62665 21612 
96782 54419 
59532 45667 
55099 8495 
55157 54425 
15177 13397 
29505 44586 
78017 77687 
22714 41134 
34290 48468 
71088 79137 
52474 71938 
98273 53642 
80121 21750 
10324 47452 
91752 35462 
57536 83373 
32664 246 
68201 37440 
1705 33025 
29830 92739 
88105 7333 
91979 9584 
27531 89453 
91397 37170 
70727 59762 
55077 94237 
64512 11717 
19634 1848 
29301 40550 
16532 60084 
79991 56482 
11782 22285 
77715 83161 
56060 35370 
18849 31015 
96598 82887 
64620 67359 
25711 88581 
89753 40330 
92516 12641 
81842 52125 
84162 176 
54434 18483 
90811 22069 
46346 96041 
4638 82045 
67271 6882 
67286 50589 
15501 40514 
72491 26312 
37426 67524 
50999 18420 
20415 56240 
13450 90127 
10830 44041 
3537 2181 
27114 78296 
18558 48101 
94242 8434 
87370 78310 
60321 80259 
56807 69005 
68687 56414 
26772 3462 
49608 62724 
91491 98389 
64514 39209 
89859 26007 
82677 56633 
41295 53753 
95344 44753 
45233 47782 
75547 66789 
52126 63916 
73185 66130 
71758 80238 
94407 5957 
70714 9221 
51965 20173 
24984 64113 
88895 94936 
35991 44213 
71752 4105 
88735 46776 
21584 28991 
29263 9437 
939 3121 
65372 36392 
3421 36047 
49192 63999 
98640 86780 
83249 77032 
69905 77018 
2610 95515 
44579 57128 
24886 13878 
57750 63684 
27170 89109 
8725 36414 
4353 42668 
66812 94479 
86855 62086 
57956 7313 
47409 62514 
17045 33607 
6366 95926 
21992 43524 
52885 76229 
35243 83864 
35387 22243 
65889 93659 
38850 7322 
31341 28549 
58770 44337 
41338 6289 
2054 27782 
49038 42878 
93624 1000 
14056 9053 
44180 15800 
510 261 
39356 4196 
89511 79723 
43413 87575 
19974 23864 
71649 7269 
84265 72093 
74847 72337 
95873 58821 
96416 85313 
15194 84617 
8229 24719 
66446 65499 
4736 34350 
3850 84655 
36590 93651 
88447 59211 
94782 20950 
18230 26239 
14233 91870 
13786 46750 
51770 38939 
99219 24236 
7639 35233 
33840 35157 
1933 54835 
43979 72807 
87769 45939 
76227 13096 
81545 48649 
43532 21052 
17306 38815 
63778 30234 
87000 81696 
96827 43724 
11333 34814 
70501 25021 
96970 48051 
48532 69911 
74971 70845 
34279 76243 
82657 91302 
22832 57576 
46498 98 
11085 78767 
47151 93225 
50503 26840 
99450 1985 
80468 68841 
59908 66031 
11504 89903 
82234 45859 
37082 49356 
77374 4830 
40381 40492 
98763 77623 
28025 90453 
65757 81941 
66733 90729 
58619 23402 
20744 5874 
66972 89692 
88000 68307 
50286 29395 
11284 30435 
73772 63365 
96860 11861 
15934 82053 
7637 49025 
5083 40900 
10475 27441 
31298 77733 
47964 52512 
97547 41023 
73876 93951 
19156 35956 
38446 20948 
54306 66426 
34731 30469 
49915 75418 
20545 59474 
17037 63642 
11778 63326 
7840 96891 
2420 37298 
52238 96256 
4175 55840 
26418 42155 
14285 5149 
67806 13095 
14050 88585 
21391 23105 
72458 91598 
905 18035 
79497 3108 
74967 40164 
61876 3629 
43144 73061 
40298 46956 
49722 34159 
71837 81853 
94086 91235 
83627 82927 
35712 40780 
44739 85767 
59093 1193 
42016 50424 
59312 41788 
22577 9427 
32530 89830 
40822 91805 
7289 32079 
965 52944 
32348 54803 
17498 81622 
44644 46783 
25451 191 
77050 23493 
59895 21634 
29710 17507 
89889 78095 
21062 20070 
35890 89490 
55047 51882 
21632 97934 
89527 87304 
11588 53975 
67639 55539 
63313 4001 
78533 94752 
80376 94696 
46911 40679 
85983 80041 
11790 89976 
50082 89118 
44070 90341 
93364 88852 
69782 74421 
60517 54825 
11311 72551 
1988 45433 
32392 10598 
28654 59903 
74377 23454 
6992 49072 
1029 92214 
43720 39334 
27007 43597 
68319 24776 
91275 33889 
59464 80301 
50775 76492 
77113 49408 
12049 62097 
55854 64272 
88846 63595 
87051 62955 
72330 13976 
67493 78777 
27156 94857 
20393 90287 
81429 75646 
999 36763 
61541 98972 
83511 23815 
33844 16675 
88617 66400 
54322 42469 
51663 42440 
94706 2339 
50346 59260 
8860 31794 
7772 67164 
26833 90300 
61819 89729 
15612 37510 
44987 78787 
25404 43373 
50230 43562 
48184 84768 
67783 48044 
51277 14982 
65549 18465 
12911 79184 
51365 53596 
78957 88989 
99307 84593 
80473 62260 
44148 88265 
236 80500 
48214 17862 
53059 15496 
23074 78892 
49521 29314 
44867 43954 
45611 57329 
36534 70214 
41859 42638 
2823 55913 
84641 2042 
94655 48154 
39684 68722 
48297 93232 
53153 74780 
91730 2913 
89289 8046 
35757 95292 
35178 1819 
70538 57254 
93057 93704 
69673 67084 
38446 20225 
63342 10361 
8447 97624 
79692 20067 
98698 76046 
69306 72682 
89764 44264 
21502 76079 
94161 5169 
53126 92126 
13722 38422 
654 47178 
23707 16003 
74603 97021 
54819 38816 
41601 29309 
27199 18101 
83968 6212 
1537 34048 
49224 72683 
51546 65888 
42680 81698 
29388 2615 
35114 16767 
90994 11613 
54500 24191 
71813 63601 
5869 2762 
55137 86685 
16583 36996 
54956 49685 
35675 1483 
43209 55522 
25360 8595 
87327 59113 
70433 19495 
28123 11052 
96982 89331 
20370 68275 
35707 71439 
78819 6018 
87085 62579 
20951 11512 
45749 31401 
74398 39218 
19639 35798 
21780 59827 
35866 1238 
88586 40822 
59657 1849 
40789 55095 
65407 58743 
48027 25908 
89518 45979 
85471 81460 
63619 73541 
92924 10360 
73678 98852 
83205 80519 
15653 3602 
93554 8266 
21533 61021 
3580 41966 
10972 10273 
1154 54955 
83193 49236 
63733 26311 
1436 54710 
36709 24813 
37943 39973 
32711 1331 
41328 63597 
46153 38030 
60149 10574 
75889 98888 
6586 77058 
75494 75401 
72379 3396 
5437 23757 
15497 16640 
44388 45335 
20499 63351 
27869 71096 
98143 36259 
21668 72204 
30519 24233 
4689 34214 
86835 44003 
31348 181 
31943 44221 
67132 9264 
24821 7685 
42621 31703 
57400 15948 
51043 28502 
15531 82024 
22358 44693 
53311 1528 
42882 78772 
59612 20365 
53636 57702 
61369 67930 
52893 86824 
52036 58809 
48793 37080 
55586 23091 
56438 78140 
36534 85653 
10546 65354 
44680 78160 
69516 40882 
39626 34033 
19672 14918 
74569 86257 
49491 51623 
31516 60654 
52776 96202 
90728 33147 
37025 44484 
86110 98502 
58654 74450 
45185 80215 
80257 30333 
37428 96426 
46779 74239 
57921 85129 
7218 97671 
54678 83482 
66414 15904 
67426 50587 
37518 51867 
83247 20935 
79867 52979 
30199 76538 
49311 74353 
23889 29795 
58419 4822 
53937 16267 
42552 8455 
47366 6792 
54421 3545 
74190 61732 
64569 3466 
66803 66678 
28088 99405 
9246 8543 
88957 73627 
15044 73737 
32503 93778 
53006 75989 
63819 53644 
99245 50409 
85343 93880 
90628 82473 
70362 57386 
29996 75903 
80852 8353 
46682 1777 
57864 71404 
47220 12702 
20558 27874 
613 50531 
46035 39907 
90123 23842 
66275 59916 
29251 82276 
10777 22849 
83461 68860 
43886 11810 
61139 88521 
94371 33746 
37384 91308 
51426 41239 
52466 32175 
6092 88887 
83124 35701 
49990 18316 
19335 63751 
4283 24563 
91806 56822 
40972 68380 
86161 95729 
75887 63962 
48617 9245 
58155 89649 
34953 35474 
54473 40368 
79639 29986 
28161 64874 
65245 2089 
42750 8306 
53573 52167 
77794 11136 
99441 77603 
30601 99274 
5647 12575 
91766 36923 
93349 67888 
24644 3701 
55964 41022 
49346 629 
36652 73678 
30340 85771 
19545 44386 
93431 89617 
53104 97101 
52658 62761 
30357 23224 
10563 63981 
35195 34106 
6323 5516 
26567 83858 
25404 34160 
73065 28166 
51650 41728 
69305 33803 
38187 66528 
62428 85670 
96986 68633 
92188 73456 
58657 36115 
1271 78371 
33779 6785 
3885 21915 
15018 70595 
10092 83297 
95287 51536 
90975 39822 
41402 54669 
35450 35508 
54932 3878 
93373 37132 
72376 89014 
21582 94093 
5335 87263 
49585 78686 
97997 22903 
59863 46794 
84034 82067 
34061 25484 
57947 4661 
50864 3649 
36896 34324 
33903 74550 
78237 19089 
38788 55051 
35257 20376 
37212 85276 
79025 5999 
3030 94603 
87790 74072 
30316 5135 
7041 78996 
16646 32164 
13116 8173 
26162 32664 
71145 88652 
6488 47479 
64189 86583 
71134 80590 
84533 99213 
74765 59786 
20451 29060 
2554 27005 
42102 72979 
66806 13780 
88792 55051 
54147 67472 
86500 81491 
94787 7332 
79310 98273 
31719 5961 
41362 87677 
52183 11358 
46905 48704 
6326 47490 
15258 68092 
78716 57216 
14712 3608 
97196 80381 
4868 69388 
60568 92038 
20395 34236 
41663 61009 
50895 18164 
75606 27368 
51308 99856 
74393 38938 
25234 28330 
18418 31519 
59552 65742 
63150 85332 
52913 75125 
64887 41015 
72929 6756 
73385 12540 
97324 29940 
61098 91534 
42826 3187 
58899 97735 
62254 75066 
46334 93720 
95025 60461 
857 48502 
89234 42535 
44918 4273 
74470 9380 
42409 73273 
53724 46166 
86680 67693 
99997 68524 
91189 44482 
88649 982 
40812 29080 
70056 75460 
86963 67353 
88799 49124 
72863 43371 
85416 18394 
56674 92189 
74608 36397 
59662 31411 
79899 24909 
4173 33072 
18832 8612 
21915 58252 
75134 89434 
6883 80850 
64642 21840 
59256 34054 
360 46074 
16668 23315 
88640 85733 
97500 63005 
43290 18452 
87173 10447 
87319 84047 
82891 90622 
23046 3200 
74909 27630 
90488 41508 
83079 24846 
1197 68740 
86325 64719 
30164 31163 
79616 31307 
71894 75991 
68162 93857 
18463 41361 
61726 28166 
97131 52647 
63333 93925 
12986 46493 
56113 30899 
78152 77673 
79602 84527 
73239 50641 
52581 22444 
79000 57644 
43332 57381 
36579 98276 
10221 49074 
43249 1584 
35557 18032 
67226 71140 
53943 67411 
69912 25928 
32659 75754 
56828 15463 
96102 92948 
39555 46271 
98895 44551 
80124 68640 
43005 25488 
6628 37521 
3064 43129 
34196 79523 
71044 51888 
99028 69111 
56554 6749 
14848 41467 
82231 51482 
90909 46903 
95058 48835 
8604 82256 
73907 54602 
39759 18436 
51208 35238 
3863 80070 
82369 29556 
3754 23143 
90400 59042 
49708 99621 
85208 98483 
80404 94188 
7076 28805 
15898 67602 
72106 7456 
32522 43562 
3726 8122 
32554 31588 
18852 1228 
92503 87077 
99873 69406 
13051 71533 
24370 78015 
60956 90899 
43318 49773 
88637 57998 
95492 24712 
40694 46262 
20896 21923 
8291 76263 
89265 57910 
72088 4000 
91018 17911 
82341 60442 
47543 21139 
60820 25545 
85260 68690 
73346 6765 
83647 13692 
14036 32020 
51273 47329 
62774 60152 
5829 51451 
25919 58082 
34264 28783 
46978 93228 
87347 85081 
78699 42140 
19332 4119 
40993 21913 
17871 26004 
50112 9606 
81908 12076 
93661 26732 
96028 55524 
43331 30801 
18576 75860 
42619 73988 
47817 17512 
80374 60172 
55539 58061 
62635 55927 
80686 20023 
25017 88454 
56989 71575 
85843 94056 
8014 96256 
26209 64412 
80651 9438 
97359 74731 
3789 224 
98031 67822 
52773 81446 
34823 11173 
72217 37554 
77194 40307 
59814 70463 
45356 51045 
42061 56773 
24092 5686 
79106 46303 
78472 73736 
20443 51505 
58440 36476 
95751 72 
18441 46483 
65903 48940 
45501 48174 
78027 86875 
84632 33480 
65460 84990 
73919 27980 
8550 89760 
53346 77116 
25455 91505 
91179 29578 
93481 42806 
79649 95474 
10925 45947 
87700 90641 
97023 76233 
22736 65235 
93299 58914 
45589 54678 
73489 71436 
3325 84140 
91151 99901 
93062 3879 
94199 38823 
46610 32124 
13804 86694 
30551 34588 
91468 56353 
89274 75292 
42528 88774 
19511 32058 
66965 31667 
54097 81855 
9112 20142 
49947 26111 
36687 75700 
20657 44182 
56571 21943 
27674 34358 
9838 657 
45644 26095 
91757 60274 
47318 24615 
23861 80261 
11317 79566 
64623 89583 
42094 53153 
82889 35148 
5590 99931 
33938 57038 
26349 60424 
71896 31304 
62299 13787 
4183 48258 
71911 30910 
43796 4439 
15132 18703 
43422 99800 
84245 48722 
1764 48186 
43762 18871 
16890 28789 
69434 5603 
24047 29013 
15684 25867 
96090 55088 
8003 42972 
3523 15739 
52282 18636 
28135 16385 
76602 34640 
99280 36551 
72628 81859 
75127 1607 
83564 41857 
22479 1403 
93546 66827 
58321 53034 
9344 97309 
3763 52699 
89446 43983 
66848 12515 
67869 99729 
14484 32137 
40437 41253 
15762 12170 
29813 25737 
39011 76616 
22255 87314 
63170 34970 
73794 90578 
20380 81092 
16504 3949 
21222 95595 
56533 14367 
26557 91274 
44727 16612 
20717 16938 
17979 75515 
9581 14049 
54835 77354 
14094 2675 
62414 57947 
54845 58532 
13395 19256 
26574 31267 
81555 23772 
42793 45624 
82305 86495 
90220 21796 
10675 68040 
70280 48974 
83360 9195 
20677 47030 
33748 37218 
3882 55237 
79230 17199 
21356 94090 
78646 18044 
62407 56510 
24377 11907 
24842 98132 
68387 28384 
50875 12848 
64399 40312 
6267 99420 
19470 66733 
93239 47742 
87345 40383 
28440 99181 
3293 2015 
36104 64457 
55503 51935 
3476 14641 
11687 10307 
20718 96105 
71173 12119 
80708 58625 
92565 90131 
45493 27372 
54954 79682 
95641 94115 
46715 12965 
66326 50757 
40047 57131 
39703 39157 
1750 90599 
6984 45241 
11096 4945 
35583 22502 
4219 65987 
76824 90254 
41085 66976 
27895 15384 
95913 59232 
18102 52851 
4801 51176 
23950 89808 
65369 25340 
30148 10973 
72381 34797 
44401 78760 
90589 5395 
42665 689 
11462 88195 
68518 38705 
13994 77786 
35427 312 
51441 36385 
83864 39789 
15627 41128 
26627 89273 
88372 2495 
75140 34113 
75618 85521 
77157 44652 
34007 2242 
11963 77488 
41931 33788 
83071 63247 
37499 83583 
20332 5048 
44399 59322 
53508 22084 
33281 30681 
47572 86121 
21083 12203 
96336 15241 
93644 76320 
55496 8740 
47944 10204 
58775 29901 
89522 91922 
1561 69196 
87865 76343 
95287 49497 
87997 49287 
92792 67009 
26 29608 
59965 96862 
40054 73220 
22225 30724 
75661 60509 
45725 55261 
37080 29162 
22644 24910 
91188 48088 
17529 30208 
39648 14992 
97371 13754 
94763 31 
11938 39940 
7077 51112 
12887 81650 
67235 22524 
234 47460 
81305 87977 
63030 36162 
23555 51490 
37394 72025 
3568 75205 
39558 43760 
45621 1849 
44173 42972 
67426 61398 
68822 73712 
62598 16447 
94569 83780 
36633 18834 
99328 50536 
19721 21286 
5921 39250 
81370 12147 
49951 40382 
1595 18699 
53926 83697 
11366 55158 
53565 21754 
1004 75112 
59823 73044 
9408 24981 
55851 15954 
49259 85035 
22021 28714 
93770 27555 
54055 77637 
49082 17921 
89431 66196 
63064 33738 
85462 70872 
76060 79526 
98765 6200 
2042 30100 
345 81097 
39663 44424 
23080 31261 
51847 53567 
79157 38362 
19869 41312 
3813 75711 
73252 4045 
78740 52242 
20384 97741 
63597 61890 
56375 54171 
17301 83822 
4494 75919 
22100 20499 
55413 329 
32935 5141 
4546 56228 
62164 57978 
51889 24071 
75455 21475 
21099 50087 
18518 58801 
74939 58091 
16290 56868 
52728 48811 
86309 35584 
32155 75879 
86223 28287 
22525 40107 
71735 64885 
29492 49209 
75739 58797 
92298 48834 
32043 71605 
83762 42592 
57732 5151 
80488 83687 
77146 49861 
56227 38846 
17352 173 
24816 96428 
30140 33230 
60807 14902 
98758 35341 
55680 85321 
68976 52263 
25421 12017 
3525 33945 
71321 99392 
96555 42144 
9972 69512 
495 90223 
30755 25179 
11517 88395 
9495 16174 
31817 74862 
5517 62589 
76980 23513 
95986 38485 
24957 32242 
56202 21517 
9506 12437 
77423 69794 
45430 19842 
24842 95864 
35546 89722 
77490 69590 
50031 65164 
59118 96593 
87646 36325 
64540 87001 
25323 40598 
9435 50466 
37662 8886 
83281 27678 
21156 81592 
64864 96103 
89265 59392 
67733 68188 
13969 98536 
18984 33998 
76994 8125 
38948 87065 
59659 57743 
81613 12140 
44119 57774 
16023 6661 
20759 31915 
77474 53876 
96589 61604 
93910 64933 
77720 45493 
97789 59655 
55329 83583 
66546 61303 
59033 65274 
95824 39301 
54137 13338 
98825 45749 
49982 11688 
42402 56444 
55470 23849 
75910 45243 
64769 91126 
82406 91756 
81368 84762 
83412 46697 
91803 74714 
58264 56644 
81787 69218 
96957 80550 
46896 73913 
91467 14010 
87604 17073 
84643 74128 
94144 88345 
38101 87753 
20564 42428 
50909 68938 
19258 26233 
59434 67637 
57433 98328 
75340 21018 
65103 22845 
73557 41157 
70623 36542 
24903 28490 
64217 7328 
79109 9064 
92544 25312 
43155 55457 
28082 93339 
67086 66174 
75973 12948 
44918 46391 
77893 93838 
61762 54113 
47680 50177 
69946 50135 
26609 85458 
56734 17621 
77592 9127 
74099 97685 
47047 72825 
37103 21079 
10754 61836 
61539 2861 
85780 28233 
3815 6885 
34356 6184 
86461 80042 
7607 7053 
41160 2314 
77090 52131 
77881 98081 
80362 64271 
93474 6523 
63102 6150 
65989 14544 
34829 22548 
42028 14322 
67810 16763 
13588 59428 
59522 67187 
98143 58364 
47839 69040 
81131 62481 
15104 68408 
53530 76383 
42362 40988 
78879 43275 
78205 56305 
53887 35137 
68090 59686 
84679 8171 
49404 98893 
86752 67678 
55190 20082 
30902 23311 
85149 58623 
99640 5609 
96389 54330 
89035 57789 
38366 27766 
89475 12944 
6541 64563 
5453 16127 
17539 68045 
29330 53242 
14903 56986 
66882 4213 
99017 4916 
23499 46628 
37412 40190 
99079 97824 
52310 51880 
6903 98362 
1202 75565 
27229 7889 
63149 65229 
29859 5576 
18645 92718 
51584 61630 
64076 54600 
94223 73847 
33173 7767 
16860 43707 
7317 99742 
31921 219 
84154 7425 
78908 66538 
39716 48876 
41878 4330 
63071 86739 
97164 63895 
64495 99048 
26382 14287 
58297 53400 
6414 26958 
99591 83863 
92865 38915 
10704 36496 
46364 26929 
67361 18978 
12154 83036 
27388 62602 
52556 93382 
75398 80768 
49173 87411 
25773 87111 
37127 42457 
73230 18537 
7139 99986 
5351 93677 
12937 74067 
94679 25671 
51251 10082 
69341 99672 
39575 82240 
20623 20120 
2895 2179 
43510 30549 
94764 47737 
21954 9614 
20374 10912 
64446 50996 
99679 7108 
67474 41979 
7191 83953 
34524 65771 
51689 17291 
6507 65965 
13889 84384 
65856 28117 
43047 59933 
60990 52967 
24461 89230 
60463 18641 
69038 54538 
86808 55031 
43363 65776 
98965 82542 
54101 74615 
89138 99539 
24131 32317 
35022 38092 
49441 85938 
1571 45953 
5615 34974 
17825 94257 
80648 51084 
63776 55027 
46859 97229 
89873 40335 
48838 69367 
57463 45855 
76636 23800 
32324 95522 
13834 46324 
85431 41172 
98647 65523 
55169 31279 
12890 11889 
3444 26266 
18410 76852 
54505 4407 
93499 31398 
39714 71929 
82852 22647 
84172 63707 
63770 78554 
61754 96803 
48614 15864 
14016 18116 
88916 64509 
75368 69534 
20091 92809 
72038 79228 
87351 42197 
65536 76121 
23218 57581 
92715 16059 
4920 30055 
13971 2836 
6025 52357 
18730 84984 
70780 24272 
53103 10130 
81966 35147 
28406 22699 
63432 93719 
41266 97895 
57046 71676 
86080 15131 
40446 76682 
68843 87478 
6759 73013 
37715 80164 
10368 23559 
30143 70848 
93849 35606 
98985 27082 
50341 54639 
20770 2294 
42919 65355 
8116 80621 
97947 27126 
45254 33042 
12893 92363 
40750 82513 
70800 30531 
44706 14204 
33349 8011 
9084 8419 
92379 54586 
79267 18422 
95753 80990 
92567 63141 
27648 98810 
25112 55611 
15581 33938 
72402 41997 
56952 17871 
70774 83198 
6372 87316 
67138 71262 
41725 21893 
22559 36232 
31715 2172 
91599 65553 
60508 75832 
53818 27771 
26185 78427 
86433 65057 
18809 67079 
57833 94918 
1251 90320 
90532 40489 
61305 35416 
89086 90925 
77155 65664 
53598 78667 
39921 84480 
2688 48720 
6809 40550 
11113 86609 
16276 18859 
26717 66284 
82682 46126 
68992 77023 
2034 75974 
27237 89235 
42739 9114 
70166 23094 
65671 46887 
50772 91038 
16411 72692 
40376 95455 
59159 5163 
53982 76211 
76628 69375 
35436 19232 
43103 87943 
55331 56931 
88933 2562 
37234 14057 
13831 98357 
68487 78420 
73684 18352 
70732 4926 
60965 23422 
2239 93515 
22368 74309 
39240 16822 
8978 86568 
36689 11795 
34029 36783 
213 90955 
21257 78925 
10484 73673 
62848 63449 
28862 85542 
70190 38520 
78854 24833 
92866 52701 
41812 49006 
1790 71524 
27225 91404 
80884 66527 
78108 78473 
48371 34677 
50168 81266 
33546 58530 
59803 1478 
67791 23052 
30453 61875 
9626 63714 
79416 43762 
12783 32283 
77973 89995 
63525 31689 
86511 71040 
58885 89400 
13299 93738 
71013 9928 
70677 17651 
44483 71422 
5642 32288 
3205 8721 
63157 39962 
1485 55832 
99976 83713 
39816 4465 
4407 57432 
80149 72091 
93096 36248 
37677 62929 
49845 69211 
96559 48318 
43369 83440 
95568 89142 
11052 59179 
56297 72287 
23957 48547 
81342 35532 
