97930 696 
12564 75948 
20473 7356 
1380 48637 
58919 39701 
2577 37822 
99681 79183 
32441 28610 
36883 34902 
31949 58318 
77796 20180 
68305 75898 
51647 79692 
48626 78846 
67116 98151 
84521 91434 
32724 562 
91727 66220 
1268 36189 
82499 61962 
24557 23635 
10097 75376 
7936 22792 
54515 81627 
35420 90968 
96504 69002 
95748 75066 
12966 36910 
77241 89502 
40972 63180 
15101 30393 
99919 36532 
68611 80553 
31786 93219 
77678 66977 
17944 92979 
98258 42742 
57668 18782 
44433 78624 
48265 87286 
71233 66245 
89649 12483 
16803 54187 
47231 73718 
85085 61265 
46148 1065 
90914 37033 
37136 5992 
8291 68597 
69783 53323 
59545 64940 
32393 91676 
58203 85207 
69412 33894 
71624 15812 
67079 6410 
772 42679 
5941 67066 
84007 9602 
14873 24590 
19333 1453 
25394 79748 
65319 41826 
17397 48151 
24691 48730 
67774 17727 
36620 49075 
61980 40095 
3802 12926 
5234 54374 
58651 31902 
74848 94402 
29285 32589 
88052 35920 
439 85474 
20778 98957 
77058 42644 
1955 32455 
49025 13394 
25214 73156 
24344 65877 
65281 88785 
45066 25066 
59861 86804 
25322 22539 
19517 94290 
54100 42006 
57784 91963 
86686 95956 
91709 15924 
8221 63482 
49017 24390 
90380 17049 
32274 63494 
77933 66882 
32704 56193 
35768 55644 
56723 81362 
58958 43190 
26785 6366 
98517 31465 
44812 85711 
83754 92967 
61238 40818 
28442 82704 
75635 91515 
92512 33231 
5905 18567 
33593 55054 
2183 98347 
23396 90621 
48904 65707 
22846 99096 
93863 29180 
6794 81231 
66653 83818 
4255 88939 
528 41309 
73349 2517 
51513 24438 
61445 99989 
16494 53537 
10521 87662 
88072 86251 
55297 8751 
48092 58771 
27469 97785 
94088 16624 
23203 2548 
13249 16166 
12994 52389 
67091 24140 
73150 12045 
26627 41950 
96323 23439 
2682 33760 
94898 4479 
48829 43086 
45506 43462 
75531 41257 
35524 476 
3187 62896 
63167 3055 
99083 48575 
11586 2346 
88655 32800 
64404 38191 
5012 86729 
55186 46753 
42313 49300 
46577 32725 
8407 57912 
16190 19646 
30003 20362 
85778 86474 
49738 53429 
67871 96343 
68613 50320 
19713 24274 
29587 29116 
88244 94656 
8521 57460 
1802 46399 
77185 44869 
14350 53954 
29723 43415 
36225 45738 
18750 99938 
91772 78044 
30145 58511 
28708 42107 
36666 20613 
66624 4776 
9671 32208 
12798 9113 
35484 81956 
92305 90245 
78397 62775 
36402 93923 
55800 70207 
48263 20493 
42619 85345 
18345 55369 
1995 17514 
93043 88600 
47084 62479 
9727 70748 
74864 65624 
98889 51 
77007 66390 
19830 86727 
25158 40173 
40156 94269 
48380 46966 
91355 14727 
69036 42223 
32800 95207 
40080 4724 
34739 96202 
31459 88678 
47223 28897 
46299 12852 
56333 88170 
8531 58226 
41724 70826 
52806 57461 
40191 44417 
64816 24443 
88820 11057 
65562 90200 
68256 92746 
6626 82706 
91728 49959 
45192 12378 
88684 33672 
97313 2548 
13236 62456 
25853 34712 
67094 10942 
5576 62099 
64261 93677 
21981 81871 
80490 29289 
2798 46257 
24340 73898 
51465 35934 
38646 19788 
50422 15223 
91332 65672 
28743 37913 
42685 78221 
43396 75045 
82585 81027 
6339 91479 
15650 26842 
687 6816 
34842 31632 
68363 38034 
64818 74917 
18895 36148 
75151 99823 
4487 97263 
60517 78449 
29966 49593 
60042 43367 
17909 92318 
41228 24466 
29033 89619 
5233 71871 
45819 3760 
79720 90262 
63399 84811 
53143 57712 
95897 21414 
69997 52998 
98669 96911 
50464 69392 
27341 88268 
19815 50025 
3050 91360 
33062 40194 
29948 55561 
58540 15353 
15849 62967 
40483 10043 
79767 93197 
95105 42626 
91158 73357 
7307 3458 
74830 24631 
85842 50017 
32763 81828 
3642 31480 
79497 80364 
96945 47416 
61290 76267 
22004 30470 
30895 89187 
71335 31320 
79588 35760 
32855 75683 
86009 51314 
34690 57791 
27386 81534 
56068 32473 
12904 62555 
409 68904 
41225 97888 
20582 33059 
54622 83647 
58274 73042 
60686 29727 
9509 91717 
19246 73915 
56573 4455 
46927 88360 
12965 96295 
74665 33368 
12448 12465 
4553 22204 
35884 38952 
51545 22404 
10249 55698 
22818 34011 
33090 73989 
83025 53244 
72636 1748 
77190 51292 
68883 15688 
34656 72237 
14212 57660 
57296 81551 
23405 14036 
3092 77190 
12449 81611 
12239 8982 
93064 71220 
87057 38843 
55665 51201 
29338 14270 
57264 86795 
59095 20656 
52832 88720 
87276 24135 
8721 44414 
91626 16016 
14962 68806 
49688 22254 
69622 78001 
15823 47039 
42856 58863 
90199 78212 
40898 80267 
16813 94081 
80964 67645 
64934 76117 
56869 41460 
93743 50109 
22142 2391 
73501 49514 
42539 31228 
38198 19079 
73041 59898 
74482 54253 
95796 61504 
9507 2447 
14936 1930 
46435 35937 
41784 93284 
10445 42966 
19712 90347 
10419 73599 
31718 75206 
91846 19903 
5819 82351 
55074 6248 
83401 26810 
39643 14822 
43925 11232 
30258 73917 
85719 4369 
22857 92067 
47059 3012 
257 29870 
14360 12193 
6038 63088 
4984 4372 
72591 5588 
31051 47278 
54684 28756 
47601 22260 
43425 35189 
63549 90213 
87155 18802 
47106 556 
25611 70924 
88672 80213 
51584 72519 
93704 84205 
50353 46371 
65630 37191 
31317 29871 
4626 46192 
58546 68997 
91915 18734 
7386 27153 
51211 77755 
22767 48698 
79032 24905 
31541 16337 
13841 67231 
65967 93981 
70310 88729 
88343 52241 
99465 17916 
67854 32418 
48093 15275 
49843 16676 
81498 80346 
74997 37009 
2540 57225 
51368 73696 
46862 99363 
55663 65111 
59333 39803 
41913 75102 
59913 1389 
65403 41550 
88535 72973 
87671 60333 
78049 72270 
14398 42576 
41874 13788 
32202 19893 
78740 1101 
52588 62295 
90718 66784 
41775 16447 
82759 90410 
13596 68219 
62000 35304 
89380 82729 
83377 58097 
83462 77567 
94376 61649 
55933 40409 
16286 81520 
85203 10975 
61853 18944 
52197 9046 
30014 59112 
95214 5238 
37185 42608 
89925 99280 
41605 89930 
32532 91733 
92276 14325 
55736 9404 
87319 96514 
86967 72168 
57869 36395 
66258 69440 
3129 41459 
77125 48281 
89791 59369 
8041 1881 
94768 13081 
54332 87155 
14000 50845 
90747 93228 
82106 80576 
93487 28765 
47723 18336 
67156 95463 
27610 44050 
36841 67408 
18938 24067 
98487 1604 
83660 29828 
81731 63666 
31461 54635 
68543 64472 
18483 6419 
28283 68524 
47918 33381 
75223 52826 
5471 21531 
28095 66293 
87857 88394 
52887 63991 
85657 85530 
99920 67989 
63268 14024 
4106 37135 
38094 51729 
3363 11785 
98775 88796 
44306 36317 
17930 68904 
86604 52198 
8775 37619 
87833 97466 
46921 6417 
49171 44639 
28772 51181 
28936 58420 
66158 77352 
85773 56978 
23189 413 
96194 16167 
85781 10033 
2204 64745 
16919 8920 
83915 80430 
91425 43343 
19348 11637 
22866 71272 
88992 17739 
92186 46207 
6283 41940 
62771 30039 
6761 5126 
19858 86647 
8514 36529 
3555 49456 
64364 37586 
14211 790 
62344 9079 
56471 48628 
95129 58448 
54079 37232 
11397 44125 
11322 82143 
82492 6786 
19017 77132 
66311 83618 
2996 81000 
26970 1025 
91299 55440 
73624 93611 
32618 91733 
14701 2873 
33018 33641 
84850 67718 
90543 76626 
91072 30719 
98054 99415 
41782 48994 
53488 62910 
67947 16642 
63683 93594 
19022 76858 
53056 53829 
18002 26176 
91578 89810 
89761 90726 
37913 39469 
34704 84957 
52984 77226 
5826 46967 
76897 70244 
61425 81407 
77820 21745 
7995 30846 
75306 80915 
18229 39588 
12480 6074 
7628 70075 
1653 78052 
79827 81371 
96099 74048 
5583 81633 
47133 28818 
83231 22056 
90044 29596 
39485 8473 
65084 13966 
68618 68586 
20403 65744 
75312 27778 
62690 32945 
81916 14496 
18231 24045 
84358 37392 
42215 73996 
92632 50741 
67325 9822 
71560 52071 
14009 87147 
5437 36532 
94287 13621 
46214 66199 
28567 22970 
69018 99339 
60643 14263 
51100 64602 
99908 25020 
10725 58177 
41793 63879 
91023 88107 
17525 88824 
50515 89345 
2536 80332 
26789 85482 
69188 25324 
72715 78734 
3961 97404 
25639 8400 
21853 91659 
59125 29854 
1447 48142 
84143 31070 
32958 77176 
11962 21728 
18558 81758 
64581 1172 
89346 57564 
20175 35775 
6580 39473 
10816 53731 
96114 55001 
47643 95844 
24479 39686 
34693 44589 
62621 67201 
46763 90526 
99042 47871 
88953 85094 
57948 53253 
25958 71883 
49959 31587 
67705 84659 
33053 89155 
24605 49750 
89626 25995 
449 32834 
31905 30901 
73915 25732 
32422 60260 
30680 77518 
38849 48058 
47266 36047 
73231 20249 
95086 80969 
34477 15678 
28511 97355 
19975 47900 
44350 60238 
57262 77469 
51782 74714 
89923 2661 
71573 43674 
93235 18100 
91295 15795 
4540 35379 
39345 143 
40947 7527 
4676 20512 
42643 50045 
21462 22601 
24009 5248 
58331 40191 
36630 53773 
316 72647 
48456 37360 
88360 25435 
21547 20411 
85970 17729 
27205 84316 
75547 66812 
71760 18169 
47938 17602 
18880 42272 
37931 97510 
84993 76658 
75678 41720 
53259 45921 
69476 52110 
98503 93732 
8818 24167 
40618 65687 
78358 600 
47161 7519 
3133 87793 
87234 17190 
3384 1785 
98187 84036 
23281 94185 
64304 45861 
12056 45227 
22328 95778 
78327 1112 
2564 74597 
8797 75861 
86228 91666 
41053 34089 
9857 27358 
6855 20415 
75765 83754 
17082 3696 
33926 66577 
42407 59792 
85110 1078 
54833 25306 
17689 7297 
34357 16540 
31289 86043 
12312 22836 
19267 95903 
18379 51564 
78999 33734 
21760 23193 
94037 66358 
8682 89203 
85450 99539 
18183 73033 
60958 11825 
66044 14832 
3 25493 
22760 34479 
451 34559 
75610 14116 
78359 60704 
97163 41449 
56097 61980 
62982 48059 
96073 76277 
9795 23220 
37409 41792 
2108 83000 
71156 116 
79962 26878 
45953 54062 
93496 19675 
30534 21993 
90997 95286 
72081 3133 
16253 90508 
80120 44279 
88357 82227 
34543 77266 
82481 19255 
63276 78728 
3692 11341 
60234 88912 
47538 62153 
17421 14699 
70921 10515 
26361 33486 
54676 74706 
63563 9210 
25318 78355 
12272 29549 
17578 73257 
88506 74221 
1628 64389 
33236 28286 
69311 85476 
4505 61524 
72230 69630 
53419 5159 
31200 8917 
96136 70639 
91358 99154 
339 71641 
80148 21775 
89150 30109 
36400 23329 
28048 69916 
17923 14984 
1056 27570 
62289 29320 
1327 38430 
70905 39810 
58233 89010 
10001 69540 
98140 61192 
73836 90056 
89303 32585 
35179 38660 
52628 38710 
16074 63043 
29556 47397 
47891 35838 
85895 43455 
53860 68492 
96168 72619 
79545 93793 
96867 47744 
17135 79456 
19012 77356 
17976 81375 
10475 36931 
64400 44437 
36783 66638 
76718 11270 
5434 45798 
64150 4835 
93250 63934 
89475 9476 
68890 81038 
6392 86862 
93357 45572 
45810 28190 
50187 17711 
72757 62072 
3978 27464 
9069 8759 
11029 82582 
18739 95628 
9053 29518 
82551 26318 
94304 62216 
46550 26479 
53911 68141 
14941 72767 
58826 98720 
72138 48551 
38503 52204 
61027 59728 
52271 61040 
14851 87121 
44354 82878 
38708 48113 
19568 4683 
63294 89498 
4961 82722 
48311 35958 
69008 57764 
95869 74161 
54431 4414 
45244 61145 
43345 96275 
59530 7488 
14107 94522 
81978 679 
68142 96449 
35259 2222 
1954 12697 
60396 73126 
74642 77130 
43785 56812 
74477 31681 
60512 75886 
19415 70024 
70060 79768 
35923 68529 
36580 13923 
48065 80733 
10002 68173 
74546 22424 
96606 1594 
75237 28449 
68032 34495 
10687 19479 
6282 44225 
78218 77217 
58907 832 
66448 89924 
83354 31063 
26376 96636 
92379 4740 
91720 28057 
73442 96263 
93711 14912 
44181 85778 
6328 10359 
23328 29526 
26788 52133 
41867 46909 
43061 72159 
92727 43053 
65310 46671 
19018 9910 
1353 68238 
70551 26439 
37596 12588 
16326 8914 
46380 67772 
86696 46153 
78239 90955 
33078 91237 
13342 58990 
35354 71249 
40198 82957 
57550 19631 
1689 63952 
50864 31937 
98603 77685 
29830 95090 
69057 88825 
2136 42672 
68522 12501 
15583 44372 
59693 60060 
96642 46380 
83971 28865 
94281 41352 
27116 21850 
10001 61487 
10423 11527 
90398 56371 
35787 95268 
82176 38365 
88086 23957 
1104 52703 
51562 24464 
46289 56854 
28214 77913 
98963 74289 
55682 60331 
81079 21499 
9720 40 
13147 93883 
42066 57006 
3009 36132 
48348 83385 
17700 15733 
82684 81621 
39050 64452 
35677 36719 
80341 51965 
70766 62675 
46144 8232 
70228 69566 
50341 16785 
76607 27430 
68378 59806 
27921 75809 
88991 7651 
75756 3716 
47863 10467 
44169 3792 
71158 67560 
34325 86538 
30352 21420 
4859 25779 
11467 47577 
61210 94871 
31611 88931 
68493 44688 
93604 13764 
61970 69044 
55543 60314 
66757 965 
6277 67636 
54147 84092 
80101 82390 
55770 67515 
14328 74283 
28770 79469 
51991 89066 
15300 45550 
18534 17319 
67838 30524 
56188 59680 
18193 99280 
82590 24771 
52520 12115 
51277 4725 
17291 92303 
30814 35069 
21854 29756 
86637 60636 
22102 13612 
45063 97269 
66705 18699 
42484 238 
62489 6091 
14404 24650 
68750 36326 
58782 90526 
61641 35403 
16027 45830 
19253 98248 
44052 54399 
65593 62152 
30942 22535 
77397 33507 
80075 18001 
1562 5216 
22953 28166 
52939 59258 
63523 50303 
62361 9137 
34444 6306 
22951 344 
50523 26566 
39163 53459 
77476 53302 
17420 4124 
95174 72329 
49871 66913 
23726 94070 
33459 25973 
98024 69562 
35372 34322 
21766 45255 
62915 85829 
5543 31624 
20927 9137 
95215 84896 
43112 21185 
26581 78665 
64972 69481 
275 72724 
65528 86906 
56847 70116 
42598 80592 
46149 90257 
2135 77277 
27418 75902 
35960 51569 
6891 94795 
34206 70659 
18287 93031 
28904 99290 
78168 6500 
93319 22153 
2981 39180 
28053 57412 
57474 72662 
49345 54654 
15245 79937 
57640 93338 
51300 78322 
5190 23697 
53829 71332 
334 21029 
37780 97368 
83028 56471 
66372 24293 
81341 22576 
38329 3268 
11827 90411 
78420 22680 
18035 16398 
76784 83556 
50907 61731 
58570 51522 
82388 34974 
29566 27237 
9309 19320 
35784 17112 
48465 99990 
95386 79234 
45733 64373 
9857 65593 
22252 7796 
37996 81016 
58816 41141 
21086 31673 
76075 63065 
80513 41567 
2515 29215 
70128 74123 
34884 23535 
54827 7814 
86357 12712 
4084 79677 
86665 43740 
34608 28671 
45325 26765 
9808 41996 
14241 30605 
5426 31826 
89147 6702 
80471 47326 
70734 48811 
50510 57429 
65745 90309 
46388 23490 
45953 38805 
55643 17802 
98625 48569 
86117 33856 
95966 35355 
61728 77326 
82954 45256 
58863 22928 
33133 99546 
18530 71640 
50108 50795 
24190 45188 
98859 2086 
18104 10292 
35450 60754 
40051 33841 
66327 20845 
11447 31987 
9090 94382 
55177 91099 
45497 40483 
36860 6565 
54423 73568 
36805 6644 
87603 67086 
13562 2861 
4177 7617 
99793 35911 
11458 95682 
79049 66571 
68762 34231 
28118 94835 
98781 93539 
73738 77287 
16668 92097 
4778 52693 
30865 87129 
1384 78817 
91697 25449 
91118 29701 
63805 65654 
18812 1949 
76770 46025 
21588 30977 
64581 39012 
33463 23796 
39098 2781 
4953 73546 
55255 13117 
12269 32854 
16464 34772 
47973 87993 
37536 70439 
30388 93921 
29398 7582 
42564 1433 
94998 68670 
13297 32019 
28997 58697 
82452 33418 
95201 95401 
50768 79456 
15165 2209 
353 61437 
38985 41700 
86242 55166 
85031 68243 
41669 37638 
29206 82487 
10116 70478 
96315 77497 
15741 63421 
56180 76588 
10451 80439 
55416 76289 
90650 53535 
22089 24370 
59635 24848 
64962 82496 
22612 46326 
51636 45831 
40498 28129 
90620 17777 
35943 41777 
61191 67059 
40401 52195 
31908 26478 
94654 73970 
83711 27924 
66817 21427 
6785 6596 
31651 49630 
71694 48916 
62924 63926 
84782 3208 
26587 9369 
25424 20009 
26707 38174 
28436 39738 
48359 93289 
18795 99439 
62113 39235 
27807 87477 
3281 17574 
19949 35294 
15742 3649 
37820 98715 
54944 93718 
29023 47806 
77623 57148 
53220 53908 
6768 47022 
80252 35228 
49562 74352 
80893 98244 
63284 16009 
80697 91194 
9596 44563 
94322 68020 
11139 39397 
82871 46451 
26062 62817 
79945 32201 
85853 62258 
13520 72853 
99793 90322 
10176 99565 
15340 18020 
5832 12506 
37967 53433 
2864 66829 
56206 67950 
7325 19957 
88113 75292 
51943 8122 
63849 4741 
60708 30317 
85798 59286 
39047 31229 
62358 51870 
79945 91209 
94507 68457 
60857 50966 
5252 15351 
68819 21429 
41232 70008 
31939 55100 
43049 69522 
54239 84218 
76283 39036 
47844 63193 
38703 83518 
31572 88021 
10847 40653 
18230 3756 
96906 20063 
44250 52643 
10794 34607 
4780 60121 
98282 63223 
44939 3677 
50262 71578 
23676 60402 
54488 56759 
10507 83101 
53527 75253 
97389 11949 
25233 59726 
8083 88931 
78670 29351 
65570 5679 
63230 50951 
34462 81834 
21576 13721 
89782 40681 
78104 39039 
76116 21566 
43751 58661 
11855 44474 
35268 59540 
62082 21155 
52506 11595 
50635 89323 
30773 65919 
7002 31692 
86989 35253 
46869 29995 
8166 45982 
66560 95648 
88613 81489 
91015 13340 
8358 20373 
52601 31579 
59370 9880 
93737 35111 
68520 4810 
80187 38138 
36566 45253 
83835 44378 
11029 42682 
43854 30261 
37475 93263 
43404 20961 
88468 39657 
45352 45429 
52445 58192 
14959 76252 
75707 56938 
20105 82903 
89960 32071 
40309 52824 
25076 44807 
34688 63802 
2173 49307 
15943 23209 
25646 23101 
52565 24938 
44436 25918 
74690 13256 
32626 40254 
90357 84283 
47330 27547 
28418 437 
57915 67562 
11921 40963 
4724 35373 
31545 62499 
37787 10281 
32477 97676 
6364 4075 
50116 76862 
18768 42235 
30081 18408 
68517 30984 
46224 96141 
27681 95550 
86685 59360 
41189 80557 
12530 50192 
16903 62156 
6060 35960 
95418 33326 
16659 50060 
837 88715 
80848 13854 
19178 53457 
40222 94239 
24613 71595 
6007 36770 
75384 94053 
22246 2617 
31040 83543 
60910 29144 
543 84357 
41767 28502 
16824 88694 
7375 36403 
47543 67975 
99355 24126 
94063 27554 
75879 90780 
1105 86284 
82339 60011 
98033 78609 
37228 15576 
19418 26144 
23490 23585 
7297 28178 
81955 5735 
80459 76062 
87940 47449 
67124 5178 
54692 47644 
36532 59960 
48085 42673 
32267 62422 
15805 66031 
5525 42668 
31263 37525 
70085 11097 
27543 10864 
52407 26295 
49940 47011 
90044 40064 
86967 22134 
39490 81616 
49203 23624 
90610 76617 
52938 35416 
48951 83620 
31301 64693 
39538 70347 
39406 16105 
6147 45346 
42008 76717 
28593 6749 
72289 35195 
57237 69166 
28579 22080 
68693 82203 
32199 24529 
79615 59637 
4060 98536 
16515 96995 
30271 74367 
28679 67084 
77710 26856 
48563 47983 
89376 61201 
49455 56030 
36314 47020 
23717 27587 
27976 18687 
6583 17634 
86150 48359 
286 60708 
68886 89581 
11180 70268 
90362 84020 
98569 36246 
20208 21592 
48108 17376 
61525 45167 
24946 14833 
711 95013 
32147 56754 
94148 95276 
98521 19449 
6912 95049 
46601 60392 
46903 89958 
46319 40528 
44125 66710 
42844 69021 
9318 32653 
58059 12226 
68754 15174 
4331 70507 
12723 41629 
16524 41472 
14082 39506 
3574 56222 
70210 28646 
44535 96454 
96831 12618 
5616 74544 
55354 14688 
34550 86168 
26755 45374 
96514 25628 
54492 33156 
51900 87686 
66531 97714 
40333 66575 
52298 95904 
27683 2768 
14213 24706 
93185 21154 
35433 22519 
82324 50478 
5525 70395 
27822 13206 
24036 58225 
45822 27417 
58235 47362 
47292 67886 
65815 30812 
65701 92245 
5907 64870 
91183 49863 
52511 21968 
18678 56108 
93268 93485 
62969 32637 
43492 53421 
67056 85624 
30471 79077 
31963 18103 
6254 13264 
25877 50063 
28523 44076 
88411 50507 
8582 72872 
31829 69360 
63126 38888 
55227 93935 
22149 69778 
29941 44616 
39218 31345 
84892 67469 
22305 56929 
19065 77699 
53460 47094 
95031 57163 
93839 43685 
22171 11622 
76953 98815 
21181 48964 
77460 78964 
72477 48304 
5435 67142 
90275 51735 
16776 51926 
31408 25379 
49231 21203 
43343 4510 
90538 10580 
79419 58683 
60228 91647 
60956 87120 
39903 23710 
45694 82060 
18119 34060 
69930 78338 
25488 36509 
67731 41133 
23212 45665 
34799 30685 
73987 95303 
96825 22670 
68045 23178 
62572 56027 
99107 41776 
90488 26202 
85080 74735 
74296 41107 
6588 2064 
57784 9512 
92747 23763 
21943 37169 
18085 21123 
48634 64662 
87100 67685 
54118 92782 
73664 17758 
3074 6169 
51347 79373 
59133 24041 
97684 60702 
1507 78002 
80525 64201 
38931 41259 
37827 91134 
81941 11007 
43580 10626 
92403 76299 
12054 42034 
15255 87435 
30130 97164 
11594 79693 
23228 29759 
54482 94186 
54154 43664 
19327 81680 
26200 18231 
99145 71421 
11900 19757 
1751 36304 
57093 81132 
40650 88191 
16255 48392 
14336 92725 
59580 12489 
79756 1703 
54853 67328 
64819 62859 
67893 61050 
32142 81882 
44191 36481 
1639 79519 
31349 88837 
63071 7862 
77003 4026 
61352 64167 
90155 79252 
17189 68049 
85178 69129 
53549 48441 
37241 45164 
34455 20389 
65469 4204 
86812 18588 
25919 12317 
68226 94496 
40268 24597 
64185 76935 
8093 78501 
46520 42266 
50718 18576 
1720 39562 
12829 73834 
42455 68628 
4410 75510 
48576 14291 
9 72575 
44893 99068 
24954 75156 
12205 28150 
48869 31841 
45305 65564 
75663 25912 
17148 98449 
66164 57626 
81859 17582 
54645 64950 
50933 66594 
23737 23519 
6772 89759 
83540 58105 
75611 38811 
60252 92490 
67906 82934 
37191 62420 
8439 2884 
6861 17163 
20661 40144 
86498 39235 
223 15076 
21568 18946 
11154 24243 
51732 30709 
64841 76355 
42056 71413 
96710 28780 
88567 37662 
38458 42082 
91741 38334 
94682 78777 
54099 61638 
71950 34286 
98821 41745 
75609 3035 
25119 99075 
85057 50674 
13092 60433 
41736 84637 
65901 462 
35767 89522 
30276 84245 
56906 21260 
67777 32394 
83469 34576 
58652 74605 
18836 51951 
7759 5396 
49368 69111 
87739 6626 
89808 32003 
98471 55420 
2690 13289 
43803 93210 
26769 62581 
26675 91903 
26191 3954 
41949 16530 
76872 6719 
2624 50263 
39484 61001 
69572 17280 
29472 48352 
67545 11753 
83700 9472 
60921 17084 
40582 76005 
31486 78527 
95999 51505 
47556 74462 
70813 97792 
38811 16843 
27448 7289 
94448 99727 
2820 19352 
83607 6267 
82775 69151 
56499 79227 
29250 41387 
22255 57784 
85527 37933 
15243 84298 
27230 58407 
55451 88705 
97136 35790 
80497 65343 
60394 65359 
76929 67253 
43413 14545 
66718 56398 
74470 3753 
11150 64722 
26984 3754 
78851 40614 
77452 3947 
87235 78110 
29194 67612 
67408 52006 
20352 5209 
21396 11100 
29972 64843 
37564 13888 
19568 60218 
5136 26288 
99197 30713 
22030 39371 
86875 55636 
21481 6549 
38071 25321 
52466 44322 
58050 5382 
36513 88435 
74001 17277 
89194 48165 
36155 98269 
38467 55481 
37535 96944 
93995 62924 
90490 6626 
21660 4333 
74839 38359 
55737 95899 
77231 87556 
37510 21562 
74246 53987 
3607 16352 
72772 33469 
59923 34079 
10395 11438 
67715 61612 
35778 53523 
37308 21024 
34457 6300 
71831 82980 
38976 92626 
28476 30 
63990 10219 
68024 56819 
36696 19637 
44708 25746 
50919 38368 
47966 11235 
59167 41391 
45239 63516 
31159 5456 
90669 43725 
49603 24209 
58437 26098 
84409 64395 
31417 30193 
85075 29531 
25936 86318 
57615 46795 
61666 50713 
47205 95290 
91987 3550 
30636 49401 
94669 82445 
33672 19703 
85298 26909 
27609 35628 
56594 35082 
26573 29093 
65629 63051 
2548 46333 
87908 29225 
58631 36385 
32398 21467 
52677 38960 
64780 43069 
43290 21935 
17578 75167 
38023 99196 
75278 77807 
59681 93312 
10136 99643 
10779 94296 
10125 17121 
8509 5683 
84291 77993 
82954 62191 
52776 81167 
79850 49444 
28855 85111 
85829 55545 
78578 441 
98889 36728 
99911 88822 
99726 84882 
97796 59909 
40605 43440 
44110 30862 
57616 29936 
2242 88800 
29427 88461 
64845 75584 
51076 13362 
306 96455 
64870 56647 
28563 39286 
92111 55947 
50124 79608 
39173 97281 
33492 38054 
9354 57454 
25671 51508 
37947 54608 
88032 17002 
82171 72260 
75528 68259 
39851 12101 
71101 48816 
41168 73907 
59109 52773 
56322 57086 
71671 14465 
88632 27719 
70084 41734 
77353 97384 
29782 4004 
17419 15623 
81799 5946 
14361 86599 
26295 330 
31790 82313 
74422 19477 
56135 39690 
93643 33799 
98733 96897 
28618 77971 
78900 45479 
44848 20590 
83272 49172 
95483 91530 
76500 7731 
43080 22700 
46277 24663 
77529 2556 
1722 71436 
59004 92474 
8305 27572 
80473 3937 
34773 15955 
88201 89550 
7968 45768 
20599 57968 
19928 21647 
25915 83111 
8365 76970 
97457 41412 
36363 41637 
21395 77340 
30072 60255 
66667 67074 
94193 35354 
59101 22963 
14226 82039 
72593 57279 
71721 45484 
39036 2771 
44198 50663 
25648 69667 
34923 24981 
53471 4019 
79394 58731 
34007 664 
5183 45766 
82332 15581 
79675 77341 
24478 17046 
66289 45769 
54499 12759 
23933 51345 
12311 90968 
26709 95947 
47314 17641 
51324 89781 
4701 38864 
78164 93918 
21525 47882 
78683 70620 
47756 89595 
16510 15850 
13964 91818 
72624 3965 
51693 32244 
15944 83256 
35208 72795 
79866 22840 
54030 18949 
72562 26321 
44488 90597 
44261 95725 
5533 23157 
58259 50413 
99119 52879 
64086 79952 
88697 78699 
51019 37416 
719 34476 
68072 60125 
3509 50070 
32580 38519 
85466 27506 
13717 40701 
80275 9308 
69511 40109 
30676 70122 
36380 86852 
4267 19857 
18709 9412 
74966 66836 
2681 32784 
61954 52821 
23330 51504 
74251 38292 
46719 1622 
43597 85973 
90169 34363 
40862 63368 
92621 6018 
61954 60933 
64514 63570 
38041 1525 
91949 23614 
71871 98899 
43475 13322 
27070 8263 
29460 66518 
529 309 
93817 45391 
89322 81597 
75761 88902 
23103 78850 
65303 72668 
70474 2432 
90351 1901 
43604 5176 
15570 48932 
19165 56735 
3576 89915 
65669 60749 
87546 91488 
17360 52386 
31020 47495 
63060 27180 
5433 68316 
24684 68607 
98829 80909 
84653 61465 
80260 6361 
83991 857 
83501 43572 
53653 32508 
41037 2622 
60436 89076 
94650 99451 
45841 19318 
32504 44663 
11319 42182 
54256 33593 
56577 96276 
45519 72199 
8953 96707 
50929 53928 
91356 55853 
71068 36388 
63844 72450 
72688 53467 
39668 44184 
93946 38487 
20420 13059 
46780 27060 
16928 9872 
67092 54481 
22608 24418 
40050 61828 
84248 91430 
32626 77366 
71491 48730 
98385 45437 
80810 93736 
80575 33689 
22335 37195 
28735 61329 
28610 28901 
61319 56013 
93244 9167 
52239 65070 
94335 21937 
92777 17930 
82702 10683 
81965 60947 
18142 6619 
28328 63273 
18282 10251 
3779 22954 
44105 61926 
76510 86169 
83766 94794 
63866 29309 
12091 64459 
88487 43554 
96971 53636 
91406 4649 
95835 57216 
54319 6822 
35514 63423 
9935 89029 
96976 60129 
74039 84226 
32815 11866 
15895 77881 
29825 72742 
94556 70668 
91569 23197 
27897 2063 
56626 44420 
28403 6548 
86983 73243 
35203 42148 
58076 12494 
95340 52273 
57025 6979 
98955 96081 
48874 33714 
52832 10102 
1961 96479 
84658 44355 
73053 59413 
6413 49940 
40432 2143 
29428 81849 
38883 29769 
15961 20744 
94359 25092 
72543 10452 
78080 87552 
38884 54166 
99914 63618 
2778 11635 
39116 36756 
76250 92077 
66849 11588 
1075 43096 
49378 96498 
12863 94620 
33431 61689 
82034 28624 
5944 25574 
67310 10426 
89251 1396 
62765 35326 
79749 18073 
92988 15631 
63184 14571 
12599 57350 
42897 95424 
96128 53345 
98750 26570 
62179 50252 
53893 45285 
61839 30199 
64156 55748 
75454 85145 
60555 82648 
4174 51628 
69266 59264 
13080 16763 
5371 33557 
81247 2514 
86795 86070 
40750 84603 
43078 66837 
41407 4841 
99953 74964 
60969 91249 
5205 24210 
91490 8997 
23842 60626 
71787 27061 
71379 24204 
3165 367 
72846 75489 
81010 35334 
32122 40227 
98382 27852 
71291 60377 
29393 37091 
52938 78220 
79950 85966 
29644 21760 
1350 59636 
74434 4263 
98249 7135 
33498 98554 
26680 38016 
8252 97520 
70100 45856 
17640 26328 
1829 83531 
13567 28940 
90803 61342 
22428 11824 
84208 38430 
63932 91070 
5358 30305 
54784 55678 
38078 60937 
39220 29396 
29897 46507 
1036 86224 
35520 9745 
2436 50600 
39321 88735 
63891 92289 
41008 22118 
46171 8101 
62179 63819 
20802 67850 
33087 4748 
18444 90309 
48789 56354 
25991 6461 
41696 81495 
62724 61941 
3631 41754 
3396 8326 
4627 67171 
31874 33827 
98005 44288 
2813 87917 
71652 61480 
60795 61568 
4002 46723 
16484 95029 
9825 82285 
7538 98450 
15773 83241 
78417 87155 
88482 82320 
97637 53011 
49130 72236 
93681 16081 
47442 18501 
31442 26633 
35485 70666 
69964 16581 
76943 67965 
39208 31563 
51154 56576 
48640 10111 
62810 9992 
93716 14755 
48025 71448 
57626 61395 
75385 17939 
15178 37917 
76622 79003 
33282 50777 
5723 30328 
28203 89150 
17568 22113 
83634 50254 
77584 95238 
55582 26586 
62476 84453 
90167 16057 
88716 7127 
58668 79396 
10269 88537 
70474 35690 
59968 80239 
59102 56573 
69949 86772 
49008 92304 
95733 27725 
1664 38877 
85845 27186 
8217 34302 
84235 40625 
43004 54321 
26330 453 
17319 63070 
91191 85854 
76028 62611 
2045 99866 
60989 76710 
25352 67322 
24702 98912 
4635 50896 
15214 32689 
79431 19344 
69026 52336 
82013 91980 
42591 17270 
74959 26461 
84974 79548 
91166 13175 
4335 34634 
64556 88836 
9129 78871 
94535 84318 
11247 53568 
70153 77345 
62812 75288 
90953 29336 
60931 74632 
60668 47513 
95441 91734 
97189 28347 
33502 5664 
97663 6439 
31913 7053 
21094 54189 
43070 58548 
2487 51842 
33755 26035 
92372 75022 
67255 5110 
23426 27373 
8814 11896 
41986 79637 
1996 55039 
6371 63337 
29262 56623 
46227 7120 
13936 43736 
97537 96957 
42665 89539 
76443 87507 
87624 42962 
31714 91334 
85893 49512 
20459 25075 
89823 32194 
84606 97223 
36641 71175 
66703 80900 
98177 93561 
92744 26788 
62303 60560 
67036 36340 
66501 18273 
69496 33465 
51000 60534 
19332 44059 
23967 37410 
70707 17073 
34494 31422 
35788 98262 
30453 14980 
88452 98314 
37777 97218 
88014 80751 
35307 66126 
76448 31811 
15086 32766 
44892 64471 
11807 88380 
35625 51813 
57120 92301 
44234 81163 
64575 18846 
13372 69711 
79219 4754 
64251 84784 
32209 55213 
94982 67515 
25267 86189 
85848 67317 
32409 3474 
90804 56418 
47100 44788 
61759 8629 
21844 40263 
47613 94598 
44163 78753 
33546 66999 
68051 2682 
37737 83392 
73196 92527 
62462 41978 
55599 43508 
4421 85991 
62717 81724 
65209 66200 
73825 14693 
66974 37785 
92053 62159 
70603 7802 
58360 67019 
14204 42515 
19703 43356 
38151 90081 
83759 78817 
39651 73349 
70775 71951 
4568 60038 
29456 51638 
97137 23050 
18297 95350 
49251 62444 
66348 35757 
80161 72350 
18126 21056 
94709 1072 
36241 73415 
53630 70700 
82259 72047 
82985 93729 
21453 72680 
91466 48502 
283 63588 
94071 52740 
26814 49814 
98588 4993 
43750 51887 
97338 47515 
21348 3055 
20795 40912 
13226 29963 
51998 30840 
11888 5680 
71057 30081 
12796 71135 
97609 35545 
45902 31258 
25737 49052 
61772 45508 
639 73165 
65788 48976 
69259 8962 
78390 59865 
48113 91266 
61903 51933 
90726 58728 
95243 96330 
4341 71047 
96600 6284 
61024 53723 
91230 50220 
71767 71881 
96524 34135 
43909 9084 
49780 92454 
21928 54420 
35453 68072 
19604 81785 
78109 6929 
87566 38918 
54926 40222 
24415 50609 
47298 78231 
31880 80397 
94947 93727 
34886 88178 
37931 30097 
35958 67315 
32009 29527 
50008 44162 
1079 40000 
70393 75361 
46721 26350 
49990 83823 
69382 80253 
42098 33023 
68295 96781 
35128 51020 
78005 61028 
32339 80577 
68156 67322 
73258 49832 
80228 75670 
67002 29122 
99955 95316 
9334 63928 
67434 73709 
85107 51315 
8226 60636 
15636 57823 
28267 11948 
96587 60447 
52981 95025 
86123 29177 
6717 59029 
45344 59487 
22484 36984 
3448 6253 
43911 53860 
18603 66746 
31490 25087 
32153 9695 
13354 43298 
68578 49806 
27194 67625 
16555 22761 
84413 49472 
37457 24335 
50178 51464 
86845 39145 
73787 42148 
1739 99454 
22599 78008 
1908 82535 
69737 16516 
76921 76278 
60905 39159 
82386 17051 
38845 1794 
48565 31273 
35329 71164 
12494 92689 
50062 51041 
20743 41085 
23431 49239 
14115 94933 
75815 87566 
97901 30461 
29958 10862 
21669 92654 
54933 8324 
41133 49919 
70283 20625 
11303 3455 
27166 69697 
64892 14796 
39689 14535 
62881 20588 
74052 6041 
65156 62323 
15767 86653 
58323 70595 
25907 56390 
95058 8365 
66190 5967 
44786 95804 
19702 99718 
29002 10462 
59125 76386 
16212 80830 
17584 24138 
81269 68817 
98565 77745 
91758 67209 
20823 80434 
70153 21876 
31821 50710 
94620 25327 
38927 95316 
43605 18125 
1468 13483 
59778 77757 
98721 44793 
7442 70759 
38982 23183 
24153 93167 
3124 13040 
22105 26865 
22359 19806 
77728 94926 
74419 87169 
58998 7741 
44966 15651 
79107 53564 
41751 63285 
32417 2017 
67895 18098 
64066 57201 
57651 64208 
48087 18197 
53082 98635 
587 79118 
53326 94277 
34324 28274 
99467 46023 
68896 86580 
67494 81598 
46836 59061 
29442 66482 
70027 60075 
8521 83145 
63173 12867 
97877 18806 
91424 17092 
34640 53104 
7855 24167 
20960 97276 
83089 59598 
61998 99838 
74184 83911 
47152 280 
22810 89330 
35313 81876 
33750 88095 
17487 47520 
73960 60067 
20899 18313 
49664 92262 
87505 33699 
64408 61002 
6823 14010 
34517 78541 
8087 31584 
40038 50378 
19968 24983 
19092 66894 
87429 82322 
71399 83497 
94760 14382 
22837 27195 
81460 35917 
17008 4276 
53320 74434 
42115 73783 
84936 29750 
71809 94465 
81830 14752 
97258 49141 
20496 18023 
54310 99686 
12843 42404 
4419 28319 
47937 90043 
10921 76415 
48336 84121 
63266 771 
40977 40205 
40993 29070 
83249 26037 
76500 11221 
3764 77594 
71084 31326 
14289 71367 
42249 66213 
24415 88074 
31968 50801 
43758 41387 
85321 37979 
87826 86770 
16898 21275 
13171 70137 
18351 22274 
95036 23823 
24643 31544 
26430 68203 
48858 31803 
61410 31320 
15806 25085 
47328 56010 
73213 31901 
90896 24270 
35955 29658 
81131 91971 
23548 50090 
48627 93548 
84062 60978 
75018 45924 
58613 16158 
79146 53659 
29787 69616 
97144 93220 
14609 14411 
42491 33251 
8101 25252 
79082 29866 
56988 54717 
65437 21235 
44783 57435 
31418 34106 
99268 94008 
30141 6425 
91293 96976 
67267 24835 
79850 64862 
47458 73579 
72545 87128 
93461 92243 
12870 92810 
87205 43733 
76090 58689 
54192 1060 
54095 9016 
62621 71714 
36228 88162 
36867 91817 
47879 89961 
91306 38740 
91563 83126 
74942 30494 
46199 80776 
79890 2968 
19519 63943 
7494 81955 
15774 83867 
4706 95916 
76330 35956 
80316 7565 
74305 19467 
85738 77613 
96016 71308 
98271 12363 
21827 89760 
76089 88402 
26875 44532 
63706 92202 
58205 3215 
14260 60260 
8986 91040 
60655 56230 
2784 40774 
11488 75542 
21257 82665 
69626 25115 
57206 70528 
71415 86029 
51522 39388 
22722 30396 
77421 42534 
64353 30181 
68209 21399 
33868 65352 
45890 20397 
3413 11476 
97088 70616 
63904 62788 
60009 31270 
94757 25730 
31627 95822 
5316 114 
77767 40914 
59246 50291 
30454 20554 
96364 57121 
86651 85441 
47744 32993 
80456 37874 
99384 76837 
86814 16405 
97350 43760 
29023 41179 
3010 4860 
4524 40868 
816 76761 
13955 25180 
33105 7545 
76908 63076 
86421 15991 
44547 76196 
82151 94456 
74004 59399 
30566 2179 
12366 95898 
91860 95459 
49146 43173 
50358 63911 
35237 27649 
48797 67843 
33682 1072 
48442 862 
62960 79580 
77742 33882 
17061 7667 
7355 32020 
98258 63538 
42594 74197 
78278 49806 
55662 46796 
11487 94052 
89562 27341 
59725 17446 
53135 21920 
52618 16455 
92405 70967 
99433 42601 
67262 91991 
89004 58304 
84505 84999 
62743 93022 
38316 86603 
22451 23237 
87523 22170 
39404 52260 
55290 71903 
64105 71405 
71411 36336 
97135 42761 
89926 59506 
70682 55631 
5538 43949 
7640 73616 
61136 70626 
70534 7421 
85711 19082 
86116 19623 
27054 68336 
33093 91980 
46833 47397 
10256 63287 
27006 95841 
60189 76362 
95994 89438 
9762 56417 
20645 83651 
2769 79916 
25725 28654 
42393 82938 
96534 13543 
31524 1134 
92218 4537 
97560 29577 
47430 52218 
14945 40081 
68245 56255 
93472 96059 
34539 92521 
83329 60513 
5564 27192 
58866 1447 
88007 65131 
82233 60850 
66564 5760 
15331 68269 
15916 8610 
43915 48129 
9926 2898 
1234 91087 
19046 10691 
30252 34080 
40054 91635 
3267 21119 
33673 58710 
25677 97475 
55047 59104 
86648 23591 
49656 62059 
83633 81872 
52987 46412 
39953 89424 
76107 34565 
55058 22920 
81287 76745 
75642 7924 
51873 49670 
52433 24341 
38885 97103 
52255 32103 
23122 6314 
27893 26747 
66042 84051 
9311 93270 
35298 68412 
68923 38418 
81503 88887 
30936 46541 
11683 65804 
40155 22200 
51800 22606 
79207 53900 
15878 69578 
24778 57647 
2451 6059 
63256 36461 
20416 79666 
44082 22553 
5830 35690 
35133 52556 
28821 87572 
58648 63018 
5463 40249 
28453 83314 
23344 2165 
79700 46188 
61524 28871 
80827 32343 
35657 51389 
44132 14800 
27300 55900 
6122 71184 
62770 97807 
31735 87692 
91372 52872 
7530 87149 
75434 30858 
28130 75396 
45303 3017 
47486 15210 
91294 23717 
61919 4973 
61577 58701 
15450 60566 
10062 67653 
69593 73218 
91573 27177 
59549 43523 
32972 21777 
66677 72384 
18318 75047 
73119 23343 
13789 41063 
28662 57565 
23806 26815 
52148 82695 
13621 70539 
10216 49868 
55641 57940 
64635 79340 
56827 18537 
56198 94532 
2757 7758 
97892 96711 
10257 46893 
82998 18118 
15006 62678 
74794 50006 
33112 40987 
33701 53923 
26353 85041 
54993 29452 
69678 47510 
35608 29751 
66464 88022 
62121 87370 
82203 92860 
13620 37185 
70440 81983 
2985 691 
46186 20041 
38005 26500 
21474 42651 
69782 65548 
55332 6975 
10056 96356 
86177 76523 
41337 5610 
8455 54093 
14172 72417 
27368 83886 
24393 765 
75581 54125 
89854 94029 
4063 44832 
955 67831 
65528 81957 
2154 53101 
93452 78681 
72716 49895 
42212 67449 
14082 54332 
94615 52180 
18572 95960 
61966 39117 
89484 90926 
98749 36879 
6247 37511 
29125 51559 
79911 54923 
35675 41078 
24037 93653 
92135 34512 
74000 26304 
31378 66728 
23698 61460 
27472 26446 
12871 10000 
36366 66680 
90484 73185 
83624 80568 
59 14946 
9584 2673 
81360 26944 
82397 56142 
59510 94329 
67685 29452 
97397 22552 
99823 33000 
20132 91152 
34394 55404 
81368 59121 
73926 12152 
30440 58285 
49740 55105 
56567 76075 
11619 90370 
31796 47107 
23931 34173 
47851 44222 
91991 21648 
43768 83911 
45622 71800 
50939 38522 
88252 3421 
40116 78197 
79352 91381 
40970 49185 
55603 50436 
18928 31990 
11919 34607 
36343 12754 
57298 44170 
95416 44342 
32438 39424 
58852 69799 
26157 70678 
70892 30135 
55879 47244 
56128 80874 
83802 84767 
56439 97343 
24820 89807 
77414 57369 
64882 63388 
54784 51891 
49202 31069 
18675 88903 
18545 36125 
28905 24241 
68843 64526 
78073 73896 
84433 5692 
10872 36861 
48477 91345 
87807 84963 
65455 96307 
29448 56700 
40081 29711 
13350 25769 
44618 92850 
59960 1834 
72265 30767 
36086 60982 
18159 58687 
24955 96395 
51479 1541 
60367 25976 
42272 45050 
99167 92945 
84813 60257 
11007 47909 
15672 29871 
97290 6427 
59145 74415 
12229 34830 
45270 48957 
48099 28835 
36414 57026 
64073 14450 
67232 7387 
83407 18743 
49778 21403 
57299 29212 
20674 84042 
95404 84837 
10413 19895 
92770 19317 
96270 67137 
40859 7581 
59742 16946 
96369 50325 
7032 83664 
95731 68174 
26838 71887 
45426 66992 
53528 10620 
88690 78923 
75774 31832 
47710 79967 
80810 80926 
67064 34175 
52691 60086 
38963 17006 
49307 21916 
73729 25966 
67337 50440 
90025 95322 
66963 89291 
38462 93499 
68862 2759 
39541 96738 
54865 84434 
12263 615 
611 60240 
93284 52260 
43654 67964 
98175 60387 
43698 33740 
56092 67725 
22954 7434 
57105 50979 
84126 63562 
87454 47159 
91110 22049 
92165 91917 
63203 94086 
96741 95489 
77491 12308 
40057 74895 
96039 61640 
19116 7240 
34614 87454 
23004 68284 
67881 20999 
38123 72880 
22378 28623 
39756 39458 
43044 60906 
45980 59418 
31646 50581 
99173 64093 
46223 84004 
57588 46935 
19461 49943 
24916 16576 
928 51563 
19278 27663 
53157 52766 
84747 60663 
34830 18406 
78295 99254 
85622 99401 
22960 84530 
86766 8413 
4061 8893 
8990 29496 
99469 49353 
75181 6001 
77202 29885 
59021 55047 
64040 45560 
12761 63961 
87381 77359 
67437 34380 
19221 75900 
77038 53060 
5938 94733 
84477 84958 
50449 9458 
71715 3776 
24358 67569 
18941 97901 
26878 75774 
38492 15577 
74576 46480 
67984 42115 
1424 93184 
4148 34121 
72148 85708 
33931 70918 
63557 50549 
72652 21778 
48288 29024 
50371 69044 
23342 86490 
97060 71852 
61796 99590 
64806 2942 
30258 35287 
90975 41905 
6895 75425 
50108 62222 
55300 33568 
64324 6574 
57978 57111 
42058 5179 
89890 6942 
93229 55256 
17305 59381 
25240 46252 
40094 80706 
58727 85073 
56637 83232 
14530 48333 
19692 83773 
14110 64494 
68847 50205 
4476 7800 
70580 39963 
65652 68005 
70510 5465 
83818 45178 
64048 65783 
76486 7226 
21488 21328 
37409 39302 
61434 18863 
28396 8856 
52541 57880 
82819 67895 
37681 66161 
1292 14842 
16947 62311 
13877 42430 
96296 66097 
55132 5165 
7191 13631 
48412 50177 
29249 83749 
24059 68621 
2694 44379 
2472 41329 
307 83249 
57511 72012 
39633 95993 
38279 24091 
55329 66523 
68085 3104 
18846 89463 
58181 55621 
88040 52527 
70902 87776 
92844 17914 
41877 41721 
14788 16086 
24251 6730 
97950 92763 
49172 83167 
36815 30523 
6278 62155 
22576 85 
35536 31559 
93545 83177 
87473 69744 
27653 48828 
52721 42601 
35409 57979 
83739 76449 
60232 17527 
31712 39676 
69729 4204 
99794 29362 
26272 31145 
70276 25631 
58158 35569 
97675 46116 
13626 24691 
72369 5649 
69222 28780 
50119 62205 
81247 75250 
11669 9099 
14444 15703 
63570 55588 
55628 9071 
16508 23260 
21597 88282 
80593 74003 
485 15350 
98457 76810 
23579 60340 
96451 15351 
50709 23343 
71837 35958 
66440 55426 
49614 36559 
26597 24466 
36418 1130 
65072 14820 
70969 91301 
69374 46005 
20577 17082 
60071 44857 
1489 21980 
64030 8085 
7173 34343 
54299 47708 
13131 56351 
40482 20544 
89412 84863 
32650 4748 
92733 84176 
69077 1333 
28960 59780 
93547 6662 
73664 14314 
91458 23115 
13579 2174 
45673 49428 
25006 37619 
52792 19662 
36543 52709 
48464 40308 
33023 46050 
26399 8735 
45101 11060 
99866 83010 
34690 83377 
46782 13050 
30263 994 
99891 36131 
88041 27875 
92070 85993 
55155 52027 
43460 64050 
89110 32403 
81905 73720 
44229 35515 
21085 24390 
70218 72240 
81782 70275 
80583 18096 
30862 61208 
39390 76098 
29844 47376 
83652 20358 
30337 98038 
45649 40671 
27175 65506 
64550 93627 
81717 49935 
79959 54136 
57579 97948 
81315 52772 
68977 98664 
46596 78979 
27880 24407 
41331 27906 
90356 167 
64685 69552 
44750 75859 
23188 22885 
54769 18452 
84699 24733 
69078 37268 
15249 93493 
35644 5045 
29661 1101 
13907 39808 
93183 83191 
60703 68149 
95828 36999 
76944 99236 
83745 79346 
41206 639 
72625 62882 
23657 82058 
87045 77801 
69166 61053 
66575 98347 
61989 6117 
54598 68703 
36054 26696 
39023 61222 
74689 7257 
45393 81460 
51515 63019 
92385 39119 
286 28697 
7277 51731 
65600 78399 
64713 98830 
78709 14759 
55891 98329 
23038 58473 
17332 33967 
2590 15580 
48440 22940 
3060 99148 
25309 76220 
40244 34470 
74565 70534 
23296 82452 
5533 20653 
21350 74533 
11567 13368 
11248 64345 
42162 40391 
1354 66206 
16264 46476 
71872 68648 
94202 91121 
45604 82355 
50741 7521 
4765 6209 
94991 30779 
99227 72565 
64254 58916 
49497 63478 
78346 4824 
33777 73262 
78563 95092 
62573 29594 
91144 72475 
86660 75319 
48956 62815 
54573 56163 
77100 74326 
34356 55777 
98216 7432 
40960 68831 
41506 66702 
65446 5319 
45829 82946 
85085 74825 
31704 73167 
44470 8152 
79658 88800 
36902 35580 
93047 28567 
82630 55917 
42386 21272 
95904 98601 
85124 15993 
56345 2291 
29965 52366 
51807 7704 
68008 22071 
39679 89899 
24355 74085 
81480 35769 
93301 60948 
41663 6196 
7812 70989 
5657 9151 
59729 42388 
64520 49942 
30983 8914 
33928 17892 
18061 84341 
23806 14928 
32093 52756 
51537 30859 
35120 95409 
96489 22578 
29471 51200 
26499 59978 
51645 77568 
87986 60081 
34685 51289 
40550 42670 
93769 24554 
34155 5681 
58563 30729 
72449 36657 
22892 16306 
79279 47776 
7348 60812 
87137 46264 
33693 34842 
96043 29462 
91266 37846 
9293 24366 
35063 51973 
38532 75164 
92767 45996 
84770 19108 
73725 64238 
44246 80988 
66710 39414 
58454 59559 
85295 75450 
26176 75452 
69742 56554 
22047 99419 
82553 52254 
20925 82210 
41160 4558 
10295 62931 
15708 3069 
83921 41440 
82503 76613 
49175 62144 
64385 55826 
47705 71509 
8152 90160 
84553 79650 
46145 34873 
84344 77575 
64185 58848 
44843 35956 
51264 62450 
37955 38758 
37784 36130 
16155 85614 
38558 35128 
18370 30520 
4425 93380 
33485 11263 
52021 50584 
71962 63900 
85140 20436 
16425 9717 
43027 85121 
70636 48240 
11112 61442 
2936 89236 
7872 47318 
85002 9041 
17857 23902 
59687 22136 
75426 58200 
32757 17600 
16277 23811 
72475 21853 
4646 33311 
18283 14056 
12832 54775 
45252 38630 
76729 67099 
4473 30488 
76113 94001 
61261 92950 
91666 44986 
82805 45716 
72067 83048 
84804 90854 
3956 33520 
32689 28436 
15150 46229 
7161 90302 
57262 24002 
86084 50328 
7664 34561 
65167 12692 
2755 29979 
38412 75781 
64560 8141 
85966 18708 
10928 63983 
71788 59886 
45947 94856 
36468 92604 
11634 43924 
81568 11315 
44606 88302 
80998 4097 
22120 4512 
22248 1748 
736 72809 
75691 41986 
47824 14111 
13716 28474 
41236 88463 
53108 38647 
65691 22400 
73873 61818 
65756 74018 
75621 29550 
24789 89253 
68654 34026 
26809 50578 
61065 16922 
23972 70209 
95443 51252 
76187 33958 
9177 31718 
51375 58931 
40913 35287 
74968 88595 
82338 13023 
95489 12050 
79301 26673 
89358 60910 
19137 49031 
62596 6769 
2138 5839 
19652 55016 
84262 48754 
60322 6639 
95436 13904 
34575 38647 
83252 38573 
32070 35877 
5369 79778 
8250 92216 
95601 2807 
52110 87627 
58447 85220 
82098 38885 
4754 12411 
16082 16560 
27203 24470 
98890 18530 
28497 10959 
86684 91186 
57411 40113 
81254 93507 
78254 52054 
79301 6291 
97852 41818 
51877 99103 
817 7288 
97355 80869 
98633 39568 
17686 76549 
81023 88922 
52128 91952 
69092 48058 
65263 51514 
8881 56397 
26833 19729 
11287 43864 
39756 45945 
39678 835 
69691 4336 
70098 82058 
4568 36156 
584 26666 
25789 39713 
65950 3881 
4073 95052 
22245 74517 
42474 54921 
1175 92138 
76630 81385 
98915 54510 
8060 58307 
56029 55932 
90171 63925 
5618 84110 
8597 44903 
15377 51407 
97604 93439 
25859 49654 
12493 92461 
92070 70104 
34327 60372 
68412 35714 
17724 96500 
38016 51611 
5096 1115 
76688 91426 
21427 19772 
58970 2113 
32519 40759 
59202 27933 
96620 56521 
74062 25502 
64446 85216 
94655 66069 
85822 36936 
86065 98684 
62519 599 
90152 78445 
46346 22193 
53436 47719 
19140 42765 
96062 95057 
7019 65459 
80125 6438 
75136 24889 
6040 66576 
21099 39268 
64191 64184 
35373 35981 
95732 4439 
25155 54645 
71223 34297 
4594 48223 
78668 41904 
38681 22380 
23584 16 
90745 76022 
82866 85191 
64200 31837 
21508 19405 
48050 74670 
76664 48867 
72624 47682 
37039 95964 
57105 91497 
97288 94591 
83652 49936 
46861 46565 
64256 7414 
60678 17393 
75943 67733 
95001 23343 
27527 31735 
56087 48597 
86862 82174 
1447 71192 
41360 38161 
53966 69544 
86536 98669 
57680 27503 
37436 54830 
80648 55255 
36005 14161 
75148 95781 
83845 46313 
38361 92172 
64225 29621 
77686 49797 
29864 50446 
74065 39115 
23687 83195 
53902 49889 
68615 57905 
25643 25600 
9431 4414 
10554 78079 
14859 47386 
98959 6661 
51196 14836 
92916 23634 
20214 14312 
54292 18306 
13501 25523 
63163 75707 
73024 55932 
5676 2761 
63394 6746 
52782 4712 
55192 717 
61638 97633 
90663 30294 
30036 39065 
53200 94943 
60879 8133 
90247 9798 
48478 68927 
45609 84345 
81391 6510 
41633 89439 
67547 33605 
14294 53731 
26532 27821 
44996 56448 
61259 74234 
51679 12467 
16579 56189 
98851 77783 
55999 58396 
61241 38688 
39271 20691 
28974 86370 
63443 8304 
73552 20165 
37858 45000 
3371 67296 
99612 89198 
25110 54688 
40169 19946 
93053 19362 
6085 39599 
72247 97867 
57224 93116 
63379 92366 
14384 50045 
37353 71251 
4891 94646 
5744 25516 
19538 21969 
9712 68639 
27116 43339 
44361 37363 
53856 63345 
48186 23479 
24237 2255 
77926 42648 
76911 2753 
58034 25256 
14899 77904 
40904 96447 
22761 28496 
39123 97744 
85081 82198 
94226 91005 
70416 84412 
27789 77024 
2754 1287 
80146 55658 
28567 79022 
79640 52155 
1694 40431 
1032 35225 
50601 89661 
65526 56383 
62942 39041 
6857 47261 
20904 68215 
77984 21788 
47461 75035 
1148 43571 
78479 80129 
70396 35259 
58470 2643 
169 26360 
68891 33303 
76126 58674 
36994 92816 
5095 94429 
40547 78531 
79926 1196 
19142 70355 
71945 19782 
26347 88124 
38845 56560 
8621 66929 
89046 80069 
76692 44348 
74928 43245 
43006 34100 
96782 97218 
34896 94325 
86963 10433 
57283 85511 
9405 57677 
70991 53037 
53546 97623 
73183 62362 
23663 14637 
14959 61071 
24716 60815 
67809 41334 
24024 97642 
55399 28746 
24451 3135 
95 29087 
19244 79961 
94642 23267 
11263 72810 
98588 12473 
70065 79125 
76334 80544 
69174 16361 
39082 58616 
92788 91011 
26507 48306 
26340 99932 
65627 83987 
48501 82875 
74141 92177 
23576 36614 
33403 36620 
52729 95710 
42243 21320 
80056 82690 
77006 60615 
65253 31328 
25458 15326 
28462 90657 
32636 37057 
44889 24560 
95220 58954 
16823 31943 
67717 20498 
78973 25957 
98469 16392 
99337 27190 
96464 15147 
22326 45383 
40938 1657 
63429 47012 
84900 59899 
5467 31900 
71041 26791 
65300 71098 
73856 16355 
96829 90323 
5361 34484 
71258 18570 
73460 78956 
28758 59844 
61765 46765 
27075 87472 
7629 51397 
22048 5115 
91153 86412 
2642 66291 
12087 58438 
68787 95177 
23872 52706 
84194 5391 
14415 87260 
58271 70627 
71789 58182 
11359 61261 
49659 77522 
55758 24414 
52055 58008 
81310 51464 
90003 4230 
68833 46657 
23571 28645 
67269 83164 
92033 22589 
61124 8873 
52168 77416 
23651 43152 
90086 68950 
98177 88002 
45525 89629 
75089 62224 
89235 37027 
35209 55631 
23827 44904 
11624 91841 
36387 73480 
81545 82793 
17196 59322 
37317 55920 
73038 62056 
1476 35741 
5893 35066 
44550 65690 
98184 90380 
36317 63090 
44323 24168 
11286 10462 
94921 18570 
57433 99707 
34848 38020 
43543 62240 
99221 93806 
84985 37749 
42420 59282 
10363 57035 
14434 79986 
32180 40237 
66068 37829 
43528 40791 
8 96624 
59772 97553 
8232 77378 
99293 92808 
87945 86118 
50596 52255 
7977 44437 
4406 64544 
5521 53537 
38888 42603 
29092 56214 
33676 96708 
7775 48063 
54168 40176 
19097 29124 
91353 2507 
48281 80229 
64434 81984 
80164 94549 
93590 29962 
41730 94100 
28459 22455 
17986 13469 
74256 41168 
96828 38524 
91932 55692 
59580 46624 
61352 71398 
23024 6610 
87220 83393 
56073 61839 
96306 55935 
39592 37561 
21515 28821 
11461 85151 
93420 37524 
40582 7 
63135 22214 
3372 27385 
61710 92340 
94143 984 
60738 8028 
86839 42816 
36437 37356 
79750 89686 
55217 49405 
97102 1556 
92562 7007 
91840 50149 
69047 30251 
92460 82309 
37416 12030 
63380 1988 
82838 80323 
3179 17134 
4842 18391 
87870 53346 
33876 73703 
77480 44856 
98062 9163 
43317 75181 
96399 76068 
40617 54773 
53563 17274 
46672 91037 
28390 41124 
8059 27277 
23237 41989 
92269 1450 
94643 81620 
18807 3066 
97058 87037 
52758 87106 
869 65303 
79833 37551 
13567 83262 
46073 59916 
98611 11241 
37692 22122 
30403 83690 
96924 56131 
45731 86863 
18288 78907 
52187 43914 
46351 90653 
32234 31147 
834 60657 
37983 25668 
87844 16666 
6197 54315 
17016 12418 
35631 86495 
33548 59740 
59566 89442 
91365 76601 
15203 43399 
39066 20544 
58592 96372 
63869 48123 
98854 23361 
40377 65310 
28662 43316 
60833 11228 
9331 38628 
81390 48188 
28298 16538 
4998 14657 
84404 49641 
35638 34629 
72092 33513 
80944 66788 
29490 3517 
50641 19946 
87332 59949 
96786 57397 
5730 60962 
68439 62182 
14097 56062 
8183 37670 
75787 49503 
829 73437 
83577 2495 
95670 15126 
54632 5944 
62801 38781 
34388 81275 
11334 45067 
37580 95923 
92706 56911 
51649 12194 
35852 25215 
2848 23460 
12659 21679 
38582 70008 
11890 25167 
10890 68407 
7704 88632 
55405 32842 
44906 7313 
47788 14657 
27247 95715 
85281 37192 
87348 20852 
84951 57036 
37274 32266 
12090 39920 
47272 75558 
52403 99747 
76881 75456 
19790 12624 
87402 26918 
47904 84265 
97609 38294 
48127 18776 
5637 29305 
29199 9568 
89128 98370 
64476 49029 
13023 38807 
61627 32608 
19758 1436 
36549 15063 
50214 72365 
18387 61897 
45366 59008 
15771 27385 
8426 54857 
55706 82099 
65134 84091 
66063 7450 
45908 10765 
10178 72543 
27734 34200 
97810 9513 
15937 82069 
90553 7505 
16408 55793 
91771 52593 
47371 79016 
61216 51198 
66477 49272 
22713 87935 
43743 95383 
39656 85316 
93799 98685 
17512 52378 
91951 44904 
55151 32056 
37678 35274 
7508 82995 
96530 475 
40976 60493 
46753 29004 
59862 93422 
80530 42795 
57358 89195 
61378 27224 
97693 37245 
19024 50073 
67482 22987 
71005 84585 
43759 8848 
96251 85452 
13786 86728 
50093 53372 
47438 57104 
2412 63778 
66825 44020 
1047 28379 
79785 12316 
11139 4370 
43961 13718 
57718 65474 
6430 51772 
3652 1413 
20157 22136 
27969 17989 
73074 54332 
30609 68630 
78120 53858 
78820 60084 
63359 19417 
27685 39874 
70087 89010 
92705 91217 
13870 50806 
25870 32262 
88487 39919 
48328 40864 
96040 30622 
22529 3514 
67778 25028 
4664 17634 
99720 33895 
4212 60128 
64693 42962 
91602 71906 
78181 59108 
37261 98024 
89188 34637 
35748 66155 
39314 75095 
67191 82318 
83335 46311 
74908 72070 
92790 9707 
92900 97842 
70445 31448 
39767 38643 
87956 30608 
6697 27069 
21672 54305 
6272 341 
2218 93617 
16172 37075 
12370 83119 
47242 19516 
64687 58972 
88924 82185 
65471 85798 
36724 82195 
24852 909 
86167 53933 
4138 65990 
85596 91376 
1040 60954 
76218 34989 
60981 2439 
11946 26990 
68438 20307 
43892 38684 
16074 79497 
74741 66654 
71437 91717 
36821 40780 
61061 21711 
24293 86366 
70056 56235 
14705 35120 
11600 70341 
48051 85271 
55232 95240 
92512 69807 
15433 64736 
15218 3658 
92722 93122 
93651 45542 
28314 16427 
48727 28307 
80389 11017 
54124 82766 
55095 88847 
78079 4336 
28645 56983 
43678 89256 
78213 20567 
51557 97698 
98802 3009 
94968 84799 
20855 54925 
11345 77447 
59113 24252 
56752 64593 
17058 63955 
60055 11937 
43255 60873 
12134 8022 
86019 79501 
72182 98080 
21028 27897 
27857 64434 
32876 69397 
29005 67802 
16028 23448 
25690 72565 
23217 21625 
80442 40851 
30074 10787 
91888 95260 
3606 24314 
62387 18087 
59134 74511 
65774 76119 
65364 54500 
23031 34392 
10534 76331 
73435 49712 
73886 13510 
36694 15356 
56205 60798 
97566 62011 
10766 71881 
8675 6862 
81740 86382 
99457 82668 
974 11700 
99642 71718 
16016 82290 
34162 15787 
22370 79242 
23074 72480 
51167 56407 
24845 40835 
19817 85816 
94270 84603 
87647 4765 
87332 40314 
71148 19702 
34448 9059 
64171 97918 
20878 95861 
77263 57062 
58432 78567 
57289 44615 
6171 59394 
73623 84727 
99470 76569 
60359 58175 
76572 30956 
85399 72747 
49673 13106 
76690 75931 
53639 99898 
73541 59590 
19598 26710 
86610 7155 
62911 31033 
44047 37883 
45505 6487 
73239 9848 
70997 2413 
17677 53596 
97783 53497 
16724 21776 
9977 26362 
82392 56539 
69069 25596 
91696 96162 
80124 10405 
75784 65081 
45584 34869 
27730 17401 
46969 39743 
69749 32972 
90186 91799 
17557 97212 
73730 87899 
54686 31164 
90666 15308 
82812 76598 
55107 87193 
45474 82515 
51802 52821 
32061 84020 
43467 15671 
56504 12277 
34683 79474 
70895 25167 
83437 82144 
18018 2241 
71820 70638 
48840 4709 
95914 15961 
31033 61454 
11562 66858 
52861 5438 
77513 93168 
83113 51376 
70327 75389 
82211 75173 
6467 55695 
72247 28383 
96173 77445 
64409 96827 
70987 5202 
11109 91496 
72210 35300 
97099 42025 
61115 78230 
8957 48235 
13388 18403 
25555 33664 
90069 34304 
53445 36479 
35158 92622 
90613 67803 
36103 13611 
39604 65241 
97533 41778 
6773 70281 
20896 45917 
18263 62222 
53062 15592 
55257 88443 
65490 17340 
61186 41055 
52230 23206 
1776 43372 
89783 26644 
65161 26128 
84802 16399 
73777 93019 
46600 87667 
42342 97865 
60629 31648 
56937 81613 
6362 59551 
69086 46362 
58424 85177 
95660 75750 
33354 11393 
90560 46279 
96033 40129 
7355 12549 
19620 52973 
3376 90858 
709 90004 
45259 10266 
67501 88189 
63534 47976 
82909 27503 
69554 16751 
36819 72846 
91926 26110 
42130 92923 
11574 96150 
97740 83434 
74664 63119 
58294 21230 
40831 79231 
55314 28546 
80514 75716 
47206 31975 
69662 27735 
36726 59561 
42686 32538 
83591 31165 
55236 88129 
57255 62249 
77252 38692 
20238 19251 
83695 35173 
5972 35927 
35457 44674 
56752 24367 
46201 30664 
17185 91808 
12187 17552 
36443 4954 
41648 47772 
18643 27193 
57866 37294 
74857 90922 
65804 36347 
72526 57135 
66036 6151 
48473 57482 
71647 29587 
50230 10222 
33898 83965 
97078 50786 
10675 17465 
6957 20117 
18070 87300 
18331 9527 
89934 37292 
47133 69495 
32832 15299 
58042 51632 
4546 56827 
96677 68027 
63129 90135 
24670 20185 
30492 50304 
23115 71034 
89580 24964 
81571 7728 
87432 92779 
69572 70468 
47784 57265 
95489 3082 
6300 23184 
93659 14851 
69166 10456 
44828 29817 
61468 51479 
27254 39820 
75639 71678 
16213 70524 
52230 10293 
98213 15908 
25351 98639 
42844 96022 
43370 76444 
80009 45213 
31772 93409 
63176 43648 
99590 12725 
60326 63591 
3394 6052 
3436 13761 
73550 5358 
44622 30007 
76314 55988 
12478 78606 
32301 97492 
35669 9700 
36952 83980 
2519 22681 
31863 44148 
55099 82789 
57179 72634 
74244 58747 
74720 38989 
97956 34961 
89125 98292 
29811 88608 
9999 88324 
36281 11894 
91918 2232 
2272 2829 
61096 32714 
12746 44043 
87638 94041 
54918 38505 
90514 41588 
90342 73432 
68732 25066 
29069 39239 
36678 31257 
49146 39100 
4170 94834 
43823 86460 
82502 81704 
46184 2832 
16609 78320 
76279 96230 
40454 52558 
79394 21823 
27814 86969 
75753 674 
63908 23635 
21721 99908 
94617 1346 
90500 58174 
19532 10426 
16341 74009 
82681 38327 
10450 61476 
80481 29949 
49051 17432 
50321 40693 
54495 37832 
25168 17324 
38818 66650 
39656 2044 
55818 60347 
51368 18488 
12522 3231 
97359 64909 
23794 14636 
40428 9423 
54897 47528 
72272 54941 
85974 89965 
31347 17299 
49687 45791 
62140 39102 
38677 88991 
89491 43917 
53042 57334 
6747 20715 
59681 75260 
79706 16839 
65150 73387 
49700 9272 
61563 2590 
78599 18609 
91148 24301 
16149 27907 
89173 95489 
85754 69438 
7299 56716 
78685 46401 
89777 74745 
18638 63758 
73475 87352 
8703 52627 
9375 47325 
980 86031 
57941 65058 
35480 319 
93713 4733 
79368 56195 
65472 97759 
60243 96050 
97508 98959 
27851 80157 
84811 25943 
97484 13326 
30389 90160 
25290 5700 
96483 49326 
40801 46668 
93089 85224 
15246 9219 
6985 38341 
75514 43586 
82386 11339 
83151 63650 
359 87083 
85337 77324 
68318 93729 
10538 63014 
23179 89362 
25359 48283 
72186 31681 
91097 3931 
43947 44493 
58610 26994 
98860 92011 
18312 49528 
52936 24474 
78471 76545 
1898 64108 
79459 26110 
93476 59182 
64192 17348 
85011 45701 
15721 27994 
40711 21239 
41796 22133 
68367 53476 
33184 30886 
68835 17178 
47618 54069 
73264 77706 
74492 39217 
72835 16558 
16752 85892 
3686 25014 
85906 17790 
35735 75666 
43680 62940 
28255 18413 
39561 83167 
57381 37440 
87333 97976 
91091 48784 
95655 55162 
85768 14266 
17861 10699 
5108 96896 
14360 93835 
16918 85279 
27373 49829 
6247 70149 
52211 72391 
54355 64816 
51910 60654 
72168 23148 
2735 61354 
44148 23652 
76932 85938 
33925 56265 
66094 24421 
26583 69677 
23555 13069 
34122 11328 
57507 51386 
70442 19631 
37839 5350 
10076 8577 
89200 78516 
80934 18556 
30360 80313 
5513 94021 
85681 71779 
97267 88606 
38361 22954 
39283 91346 
17072 73305 
20904 13837 
7721 46776 
84646 77513 
60287 36483 
40495 92637 
17026 40529 
37614 26177 
22814 74 
44513 14431 
91002 63546 
77884 88084 
88862 76736 
37612 42300 
75573 77556 
50865 2570 
72648 56344 
1706 8149 
71814 27863 
24329 59316 
88580 49513 
67812 52075 
51058 11800 
98185 54490 
73108 21694 
89643 62574 
98433 97322 
70903 10419 
18012 93245 
34987 99222 
57085 79653 
91103 52941 
99876 5868 
35881 4469 
70356 88858 
47814 65562 
15539 80797 
63597 36198 
44188 86246 
77937 64570 
58260 19134 
19448 77681 
77005 12485 
94409 64239 
94393 19716 
57445 6570 
29354 75323 
63598 26274 
25308 14915 
79805 29576 
30562 89806 
85431 12628 
44349 49746 
71332 14458 
44676 8884 
54785 85831 
23571 54689 
63697 75982 
42952 7290 
7648 25985 
90049 87604 
45606 97480 
55160 6593 
80566 58543 
76496 45143 
59904 94648 
96966 54307 
36891 12040 
55976 69026 
53602 53228 
95665 94949 
38354 49893 
95470 97605 
71867 97219 
61520 95938 
65467 45420 
88060 38074 
11970 69244 
76983 16226 
15274 94225 
48497 59737 
78221 29729 
1057 30546 
29974 83076 
81927 33715 
3901 6524 
11065 47178 
34917 59430 
60520 69489 
31209 51610 
29095 82112 
89502 70734 
67794 23659 
65235 86533 
5382 77507 
79486 67654 
95379 81325 
42985 43209 
55903 77335 
4222 90359 
1997 35466 
83460 31731 
76430 98098 
37337 82018 
69418 14714 
9816 91830 
80332 57508 
64373 98634 
15164 34919 
59612 9622 
32373 49025 
25903 9361 
46721 74882 
24170 6288 
75778 75143 
19631 6455 
67028 1662 
83053 30319 
74833 77310 
40012 68984 
66002 95835 
24690 9978 
20286 25377 
58876 49445 
57879 52104 
69146 47613 
69810 54463 
75602 77428 
49121 55644 
34069 62458 
20798 62133 
90342 99475 
46660 59584 
9820 13573 
37752 3773 
78812 99252 
41254 13997 
34806 59553 
81538 49054 
72168 67209 
25700 21812 
87026 36653 
12761 87378 
70481 13834 
32695 22017 
32857 61969 
66542 95197 
43330 45665 
2089 25563 
99081 93313 
20943 3090 
96023 48190 
12304 54344 
59179 2425 
6325 25497 
4967 44781 
35693 58649 
49906 43161 
27891 40991 
50700 25800 
2588 13485 
59158 21302 
98688 35992 
2099 67011 
83814 19146 
51152 97612 
5321 49794 
30286 81459 
26433 56429 
19933 80806 
53669 83819 
55736 73926 
2482 71892 
87219 92051 
66837 62968 
57118 92138 
55469 93525 
85610 7646 
32635 61972 
95372 93835 
54397 2252 
93164 11527 
22841 34631 
31542 73862 
90079 9629 
10364 14229 
31508 8827 
41879 20419 
73505 17145 
95496 19951 
4588 35207 
58742 94602 
21044 57514 
99435 48368 
58139 2429 
90782 52387 
36217 43338 
65874 42816 
7373 56849 
970 53188 
22838 73548 
88009 21511 
53820 89553 
45932 24139 
89267 73004 
37679 53429 
2865 78625 
5159 74231 
28552 65638 
8000 65483 
8935 99522 
53564 77451 
84217 6551 
35490 12661 
70582 41477 
55930 69064 
36470 23433 
92710 67736 
22756 92794 
86752 24172 
68592 42710 
67440 12212 
98501 82939 
3988 12699 
98275 804 
69390 35131 
57372 94316 
30246 49937 
83666 65894 
30477 71393 
2811 81619 
19906 86798 
38903 20579 
89683 36220 
35768 61642 
15709 8902 
18881 80818 
78497 37415 
16814 61454 
23311 38661 
58037 51551 
47967 72049 
34036 37815 
57338 59481 
72910 44387 
3383 39212 
98954 5728 
37443 6230 
63236 7746 
37582 25485 
17737 39021 
37880 91115 
71361 44851 
78927 44758 
9994 30849 
19122 59105 
84712 19959 
94945 39041 
72386 26999 
95031 92041 
91122 78222 
17648 71914 
9337 69901 
14093 5579 
21743 29561 
81567 71236 
78102 16225 
58238 8092 
41343 71961 
90491 2788 
20476 15958 
87766 15692 
70726 54559 
53947 81453 
78376 65858 
85880 42497 
51063 5926 
59426 51606 
15599 75161 
81352 10290 
84877 77934 
71369 93329 
92992 6450 
52844 46710 
13474 80591 
72938 36107 
69322 79562 
43379 66112 
15561 8241 
91580 86645 
25088 51427 
38498 52246 
36830 82523 
74398 2439 
31569 9738 
86607 86883 
85273 62468 
4360 67745 
12350 43329 
65039 93537 
51991 97135 
73334 53590 
69596 77165 
20331 90426 
42257 21171 
52994 68462 
72358 84822 
36250 71802 
26613 18692 
29590 31320 
29146 16360 
8072 61797 
46756 5865 
93614 23564 
92063 4470 
26633 9932 
35975 7595 
370 1611 
64751 36788 
666 22417 
38920 28692 
42454 76711 
11410 7275 
70942 48392 
40449 44925 
186 93642 
89175 84536 
94732 65242 
38338 64340 
60978 64935 
51096 59986 
4100 32139 
19606 34247 
23680 42263 
91996 63749 
66545 5933 
25223 94242 
28906 31629 
34478 61168 
1513 38554 
12973 692 
81351 84004 
77329 67839 
31285 47 
53229 73030 
55134 18053 
53613 46039 
69768 96391 
17416 37294 
98161 56582 
70688 70450 
77688 76242 
43912 67261 
76537 83358 
29441 76071 
37726 45737 
91176 48598 
25041 51934 
44989 26196 
28082 35502 
12835 16404 
94670 3125 
16112 63363 
98008 89000 
14540 41532 
13284 72767 
15699 31161 
73813 66371 
77307 66098 
351 96417 
99449 79772 
48861 82894 
57154 13545 
1824 42612 
55117 93167 
36068 26211 
95767 23672 
36144 31349 
39552 812 
86429 21460 
1976 88008 
67415 19408 
75803 61805 
2078 38463 
88808 85928 
46728 59175 
7550 34319 
97403 60084 
75869 46889 
87692 62592 
33142 68235 
86725 55938 
91840 89197 
67152 26885 
66482 83884 
2068 30545 
36835 10680 
67129 3706 
97052 24747 
69524 40114 
89397 31656 
98992 18324 
46325 97048 
97737 97067 
67894 15604 
75882 70524 
42834 34091 
57013 6454 
81081 17907 
24390 73825 
63167 48264 
52580 3401 
27595 38076 
51528 14691 
11155 58573 
20515 85732 
29146 75830 
7982 38352 
32510 6624 
99838 60903 
7174 16438 
13689 92879 
87185 98915 
59310 51386 
37730 95698 
36726 88167 
26723 38355 
82433 27649 
44354 19956 
41554 51454 
48858 32881 
39180 62875 
13717 41553 
47612 86011 
26629 94074 
97962 28549 
43778 15080 
64284 64669 
34288 63666 
56356 75063 
59247 84853 
93264 14791 
17240 30815 
94094 66483 
54089 78974 
14312 76361 
78319 28060 
76853 63606 
45865 10387 
95439 39798 
77623 18820 
64339 74457 
51650 10311 
93531 95172 
68214 14363 
1192 16366 
20312 44446 
36409 49427 
14915 83092 
94225 58764 
80903 87332 
2377 93281 
68492 40081 
4517 40834 
91948 55269 
38235 24421 
92476 29719 
7860 83171 
1368 23171 
81799 58653 
64894 39374 
2101 37572 
51832 75753 
79936 85628 
2178 6958 
64875 44118 
91285 68447 
18120 50806 
77504 10280 
90244 89668 
73424 98421 
2545 70274 
30846 51092 
57775 86927 
57893 11117 
60787 10088 
92996 71699 
12555 18206 
44944 92667 
52054 86748 
70823 67044 
59666 13037 
4357 23605 
3018 70475 
66033 80143 
1635 53759 
83359 94256 
10258 97909 
24695 93764 
72379 28246 
3326 7184 
75331 25884 
39802 56254 
46146 73886 
80019 17101 
63476 82907 
54136 4378 
24988 81974 
27137 83629 
1972 99997 
35688 71088 
33266 56653 
27929 37291 
59175 27511 
22915 91100 
72708 47538 
84660 84141 
70227 69606 
62092 42160 
16539 170 
80665 99402 
479 92969 
84024 84916 
46193 93442 
14784 85529 
62626 91471 
92387 89258 
59121 58135 
92926 95058 
28571 13367 
60960 60033 
1224 95692 
86537 43658 
2043 82695 
62017 24 
2405 41405 
92732 63764 
42979 71513 
73142 73082 
18781 41111 
55857 74171 
59679 4612 
34735 55298 
10044 35576 
35258 66009 
9764 3339 
55471 87107 
5513 71682 
28997 30462 
75940 194 
87983 64227 
37366 84576 
88314 78630 
7589 80807 
22027 30299 
44594 19904 
82570 28932 
44205 34971 
67408 59144 
76172 90284 
99458 62436 
61683 23343 
23911 39509 
46973 85158 
90238 71496 
7484 91470 
60527 207 
24935 78152 
94757 52111 
15692 87778 
51223 38525 
53009 1098 
6040 15364 
17968 67161 
39525 39809 
34380 78851 
59185 18370 
91429 86812 
29186 1104 
34505 44047 
54362 40083 
9465 25934 
23196 96747 
78460 75932 
48659 52390 
86503 85985 
58407 48789 
47125 32419 
76546 61850 
32737 53075 
8030 90165 
722 69498 
83726 22499 
59847 29175 
49280 33470 
83207 67149 
84138 45083 
3713 63769 
18429 83256 
86062 5896 
74876 53135 
55137 42596 
527 54728 
74961 63142 
68783 61266 
14606 15113 
26074 86732 
7872 23424 
29505 76074 
12091 67329 
71883 61933 
98064 21736 
18750 45054 
57913 71647 
88429 72059 
577 64051 
90522 3910 
15676 70354 
921 91117 
25640 94185 
92111 97644 
13307 74400 
56387 44460 
7566 1155 
56583 75821 
33188 84109 
14017 86604 
82637 86150 
96550 87413 
47423 63454 
1051 25679 
54502 33277 
33981 25582 
89236 24555 
81454 57411 
50586 53211 
25816 97825 
76529 4016 
9664 96516 
98043 93890 
70163 21853 
28607 37764 
66668 18412 
72759 37397 
2818 72596 
42091 66015 
673 49122 
99930 27179 
18902 30733 
17030 25018 
19639 66272 
9713 94723 
79358 8129 
49231 7209 
7939 99067 
76486 79849 
87093 50575 
29823 96426 
64413 40140 
95224 63751 
42509 43217 
18069 9812 
84080 7164 
73494 58931 
13208 69070 
78437 3058 
30774 17113 
42615 25162 
77627 96005 
97962 20628 
72966 61068 
16466 5622 
27372 92597 
24887 97588 
80050 92461 
51475 2346 
38011 98228 
94630 44711 
1341 66635 
86309 35125 
43099 97836 
34071 73461 
75065 94625 
64762 53005 
71198 76700 
60175 42535 
39598 99046 
70378 92515 
30653 55647 
13988 32570 
44226 84972 
26304 1775 
51899 32082 
95988 80681 
81686 63704 
38914 74617 
22057 77219 
93840 31453 
89757 92319 
88688 63862 
71583 64911 
18547 86038 
94164 16885 
96887 67898 
97745 32477 
90024 55997 
90067 32228 
21536 9691 
34687 98891 
38109 53520 
84389 96165 
61212 52377 
4846 90762 
10020 74673 
46264 61057 
70180 20575 
11485 51454 
289 57305 
37852 10608 
13370 21552 
57119 33772 
44165 20268 
22806 14781 
14721 85399 
97582 1585 
40530 15576 
74645 40721 
77411 68337 
66520 90773 
95318 50150 
32296 82586 
79477 88315 
30056 4914 
1468 58793 
75082 98170 
73352 87021 
56413 46068 
96420 35032 
14413 65212 
42829 37459 
10240 6073 
63178 51468 
24447 95271 
95966 41236 
6424 68738 
65938 26270 
58989 68079 
97453 84679 
83144 98316 
36321 17466 
26891 74236 
68954 47951 
78932 14652 
51205 51658 
23221 79166 
10940 86281 
23517 80407 
68179 18812 
38467 46193 
24522 27469 
77202 50728 
9647 89754 
93032 81664 
36814 54789 
78552 60775 
11574 38021 
69307 89968 
58331 69447 
85157 51479 
77907 72709 
38560 51388 
25934 51722 
17227 58934 
6684 13941 
4936 60631 
9853 64934 
38795 17809 
78846 67625 
13801 88962 
88288 71387 
36291 54165 
25753 81110 
96731 57812 
18111 54416 
79243 68081 
16452 86414 
50381 36761 
55183 65685 
72890 31466 
30679 62631 
71519 3779 
2805 41883 
37450 51454 
8628 74185 
95480 30624 
91815 59937 
73831 74772 
93506 66560 
10314 81281 
20841 24912 
528 33476 
7873 26140 
43887 36335 
10243 9718 
71491 57432 
29800 35817 
46199 81165 
48237 90764 
9722 3953 
59854 82987 
14198 20861 
32740 48717 
16361 79959 
94917 1599 
31339 9742 
37428 28491 
40035 57076 
49872 54869 
19161 8367 
55545 77606 
16234 5042 
93157 90324 
23151 5939 
99961 7072 
11478 93821 
87212 23807 
80152 70985 
63003 43924 
32036 39824 
49821 34077 
39595 18199 
64576 69552 
81975 96604 
77390 74662 
35799 4356 
42088 62977 
80291 15446 
96143 34584 
33624 91158 
60685 93200 
71898 26212 
32286 4613 
94740 37938 
47332 29763 
92234 13859 
17125 30690 
36760 12081 
77233 65687 
70252 90996 
68172 61142 
82531 30074 
66128 71894 
79560 91895 
12254 19361 
21820 67068 
46956 27277 
72487 38326 
41625 58547 
32685 97833 
34434 93552 
56813 52613 
19118 80199 
34778 57023 
6028 29030 
99967 18317 
73335 22959 
71858 31608 
52868 60452 
70419 13902 
49904 53471 
45770 23391 
79097 57027 
51068 69818 
9804 15887 
49170 44487 
53186 75817 
84359 24353 
90793 21658 
69239 33656 
39715 72604 
33921 78668 
72932 86265 
59675 6387 
65156 97379 
72478 76399 
14242 44510 
3217 76611 
96153 18608 
30795 58213 
47496 1026 
11963 12953 
33825 45387 
67443 66717 
54160 97632 
37756 17389 
52613 41665 
44121 2098 
56519 4187 
89905 39224 
37169 51634 
16333 53899 
93970 64571 
82491 62260 
95827 80464 
74154 59313 
74533 54445 
58545 28061 
54143 99497 
92875 63384 
17566 32424 
63347 83195 
57048 70056 
78280 81514 
28724 91300 
64122 63347 
33110 5000 
16321 89658 
73157 40968 
38390 52198 
99428 12172 
61963 92605 
37977 79682 
78242 77948 
10674 88880 
26959 45726 
5 35293 
82811 35396 
80794 61550 
51326 30589 
39808 83101 
36186 46438 
30894 89685 
68275 9833 
68054 71963 
93059 96904 
41808 78288 
97382 11677 
55185 15307 
19354 12597 
14890 67870 
25744 19472 
80442 28681 
60108 62448 
69517 96199 
61900 66675 
41239 20475 
31866 1664 
30844 50922 
72274 62641 
88916 67481 
61869 92759 
86304 57197 
34913 99623 
81873 31894 
21281 67368 
14388 69494 
70279 16371 
72124 1430 
24738 16727 
14212 61683 
33866 18712 
66252 59178 
93475 23713 
89382 34560 
80402 82522 
26812 14841 
4294 74330 
64680 84959 
34406 89455 
5187 53994 
71652 11538 
39086 5576 
26869 70843 
21899 87012 
35121 19315 
3648 9654 
82811 60137 
35415 4300 
49494 49833 
77718 99669 
69496 79297 
65448 69472 
99792 31657 
42069 24159 
40061 9514 
61764 7107 
88457 21833 
72409 91830 
32325 21650 
34530 66746 
66973 89780 
1805 37088 
7549 66796 
87204 69745 
9202 45862 
65541 56132 
38906 52330 
17976 70638 
48684 52537 
6913 57749 
84433 53878 
80802 89656 
27174 80962 
47485 97958 
4222 38549 
22017 98023 
26688 968 
50323 92630 
6627 99853 
33558 62697 
82309 17267 
29716 27245 
33246 29687 
88818 82163 
98030 89809 
85906 7903 
17437 77775 
52128 69958 
12897 1158 
68335 22749 
76150 73953 
77904 67529 
89714 58784 
95935 7943 
19828 13701 
40453 93098 
23577 45176 
87967 37316 
90145 32296 
60474 58150 
92513 53642 
83933 79860 
60348 17989 
19259 8198 
97469 72705 
56062 94178 
57969 39594 
76605 69466 
63935 6979 
42914 54053 
94674 88871 
33466 8121 
2457 47415 
57576 24260 
13008 63106 
5348 33705 
50313 28813 
49014 30773 
84811 38277 
97473 3401 
41604 37479 
20048 94501 
21063 8183 
97716 8774 
78048 56933 
30512 22702 
77929 89943 
28343 51636 
97713 64545 
39070 77198 
68761 21252 
22557 40661 
63987 17003 
62244 63555 
16839 99771 
16873 65404 
22022 87483 
54140 10354 
8595 40065 
75328 29358 
94941 42443 
35403 32689 
32107 48458 
86560 48690 
17051 70893 
24913 99054 
10615 41209 
99749 48299 
26350 4070 
52735 45731 
65820 56394 
90454 11831 
63576 88379 
57841 7848 
70756 34886 
72353 67307 
50076 99506 
99122 61223 
76973 70822 
95899 14977 
41752 10590 
33200 94154 
25809 56956 
99923 29070 
81353 52346 
37558 53281 
78520 75267 
7172 90063 
96379 28025 
82509 32672 
25027 8248 
79828 29116 
14863 71104 
80510 268 
56046 71225 
76005 91308 
96297 58605 
66344 80822 
8375 91135 
73239 49320 
99961 17913 
86681 39489 
18090 82123 
50004 24212 
37935 90010 
2538 35187 
41425 93373 
41243 94912 
85040 36993 
33151 37891 
28105 29543 
8956 3087 
42994 6781 
94772 28980 
56883 69210 
93842 85012 
81032 92891 
12916 28792 
68063 31711 
39023 87092 
269 52189 
11558 20523 
52763 67759 
1850 46674 
94056 68481 
7816 64611 
83692 74252 
94832 44785 
1614 74869 
65613 22742 
97198 58632 
21672 62447 
77198 72727 
86854 35627 
61363 3212 
99455 97196 
22052 10219 
43621 23679 
89898 4846 
82982 21456 
51443 8220 
79905 4744 
86615 90340 
32278 89408 
94015 46565 
36391 48015 
30237 32992 
89284 23989 
45739 48474 
76814 8278 
34311 20646 
54755 40663 
25734 26092 
19396 9619 
41992 50669 
81369 89610 
6203 74989 
1887 72753 
40454 52213 
24070 22972 
13769 30543 
33716 5096 
4717 61185 
13662 18784 
24469 24081 
13776 97723 
5623 98284 
44666 18254 
99671 1674 
17358 98370 
41759 25523 
93455 58011 
35179 93476 
80743 54596 
80064 81608 
7686 3977 
20797 46491 
36976 46267 
14913 21572 
33038 18488 
32609 58674 
81329 51486 
80417 11056 
68288 17325 
5253 77236 
69979 15122 
75723 50624 
64714 98275 
56440 49068 
80404 14072 
88079 30501 
10866 47876 
60991 36149 
87027 38397 
23413 41137 
68708 57985 
96667 33845 
30610 32478 
79217 89963 
52146 8798 
9035 54991 
84922 65321 
19472 99764 
63965 99984 
67655 67634 
49196 24167 
36413 89021 
32184 36554 
10851 99337 
19886 50536 
8868 59647 
11844 1112 
1321 45935 
20244 62849 
91956 42487 
43252 69134 
39863 47629 
91231 34769 
97910 75976 
82692 48911 
9476 20308 
72281 23406 
52770 18353 
46612 52792 
47104 54998 
25421 66514 
38747 18815 
35318 31380 
65292 23321 
81288 92835 
56983 97998 
27179 27307 
71008 51853 
10523 14726 
70510 13192 
59355 30238 
53916 53278 
49095 97200 
12142 8658 
36084 39749 
41343 27229 
31045 22540 
67092 76457 
30512 67701 
42226 68698 
7170 94606 
65061 78170 
71117 36774 
27289 46912 
53176 51998 
41572 2904 
28713 56782 
17725 42569 
95795 84189 
53316 61975 
45067 85425 
79648 56317 
10403 69796 
57274 45656 
69137 5103 
46574 26366 
68634 81113 
88376 92387 
91950 72451 
17205 18140 
39526 24044 
95474 45823 
96135 22218 
772 73830 
72695 7594 
20378 133 
61126 32142 
7219 34773 
17066 62041 
29741 58918 
90050 80460 
4469 74517 
53676 49933 
34539 58153 
49314 52683 
90064 5485 
46055 39068 
56925 28541 
36918 79297 
49424 47115 
36710 31565 
29215 97666 
20488 11013 
98004 68370 
43225 68199 
34778 57334 
11069 63210 
29605 42517 
32491 52124 
25590 46505 
63670 86217 
18112 77053 
76583 61120 
76222 25190 
20606 43076 
44923 6672 
18799 42525 
59020 39715 
38612 1414 
49329 62175 
3378 9968 
50256 4740 
65789 71081 
24116 53192 
47410 86063 
2003 52419 
59365 44177 
3661 27632 
58459 60190 
39502 24099 
60300 19134 
16765 95728 
26402 55521 
68798 4945 
65750 15458 
1523 31586 
43022 24409 
4391 26879 
65402 10810 
4457 90115 
27845 16302 
51686 90225 
32702 57034 
11216 2238 
63752 87311 
3995 79463 
86984 56798 
81081 36273 
70886 45571 
38865 73453 
67521 7467 
82551 38368 
72348 51547 
23492 75557 
85508 43870 
52278 89888 
30225 17412 
63991 14014 
45003 36580 
24609 44642 
55445 74650 
58280 87992 
48832 27365 
4014 33844 
19982 4009 
37356 59676 
30470 8446 
77644 51685 
24928 46967 
4721 17807 
77936 77189 
90309 59430 
2947 42830 
8713 63049 
40681 22898 
29125 70912 
58625 60610 
7537 90581 
35529 27326 
90098 7312 
75231 19837 
11729 70305 
92642 85552 
23921 34137 
41408 19417 
13840 50048 
7557 78873 
83235 18263 
76305 18707 
40096 32173 
90301 56340 
18628 67940 
56671 39930 
83804 98964 
27589 6584 
95638 43668 
74423 86069 
5266 87191 
99139 26571 
30027 52798 
78203 93396 
7974 37245 
14104 18932 
63576 65791 
77444 62758 
25838 67225 
58647 74495 
27695 16987 
12453 38775 
81226 47374 
70666 21684 
67089 77805 
19038 31082 
98578 75258 
82694 49390 
20752 15246 
41182 96763 
83355 77067 
98985 34997 
82564 73593 
70289 28107 
1090 85442 
97792 34163 
