29194 97250 
82499 25412 
26202 33787 
26641 42089 
44156 89429 
84974 38322 
50406 10638 
82882 66297 
61173 68829 
85406 3680 
56909 51197 
65861 81553 
69886 62425 
74718 20181 
10657 3630 
59410 87440 
102 55177 
62392 94076 
52027 53325 
29556 92396 
7588 17243 
94026 50568 
57332 52475 
61376 33383 
99216 29781 
11491 32169 
71681 14071 
49570 51470 
69744 97229 
84175 78175 
98988 70693 
83767 29981 
47486 58958 
64848 4384 
58872 23501 
94575 26826 
71140 38189 
48663 27210 
45231 31797 
51403 57674 
45042 91062 
38792 1326 
46242 18567 
28054 11606 
45107 43740 
47236 64979 
10561 92389 
77119 5879 
72728 30464 
84305 12120 
69485 11086 
79178 11451 
78896 70414 
15296 35482 
49845 37531 
57835 5906 
5803 46297 
87877 9762 
37389 62986 
76579 35418 
18202 72536 
58703 9025 
75432 98366 
58523 92389 
21781 65960 
72760 77495 
8524 58820 
95001 40418 
90822 56870 
73975 97851 
5916 92021 
34060 43224 
52410 3397 
50598 26190 
24575 25547 
64854 79171 
99454 97018 
43864 87778 
96530 33764 
38966 48038 
29794 72136 
73465 52748 
50303 49572 
94653 1670 
33644 57603 
58337 35865 
1190 71434 
75050 55156 
76657 33094 
36280 89522 
70164 41057 
56344 60167 
50862 78199 
10936 84083 
16168 92129 
26924 47099 
90742 27148 
79619 94741 
91550 95497 
83532 67669 
76728 67040 
20540 39004 
55420 51171 
35428 94586 
73357 42475 
42917 33969 
4686 2561 
32586 59958 
74377 54487 
28506 67513 
7540 73322 
58931 39060 
52056 66651 
18057 2558 
49157 52200 
56644 11117 
32959 56268 
21210 58524 
24369 76279 
72532 53726 
47465 73520 
53357 39137 
37086 88013 
42506 52577 
25286 96473 
27973 719 
91230 66427 
55147 33101 
34248 94830 
57941 80101 
82939 57893 
60416 45681 
84617 40325 
44380 26303 
28817 56859 
14485 61088 
46211 26633 
56501 5125 
89985 11925 
76737 57758 
50585 86712 
30989 70773 
76713 57663 
99922 7561 
75547 20444 
44454 23689 
43384 97558 
79514 91716 
34261 70482 
37432 98697 
8561 88475 
53257 3462 
16226 9181 
93487 52621 
59927 2037 
66933 19155 
52364 24512 
1902 45520 
28861 63295 
47365 44418 
1520 17852 
57490 34656 
44408 92105 
48661 66985 
80605 51530 
76037 25376 
1422 97570 
62735 72878 
85672 9026 
28886 48005 
2638 970 
10088 7570 
76180 55717 
25192 54923 
59444 87543 
51906 88755 
19706 13054 
95346 56949 
61108 12533 
89450 2383 
19395 84063 
54099 43183 
47247 11869 
41787 38591 
71374 93065 
46894 53439 
43278 92890 
17850 49174 
24438 27495 
7920 97412 
43637 5492 
23868 33236 
39245 94724 
83410 39722 
52520 19090 
72162 82660 
69291 31766 
98693 94973 
16914 55793 
82330 44043 
10941 30758 
72518 1970 
11693 55167 
90837 78727 
94774 68117 
7164 71232 
61523 71001 
10030 27578 
15503 50245 
7860 24939 
9366 25433 
2584 12145 
22745 13696 
10012 73465 
66337 70868 
62396 28843 
19904 42670 
17773 97627 
2673 35037 
17957 17804 
43427 91748 
82463 30788 
64595 49616 
99194 13023 
19704 26746 
74347 59967 
26815 87789 
33822 5464 
21881 21571 
26301 90090 
15466 61138 
64199 75737 
73840 74001 
52873 40517 
61202 51256 
721 78016 
73622 28233 
73257 67996 
67263 76479 
52751 81814 
33559 17133 
91691 35178 
2233 19114 
3121 3268 
59371 62056 
13803 68835 
52294 63570 
17200 82579 
15499 93125 
2418 76923 
92716 20769 
2560 89235 
48949 77874 
1328 18629 
63355 39237 
60248 61661 
68894 71131 
80572 46542 
57935 28252 
93679 12953 
4315 24042 
81703 65095 
61862 43468 
66173 59307 
86939 15123 
66588 74404 
98350 10365 
23144 52810 
31740 91224 
98244 93664 
67623 85953 
19954 25221 
12278 31311 
7221 83230 
88944 84101 
21464 74383 
53123 70938 
22061 9517 
80258 14883 
64275 49913 
86649 50319 
67338 21888 
35202 13335 
97694 19800 
46450 73870 
57798 35632 
82247 58018 
44428 24565 
94654 94133 
42110 40204 
35742 4766 
47031 50612 
5390 57953 
74762 76852 
73628 86021 
91107 79416 
51682 77814 
19583 54777 
1578 51138 
21302 94187 
68034 16213 
13449 99963 
88336 48056 
91084 50655 
85966 95974 
43648 55824 
82025 71721 
12338 43609 
64776 74379 
17452 79796 
42174 29654 
95786 25837 
64783 44022 
27394 5034 
47249 57 
98246 61104 
35328 48260 
40766 61335 
62435 82841 
17756 17811 
14790 24169 
66864 74438 
77453 68973 
2563 34976 
64885 10883 
80482 87846 
49159 78533 
65007 17168 
86513 86207 
5187 76293 
8706 42861 
16307 40056 
89424 19405 
84869 45021 
18028 31201 
63267 73192 
12961 53043 
97108 33985 
85410 47219 
32917 51676 
20146 51783 
86849 71139 
74912 45794 
16112 53348 
12388 81014 
23914 43946 
69413 45464 
46084 63145 
37055 3215 
12866 83239 
72042 36933 
52993 31261 
85201 4947 
8737 78588 
55755 13005 
60467 56754 
1688 92342 
17137 69309 
95834 70369 
15154 53234 
54997 18007 
82259 80248 
45062 58586 
65312 78287 
38969 27218 
91301 96495 
36350 76708 
29434 33261 
3752 36293 
48806 96155 
22575 42890 
20946 65056 
38221 81047 
99457 85324 
88398 87399 
19968 26573 
51139 98206 
2824 4409 
93824 44412 
8177 77442 
23308 27682 
88590 99936 
34276 42988 
7774 31687 
28001 48588 
45761 80976 
26939 22601 
90573 83958 
41918 86895 
24391 4343 
58154 23641 
48231 70976 
93948 57617 
53322 57698 
51605 28255 
39635 49829 
23991 29406 
2465 34694 
42097 51929 
56451 99759 
49110 24472 
43131 21320 
64655 11198 
72867 79083 
59286 91683 
84932 37560 
93733 17880 
70535 93892 
90022 15770 
92770 3533 
92302 75212 
54726 60157 
44087 50504 
12416 24234 
55552 76296 
2725 65895 
59647 88752 
58218 12032 
59018 30233 
10468 65026 
47053 7287 
41427 91049 
45855 66338 
28446 59576 
41553 49255 
42678 52586 
13050 91826 
2889 51840 
44201 32186 
57131 55705 
81339 3371 
63239 73183 
48212 94434 
65790 92132 
58572 77908 
21947 21079 
73042 17949 
11515 59617 
31325 93084 
77579 61065 
53456 90257 
83243 12876 
44486 52749 
37282 75225 
55846 93548 
36937 86281 
53623 17865 
99593 63853 
19065 33764 
6770 7414 
59857 68236 
63626 31948 
42053 47566 
85072 45647 
62042 45448 
55658 17153 
65498 50090 
74539 64869 
85993 52399 
89099 40810 
19825 11357 
41243 74516 
75539 9825 
98901 88753 
36761 74257 
21930 98040 
55164 95204 
16397 53481 
46739 51969 
64149 2948 
99005 14424 
75583 94356 
9424 67730 
2708 61572 
65961 81618 
66879 97472 
49613 24832 
980 36688 
85697 7547 
79369 41816 
95771 19738 
10580 11139 
5293 21928 
97532 3387 
43486 36213 
27919 5604 
31310 80085 
43500 53895 
91091 83358 
51151 53638 
27036 29337 
80833 35685 
19728 65433 
66043 28145 
49684 35486 
20848 19537 
15117 96372 
14261 38407 
37303 94818 
97504 76962 
53294 96859 
22610 41816 
80161 81995 
1864 23658 
97593 36884 
96722 39455 
36377 9236 
92152 15746 
79119 11645 
7733 49658 
76570 97164 
20413 5445 
57997 63702 
25437 78702 
67267 82736 
41803 87809 
87653 89261 
76454 32757 
27868 14614 
97507 95181 
29391 91492 
30917 40248 
20911 11398 
87326 20995 
89538 68763 
46198 78762 
60408 83082 
72921 79575 
76418 50686 
21185 25643 
48025 41155 
77750 33562 
99423 19851 
39626 76416 
71856 47711 
74705 45617 
57441 82169 
6067 180 
27582 78977 
77464 36040 
88922 73677 
2874 26109 
46744 3630 
76581 52941 
80820 16725 
21885 80206 
41940 1322 
86317 86607 
58712 63425 
49183 16443 
3667 71774 
93241 84708 
5327 89245 
6526 11442 
8608 9852 
22604 49977 
79771 24657 
77925 16813 
24116 46996 
63520 27007 
34708 37708 
74915 88323 
18651 84415 
18941 9807 
53758 5424 
19009 36003 
12960 68420 
71475 26760 
56383 36923 
44867 64355 
31738 83292 
81035 84616 
42529 36139 
52688 96799 
40559 62079 
55347 78162 
74282 17039 
63341 3482 
77827 40708 
59340 97223 
16804 9224 
54753 76617 
16522 5805 
54411 87614 
85828 16817 
83072 22471 
15498 11613 
83608 47699 
73960 18511 
17113 64148 
45109 66395 
43724 67192 
53061 21675 
39607 74318 
96919 13724 
10330 39837 
74979 8419 
93774 82015 
12267 59034 
6759 6618 
17893 36488 
78721 22662 
89453 16837 
33060 11130 
50527 82893 
22201 25450 
54309 78990 
95929 73753 
11517 43164 
84228 57218 
3916 29401 
5643 16275 
26177 24107 
70078 66981 
58240 55571 
31005 93602 
7947 92977 
56185 227 
79457 32358 
28322 14188 
16774 70931 
57451 77145 
43711 78350 
85423 55841 
71702 83674 
89481 53915 
75099 10251 
46742 8531 
39935 7173 
4266 11201 
76625 45651 
10477 850 
49631 71341 
2820 38981 
17905 29595 
13841 91759 
98701 9574 
53297 11875 
64378 85310 
47416 34269 
56877 67036 
68095 74085 
57794 14517 
64636 42685 
83313 5578 
18467 78109 
82743 97688 
77411 20069 
6983 68190 
90153 46361 
78992 69657 
53895 27552 
42146 90863 
8553 49832 
84392 70965 
59434 2136 
36140 74771 
86946 22946 
18126 338 
6700 54631 
71771 56640 
76287 58740 
39061 18685 
6015 4369 
71569 40217 
20079 53517 
38962 80002 
31907 32325 
76164 76715 
42849 95103 
55355 89580 
46889 59301 
94056 7131 
25743 13856 
13775 14906 
48488 80797 
45051 4322 
47745 40572 
34192 99646 
30541 15227 
44611 77741 
96047 40414 
61366 56095 
74767 47107 
1401 28710 
74080 17018 
3894 36499 
13636 71856 
25285 69131 
60726 5909 
91724 8627 
30550 73868 
68051 41515 
99219 1374 
86904 85985 
88345 94468 
44115 3234 
19256 85926 
7314 88073 
2141 71419 
3479 62874 
20840 56500 
48164 31059 
97550 56599 
54214 81587 
73351 66536 
11021 74280 
20251 43509 
56711 77326 
8381 28059 
75117 72936 
87958 61231 
37002 94862 
9846 42936 
70726 12399 
795 16500 
91374 29464 
29869 57412 
39355 24495 
51086 90505 
79579 17148 
83985 59098 
90526 11179 
98585 22086 
28885 29361 
4147 60526 
89912 25963 
2152 33945 
96236 35017 
53084 38435 
38592 88526 
23906 83526 
60789 17756 
28491 22902 
28191 32853 
46847 45200 
44103 61334 
10597 55487 
81670 14332 
71990 55393 
80224 41011 
31611 60510 
14534 26173 
86003 77301 
82951 83854 
70563 98616 
76221 559 
15378 66837 
82541 85827 
2056 96753 
56437 94900 
8150 46434 
29118 98568 
52450 73722 
66205 88602 
9170 18369 
85054 23735 
41991 5430 
28395 40721 
19961 74226 
53585 77825 
16388 98974 
37498 83909 
59165 82154 
15935 15341 
96382 69730 
73402 55034 
64594 58551 
74195 23214 
98791 40550 
78959 87867 
2903 55824 
22252 24349 
7565 7233 
36078 18224 
77915 22851 
92003 53214 
98370 39403 
134 76959 
53580 19805 
47142 91337 
45199 10929 
77445 71194 
32624 93966 
21776 75611 
62541 79037 
55594 79179 
56868 48162 
26131 17309 
61621 56250 
21342 9171 
20259 58490 
66628 94675 
24216 44296 
25925 97721 
10615 22951 
52584 7008 
22584 24123 
82476 47770 
21100 47634 
86800 3109 
38991 21173 
5352 31926 
97450 2101 
62313 21995 
63389 90034 
26123 11330 
11960 609 
12573 8761 
72722 87636 
46002 45498 
80257 90800 
87306 93493 
20407 29110 
9460 93513 
61863 56523 
51333 46102 
89490 45464 
8815 31988 
10565 66400 
28612 44998 
87990 87214 
54543 40164 
65621 24797 
38765 22467 
89962 43103 
71087 27541 
99804 6838 
98358 74657 
50774 68060 
2924 4446 
65297 84090 
84197 49066 
50136 39534 
40659 20905 
3472 72576 
80910 47406 
41373 86339 
1909 24233 
9553 59745 
60078 6758 
10482 59163 
26745 10714 
68181 92048 
63175 46881 
73464 36865 
72456 71773 
902 29750 
85599 96591 
65469 87719 
17403 60029 
91593 632 
84038 37087 
258 29730 
8718 25613 
80836 9212 
54457 25109 
3489 59172 
13640 98150 
45258 83132 
52952 83841 
48371 41484 
59216 14792 
2856 63349 
56758 74420 
47164 83667 
70167 19690 
10325 69776 
87654 85973 
77076 32322 
39665 85300 
43388 98999 
45054 7038 
44046 66470 
92788 30914 
76164 35734 
21029 66298 
12949 79292 
27432 38800 
584 84639 
94536 55481 
57717 67935 
42428 93351 
51859 54145 
27120 72349 
9912 75516 
87640 93621 
31030 48926 
7351 46642 
9259 54480 
95810 14660 
40607 52665 
16265 36882 
84651 45428 
80908 18008 
74322 7748 
11069 10923 
19141 90586 
12765 36772 
26997 23528 
49386 48137 
77446 26026 
2737 85647 
15555 69799 
1290 26132 
99471 21805 
60187 71293 
27187 37124 
21416 79877 
88370 64142 
4530 3449 
35685 70656 
78389 46151 
46658 98788 
42624 32171 
51966 9089 
63863 31179 
38895 79725 
46258 61601 
99792 85386 
28404 64366 
84453 92327 
89514 15632 
32712 70919 
16519 26005 
8881 45142 
30764 55887 
33232 69662 
98061 61862 
7387 49412 
49063 77380 
60236 94087 
18306 22524 
98953 30493 
69712 32267 
35674 79390 
13945 90388 
74595 40304 
38755 57064 
86519 17692 
67268 82212 
68281 64943 
31167 3730 
83035 18863 
95806 40081 
4036 46625 
2512 8 
39338 29603 
99693 48711 
97733 64067 
18825 89405 
67301 67419 
14011 41962 
17098 40465 
24492 26210 
99786 51141 
38391 86455 
28435 73214 
32883 25940 
24242 34623 
41132 55193 
83597 4496 
49523 96601 
92677 75259 
60099 29060 
25709 76885 
62541 1153 
99013 93961 
47677 89104 
17165 43112 
60185 26580 
39849 8244 
32033 87484 
18411 24125 
60155 59939 
99648 45047 
91963 9980 
71032 34584 
60526 96801 
26350 64940 
67581 67949 
63655 19936 
47024 32447 
88448 54355 
54124 82620 
84192 74217 
16423 11238 
29520 67478 
51132 49628 
86926 32698 
822 34524 
61255 24453 
64269 96657 
27968 58544 
2581 52507 
60963 97523 
82054 72104 
47591 67609 
74666 90423 
64616 41765 
74768 27644 
2961 60516 
6177 84459 
71404 52044 
87799 82584 
79787 56148 
97828 27775 
844 52843 
26692 82907 
36390 45720 
37136 52035 
68446 52591 
56169 92886 
58720 11537 
8088 94831 
70961 19152 
60386 82165 
29830 79609 
95057 28390 
97211 58092 
36697 96194 
42330 238 
65723 49964 
5539 380 
20179 22913 
7328 75744 
42775 59279 
33872 31163 
61194 93570 
38371 79447 
99145 73444 
33429 16248 
3248 80571 
13923 35059 
36562 54711 
42079 7938 
33418 80239 
46863 50621 
32168 51469 
38375 36856 
2606 93398 
14548 26133 
62976 77869 
42270 21410 
37892 41636 
27943 79007 
42929 82470 
53533 51526 
94245 82177 
43326 56488 
32338 81294 
43883 28292 
17864 9220 
45107 29192 
4438 55679 
43862 66169 
18410 54657 
53251 84889 
78864 40333 
90444 89386 
72400 26051 
33840 66673 
56775 51960 
26421 79173 
5019 44766 
16273 24675 
17427 33862 
67559 53478 
22627 72140 
45638 75433 
60927 16909 
78551 85793 
93220 36592 
23756 88092 
6965 22258 
23788 94741 
97108 99554 
17419 41541 
84263 56218 
83943 61067 
95090 23121 
37342 21653 
70526 72654 
54414 53657 
86365 27296 
16329 52761 
67652 3307 
66606 71248 
53478 49749 
40194 82503 
21960 81446 
98102 31452 
16537 45944 
9929 64186 
24221 9214 
62715 63744 
43984 92558 
38642 5809 
49239 44078 
96446 88050 
92182 82060 
11788 79876 
19754 4765 
80363 85580 
71079 21353 
64203 13158 
4437 22080 
66411 93540 
58219 72363 
52451 519 
84732 84991 
97187 80373 
8367 97469 
26009 11977 
50329 57379 
35661 83160 
31008 97665 
25805 87109 
8009 65830 
45901 13826 
32989 56341 
63614 35966 
13648 83878 
90780 65796 
48575 26579 
60840 90629 
62136 63076 
37708 77731 
4167 24846 
50194 76542 
94973 86292 
88385 35996 
89975 18987 
68788 97768 
10321 43612 
73607 22493 
35883 23399 
96145 55309 
85261 56258 
79127 39502 
13795 39276 
15667 42632 
45033 98892 
93594 68170 
13709 2826 
3056 87532 
39019 95707 
94585 42294 
65800 29338 
70207 34488 
8238 90698 
13744 44026 
5768 65997 
18093 86637 
54115 17498 
47046 53154 
5718 91337 
77164 51518 
43289 19164 
1196 6597 
17841 24222 
38753 59719 
8234 93326 
92184 49741 
3162 30243 
6035 50579 
28446 63058 
37015 86282 
42613 38423 
18025 44068 
1971 98891 
4618 58186 
52705 6127 
25156 43000 
42039 42336 
16960 12439 
53062 95057 
19932 34715 
58564 6327 
16376 36197 
58079 46229 
51191 86370 
9278 52958 
40130 67004 
89981 66820 
75469 52984 
30271 73911 
68230 9689 
35527 66782 
24012 42362 
80691 23973 
35503 16621 
93652 8102 
88924 6070 
61383 83021 
23944 12918 
86290 54610 
56977 50560 
92217 46868 
76373 73292 
29653 35220 
44604 87627 
57886 72371 
97391 82139 
88236 58490 
12583 68306 
56929 27178 
32668 33537 
58804 41408 
63932 69371 
13751 19510 
42576 52777 
56631 40273 
53525 26564 
38401 8373 
11168 46077 
1261 96579 
62954 33702 
43876 19582 
56546 10114 
24048 35781 
19140 51797 
55717 17997 
33603 58023 
44746 81845 
60223 97338 
73663 11355 
45182 43490 
89417 75460 
77235 3861 
70122 86085 
2648 89593 
46915 8812 
85079 75968 
35238 515 
1897 54022 
86220 14807 
1320 79915 
3306 85834 
5814 87329 
81876 73634 
36321 39921 
20309 30227 
49208 65836 
19819 24556 
23217 34343 
37338 46551 
7217 5848 
80834 95831 
41265 10843 
39665 48959 
93216 90818 
23931 90632 
11067 64700 
46233 88856 
77245 68092 
16889 91882 
65197 49402 
39322 25574 
40957 96880 
86242 73873 
22731 13662 
9168 32162 
10117 54102 
83969 33575 
21215 83995 
23297 61685 
30662 29734 
93159 79514 
84571 37001 
55329 24409 
79332 68307 
19905 41122 
30461 30486 
33036 51278 
24899 38196 
43707 86436 
45632 87574 
90405 44069 
81000 35331 
23641 61048 
82743 52942 
33475 37601 
16600 52992 
82561 86189 
57209 65322 
54720 24421 
15079 74305 
16598 78840 
47553 15404 
55739 17316 
97993 69090 
2227 81767 
27808 83293 
63011 50083 
54488 1709 
98162 16357 
85465 74652 
46495 41917 
42411 81538 
64352 96161 
3491 99672 
75834 75819 
52119 12719 
45327 64018 
9935 64009 
73926 66418 
49001 24824 
90187 40670 
23623 65834 
52627 17598 
35740 91074 
6468 97742 
49485 18137 
40363 95301 
316 65753 
70181 92983 
1997 40410 
36401 65935 
40782 97459 
39263 30665 
60281 88872 
51551 75732 
82805 99833 
42723 35019 
83360 19364 
20076 71488 
31023 86403 
42747 49613 
39096 2054 
92550 88043 
20188 1185 
92016 544 
25320 32095 
44460 52919 
57160 1688 
33517 86351 
86671 5384 
60287 83479 
69724 75956 
15101 82539 
55657 53546 
77864 77028 
3274 285 
16066 73587 
71462 57298 
2742 19212 
31369 69266 
8016 50352 
55007 82332 
27362 61145 
71178 54791 
97271 35748 
43780 6848 
14774 40617 
19827 75652 
21096 26595 
14955 34887 
31687 47797 
52669 84394 
95005 64521 
50317 14606 
40596 60818 
49487 3039 
33415 73824 
21501 5621 
85773 1627 
39655 64347 
90907 29159 
99069 64580 
32876 87497 
82255 40225 
96369 40973 
13934 43092 
46934 78593 
22187 63959 
77279 71549 
24649 17149 
18494 46971 
88273 77877 
96397 19564 
69082 92203 
72681 17422 
24372 63104 
48133 36054 
3981 53008 
20932 55529 
69532 33048 
86849 59670 
60959 52402 
40189 3339 
28179 97241 
84372 84114 
72399 58134 
89299 88042 
96374 27206 
38981 95655 
45807 1909 
97394 54048 
35139 80953 
83117 43610 
90126 99766 
84013 93836 
6884 67782 
62110 31675 
22518 37949 
95739 77996 
15932 60002 
81166 43006 
9147 43398 
69105 9825 
19175 83229 
42891 36941 
18456 83007 
54551 54887 
97864 41896 
22609 80240 
90475 60793 
61177 20919 
6558 61603 
53750 756 
50664 7099 
7073 88472 
40238 54977 
20566 76397 
21805 79007 
84993 17691 
85611 42650 
80443 97310 
12467 16052 
78121 81600 
47613 86021 
63077 64133 
85556 20432 
85717 1313 
67132 13422 
18771 10246 
35459 55806 
43392 83534 
70957 46352 
13131 60876 
27310 83854 
47784 85755 
19985 57394 
90420 66985 
76884 82729 
20408 59535 
46684 16476 
52831 76786 
74637 16527 
70421 47252 
97837 7108 
27956 32826 
82410 49950 
41104 32714 
23587 19230 
21705 7483 
56312 27260 
49795 71033 
78785 50328 
78951 14803 
74291 59703 
56054 48139 
27665 71442 
99155 61540 
71923 90521 
17821 45324 
67871 39711 
79251 25312 
14917 31693 
20338 9223 
14829 64110 
81043 72743 
61868 91562 
87591 52603 
12497 55992 
45390 55503 
95761 37470 
11048 36364 
61509 21100 
431 47116 
27747 62551 
55454 8135 
80716 74686 
36139 8439 
1710 50825 
26441 97860 
43151 86354 
42441 94707 
53135 59723 
9737 95763 
52428 86309 
33196 42014 
793 64198 
16723 63083 
50595 89613 
3275 96149 
74760 31549 
96105 50968 
73454 20111 
91023 71647 
9292 21107 
96483 27923 
94359 40663 
43365 53979 
54056 27919 
89558 41195 
22515 21321 
5813 82734 
82252 14581 
88763 62495 
46796 2089 
84662 78724 
99122 339 
23073 93442 
41084 31916 
53606 2866 
79378 1624 
50765 31116 
72159 90549 
2078 59757 
87057 43144 
22887 19121 
76146 24900 
47545 83819 
56317 83682 
31209 34539 
94544 56560 
59053 70912 
36696 25732 
416 86174 
85837 42101 
64265 43301 
31342 3131 
9318 24463 
53727 92806 
37273 60868 
81734 65804 
50821 88466 
57977 85479 
89437 16469 
77415 5783 
65458 40301 
98898 20953 
10527 78302 
94237 93628 
8209 62436 
91495 11960 
32433 67214 
89651 19400 
33407 18216 
70274 6987 
12699 81800 
8548 57315 
7476 1017 
90744 81772 
60155 9209 
78165 98233 
84271 22425 
18612 55063 
49910 84540 
95582 19110 
2795 14821 
22704 10306 
99979 86718 
36313 83567 
92039 48766 
12610 29872 
6790 83738 
37513 92702 
92738 90585 
87082 73492 
61863 65179 
34322 30293 
30777 50527 
84197 57523 
96902 24861 
52848 71543 
2043 96896 
49295 16689 
29582 81551 
88315 49483 
53465 36552 
61715 54942 
7294 50602 
21893 98194 
70021 87163 
86345 17084 
71105 4417 
54716 16988 
2474 91599 
40991 37781 
87206 84626 
62614 24673 
95600 49869 
95594 49621 
18117 53869 
63 98056 
1682 68973 
44302 56852 
30904 78 
6885 13827 
89018 56084 
16415 6436 
64679 31143 
96193 37951 
80233 5423 
17224 13069 
4660 22857 
27122 31720 
80144 54243 
14746 19803 
35029 8029 
90830 68604 
77938 8298 
13383 906 
67881 19657 
63318 81034 
33454 62188 
80524 38609 
70521 26046 
3557 81270 
82307 64979 
17085 30377 
38362 20772 
459 25484 
19636 6481 
88024 8337 
85712 55374 
97187 15202 
47237 24572 
53841 77524 
51693 27667 
46340 55251 
93843 58976 
69069 4560 
43579 63567 
74513 12341 
43327 1860 
38787 13427 
64800 55318 
59758 43433 
30581 20662 
49151 69961 
99889 44016 
50456 88025 
89843 53532 
12987 61722 
53633 59311 
79112 43506 
65241 2772 
96427 4860 
66697 54188 
49604 67709 
18314 76674 
17635 34643 
54983 97711 
1381 77807 
92274 55147 
33615 61263 
44993 13625 
79140 39702 
17782 79516 
56136 97576 
2455 77699 
61498 67025 
69998 91884 
62773 90420 
76489 11712 
27159 73920 
11677 74461 
94092 12127 
6567 36966 
62115 50715 
82058 64232 
52981 93905 
64542 75211 
36376 56658 
16346 43368 
47166 7704 
29001 9886 
3756 48824 
5514 30765 
40897 28211 
14222 45555 
3228 91368 
31218 25102 
6845 31626 
986 28437 
65363 14231 
35579 74813 
94216 12852 
41520 15913 
52365 15466 
10601 75355 
54089 27732 
35829 7906 
85230 26308 
16991 19168 
88017 91992 
1693 78022 
36528 83141 
67139 48726 
10873 93513 
85580 67346 
92333 75491 
32035 88045 
43996 99584 
86755 28778 
11822 64192 
56886 53072 
79617 65767 
91843 34806 
38043 88869 
95190 66314 
82599 78026 
42107 86600 
38381 8870 
96042 26122 
20510 84752 
80723 87324 
78235 46792 
4434 6001 
38031 329 
52301 67553 
56415 28745 
59317 84356 
16724 86874 
51921 75685 
55785 40486 
99180 30046 
86173 45807 
45958 71241 
87658 43578 
9936 94151 
77515 75874 
11956 83945 
33464 20692 
74850 83334 
35374 79278 
69812 26465 
12203 44221 
11294 15193 
29218 22545 
1544 73724 
27208 87318 
4098 80991 
30147 83781 
81906 46646 
70720 21523 
70240 66154 
44135 42950 
67108 63258 
89798 70103 
14669 3937 
17743 96812 
13923 45010 
42081 11255 
62006 62632 
57305 5172 
26428 91223 
94914 50305 
73897 91720 
27626 70 
52658 59548 
46357 5051 
86783 77362 
21176 14563 
78435 15324 
71589 73392 
29850 82600 
13833 12725 
90632 37733 
23222 77365 
7928 72688 
48156 27522 
7147 95640 
39049 2763 
59106 50911 
10226 38193 
95845 31004 
35733 78442 
21816 55306 
91065 43780 
29740 12753 
91950 64476 
71178 91676 
48636 14441 
50674 49020 
49515 43303 
9333 3263 
11470 27206 
38767 70621 
85994 32987 
19576 2503 
89895 17790 
9902 23674 
37324 66753 
19009 15231 
85917 5125 
88507 34237 
73951 7922 
69513 12734 
17757 70245 
27901 32877 
59010 94398 
31790 32044 
47 96155 
75471 52037 
42056 31842 
72243 9863 
45721 341 
4945 34107 
66863 79675 
57456 80500 
80606 16554 
63029 13085 
96808 99045 
96051 13225 
86727 7498 
2666 57719 
86356 56909 
12671 89424 
15348 15090 
193 89019 
52156 5365 
63874 44942 
35758 79897 
78653 10029 
22276 80372 
30682 28008 
10825 86423 
84534 10760 
67075 89003 
47571 48140 
15323 15866 
90193 36154 
40245 79369 
52654 16405 
38066 12998 
19241 29994 
83530 12360 
68826 2435 
33837 98793 
17146 92627 
73632 79332 
50645 58593 
16155 85464 
14319 15412 
14836 34896 
56696 86671 
6884 75537 
53965 79768 
5854 38934 
32226 47510 
83689 51600 
81931 33720 
34407 26998 
11798 38943 
91381 88376 
20860 83831 
78074 53217 
76739 92443 
8134 43759 
75876 65414 
14895 74866 
27140 63868 
82623 10449 
44095 78909 
72281 72732 
53190 18695 
83069 34829 
25212 5320 
67714 26414 
15585 37133 
24226 34728 
55433 38605 
19769 88705 
69798 89508 
63320 72708 
12019 97899 
32969 28190 
93966 57303 
80953 66506 
60712 7475 
84995 34206 
5165 258 
87987 43297 
43298 57319 
69757 3304 
73832 94898 
24436 69387 
27577 82227 
74844 51343 
71103 94910 
41359 12005 
67017 22292 
96877 20380 
8840 88730 
81791 14809 
42335 52695 
23270 74467 
57092 54747 
1720 93772 
82293 95676 
33917 3521 
48786 39514 
97116 85069 
85962 52575 
1332 79394 
6383 9353 
28049 1610 
93719 18846 
92737 33284 
50281 50740 
55885 79872 
79251 69921 
2629 48640 
73738 19874 
34605 23651 
59826 30823 
69342 88679 
94056 66807 
22233 76391 
47093 67416 
54109 2679 
14817 84534 
3410 78722 
85688 62179 
86148 80177 
58921 58430 
39126 92847 
51901 62404 
2287 47209 
57199 16424 
84612 427 
9673 13698 
34636 23742 
2359 5306 
41429 5597 
46186 16687 
24837 86434 
3044 43551 
34750 99750 
34324 69809 
68392 5864 
97755 26053 
31862 69747 
94252 86088 
17589 52368 
13404 81161 
42902 56169 
51390 96781 
96551 89627 
78278 5407 
69841 93275 
13052 79782 
6907 148 
24162 26315 
94728 87289 
10996 75685 
27617 11775 
37394 68687 
23219 14669 
82175 79388 
37457 19367 
43621 24745 
24399 46990 
84944 20126 
13681 20802 
36018 53532 
32912 34084 
72974 67835 
85377 11419 
81732 59961 
4422 2088 
74171 28728 
45032 6062 
66321 28891 
40415 48015 
46833 17980 
46824 82861 
60958 14637 
23354 37519 
10334 22402 
45150 67882 
22156 11291 
28213 37476 
72584 91009 
51918 4795 
58784 54254 
1400 40027 
1543 16363 
16100 78702 
26145 28364 
23078 59714 
13050 94585 
54080 88256 
31867 83012 
93913 10378 
72229 76924 
84306 85225 
63394 79640 
12257 93417 
30743 50778 
44752 25626 
71821 22005 
32777 54086 
47160 13052 
96725 1586 
71854 44608 
22558 87451 
62694 23751 
43515 48057 
42652 59667 
55683 652 
29591 52688 
17408 43533 
39320 88041 
12314 63110 
14423 57214 
13593 48911 
49822 24477 
73291 1321 
23557 53835 
74449 53625 
57070 12586 
26250 19879 
23057 71643 
52754 23216 
90966 29933 
24296 55360 
50306 410 
7326 67448 
80152 8623 
63231 94718 
39581 71270 
9592 73142 
38243 41794 
68364 14836 
8878 32861 
64637 70843 
44301 51385 
6906 24853 
80233 10826 
75207 29481 
2323 17584 
66979 17930 
30813 63555 
2221 98151 
89502 95344 
69244 64089 
97040 72067 
274 39158 
28027 68358 
2168 752 
79012 26923 
31673 21475 
40196 15871 
96952 2642 
17494 50 
87502 68742 
71595 92747 
83119 37674 
40731 14378 
69247 80955 
92121 48148 
90797 40475 
3368 49181 
9483 73986 
9603 33251 
90695 60185 
64719 43995 
35151 6065 
55799 73356 
87805 64162 
78674 89033 
1932 85377 
29519 4813 
9829 4254 
92493 14957 
53235 77911 
6659 2126 
56360 77257 
76759 19921 
82320 59695 
51893 45650 
99820 36214 
33758 96766 
1065 82565 
91803 5253 
54189 34189 
56545 48251 
43894 47603 
34201 40349 
52513 7159 
35966 3225 
60390 5397 
43416 41678 
99241 27665 
37907 71624 
75089 27238 
6314 65236 
88371 85857 
98016 1176 
18000 16432 
48805 33736 
3452 79589 
6194 23719 
54332 53825 
87619 6002 
40437 20180 
78091 4011 
66976 96720 
27097 39670 
19406 85504 
35890 28931 
70234 75303 
35780 97603 
76190 77044 
45640 99950 
58326 55724 
62557 73405 
49883 62538 
83409 16779 
17177 63976 
77129 36417 
7289 10876 
27502 65073 
53015 89716 
44565 21598 
70296 50875 
99044 46079 
16283 14161 
68712 14672 
37205 10584 
98162 11134 
24386 31200 
64221 7941 
14026 18742 
8047 88883 
11787 55872 
41965 27140 
96751 75052 
64160 18128 
60971 39341 
17597 54744 
70638 20899 
10848 24182 
92787 34509 
78036 95 
17494 67145 
92630 1630 
19691 81416 
65626 91768 
46998 60664 
52424 91379 
90394 6559 
64746 92535 
93064 96232 
33983 64896 
79447 55275 
634 62339 
41269 5436 
10798 53519 
265 1325 
85190 19671 
78351 79223 
88736 85732 
45107 2824 
69516 76715 
79807 5744 
54686 20296 
80538 98657 
87979 48686 
76591 30126 
68470 88128 
51874 64517 
3540 62725 
66944 67811 
20285 80816 
75142 72710 
89126 16752 
64351 28113 
945 48659 
20053 24868 
4810 63673 
97664 29624 
57193 96131 
12514 51709 
55564 21317 
4389 14109 
29335 87646 
10202 98980 
39351 33508 
83162 90537 
93479 1534 
29693 43737 
20316 32657 
96421 65887 
55625 95092 
28683 10084 
86852 79257 
39304 44368 
69893 68629 
71812 78531 
79296 78693 
15770 1690 
78133 41375 
33592 8096 
97032 727 
87973 66035 
93206 77153 
16981 15300 
19755 52077 
89904 62360 
73177 22709 
91088 79194 
2666 77467 
21302 1685 
58705 46576 
76556 66556 
30369 89536 
62871 21987 
70888 91377 
32109 96404 
39231 53006 
78802 12358 
91822 77457 
20802 87960 
42964 73490 
97621 77069 
75157 20719 
59479 61208 
21211 66344 
87383 21154 
58898 52575 
79948 84186 
55883 5932 
66219 64195 
77726 54892 
55409 86158 
25029 80720 
14259 13917 
97100 47819 
70627 80795 
88995 4571 
77946 56239 
16415 93398 
39382 68518 
28632 59637 
82749 43443 
13467 2841 
97710 12135 
20343 71244 
95298 87067 
27500 60368 
26436 4914 
57701 40155 
962 87195 
3103 1487 
81537 75244 
54433 82597 
87866 54764 
42217 8624 
35831 96999 
88518 53456 
53385 8536 
36512 11978 
60523 99780 
72167 53020 
74115 53377 
77420 8497 
110 98138 
57462 42663 
5347 71479 
66066 36869 
19171 83957 
12405 19862 
1049 83171 
70374 71414 
24554 51104 
27152 27937 
70384 58952 
1621 22767 
91468 46507 
35188 902 
11767 89400 
7684 58251 
47018 66795 
59226 68828 
90488 44578 
5271 79817 
89668 44644 
16578 74088 
50911 79598 
98375 22454 
48170 93962 
43767 73900 
79256 67970 
55243 60953 
8472 8060 
25158 29541 
58005 69381 
41104 37918 
62108 29953 
35360 7621 
77915 63545 
28932 50914 
54600 38920 
30164 43829 
98682 6766 
35514 61641 
37379 22476 
45800 44511 
74251 92849 
55074 15028 
51745 27887 
91255 26501 
83804 25009 
87735 81135 
98379 12375 
43434 20566 
34425 30403 
85069 57757 
70924 36152 
79928 88888 
26473 73950 
60016 96612 
57151 67422 
9145 31940 
97671 53055 
33429 41016 
36221 93489 
82579 85174 
86928 79888 
14506 87925 
25570 57123 
98979 30895 
83902 82864 
37387 12245 
55915 62312 
35188 75724 
55341 83954 
1171 16284 
77919 18545 
63408 69021 
64188 33479 
85625 92259 
29004 17766 
39665 62687 
22495 9014 
39849 10731 
13856 63150 
73239 37711 
44136 10054 
66159 72859 
77113 93818 
11819 47861 
88357 5080 
46457 89385 
71771 74656 
2159 55915 
10159 12662 
83357 74204 
51804 45369 
10982 62816 
58544 23241 
53325 65451 
42536 47902 
15924 55146 
88633 93235 
94101 11956 
67262 76385 
1260 21300 
78673 68105 
73676 87992 
33642 18734 
18188 11767 
67946 16017 
13082 24184 
8383 84041 
94437 43892 
56605 78760 
60254 67474 
33727 34911 
2967 76524 
33437 71529 
37251 8043 
64250 68874 
24513 4931 
22584 88250 
8078 36067 
27501 18017 
63757 51368 
65228 94054 
39392 16206 
36994 60968 
3882 51711 
77259 11566 
