51347 92717 
11053 66397 
9275 63519 
48942 32636 
80851 63073 
76053 12137 
11153 45937 
77600 12155 
4488 82987 
57550 49104 
35857 86815 
49319 25598 
93396 90736 
87820 4131 
60612 77449 
10708 96938 
97332 63656 
83336 40864 
6484 60315 
96713 28564 
80222 44721 
70677 22864 
3325 211 
5509 89851 
54442 2086 
64407 48053 
86458 54172 
36487 46015 
86098 9483 
25423 48645 
9876 40568 
32344 33902 
68581 60362 
53291 75697 
85713 32768 
91298 16344 
86648 53676 
91095 12435 
84755 27763 
40446 71733 
18310 14185 
46305 85477 
57766 65125 
86267 436 
46779 35185 
56176 68113 
62376 96726 
83310 54712 
79743 56540 
51214 94761 
5316 32565 
87048 23759 
98248 15922 
95194 30763 
34748 13128 
81954 30531 
82427 36129 
5276 66642 
42474 83651 
779 21975 
86369 36393 
80713 30971 
60773 70692 
76069 59320 
59372 80561 
93675 40997 
63641 86384 
89930 40062 
35860 25 
20712 35145 
7196 10781 
13058 8284 
41221 54322 
18350 56563 
69020 27670 
49042 34955 
85833 17261 
71362 81838 
71189 14248 
24971 74846 
44554 1496 
67209 14021 
96777 10053 
94347 31701 
43921 59419 
75181 84106 
34579 15545 
43325 88313 
4343 23263 
33740 30106 
11835 95710 
16295 83131 
9547 72322 
74594 47861 
99713 89107 
1820 40054 
537 40155 
37007 32722 
1314 47714 
44952 83044 
16339 99686 
50870 56252 
56970 57997 
76936 92194 
28796 89080 
92038 47082 
26604 18565 
78310 82911 
43675 66281 
38460 70062 
33905 74818 
16436 14824 
65360 5117 
80607 22857 
82092 35980 
23465 62094 
47380 70850 
64723 94113 
76041 24887 
5746 1729 
76062 38066 
72403 52346 
10515 35955 
708 1578 
59553 38800 
65035 59691 
9297 1681 
22229 14624 
19482 53773 
46589 29653 
24961 93093 
60489 11220 
7542 84654 
23303 72991 
34062 4540 
27355 5918 
94235 70213 
63755 893 
87513 98190 
63280 60515 
2060 34275 
87856 79567 
902 8650 
46756 69981 
80411 78351 
38261 55400 
94527 33092 
72327 62876 
44435 56849 
12734 94810 
17911 57270 
88174 72935 
25144 97749 
60965 7959 
18556 92823 
9296 63428 
3007 56633 
74366 50431 
39711 26250 
47297 10957 
22331 16959 
22353 22051 
56912 4964 
22799 80323 
8661 74478 
13639 6964 
88073 10790 
51490 47099 
36486 68670 
86046 24115 
36869 96316 
19827 49564 
19507 49106 
53356 82288 
54203 84485 
91414 76621 
20735 89619 
62710 58822 
27507 56811 
10057 23352 
4691 88163 
41085 46160 
32646 80621 
90533 70845 
78956 15278 
34346 35369 
8195 50700 
13062 71940 
97358 99026 
67403 30763 
36847 45746 
62520 49519 
22051 59298 
78981 14785 
43722 25005 
78402 39009 
66745 29388 
9523 7272 
46344 15502 
6543 31700 
68370 27718 
45738 88257 
16053 65232 
68618 559 
59423 67601 
50316 78438 
35605 62723 
90448 15150 
38269 17947 
30311 96467 
62745 48353 
55101 77314 
59672 52785 
22727 37183 
34503 67802 
71834 34252 
92803 52506 
813 39948 
71987 43056 
76865 50640 
19005 44707 
29574 41210 
70435 61318 
7013 46435 
66574 97536 
24033 30451 
84293 7253 
12203 31987 
4825 3419 
88742 53637 
42081 88930 
97864 97124 
44707 16072 
42069 33336 
50825 32864 
13235 35835 
18230 28670 
53768 99632 
74799 48547 
26581 13194 
33973 6086 
49359 50970 
98367 87857 
53353 6168 
30947 9074 
59817 89083 
7668 49743 
28300 74950 
78050 73291 
20104 97143 
50930 5559 
37543 46453 
91423 31053 
45044 55262 
62163 45459 
51634 16615 
66926 88710 
36072 12504 
58005 71230 
25614 3141 
50041 97537 
97353 59526 
42481 85957 
57083 5341 
90439 81018 
64807 71009 
79453 55908 
18302 52683 
53488 6437 
76542 12013 
17501 45042 
3340 48728 
85968 13641 
38215 27383 
77036 47511 
56278 42058 
58256 38882 
61841 58372 
34379 68558 
71494 80864 
30250 96625 
81551 55600 
62590 29209 
82038 32819 
13289 7214 
74839 82497 
13801 95134 
77113 76879 
25348 83272 
42787 28379 
52836 55069 
14686 98658 
61764 12759 
27804 75279 
76857 99212 
20225 46012 
28757 1536 
72381 87695 
80834 72948 
87609 26478 
12023 63362 
47390 19376 
53570 6330 
23186 53200 
77650 70191 
3429 56305 
14078 44671 
99041 70992 
27636 677 
23740 39999 
23055 30674 
6441 19176 
57263 49760 
82209 40290 
29229 13459 
25519 12827 
86606 87239 
34971 71708 
35332 84897 
52173 49084 
63426 78213 
99120 72615 
93490 68635 
48227 70148 
59724 3287 
97061 91232 
64762 12201 
5846 39616 
9226 41428 
70003 47697 
2623 57585 
42236 13801 
58048 3364 
89117 66295 
45139 90684 
65637 14656 
25822 28419 
17865 96999 
25605 94994 
78627 35967 
99540 82671 
4037 70468 
36416 59957 
9754 39441 
7388 21328 
4980 55634 
5925 19339 
89509 22332 
44831 3201 
74565 14029 
73070 20026 
11656 63246 
50209 70187 
65389 69983 
69520 46654 
45933 77774 
52133 29625 
24734 40841 
44113 52431 
93150 40573 
35907 2440 
87794 96333 
89355 71561 
98682 55565 
1290 24950 
96698 41244 
54738 13662 
65390 80864 
8814 17232 
98828 40525 
56643 65557 
31970 40093 
36969 55943 
2959 30970 
19608 50836 
7760 76725 
97483 14470 
96733 88627 
8702 22582 
80012 33087 
80992 58323 
53981 46059 
37790 89639 
34648 60668 
30343 8639 
85416 78611 
63454 1837 
56507 93374 
63810 11707 
11199 3810 
99320 44533 
116 40369 
95488 77389 
58906 63056 
10572 17882 
46986 80142 
25115 74337 
15409 79728 
73417 1228 
90452 62441 
94614 94894 
86186 12858 
9254 27985 
14076 49717 
33594 27565 
40564 50502 
28334 21427 
54623 54717 
41093 99962 
46436 11961 
42650 66751 
65634 55862 
75824 80098 
22943 52987 
32851 19827 
22606 97061 
52186 48926 
64650 93105 
78921 78005 
35788 3589 
64310 82022 
15726 9214 
89407 63389 
61624 70683 
85401 3289 
97651 64583 
88946 93948 
28852 6484 
14654 98581 
18952 67402 
48874 42877 
20261 35975 
68987 2139 
20498 78018 
70664 11576 
76149 97552 
41881 93724 
34865 8996 
56972 66658 
10471 88864 
76573 69335 
63277 87157 
30055 16362 
55710 43575 
25886 73421 
98658 71717 
82321 26770 
77481 45673 
95942 5448 
48289 47679 
68774 3211 
24876 12984 
96041 38740 
34604 38624 
76139 87256 
7582 6509 
41955 14472 
77626 8016 
28407 44673 
15776 47252 
84926 98695 
87574 43199 
13580 44760 
23811 47156 
63604 15309 
21138 41193 
41383 56422 
43714 85799 
1215 92852 
79955 40445 
66704 11395 
19519 89491 
95213 88006 
54791 67682 
38521 10009 
78429 94410 
71687 73709 
43948 93992 
59101 69871 
79842 413 
1780 4765 
99413 19277 
63215 42871 
28255 47175 
2396 98836 
79261 29231 
52146 50891 
41046 69283 
68455 95718 
9834 93970 
42263 15611 
87172 11939 
8964 82782 
86200 2456 
12899 82811 
37778 13892 
84164 99470 
64419 51863 
63337 66540 
94747 89271 
66027 58749 
24134 36022 
13640 63569 
88198 64928 
69366 48398 
4982 2080 
9094 13489 
58957 54949 
25815 29 
45369 69522 
13054 4876 
67004 78973 
97961 38730 
77100 30697 
97921 52884 
91919 55955 
55877 51213 
54398 76975 
69050 98677 
16348 30010 
63331 35377 
20813 19697 
81330 6084 
8493 9994 
45940 19153 
42551 36 
33220 55868 
44647 29442 
38521 61538 
61719 6929 
47989 62994 
37792 58521 
33919 73703 
48030 47212 
76942 67295 
63274 24632 
80569 23067 
52452 37091 
84391 72929 
97567 23292 
1058 8221 
91340 9106 
99125 37000 
11150 25959 
28964 17608 
14558 53720 
42171 32757 
81498 16418 
86215 9830 
36104 39666 
65585 37746 
17222 12384 
48259 78493 
30759 82210 
62056 22304 
9360 53950 
69290 89457 
25273 53454 
30077 38805 
50832 65536 
64810 3409 
37605 53833 
4461 37018 
90094 22966 
73788 21626 
42728 88932 
86953 56004 
9977 82316 
47670 17829 
68523 20782 
36720 67906 
47759 52184 
38531 44023 
50267 87759 
5469 74050 
97459 16008 
83610 23204 
97247 12232 
26967 78736 
60381 36084 
8503 66828 
49989 40110 
95730 91107 
34926 95915 
96290 79932 
31651 81410 
94644 30499 
61682 62546 
94838 41805 
22063 46006 
56278 35646 
64806 75505 
59569 75080 
7960 93684 
67666 3146 
55718 94009 
53949 41166 
87893 42658 
53315 5564 
90126 59072 
54954 24880 
35362 5670 
96211 64580 
94387 52141 
35800 96197 
48667 47834 
81575 79555 
2228 56922 
23185 61988 
41002 85350 
73160 36921 
67842 56023 
51314 45648 
49305 69235 
56826 50767 
46370 19058 
59973 57505 
65376 23210 
11178 10036 
57789 63854 
8923 43891 
17790 29886 
90025 32703 
75222 97398 
5867 27774 
58105 84388 
26428 52331 
3679 68170 
70264 78843 
29894 59551 
93101 87403 
40252 86496 
80265 75928 
24108 51845 
78933 68810 
31782 94572 
75007 49655 
49292 2152 
66391 25887 
70998 92785 
9570 18218 
70163 10546 
19578 56402 
97165 53982 
84828 54166 
93070 89214 
17706 30861 
92238 82333 
99480 45095 
1856 22659 
93748 6551 
88549 98404 
96524 36124 
72622 29320 
63042 51690 
29042 57117 
1424 67066 
20927 43766 
51607 5076 
46062 30204 
74266 42167 
59931 63580 
58935 21641 
49726 9812 
23134 95311 
72996 30097 
15029 79286 
41882 14907 
50997 38581 
29258 37122 
16451 47386 
96682 7092 
33361 7067 
95694 86773 
51149 42374 
73771 47510 
48960 37811 
24199 36594 
46818 20771 
55116 51450 
10732 45778 
17171 7068 
2575 85069 
21497 22306 
69381 84746 
151 43683 
88702 2854 
9658 71534 
86745 6008 
55002 52683 
24229 64554 
16152 56232 
1282 52767 
92162 54647 
67120 30208 
38879 91000 
32903 53126 
65482 25040 
76830 40650 
72352 15720 
99439 99558 
58166 15868 
33995 93487 
97685 25875 
41998 27748 
93315 77590 
27022 9270 
33338 97079 
81481 32691 
47619 25416 
40351 38257 
37616 60437 
53523 84952 
71683 19137 
4137 83131 
78960 10380 
94124 34963 
45520 50630 
90148 38100 
15021 51619 
73234 18254 
22721 58173 
63603 69736 
46554 16862 
98558 99513 
41820 11715 
25762 89973 
37133 11918 
36849 18353 
8368 38238 
6991 96625 
14710 69855 
24956 24694 
76229 81356 
95100 81843 
96032 20824 
67885 16637 
81620 14287 
8701 33882 
99930 9215 
46145 18720 
8406 50343 
50358 82578 
40499 14765 
79644 63461 
88165 20075 
99294 63919 
16180 59275 
20400 64064 
63545 9217 
28419 4111 
35761 5566 
71329 91185 
68416 76563 
55454 48516 
47322 80317 
53387 91643 
3349 95929 
62895 85866 
61121 77429 
68310 11980 
9927 91330 
46607 43133 
82454 23552 
29246 14744 
72398 59515 
77802 51452 
95492 12417 
56521 400 
207 99008 
88162 8485 
64123 39618 
60815 72741 
69899 89784 
12885 87618 
40804 94469 
61011 10718 
29921 92731 
51408 69381 
99440 90601 
8990 34553 
96839 63029 
30579 95480 
33317 41916 
18621 79032 
96480 96598 
80042 70834 
84083 15558 
21231 11887 
28520 53744 
54605 64007 
92817 18523 
94809 60128 
58026 29153 
63342 81429 
89186 99568 
39208 32238 
62483 62365 
90219 15781 
59704 73041 
94621 49117 
87800 7879 
15981 93965 
61125 96291 
25584 21653 
91832 9020 
76092 75013 
69967 57279 
17788 37834 
78915 44713 
14477 73356 
84192 54047 
59942 47266 
53943 43302 
17834 7829 
18060 72683 
7978 56006 
49501 82565 
40290 1801 
56160 95409 
53849 69594 
4558 20047 
53156 84828 
57656 95447 
46182 47176 
98255 22869 
79555 71217 
26735 307 
35069 54603 
67282 91141 
98680 15891 
90301 30119 
38241 29407 
60377 94133 
29459 72942 
48906 42661 
50906 95535 
8458 63329 
28379 7271 
91953 41737 
46511 90739 
13893 11517 
61251 34699 
93177 30512 
40691 94504 
87444 72051 
33665 90939 
27416 16480 
15677 69417 
86376 77422 
89908 54828 
74700 99682 
27418 53855 
32273 21287 
15118 76197 
2660 826 
42700 68888 
12051 73090 
423 83783 
43286 10944 
78506 27292 
90704 39418 
55849 73561 
5036 69232 
40905 57555 
89291 91231 
80746 2896 
86320 708 
85714 80770 
6669 1108 
26512 40904 
81377 70331 
48215 3307 
88512 59653 
11365 50405 
94552 35225 
14189 13151 
72104 65193 
71950 1870 
3996 1641 
29521 92803 
60447 5917 
61520 44745 
40796 18304 
70662 86626 
4176 78593 
29485 86547 
74567 62788 
23192 85532 
94818 13003 
42066 55114 
21502 2545 
40773 16905 
97896 96237 
28847 44414 
15906 37250 
81730 52634 
79398 15992 
64971 69292 
11231 54086 
45551 73172 
4129 67003 
23748 79546 
1628 52614 
56560 50486 
9459 89765 
59457 8735 
80017 20874 
67024 37805 
82985 35672 
5086 58089 
73714 69349 
76970 79054 
97616 77719 
94786 40932 
23615 54441 
92972 75857 
82610 10906 
45805 37998 
97952 48091 
73177 75013 
34061 11492 
59673 39026 
56648 35198 
30825 64315 
93366 49228 
27382 71044 
7276 45451 
93548 89631 
47182 71714 
48356 38703 
18640 51251 
40693 31109 
27392 5029 
97958 27084 
82997 88331 
65952 1416 
14582 39761 
3298 42342 
42936 80729 
37549 53898 
73571 96587 
12120 90596 
23919 76761 
53262 13535 
74479 90538 
64528 20440 
38520 27619 
12539 68618 
77874 38099 
2307 79482 
53352 65249 
52982 85992 
87502 76269 
75627 60290 
34721 61136 
23444 37796 
99106 87735 
31867 36137 
14009 72650 
91034 52572 
98879 51301 
96354 11938 
38805 8586 
4273 28628 
90031 61699 
79756 40777 
801 70542 
59672 72562 
51012 87934 
71913 81394 
56465 51765 
44006 50824 
53897 64310 
6869 97046 
81516 129 
49539 67217 
96442 33254 
8855 21115 
25198 76857 
84471 4217 
26347 84106 
54019 39870 
55393 67653 
25870 91013 
61210 56992 
7628 67753 
10568 27861 
87362 86145 
32724 5946 
21555 15598 
99583 68320 
98831 87650 
8601 40390 
1765 77167 
15371 13524 
20405 8584 
70762 89146 
80619 84388 
53506 88750 
37996 80829 
53288 56092 
53711 6701 
51679 17792 
12650 75063 
68671 61621 
66045 94876 
91091 37930 
80974 49793 
75856 89040 
57291 94729 
25782 63785 
28920 67333 
68611 80041 
898 81096 
30914 56697 
86167 39628 
87726 48396 
96823 87466 
86018 81271 
13391 91805 
85561 6009 
2652 31678 
34224 55723 
79672 56343 
96464 20471 
12864 63041 
83492 27673 
52313 35759 
91568 48251 
21015 81303 
40855 32025 
46328 96697 
21482 12676 
24604 2836 
95690 12577 
5876 83307 
75400 20823 
57386 74430 
93038 13990 
14895 62810 
10132 38485 
58895 60099 
62980 75771 
59211 41134 
27582 67330 
15956 51279 
97094 84907 
87382 11525 
4185 93413 
35924 75810 
88002 68782 
42540 23997 
820 1166 
36454 6094 
73025 35027 
62509 88547 
6709 72015 
61527 91823 
47958 89943 
70453 49992 
95825 11766 
58530 67658 
41992 92129 
3317 97340 
99326 75893 
76138 11266 
69779 22969 
50342 95584 
22517 86875 
67772 52082 
1682 80605 
98908 52792 
59874 62724 
10389 56213 
18194 29049 
9964 60410 
86629 833 
73380 37854 
39572 59063 
70336 69645 
30446 86303 
97339 72617 
46681 42456 
94147 91838 
51694 18873 
67462 13160 
34075 86440 
70636 35696 
85831 77600 
91352 32510 
61319 19671 
80639 19299 
26428 67437 
15985 45466 
93584 66639 
28986 19752 
52333 16833 
43613 83472 
47518 92022 
65097 48381 
27502 20511 
31359 23364 
83406 21671 
89023 64364 
26998 46558 
84282 95358 
9651 71839 
65217 64688 
67701 51967 
76663 20692 
90576 43321 
91287 13317 
47211 75772 
61293 54298 
73568 62125 
94000 97469 
19482 3924 
51514 32907 
76580 73327 
49811 23888 
60701 25034 
85791 53960 
2008 19745 
52166 93005 
3913 21135 
9573 35738 
67953 62074 
72858 13874 
45928 62602 
34211 34078 
72894 22126 
89701 47775 
55008 1370 
57697 16090 
34773 55805 
77782 93380 
32862 81584 
56995 16243 
70525 87475 
86555 51367 
9455 11833 
86724 25227 
7049 62344 
50051 31374 
74154 68102 
43955 86969 
39657 98514 
2466 89179 
71725 21582 
83904 4211 
78994 45339 
96389 7010 
16694 10481 
96267 78014 
52470 79726 
45938 54863 
4585 99974 
76973 31611 
51192 97022 
42076 95716 
23566 99440 
55120 93970 
38436 78125 
12355 22550 
94991 31116 
59859 43478 
60656 39474 
22381 40042 
96388 69314 
36989 37123 
27062 97531 
41232 28837 
45375 94343 
50035 75581 
48771 4423 
18132 55285 
48044 30275 
25563 79573 
53543 36369 
42610 14533 
40322 60697 
27514 77916 
17138 41539 
85437 19865 
75810 41585 
70306 32622 
77285 78980 
42593 76179 
38643 55441 
5481 51474 
21299 5259 
29534 484 
84862 75851 
41659 63429 
63339 90449 
98023 77330 
40828 36568 
82563 57279 
52356 70118 
72792 62032 
12187 24305 
92883 8926 
76707 64944 
30298 69604 
81902 39340 
26747 47688 
56484 24605 
66844 12274 
874 93096 
78549 37006 
39552 77582 
28325 73492 
99660 36836 
40933 69960 
42327 93524 
98867 31294 
74802 40596 
79657 4971 
1293 89797 
70624 68941 
28300 66520 
60133 92089 
26293 38880 
41999 35705 
63714 5723 
85403 65250 
71591 58230 
16558 45698 
67446 72821 
30301 901 
65734 89272 
99897 27633 
28685 77283 
81588 68377 
66225 97139 
16723 63418 
76558 15727 
18813 22421 
30019 47813 
95438 78453 
37980 54321 
95663 13243 
15863 44313 
92457 71543 
44736 95404 
6585 14502 
59496 28552 
53558 97302 
43302 47495 
48418 94606 
87717 80517 
34507 38943 
85915 42815 
11831 81719 
62347 71421 
28234 34352 
6429 71459 
62308 97868 
70093 52438 
70828 43323 
9445 26373 
95460 62533 
99331 85697 
23603 68854 
26248 78264 
76423 91123 
69831 49153 
53522 70395 
16069 24593 
98114 38716 
6421 71977 
59223 31936 
16169 81779 
18099 64463 
72634 82117 
14926 72820 
69287 14772 
58852 17043 
5326 72665 
29481 14183 
81941 23119 
81165 66556 
16292 18659 
42828 38907 
92115 27676 
65468 33253 
51909 985 
7129 7968 
49848 27097 
60837 88486 
26790 18996 
24837 21086 
39226 18249 
86450 28271 
72497 98501 
40974 34556 
95307 99687 
95248 44858 
67310 26765 
11880 74147 
94491 2332 
34586 46694 
38072 71154 
97697 5975 
21846 16500 
63618 2172 
50127 63070 
50854 53231 
43909 9402 
12202 7554 
26364 53818 
97822 71648 
40479 52286 
91071 4462 
61389 74040 
36404 21609 
73918 1327 
88051 97330 
21828 53367 
95819 99790 
99468 1440 
10084 46196 
48792 81911 
31856 18205 
45112 7129 
55827 35240 
3511 20264 
54353 43578 
14482 39529 
28583 42448 
22147 89615 
9278 34898 
91338 23774 
24340 60792 
70818 98657 
62666 42078 
49135 75837 
54677 46330 
16831 88891 
58689 53584 
94183 32971 
89312 93598 
57155 4999 
49111 5944 
95928 46917 
28035 63697 
70135 21905 
16409 93009 
82861 83984 
36827 15462 
81476 85177 
37815 37878 
7573 1173 
7897 15107 
60502 46398 
62544 15357 
9478 92467 
28419 24725 
87712 164 
99487 37859 
28707 24439 
67736 95056 
59649 54333 
37616 42618 
49701 5309 
17791 12882 
22092 90176 
46375 43135 
78007 56593 
46551 78476 
47592 94069 
28333 32709 
78806 81495 
49190 13460 
98361 67357 
21346 52984 
30678 49168 
6805 24495 
40547 46050 
72502 65367 
73123 38989 
87412 73165 
880 86969 
31123 88236 
51351 13997 
49008 27468 
81735 2003 
33073 87807 
86870 17623 
29450 95291 
75617 47103 
73654 35566 
27359 12859 
32928 65268 
45069 97661 
91339 70145 
54378 8007 
47784 5402 
59041 66908 
9626 26546 
52403 38145 
55456 94851 
1731 48990 
9262 20586 
67707 96455 
15309 89268 
94890 93328 
28113 1470 
10620 34547 
35106 45075 
99648 41945 
10946 10377 
79651 75927 
61910 53077 
88838 86361 
56375 7940 
11029 11749 
53153 56794 
5853 25730 
33256 58531 
82134 72982 
12667 55909 
51054 32831 
63785 84218 
22375 98146 
1416 20217 
61733 59580 
95565 26307 
9998 40750 
57713 64474 
76651 38677 
9910 77343 
58361 85572 
86681 59526 
1175 63057 
38653 71466 
20181 67924 
3721 80117 
14017 49757 
86720 46019 
63272 15045 
41760 14764 
81598 19863 
82741 12285 
96287 53756 
57039 88088 
71052 51165 
4950 98260 
47986 53527 
93200 70993 
77880 85163 
54667 51339 
28541 99083 
88463 79082 
9281 95069 
74591 13810 
26384 11704 
35621 84707 
89166 46435 
34203 9051 
19143 63354 
29655 93035 
75868 7062 
29526 1317 
2139 52774 
62705 57523 
8580 87820 
69511 17003 
63006 37687 
51190 35198 
23514 21023 
46314 40286 
55905 42257 
4816 7125 
5817 8002 
11741 21019 
53887 83930 
72259 14463 
68248 92508 
7102 57788 
82891 88817 
23274 85485 
72632 41598 
18771 44006 
65910 89742 
52003 53969 
35112 40638 
56687 89939 
30832 26103 
11251 94341 
81214 34059 
78085 58565 
60477 89693 
12485 23960 
41730 68519 
3712 78140 
88343 85602 
51327 47946 
5455 20096 
98791 19372 
68572 2373 
43313 46921 
69771 12169 
16010 50091 
73667 10510 
79672 33081 
55110 55613 
22785 5311 
98452 33523 
37898 24967 
74304 67960 
60082 35560 
73816 60616 
6878 16334 
72843 53159 
5047 21389 
18735 95178 
11347 39511 
81045 48580 
34719 66929 
84101 58207 
45425 48641 
44171 70901 
13087 10407 
66870 90823 
50009 73186 
21485 17513 
48764 14495 
98046 24983 
93790 17098 
70287 5101 
95527 24396 
33008 16572 
42648 4039 
55922 52020 
93014 6543 
97708 59987 
27201 94038 
53790 36119 
69818 5822 
69252 28358 
43270 21990 
34373 84656 
56263 84184 
94370 8560 
45025 33369 
47287 77929 
79111 28560 
74308 25137 
15580 17556 
45383 73288 
35486 40957 
69638 72299 
24800 64179 
14903 81144 
68257 48625 
3521 98111 
9085 92837 
2721 49633 
90165 97196 
66922 10039 
32905 31615 
56669 39566 
28951 14673 
54302 95967 
16835 44775 
19971 96313 
90750 59166 
83306 79850 
41876 35013 
45807 50249 
64019 88270 
76947 56127 
64808 70673 
23006 2424 
11268 12963 
11819 72043 
4357 13309 
28904 77073 
20846 23925 
60847 52018 
82932 45982 
50361 47623 
16068 3174 
84083 83202 
33696 27699 
38975 67837 
43935 58885 
46085 6359 
7750 24351 
91489 64724 
90709 46315 
63361 81222 
41176 91582 
71421 74871 
96624 62700 
10430 20455 
66724 9945 
12918 30820 
66984 29023 
37990 11368 
79893 97757 
72872 29155 
1925 96552 
81717 69519 
94183 52032 
22285 36909 
92093 41019 
65213 93351 
45272 92889 
92925 17963 
52520 32352 
25616 13999 
28903 11825 
20272 86049 
91949 92835 
15388 59411 
82220 49240 
48773 16019 
39883 81596 
58796 76925 
43342 51603 
90428 70013 
78625 68309 
66602 83429 
48927 83665 
52716 20162 
52556 83997 
37480 37273 
54500 96086 
76879 74474 
51949 61841 
99668 51041 
87302 73881 
52578 37539 
93554 5869 
71384 89345 
66432 16082 
99938 62697 
45233 50423 
43509 20777 
50050 21987 
35000 77305 
66918 98294 
13055 18157 
94393 84402 
59591 87749 
65141 50421 
20944 26213 
34392 15265 
41631 95840 
83410 65035 
72595 40851 
20629 54032 
76888 83226 
75703 9140 
44855 69135 
72426 34234 
48208 45483 
35337 90232 
7774 64124 
31807 8575 
23218 82493 
76471 81137 
14747 53724 
28124 57980 
56531 76782 
90532 75854 
39537 7662 
88085 34966 
87471 16439 
24805 39313 
63699 11756 
50975 16745 
49316 44259 
55464 38916 
42904 43599 
73822 68436 
31098 39757 
52312 70766 
5709 68812 
36267 41783 
57955 65689 
57490 18469 
63253 1991 
79931 59762 
81061 35723 
25420 7405 
33424 1511 
42006 62484 
93154 84895 
96255 42349 
7998 92300 
67872 14762 
10665 49504 
90 41340 
16264 35752 
12481 758 
88470 88065 
14219 3692 
63660 90898 
65283 56073 
58289 99981 
20674 75025 
48933 35980 
58466 12695 
6730 23571 
36343 97220 
88326 44586 
43256 57182 
34008 20077 
12911 56178 
330 35456 
44066 27477 
59350 75320 
28898 65285 
29495 40130 
25246 98733 
64100 75614 
21063 47460 
12836 57555 
30198 33566 
88539 39607 
27425 3688 
17324 89808 
77633 97090 
23446 12673 
39192 80922 
2007 78068 
24720 62156 
62394 55493 
83832 77250 
83253 82977 
31913 55172 
5824 83483 
86581 47215 
6645 78532 
89194 17887 
32887 38691 
82633 95167 
54032 53654 
88534 85552 
82089 814 
77289 69570 
39267 40563 
52294 6824 
6742 68974 
76326 96112 
71129 14112 
52375 55821 
96245 70891 
33853 12542 
86962 31214 
79850 11710 
79202 81095 
89916 93114 
85535 4496 
49860 6219 
49407 54823 
95126 75516 
12642 29344 
51539 64473 
80689 9225 
44570 28201 
77959 8445 
77721 89529 
21659 8548 
68261 20983 
6676 43004 
94215 66010 
86352 34903 
50421 86807 
54408 84742 
33391 83237 
81794 51293 
74827 87580 
38921 67840 
21870 3226 
38505 88506 
18511 21944 
67165 64966 
77047 23965 
34951 12549 
41074 37897 
61146 36508 
32252 13347 
31961 54231 
41870 38140 
11152 67177 
75286 14156 
58138 7563 
82337 91047 
9837 9107 
10109 45493 
12249 28595 
95740 85145 
45690 75595 
76450 51036 
73651 91344 
31576 90002 
59401 54627 
87086 69521 
36728 82449 
6938 11400 
91640 36317 
67586 27839 
10382 41188 
62061 53698 
75759 73417 
8250 82131 
48586 76510 
42362 27271 
53945 19029 
63044 57292 
3010 17712 
54196 63904 
20327 10659 
55264 60238 
13738 80406 
66633 28054 
19556 94753 
74723 67374 
79097 54413 
56485 36852 
54387 10866 
76202 11609 
70604 45236 
18882 26739 
80749 79590 
13954 19336 
84059 25733 
90635 29639 
93856 63393 
72001 72766 
42785 79651 
58675 46540 
33837 94499 
75020 97986 
94043 43646 
50808 31392 
64436 88964 
89553 4159 
64629 79443 
31080 23198 
3268 91073 
50326 24240 
66679 32760 
46998 89200 
7163 17211 
71441 32597 
69684 60656 
875 67043 
41115 93342 
27197 39943 
79738 33929 
42571 18809 
84338 5236 
12315 90948 
92043 46210 
5893 34819 
51959 5591 
16328 14947 
7667 86392 
35920 50081 
35856 47181 
71906 5107 
30586 56040 
79514 61285 
93157 36186 
61871 26467 
86025 38413 
36286 57230 
35922 24820 
94684 78228 
26100 50750 
92290 574 
510 87426 
83156 60688 
13802 36449 
83697 23805 
162 49159 
86154 22217 
1302 78788 
62720 27314 
89309 61402 
98065 86649 
43635 42827 
63065 92459 
93115 43062 
95792 86500 
13742 77129 
87155 47526 
80783 31877 
78035 52387 
9910 31941 
62412 49463 
86127 14883 
56629 34049 
71609 75479 
38850 69279 
3933 32177 
84709 53351 
44757 14956 
25246 94007 
15627 73117 
31462 14675 
62414 53991 
86160 83113 
22754 9103 
38225 23075 
31934 43042 
47068 42248 
91800 32072 
15718 85592 
44575 4502 
79867 2227 
38854 92857 
67145 96124 
48603 39108 
66028 16133 
7645 58545 
46957 29235 
51884 45280 
59653 12432 
19455 32977 
90026 93299 
44997 8064 
97714 66989 
98429 9525 
71005 18359 
60872 39287 
29718 81876 
796 50299 
78630 79113 
11975 75591 
64092 83872 
1525 10907 
14741 78389 
71057 65963 
53529 80525 
16914 54927 
52778 41529 
86471 5429 
66575 36689 
66649 27218 
15520 97047 
48091 96520 
17716 59413 
3828 80218 
56840 43968 
44831 45183 
53238 4077 
66481 72366 
57229 31237 
79790 22753 
15110 39663 
29100 82789 
67868 99576 
34041 50640 
30179 36057 
57678 11399 
62999 61198 
95061 89368 
96916 61267 
96801 58533 
85374 17759 
90849 38606 
67008 1448 
42280 3283 
94541 41928 
95713 79828 
44030 41634 
77859 24654 
52735 72991 
98772 18256 
46489 70047 
79504 34691 
8135 1860 
51165 5706 
7495 93903 
15795 17715 
60259 45877 
32998 50999 
8317 79574 
97930 94813 
17256 38821 
6040 49561 
68104 55024 
57860 57710 
79870 86487 
43177 88862 
37031 37389 
58077 41182 
11833 63243 
50653 11331 
65131 73603 
61554 28137 
81453 49953 
24102 41388 
44081 6962 
15372 6507 
84166 38646 
4389 8235 
44216 7508 
26536 22098 
80823 54339 
24282 21046 
94021 29126 
33503 96531 
11462 69386 
61965 78195 
74382 81251 
1932 4416 
69348 10763 
42406 17163 
24850 28075 
98173 28904 
45031 85664 
52597 36771 
84194 53128 
19023 39755 
75204 75801 
61693 48367 
12495 52149 
81234 63062 
56110 75810 
62042 37618 
67064 42122 
99332 36769 
6276 76140 
72142 43547 
29431 99367 
5218 71134 
88333 15823 
67539 86448 
5688 64583 
88101 58261 
24693 55513 
30662 1329 
47440 77734 
58258 99858 
66840 46184 
35641 58518 
65631 30661 
63150 47354 
3011 93884 
9099 78069 
34519 50317 
9398 73512 
14027 45926 
32938 69626 
8050 50514 
69140 19687 
12035 48912 
80152 54357 
95918 15075 
74293 87865 
21939 53981 
99660 50628 
71555 274 
27214 71619 
90275 69671 
91183 30040 
9328 69466 
81303 45138 
31298 87784 
36189 75468 
73214 97786 
70038 54448 
45051 32642 
75908 97762 
4201 9817 
87975 79986 
67177 9142 
52444 92724 
78700 38109 
52225 64652 
35238 49966 
53991 45020 
35218 15452 
97916 26492 
81313 87378 
30171 10667 
91573 38778 
86160 141 
85641 99965 
68518 34725 
99895 67597 
28054 76179 
51059 9731 
48110 85842 
11707 44844 
53202 32527 
83026 29929 
11371 14296 
50325 53042 
76299 77035 
84978 89024 
20064 65161 
12858 43664 
40286 45402 
3783 81169 
86482 3257 
49071 2575 
39581 23556 
85077 18601 
95855 31507 
89370 39470 
51917 88649 
23225 86330 
60991 9353 
19188 14172 
32291 87804 
15685 24525 
75166 2863 
22021 37697 
47547 98748 
56542 88980 
54279 23182 
38394 10969 
55103 41479 
28967 65049 
84282 34950 
13014 89078 
54345 35109 
81381 35454 
14907 41345 
27379 83978 
64194 19011 
97077 27339 
65711 77380 
40106 43502 
5367 82425 
92073 88971 
35433 68104 
82252 69592 
90850 71659 
960 71479 
30707 33333 
79876 63643 
53098 69024 
35505 16015 
55127 45568 
1132 11834 
61466 62639 
25789 71732 
24679 72736 
50136 48351 
8407 51258 
78624 94975 
576 62381 
54882 59388 
67933 53253 
13039 5064 
55484 48972 
21482 15810 
54870 13888 
57583 97065 
14177 90936 
51975 47385 
38415 30043 
19212 36944 
34623 69094 
47987 96457 
88505 36499 
58538 89492 
20522 3099 
47506 13962 
58527 22960 
31191 54401 
81315 67559 
67028 85676 
32878 75921 
80070 10904 
80671 14450 
46350 1583 
92886 64543 
88243 96347 
39474 33480 
18267 6251 
79616 14671 
27261 69098 
84324 7041 
50450 93122 
57070 40122 
60660 31174 
57567 41386 
31757 30582 
4301 25412 
87402 10990 
29873 80670 
253 32723 
89955 79028 
35038 31604 
81367 35506 
35200 12675 
7756 1419 
37344 14860 
42349 82665 
60283 81410 
76450 36822 
56203 96816 
9594 17565 
30339 79891 
32725 3072 
32495 54850 
79265 66192 
98855 57477 
70620 18545 
75768 71831 
62451 88093 
88497 34462 
5941 70356 
27446 87742 
74339 27073 
11936 11637 
69199 92975 
57343 14165 
13046 91253 
15249 14776 
55584 51380 
78251 11989 
69116 69118 
41135 86931 
85494 47904 
88372 57754 
31708 13189 
34241 66422 
54131 96911 
76338 49018 
82479 47982 
35841 13419 
73682 36433 
48622 24129 
93191 83875 
40146 73007 
36598 70927 
64064 96800 
68045 43526 
9505 87618 
53493 64275 
85309 30875 
96769 32497 
70764 96730 
44169 27179 
81910 5679 
9463 10702 
40052 86715 
85290 68082 
44858 47341 
49227 46342 
48255 78732 
43218 1771 
97318 26476 
3589 58949 
64444 67551 
45531 34781 
11316 47626 
60732 83198 
39525 49206 
69723 71762 
65169 80847 
81562 10106 
17377 357 
52630 11933 
1395 10823 
3604 87281 
85740 97268 
49066 29776 
69897 3918 
17767 84842 
64123 87267 
93206 59100 
66160 18533 
83974 58668 
50991 50605 
41228 24627 
99249 9180 
76688 67600 
77507 15589 
98719 90229 
49359 99645 
76334 26251 
40089 14879 
61374 17966 
99685 25647 
47651 57 
9035 95850 
22500 57059 
52389 72375 
70973 74206 
35512 22900 
25827 6942 
63412 57288 
17462 53099 
4146 34599 
67172 23534 
55910 33584 
84312 71972 
3487 43567 
73432 62871 
97072 14714 
30930 27315 
11624 91977 
12461 81237 
48091 45344 
82121 57754 
19207 568 
12314 35933 
22052 69140 
89282 32000 
37136 74057 
93396 55837 
9501 68786 
65631 25539 
61200 50854 
42023 75874 
56456 78607 
36474 92681 
90916 9946 
78902 54557 
4643 95204 
70539 65622 
24834 72872 
1072 18729 
28699 36474 
83384 37153 
79590 63651 
782 4647 
30125 24426 
28897 8655 
4953 14569 
89865 89558 
72751 92167 
19904 10033 
92142 30715 
83088 32887 
69470 40454 
43898 23208 
97675 51153 
19016 71204 
55022 94206 
64914 65831 
30019 69617 
21892 36091 
4574 34366 
27548 16845 
71306 2632 
33057 89056 
82884 5491 
4156 90536 
31375 17936 
65429 92637 
33795 24486 
51233 90721 
56414 61107 
59538 61835 
44836 40846 
65992 1711 
39461 43280 
44655 65010 
46691 23817 
59169 97684 
5034 77840 
33517 68395 
32306 76848 
85052 77116 
65152 78988 
4171 43356 
5393 4745 
94757 53906 
69015 60077 
47442 80540 
93102 83901 
3778 61837 
93612 94586 
83557 80060 
82623 11000 
89808 54016 
47509 27650 
76422 11850 
66491 30588 
61857 3932 
85106 51017 
99086 65330 
6348 66892 
66681 39763 
53600 79332 
28890 32532 
49934 10287 
23540 68598 
19949 90636 
75832 93807 
61077 33804 
3293 72181 
50075 18967 
72653 282 
47443 40050 
92857 80847 
37595 11966 
80167 72181 
95803 63959 
11031 57276 
4330 91359 
86341 57163 
49600 81744 
66719 46702 
19867 79225 
2653 17827 
88574 1446 
75549 75232 
12428 77929 
86234 42497 
95198 35472 
75916 2904 
68330 16614 
41317 98460 
17717 80515 
10460 63126 
42283 2141 
78494 71775 
64531 55241 
63996 45143 
25802 37374 
35324 62800 
89698 71135 
73913 1163 
45997 94689 
86775 31584 
54328 36907 
54047 84794 
92005 57609 
99039 12253 
73619 21822 
98066 52423 
91331 68449 
5230 40544 
84318 28385 
53358 84179 
83362 44868 
6474 63612 
92358 49728 
81450 6128 
62320 53203 
26911 26267 
85446 12123 
45978 20334 
86925 51503 
76132 52769 
20357 27997 
94214 74422 
79023 40122 
97551 68328 
19720 9838 
23165 27302 
58455 82786 
6241 29448 
38035 20390 
46273 92666 
86424 86016 
44745 57254 
81709 59523 
1719 66934 
14634 49790 
10376 92946 
92859 13170 
68342 73251 
62461 27353 
32521 19521 
31669 14720 
80215 78211 
69420 57043 
3472 18895 
17040 94258 
55857 62924 
95205 54042 
91292 58580 
10323 16051 
83124 55076 
64546 74938 
88230 27042 
51882 29649 
25788 53630 
79178 92978 
73212 61890 
85270 85023 
42815 2787 
44154 46919 
91910 40036 
28764 87099 
36352 96874 
80805 51357 
82914 23962 
79045 90098 
69463 22781 
23574 81424 
3519 83238 
56768 57074 
19599 71593 
