91068 36191 
1302 13254 
14432 32795 
84883 93842 
28930 18741 
103 48488 
28274 22711 
88987 51914 
29679 81761 
40505 20302 
10451 25166 
71363 93711 
72531 44010 
91683 36327 
21924 45681 
51540 27199 
65 2700 
90992 63437 
32370 18690 
71028 298 
65590 50800 
45760 8131 
50058 47514 
47217 34861 
85486 83545 
93291 24513 
89736 99381 
96611 57189 
68807 82060 
47597 44013 
63261 55874 
68428 31731 
21402 86973 
86359 45969 
2769 44187 
54567 29601 
46810 99922 
56659 13240 
51125 99595 
66969 88559 
91214 75831 
2969 41965 
79438 34521 
98375 46090 
4705 93861 
45942 99625 
16396 14588 
7515 52228 
16128 19919 
65492 50536 
99183 67054 
94722 93763 
43770 98613 
66701 92932 
80764 72016 
59007 86473 
89169 37551 
32062 76754 
53272 11774 
52591 17017 
86287 71868 
88562 96308 
72294 78743 
73928 41132 
3336 21876 
43143 76916 
91800 67313 
65224 69783 
19511 81723 
65031 99718 
44492 37 
5466 99893 
23891 1962 
18475 33741 
27333 63539 
14988 71297 
8789 53902 
74387 69404 
77023 54545 
12574 56572 
54796 88652 
54419 72580 
45189 61408 
91128 15372 
29808 28738 
85976 3357 
8056 31533 
2915 69903 
49283 55180 
71691 68651 
70357 89 
70404 83202 
69998 77930 
1879 2801 
48259 80391 
63702 46836 
14576 2556 
63478 95283 
41061 41355 
10631 9671 
49056 31057 
23991 9701 
26434 22404 
30425 4360 
60741 59716 
93960 63174 
38967 61229 
7099 53177 
8632 61859 
96471 60277 
16787 34784 
43471 59840 
43681 68436 
97211 669 
26020 38910 
61888 18979 
21141 84287 
73598 4543 
97845 56980 
42634 99863 
52279 3012 
26492 25054 
37934 92955 
16075 86054 
67719 8314 
63009 41852 
93009 69238 
49516 77608 
89671 74710 
3942 54862 
84314 14727 
94827 87472 
35325 5517 
94328 22465 
42748 93439 
87816 88725 
98665 70975 
20648 13197 
5426 49116 
15391 94283 
82975 34423 
63194 65132 
58442 66193 
91515 75736 
81299 79408 
37116 72071 
35596 72517 
7968 52927 
27123 75615 
663 40686 
7848 34210 
50945 10946 
62543 46512 
34128 87761 
23265 18076 
99482 26151 
96183 26609 
18023 71659 
82228 21922 
46754 7873 
48135 21200 
63990 77178 
57670 98207 
10237 87446 
4182 6502 
76976 97908 
95099 21387 
21761 11190 
26566 33067 
52169 85256 
52178 74368 
13469 19002 
93571 20369 
35231 58259 
62635 54442 
40696 15188 
65196 55435 
99325 93347 
34251 24105 
7782 63174 
97159 33444 
17473 38167 
15707 57138 
87839 60750 
50522 3153 
33731 18643 
92055 55361 
52482 77466 
69196 5058 
61731 33388 
93561 36425 
52544 60843 
22576 15175 
64079 54610 
27714 18054 
15793 43028 
35599 32338 
91134 79675 
69139 49116 
52655 4527 
53468 71891 
82688 2432 
67198 62916 
85974 76675 
13314 53681 
61057 98479 
56039 53106 
45812 89471 
20072 97232 
69094 43476 
76854 97598 
95315 96414 
48819 61990 
31657 8673 
47119 80867 
78650 32999 
20851 95540 
44027 2775 
36578 90047 
7036 90492 
25768 77673 
15803 54292 
34738 85197 
23885 11640 
86818 73200 
23792 53519 
19632 69139 
15065 39954 
91779 31409 
52395 98279 
62638 7245 
55297 79197 
36644 95040 
25028 12569 
29090 72583 
6716 44727 
54360 6684 
55070 32260 
59470 16793 
10593 13334 
25907 25494 
69865 76981 
40937 92095 
38250 3206 
95970 92085 
86302 52329 
3957 74815 
92171 40675 
40472 4537 
41466 51551 
3803 65825 
73333 95367 
58234 93367 
6898 50840 
71695 68285 
55770 90420 
84026 8380 
39966 17370 
45335 68065 
34382 19388 
45284 55279 
50871 74232 
13607 67268 
37010 26481 
9741 44928 
88795 91397 
35216 46209 
16796 31791 
96253 43161 
75717 96854 
16020 54267 
65826 8124 
46084 34015 
41399 27053 
54822 54988 
16093 41098 
76900 34304 
38076 60814 
92398 75833 
18786 29135 
66766 22390 
38344 5819 
23515 37964 
17918 4999 
40381 69076 
44783 31842 
56706 66451 
59310 85501 
54836 83481 
64814 69860 
31583 6298 
956 81041 
7158 11814 
29314 21167 
28420 94681 
15768 21598 
10903 51917 
58504 45660 
29819 64774 
2732 80830 
14055 71480 
3620 23410 
19174 81573 
47479 4910 
55517 42818 
17895 8675 
25740 35093 
98297 77749 
82442 32088 
35349 20495 
51048 41340 
48591 79245 
75674 5854 
60925 38998 
36443 26436 
41811 18189 
55572 42885 
464 1573 
56503 94304 
39862 46485 
65471 64062 
84052 18041 
48110 3287 
21013 86303 
55054 18313 
61247 48964 
9944 2103 
98320 26837 
10898 87436 
71702 16237 
32146 523 
74581 72267 
6463 97725 
19700 40108 
40939 75162 
74827 47609 
68775 51277 
6115 21751 
67960 35774 
22388 94059 
84097 14872 
96325 15546 
79065 2439 
49520 10496 
89821 29317 
27572 60209 
22387 69041 
58639 22761 
24872 27152 
84307 62898 
80400 53421 
75151 87385 
35874 71594 
95022 55447 
35754 59589 
57910 61366 
61354 54628 
29084 66872 
85660 2403 
58317 94675 
41243 17111 
97098 81270 
64578 70093 
44068 27105 
23938 78811 
83300 75280 
59972 25019 
28579 96111 
68205 91243 
63513 54224 
30914 68065 
72088 87291 
62164 51208 
87160 31074 
64284 17047 
45470 84134 
6646 37924 
26867 17396 
28338 74534 
72756 98682 
35172 61634 
24167 20395 
8423 85473 
93397 89750 
67830 36589 
84820 65217 
34572 9997 
10267 345 
21302 16292 
2257 86638 
35790 61828 
14433 70909 
22326 53890 
12679 59286 
80750 87637 
2709 10055 
96834 75618 
10315 60534 
89698 87783 
28997 29405 
32060 80168 
76358 85209 
27322 3799 
55444 74197 
33861 1892 
93 56247 
11344 23019 
94426 6287 
26520 705 
95739 453 
96608 75747 
57371 21187 
67314 66613 
43509 83486 
19431 25350 
51440 5789 
73090 51722 
8418 23220 
11976 76666 
90087 68407 
81123 67642 
15341 25631 
21421 53122 
8496 97776 
91535 11164 
83846 12327 
93678 17947 
99936 32661 
63514 6109 
51313 33883 
6441 39876 
14028 48701 
62622 74233 
37857 88112 
61316 28731 
82949 94141 
81450 73083 
31568 87415 
69813 91273 
66587 31083 
80878 63696 
97587 44349 
92950 82715 
32670 63908 
24218 96017 
39533 69554 
19242 54285 
12865 61496 
1498 24958 
66790 1182 
90850 22231 
884 4896 
66150 94946 
46178 9966 
12631 8657 
83607 17080 
31382 55897 
41530 49071 
3887 29584 
21223 56424 
98482 98460 
69659 42866 
77545 30625 
17425 80559 
14326 21467 
26281 33759 
56564 95661 
45668 12226 
80365 69438 
60357 31238 
62311 78914 
22491 63782 
60339 3067 
408 32251 
34687 35803 
43945 1997 
59004 90551 
61304 7075 
68760 52983 
26123 59776 
69113 32675 
85037 69808 
77678 2940 
15808 26457 
8946 59527 
94006 77627 
16614 73553 
62269 73316 
97626 61746 
60321 27956 
27529 47997 
66208 95927 
40507 44184 
19646 47674 
89503 35390 
46873 80010 
21890 14879 
83094 93518 
84397 77564 
93364 22419 
27334 47228 
25690 7809 
12634 82359 
91135 63897 
42835 78247 
54918 98652 
18835 58828 
39715 15249 
3118 30816 
87871 38739 
12096 54739 
2663 83569 
86340 72792 
90514 1910 
90669 21774 
55766 30160 
77436 50887 
57576 81597 
5802 58807 
24510 16797 
47400 62191 
36593 60309 
24516 8653 
26823 21959 
20745 51253 
24613 24278 
76077 8687 
62114 33684 
28432 45579 
91072 42425 
91935 20710 
12624 50676 
68507 67466 
5375 53781 
73885 90466 
48110 48321 
21730 85046 
72678 32493 
50230 12186 
49854 91232 
94459 90437 
6395 24576 
4697 98570 
95051 98975 
86047 17892 
90951 75530 
87884 81575 
67553 96627 
3025 39832 
13285 92980 
45996 94415 
86010 6777 
67334 3657 
66629 13468 
26637 10158 
65415 64645 
90868 97227 
55073 67548 
46428 37312 
53070 62933 
13605 55904 
52431 62310 
30208 97792 
4981 58066 
27576 49035 
93928 25489 
56592 37651 
93715 94450 
33952 8784 
4223 80291 
69650 45976 
63714 28404 
5501 89189 
90275 45082 
41467 82336 
75100 58381 
51696 68347 
52582 77067 
95355 38168 
1973 93155 
8726 31600 
93298 4125 
24484 82499 
76222 14576 
1682 98637 
24745 13910 
65691 67385 
92873 16562 
51184 82377 
6841 94386 
13238 93471 
17973 26958 
21711 92543 
66953 44920 
82284 61051 
65040 43895 
33906 21809 
80694 2077 
56837 57022 
31090 43311 
88113 77412 
17182 49261 
81943 53126 
8250 39246 
71420 46120 
77269 4341 
84897 15866 
11990 3583 
45466 5442 
78266 4400 
35218 53490 
91964 76843 
37285 18984 
63670 31753 
78173 50431 
16502 26706 
80448 78824 
41414 50370 
1606 64597 
46751 35875 
78767 82808 
79153 46843 
20835 87897 
41485 25932 
89835 59659 
10108 95048 
91395 95397 
58605 48836 
50655 79778 
27972 88626 
84379 33497 
44337 2682 
92638 14642 
74405 10444 
84149 22516 
26147 53384 
18219 32676 
47624 33155 
93185 74082 
50395 68912 
36378 44504 
85618 70013 
53830 48709 
30725 97715 
79306 35455 
2478 20083 
21708 3958 
98230 47997 
47507 48227 
81394 76974 
50566 8575 
69394 49451 
55581 3589 
52795 95249 
73320 22984 
72825 4127 
75966 72021 
11182 33651 
89059 71541 
801 58047 
2904 34178 
49143 19272 
90782 56933 
76646 50223 
83885 93066 
12088 1829 
93628 92106 
53945 20713 
90851 25828 
2198 92163 
48364 50127 
88611 84360 
28418 88022 
85125 4121 
49901 57355 
49841 1848 
1374 8291 
77939 43952 
75600 80328 
60939 4718 
88733 36305 
21852 16357 
13138 81739 
86066 55993 
96600 31874 
68229 41337 
62690 45904 
3894 53037 
87123 8122 
31400 983 
23206 99114 
34201 4302 
5776 66609 
86794 60338 
97537 75250 
8422 36597 
54274 87286 
17899 31480 
76183 2059 
159 14522 
81348 61194 
40585 74971 
84427 8487 
56677 78706 
88669 78776 
58281 57796 
2613 78444 
97404 34492 
74184 11698 
26537 11947 
94350 1414 
70435 47707 
60123 51083 
30486 62793 
2392 95274 
83070 29160 
77942 90027 
3712 21367 
96963 1737 
47400 14504 
7476 63309 
42053 59715 
86303 79794 
6952 71112 
92566 82165 
90839 13452 
24186 47555 
35406 88597 
80412 27036 
9101 80661 
74186 47866 
23411 34620 
56939 86168 
39241 11276 
15450 38116 
94501 82636 
75425 52958 
35704 6089 
99751 29598 
16145 43200 
662 19938 
31152 69523 
94577 26838 
96925 55493 
15924 32285 
43655 85317 
72032 42258 
85874 20692 
64984 88751 
53429 9251 
28305 86594 
14984 83843 
26480 2903 
2619 98059 
43481 60433 
50897 95853 
42864 62557 
96651 18679 
16452 97267 
46804 12269 
51215 50308 
10677 6960 
34701 33470 
10550 10463 
88184 13040 
29607 69988 
63719 5563 
29985 31875 
66326 93302 
75266 51157 
65822 177 
21552 80952 
44093 60453 
99179 2133 
83137 7098 
93144 37420 
36753 4455 
44501 30851 
44517 50783 
37241 63539 
40495 80208 
5613 19679 
81154 744 
95341 12966 
66991 15329 
38893 32899 
60658 86176 
59701 72887 
10680 19239 
3182 57642 
74359 65245 
3407 96038 
96036 56479 
33458 47414 
37613 24396 
54780 4273 
77093 72126 
76238 62357 
87853 8097 
57152 70306 
86478 82205 
40215 25389 
90184 4398 
79999 9276 
56243 66990 
40657 38352 
85253 36693 
72475 36778 
57729 30080 
41072 27330 
39186 37085 
75347 74981 
32757 11147 
20669 11245 
80343 1735 
32351 13510 
13395 65238 
21109 12910 
32662 53595 
66978 56692 
52568 46532 
51088 56648 
80361 62909 
15722 13835 
12788 59432 
52246 21635 
23749 868 
33784 14170 
85250 64890 
54925 45100 
10933 26829 
14268 53098 
36579 54854 
77303 94528 
55171 34465 
86869 1380 
5487 32725 
46393 53001 
72640 7247 
87077 33917 
96592 62722 
44453 86823 
386 58662 
11912 59756 
43691 76027 
9304 89568 
79227 57523 
3199 59959 
39733 46633 
42066 21685 
11363 63807 
24414 64984 
55755 74750 
858 89813 
27463 25367 
22094 28218 
96070 40683 
83935 34936 
23005 10942 
87847 77292 
61943 17068 
30819 23523 
48622 79841 
61970 49830 
21045 52348 
94906 60799 
64215 13689 
44683 45268 
4932 63391 
66086 70270 
91625 60634 
6012 49386 
81830 134 
46886 8665 
25594 67404 
10319 13185 
76983 70145 
10646 10422 
87811 99596 
96503 92768 
37825 35994 
95252 80861 
33788 75600 
79892 81841 
66260 23323 
10933 82185 
47348 64540 
66829 93501 
65291 2508 
65646 81450 
82472 23625 
97984 72923 
72286 31797 
36560 54647 
37291 75306 
61386 47618 
76131 74828 
41155 66033 
69974 49617 
41218 46875 
40543 30398 
86453 66848 
91279 42103 
93364 47045 
80807 37392 
99895 82575 
93544 62720 
63744 24295 
66205 42758 
70376 82857 
867 76098 
90436 21492 
45397 45402 
52971 53244 
50255 58561 
55617 60832 
17024 53925 
15838 12873 
38503 22286 
78325 58875 
92798 21063 
32841 47264 
94556 82004 
64063 25615 
25345 42737 
50397 50334 
62149 64620 
52267 54237 
98063 34598 
82058 94790 
2455 87157 
27639 33185 
99267 23962 
9356 75045 
51537 53403 
86371 37197 
27881 20019 
92414 91785 
92349 44654 
73281 78946 
2946 50209 
18846 72327 
26066 4953 
30856 27909 
74203 75665 
44465 45930 
52494 46198 
26244 28138 
56033 23597 
4300 18169 
94342 23528 
47188 71538 
31997 99515 
97455 13538 
25111 56368 
82932 8318 
2260 67196 
74317 80408 
85361 95520 
31108 1248 
71156 9252 
79624 77486 
97141 61700 
96619 55356 
97160 6231 
29921 85917 
11324 5909 
73545 79715 
52538 97104 
28910 16164 
47631 67022 
26062 62955 
64932 9053 
49208 3812 
12101 26994 
9425 69145 
38152 69445 
34041 13438 
1770 89066 
96997 85679 
74443 37871 
97378 94675 
31335 29374 
4366 79814 
45480 21163 
26019 59631 
41556 97335 
26542 45497 
84375 59256 
12168 75788 
74178 65212 
29270 47121 
95943 94798 
69989 93520 
23113 52246 
60469 91850 
7510 64406 
14670 52391 
96681 73746 
72797 87158 
7509 74436 
7509 35343 
50642 90527 
73387 65222 
44153 49182 
95537 64946 
76812 59083 
41737 80796 
81433 64377 
99198 60825 
57013 7893 
81801 14237 
34704 3899 
26586 2424 
17125 90247 
99270 36283 
33150 2564 
17785 66227 
41006 88977 
20072 16266 
81359 62898 
47786 31604 
29059 73498 
91113 80363 
17301 58783 
41544 74395 
11179 34530 
29256 51554 
88961 63868 
79641 92390 
48889 46914 
9568 27907 
96899 67623 
98120 31839 
86388 35888 
8847 80853 
74990 66946 
10960 9139 
35309 47241 
45446 80060 
6638 46200 
8746 46821 
2940 46704 
81402 76584 
98689 83573 
12020 68010 
98661 99005 
77896 905 
60346 46657 
82849 18458 
78394 1944 
20056 57508 
59333 65126 
23118 10328 
11798 75897 
52113 22642 
52571 93419 
13053 6844 
81996 34149 
88935 76905 
13644 1303 
68516 91959 
52596 84413 
94945 29281 
4311 55217 
20560 94184 
61759 36968 
46450 14287 
62336 78284 
45775 58704 
28101 19768 
18385 68855 
2891 1880 
937 86947 
78178 25946 
61492 20607 
55813 46655 
40477 87711 
30320 44072 
60957 44142 
85968 95891 
20282 9033 
94595 46587 
92507 66998 
68994 49094 
16345 44897 
73647 36775 
16992 31909 
19687 68706 
11785 35957 
74195 79681 
79469 47018 
95292 57827 
30744 8390 
63938 67370 
3793 80668 
20974 31843 
22680 20042 
33649 93891 
98744 82421 
9723 71846 
25580 7984 
49217 40373 
16693 36949 
73969 72735 
61588 56641 
3394 95611 
30837 82428 
51163 23897 
43590 30614 
2032 62557 
22001 50087 
90601 85347 
96247 41359 
44555 26090 
91039 6534 
73741 47229 
20013 41838 
83446 82462 
37841 5527 
65301 85560 
51636 68303 
72508 55817 
72958 80809 
17375 52111 
99666 73345 
38669 52159 
52879 36646 
73862 61321 
58490 19343 
37086 26176 
54944 17733 
47447 62117 
29398 26472 
74332 61294 
32945 65080 
66429 7559 
2205 94385 
9416 88367 
19402 89536 
13622 60169 
75942 41737 
67403 93384 
65542 19585 
4641 95864 
22129 32666 
25412 89586 
35000 5057 
77800 94355 
19153 84392 
55739 54386 
92245 83395 
92907 28934 
11253 75060 
35892 56479 
51761 40116 
61220 93507 
70644 95983 
60282 23533 
78992 20109 
53822 29790 
66283 17404 
13350 25857 
59056 71409 
60694 42544 
67800 61939 
88896 76428 
74269 28087 
97731 15747 
38108 4832 
65361 72677 
56471 63906 
83990 67585 
93199 45161 
71845 30413 
5180 73362 
36420 7163 
32661 17137 
4623 85290 
87586 61779 
54345 80823 
69408 35641 
78908 62194 
61408 51070 
90964 20949 
12161 95134 
25652 37952 
86622 32834 
34134 35170 
79179 66084 
68135 47743 
17074 25396 
43704 98836 
46758 58050 
38106 10607 
88002 16467 
17662 38659 
61032 43558 
16253 74452 
40477 98031 
84367 20422 
66558 61924 
6755 5925 
48779 25127 
43114 78624 
30234 47148 
80696 75567 
41728 55148 
331 50977 
64044 49026 
48089 13616 
33975 49305 
73631 5630 
75157 41632 
43292 36875 
8281 42898 
61025 74011 
96888 38287 
33570 72004 
14795 16029 
97534 27186 
79042 57175 
85579 25664 
78343 21410 
46475 58615 
41153 6747 
49523 76867 
29746 50882 
97690 61208 
17138 85032 
45769 91949 
2186 47319 
69982 11559 
44880 12025 
63665 87545 
58631 93528 
40013 99259 
79246 39269 
7347 91957 
41339 34802 
44952 64167 
32077 5789 
48279 80312 
59448 16762 
31112 29547 
67642 34503 
69316 83887 
55681 45131 
45861 43944 
7088 88262 
10027 99012 
18169 99072 
95070 69695 
20397 29654 
48077 45925 
28417 54745 
13354 80979 
9358 53722 
76401 52967 
61418 712 
19379 59269 
10087 87714 
60957 66534 
78947 51833 
53501 99110 
68588 77038 
88819 12140 
82031 93299 
19999 62080 
67893 1530 
41367 57008 
13627 11436 
81174 41856 
10279 91205 
52357 49574 
27515 92920 
75568 28246 
83089 35606 
35613 36284 
64421 99060 
57582 83108 
61667 5908 
92129 81090 
1393 46756 
80749 66019 
27924 33915 
31336 38026 
65438 52814 
71934 72600 
8052 17088 
66297 52255 
27438 23222 
68721 73386 
57897 43737 
67603 89980 
17366 94053 
17253 66128 
49513 57538 
85731 22613 
26804 55622 
52804 79421 
37412 5496 
76630 15581 
89797 16542 
10320 90547 
8015 38503 
90304 97179 
58040 89320 
37231 45419 
40838 58632 
7151 7837 
11434 4135 
5766 93531 
34909 32304 
31831 55208 
70001 82429 
47060 75784 
78949 13474 
79425 25472 
98201 26971 
54304 28097 
68819 45970 
13648 26218 
17645 10009 
27219 88684 
758 39133 
21887 61340 
69233 66181 
55098 21892 
93923 35891 
36829 63286 
90725 21789 
60705 96480 
20744 17414 
39434 33101 
763 17117 
52277 81253 
48621 13487 
3044 63608 
5366 3397 
55911 45910 
21464 12740 
63356 46162 
67896 21092 
25586 80027 
34599 91887 
24064 86325 
8538 91113 
53100 68044 
81562 8092 
32907 78888 
24276 75634 
25177 83156 
76277 23631 
87899 17610 
45417 90128 
18 88004 
79163 56965 
58515 40072 
69644 73266 
550 55034 
80652 79383 
31578 33032 
39639 46333 
46652 44451 
20663 1342 
16635 48678 
55281 18786 
73617 2620 
47530 17658 
70572 7170 
36437 21606 
9117 68835 
44905 5677 
26240 85845 
77353 75075 
5927 3326 
80152 95571 
34859 20505 
58681 22629 
52699 74410 
52748 56903 
56957 69153 
8134 87417 
10015 67664 
46204 70596 
61624 13576 
25799 33215 
44025 5019 
12025 80448 
18834 99169 
15125 36333 
54900 86664 
39224 43341 
94605 38392 
85589 149 
22386 93643 
87896 22270 
83762 28240 
18069 68929 
15722 14051 
90394 91345 
40075 57124 
8929 22546 
40185 80708 
48585 46905 
88524 1563 
33846 58768 
17521 33196 
80732 43879 
29470 38051 
97371 94729 
22544 42173 
96510 1537 
69493 20521 
59269 44248 
23153 58823 
3660 47775 
38654 98775 
53626 52615 
96037 77367 
74810 96073 
78968 78278 
41761 95500 
15347 23491 
27976 74263 
13824 46708 
64942 73621 
36571 6608 
99253 49248 
33150 17647 
87931 59804 
22911 98834 
11213 16824 
54059 66813 
49372 80088 
86404 28569 
65538 50727 
41761 61215 
60034 35511 
41064 1572 
13381 30062 
503 6622 
14932 96212 
90307 87427 
81993 89243 
69297 63744 
10329 24496 
95923 34285 
61113 59592 
82202 8509 
81652 8503 
865 99770 
77655 96736 
77935 36828 
3319 13114 
3118 10953 
12188 12937 
68564 39240 
16511 79747 
2916 91266 
35745 58509 
2062 95825 
75887 31673 
70562 17262 
70456 21446 
78473 66779 
31271 66494 
7137 93104 
2537 39411 
4465 79042 
85322 42431 
95345 55675 
1145 43230 
96038 34363 
93198 90054 
62764 48199 
21610 76021 
64143 89201 
95237 6099 
4781 25269 
96566 57108 
42985 81845 
98670 11013 
39456 77161 
43496 84857 
45774 7156 
49372 76865 
91595 86339 
42202 97571 
57687 64300 
59682 57264 
28299 54029 
60718 36596 
813 27888 
83293 75930 
93240 59764 
33189 80762 
30836 17895 
53239 55551 
11951 41776 
18216 46315 
50235 68756 
23983 93567 
65369 11143 
91196 71470 
47755 23030 
83637 16533 
53927 37569 
49168 29738 
98920 20 
27315 69685 
99434 69692 
31681 41145 
87354 14741 
7639 23361 
57025 77810 
86196 75512 
31674 47627 
3425 2917 
34439 31915 
31549 66917 
27721 90367 
72539 73770 
40894 52928 
97970 83485 
40895 18260 
79971 38220 
12822 25 
47199 21647 
8359 64485 
17115 25685 
88737 81942 
1194 19010 
35877 96661 
53285 82991 
30484 5151 
32957 4978 
99058 21112 
85480 96352 
13163 96796 
97989 33259 
83755 65207 
77411 1699 
30958 65291 
9899 65411 
25413 13171 
3812 64971 
91174 86448 
88665 99553 
32093 95766 
41039 39034 
93716 28048 
35078 63394 
980 59220 
69987 28854 
18294 50733 
9882 15711 
63106 63807 
82328 21568 
66618 48115 
21120 25426 
16073 87453 
6093 63097 
31838 13988 
48204 22412 
29534 34780 
91615 87935 
92506 49540 
56229 39178 
33201 76958 
23839 33765 
53323 48447 
79041 87571 
22145 72765 
52025 97527 
79930 22748 
74576 39628 
39148 46249 
52855 14596 
19 57392 
80986 6735 
18886 21378 
67960 67700 
68021 6333 
27074 36214 
3689 39062 
81881 57217 
15640 68084 
75537 69493 
65669 6953 
31485 89504 
35501 3610 
2553 30998 
94952 57407 
62846 64879 
70176 84445 
42212 41897 
38805 13982 
76606 71920 
3842 83940 
49317 77852 
1415 91901 
27840 19703 
78866 49514 
59058 14906 
39074 82823 
71432 64624 
84549 18816 
47096 32655 
10554 99357 
68978 13452 
90315 67670 
18544 68841 
67430 79675 
98237 9250 
20603 2716 
79390 44508 
94113 77638 
31146 31801 
93739 36613 
68852 3858 
32361 88814 
71403 69186 
72029 8720 
56200 37961 
50037 87781 
67649 42144 
95370 39118 
30550 86434 
38877 77104 
43258 87875 
95615 28894 
37150 36261 
51029 73385 
8742 34897 
13984 44550 
38667 61868 
9142 80763 
47808 25633 
68764 49443 
5004 75611 
49752 27265 
93055 68331 
45580 70147 
60146 82806 
84750 64399 
32354 24988 
7494 10620 
39566 60450 
90678 55369 
11906 66909 
47197 52070 
36696 3769 
60638 2315 
27003 54527 
28571 1413 
41980 9738 
78567 87964 
16508 23151 
89869 76213 
3034 91706 
642 32076 
2066 81262 
5792 38987 
59412 44272 
53596 88088 
38064 53005 
30724 18783 
30514 2558 
84690 30337 
63352 21517 
70395 82898 
60128 65004 
23124 7261 
70752 54736 
54223 46649 
46148 73842 
37641 60950 
35350 20320 
5625 34071 
8959 72381 
96 38472 
67607 21333 
32538 27446 
77021 83245 
89758 45322 
82297 9319 
85431 68541 
93161 76702 
98094 16424 
99281 56427 
55072 99457 
70091 23236 
18830 5047 
17146 93209 
7305 55966 
48663 49484 
33021 15046 
25709 43735 
77119 51249 
37385 41697 
23925 26803 
48418 14680 
69261 12896 
36704 65852 
81430 92272 
30653 20002 
37665 61087 
76581 98565 
80795 99511 
14946 47873 
40962 40820 
20863 87938 
45495 32087 
69142 1478 
96332 46100 
16982 88490 
28906 73762 
58508 70358 
78975 98963 
94480 39299 
74618 33831 
77806 13895 
39454 71226 
40887 79513 
40127 93513 
84357 63624 
36180 61868 
8465 20350 
93682 98783 
98093 75971 
5307 67912 
30338 17753 
19045 50040 
59632 92090 
15306 11722 
49503 14811 
87937 63994 
62380 86421 
78468 12584 
89274 48117 
84927 8167 
99670 10620 
16621 15470 
18640 37174 
94536 33399 
92978 64490 
3318 14884 
91067 1018 
85322 54749 
92199 50568 
29754 36671 
60270 71177 
50706 56184 
64025 93997 
66693 65673 
1446 95115 
91306 19435 
9427 34330 
19659 32143 
91508 49305 
48558 2430 
76264 20900 
99661 94792 
26819 6066 
24360 17680 
58023 68410 
56720 83357 
81952 23301 
46543 86011 
94723 54367 
48455 88599 
37982 51294 
64897 66038 
16984 65011 
41002 12601 
33838 75685 
87546 84767 
99278 21376 
64533 17267 
19217 40775 
92424 19712 
13395 42130 
70630 33915 
12586 22305 
73617 7935 
98106 24821 
63792 21845 
92783 43836 
7349 82370 
86080 52181 
4326 88784 
77733 55890 
47352 60853 
54032 55131 
4910 11088 
68797 21970 
84425 38227 
87144 89117 
68068 16601 
64264 80624 
29903 56923 
73765 5420 
36839 18054 
70508 77669 
7838 56401 
71403 24090 
55904 9897 
64323 87736 
65637 26846 
10029 40133 
65430 66461 
84954 69268 
37930 17516 
23708 19602 
74901 4329 
59327 22104 
23432 75114 
26574 67221 
89205 96816 
89020 41810 
59569 12594 
74157 72194 
84233 53444 
52459 89874 
4619 33778 
76090 63829 
54267 2305 
880 23924 
62157 64190 
51199 33633 
78412 38202 
51558 57099 
7552 63473 
41002 5495 
78349 24453 
6827 40717 
1279 19811 
22628 60626 
64662 61265 
52400 89386 
98834 51715 
87164 48871 
94011 58543 
13506 92685 
91989 67589 
74467 43047 
84426 76053 
72367 82569 
41174 58456 
80432 17952 
60964 18806 
75520 50635 
83742 24226 
77747 60672 
29023 568 
84507 34385 
27885 58916 
16144 43832 
97550 13378 
48444 16631 
66966 45198 
93169 18443 
99438 65976 
1988 7179 
74031 33668 
11474 7963 
81351 79016 
17217 943 
61272 7233 
63663 10237 
60259 49967 
62936 31612 
14200 55997 
10688 38937 
68946 25586 
49930 65025 
35301 13048 
44834 61155 
37748 44863 
65670 1394 
56932 26523 
53285 12783 
84802 40312 
27004 80501 
8226 68356 
23304 98326 
12056 10514 
4326 9031 
45780 5087 
55032 6779 
29313 1796 
95760 54164 
82876 81134 
72933 225 
53581 61938 
54866 72580 
77013 89906 
51885 56776 
55975 53796 
377 69001 
60513 33161 
98946 74511 
53464 41739 
61491 3431 
23960 93990 
56807 68044 
67700 88778 
37239 91221 
87247 73821 
19939 14374 
98223 27291 
73427 65098 
17993 68831 
79470 29632 
82277 91227 
85681 93311 
82090 86166 
37779 83404 
38534 22681 
82115 73023 
36156 25346 
58854 82236 
16966 90728 
64116 43096 
96651 75255 
45399 78975 
2147 85419 
8789 85405 
45427 2102 
58732 89595 
42240 74808 
61556 8825 
56473 28748 
22473 24135 
944 37922 
92438 35034 
53626 30789 
76045 63393 
54660 11551 
94528 30263 
34008 99774 
68997 38027 
82142 13753 
28170 52149 
16960 48973 
12174 91683 
18900 31969 
39373 5809 
3236 62058 
26743 34815 
73628 88630 
5953 28307 
54216 10107 
57094 20819 
28902 22149 
89941 45619 
25923 87318 
38622 1128 
73442 46200 
99759 71268 
17582 40810 
36426 40913 
38179 75154 
90678 40751 
19518 94926 
95920 2020 
33402 28582 
57091 899 
70122 95408 
71377 24798 
9257 52703 
95094 98327 
56693 23837 
23436 65445 
86857 21672 
38905 36089 
19881 57747 
1565 70518 
32258 6604 
99635 92705 
46524 76777 
52510 95252 
70598 25212 
59919 22680 
60638 40270 
20746 97322 
62621 9962 
2935 82670 
47311 86705 
31936 62689 
90896 57629 
79314 52422 
69295 30352 
75423 45179 
27964 48145 
40465 44642 
61035 55535 
26769 26423 
83690 45637 
91827 22928 
9911 33911 
76348 27811 
54092 19525 
44567 71895 
59466 15127 
55024 31086 
18905 48605 
69234 88660 
94370 66280 
72914 89238 
60140 95972 
79887 89797 
91902 60539 
12263 34319 
98923 67694 
2221 52925 
49698 40342 
40440 13838 
72856 93127 
4188 37061 
24552 5550 
34073 12351 
1186 89752 
92650 50879 
42012 1939 
30342 39926 
10031 432 
4562 63015 
61559 10446 
46437 94077 
14942 15980 
46213 73561 
7117 62533 
33203 26848 
83061 20925 
59031 90886 
97667 32073 
53992 73662 
22134 25367 
15477 82930 
37738 79149 
4722 25586 
68659 70811 
73534 97101 
52523 46151 
16181 51656 
72423 22881 
43317 67926 
77400 31568 
4564 2886 
99699 88783 
44309 56598 
36622 91860 
61293 54627 
2362 22434 
56747 91541 
70936 46800 
98095 68894 
25205 5122 
95667 4164 
98897 88687 
88395 83310 
48699 14610 
61133 78910 
21651 20808 
71008 58314 
89481 20556 
43152 61777 
5941 75544 
7157 39265 
5829 69155 
84803 96414 
5113 87513 
6843 15080 
80383 44884 
32093 81969 
2877 22142 
65560 80061 
77387 22241 
24044 71801 
89595 85050 
77394 30538 
96722 45374 
1550 57208 
5865 62643 
15504 52970 
71973 98487 
38491 5321 
13152 69302 
96009 85154 
84824 54913 
23648 45284 
76252 1566 
66298 57173 
93026 17748 
46907 21879 
67337 24689 
83776 43727 
94214 89933 
68298 60726 
26359 41968 
76052 84490 
72835 36676 
73351 14202 
37566 22232 
98609 54127 
2453 28102 
43317 82223 
6912 85883 
30944 88620 
694 75034 
93741 27021 
50111 74876 
77214 99540 
59108 95774 
59931 26065 
26112 57033 
62391 32898 
95192 76792 
32806 32267 
75750 40081 
39952 54235 
98866 15211 
73673 35600 
50348 95800 
52107 66566 
70647 55971 
61423 45290 
40038 19679 
8593 92844 
73791 61570 
50670 36704 
36546 76465 
75046 79563 
47682 77268 
44356 32085 
90237 6997 
86956 3158 
54714 79650 
9321 9271 
46160 96716 
30242 85830 
57941 21433 
88374 57539 
68875 31243 
54442 52440 
51769 10412 
87363 24715 
90812 89414 
9541 85124 
92939 85427 
40769 24691 
43951 49161 
22461 57249 
4074 77261 
84336 99488 
59558 6635 
54214 53362 
47064 67331 
88256 55008 
45776 33951 
3744 6785 
88540 82093 
29425 14613 
77804 25965 
49471 11463 
4713 86028 
6272 59677 
60460 11449 
44550 89748 
97835 61110 
24706 51239 
47865 29074 
6862 22719 
21565 85650 
8660 51916 
30038 93582 
69758 74712 
37478 50396 
13778 92200 
21154 2545 
84564 68676 
50007 74790 
47744 50292 
9232 59085 
90861 94014 
92076 11266 
25777 39602 
52024 10974 
95569 53532 
58683 50481 
14798 23066 
28862 31476 
26834 81158 
10708 65374 
44797 98416 
83240 92336 
53749 87048 
96203 56936 
90903 23541 
15888 4309 
87909 11740 
61440 89590 
54687 76090 
13101 25611 
7827 95981 
48974 29061 
98195 66439 
20102 63686 
72228 97881 
4988 20640 
9248 48183 
94191 20684 
13223 14024 
43189 70724 
1503 95281 
97453 58033 
25395 86181 
37518 19517 
77814 39999 
13787 80503 
91803 268 
40941 17802 
10380 90791 
20 65147 
12918 9186 
52587 45650 
16229 74256 
5888 85509 
29514 36181 
80491 35981 
31521 70317 
22616 6502 
55531 40373 
72226 90845 
13212 34755 
44903 50325 
61907 51091 
10665 3332 
21577 28254 
56043 58830 
77424 2647 
97162 22988 
62114 96072 
70969 2717 
97554 26203 
69400 27643 
90351 67504 
96979 12955 
17348 80358 
26183 89517 
8060 69263 
96907 34814 
29356 27113 
56429 48526 
4396 71929 
64511 29904 
52621 84830 
94640 30652 
20492 13591 
46833 76604 
83738 14852 
50101 74284 
40994 69841 
73310 44281 
86018 23406 
82092 52406 
41093 64254 
76392 41683 
57741 85437 
18352 3543 
42529 38488 
13438 64899 
45556 22013 
39094 9339 
57109 26149 
24646 95277 
93997 87942 
73804 81656 
21251 99571 
86804 22688 
47168 51237 
83118 47102 
50054 83632 
47595 94529 
43597 71080 
23016 41862 
64433 55767 
50258 15861 
70267 5914 
13624 54729 
69812 76306 
83341 51053 
66857 8308 
59869 81223 
89912 18276 
15328 2352 
96199 88243 
96265 76699 
84128 90822 
98897 65745 
21963 51442 
53093 21315 
2029 75371 
54587 89515 
59594 44407 
66235 34771 
53486 18691 
68625 85875 
91514 62785 
77938 3694 
97950 51978 
64680 71087 
62598 4713 
759 9574 
81385 30118 
34329 34428 
96954 75781 
41977 70123 
74389 10262 
35972 61425 
2002 77250 
10717 31969 
89998 13850 
96980 61723 
50894 34174 
55063 77561 
84711 41234 
78845 76999 
59259 45056 
1422 34177 
71226 33033 
90079 69291 
97324 59687 
93412 97931 
96430 97366 
56643 15156 
3393 16807 
52522 10667 
63139 47096 
84670 56021 
89721 98219 
7836 52633 
99104 16234 
75242 80148 
56796 81019 
67056 38816 
1815 49641 
75988 36572 
57036 94552 
26117 31844 
12604 85163 
79274 6429 
73921 13766 
39644 9332 
98562 72353 
1745 82049 
7585 45579 
99516 48569 
45796 96900 
4984 29210 
82861 89914 
93818 16440 
92532 4928 
42061 32945 
20822 82043 
43424 77463 
55590 46291 
39730 52287 
39816 47868 
38497 57841 
28729 81009 
51039 34351 
77007 28797 
22158 28418 
56400 17984 
38128 63133 
46460 57840 
93599 94426 
11405 80143 
69969 43429 
74758 93575 
27895 4917 
29983 15139 
44826 45252 
80190 43626 
34795 19767 
82847 95756 
72184 59149 
86505 34280 
3744 97150 
85670 79161 
73932 37802 
87270 7904 
7406 89363 
77555 19138 
89550 24299 
1823 54786 
60962 59900 
20991 50446 
95075 92483 
88862 11047 
59434 59661 
1812 89446 
70604 49750 
8663 79263 
40310 25192 
32688 20135 
76108 77694 
49955 53446 
43739 86837 
88640 59722 
20318 10997 
62469 55007 
67549 99707 
28120 22899 
32449 79943 
61172 11358 
39361 35341 
78151 28932 
71524 66957 
93193 33790 
53076 96964 
87057 20727 
33073 52543 
83482 76260 
41970 46217 
73289 90007 
37962 51040 
188 81733 
85702 54267 
23869 27733 
13128 61553 
5793 47725 
73466 15175 
20961 43919 
98976 84479 
85005 67679 
70573 84416 
96 25981 
43208 78998 
65438 29815 
60720 30442 
68554 29754 
65852 61931 
72074 80100 
61221 12182 
37422 22324 
5255 73352 
81553 80979 
33450 20366 
45852 20813 
79796 59342 
67274 22501 
35774 45558 
81026 96257 
25107 47283 
51346 67482 
91242 60800 
22340 36722 
91545 14073 
4396 37356 
67286 31757 
63336 88789 
11689 72663 
59251 70336 
89710 92237 
89890 21563 
72634 27299 
29501 8548 
38224 47999 
18165 82329 
52836 72855 
48982 95755 
95796 96721 
20855 38015 
8286 38670 
73159 92332 
49086 77039 
95238 21585 
17764 2248 
8468 39121 
62215 84519 
51535 27515 
21956 23238 
60587 26808 
71164 17482 
25117 25485 
16181 73071 
17690 52470 
71032 40557 
41049 86432 
81510 60648 
9673 69916 
93448 78850 
84509 40105 
64035 79469 
9391 65489 
96388 80630 
55585 8257 
37046 26596 
66893 15939 
13665 11419 
11966 82622 
5906 68840 
92700 10032 
36363 67367 
28052 41811 
40353 56556 
31118 40527 
23468 20823 
23981 26274 
44037 10448 
89623 98151 
63980 35969 
43114 15465 
96015 31766 
15311 24236 
37755 17423 
81466 76345 
24006 11289 
34444 3638 
47350 79706 
97620 77379 
94150 37484 
96112 4584 
18139 50439 
56628 87152 
27039 29231 
86004 97093 
88956 45192 
86420 1753 
74797 43508 
1325 6613 
40547 76850 
50232 70064 
18961 33419 
2873 84496 
34078 87407 
63575 11098 
73938 56965 
85277 1982 
56976 15059 
9255 42525 
5795 61942 
31422 99302 
98365 34503 
28959 64520 
1161 97360 
42084 46564 
1369 33325 
94931 68094 
45990 26769 
56771 98050 
64535 12366 
90245 62017 
98966 43893 
6802 46564 
89651 22960 
51189 37507 
69302 15948 
66637 9485 
98227 78940 
50290 14798 
33710 5046 
94464 3148 
63893 6287 
23476 40748 
52304 43073 
78073 87202 
32990 18329 
69906 31613 
68194 60428 
27016 85593 
30620 29371 
77975 80138 
548 94016 
77091 15796 
74408 44653 
56018 71099 
65887 24890 
98136 82950 
43262 89514 
71214 74440 
87360 20922 
21182 20536 
73375 65676 
25224 10144 
76797 84907 
25950 84224 
78747 47510 
20063 3979 
99274 33475 
54726 30553 
18499 56197 
92732 78262 
54976 57222 
43632 37064 
58224 74669 
22121 46778 
38115 37424 
87286 45538 
97659 91208 
36698 7993 
57671 19757 
77902 34978 
61940 84613 
76500 55710 
29718 70378 
84803 55966 
78694 88814 
87948 51303 
76111 64791 
65409 83056 
88253 99826 
54990 26665 
89283 84864 
23672 66823 
59234 12928 
95097 12019 
47937 24401 
57007 92214 
6777 2976 
73623 7731 
93379 28656 
57715 74858 
35674 85717 
15051 44260 
1275 18173 
59922 51947 
55684 23008 
14624 99394 
8583 72362 
48043 49351 
41287 59830 
78906 66902 
80443 73173 
67804 31603 
33133 5988 
48751 95754 
26763 34284 
5806 66386 
3478 377 
83234 44043 
3306 66185 
28682 60174 
32843 20726 
8028 16750 
56999 52537 
97837 46656 
70181 26684 
56763 81494 
268 38221 
797 34597 
73811 49162 
58872 81407 
24143 54440 
65184 46766 
55389 63808 
52443 89279 
84902 31288 
46330 6574 
74168 11510 
25600 72101 
24027 73165 
4539 54067 
53836 53819 
14907 60160 
6228 97426 
13026 97907 
19172 76177 
14339 39827 
85306 61662 
62543 34993 
74809 76849 
73317 14163 
32623 30006 
53699 94349 
73348 4443 
87320 501 
87937 53839 
93001 86927 
45107 31908 
9610 59134 
17378 67304 
33633 67970 
86761 79908 
37561 72259 
88313 23013 
26973 43567 
31139 27456 
52126 17302 
95894 18329 
75879 78041 
45442 72701 
13946 3786 
1022 87629 
5759 83821 
30161 31756 
44628 67861 
64517 60923 
94428 427 
15938 88463 
46691 43654 
87253 14237 
26780 94212 
80657 32979 
40717 55566 
91014 62127 
65289 35505 
34017 52084 
23202 673 
99850 67743 
52345 34796 
41857 59084 
73635 15347 
6691 70808 
85453 44591 
87505 76218 
64322 45266 
34991 58921 
31305 58602 
92399 7455 
51456 62934 
30153 32559 
69740 64883 
43270 64554 
50970 1854 
40523 39188 
83607 34582 
98128 34312 
27670 1504 
72699 76855 
35551 52923 
68338 99855 
51173 82252 
30927 92655 
97732 24081 
99037 53885 
97163 94340 
75362 26483 
25499 6572 
95161 66767 
97482 10096 
58929 75429 
91025 60818 
65353 97347 
67574 53503 
27591 79236 
17934 15503 
81013 59390 
64786 86266 
93750 52193 
82915 84388 
72756 81526 
56060 94525 
17571 11866 
75360 90203 
11540 23612 
98512 45341 
55994 80047 
31027 77273 
46743 37368 
61434 7115 
64182 56315 
80744 19503 
98437 84215 
43215 53059 
59187 89611 
80185 55377 
26135 48175 
61709 91880 
80600 98196 
11710 6608 
21277 6742 
21564 94799 
7938 13403 
74304 62069 
95716 47607 
87023 13063 
19545 47556 
2626 33659 
63474 44130 
13715 5076 
2763 11469 
81173 15743 
38025 27449 
17956 17297 
50156 31890 
44589 4796 
92389 18112 
87070 88049 
1529 44296 
80129 60902 
54277 5140 
59243 68371 
16522 61432 
73288 17746 
33577 85380 
26437 79054 
87552 42971 
62623 72742 
4430 1076 
38869 48015 
27842 16703 
94767 13924 
89172 38516 
14573 97136 
94333 26624 
95672 65267 
16395 75669 
82564 72705 
30228 8334 
99073 57048 
50415 91688 
13119 38618 
36930 17124 
98208 52913 
14382 76179 
13682 76469 
10156 59143 
11800 90272 
54326 1116 
93926 61667 
99975 1045 
80315 15682 
16387 43307 
28470 9728 
79549 58488 
33520 21832 
34505 70292 
70774 11883 
32331 88899 
95351 17804 
50824 27558 
96735 4135 
92501 38877 
17104 89213 
16088 89981 
81479 38910 
98387 21633 
54972 29904 
42291 65365 
37893 53444 
43651 24854 
32937 51821 
4835 62977 
70387 54047 
35999 74391 
57036 4692 
16484 64979 
22416 60381 
98185 4141 
72018 62185 
20359 63625 
21271 78893 
71065 7543 
76402 56160 
74247 52133 
48662 99545 
3485 71048 
36959 65663 
23499 82116 
90602 34990 
38745 14979 
68625 92306 
84761 25458 
45104 46312 
32423 92153 
70869 78668 
87831 3537 
91223 24498 
61320 19669 
36528 51363 
47879 71673 
47940 21762 
8285 44243 
74125 95410 
65322 71698 
76412 51872 
32695 66487 
9679 91551 
75597 90543 
4106 3619 
61346 74522 
59042 73153 
96119 87717 
74329 36563 
59535 62305 
86751 84340 
42669 79594 
49667 53208 
67078 33084 
92432 45987 
12490 93371 
22858 66732 
9050 13344 
90770 61229 
56359 28604 
13605 8427 
16002 27656 
76045 17116 
86889 89215 
54844 43978 
13417 9804 
87266 64049 
95338 73847 
96999 92731 
65183 50597 
14913 79662 
74180 37468 
83712 69083 
80839 7743 
15299 48764 
67718 62116 
77593 90140 
21360 28175 
23575 15988 
97986 99662 
39482 18778 
63253 58238 
81385 92807 
38227 74502 
89754 36256 
5720 42099 
20196 25526 
31189 59052 
5173 63512 
30669 33800 
66311 55919 
74528 59943 
29821 75294 
50314 73322 
58582 31134 
20564 77806 
3600 76250 
2159 2060 
94842 44510 
62672 28538 
36848 33137 
76109 18108 
48073 13958 
5559 38943 
84558 82277 
83481 96719 
18314 29528 
41703 54626 
98734 56399 
2687 26367 
11341 26818 
81213 23050 
62396 22 
61342 35764 
60122 67855 
7387 39629 
33742 67504 
39577 12252 
30067 36101 
55212 69757 
53991 22901 
4307 36948 
74094 77209 
35098 84665 
97416 85788 
9235 87025 
28515 42180 
49091 73983 
67096 92166 
20346 80541 
65765 14565 
71837 22923 
64879 64608 
51660 64184 
44995 28337 
93573 66942 
89097 10778 
21019 69339 
26530 8093 
47389 61805 
38530 94469 
60652 86861 
41219 88211 
68050 31919 
26146 48293 
42309 35945 
30694 92610 
54626 84834 
31126 22172 
1709 27484 
99541 81755 
34204 4810 
42693 86763 
72085 47311 
45413 98545 
48948 63325 
74259 35967 
61571 9702 
58093 69718 
13767 9428 
51406 57652 
34218 56550 
3523 44428 
16866 27824 
2218 66735 
79393 2579 
33814 76627 
60428 77575 
3479 19771 
79325 52009 
89260 82885 
63723 49315 
61249 55174 
9571 37048 
83362 32303 
75872 3876 
29339 28226 
32163 53610 
86876 50153 
70562 80188 
94198 35005 
66201 94643 
51922 41879 
19964 85386 
79730 44379 
45661 6461 
42134 69113 
70122 4972 
50549 82197 
99180 18479 
59904 34337 
65076 95955 
17202 36832 
11588 21722 
86706 55832 
91990 50840 
71856 80201 
51949 96515 
77533 39564 
44549 45364 
7983 23418 
77873 14745 
75455 79630 
26884 7874 
2553 51206 
50877 67069 
37321 43924 
45302 73223 
64241 4217 
22548 90480 
86608 26651 
60076 9097 
76174 3404 
76282 96607 
34445 74336 
94572 27638 
86737 35575 
34353 26142 
34822 16961 
23963 20273 
26942 44279 
65098 79793 
64999 60883 
90811 78637 
57877 95155 
49961 1143 
47137 25156 
19772 89467 
76766 9903 
95178 11810 
52151 27920 
28701 16374 
35138 87988 
97859 24299 
51824 54480 
58407 6377 
47622 60253 
1240 82939 
10178 63715 
68334 84086 
94902 43549 
98862 8290 
30122 14475 
70439 21429 
49320 90544 
72453 45411 
96404 18588 
98512 95820 
76669 53845 
73269 41392 
80862 52128 
35233 74636 
92671 8571 
81664 2519 
1017 81580 
44201 88929 
77668 2521 
4659 6480 
47988 86546 
79222 84225 
78037 28077 
96264 69999 
24785 85629 
68118 61331 
47849 34980 
10332 97282 
60962 97140 
93311 45027 
9277 28127 
20699 59675 
94661 91265 
16465 43531 
35280 19517 
68384 81915 
38066 15331 
19434 86638 
83076 28504 
20614 35373 
67272 98821 
58797 55413 
31917 49474 
51428 63676 
2590 69764 
56239 41338 
3678 31117 
78646 91095 
70308 39158 
72037 97795 
69785 36402 
16950 89100 
61913 35046 
33928 71783 
72993 77426 
31852 1460 
31799 92907 
18624 28752 
17527 44249 
4314 53289 
99473 33988 
8223 8456 
6108 71884 
40781 94418 
47275 88224 
68810 74700 
27366 14556 
88400 52499 
29628 43379 
23484 46888 
22182 21391 
40184 96216 
34830 27065 
17095 26251 
82439 32668 
39886 34002 
65411 53259 
94958 54647 
60733 40768 
21363 98647 
28064 89973 
42794 68833 
94533 84972 
42168 93201 
49169 29717 
60180 38083 
73318 74243 
96169 98543 
56923 69383 
64761 98067 
2208 57132 
14927 68024 
96097 31206 
49502 18849 
40598 82953 
92631 59558 
66428 81437 
40237 69927 
19311 23357 
94327 80575 
665 28365 
25776 70182 
64799 48465 
32230 46195 
23293 6327 
57853 35644 
83880 76676 
19863 76051 
55930 77365 
43162 62950 
87562 42311 
38814 80113 
60437 7139 
74760 11395 
57438 50227 
77844 8933 
35740 96768 
75092 71468 
83184 11534 
29152 68691 
9383 77221 
47913 32747 
24679 79569 
51518 26428 
89834 97900 
61365 89075 
77247 30257 
35131 55864 
70549 66066 
9483 43867 
43548 56004 
27837 99190 
1823 18739 
24386 3480 
40639 67263 
7591 45221 
71429 33711 
36422 71502 
95702 20913 
10866 49304 
60073 11325 
4544 81874 
8972 19590 
51799 45370 
62669 83645 
64157 33722 
87372 51114 
91825 25525 
91467 32675 
64733 15800 
77375 62148 
44573 87564 
2025 24245 
94431 33426 
50607 85234 
25784 75799 
8068 89227 
14011 75803 
20699 63344 
83032 65602 
76221 8713 
47287 86623 
94919 41088 
64985 67037 
16665 84786 
404 25833 
89090 16723 
15002 47988 
10691 3542 
7186 35465 
59307 74088 
98812 2160 
41213 21992 
22841 47415 
28973 38633 
1049 12356 
17214 35488 
13268 96057 
14678 26655 
50403 84409 
8166 7310 
12245 23594 
79411 81898 
58162 52168 
29439 67065 
43759 91028 
66659 18654 
79898 78922 
44694 9522 
31748 32637 
93865 15504 
35074 5664 
76303 50546 
44509 16866 
8799 28841 
44330 21569 
39794 21745 
46058 1498 
37336 20313 
69220 57093 
43338 10494 
51679 96022 
76159 17331 
64158 25068 
18299 76962 
9962 69062 
8909 50778 
75344 60199 
71864 4791 
58564 63781 
49294 39070 
46436 32347 
77761 67064 
25974 9138 
39674 12685 
15734 33977 
46083 14200 
76557 39890 
58630 98338 
14629 67189 
38241 15419 
21115 63231 
16049 6903 
2111 80693 
18053 10428 
40258 34962 
39222 94255 
95064 32135 
54983 52942 
92840 33074 
78487 89153 
79150 76169 
20560 52715 
6717 41641 
85915 7311 
10022 3647 
43973 47690 
74110 82921 
45576 95796 
39645 82338 
17876 62933 
98822 60530 
58882 76903 
27480 74551 
70401 37974 
67591 1617 
13531 85628 
21313 32061 
44411 29206 
42826 10890 
89567 19900 
17476 93730 
50001 18979 
99009 74424 
81072 47698 
35239 36206 
81254 88034 
50016 76101 
37005 40208 
65133 53095 
13292 32905 
39633 14615 
49699 25140 
75966 63002 
20604 34949 
92521 33891 
44543 79367 
90311 71816 
82703 12623 
47907 4839 
49352 5017 
63215 39650 
68092 13673 
23261 21325 
46946 58150 
23905 27814 
12590 28846 
80219 98240 
39462 24185 
65257 26206 
32996 33799 
90037 84570 
77894 59185 
90784 86531 
42146 90814 
20812 29354 
35400 41173 
53921 11722 
56342 66985 
93764 63416 
27874 592 
49366 76955 
11199 50499 
80831 84767 
10307 24074 
41241 82661 
26901 71664 
40839 60566 
2456 50633 
37841 64912 
88902 60320 
16522 83532 
22319 4453 
47744 13575 
35071 96270 
39655 45693 
30964 33380 
77028 73632 
65312 34380 
16557 17366 
17184 47278 
52384 30044 
14656 10979 
91250 44261 
75539 75395 
79874 1565 
55862 63211 
8510 595 
56265 86854 
74108 93883 
22527 17966 
24106 61111 
90588 43435 
17598 87482 
68724 32042 
34470 79883 
19942 78781 
35069 60623 
6186 90176 
23077 88815 
82625 23159 
92470 72824 
85057 92578 
45794 53709 
36392 17929 
55478 59242 
9207 88617 
2467 50796 
20508 88860 
67233 11328 
2153 38297 
67006 51626 
85774 72422 
30096 44175 
64576 8159 
73244 29207 
46054 14212 
1168 75914 
89469 33259 
78825 23272 
29793 83640 
36366 69584 
25920 1854 
54393 27584 
35064 74027 
42794 12837 
7552 44438 
70346 87153 
16658 82243 
24190 35892 
86629 33774 
78417 18262 
58717 87038 
29214 93109 
39852 27559 
10357 89195 
11439 70201 
37337 58589 
36858 10359 
40971 24553 
95371 49684 
42098 11181 
87429 16462 
87792 21053 
1798 18843 
16503 9294 
8438 40285 
44638 87694 
42746 10921 
70312 80894 
76546 65974 
71334 48191 
29125 32927 
34005 79092 
57658 72844 
86851 68558 
80504 38045 
29176 78697 
29160 98295 
38147 97731 
95062 30717 
10117 14134 
35952 64844 
41949 34133 
33210 23533 
86379 84124 
46294 2912 
21763 56058 
93408 90083 
61046 73496 
98471 26020 
87375 78766 
83694 82894 
44520 67546 
54309 40011 
29094 26198 
17430 10611 
28551 59314 
542 92965 
24022 30169 
86798 93541 
30300 75182 
64058 97420 
76598 94963 
92549 41731 
41197 69178 
32028 81571 
40705 90196 
33517 24678 
40346 61377 
92941 51057 
95575 59853 
84430 26863 
57260 20792 
39565 67995 
72789 60381 
15521 8199 
93682 18145 
99837 78901 
56613 65732 
32454 13575 
39259 98903 
86705 48128 
4950 2246 
40086 607 
40839 51982 
82941 78474 
63168 1266 
58583 79758 
10144 74493 
1934 25591 
68073 82373 
45395 85947 
79604 57938 
90480 37841 
64286 5129 
1618 25814 
41106 46235 
64592 78239 
80300 52236 
66245 69752 
27413 40961 
94329 10122 
36469 31969 
26842 82868 
21048 54218 
78681 53186 
82211 12810 
136 14009 
378 34498 
76508 41527 
84675 28146 
61061 86985 
57682 15940 
84558 40342 
16150 13936 
23755 63140 
48963 66377 
78577 2900 
12468 67234 
3032 69408 
60270 34557 
58527 74466 
99688 38456 
9850 10992 
295 21933 
63922 74778 
11299 95285 
59278 12812 
54011 29407 
50315 15740 
43232 21109 
94491 58855 
57118 54421 
42925 35971 
18932 35864 
55298 23574 
76060 38795 
8445 58845 
61765 52202 
44726 14481 
3385 92681 
11030 5657 
97014 4845 
72170 70055 
3198 45048 
43490 20572 
30742 16038 
76628 82132 
66495 96071 
49698 88984 
77779 84976 
58538 36900 
61128 71826 
79229 55930 
36107 14110 
73727 93637 
86167 6672 
40253 76201 
29896 10207 
67994 45355 
65432 3714 
41686 52785 
68470 23067 
55838 30461 
39956 48749 
40621 45294 
93459 9785 
71850 89598 
44146 78062 
36060 55001 
11410 37441 
48280 86798 
75407 25487 
74950 18142 
34115 62117 
97300 39085 
91993 99105 
61551 64109 
73928 47136 
1478 23675 
98856 62984 
86137 20189 
66333 8392 
40972 56912 
6250 24341 
14070 69481 
17034 99692 
10968 64072 
70866 51519 
1229 93630 
95818 75975 
7873 84194 
54254 73177 
26844 57027 
24480 97310 
87781 79057 
58304 34073 
59724 14111 
31055 61565 
25723 40460 
22550 7840 
98910 46406 
67630 78635 
29224 14939 
93061 92132 
54763 60952 
14006 24117 
84677 90059 
97684 36554 
61502 6749 
14471 35322 
40050 11433 
87411 78739 
37208 90876 
19943 37529 
52444 24587 
28627 88984 
32320 903 
32767 13348 
54018 60844 
56012 48823 
32613 65260 
76414 53100 
14791 11329 
20853 13940 
7705 8185 
37353 49104 
5846 58268 
94546 36791 
21084 80900 
51366 21747 
91440 57709 
12042 49355 
42688 75658 
31565 90248 
3551 92800 
65001 31381 
30036 54291 
60389 25991 
77357 41772 
79437 14525 
68943 47916 
92819 51323 
51183 29769 
37592 97786 
89829 9422 
43118 71709 
59424 58661 
28835 74607 
623 25391 
52321 54136 
71947 33981 
39324 97044 
2306 19090 
58767 89648 
58515 33128 
15220 27398 
78085 1170 
18927 2914 
81718 83979 
59196 52689 
72217 49723 
50801 96712 
46951 48046 
45035 62368 
99516 26329 
97137 44219 
62943 27321 
60045 14668 
51531 59730 
30757 67006 
91350 38950 
10098 41959 
90439 53789 
49233 61621 
88940 26873 
47027 70530 
46643 1352 
31199 62651 
70868 4581 
3158 55157 
61113 10676 
51553 55155 
48580 48115 
42748 53875 
38468 76041 
77815 74364 
20830 83457 
65086 93324 
1826 49208 
94914 55525 
21365 37462 
19025 69 
65430 93347 
30659 21800 
51751 46448 
13715 98293 
66075 26088 
79170 23086 
52895 41610 
35295 99226 
19337 83326 
44526 63668 
93749 55379 
4317 32738 
91640 60423 
51906 81585 
80726 17883 
33661 96454 
4151 12459 
98474 67600 
16347 37637 
71715 22800 
9547 20147 
41285 36670 
60616 85609 
40578 89370 
7643 53088 
44482 89798 
73666 26804 
4049 22986 
90920 86968 
33025 29167 
43165 68503 
25184 72877 
35945 56372 
25253 14440 
25013 19297 
98167 53326 
81726 49829 
41517 73119 
50845 78067 
64269 81210 
60987 78751 
11157 2852 
80850 97029 
46669 58803 
75411 76883 
25097 28588 
5421 88011 
63882 77243 
30831 11930 
6310 2448 
24164 66083 
6585 41045 
73424 15981 
95435 59232 
55759 49685 
87583 39065 
92887 66381 
73796 65432 
57219 61403 
99696 12282 
83635 73687 
71091 24641 
56028 98522 
41331 93821 
80027 58355 
30034 27270 
23706 67501 
94494 21572 
6638 22792 
25188 57435 
44294 1512 
65021 48823 
9589 50414 
58281 94926 
56281 5179 
19785 3287 
59954 88357 
77245 75138 
71499 95670 
80649 69912 
45265 95474 
91274 94860 
99486 34262 
59930 97870 
90114 62265 
79135 76809 
30839 67541 
47132 57108 
71888 34372 
13020 30799 
58077 22358 
81730 94859 
22640 96292 
45195 74442 
37523 23705 
71754 67503 
33107 96937 
29716 1264 
20726 29622 
42948 48164 
99913 23690 
76471 9131 
8930 2306 
28265 35437 
81945 56589 
59821 26874 
9123 59541 
32472 13631 
56936 59291 
29104 2002 
95154 75595 
31613 39930 
94263 88444 
93261 37403 
2467 25734 
92122 58848 
84980 28119 
76859 89907 
9938 93483 
19321 69381 
95098 80936 
69774 68616 
87348 84771 
70095 95236 
33129 72525 
17792 95888 
12003 18120 
89499 33538 
47906 50964 
26404 18860 
83014 84997 
56052 82395 
97708 87835 
75058 84405 
86761 99482 
45506 72725 
56684 12539 
64126 15423 
92039 81386 
47840 54717 
49610 36509 
41863 51328 
78428 41972 
97243 14341 
30990 48961 
83616 40664 
26372 66399 
99866 20270 
49505 90826 
20550 98696 
22516 12048 
69092 26626 
63851 38504 
40162 67903 
58782 66864 
3100 81937 
946 54074 
5835 44241 
28728 36851 
64491 19684 
72563 83615 
67717 57078 
49690 56869 
46726 30837 
91362 10260 
62172 15682 
64231 43861 
37160 43779 
52378 93639 
22085 60167 
99399 36670 
11429 61990 
70944 52340 
45270 79774 
87332 91563 
18954 34897 
93088 71044 
93260 86380 
75702 27621 
44329 62271 
19417 38954 
17742 56136 
81534 41129 
54364 57569 
8491 51178 
36893 77109 
66896 33106 
65545 20609 
50714 29690 
8900 65834 
39992 19117 
91663 94963 
28757 45527 
74910 40652 
10170 15505 
56412 10468 
5523 48849 
68690 64737 
50349 21187 
80680 36240 
5676 38502 
15260 96694 
45399 39157 
79331 94580 
81742 27740 
65760 11629 
29974 6826 
27226 11174 
80806 87729 
40818 80563 
44321 29354 
79258 1955 
52813 75481 
79685 21101 
61582 35098 
54158 22046 
66499 77863 
17412 57241 
65100 97338 
16843 27149 
23952 28316 
37313 51196 
79248 91400 
19078 22791 
89833 77919 
71004 95152 
82293 81328 
83198 1800 
76268 27455 
43267 75823 
54815 55245 
38680 95420 
49421 52107 
84007 49708 
42194 53545 
46313 88433 
48774 75422 
54580 91942 
34683 59047 
69736 73704 
35118 74197 
60738 6621 
93576 43267 
79114 46522 
8283 20919 
49473 11506 
76999 87934 
96715 64127 
60615 95393 
12017 34982 
43824 25897 
19151 20830 
57208 22214 
40271 88175 
39233 70568 
76054 14096 
58930 15716 
8911 109 
90451 28036 
9944 2001 
29233 39033 
80465 28797 
66143 10988 
87065 77429 
90780 8919 
55603 86156 
78018 98589 
73950 9429 
22895 2975 
15911 39643 
28134 11458 
39477 27098 
15853 50902 
31422 78488 
30431 95871 
67188 46388 
23039 16443 
30165 57426 
60006 36346 
87629 65242 
76963 1647 
51994 55823 
8637 40739 
65490 77424 
60179 30085 
33970 15067 
50091 67001 
1293 80450 
47099 90678 
99552 42140 
43707 85731 
32407 78018 
57735 48757 
48875 92239 
29787 97662 
43149 2299 
89368 56019 
72369 68352 
95310 50232 
18742 6515 
17175 15995 
34994 673 
13473 22369 
2889 3167 
79821 86688 
3347 93746 
85583 71641 
43733 48315 
91035 27012 
12914 54230 
38821 62900 
37969 97307 
43178 18686 
97734 37183 
58379 22570 
7871 82329 
93837 20199 
29731 73735 
57500 87717 
71001 87189 
51436 34518 
39991 68071 
13923 44043 
87366 19707 
898 97152 
19241 76583 
26265 71933 
93785 7109 
35371 16225 
19798 7103 
68840 44721 
60242 64823 
85022 21206 
6260 1104 
48440 48286 
27976 14053 
58934 1922 
27192 86750 
91590 16141 
14084 48533 
41095 44495 
5089 15699 
15793 99141 
92402 75844 
6531 95867 
66859 21537 
63282 13965 
85421 83695 
48558 13516 
62121 62742 
796 39495 
27016 6541 
33200 82037 
41555 38069 
13887 55252 
80745 92954 
21777 3213 
92588 87239 
49285 41008 
23487 99109 
27673 91217 
54676 14832 
83833 81741 
29182 58797 
98308 29586 
61445 265 
23500 47043 
12439 5351 
38330 71614 
81963 81755 
60999 39151 
16789 45866 
15039 90798 
58401 27154 
45521 28721 
57322 13114 
12051 12977 
62352 29540 
43096 22496 
52507 45544 
22239 86812 
17082 90468 
91100 32002 
4931 70749 
95945 74238 
57958 78758 
75435 37419 
15743 92804 
85486 67537 
28345 77721 
83871 65765 
42559 8848 
51981 64667 
33211 58707 
14094 27533 
35595 5322 
25490 59492 
97726 43870 
39959 80920 
11797 9235 
34507 28547 
3117 46038 
64468 17791 
51726 94858 
45804 20985 
97028 98579 
12984 90522 
28972 71234 
80653 83352 
677 13152 
45212 23857 
6862 900 
98432 75807 
60052 28241 
89440 80914 
62221 25198 
63638 61459 
13431 36350 
27577 77504 
20952 96580 
37320 75440 
72471 2766 
84484 63872 
15214 43296 
58950 5359 
39154 13761 
134 18023 
96946 16842 
9741 39786 
5838 17141 
88099 19773 
67512 97580 
73435 66394 
10686 43027 
8889 99646 
8234 58895 
35573 26408 
45741 17749 
11659 81783 
21569 15309 
87263 57004 
39905 8762 
22790 64987 
17710 4914 
24462 78286 
64095 63457 
84878 11049 
6367 81536 
58788 6495 
30840 29768 
74622 34499 
78488 17013 
80879 87 
85578 71465 
53152 12917 
87705 38970 
42307 70314 
11929 16020 
27294 61947 
66249 54493 
47072 12958 
98201 97933 
25294 44159 
35115 35092 
68693 42851 
37405 85421 
15520 5892 
93237 63335 
33898 37828 
58026 3353 
21654 61221 
95430 66550 
38939 23747 
7841 90315 
12885 67197 
53889 87982 
89554 57225 
38023 52709 
72633 59482 
22981 70806 
80572 87722 
59820 3770 
74303 42545 
52113 55367 
56198 5616 
71060 387 
17592 53531 
16445 15060 
16975 7918 
74752 15629 
3870 43972 
60197 81219 
64456 38253 
37049 9857 
54140 48457 
12331 32429 
99587 82758 
56835 88319 
98102 34418 
59366 48628 
15825 28540 
44214 58118 
87826 52162 
85098 55405 
53003 16320 
30147 22434 
14566 29295 
11979 8882 
2961 43920 
54518 74912 
32211 78679 
3931 96564 
82957 2225 
4890 82078 
15903 14061 
15362 54561 
17866 50265 
3214 66701 
9336 92513 
96138 26552 
97202 61046 
62763 29974 
39239 27825 
87287 14905 
97954 94794 
62548 75410 
581 43997 
67201 99328 
89275 81226 
11489 22345 
40988 62956 
33089 23443 
60019 17503 
99601 21936 
97913 45660 
27466 74682 
35158 13514 
58469 13550 
67047 30708 
44424 7886 
72086 41104 
78265 84423 
5522 39614 
75467 88008 
52825 68921 
53585 20496 
98378 42870 
79664 52295 
13156 89491 
55366 61302 
41854 5956 
87895 17355 
74682 70186 
51144 96808 
21983 59419 
75944 81498 
70842 84711 
20929 69095 
92029 62182 
66214 97728 
82897 6757 
40955 66768 
77270 52200 
42832 17792 
26891 72458 
32575 24990 
60651 3626 
89900 32671 
57621 43295 
98558 69022 
27811 34614 
87659 59896 
80606 26081 
94068 64174 
75013 34902 
26343 53102 
88102 31683 
4580 60044 
8484 7322 
22473 34176 
60147 79102 
27998 41939 
88683 42369 
47370 73425 
96682 76564 
83248 27378 
98014 69973 
2644 68132 
71731 36260 
92604 70549 
35493 57617 
2423 94898 
25693 4378 
10024 62636 
66899 48937 
47105 36159 
36721 13059 
92741 40874 
83907 61952 
98367 6274 
37241 85930 
38399 44263 
50730 91056 
90236 27562 
66601 53843 
34983 78788 
41787 81916 
35946 31699 
75878 62468 
95813 80074 
98900 73419 
15387 86843 
25850 78378 
76871 86337 
61549 25808 
52876 75890 
44166 25269 
98723 59547 
48699 79142 
20043 76255 
32699 6952 
20301 17668 
95704 11228 
23579 16560 
41135 98756 
36812 65890 
74813 89166 
62626 10620 
47781 13993 
99047 39725 
52797 33635 
65560 94126 
13628 77114 
76336 97868 
64198 40079 
40945 14409 
675 60201 
10436 27712 
3733 25920 
2419 48671 
70534 64438 
32609 51401 
66354 97942 
52277 51091 
4333 53196 
41150 45322 
88492 58994 
33514 54175 
9921 68381 
61638 10921 
68987 98137 
85099 74752 
7409 86678 
37178 59728 
73238 33394 
60249 14 
9048 97330 
20888 498 
49063 1229 
92450 53970 
34466 8109 
67908 41341 
7817 11903 
19019 69725 
27277 11091 
49194 44737 
49249 14847 
96943 17962 
64082 64908 
34354 98337 
33646 43186 
70786 67028 
71871 75090 
15811 89427 
29750 31573 
77411 74997 
94846 79157 
71530 95949 
91992 26441 
97297 39126 
76682 68092 
88607 31973 
45531 32855 
87199 53071 
49238 832 
94960 10516 
82641 67065 
53943 47264 
43734 93436 
71396 11577 
98935 8931 
54090 12848 
65412 89541 
41330 68311 
22962 73340 
29261 34549 
97693 43781 
60406 9197 
17686 44769 
11878 82874 
26854 74780 
53286 19125 
57355 44127 
61076 41047 
3226 69375 
69897 7264 
8289 22022 
13579 67044 
79944 44710 
58361 94621 
67093 97584 
59276 16140 
95255 99831 
76914 59170 
34815 87002 
76282 74346 
89403 13439 
92052 1450 
30558 90894 
85241 78140 
72102 69424 
35181 18517 
73077 34669 
7642 20863 
81627 16833 
15038 99138 
83858 81010 
37903 71188 
1517 95907 
8137 78134 
90205 58627 
64011 54045 
25922 86829 
74529 12733 
31849 76414 
96449 69397 
89606 62830 
71111 68860 
99598 17152 
90215 49247 
3618 54275 
59771 30221 
59532 29899 
69664 78280 
62646 55393 
32637 68094 
41276 65218 
90965 28527 
15080 30276 
1674 34709 
93851 22356 
1917 83429 
11786 99795 
24917 68104 
37625 2552 
83912 51716 
74612 16065 
66595 21365 
65881 87583 
85786 96466 
50647 56115 
13412 54110 
74519 87700 
84346 29752 
43243 91382 
94254 49139 
23399 28108 
31324 48261 
35808 14697 
75585 42125 
57850 68103 
71528 10276 
49411 31373 
29795 77234 
43856 72032 
41962 79413 
180 46060 
98776 26572 
95435 76199 
86668 85499 
47538 2001 
99980 36351 
97731 20876 
47063 77994 
49276 54316 
47227 87653 
54323 41534 
12542 72329 
64488 83978 
83536 84698 
12283 38460 
41101 14568 
70370 84104 
48237 8495 
43484 68887 
84752 14772 
83924 75208 
25630 98767 
85684 30780 
79497 24464 
4546 31051 
47466 52055 
71895 32419 
84622 58585 
18552 21745 
46495 48869 
1554 66919 
81083 87322 
31632 5729 
83375 47797 
32017 35829 
63739 48211 
20255 27274 
94185 9445 
93879 90954 
87213 53902 
18041 1149 
30811 38123 
58656 88528 
50131 95968 
78119 91096 
91485 54134 
12320 74897 
27513 70162 
77481 13750 
63725 34587 
13224 47833 
86088 73506 
54349 24640 
26950 85611 
37918 62640 
42274 48596 
94573 67923 
87039 33857 
43381 77170 
47624 75532 
8075 96482 
40089 50190 
99181 54917 
11477 36841 
61350 94035 
87649 43453 
68075 70298 
95580 5800 
57050 55886 
50689 87193 
38571 85289 
40472 33549 
76653 9977 
54570 67249 
37968 91543 
8362 35366 
27241 84856 
82284 63082 
79376 37132 
52290 1527 
58409 56228 
18222 741 
21257 82056 
46327 83107 
40301 28707 
29753 40360 
42972 51657 
36588 28139 
18811 34428 
58853 86073 
64880 82080 
97807 68508 
88945 55147 
21074 31235 
66479 76926 
5256 82974 
52378 99474 
34107 76844 
81120 19230 
56770 86715 
50204 91882 
23205 86053 
70806 7904 
4639 22782 
86912 55128 
75734 62665 
9589 12798 
82130 55852 
86582 92729 
42116 66492 
29086 67508 
34420 93675 
47344 3139 
5434 3489 
4617 44070 
88686 86602 
85091 82251 
66954 53525 
85502 78689 
23133 80590 
82472 95887 
19846 23709 
98014 42648 
19715 24060 
84186 28900 
8352 40146 
74507 77514 
10320 54024 
4582 42534 
94679 16016 
87243 38809 
51191 11843 
38586 96685 
80880 58869 
90426 17272 
85328 64030 
91973 18698 
57980 5026 
98963 31857 
77661 28473 
71991 25347 
79633 93978 
57460 13599 
32745 31478 
4363 29637 
82546 20670 
77981 24507 
29745 46020 
67678 89058 
965 28561 
50071 80607 
34480 86587 
61184 76955 
47470 31355 
51577 73279 
73289 61017 
47002 83626 
57354 76291 
13762 8041 
78483 4715 
32777 78815 
18840 86881 
19239 4902 
40153 47634 
85779 92223 
36421 47989 
36247 29442 
24100 89422 
94470 93679 
99566 21139 
17769 48744 
40642 83120 
18560 79628 
54078 2944 
19015 31333 
74080 52794 
93549 97550 
98353 64553 
11795 35251 
7574 95513 
80798 64980 
51821 34994 
99276 53416 
3208 43034 
79117 64742 
67817 16312 
59665 10403 
21993 83614 
38906 23056 
88166 43389 
72306 29786 
93592 69318 
44851 2157 
61736 26345 
4735 16185 
70519 59225 
58202 64053 
74223 38399 
64180 21159 
26584 73918 
34640 87084 
61448 37082 
42047 87077 
84344 61653 
58751 41897 
3410 31706 
4892 88121 
81340 1590 
61123 58508 
21383 34961 
10397 12553 
9860 94484 
9087 41060 
25306 61547 
51873 55386 
90026 16226 
87107 11941 
83740 61718 
59794 15604 
60936 34617 
7840 91895 
13654 2636 
13892 17072 
99661 14776 
19887 47760 
12306 35431 
44312 97269 
2831 63566 
3240 64487 
78492 10839 
25355 32996 
90601 88429 
68449 23067 
95410 31334 
90324 97188 
17748 71027 
520 91020 
72431 52621 
20983 65979 
1665 81066 
13565 57068 
68020 72398 
90143 20162 
2031 80712 
7208 66658 
41078 69263 
60900 10171 
11900 94974 
40781 39954 
2985 79673 
71034 78743 
45001 48450 
66306 78945 
67587 25832 
56087 60390 
28988 93830 
86293 95316 
21412 32403 
89631 1822 
39431 82545 
27364 15714 
61366 94934 
44250 72473 
34292 52946 
45716 46056 
72186 87896 
1740 59247 
73666 36414 
5444 1518 
40911 25211 
66062 64653 
34546 6783 
95740 33835 
30631 11171 
57532 52449 
55378 23476 
77973 12576 
60791 44627 
91804 9940 
70178 43729 
78682 42014 
66307 64362 
72125 21084 
16965 4316 
69485 20232 
32765 48502 
48396 69522 
30286 98143 
99923 72128 
29959 5894 
21561 15697 
52593 96114 
74259 12929 
91048 22316 
96813 17186 
24243 89664 
88240 23872 
9590 49418 
14171 86393 
36874 54333 
66843 46701 
51711 49286 
9899 4746 
59946 59788 
69024 28593 
5692 32518 
87331 37528 
75184 76679 
50471 74183 
16224 52701 
568 18496 
78712 55709 
396 86309 
75605 45181 
79608 98418 
35629 79328 
93367 2129 
69142 23021 
50392 76672 
96803 11424 
22205 56241 
97022 68029 
28297 60055 
12642 95410 
2948 27455 
19925 79751 
88590 17929 
3604 76104 
67922 50855 
632 70324 
42352 27852 
72228 45768 
87906 1788 
38908 18071 
71397 30840 
66431 39736 
89426 83426 
21911 17734 
698 40389 
28848 31976 
58190 74538 
37404 90237 
11829 74407 
91986 6023 
44672 19114 
22038 39863 
25947 4188 
3939 1628 
12874 64483 
41950 71745 
9834 39584 
94451 62555 
98262 79560 
27973 7551 
83494 94491 
16079 35886 
65917 9871 
12694 62264 
32845 1821 
20224 98241 
84895 50990 
41654 69938 
56008 72066 
52796 9301 
59817 47033 
55924 71330 
96708 14624 
79289 18015 
85717 45843 
68352 1291 
43312 66016 
74009 71897 
17145 67517 
80732 38810 
97010 94125 
33240 4793 
67554 67908 
14156 7602 
37658 72617 
97113 3514 
79982 3737 
49830 40128 
40800 44671 
89928 78715 
35042 30980 
2603 42944 
24384 20161 
13712 90429 
87241 93133 
74490 26260 
28690 75432 
54766 3631 
45642 81034 
60445 85604 
57974 49817 
87979 74231 
39879 70852 
3644 48491 
37361 58018 
88661 90876 
37551 71906 
22565 23967 
63492 62513 
86670 22970 
4001 40941 
57106 17940 
52443 75116 
22596 50287 
20499 44502 
6023 2177 
13426 81828 
90768 74567 
1852 76059 
52947 49853 
1803 10141 
78846 38505 
79439 59509 
3248 75562 
29906 82900 
38774 2491 
40707 95703 
79007 42655 
39207 27905 
48841 54531 
41128 33635 
44373 25819 
62321 37352 
51638 53700 
29641 72944 
58549 41771 
28388 96296 
77661 32552 
53595 29352 
78705 85969 
90327 24233 
89327 8851 
34199 19692 
60047 38219 
77492 98982 
5181 82033 
28508 48166 
25339 25080 
2240 56974 
89039 14775 
18951 464 
1124 51955 
73923 89118 
13853 25073 
96421 77395 
42915 42748 
98828 76358 
35052 39212 
27940 24669 
96626 49996 
69574 34081 
33124 81025 
24918 40464 
68506 23350 
72484 59510 
10216 97821 
53019 67421 
835 49304 
66449 1215 
50501 48387 
49648 719 
75660 61 
11797 94899 
79091 3446 
40081 68849 
93826 54432 
52681 34587 
79254 33955 
68247 68752 
1573 78638 
81511 73357 
52712 87656 
83178 61938 
61963 79943 
38932 72770 
32760 79240 
47152 63247 
93405 70965 
27875 45113 
85011 44545 
56530 78878 
22537 7590 
45190 57629 
55488 34154 
91311 75335 
23739 88365 
59381 92841 
50869 46800 
34425 85929 
42539 28259 
87955 84135 
60622 27960 
26771 86470 
25176 44686 
52900 70730 
55810 84034 
49014 96804 
1586 18686 
17815 41183 
24329 87490 
46172 89819 
94078 19141 
35197 59561 
27340 73384 
35988 14569 
48970 2932 
57412 93433 
86665 52623 
67119 65165 
13441 28917 
89850 87806 
37919 92378 
18152 52052 
4867 48625 
89800 54165 
9122 39034 
53454 57333 
44919 61555 
39545 68740 
9584 84062 
76890 80774 
55668 47973 
47195 99150 
38812 98209 
49408 8122 
39983 17091 
53779 3567 
50203 84396 
61515 58393 
93468 33534 
50110 71533 
29302 24717 
76657 91757 
20224 9961 
31935 570 
71376 21917 
86518 84665 
49681 78760 
46888 27737 
68079 60762 
44257 3862 
76788 80676 
11763 60260 
37972 39666 
66697 35919 
72804 33299 
3621 74380 
60658 47988 
21477 53937 
38968 67260 
53243 76562 
99308 89376 
40188 28048 
319 43070 
94459 46206 
21334 76555 
23515 11364 
61917 86454 
47841 3998 
51976 47938 
29379 58016 
74739 5099 
42313 75036 
20575 81479 
60117 54915 
83518 74686 
3156 40894 
84295 6118 
89713 73882 
53786 7118 
59949 99729 
39049 36243 
97073 75787 
386 38808 
52955 78607 
52418 79547 
96394 23336 
64721 1941 
41463 67164 
78299 93663 
80611 84146 
13011 66593 
42606 66756 
38074 91981 
18966 30754 
52806 66590 
54165 74234 
78053 24030 
74683 69190 
90047 47007 
39891 44479 
37951 80817 
33798 52768 
73910 96198 
80833 856 
90181 513 
61134 62724 
1733 50238 
21218 87700 
34716 74880 
24449 62350 
81255 82676 
62373 84001 
59286 81825 
52772 56256 
72465 17493 
83221 22414 
99684 94476 
19932 11413 
56304 28141 
90861 82733 
59939 42163 
69319 21604 
2499 10566 
29748 53986 
77122 23709 
20861 21929 
33787 43111 
2984 84266 
40555 98403 
26260 85017 
8799 71164 
84246 62468 
190 5064 
63492 55558 
70869 79473 
23858 1041 
23908 84569 
86578 4822 
35029 39999 
77527 13929 
88532 6255 
71659 11796 
10463 48204 
11253 8812 
14287 23565 
25379 2572 
80678 85657 
60936 37804 
77501 9343 
46592 4642 
88671 71868 
50193 75751 
61294 46168 
57414 97723 
99333 93216 
94899 20252 
29027 72110 
44632 67772 
36383 21876 
47963 32569 
30280 7298 
77484 95815 
16084 62640 
62870 63539 
74122 11709 
92833 38237 
25001 90506 
79489 33652 
29427 49540 
63739 80179 
14081 66940 
60664 61426 
37032 60576 
92459 68670 
6312 47697 
33122 59213 
43462 63939 
93872 57152 
40224 20091 
11181 40587 
91026 44602 
60367 18015 
96504 32603 
6809 8456 
24020 98064 
24191 4812 
79992 4725 
54522 18024 
95823 33580 
58282 70766 
54311 29917 
4651 33762 
86641 61328 
81598 75228 
51417 9584 
63494 24514 
66665 13912 
59965 34724 
3312 80953 
83856 65888 
64415 77583 
18447 222 
68203 26740 
34509 44064 
25027 33581 
6269 67271 
48363 79504 
2078 80175 
68259 34974 
80295 50650 
21969 58578 
3868 19380 
80969 69394 
98086 80157 
36169 2458 
15155 53787 
3843 83062 
36546 99200 
33655 84553 
39443 73360 
97129 66483 
77183 72805 
10004 25180 
75226 63948 
95149 27212 
23984 36704 
24050 37698 
57741 96589 
84354 77 
44936 44129 
8561 71666 
79250 77207 
64677 70247 
53198 91961 
53471 40917 
16364 50867 
78974 9541 
68945 32869 
58952 49452 
17908 79713 
20287 51366 
27895 5085 
80577 53022 
31864 38735 
51720 54674 
27543 36445 
13844 19303 
74896 98508 
98684 32328 
27106 4359 
90330 74556 
72975 89032 
98273 44277 
42202 58319 
82736 49652 
26616 63834 
15544 80906 
281 36614 
41090 63365 
79251 8453 
61463 86989 
47817 33878 
7376 5814 
92247 62458 
72279 1597 
25279 1114 
80853 9948 
55083 49138 
35103 14383 
50895 84834 
31323 23967 
84214 32007 
69443 63610 
79238 36964 
82631 22566 
89115 42262 
99470 26332 
25621 52136 
13642 19892 
9047 46329 
76781 76108 
72350 14031 
48974 72114 
49042 47654 
38416 8639 
97824 57396 
36749 82481 
68627 41857 
9912 60724 
94515 77381 
35626 46771 
1809 69417 
88132 72929 
66832 42839 
58386 2016 
11827 34998 
63664 71339 
24893 95229 
44328 66399 
9192 87581 
67540 68815 
15214 39757 
57747 83204 
86537 80534 
52037 11123 
54339 60408 
34760 6721 
48773 55755 
40339 18325 
56414 15490 
25738 92986 
42090 21039 
4815 96849 
70737 95355 
5622 83258 
10304 14803 
58681 22590 
70281 48914 
49377 93108 
32069 77312 
70816 20467 
57222 10606 
94857 45033 
17468 72540 
38491 90805 
76479 84448 
40342 7458 
67507 29824 
77783 57943 
53285 66813 
49016 28043 
25018 99431 
16431 41453 
95800 14579 
57652 74167 
70484 41186 
98914 75367 
28785 90276 
11761 18491 
41321 90316 
38499 25795 
49356 40898 
74490 32480 
78105 69623 
76037 82327 
20830 91986 
81507 75789 
26284 42150 
30271 23621 
45671 63656 
39170 94387 
46875 23472 
49418 82543 
83570 40187 
88213 65324 
14670 97750 
98788 61276 
5657 49830 
80243 51024 
7462 6694 
44218 71772 
868 36456 
39301 50993 
14809 5571 
16073 1943 
75485 29711 
5742 63841 
19852 5400 
63585 32980 
11860 45292 
84729 97498 
32698 45483 
34301 58195 
77343 72004 
46569 90526 
78893 65391 
38392 78772 
99419 27228 
51194 32409 
71491 70576 
82603 76815 
48089 87444 
94021 95709 
20235 10718 
83605 91095 
91492 25453 
95481 17996 
56379 14974 
95507 45874 
15790 10928 
81463 96417 
76649 53253 
11306 8204 
25342 55953 
26953 82822 
34865 17665 
23030 74087 
64156 12164 
60130 92309 
34749 43282 
50346 8893 
24673 51165 
49177 63105 
2421 12351 
72399 92420 
34859 84830 
19082 30661 
42100 11105 
22642 43991 
39649 7151 
70694 3843 
3544 33305 
31424 27975 
17748 64259 
99291 56132 
14713 49660 
26114 65128 
99801 84279 
34934 69704 
58201 87257 
23502 135 
78955 23629 
51872 95287 
94934 88156 
74267 759 
29826 11432 
19260 15688 
63659 41278 
44266 88971 
76885 98672 
90455 25882 
9728 6728 
42405 29462 
78277 43722 
53164 67544 
21713 76699 
29875 25925 
16102 90906 
87696 80927 
79343 42098 
70493 497 
9145 23722 
5599 61965 
41301 59027 
6944 56750 
89107 99369 
65931 37504 
26376 34265 
72658 51628 
6324 96220 
91449 96537 
66507 73893 
74115 26715 
56002 30882 
31965 40352 
35218 64199 
3326 74220 
40981 26480 
47145 39461 
79963 79004 
65265 38085 
12047 38816 
6012 10224 
11903 32555 
30009 75589 
51801 72024 
25420 49039 
31629 22116 
44362 29853 
93107 40386 
94765 87003 
94336 29405 
62721 88628 
88132 57927 
59198 52924 
42980 75019 
81954 29754 
68992 62450 
58609 57584 
62918 44981 
90047 78695 
66021 5630 
44637 37136 
36565 33547 
63303 28525 
74683 65831 
22985 18528 
1558 71436 
71839 97764 
87133 65265 
93299 94848 
40972 33588 
78159 26451 
29452 98151 
83876 23475 
59079 45623 
38565 35847 
70568 1500 
3469 84930 
21178 33123 
42173 2161 
93874 25182 
57451 65321 
61013 82884 
47295 19678 
47569 82898 
611 50264 
84286 10276 
99955 53697 
14725 90715 
23838 43173 
21787 51859 
44318 8659 
69112 24789 
96968 45823 
10657 27380 
59765 61849 
7775 54935 
15048 64052 
7296 40310 
84417 38082 
76398 35661 
20298 26516 
60434 11053 
9850 25749 
28466 61327 
97025 29376 
97876 61959 
56771 59610 
84226 17064 
61754 44801 
5450 98302 
66425 20742 
80490 82084 
95854 56202 
1655 54343 
67500 29017 
27264 67035 
92905 8056 
36536 98632 
3285 28510 
12248 92036 
18095 83235 
68306 17684 
28858 91212 
19203 37029 
1892 45723 
96211 22173 
13065 89471 
51205 21097 
15267 11603 
53183 44776 
5055 12507 
74811 92376 
98734 36219 
86765 23825 
50139 27439 
26135 35222 
42468 30395 
81852 91884 
64733 10169 
44870 26246 
39767 43603 
3739 13418 
5160 96552 
27254 95886 
61135 76970 
65011 40665 
90069 29222 
14005 77134 
21226 14018 
44784 81885 
61237 464 
54245 48073 
35950 82025 
13800 1095 
92527 16532 
11408 99858 
91969 81895 
43920 93455 
81757 33801 
2179 86783 
75882 49435 
5501 5425 
85252 42138 
84447 40076 
35338 35921 
81186 93857 
79847 95888 
35315 52057 
69367 20854 
49632 43138 
62098 17865 
85167 62313 
70167 94779 
17670 84543 
19475 26737 
98804 2511 
63640 75084 
4431 86931 
33300 63195 
19687 81510 
20922 42643 
5943 12924 
98191 15302 
18272 17394 
38190 12209 
93723 59713 
67788 68403 
10479 48084 
6991 74448 
25873 28626 
61512 29999 
37299 77154 
22376 72494 
74192 92611 
92139 4962 
21546 36506 
1105 924 
95838 55756 
98943 21494 
42792 72528 
7166 40049 
3030 24002 
96174 33212 
96481 87395 
6909 63391 
9324 31186 
71645 47753 
28243 92136 
1025 81263 
55980 89548 
95187 57293 
59429 53122 
5666 8322 
46915 58854 
21736 71360 
44877 38603 
79945 67997 
45781 53262 
98825 77347 
28926 96941 
22106 71676 
13673 30083 
13239 79101 
90696 23187 
81611 35549 
90983 29575 
36602 88986 
94641 95622 
59417 22990 
51913 59905 
54666 73813 
87410 88930 
93711 25379 
85172 46427 
90055 80018 
7001 95612 
53367 19241 
79362 89412 
53246 88495 
95260 12318 
86384 62605 
16575 99372 
81541 74449 
29707 72702 
95581 18469 
2714 4120 
50794 72693 
15729 33464 
38810 18258 
88055 46700 
69675 73744 
5144 45215 
75948 3173 
56570 18343 
91214 1142 
32149 64798 
9943 6313 
87507 95568 
1409 45355 
82682 90710 
94172 63467 
17777 75590 
69652 54680 
38192 28278 
3379 65470 
58629 29156 
70749 8517 
59860 16198 
90463 90000 
45150 14972 
13285 23420 
4256 71118 
76370 75719 
22099 24833 
34117 67304 
86474 31873 
45370 26647 
94588 53629 
43747 82200 
31742 10029 
42974 59655 
97132 13338 
32348 40959 
81538 78369 
