26558 44510 
88939 8479 
69874 89917 
17258 75264 
15489 77140 
71459 33686 
14897 48049 
67046 2899 
15134 37925 
89670 85332 
67913 95427 
37342 16284 
16322 97284 
90876 84085 
33524 44384 
96065 80973 
37988 36167 
67701 94175 
38031 33665 
80375 49101 
64767 37959 
93873 72139 
37046 30519 
72053 49220 
64576 44608 
93205 18156 
36108 62824 
17226 47672 
58453 64853 
70312 24130 
9051 81643 
31443 88151 
39901 47448 
56560 37629 
23908 79591 
56137 41080 
66030 57275 
49778 85861 
11095 15417 
57458 19445 
67740 17234 
51237 28788 
33662 20174 
83527 42742 
51217 3804 
28418 35552 
44356 85390 
21101 55656 
88018 9156 
57082 3325 
39284 58601 
17676 33126 
15992 7722 
21163 62749 
42920 96673 
60044 28440 
98319 90099 
73985 39090 
84233 52273 
25311 45983 
12927 52192 
89344 63249 
48710 93887 
45403 45298 
69541 52465 
55939 51779 
16011 84794 
51071 8094 
76659 75220 
93699 38 
18059 71361 
86403 24831 
5684 62762 
95493 57629 
77302 56063 
9873 82541 
24506 4372 
22767 80252 
9922 55618 
22933 60513 
97786 94954 
8594 77133 
3759 69626 
92162 65483 
76215 1259 
46679 98144 
5721 10104 
55997 62980 
22001 98579 
69818 29772 
78422 67301 
32053 86452 
42866 65789 
46332 94074 
10846 12198 
66051 30832 
31808 51639 
47995 69755 
92779 61066 
88368 62165 
34897 50184 
67961 79513 
87783 52484 
69230 99954 
94370 48240 
92221 12787 
64475 12210 
88554 53853 
39288 32760 
53094 78059 
70887 6283 
61468 21353 
21029 71015 
18265 3837 
61650 7757 
85504 78103 
15873 1479 
93905 32472 
12798 27457 
509 17503 
41946 98301 
45361 75938 
83927 84144 
77257 21214 
62799 97259 
63955 27727 
12497 14479 
75806 67218 
74872 96086 
33396 49990 
50036 48179 
39596 7077 
1123 67055 
74320 80074 
74999 98760 
16314 69028 
38073 44721 
70484 25585 
42078 45248 
21536 68556 
28551 76703 
5114 42125 
52690 5254 
86169 33081 
57385 50399 
60937 12844 
56438 24805 
53698 72404 
92318 33531 
62402 73945 
18302 35319 
18264 51555 
17413 91398 
63617 55277 
11321 53115 
19579 47675 
31204 68737 
10502 30171 
19534 21849 
35707 97584 
6872 49086 
30689 93646 
60951 23266 
39709 67665 
36698 29525 
29676 13133 
65308 6665 
11181 2708 
8069 73702 
96756 20855 
66390 12451 
18700 35363 
83298 31020 
49222 42004 
93666 90184 
14183 62827 
80522 34891 
68392 77854 
73015 36507 
5187 22421 
77951 17933 
5939 87956 
71311 3338 
96160 22682 
88723 7012 
64060 40549 
44620 51730 
14657 11633 
78638 86008 
77997 25333 
74787 51773 
63538 88843 
24038 39210 
54422 47740 
4171 53947 
65169 92941 
32092 13219 
44196 48847 
3298 82301 
88632 21216 
70755 60251 
53041 20070 
31195 24858 
75968 62941 
80669 50742 
18607 6780 
73172 21631 
8460 53068 
66264 68126 
7476 19984 
65813 75643 
78985 77923 
88342 23695 
10611 207 
43957 37350 
61433 89562 
5382 54420 
40759 2715 
69408 37833 
93229 10408 
35857 91631 
60330 98232 
26170 71184 
11949 34816 
38817 13443 
93271 8273 
91943 51448 
12074 59217 
35007 18813 
99440 19245 
20675 94520 
12869 97465 
15778 86133 
15006 44460 
95910 401 
53429 63042 
12068 4238 
87385 28187 
39710 36184 
55885 24752 
20714 88719 
58226 10896 
86925 45169 
22804 67546 
10357 21443 
72974 99834 
59549 32502 
59782 15127 
54208 76154 
20505 14060 
964 2722 
39265 95964 
61945 18064 
31373 98101 
54806 49611 
46590 59362 
7999 90308 
88164 23348 
98238 23731 
74283 73231 
78503 25165 
26484 21352 
64384 28047 
55619 60186 
84156 42931 
30098 18146 
13705 17026 
53463 53625 
11289 26335 
48719 63737 
39057 99590 
45399 80428 
8378 83386 
91993 75920 
14231 71334 
71179 1913 
30279 36548 
78160 42534 
20700 26381 
33495 69686 
87453 1132 
40936 51320 
12385 24274 
68088 78034 
72437 40787 
23113 41513 
3155 12299 
24225 19500 
60840 12993 
10406 96301 
86876 28617 
21538 75274 
9121 42439 
84051 20315 
24736 36610 
74261 97050 
96407 85177 
95673 71258 
59633 65820 
98866 61978 
82640 71449 
92949 39846 
42385 59877 
46124 7367 
80293 40067 
49568 97177 
79523 56813 
23594 76762 
61941 2246 
78008 53684 
37452 52136 
99571 34054 
50931 97777 
28657 98803 
62710 20068 
4499 27247 
67443 31430 
3771 15505 
3132 93339 
70865 8533 
27189 2476 
39806 88824 
39654 26914 
77592 42311 
15011 65226 
36627 52526 
63533 96061 
89947 57797 
80672 83469 
37122 43065 
58755 4136 
10977 27852 
29066 66705 
85711 54956 
74385 479 
85491 80686 
2151 1057 
19305 16709 
96633 33827 
22602 76067 
74842 12767 
69188 31473 
55396 91604 
27848 2675 
12141 27148 
77374 51518 
25048 512 
60902 78252 
59778 10897 
55932 80708 
4239 88789 
59890 59175 
65610 10648 
42796 24087 
84466 35537 
98334 91108 
54057 25675 
32595 28749 
42191 57503 
65734 57355 
840 77605 
85992 85098 
14260 8718 
87799 6575 
80279 65065 
46067 82663 
41400 93362 
27361 66478 
82423 16127 
15249 39600 
89552 17267 
31957 75168 
22278 76458 
71323 50022 
83805 28434 
19130 86747 
88394 96061 
26011 18299 
14703 21968 
15433 32841 
3079 2489 
54665 74463 
1688 9805 
90176 46677 
91511 73441 
50564 89869 
23435 80636 
49912 81358 
81998 46613 
82353 37246 
49868 413 
84699 78973 
84675 29701 
58117 64273 
35593 28827 
82127 72184 
20877 98453 
24627 74838 
59541 52148 
50152 24931 
483 95649 
55262 37101 
20560 57823 
14733 43891 
69465 68909 
5118 62512 
23753 1213 
83304 17346 
74935 10213 
36838 24927 
17296 39875 
90078 63077 
19938 85033 
45652 13955 
64521 35758 
64214 91948 
5267 63950 
37175 41678 
61029 50722 
86859 18804 
80558 94672 
36443 46897 
31586 85770 
28075 77338 
51936 77319 
31735 66020 
66584 39364 
79673 20551 
18474 30878 
81676 64759 
82816 85241 
24964 13457 
34737 63723 
39141 49759 
18350 95107 
11453 49679 
21665 86075 
70484 4308 
96244 56592 
17475 48555 
73072 27312 
73596 17260 
16891 61877 
28804 14419 
30022 46002 
23313 99331 
63744 67364 
66244 64684 
20345 45559 
97694 5878 
32194 49790 
30218 58367 
85567 33416 
63674 10331 
16360 9176 
53368 81706 
42507 86592 
25622 97405 
13564 93994 
77188 72501 
51822 11561 
65297 70228 
31257 48952 
93706 89818 
90745 11300 
26752 90538 
6150 10779 
18212 60710 
52309 97407 
24661 96081 
70331 2408 
84083 60583 
18297 10199 
79623 64355 
24121 945 
75681 8843 
78198 34646 
8926 16831 
445 79809 
40374 86490 
91427 25068 
26314 82813 
30476 50443 
45667 7266 
15088 76460 
29250 67048 
45318 53984 
72483 99024 
44522 5348 
77208 90256 
73500 78276 
60593 76943 
38936 28059 
89499 96699 
19041 621 
47215 15245 
29344 49307 
16148 47943 
29854 81669 
64802 49028 
31123 98971 
60345 46941 
91249 60812 
89031 62894 
8414 79969 
55977 61592 
4314 28504 
53008 47972 
62662 15110 
28759 41909 
33922 75872 
68704 34009 
42540 5814 
94481 49934 
36144 47021 
21644 28149 
97542 40604 
72890 46542 
99828 44424 
29855 17054 
22486 16237 
20710 4287 
62110 62782 
83097 13995 
65221 59390 
12337 40408 
82616 51748 
3389 57569 
94780 61775 
21697 89151 
86139 32905 
92839 93664 
52254 66576 
83811 57551 
8535 21391 
59814 97333 
31662 69106 
39563 33802 
5615 27557 
39438 16198 
63059 19565 
92189 42358 
9805 39052 
49457 42041 
95177 40801 
29019 64921 
44318 8723 
47472 42213 
99833 98947 
86957 71432 
29627 98725 
80566 7502 
45403 89851 
65253 30228 
41997 56228 
43327 98105 
11597 29158 
14043 91488 
8828 21111 
85304 94344 
42824 58961 
52208 63129 
50598 91037 
33884 83763 
62394 8899 
93041 23263 
4151 94296 
23635 41246 
94840 74598 
81255 38389 
87114 45811 
48102 83807 
68613 1331 
69832 81438 
88186 86691 
75098 6674 
96421 85819 
90251 68813 
93092 32731 
91486 32332 
55472 34024 
94583 60581 
80940 82240 
68475 29139 
14900 37858 
72992 92940 
50770 58594 
63451 81179 
82621 58678 
75146 37105 
63045 87899 
99346 15973 
68904 30471 
89054 3764 
5859 37164 
87574 21709 
88904 20609 
55847 37234 
20617 63367 
85538 10612 
51435 11066 
24025 68459 
46968 48800 
4735 10106 
6248 88001 
71664 20996 
71741 23100 
10462 88405 
47075 52576 
50130 89125 
91661 97339 
79151 46181 
92703 90921 
27790 32224 
24606 60574 
4341 30930 
93352 66116 
37245 54550 
29166 14249 
67302 55705 
34615 20102 
54601 64573 
17281 44827 
13331 28829 
36229 98393 
64297 32986 
69714 60055 
99740 26249 
67942 35492 
87996 93557 
89127 39255 
6530 63161 
29742 63892 
81065 55939 
50528 73014 
25801 46546 
68714 34565 
25147 24598 
33852 92685 
70879 15268 
29783 61817 
70361 42982 
48445 15074 
71198 99360 
62628 30404 
5622 7091 
84207 52707 
43950 55153 
32009 27807 
60610 17572 
49181 65083 
58505 57878 
3789 89543 
67910 64486 
78322 51270 
34634 58385 
3908 70413 
38815 63893 
23242 9276 
40537 35619 
72585 79576 
31335 90383 
57680 12548 
81707 1503 
60996 42338 
13912 74709 
58465 79019 
96619 39849 
42712 76540 
53356 60648 
46740 33071 
297 85955 
37155 96451 
80525 40237 
99212 85823 
41739 78521 
67331 82047 
12261 11536 
64191 84119 
66237 40532 
99118 76558 
33097 28029 
42191 3621 
98602 70728 
34367 199 
65251 33840 
15849 86385 
88308 52336 
55084 92944 
80424 3875 
38933 48316 
82569 10668 
40956 24259 
31917 33048 
19202 6899 
18374 76253 
7488 32676 
10577 43721 
54893 4584 
49484 35130 
37022 83088 
53102 5514 
9582 28225 
49410 72944 
99895 54678 
56205 86601 
35207 49957 
56397 44493 
88003 97350 
75160 80657 
77994 39914 
51414 25353 
8048 19566 
10245 78585 
27079 26158 
85177 27238 
6713 95481 
9600 79160 
90569 2232 
95217 83726 
25053 4252 
42008 57743 
8815 7711 
79010 37983 
4347 39429 
18124 37194 
39672 32147 
14180 89154 
90697 51310 
63663 30127 
75492 17809 
41796 79025 
10623 10148 
73058 46657 
76640 61585 
53780 25627 
14921 3111 
97113 86763 
31273 41459 
50431 35403 
13070 2870 
43164 61425 
76168 17949 
59092 50597 
45420 70724 
91255 11662 
38358 85879 
29977 13477 
65455 82136 
54857 19621 
82331 76907 
50155 54070 
29389 87580 
39636 30849 
72580 38169 
41733 33017 
15346 46592 
78796 31900 
86247 37445 
35232 96204 
19414 97902 
48497 52404 
35640 70246 
34186 22815 
820 53556 
91882 85751 
85385 69182 
11965 73425 
73497 29902 
5212 47519 
73979 41045 
6858 69808 
66314 53345 
64637 15805 
74508 81953 
6410 63060 
99224 3745 
97110 22572 
54297 45983 
37043 71718 
47609 83370 
23971 90177 
18259 67659 
99972 96483 
92072 24272 
30695 32214 
45706 63695 
19432 43207 
75961 71996 
41350 62803 
55389 64383 
94229 10780 
17864 8498 
1251 83479 
58531 50023 
68635 25549 
51372 2172 
96346 41809 
84623 92767 
63640 28926 
89352 97870 
62842 80897 
89745 29288 
34582 49812 
34999 84815 
65583 23887 
82171 14658 
46155 18482 
86951 5287 
48702 62637 
25047 32813 
80831 3570 
10704 91977 
87066 44685 
872 64020 
21703 78802 
73613 46899 
92011 77652 
47582 34716 
75751 51109 
65745 99758 
49911 95223 
984 114 
28580 6762 
53833 8652 
97067 53850 
3302 34976 
46604 57172 
40613 91004 
59457 54313 
62619 32934 
67727 90998 
26805 97619 
10846 7279 
72962 39751 
46517 64198 
97999 67753 
27776 87003 
29807 70919 
44891 84666 
83715 28081 
44956 42317 
764 88974 
84340 73095 
60909 23462 
39564 59028 
36211 40929 
686 6712 
99175 92383 
97974 92894 
29637 81208 
67405 77514 
69922 24986 
43432 17288 
62475 30478 
78535 21661 
66793 66550 
28184 54720 
93161 45766 
7160 1650 
9578 54335 
18584 86332 
75222 2246 
80516 47923 
28896 671 
26694 58527 
14125 12103 
37710 91549 
53918 60185 
66883 30860 
97680 30844 
61084 44609 
50378 44052 
40955 34333 
59737 26466 
97234 9941 
81159 69166 
80312 34244 
61964 11854 
8693 26869 
86700 55125 
98665 16717 
3461 65815 
22306 84577 
7509 6906 
33824 43063 
92980 93129 
65305 59741 
96028 46136 
82061 41112 
43507 99008 
5097 60091 
90128 78845 
53582 27650 
73989 78361 
33791 80517 
45504 12586 
2606 81112 
27952 45247 
63469 3374 
49219 60817 
10587 8659 
43796 52913 
23223 99625 
61674 97444 
26067 76795 
36509 79801 
73967 12461 
59274 49392 
89705 99647 
75591 81922 
82053 30031 
75039 40126 
97979 4064 
68931 36983 
17690 78942 
59447 21986 
84077 15669 
87422 30657 
69189 95145 
8755 60239 
19505 35000 
90060 60395 
89061 53875 
33077 56741 
64918 97893 
34313 57154 
12956 65255 
61477 26087 
23684 39232 
81511 50449 
17489 67232 
6349 62162 
76716 4224 
32025 27109 
7948 72469 
34338 57949 
2067 76323 
50006 59136 
51911 50842 
16090 66527 
7814 15953 
62449 1041 
99777 54176 
52067 16114 
31750 29173 
42338 82076 
58238 14866 
96717 17062 
86385 10412 
10650 43718 
7702 75022 
28255 23694 
52792 28433 
16981 97826 
79680 27777 
36315 38874 
51795 49650 
83547 5847 
35160 77401 
24754 74189 
46027 17943 
22344 4457 
9972 49860 
51859 3659 
51364 35124 
60227 28039 
18177 10461 
55226 73828 
61263 11174 
31658 3389 
29480 70226 
33582 58172 
12507 78407 
23915 17025 
61682 87629 
82817 68670 
45877 88697 
84507 80507 
54207 97346 
8475 62462 
40274 37906 
25569 44151 
13694 22647 
61992 6470 
23794 86659 
85003 34526 
47684 53089 
72932 87871 
90280 71601 
29125 16129 
27419 94126 
74492 83320 
74864 26282 
6595 2628 
45756 20295 
44537 24805 
67019 55801 
88380 68060 
61227 88616 
9442 25040 
64624 34369 
53528 33374 
44251 93840 
82990 50262 
97576 19906 
5515 28720 
66516 72191 
37601 53349 
74449 4836 
28929 56863 
99548 85240 
30170 5131 
30725 47200 
21258 8112 
13479 40552 
29743 86794 
82105 51250 
59548 2172 
92033 30751 
19346 31260 
11423 91643 
86693 57282 
4747 97638 
69187 26445 
42677 389 
27131 12057 
2440 52999 
3526 18277 
80686 60690 
66700 50404 
26940 12762 
8467 76361 
19899 76813 
56434 4916 
51096 26116 
52939 10194 
50863 14125 
25045 39128 
90087 6259 
20135 48811 
17871 28456 
9881 34023 
50038 94397 
71670 21759 
6300 28901 
41103 29193 
4959 13646 
91720 4275 
63164 43228 
38862 94023 
18038 94471 
83427 14588 
79389 80009 
8231 29310 
48275 78305 
14807 76198 
87323 6637 
41669 24696 
8508 30988 
36452 83056 
52014 87352 
63770 22305 
65809 22672 
18275 30515 
59749 50425 
78075 61985 
301 55820 
77572 99950 
32386 78640 
698 8532 
63383 47953 
95665 9942 
20985 42216 
90551 86294 
1398 779 
45390 71899 
57264 18301 
10915 71548 
35751 12345 
76695 13033 
66382 66189 
82130 18038 
15491 13853 
32618 54555 
69576 52401 
10177 16058 
83379 37781 
92907 57998 
30162 44755 
902 10481 
21452 48951 
67549 77552 
21418 19590 
94663 28120 
67104 95183 
87467 81295 
19866 51260 
81157 89815 
15694 59173 
64669 29227 
52458 78057 
79190 7623 
50697 18240 
19091 20978 
51200 63695 
91167 92525 
67424 43585 
94415 51100 
93715 98498 
67059 23021 
81308 95690 
10127 34816 
33265 9429 
37608 50008 
36788 97518 
22067 92131 
46747 73108 
1553 38342 
57803 92129 
88764 3181 
54181 50952 
76621 70459 
5900 16380 
65783 72732 
88208 90582 
49067 62459 
36994 47326 
75391 66692 
17101 62636 
81517 68030 
72768 2981 
23774 8553 
49818 27133 
63882 70622 
27758 4063 
63092 48634 
76613 48514 
17118 89241 
58109 28379 
20625 44028 
23705 3528 
84578 48265 
23047 14480 
42284 12136 
25540 51069 
70746 86673 
75054 96235 
22748 45687 
43149 58137 
12093 7071 
19788 74949 
19492 2121 
82121 1042 
89845 89913 
11742 60690 
72979 5241 
88711 85999 
19411 23303 
76674 39446 
80269 22015 
27589 58258 
76247 23771 
76810 47755 
94321 2421 
69756 93902 
42908 48408 
59848 61459 
46254 95225 
44138 93462 
87079 23762 
57768 30212 
12820 77589 
31366 21482 
5319 41876 
26472 14392 
76373 61384 
3281 61177 
92310 98855 
42265 6041 
49584 64118 
36642 78333 
20361 76373 
96192 40500 
62176 57357 
54597 13570 
38939 91482 
52250 30352 
31944 30531 
74394 47136 
28990 65138 
60491 78332 
67320 33020 
64872 5341 
71821 84820 
41021 50840 
73757 82408 
42233 2803 
17298 61640 
79934 18690 
61190 51795 
57625 39622 
61139 7331 
3163 96752 
74844 74060 
55037 97637 
66055 81507 
19302 39105 
96658 25960 
3030 4899 
86512 84578 
47378 71369 
89576 79966 
28822 62506 
81884 96721 
70619 66828 
81991 36717 
8229 52938 
27745 88293 
82208 98009 
14592 75982 
89997 74032 
60088 52072 
14065 20339 
96888 89033 
58028 67738 
12219 32724 
64644 69537 
45667 80304 
60010 37800 
29105 53884 
66787 79367 
2668 51238 
55992 75495 
68925 68238 
61630 51401 
53714 4207 
65384 37579 
26613 81003 
69593 33430 
96592 29397 
15930 45578 
39132 22194 
74455 88170 
29927 62548 
23147 558 
57271 68056 
61542 58888 
60330 26443 
53763 32527 
93705 37081 
76035 63606 
50071 94030 
51650 28600 
82105 10965 
92420 74513 
52564 36075 
29790 9066 
7053 55922 
11088 64231 
7902 41233 
56774 45512 
89526 44738 
23113 25572 
95736 21425 
91346 40124 
37724 4944 
9202 96427 
67739 40416 
43533 10326 
97998 43521 
63865 46432 
6936 28487 
65840 47881 
65644 23508 
60783 7042 
86166 71079 
3062 46604 
40342 92913 
427 51671 
22927 84317 
54196 17825 
35986 91315 
5907 57514 
52885 15290 
24999 37747 
79683 84550 
58102 5716 
69312 29989 
74679 95826 
59688 2869 
86054 1512 
701 76782 
85257 38332 
7032 82956 
53672 20985 
23848 38329 
7108 26222 
20613 39209 
8734 16087 
34650 9815 
59185 51457 
70518 14653 
85224 34552 
23890 66404 
87468 80927 
39339 86905 
75007 36351 
30273 7798 
10121 22100 
86249 29546 
9862 13329 
67984 92784 
2906 29550 
43603 54325 
19890 43657 
51023 1683 
3337 96503 
80827 84564 
59310 37754 
61596 89562 
37120 532 
95375 35159 
15657 57303 
34816 18124 
95370 97561 
15491 99574 
43407 14009 
56985 79151 
16138 83294 
24579 69213 
88028 79750 
99723 47398 
48752 66233 
41909 35558 
91492 64739 
37211 25831 
4491 21407 
19453 50473 
95247 45359 
18805 71091 
22118 18968 
39605 45054 
81677 48297 
94295 12080 
1768 46776 
23547 32426 
20056 22632 
14079 99560 
85721 71143 
85035 44865 
8019 56498 
51502 49654 
89573 4836 
89366 80653 
24557 19985 
19639 69143 
12320 76521 
2292 61034 
35569 40897 
79783 75441 
78863 20764 
38648 22685 
17960 45025 
63904 49152 
93471 32725 
45460 96079 
93326 17570 
58346 82083 
7684 56714 
79291 45127 
87229 67346 
21018 8622 
31207 2718 
62607 68504 
55073 423 
29370 33355 
39289 10058 
28911 88040 
40614 34838 
81381 92825 
55104 2314 
91419 74565 
58102 13011 
96864 14317 
10658 2650 
95048 86603 
14077 93522 
91325 59557 
14737 3693 
36469 22309 
9839 28871 
19659 66230 
81398 11098 
62008 10026 
90603 60883 
11934 25183 
97538 4937 
78137 87874 
32350 90374 
48548 56233 
33041 88062 
34350 47736 
82407 2738 
46999 70449 
22028 15576 
63160 44057 
94744 56090 
57562 31797 
68725 24556 
87009 92827 
26032 63602 
90115 56065 
56453 8159 
26831 11148 
83461 26673 
19390 9926 
63277 3275 
72061 72778 
40332 582 
40920 98050 
12804 85832 
96831 80030 
60456 99255 
74933 51146 
13673 92933 
32133 77433 
97351 70785 
40475 52837 
66228 15933 
28711 57537 
59273 362 
47010 68239 
39903 33618 
70447 34248 
56089 22231 
75783 62155 
49834 79610 
23005 84093 
69004 47340 
48192 19759 
86211 63160 
27507 80804 
9164 38299 
3449 7669 
74883 87444 
73989 73601 
56146 88304 
32786 38302 
72739 34522 
14429 84585 
92355 85670 
42481 25386 
26375 11095 
82 25607 
74341 70593 
42957 43547 
47558 74195 
52912 60025 
7048 15804 
86232 29829 
84021 80960 
5879 59727 
12019 87747 
98984 90065 
89082 31620 
71841 32814 
5563 69917 
83482 97974 
18613 99850 
25841 22337 
27913 55002 
83671 99884 
8882 69619 
10545 1473 
89372 37481 
38659 62959 
13772 22679 
99603 15535 
24483 63293 
70883 29834 
4891 45841 
78681 46200 
70218 18244 
81206 67546 
63103 52169 
28946 98361 
9222 61777 
48233 23643 
14987 35233 
22769 34970 
44110 37753 
54083 27366 
92729 574 
66393 10289 
93847 18873 
83907 98808 
20985 43510 
49363 76913 
28217 66404 
71409 53911 
59215 67418 
85451 66982 
81397 11815 
87627 18229 
53004 61658 
54865 72948 
10657 92004 
95254 87308 
72893 83246 
82496 78310 
91201 94720 
15756 96609 
44232 11443 
11976 13687 
63161 95847 
81557 88844 
96568 69391 
60298 38638 
71757 95175 
70548 91618 
86084 31934 
62790 74606 
66648 82307 
45199 43273 
69616 63765 
43180 39381 
51484 89338 
43529 29824 
33741 57049 
68533 58478 
99673 11948 
94206 20872 
7477 62651 
73828 53814 
77379 5552 
53032 17389 
12091 34112 
65931 35074 
39775 88145 
83100 49272 
26537 28524 
41734 44163 
91552 6479 
25858 85534 
72051 33425 
80229 28128 
27714 47227 
35383 45056 
44395 13879 
93281 40947 
95663 99749 
73089 20761 
47289 98858 
44852 99569 
44599 2131 
85172 55117 
5529 51081 
73473 44599 
53242 27116 
10034 29853 
61325 89453 
77693 81021 
51902 89573 
87963 57783 
82349 58225 
49300 99341 
79900 82148 
70325 89626 
35036 62045 
64058 2559 
44370 70735 
50545 73711 
1637 11013 
64745 89331 
71439 6411 
64138 31460 
44541 44898 
96240 68745 
65824 35466 
30049 36543 
46386 30651 
77436 7075 
19838 14185 
30575 10586 
79479 52355 
19740 31918 
37844 60003 
52139 73331 
83021 37756 
26931 44103 
67145 95690 
34168 10140 
51682 90507 
36127 12754 
51356 68200 
98349 44722 
64014 22281 
84652 53912 
47248 48823 
55533 29988 
4236 3875 
12536 18092 
71096 46281 
12547 94915 
55895 79459 
35451 37176 
65542 89418 
26168 10311 
70930 13107 
47810 6026 
2978 61104 
76557 61380 
42642 61752 
40826 99215 
66488 90020 
57379 39959 
36098 93695 
45280 48257 
74340 31939 
4908 94344 
54473 96829 
33767 29737 
39059 97169 
13360 99567 
44854 45700 
42189 39722 
77091 5768 
8732 36040 
72021 21553 
95255 54847 
10076 77207 
78406 89440 
13712 4504 
45756 5476 
23742 86091 
78794 9729 
55904 81980 
62388 11310 
75440 40598 
68269 92205 
91604 42563 
25873 54849 
66332 65261 
37675 68475 
51686 49381 
18160 93093 
19249 94759 
35654 20223 
21279 12190 
14456 32864 
28239 10320 
11081 53698 
20222 2277 
12872 20163 
70810 75416 
19854 97770 
51102 79344 
61425 18920 
98891 52360 
68309 13487 
43400 24486 
67188 79559 
49535 6466 
90532 27985 
47240 98437 
97331 22745 
41356 29399 
81834 30677 
55277 69190 
6832 88721 
47739 38362 
35636 94581 
56233 78160 
52621 27611 
62830 32766 
56058 10698 
48592 39016 
78920 31091 
1315 15008 
43456 48323 
67970 88321 
83544 30814 
98017 7013 
75181 79181 
6686 32134 
99939 13976 
98312 19175 
28827 28272 
29036 57698 
54701 31423 
55394 53331 
20226 39334 
10799 4368 
85367 98680 
75394 46426 
53468 67791 
56470 12911 
28227 15294 
76370 86487 
5196 39090 
72767 97324 
10926 52896 
52194 57566 
90460 35323 
1896 8307 
9624 87345 
57334 95279 
82376 98008 
43107 82534 
55483 75373 
53562 59596 
82872 59931 
16057 96863 
230 1102 
84597 56502 
66775 43946 
44487 71617 
75590 42836 
69696 65193 
46517 91601 
63735 92100 
6325 35509 
32218 52430 
29708 9505 
80597 42451 
61663 29185 
4166 80699 
66860 46314 
39057 71019 
54882 69003 
72730 41819 
11517 38227 
70398 31364 
25801 46949 
59839 72630 
40058 85887 
31204 68048 
65961 854 
50748 34419 
3438 50571 
57778 41343 
71249 61009 
12673 62698 
8143 82570 
90494 10006 
31737 69773 
69473 19005 
48602 19641 
46581 16254 
93500 24592 
23425 1346 
38349 18419 
44873 42083 
52174 19784 
40082 94924 
12179 6694 
11037 31077 
63034 87521 
37235 69806 
96576 69426 
16783 94833 
77336 63361 
44013 57154 
70668 6403 
31585 48163 
39706 26741 
21103 60668 
64993 24422 
90426 42190 
6340 91830 
58141 84885 
70317 51891 
6076 89502 
68765 49100 
89261 86963 
53790 88740 
79422 487 
92952 83043 
92839 83608 
4694 29528 
86374 75004 
8521 16402 
66432 69764 
57058 22646 
44848 18507 
7821 56308 
92935 30727 
61391 53495 
90351 76803 
39647 42727 
38978 54305 
2821 64537 
13681 8533 
7352 24591 
51558 74681 
87875 50112 
39261 39570 
6130 14013 
43947 4609 
47203 88900 
47618 68426 
59225 93981 
86873 37584 
26474 1935 
70519 16846 
37849 79904 
45999 26638 
62738 49043 
12296 44710 
74547 60424 
31711 71383 
68505 1615 
75856 73387 
4808 67865 
52232 69958 
70814 54587 
96901 86682 
96655 53719 
86082 17522 
77547 65526 
14877 3526 
53003 69560 
14891 57913 
68270 33722 
34161 41529 
96546 78777 
82588 20139 
31850 57153 
54002 15556 
71925 49503 
71978 96323 
98124 30238 
70740 40462 
24963 4156 
14721 42758 
35884 70253 
80802 32116 
43715 25962 
75740 10694 
14441 85309 
38014 25871 
71109 47852 
78050 38515 
51033 21776 
43721 56606 
23946 74142 
59056 61941 
91349 54051 
73245 69491 
78008 10357 
74303 23887 
95426 4554 
67194 55610 
4062 1623 
89716 90634 
26191 6846 
41136 31585 
64505 4987 
28338 5942 
62910 49757 
92152 7338 
5438 46074 
62580 39749 
86814 65423 
5787 11140 
3906 35471 
68004 13103 
11162 49108 
91917 66078 
55100 45218 
79643 5947 
53009 23717 
3036 37085 
9261 70809 
16893 79431 
68947 86876 
13494 92674 
93071 29080 
67975 69356 
2081 3484 
63189 50517 
75284 67394 
49985 32420 
12508 31619 
94241 1007 
61367 84487 
85563 51881 
88565 94686 
34147 27948 
26918 88399 
62175 34305 
61105 37707 
3947 70504 
24627 41841 
65039 54016 
68081 30637 
54915 95566 
24537 70430 
99705 26897 
41686 6600 
62282 74652 
72387 34151 
45301 20188 
15331 47926 
29513 84510 
75787 87449 
4473 29917 
72711 57899 
81654 75536 
52997 78342 
41018 82601 
86238 81089 
51264 77166 
4078 61951 
21241 42862 
17102 60159 
85444 34384 
89173 28818 
36 33602 
74218 42060 
27485 94469 
23699 73424 
17728 372 
54344 71467 
51642 88139 
25192 53293 
98665 76571 
10604 34385 
54560 74229 
71594 14056 
67600 31128 
21724 39787 
31862 42035 
55732 80894 
24863 5307 
59200 52194 
93410 90474 
45761 41723 
46345 70251 
74708 13072 
95762 28197 
86342 72527 
99308 61950 
54984 13949 
95345 63796 
303 80231 
90040 75225 
16464 9138 
50841 80249 
75567 63498 
84361 23408 
36944 80951 
28320 12731 
47111 16835 
67011 95335 
46517 95308 
87634 73949 
8701 28419 
30919 66299 
25064 10614 
53568 96135 
14199 47011 
12381 44615 
78555 27817 
298 83827 
53186 18364 
13159 60413 
91439 94508 
2631 96595 
10669 16505 
75511 28323 
77368 987 
32584 5845 
45652 20295 
1177 40686 
75543 31160 
4779 94839 
48317 10639 
30328 72918 
64931 56166 
99204 96075 
60597 88757 
21505 7693 
93626 83630 
14825 85172 
69892 40889 
98547 9562 
45624 427 
32588 75387 
10709 99836 
55537 6657 
92261 71845 
91319 81923 
33978 78724 
35782 61134 
602 85046 
5027 50154 
28822 77381 
25828 34966 
96026 49705 
75147 66912 
6531 86716 
30548 82762 
1291 93732 
76214 98979 
81524 41496 
20296 28216 
99327 16947 
18510 27924 
9048 96907 
66157 5866 
92038 90627 
16170 75425 
64393 29291 
4308 74762 
52367 15782 
14296 38211 
73380 86450 
95495 35723 
91896 78079 
53562 76775 
28887 37907 
70658 8790 
91247 62293 
75849 26996 
53188 514 
78701 52543 
65546 14169 
99414 28797 
90861 39800 
77439 31900 
62216 62601 
17117 91005 
42034 72448 
33729 66059 
13369 40008 
96206 36528 
70735 20292 
23800 13206 
90056 63796 
83200 97007 
48114 91222 
49806 73641 
30649 66807 
42361 51076 
15296 87392 
13600 17956 
40609 89633 
81287 25372 
75638 66121 
13773 71915 
85921 72699 
42133 2435 
51149 3874 
56943 14661 
27445 10992 
61980 4642 
62843 38716 
99329 71907 
68462 59339 
30871 48313 
19795 91630 
59618 10742 
12673 1111 
1014 87125 
26649 92092 
69148 67695 
54919 18262 
25689 88984 
44364 58284 
50413 66697 
51888 25574 
31359 15493 
63955 7349 
39907 8583 
45077 57011 
51510 98148 
77981 96069 
96334 38775 
33263 17071 
75724 30411 
59579 17361 
60186 24784 
16771 35024 
92517 19807 
83772 2976 
55708 173 
60776 84925 
29442 69164 
50838 7805 
51273 56625 
49936 59298 
18984 81162 
96512 76163 
19173 90748 
31586 9380 
43753 5313 
98761 15459 
60849 37266 
69799 89808 
39500 71520 
15920 27634 
88569 45237 
57541 70657 
59469 79361 
15952 73757 
79573 78930 
59213 4696 
28587 37222 
81582 72178 
43707 50006 
80832 62776 
41038 70439 
1091 55615 
70547 12653 
90125 75224 
79702 42579 
79523 37581 
47041 78299 
33787 42143 
60998 58999 
30073 63525 
61681 31553 
24193 499 
33638 46831 
30423 47098 
36221 54017 
92802 60901 
84812 30530 
53792 16909 
50948 87604 
32541 51951 
32308 47120 
9462 24192 
54542 94002 
76419 35053 
6105 70290 
52556 86742 
74519 91936 
84649 77591 
47925 37473 
47816 69540 
69283 78845 
37537 97340 
82288 99048 
97160 27438 
87803 68647 
56395 16023 
37567 33810 
65788 60303 
27931 2200 
99771 84892 
20569 99847 
66581 56008 
9369 12127 
7224 70228 
73143 14961 
87585 21662 
2307 48623 
87946 11648 
64358 85781 
72325 28473 
77757 97904 
76468 91114 
96734 29698 
87729 20621 
70571 49923 
2735 75530 
30065 58782 
39412 63554 
71190 97002 
48804 20825 
51341 19788 
19111 32073 
87123 70025 
89437 50395 
44282 9435 
94000 63619 
40165 43814 
38851 45824 
37010 9057 
72690 27135 
90396 68355 
50893 12742 
31359 7797 
7650 82902 
2940 7492 
44906 9737 
42357 8470 
18827 33743 
98537 91738 
54546 53193 
1376 35237 
48234 92979 
53912 16853 
21826 35962 
1482 87232 
80261 19523 
42979 44808 
83641 22738 
88494 7290 
87483 95522 
34885 88799 
23048 10049 
26266 59896 
86728 46914 
89905 88938 
82563 63738 
89708 37528 
15172 32308 
19226 10257 
61745 71835 
64069 39494 
61218 50567 
99600 19687 
46321 75705 
53983 92446 
9948 42496 
58918 23626 
41133 67359 
30813 6677 
87874 87008 
73695 72757 
4164 65838 
71787 87364 
16801 17177 
44496 65748 
3907 10529 
69459 44880 
11529 6561 
40306 8471 
47348 34334 
15005 73340 
81175 1177 
27879 10392 
50826 4564 
83865 91491 
18890 97541 
27055 24762 
51036 44455 
77255 65111 
89713 92136 
58089 64252 
78437 73197 
98052 55046 
51354 52718 
71986 48681 
40341 27365 
64588 60031 
67650 86847 
79865 66462 
85935 51643 
90843 48432 
99474 8031 
22376 56422 
50511 71735 
86578 98045 
82849 24866 
45165 41626 
1169 87341 
55903 88111 
29054 3586 
71428 71855 
31252 48111 
97808 12661 
6464 79380 
87553 56365 
75787 445 
37168 9356 
88899 16905 
82864 93585 
45192 18046 
39739 22949 
80260 45348 
9493 29378 
99519 54101 
89661 47507 
50192 18453 
53396 518 
10491 78001 
32977 16551 
40565 74901 
32512 45018 
83608 84472 
15702 35233 
27520 99417 
63102 85948 
37582 88012 
69927 73708 
48860 10015 
60271 20388 
63369 40539 
26509 65826 
31537 21762 
63685 70157 
10061 35115 
57835 82302 
79017 62445 
4518 75948 
69904 83664 
79188 72490 
3272 40549 
54620 41531 
59713 81550 
62230 93911 
11175 90921 
23937 59638 
20942 96922 
39112 73667 
80069 48516 
97198 76193 
85681 47715 
741 70889 
82253 25619 
25878 74517 
80836 54189 
17695 34360 
43179 92928 
16457 86149 
67774 79901 
37325 74447 
43105 89891 
80990 59924 
39684 99009 
35551 93486 
96981 14691 
41004 45953 
23919 52781 
26864 43763 
72323 69262 
736 76141 
61603 83219 
61053 7232 
29855 59733 
30730 47884 
61744 56671 
60172 16100 
96670 77692 
27804 42587 
52139 15337 
74268 58439 
6686 12648 
42411 35643 
74318 19551 
59376 37944 
68158 71105 
89400 79516 
94817 68724 
6300 81993 
43012 2608 
83202 66561 
30016 13860 
73703 17151 
47769 58183 
63445 3234 
6833 99504 
4008 56235 
10817 31539 
2027 52323 
6529 98048 
25643 66120 
45813 58428 
7650 24838 
63886 24254 
70124 10385 
25958 74566 
68846 28214 
19026 42902 
57514 85972 
68931 57483 
1488 2458 
44149 7456 
28758 97981 
67235 2718 
91829 874 
92435 92625 
28413 41748 
23730 9727 
51058 97027 
41388 8720 
66297 86341 
77105 77906 
22410 24567 
27887 10697 
11557 78626 
27071 38127 
6833 81561 
97209 39770 
97690 12028 
94030 70156 
98231 55976 
13283 60490 
42015 29147 
72986 81366 
44305 53952 
2456 81188 
8126 52343 
66472 47120 
73987 37501 
28014 70650 
64831 61463 
6244 38226 
57519 3281 
17747 8941 
20102 62823 
98525 85844 
90148 59080 
91812 35249 
33541 18598 
52550 59245 
15495 79647 
63150 80655 
35886 30764 
77188 56804 
29581 48526 
7751 98701 
9073 98721 
55395 35631 
31545 17509 
26997 31667 
5361 94752 
31281 30209 
12061 40376 
49381 75438 
9046 26442 
69536 35453 
95475 62542 
43843 30840 
69269 80216 
71998 54567 
76670 73259 
42006 54363 
57451 65118 
61120 37088 
18683 52015 
91564 46135 
27842 991 
65102 57519 
2088 65774 
88101 38056 
84732 20177 
64455 9935 
42147 98679 
57594 69966 
84820 76900 
84764 18940 
14775 20891 
86873 66757 
28252 83455 
45412 92401 
57298 28171 
24305 54303 
16868 17352 
99036 66300 
35045 8866 
97959 77106 
83147 68555 
21473 17145 
89789 19938 
23529 5550 
18378 20953 
36971 42293 
11028 78665 
99267 45650 
53578 87211 
88420 33592 
96157 1670 
10212 89187 
71658 41132 
87380 94737 
90520 47910 
88954 67123 
54368 16680 
3662 77713 
23367 47258 
5221 94180 
92522 67792 
79231 38734 
80733 21341 
81549 17483 
13033 8139 
76203 39063 
81254 28254 
57284 7149 
1261 74959 
93687 41094 
45928 87792 
48216 51716 
22200 86107 
13254 75100 
77854 68861 
74070 46309 
69010 84467 
57787 77030 
92940 45679 
51155 86413 
92418 88870 
73481 22751 
67622 54431 
72413 5175 
89502 95641 
69765 9116 
94591 7009 
22145 17099 
55362 99938 
76896 57261 
62546 43476 
97677 56032 
26218 31006 
6013 38511 
1003 29902 
35228 20344 
67421 20502 
21390 48293 
56150 33203 
62257 63169 
84921 48012 
59682 78445 
88791 29631 
23534 90625 
63683 32920 
55903 63305 
10380 28556 
53226 55880 
61586 66764 
60923 99980 
98154 18174 
90244 61965 
12307 5206 
60237 68184 
55398 64784 
59121 11232 
15716 63781 
28773 26 
7849 22283 
63698 64327 
19288 86544 
81512 75153 
52246 33508 
65866 96596 
19055 81766 
4675 41628 
98064 30071 
46641 64784 
33611 43817 
77254 87938 
68418 62326 
71839 21947 
29684 5382 
17643 16520 
51179 16112 
9607 43446 
2795 89142 
15137 94201 
16308 97910 
72083 51926 
41513 53062 
31069 79939 
40413 95055 
78450 54161 
28830 48435 
79350 55246 
4564 42640 
61648 27669 
59162 34816 
21167 7711 
56366 53761 
66009 19972 
74502 20981 
33621 42978 
52317 94737 
8084 48404 
48231 26069 
37058 25600 
21453 11946 
97921 13348 
70112 80024 
90866 74140 
16314 41921 
43069 62807 
10967 7502 
92499 60921 
42225 61344 
82565 71176 
70581 64368 
39492 91807 
80930 58581 
23176 20133 
37310 20921 
39247 66418 
49579 33391 
75156 94519 
12950 11004 
76330 44151 
61083 56465 
9787 31107 
81342 91127 
72071 66415 
76868 45415 
85973 83145 
24268 78741 
96216 10466 
68026 38877 
18141 88576 
13118 63816 
15398 75222 
25889 75345 
82732 54809 
29872 12857 
88208 24467 
88041 8398 
85529 97941 
95892 9488 
41603 37815 
70774 14942 
37099 99319 
12056 769 
88449 44845 
24019 78121 
8620 67336 
38733 43366 
70937 42778 
49758 51535 
65338 17347 
69133 68715 
39662 23097 
49929 36396 
99941 7591 
74529 11343 
3101 57508 
94852 28281 
13107 94025 
24885 69452 
7294 18612 
28181 15098 
13486 91944 
13386 91938 
30454 35696 
49397 32937 
34393 57291 
38406 10968 
2299 11030 
39875 11407 
89471 25533 
21412 64262 
82865 47057 
23511 65147 
14585 71012 
64333 76215 
60555 59866 
77950 13102 
68229 74644 
74899 92011 
54207 79344 
37426 32248 
87688 12866 
13472 83852 
28930 61394 
53211 77375 
23244 5725 
39887 73466 
60489 62611 
2720 23588 
97678 86989 
63809 40007 
7987 52803 
63256 13157 
63330 84175 
27129 7515 
79629 65755 
91434 13360 
54002 21394 
71916 31053 
1321 13616 
74289 16961 
53944 82887 
72433 25683 
22869 15314 
43083 41956 
31211 153 
34744 7400 
21553 14374 
65829 12241 
7644 50562 
92410 40186 
87830 86538 
59553 25830 
62740 80337 
51812 8303 
2946 62584 
88298 42267 
93689 89791 
65599 57992 
43206 16718 
37897 45882 
78825 43733 
37781 77685 
70678 95942 
83518 66512 
16775 94897 
88992 10907 
95101 90789 
91015 64354 
38559 33322 
35420 20976 
16744 72807 
18079 10560 
14914 99546 
59945 51669 
85006 49191 
6225 20245 
6099 24519 
78968 52969 
32503 9950 
79612 19526 
26457 84123 
33482 66060 
69417 68000 
91728 53240 
20997 81185 
57875 86688 
47869 17571 
85944 64991 
76250 92878 
4988 51038 
31090 61325 
60959 6150 
12685 46400 
30949 13275 
27136 81572 
57149 55459 
30935 10824 
68291 8875 
71942 55969 
4835 55879 
9099 18003 
40877 22893 
71449 43106 
488 320 
73397 50421 
99140 7319 
37592 88354 
1887 22895 
89433 58898 
79154 16639 
77910 25381 
58238 77336 
46338 98006 
14067 55770 
23535 73713 
16285 9221 
31051 92126 
51386 59482 
5334 57741 
68412 53640 
15009 70001 
54648 47470 
12968 97553 
33759 14947 
521 30703 
92994 24206 
96633 47003 
88372 10248 
99065 28883 
47144 17708 
96248 79374 
85398 83245 
38806 92219 
85309 76379 
7854 46065 
31332 20094 
23573 8919 
87541 68043 
21996 58659 
9354 23914 
90583 48209 
22048 50329 
93846 69781 
65747 29575 
39158 1664 
1978 6539 
29837 53132 
428 65430 
27713 58289 
76195 66141 
574 8091 
27601 93607 
61283 51235 
32565 54024 
14784 39273 
97548 85517 
16841 39050 
17258 37667 
14073 86434 
95577 14211 
78683 9336 
98592 66350 
73261 5113 
59137 70232 
81147 17727 
28927 21553 
16043 23409 
79123 32599 
80923 59 
83128 22685 
80768 25275 
76377 51565 
6229 20631 
77117 57281 
96078 35717 
69409 24787 
55111 44449 
95015 29809 
51186 8302 
74355 73555 
40136 46341 
78407 48227 
70550 40353 
3170 50714 
1744 94831 
56242 92430 
27721 66231 
51106 36924 
37528 73669 
18864 33733 
58117 4081 
89444 6889 
19695 28905 
64724 99518 
55493 56451 
4546 72221 
97992 54389 
73258 2200 
61882 90158 
49198 32540 
10344 53607 
82460 76646 
85757 45807 
97293 91491 
48488 40725 
74673 95186 
8191 52335 
17848 19288 
50848 68737 
99088 54358 
61777 46989 
9381 68447 
19939 97616 
84503 52532 
92071 26119 
60664 74333 
86547 40346 
20825 2544 
36330 77174 
28860 97170 
67963 49737 
12844 48495 
79304 67302 
51071 87156 
92523 33899 
34805 80836 
70855 88935 
30297 79315 
87741 13289 
39269 68901 
15153 87754 
61840 49737 
54281 57194 
98802 55013 
66243 23423 
91154 89839 
73035 62559 
83999 79311 
89714 38484 
19165 80290 
17592 63051 
6346 29433 
75266 35805 
96069 71243 
69334 81235 
79466 34204 
9920 89964 
69635 510 
57457 61768 
77228 45465 
46649 42973 
79017 6327 
71149 48496 
92265 77176 
28184 59719 
10096 16339 
16225 93340 
23398 95952 
50778 43521 
53371 19463 
13450 9868 
45490 82153 
77675 37188 
30404 52246 
60847 9444 
40249 5681 
37057 59980 
79849 56384 
7235 82837 
91474 85622 
64243 55842 
19066 89022 
9269 15190 
73299 27868 
72892 53326 
22349 92488 
69250 47234 
84907 59873 
64982 62573 
81772 55095 
75967 20639 
10259 6663 
14333 59750 
41680 19656 
95841 70389 
6350 77265 
83434 34346 
22824 21352 
86626 52084 
48489 55670 
58343 99692 
77181 61589 
30951 17040 
86144 15498 
11428 92122 
39445 49488 
11952 73098 
87849 2479 
26709 9147 
66230 67656 
78260 94018 
78700 53908 
47570 62040 
78986 43860 
70632 65350 
98943 49215 
31605 43228 
51647 35264 
7457 79690 
37187 10772 
22366 33866 
9026 56861 
51433 19181 
16742 99107 
72780 2003 
26980 10737 
4662 88176 
38607 71635 
79988 66712 
50351 97815 
4438 83948 
9616 99069 
16397 28592 
69695 18714 
16985 18322 
9265 58645 
66680 92015 
22836 95374 
51424 28141 
73736 48293 
5512 29530 
12238 70065 
41220 37445 
622 90910 
75804 63787 
54214 63448 
65385 59252 
2884 22863 
52187 67401 
1006 98314 
6694 49842 
65546 85868 
99530 6124 
1729 20636 
69191 53420 
83645 66386 
61248 75729 
93200 74590 
2239 64 
84952 51673 
37163 7988 
36688 13178 
3387 44838 
65987 96632 
35690 46142 
41564 51084 
97318 60958 
94828 20596 
10112 15249 
41903 91426 
13138 24924 
59243 78195 
13707 37799 
17026 83023 
7285 56471 
63657 73441 
33498 69996 
72016 89827 
4308 1265 
3468 11168 
87380 59081 
19217 79164 
52790 69219 
70228 4981 
94408 47110 
26725 60419 
18683 66314 
66203 85833 
52991 71551 
24896 30802 
63317 82831 
31835 80402 
86780 38110 
86890 9850 
78339 25867 
14614 53368 
42989 66174 
24248 69289 
74873 9045 
32874 32772 
52941 32251 
63540 89906 
49139 37290 
13037 62566 
89588 61812 
95085 2072 
71811 49579 
3819 51515 
81774 44907 
9764 91555 
73382 7531 
95900 12577 
70012 75974 
64937 77254 
22791 42765 
600 11912 
13532 43199 
45493 92515 
21588 876 
66044 71657 
83376 17841 
11026 26653 
60892 44948 
34364 95607 
1292 18904 
45175 8324 
13423 6487 
68429 11940 
9210 53548 
48135 37394 
57854 96653 
1632 52136 
79048 58623 
38341 96938 
57766 15702 
89241 10219 
97626 93737 
54372 2011 
42464 23511 
64841 51470 
86447 61216 
73057 66837 
61916 59091 
30373 64749 
41117 53378 
84820 97055 
13088 21962 
33284 77569 
162 52499 
92273 38651 
59939 53295 
9314 78060 
78009 33848 
23072 40236 
94335 79710 
94429 12960 
21908 47215 
73056 10297 
10157 7612 
34415 55789 
77541 77281 
20672 76064 
87866 80958 
45646 64322 
73101 8263 
78722 75637 
11780 40361 
5555 71528 
56596 43183 
74429 40013 
67347 46395 
76304 79094 
46151 53194 
73849 46647 
90669 55012 
90190 47686 
78067 57312 
91636 51202 
67536 57958 
50278 3091 
62405 57977 
52187 29108 
4252 26070 
24802 2365 
80864 82821 
93170 83590 
17510 18356 
38832 29146 
86718 8025 
27459 1800 
15574 44739 
91728 12257 
91565 63675 
4488 65682 
68047 95361 
53901 86755 
48678 46489 
37046 49229 
86485 74340 
21386 41550 
67701 90321 
84512 58758 
63124 862 
31759 22748 
20464 69819 
8572 97854 
39977 65505 
69893 86854 
22690 37636 
42403 63614 
5582 54688 
17084 22971 
1344 20588 
39371 5841 
41653 81127 
22066 88145 
82405 25133 
92229 5819 
66911 83194 
97405 24985 
58818 27585 
38852 56322 
50344 81078 
69824 55715 
23388 49433 
95519 49484 
91186 2615 
37944 71777 
76398 43169 
83749 4180 
87857 16702 
15973 63148 
42696 39008 
41716 89557 
43143 37180 
66853 56494 
58031 27894 
36261 26347 
77878 85060 
53382 56309 
9399 81183 
16507 72621 
50392 22005 
60830 8184 
39162 32393 
75093 25607 
3999 92947 
69554 28339 
47711 71408 
8058 96217 
89774 40731 
81140 68560 
54435 26535 
89371 37932 
36902 80676 
26583 10685 
1762 34794 
1132 36675 
67855 47949 
10016 9776 
12039 25843 
85463 93320 
80666 55628 
66508 30125 
32015 69916 
9097 55471 
45564 26374 
37453 43217 
24692 65178 
56683 80158 
88234 85561 
92047 81821 
93318 64877 
93827 34087 
56974 28797 
48395 69310 
47266 69689 
65882 63088 
96005 1692 
72733 68388 
44601 35645 
23495 87396 
72213 54791 
60313 18342 
71053 73031 
90941 4408 
27571 61541 
26434 54969 
40212 36652 
18252 5561 
54528 12195 
61168 32307 
24669 32846 
83146 38966 
16603 21542 
26264 90336 
52894 93652 
33802 74443 
61483 13351 
97773 37754 
31606 93506 
88454 52590 
98862 69419 
82888 44003 
78402 8861 
32864 24538 
40300 56119 
64537 59659 
74415 46133 
81651 14020 
23368 66329 
52215 9349 
71759 88344 
94524 58411 
67337 39646 
42606 26312 
15536 35872 
63405 10360 
32691 48764 
18479 22768 
65158 41680 
11483 6668 
81710 64911 
39393 15218 
24767 66436 
70201 36049 
62403 40233 
2720 48825 
17499 3890 
25189 62420 
63057 70027 
78498 90014 
63374 51919 
47173 85343 
9653 22692 
46642 81430 
45569 29625 
48861 44284 
3438 50314 
90015 78399 
74840 65866 
33826 98311 
20893 17753 
21876 11030 
86863 9629 
28409 37882 
23381 13138 
51237 41090 
32255 37619 
12646 10356 
48737 27652 
14621 7815 
44044 59462 
91241 65872 
82060 17508 
27750 81776 
92350 45920 
70602 55240 
27973 85986 
35684 70943 
61047 30487 
32954 36477 
31627 48451 
64909 48105 
6168 59784 
23540 71633 
20700 68212 
5907 93769 
80819 93124 
91931 20546 
65671 76141 
79716 73678 
36373 76639 
53465 63173 
80618 11917 
66988 95106 
34702 42376 
61813 7121 
11826 49803 
3083 11055 
31211 7727 
8714 62044 
86450 96845 
67685 66493 
13458 75611 
91869 87521 
18517 76372 
22485 5789 
5097 60774 
17024 46070 
94513 34701 
75420 85473 
69933 92615 
25259 17943 
85846 33929 
75007 61463 
75850 69923 
61486 59322 
60422 18711 
63269 44901 
3361 67909 
25184 10582 
90623 69897 
40779 45747 
8572 22938 
69386 86241 
79939 82951 
22339 48253 
75308 45334 
38923 3256 
55527 34000 
86800 87476 
16163 35667 
63950 29282 
98960 21445 
49547 20962 
7262 4896 
49769 57561 
12423 95992 
11160 14737 
66473 23773 
28963 40063 
42645 17021 
60773 87761 
9856 51885 
66851 35528 
9804 98153 
37641 83969 
46103 21735 
36293 54044 
13691 29941 
79422 66048 
93738 78251 
2845 4807 
14387 92544 
10720 50091 
30844 99107 
86295 78706 
9734 96292 
50361 25264 
12078 46254 
89579 22358 
56840 13032 
40958 27633 
12749 24048 
11111 85258 
9909 86139 
29255 62285 
84713 44369 
81526 46661 
71652 32085 
50776 92889 
33858 24115 
90862 53853 
80536 71456 
97293 42833 
53943 65469 
97191 28445 
81150 52320 
70628 77082 
76555 94324 
32724 22324 
49952 53807 
51302 58897 
21955 57264 
48387 29925 
73648 82831 
35558 550 
60569 2477 
62904 88429 
2489 1805 
19253 52182 
19899 95011 
7395 22563 
25739 50273 
32157 97943 
96613 41747 
81496 15618 
41581 48329 
51159 53555 
58591 26487 
62029 13338 
18730 94716 
45901 84436 
46667 80542 
30236 92315 
72021 97510 
35360 88525 
10872 39226 
8579 49535 
99220 260 
58883 12959 
40900 59621 
23146 94711 
51356 91486 
90202 98725 
75599 29 
32649 52048 
33807 10425 
47938 72444 
1231 86486 
90063 3077 
60422 86912 
81107 29418 
73274 16732 
27887 27201 
7950 78293 
33157 77084 
21533 77033 
83069 21592 
43021 91248 
13030 33014 
23322 72239 
2602 7082 
18965 1431 
26789 96609 
54480 94471 
95799 51685 
64732 8803 
48308 38608 
53002 80830 
24277 68395 
13159 91564 
32541 77581 
55026 35511 
45652 68895 
40877 46553 
99904 37523 
87965 16725 
51969 79824 
17106 29029 
45257 5698 
30534 13809 
68882 53240 
83611 29714 
50033 34881 
74446 64917 
6596 27916 
13073 51982 
999 59121 
47540 90688 
78587 23115 
18164 77094 
44189 17185 
83104 44272 
29124 71481 
8568 30375 
27513 2810 
45161 3116 
35588 22691 
18222 86198 
10554 85910 
44493 52892 
76636 74501 
50049 74704 
45085 73879 
5141 38957 
82192 12837 
10441 78107 
54800 7123 
66185 85747 
6299 67561 
30758 29513 
67791 7970 
28536 9479 
88853 15560 
98112 52117 
80284 27102 
81525 74568 
97213 87796 
42703 1674 
55136 56633 
69048 69136 
63723 61955 
53961 150 
83633 3990 
80032 12 
60155 47345 
22779 73421 
64081 45732 
72990 32611 
75085 93670 
32088 30925 
75719 5445 
69433 26084 
85220 80331 
43034 50159 
51466 24860 
75895 39125 
36693 67894 
49052 53896 
78019 22322 
19348 6834 
77341 18355 
95063 93035 
76817 57772 
5768 14014 
5982 15856 
84094 72956 
44380 48358 
36610 15312 
29705 44493 
18560 86277 
55552 3834 
42976 77568 
45188 4837 
48498 39910 
58156 75881 
22222 44793 
85065 75832 
23995 89294 
12570 40487 
86781 51139 
95347 53701 
74096 17707 
54754 57534 
59963 32268 
34930 24496 
59442 23543 
86232 76727 
78507 10512 
13185 51942 
70914 3441 
19554 84007 
86629 54196 
6661 87208 
71543 44167 
32739 7596 
31360 36543 
20907 32247 
3955 61123 
11234 27795 
93915 44525 
88441 13354 
10613 46393 
80891 59701 
16874 13065 
18865 46569 
39127 14204 
60476 2963 
11938 84981 
42152 1574 
29889 56695 
87244 77732 
58011 22054 
11127 95725 
8309 47883 
94065 90933 
24404 17618 
54132 74857 
28912 58727 
41654 2010 
78891 86064 
93930 62501 
43557 71164 
34381 82282 
65411 29635 
73822 84160 
91057 4021 
73214 87043 
61169 7927 
57027 98277 
30452 88687 
24279 84559 
47895 60460 
90314 90540 
65204 57443 
6578 11097 
57050 57724 
47922 13167 
30590 32324 
27362 46117 
73714 81097 
96775 75801 
41542 27427 
18682 26789 
8948 57008 
49000 19674 
23210 2537 
53640 45955 
75377 95746 
92778 31657 
71519 30967 
45845 2688 
25778 10308 
17540 79862 
15964 69508 
60589 99587 
39413 15674 
74508 77413 
81936 43372 
91274 5940 
65900 33890 
38626 6043 
74825 84025 
79587 30915 
61372 55368 
62867 56154 
33173 82795 
82949 75897 
76690 31782 
40949 64976 
23141 48147 
17754 60126 
82482 945 
19472 59464 
71562 79521 
31903 38774 
40767 69075 
25491 35589 
59827 95618 
85172 57599 
57934 825 
536 30642 
25900 80024 
40893 13315 
78843 92475 
57107 70210 
46693 32064 
97504 13830 
6809 28677 
98644 96450 
98099 35786 
13457 57474 
59233 48136 
68999 9317 
14921 84942 
4001 75375 
93656 68628 
22422 77368 
97982 26888 
13373 6115 
63989 46743 
30074 99802 
40674 13262 
90893 96804 
91696 72733 
64089 26364 
72213 70358 
24493 49725 
61683 25875 
25195 66753 
39857 27069 
10181 58672 
77676 40718 
4909 46188 
77375 63294 
60978 4144 
36830 59624 
98329 88750 
32005 66701 
83814 1509 
8363 71981 
8527 35169 
47184 10743 
77925 21311 
25950 65483 
8575 26672 
23319 91799 
33256 25823 
28675 39868 
52197 11541 
3843 88356 
32376 91024 
10272 58502 
49090 56031 
58847 30094 
84446 8114 
61455 38204 
45903 66273 
63538 89797 
44723 83717 
15075 2702 
78906 52813 
93794 35950 
98148 82915 
28886 50099 
89366 94423 
86079 8930 
10505 84250 
65677 9765 
17629 82831 
33985 8683 
75692 40837 
55543 89013 
16947 55000 
18672 6761 
12594 66722 
50056 34982 
53042 44607 
95458 20637 
90103 92637 
3095 62090 
80440 9354 
83841 13153 
83769 60286 
38119 20468 
11586 15758 
33205 5029 
92624 49298 
86631 5755 
19748 88063 
61485 13298 
69683 55998 
7606 35645 
41740 52901 
89051 53562 
44629 68127 
22647 43582 
71461 36356 
15078 68970 
42223 4662 
26638 64989 
60287 95073 
8672 73798 
24923 14865 
58656 16422 
65314 88036 
12008 24525 
13256 55709 
42905 93043 
11475 20673 
77757 56299 
62438 91819 
34449 34797 
58547 17925 
88059 47679 
98770 87075 
29493 36693 
89062 7909 
27309 1540 
44318 82001 
24993 3565 
58142 22827 
6031 55049 
83400 76107 
37354 74717 
71260 48765 
58085 56576 
49389 59292 
14972 68842 
80964 81001 
58502 72458 
35350 61481 
4414 24590 
18560 66491 
34179 11483 
57030 14613 
54963 37199 
1782 40153 
64732 80005 
21706 46131 
71328 16561 
84458 86597 
95745 5563 
81425 48116 
49260 17120 
39190 83943 
11703 91905 
74132 91200 
53861 14995 
89064 11366 
40859 93311 
81213 77396 
25332 32719 
29407 27008 
89307 21088 
54967 51003 
21932 36978 
5602 47892 
26527 20154 
94521 11702 
34927 59741 
37982 88499 
69666 78572 
73704 99007 
35273 18189 
9809 39619 
38823 57951 
49395 42186 
36815 33806 
59375 94139 
80599 57590 
3865 94826 
85754 76041 
42210 51404 
82181 50257 
99619 98147 
11167 80935 
54442 56784 
23229 52498 
50266 42234 
96324 20081 
33300 58097 
37818 17360 
35921 19306 
55583 20336 
75798 85518 
83725 62432 
16666 88185 
26617 59658 
41601 86632 
41299 71075 
22574 94084 
12754 89456 
31084 73247 
89195 29747 
23820 12865 
35177 58862 
54624 61635 
29245 89310 
9390 13909 
79767 41296 
34110 12816 
57708 63205 
27908 60740 
48338 88723 
2711 4549 
5185 393 
69094 93527 
49049 63997 
93901 91645 
92463 95943 
89365 62636 
85737 26674 
35771 36274 
74538 27169 
10102 7334 
30956 72688 
91628 14872 
70101 28198 
42095 98824 
92474 53286 
12911 33322 
98745 40862 
14679 91722 
8000 23600 
95430 7019 
73152 4803 
13082 53130 
27906 96263 
54949 87488 
18540 74694 
52495 63445 
70711 444 
63125 42169 
16623 77441 
42386 8046 
61085 71705 
9824 19036 
96357 47285 
19567 3992 
85150 23062 
82818 52662 
18733 1674 
53532 30877 
22836 72640 
80896 93402 
27885 45806 
52591 59985 
42057 28331 
1391 66305 
65780 18731 
24290 882 
64479 54813 
68137 91414 
72755 18903 
68670 9585 
37638 73349 
90890 22095 
21157 72066 
7844 27450 
73184 69747 
72205 83021 
54376 29384 
80430 44921 
35998 10868 
2801 14466 
28501 8677 
54353 9277 
93973 95072 
11423 54545 
78905 16678 
36521 20524 
63206 87007 
60216 16038 
58987 15192 
82904 84565 
8364 12110 
1633 39445 
23363 19047 
37520 17792 
83012 11227 
37886 28899 
52762 38727 
53853 22240 
19645 80737 
48954 2599 
42887 5580 
77212 75452 
4197 48568 
80174 14384 
4520 42497 
91554 4176 
94803 61502 
5420 28098 
47125 67938 
59273 36056 
69562 84153 
6891 51385 
43217 46208 
7489 48444 
13084 35015 
37518 60558 
95771 21872 
39335 58479 
76566 9963 
57021 73169 
55924 1198 
73775 23572 
71194 68604 
57607 49947 
63243 68509 
42448 46439 
79596 83868 
20347 32711 
5826 50359 
97074 3821 
95148 80227 
68236 49930 
22497 65394 
5926 43032 
23881 10933 
6955 46548 
94360 22814 
42884 15478 
8750 49665 
69349 19726 
97985 57309 
97592 41282 
61049 96982 
4638 67142 
17486 13366 
60227 24163 
8719 26964 
78378 79482 
37754 16848 
59404 60705 
96323 24435 
74185 33766 
66115 96708 
56723 13153 
96457 88160 
13234 69160 
54682 44766 
26481 39889 
17353 404 
32564 51896 
20657 26401 
74060 2718 
16452 88251 
88180 60950 
86858 80085 
71513 95098 
54697 27058 
73994 51129 
89730 68617 
13850 60481 
51329 61453 
72600 75184 
27105 69974 
24563 94874 
23936 44254 
78908 71612 
42992 20651 
63877 52784 
23534 18706 
62658 49775 
71634 49389 
18264 674 
99432 94429 
60809 28982 
88128 64189 
74734 87077 
53663 92456 
15847 13169 
37850 80480 
8399 23509 
69727 59767 
1007 7829 
41967 3356 
36857 95315 
25433 78698 
98428 10815 
1291 1763 
19878 46602 
24584 21622 
21264 33674 
45746 37517 
7940 8380 
7289 26288 
95760 35144 
1711 37062 
68103 64070 
23661 92212 
44311 73454 
74510 18848 
40751 71511 
80657 23512 
35521 9073 
68302 14212 
5723 85605 
96841 68574 
92270 14537 
90658 44675 
61328 50751 
24830 31936 
73819 73016 
14060 43524 
44783 57189 
26182 58794 
72956 72237 
91626 34578 
47574 80417 
8503 17505 
94197 25418 
49285 6029 
4259 47809 
59528 30489 
4077 75856 
1709 42254 
58237 1573 
37947 28917 
69521 66798 
64229 1473 
32986 52198 
5746 31569 
25325 83240 
58031 52158 
62290 41526 
11817 73265 
36766 97310 
30880 6084 
57978 59588 
61611 33252 
48346 73843 
40644 10897 
18683 84343 
32605 38935 
34691 17825 
73886 90108 
8136 38477 
20328 45354 
94619 70316 
96779 43396 
56511 82370 
24739 15778 
54401 84518 
60626 45103 
63347 87414 
11698 53837 
71210 38607 
9233 3831 
5546 58779 
9314 62544 
52803 66982 
60414 71005 
78976 1802 
23922 30633 
34422 16576 
58891 11324 
27184 51122 
85467 71581 
78954 59848 
22846 72957 
35746 6706 
57046 65719 
91342 21128 
31401 20405 
95762 45908 
68393 80805 
63293 97926 
25291 17902 
65010 5694 
58048 71472 
89266 83863 
17981 76242 
80283 54190 
34002 82925 
19775 24862 
39518 946 
99414 95674 
87564 9281 
43024 65233 
60363 4628 
76517 78170 
20218 81948 
10879 65305 
67469 71482 
98946 97765 
68254 88428 
50196 97227 
89890 86748 
39502 18818 
34910 46936 
25527 50600 
96163 69084 
2386 54169 
64814 87230 
44211 4563 
10742 68698 
66434 74512 
20479 13035 
19874 47984 
21752 19162 
54134 41067 
45621 46456 
35343 54396 
77311 55776 
79944 80683 
25069 79773 
71003 43308 
92713 38386 
56438 47529 
76022 85000 
89597 84548 
15709 41540 
61770 40489 
30432 56615 
93503 27268 
22176 99875 
97008 70437 
93267 87825 
95483 60247 
39422 21627 
86816 96492 
86426 5790 
68941 35154 
19400 8150 
2025 75428 
13075 16168 
68684 9383 
9103 42341 
7603 93359 
2155 32385 
38222 90120 
90386 33856 
64532 73848 
17849 90020 
44608 86282 
86507 34008 
39114 81578 
43751 71696 
6841 99956 
57630 58245 
98226 65725 
76526 92860 
8843 13994 
32565 79089 
94024 12182 
88798 23855 
13030 57391 
49018 77429 
66634 98756 
46069 48662 
15490 55097 
99596 65067 
18323 72500 
87392 85714 
8784 93900 
5861 16395 
37683 93309 
4601 21164 
43390 61017 
67667 72099 
77331 12916 
79843 30002 
3791 37036 
60073 2788 
13655 83444 
66178 85409 
40248 49860 
75085 45426 
42101 14642 
21024 81742 
22244 21268 
30485 50462 
86542 23947 
27202 21539 
4641 62766 
93037 2558 
26217 48517 
61351 41935 
22546 2341 
88303 2788 
68783 13376 
94479 80872 
55916 48776 
94367 25217 
22975 74807 
34410 8512 
29907 25154 
41706 85737 
49397 83133 
44909 74225 
41986 28209 
66492 86054 
92964 34035 
1222 44551 
31829 95143 
89583 20724 
25502 2538 
66829 32523 
35007 84567 
18464 60119 
52029 78815 
1150 43754 
86487 3194 
94415 47218 
59229 49934 
32984 89654 
64955 34939 
32165 71113 
9632 96712 
59445 43198 
93989 54055 
24293 5120 
10026 99792 
55148 37606 
41082 28940 
7652 22390 
7599 74105 
1435 33349 
80542 48282 
14077 26901 
92348 75841 
70378 3859 
11279 26147 
52634 62735 
9255 51080 
23352 15336 
45498 67684 
95698 89514 
8746 20216 
8918 1047 
9313 2063 
66094 36904 
88960 17327 
69803 55498 
21293 14297 
47600 76062 
8336 28612 
93732 98885 
39964 32593 
66051 70927 
72026 99059 
67876 87193 
96277 52862 
13324 97241 
20669 1462 
21688 68361 
52052 7035 
11464 42186 
75024 86944 
67892 9874 
50435 6826 
39224 22542 
14985 61124 
76380 48198 
49352 19583 
68272 84242 
96492 55054 
40798 35429 
54002 57859 
81340 71221 
34859 85092 
22582 83569 
89398 89358 
69580 76447 
8023 20827 
82195 31788 
78959 98882 
31392 13034 
58242 5215 
32357 87097 
20187 58937 
19983 68308 
95748 96051 
73010 13795 
73431 90613 
11934 28741 
32881 22935 
92796 72101 
4761 21413 
94031 88621 
2208 78855 
46811 31346 
48965 71631 
90632 80368 
37148 90540 
45400 8124 
83687 25963 
78833 89370 
18621 36720 
13758 4792 
30711 71950 
63695 41243 
16239 8431 
7106 48712 
25428 11931 
10806 74395 
77535 30508 
91201 57610 
20479 80114 
58437 35793 
43781 88410 
22951 81471 
14603 21431 
56559 62820 
95871 29505 
90907 96333 
22701 13804 
4988 39108 
58818 32977 
374 50385 
28135 40464 
87923 37250 
18360 67473 
12942 87758 
83271 43966 
27141 86268 
28196 80646 
75165 395 
49293 18547 
1118 26735 
11372 89728 
96185 83403 
91286 22446 
2338 41441 
84329 67277 
59048 94251 
69625 16861 
30060 74493 
57128 41231 
75482 41245 
93669 63147 
40801 76741 
88368 53423 
18909 51625 
28781 34919 
3813 40410 
98312 45685 
95445 94715 
72692 26700 
33803 10855 
68746 67690 
37664 60491 
42222 65738 
98178 88293 
83067 25664 
30889 18962 
36378 58653 
21074 57437 
85131 16120 
6768 10771 
66829 29538 
31425 7897 
60381 13742 
63912 44379 
71804 31169 
27357 33260 
67750 7577 
358 248 
54393 35951 
54159 21716 
75875 4649 
67612 67398 
11293 38249 
18097 76144 
82123 45165 
81051 62738 
43002 24746 
83340 26536 
17962 98434 
46445 8552 
61485 94460 
24270 22643 
69170 33646 
87363 68539 
36315 35070 
30427 19759 
64416 84652 
83228 67797 
45319 87187 
86363 95498 
10723 52885 
52791 47134 
20731 53208 
73677 60490 
79321 17561 
42781 27106 
6886 32399 
67481 50858 
70421 47304 
6514 82166 
70443 88850 
24578 15387 
10411 32334 
82203 50321 
29186 83928 
85605 35265 
59996 81354 
5752 28679 
90386 29887 
38420 39284 
36803 52290 
17798 30283 
14767 46263 
14984 2407 
80952 11003 
49754 2622 
47075 25706 
19014 40569 
17124 37140 
98637 33210 
79264 40867 
6671 39630 
91634 21238 
25432 92618 
37335 49016 
67545 81339 
88020 22247 
36762 90358 
7815 75997 
78201 54228 
49683 79586 
34636 44004 
44918 86181 
25567 62310 
63063 98902 
44028 86938 
24382 70053 
22404 69481 
79894 55645 
53066 65128 
35015 6070 
62146 42503 
82043 85618 
25587 98300 
23954 78435 
85365 80479 
17447 56636 
70828 5923 
36657 57425 
55130 43688 
60660 40436 
80017 23381 
17643 73916 
63521 19693 
76544 28970 
64630 58732 
63000 44741 
16571 89593 
90593 64247 
56083 65428 
40668 30531 
69898 82324 
94429 75826 
51617 31414 
19517 32664 
12284 29888 
39972 45136 
16148 9970 
73238 60984 
19491 61413 
801 40748 
74848 42704 
50062 28906 
25545 98923 
4233 93732 
56215 50075 
24314 57570 
83786 42717 
62615 7261 
70412 89846 
70836 95671 
14930 59240 
57367 19579 
32619 8854 
28269 86609 
64416 9349 
54276 64494 
66190 38485 
42240 39603 
16299 79845 
53560 98523 
45353 9246 
4439 86402 
35964 6187 
3225 88830 
62248 84832 
28623 30243 
38915 99251 
29219 81114 
28037 41060 
29558 18692 
7907 14049 
60910 91559 
42881 40088 
95909 97005 
5704 23282 
55395 92020 
94528 75281 
73095 23656 
55693 83626 
49158 82555 
70291 87139 
97131 54669 
87662 7643 
90595 70465 
92171 75653 
45468 28398 
70967 79192 
31922 99970 
9905 59511 
95842 7388 
82393 75260 
83977 1671 
11686 57512 
9160 58968 
80935 82070 
62434 55934 
37340 92599 
77423 81208 
86799 18383 
78949 89329 
3706 43897 
2718 5888 
86866 3870 
55743 48283 
77003 97148 
98279 35109 
13897 35450 
67149 19070 
51941 68923 
27648 93201 
71737 59487 
36636 88291 
22334 5018 
22932 557 
3790 52725 
42816 62970 
52998 78415 
48198 1034 
27021 49872 
12964 94427 
87686 37196 
98994 99574 
78768 80697 
7556 75052 
52829 77814 
54031 91670 
48608 4560 
24347 2124 
41852 44088 
20037 91325 
92558 55242 
75498 27820 
89827 77345 
35790 89147 
51875 33972 
16275 39557 
73229 68067 
26358 97214 
23710 13557 
28833 39794 
94561 84456 
23553 62361 
55895 41476 
89597 19452 
36620 78295 
93622 54507 
63121 54858 
73758 44075 
96151 93509 
38180 61695 
86778 45215 
75405 96894 
31683 27799 
59410 48456 
45709 35835 
46796 47912 
85282 22756 
5546 59156 
50167 59707 
85301 43164 
63014 82829 
37645 72955 
76217 50889 
21514 33294 
83861 48563 
83673 42031 
22862 87198 
87064 85579 
31875 74465 
70919 69696 
99162 47116 
65634 48555 
71317 86914 
52745 10057 
13592 68796 
55701 63364 
9562 22498 
70703 95852 
62931 24074 
98526 40993 
17533 72166 
18016 26110 
42924 45357 
49888 49519 
42413 81581 
95454 70270 
28003 68301 
99101 80508 
72430 83084 
75610 70405 
92314 78145 
63808 88721 
38453 59633 
16603 48183 
69329 72612 
14088 24249 
62182 66132 
91209 48216 
72301 79254 
4374 1231 
85688 58522 
22448 74432 
22835 90146 
16707 72287 
42077 6035 
41636 1107 
59834 1797 
43844 2816 
52033 87002 
9922 65210 
26083 73196 
65724 64292 
56017 93599 
69323 71684 
54751 39860 
97826 90695 
16881 95926 
14266 68319 
3058 46791 
14910 67236 
52660 40809 
99673 71855 
5388 88223 
78680 45490 
84317 85717 
26579 51943 
43103 67051 
22874 4105 
8198 93181 
71315 4619 
53333 11841 
74296 99201 
27966 36109 
49270 71931 
23996 14301 
13305 73627 
5781 89385 
29242 89351 
47325 75104 
2282 19190 
17488 8149 
39396 67611 
29162 70963 
35588 11020 
21582 18134 
30848 40623 
76284 80843 
89524 58191 
76711 68471 
89887 36098 
9030 34197 
75820 39754 
67494 22335 
14850 50526 
71490 69121 
27151 20319 
23403 85831 
98670 35139 
36528 13322 
68216 64321 
40483 511 
83104 24516 
27899 25777 
50880 93113 
40686 49909 
75674 64456 
6723 61993 
56902 54034 
28562 55485 
45309 20769 
94598 50738 
96761 95581 
30094 62375 
37735 75618 
30593 95151 
58102 67833 
23425 40328 
76602 43059 
84407 36104 
82305 92267 
96264 50226 
41384 60418 
72950 40731 
72712 70105 
89708 51578 
38048 37144 
52614 3986 
63006 23332 
13276 51380 
3531 67776 
84498 76144 
99272 87527 
40896 19720 
10014 40675 
94855 54121 
14254 650 
22627 22542 
60035 99148 
78029 99516 
97316 56919 
71871 46932 
88436 36615 
14135 71248 
88636 19924 
12850 19337 
12169 32455 
98767 85700 
51128 14115 
98100 42101 
93980 60175 
6984 42246 
98634 38808 
30769 98703 
10973 24532 
38846 77050 
83876 73846 
51460 3099 
44090 9268 
18764 33046 
74703 71056 
74402 93550 
29498 42080 
45933 58961 
72140 50646 
82711 96327 
37927 8476 
18107 75301 
48751 46678 
17498 9691 
72942 71152 
75988 70172 
10839 70765 
20604 83527 
4199 76535 
40495 12826 
12999 88119 
15715 95034 
76673 55134 
40169 97842 
78533 25106 
37629 45855 
61884 47330 
50989 57802 
4245 52443 
44443 31037 
42147 11259 
95870 7384 
53133 13169 
72411 55221 
43838 94415 
76086 6743 
63500 89546 
18265 96435 
60716 75627 
31912 57070 
27984 28017 
58735 42901 
33300 9039 
54728 66237 
21036 66373 
42057 53228 
75323 26743 
97862 47397 
78355 32256 
11222 15401 
63282 81697 
58441 38444 
56805 7158 
43732 4935 
30091 37573 
27499 55220 
28309 75030 
17640 67602 
28856 37185 
30628 16360 
86263 99675 
38621 77117 
57800 6110 
6422 2656 
67965 31 
87859 43161 
62325 73183 
94988 38855 
21578 17510 
75498 70161 
55260 14462 
33791 10746 
71156 94526 
9442 92179 
21287 52346 
83086 55467 
58228 8343 
14245 34335 
96568 66451 
28221 87885 
63473 29400 
59884 76135 
39594 97911 
31059 50967 
36993 98245 
85155 17101 
34260 53730 
27802 3019 
90699 40213 
25481 70091 
91194 42825 
95464 79688 
31334 62001 
79877 32702 
38349 415 
34274 93612 
37636 99272 
76852 12151 
16870 82378 
38268 59620 
10168 9434 
24006 4009 
23262 36232 
51331 58363 
47324 28724 
51091 50199 
63864 80367 
30972 76269 
26028 37755 
81303 26634 
12656 48183 
67071 84712 
90645 4654 
90565 35893 
88399 78761 
27888 46287 
78615 99928 
39570 5315 
92139 60719 
30588 61088 
36325 2213 
88353 15927 
71084 60887 
58544 90859 
3743 39040 
28152 12556 
99865 94441 
72700 23940 
71319 31748 
90324 70562 
95212 18139 
89236 68863 
37674 38704 
17088 19541 
5036 53305 
20823 89525 
21594 15956 
3853 49419 
37956 70188 
3720 19793 
6840 39463 
47900 49310 
24279 90351 
57981 20463 
23296 58050 
63184 54537 
24440 88721 
53044 66445 
92960 71216 
46023 2203 
25930 1943 
75958 77063 
94312 50944 
1430 20702 
94718 74686 
24521 27377 
23547 51657 
64874 3566 
72193 525 
72593 3402 
56221 77448 
79211 43034 
33630 39061 
79843 89121 
37801 736 
11567 23728 
49203 15897 
43212 98184 
56639 51485 
19937 1845 
13558 37132 
12333 88176 
77901 21126 
4258 20234 
34966 74998 
16203 20357 
41945 50319 
1730 34763 
64 6288 
73342 52754 
55679 94710 
11144 52359 
55204 10214 
82732 79496 
30409 87800 
55987 6118 
70428 57334 
17782 54298 
44691 45090 
21091 17870 
77079 46196 
70596 60953 
35707 78626 
22583 23594 
95070 69322 
18804 18765 
47675 16099 
95912 62069 
90816 15196 
12222 35772 
90819 43620 
11714 52154 
31864 37884 
1613 47676 
89400 16338 
54278 9091 
29210 50917 
56802 5369 
22333 6018 
22383 75215 
83345 27102 
46426 98925 
84907 79728 
37272 65471 
75026 10878 
76571 30980 
25121 28782 
67523 53109 
66802 74873 
10571 77360 
33142 92071 
5589 45980 
6294 77297 
17226 97872 
87424 42922 
55766 28790 
47267 1806 
19721 85130 
85974 33636 
18365 71723 
29486 86491 
42483 64322 
16312 16833 
79844 30821 
83391 73621 
78278 81794 
42609 87753 
43664 90502 
50592 36785 
22778 45357 
13547 16650 
61644 23620 
36212 67074 
48891 4195 
19394 65424 
50582 69447 
34083 24944 
18105 81268 
51827 7621 
3888 54972 
90814 89394 
51114 96106 
45008 95955 
33018 9910 
99759 61115 
4998 40879 
1429 46488 
98464 50806 
40874 1231 
29211 97634 
31049 33598 
15064 34629 
7503 12290 
97654 9592 
57232 14894 
41398 7244 
86103 93130 
39094 44395 
68005 30208 
88046 97154 
79908 24279 
13191 12189 
16145 43797 
4457 29906 
92575 65510 
4407 26449 
96624 23921 
29207 63539 
12803 72204 
31052 20406 
54911 78902 
13405 70485 
65951 62163 
91747 57009 
4665 93843 
52022 16297 
23674 89502 
96550 95269 
58313 37112 
82892 10595 
87586 7272 
55031 909 
99049 30758 
38166 30632 
87968 25451 
18548 14195 
47761 3989 
57983 42866 
63535 95940 
98996 12839 
3394 73848 
1109 72919 
13288 81209 
11288 32866 
60281 22237 
12333 99328 
36443 88234 
11846 35344 
30943 63429 
31362 71466 
1485 74363 
30352 31854 
27882 21194 
52999 77040 
10330 56749 
17036 6596 
82882 59707 
73359 9531 
48636 82003 
52768 98029 
7324 37345 
81892 10998 
38263 37686 
94200 27922 
22050 77547 
83980 90609 
32909 12306 
51259 90719 
10269 75848 
63871 44304 
22923 35440 
19215 41103 
72039 87253 
22717 25983 
40328 54635 
12627 42644 
83829 63074 
51480 45597 
80058 30716 
73408 65438 
91684 31375 
23476 94545 
78424 58158 
50283 45609 
91502 40170 
16319 23759 
14832 42147 
71907 44574 
74944 7515 
98026 24875 
27768 88979 
60911 70968 
44494 47625 
37063 89876 
61056 91436 
61128 53100 
26173 67168 
21082 49593 
81414 15782 
75282 74854 
33440 50867 
94120 16471 
33322 22011 
35400 12906 
60782 80563 
47033 81969 
22213 74000 
53200 38166 
10511 56861 
20920 44002 
42014 21197 
22742 69312 
81293 17525 
8308 64808 
88030 58491 
72591 91334 
71910 71732 
61862 84627 
21221 95902 
89767 76957 
78783 94357 
45387 41594 
74847 94732 
62738 73842 
90764 49402 
86888 73226 
19534 51819 
15736 45459 
9716 36732 
18447 99899 
27754 38530 
31647 78515 
50400 81239 
12699 15702 
3736 26144 
85748 94835 
98170 8598 
50651 37063 
69839 54248 
37561 30580 
28017 76726 
80622 84535 
25383 23810 
53075 70694 
13450 57111 
53078 98133 
18963 21544 
54617 51481 
78748 85142 
41103 11612 
271 7235 
20631 69185 
73095 23570 
81297 36076 
42421 20632 
82629 57474 
70107 8263 
94851 28315 
50805 89589 
91586 21723 
21276 70373 
73572 44249 
99503 46051 
51033 42972 
16837 54072 
40618 2880 
61242 81571 
39125 89470 
32582 73991 
20718 11138 
21941 98955 
66951 98668 
66135 81495 
79624 25015 
95842 41709 
45335 17588 
91197 33956 
17591 47366 
82248 7915 
57415 14417 
83284 86138 
26616 87792 
29893 80169 
59246 99257 
95470 47860 
46225 34962 
99942 28241 
55715 16887 
87657 77055 
77571 16799 
43645 66081 
24005 99455 
37873 2380 
40599 48896 
35670 69817 
81902 91971 
89131 94519 
84046 96560 
29114 88387 
23191 88506 
10352 30306 
83057 882 
23217 3448 
67419 41972 
74875 18820 
84155 44216 
59796 20194 
96277 35395 
85065 83594 
82360 55449 
89406 95731 
73882 27548 
96538 20067 
40197 80479 
73256 36651 
73219 10849 
20517 72432 
83381 68266 
11886 22435 
55998 44420 
7829 99015 
32923 47850 
16620 36339 
78206 50177 
43076 20320 
58444 96748 
64820 10397 
18620 84858 
2475 68901 
62441 26093 
4948 16175 
52529 25882 
53892 85167 
30296 32919 
2454 57936 
17952 33915 
2589 28303 
5764 94989 
42505 49833 
46605 80042 
11194 96404 
76731 8539 
30577 83786 
56885 50442 
47410 75006 
80996 94347 
56914 19683 
31138 66444 
37985 58111 
66841 22503 
15881 54534 
24478 82862 
32446 10890 
68161 31280 
96214 52239 
77418 52498 
5129 68162 
78917 40498 
83200 40584 
29582 69707 
49003 87830 
36673 84754 
38788 7132 
56763 30906 
39822 3383 
49991 16936 
50649 50632 
78597 74927 
74104 44618 
29444 57391 
66206 69590 
9103 91101 
9461 20728 
7013 89142 
52646 94655 
47379 7960 
60799 84886 
53635 24551 
48932 96438 
30698 454 
30894 24468 
29670 93813 
828 25424 
97281 78569 
78868 46064 
28046 30669 
94949 65613 
31008 45239 
55074 49401 
94853 55742 
32864 8520 
85337 36444 
55914 9340 
37149 82863 
11251 79194 
8691 81375 
77092 10069 
52749 98807 
99142 70875 
18586 45574 
68841 640 
41756 91805 
28241 69948 
96753 44921 
21605 65996 
84595 29229 
37367 77825 
2538 43374 
35732 32621 
96337 9859 
37010 61394 
26828 72345 
53655 52947 
92052 41087 
85033 88683 
33778 34593 
58110 37685 
22971 16487 
89518 31376 
62607 80557 
64879 30187 
68230 94109 
79796 40818 
86715 69972 
63594 42006 
91938 914 
11651 29159 
52405 56707 
85106 93776 
357 13721 
97732 12261 
44464 59677 
98942 30569 
58954 92067 
79180 96036 
50867 7748 
69353 5858 
54079 63367 
79488 12819 
23879 71499 
23489 53229 
9051 85771 
6608 39453 
59814 19764 
10198 89986 
89406 39091 
94323 53705 
44717 63810 
52972 21785 
57084 19218 
98901 10651 
38236 77068 
25558 42447 
58302 36384 
92040 45691 
92949 3295 
3746 48071 
54897 42697 
16124 35814 
31416 91059 
71850 9613 
33904 39302 
92809 75766 
28210 17444 
87395 73053 
55112 38593 
948 50750 
69204 88852 
32540 81299 
21398 81842 
64877 12317 
85383 31811 
5726 36960 
81572 37648 
19069 89069 
83425 11664 
32093 50145 
522 31591 
40178 88825 
20340 42037 
96161 40411 
56415 82489 
62497 73892 
94428 72977 
25302 87009 
49715 45635 
17820 16072 
49804 70644 
77513 46571 
33797 88424 
65754 63062 
16782 26459 
12012 82373 
1906 48738 
5473 72867 
35363 58587 
46160 74316 
90248 51502 
84948 97884 
34105 93652 
27242 3772 
81947 83783 
48647 25290 
61627 41576 
72604 32419 
21674 53835 
89748 5372 
93037 1425 
56682 19233 
75677 84478 
97854 24447 
58516 61164 
48420 44744 
96999 16192 
18244 4011 
66356 79198 
27599 36730 
80641 20335 
63667 32744 
17696 60602 
33602 16462 
18442 47856 
44697 63040 
35229 65924 
25115 9658 
88435 63906 
9666 28672 
53151 15452 
54292 91281 
38445 43741 
10186 65250 
40606 76840 
83892 58319 
48702 30288 
33279 40114 
55902 48975 
907 49692 
83229 78788 
66136 23291 
53760 79985 
5197 57426 
64765 38893 
84507 56165 
92861 82277 
76648 98228 
33003 49612 
80748 99502 
15958 32484 
49363 39619 
70896 47489 
72544 67463 
99823 69230 
46409 99741 
8804 13422 
58309 79253 
97280 26591 
53634 65004 
41238 8494 
10290 85043 
18610 66146 
36067 94695 
15984 74210 
21397 47806 
24575 95508 
25414 6699 
80352 97550 
46749 87704 
28343 86228 
32174 63471 
94334 66196 
5982 20684 
28561 28961 
60889 2400 
45419 64354 
37317 47889 
20862 88781 
32029 79696 
24849 84546 
19406 77567 
60059 48546 
39055 21964 
50069 55757 
1972 86081 
70287 53188 
94145 4576 
43137 13354 
11264 49692 
25378 92838 
41126 1006 
99866 61127 
21337 3722 
46712 87655 
39107 72253 
9462 889 
7171 10777 
90828 62270 
45340 90507 
9418 29981 
20652 44634 
24049 22721 
50822 16178 
85436 32108 
55420 21458 
6388 73773 
47150 72450 
51139 11878 
91618 34972 
32009 39527 
28155 86490 
67343 48434 
36530 77239 
98498 75182 
54811 91454 
85646 68584 
2152 51676 
2220 82865 
36961 8425 
26111 64800 
85688 9961 
82009 69411 
10352 52441 
23799 8496 
44011 69453 
58491 8976 
12504 31729 
3921 33959 
78076 92786 
41259 98391 
85940 34308 
70380 93335 
68327 36264 
1215 18125 
62266 21090 
17456 8058 
27096 98697 
30299 36774 
5643 69618 
99415 67106 
59017 27333 
35911 21938 
19151 37591 
17792 47483 
45476 62509 
42255 45403 
42568 40305 
11132 57317 
94092 27671 
95907 95502 
95074 61167 
56931 26960 
19277 96405 
97833 34548 
41403 39397 
20567 98476 
44855 93111 
9166 64238 
84948 4091 
10970 88930 
44784 8975 
2963 86906 
16347 48754 
27803 27838 
62985 39862 
59250 75530 
71053 65467 
9917 94190 
78288 77786 
25585 90369 
74420 82819 
19852 3431 
5523 12584 
90427 5130 
77800 76740 
24140 19789 
48762 25451 
41572 30554 
14183 48388 
54183 94339 
47735 80964 
6914 48315 
26889 88222 
57467 54203 
83425 49230 
99803 93105 
49829 70396 
73882 93258 
33873 14824 
16267 45827 
42849 46636 
96914 39768 
96195 54129 
56361 25753 
10677 33713 
4461 1308 
15828 87736 
66907 94563 
58979 13673 
69064 12381 
89037 39535 
27892 10145 
66055 90962 
82296 35121 
29670 59151 
29790 93041 
73671 75567 
53083 88464 
16202 89346 
14080 93443 
25565 86350 
64723 6186 
60077 85048 
74211 71623 
7125 93679 
373 49196 
61348 15632 
39290 29681 
64755 45517 
71757 22468 
42661 7100 
87760 57514 
8463 46107 
10873 72014 
77562 5806 
63327 80890 
26162 81392 
9462 62282 
54180 70350 
90405 24516 
63220 10304 
15995 59369 
40268 23306 
11350 27994 
45760 66077 
24959 70444 
40642 19403 
92730 77555 
51238 36713 
18199 14762 
63023 11805 
72925 41463 
54798 18741 
43075 26678 
33297 23143 
48298 21972 
4943 63421 
37219 16030 
26211 52921 
20214 61740 
7015 59523 
34632 36297 
2524 77952 
50171 67576 
18015 21824 
12915 35914 
68620 27454 
95308 39426 
81266 79464 
66374 93142 
99608 39455 
21556 17468 
54450 83309 
14779 59877 
91914 30138 
16698 85235 
9520 76444 
82542 64793 
36400 32777 
50601 91626 
8011 96956 
8073 51202 
27994 87899 
54891 79718 
80261 7138 
68083 50039 
52882 91313 
19330 35260 
62067 68249 
26609 13340 
19251 31643 
27164 92741 
67273 4988 
43501 58622 
22609 74019 
76713 61926 
99829 28805 
2173 99542 
61706 71546 
61456 62742 
33819 14194 
41349 63238 
46047 11214 
5887 81416 
14975 47121 
589 19737 
61047 25868 
79406 85747 
62209 89710 
14363 73811 
81805 28900 
35505 62404 
72657 30337 
14420 94694 
51552 53281 
48526 64149 
58761 13271 
25238 84026 
65751 1598 
45239 79860 
70910 67006 
62311 7436 
27900 38711 
53523 65259 
84146 75418 
68036 40134 
68023 83697 
15409 97232 
52449 60893 
44975 1925 
39883 82696 
36748 39620 
59134 73558 
71247 82015 
37930 69322 
70769 33395 
16850 5777 
7821 79014 
99995 44262 
57801 49084 
95721 76022 
32480 6518 
86744 30716 
68418 64359 
83127 51281 
60212 39664 
53921 87310 
22268 54657 
3652 2147 
34802 3053 
58378 85133 
79863 9748 
52704 9704 
1381 25422 
63917 80524 
29594 14113 
22334 68379 
94713 11460 
37963 40260 
17218 54046 
22765 53880 
2969 6169 
55073 790 
90112 39364 
28138 50376 
91764 52136 
48307 68138 
53539 52602 
8 56046 
98219 65136 
74473 90136 
61196 63608 
67091 11144 
29815 78432 
84254 57610 
87313 72405 
64781 17729 
27802 31179 
13247 16178 
52566 68232 
62963 45178 
79933 1315 
34920 95279 
1072 17628 
35614 40649 
92286 8326 
41505 86095 
50727 19487 
50741 88618 
54933 36293 
43837 24988 
64159 89930 
84135 88633 
61243 52583 
6172 64108 
12553 64926 
85492 45430 
65554 22608 
56973 35805 
29627 33526 
50384 90549 
89005 46012 
41706 42481 
78008 39609 
76622 79591 
8283 64698 
8647 28535 
75287 15031 
8512 34256 
87049 18072 
43712 16034 
52012 32071 
97522 23300 
34814 45912 
95342 10743 
38887 88055 
32876 1564 
3030 64225 
55440 10176 
5442 60059 
20601 51195 
53153 64510 
87395 70286 
97438 92575 
14519 94219 
56457 11805 
17183 12449 
45278 6033 
27722 70594 
10356 41909 
28591 77374 
40680 39070 
78041 893 
80999 83164 
28555 57590 
3889 62433 
46013 77747 
6912 53209 
73638 65136 
88686 27417 
48871 55199 
23442 6067 
73668 16109 
97459 36710 
59080 30104 
92772 29978 
13538 38704 
3610 50559 
20912 34716 
49283 21364 
59198 36382 
3552 66125 
43605 84601 
95007 85303 
38846 62818 
45572 32935 
74591 51028 
4964 37926 
15336 90258 
7819 92311 
81338 51957 
27117 11108 
90820 77936 
22685 53675 
95295 80787 
86746 84847 
9637 72183 
69847 45607 
96477 16992 
29973 97736 
50466 94872 
85228 4566 
42193 87785 
66227 10902 
23756 1843 
58150 89146 
68438 74959 
94406 25802 
15462 17942 
13947 32774 
17460 86039 
22497 81288 
43074 80318 
4292 72722 
70022 33887 
15432 80301 
14989 46623 
52511 18342 
85877 93900 
30933 21615 
9216 49748 
26159 46409 
80962 32947 
28120 36994 
12439 5738 
34099 36448 
94835 29173 
58642 59174 
85460 6529 
70375 83961 
26870 26828 
75100 71049 
46019 54147 
52130 54426 
44721 95249 
16533 11458 
85035 18007 
23842 65962 
93572 86134 
55712 37955 
57248 21956 
25135 13560 
59696 8262 
18040 71963 
12313 92700 
44441 72755 
66828 63786 
6792 76697 
57337 26247 
5771 45641 
8870 15251 
94481 43245 
66885 54030 
60861 37124 
47453 77457 
65106 85202 
81469 15316 
83969 74283 
27858 53346 
17056 67245 
60536 67574 
91570 6755 
91820 58004 
61420 18042 
80965 91428 
34232 51015 
90731 99965 
75491 2881 
97103 71828 
32930 66452 
27755 13927 
96208 56413 
3337 62097 
57064 76130 
82364 64030 
63316 903 
65231 62484 
66450 70121 
95829 61844 
47005 369 
10239 69865 
64548 54306 
21161 68193 
19789 26016 
94011 80232 
35185 32527 
66032 72973 
57401 33333 
83303 50613 
60060 34991 
82183 72084 
78459 76270 
21516 52066 
39265 30805 
79842 85638 
57673 8862 
67869 70377 
62122 87547 
70660 86570 
72367 49708 
26227 36117 
573 65744 
67685 33790 
67058 9686 
4604 90685 
22403 61171 
95895 29035 
45892 8293 
71343 19990 
46564 32836 
91786 41536 
27667 29011 
99009 12404 
87853 79572 
95561 69667 
23235 89083 
11989 22627 
63221 53090 
64405 33692 
20039 24084 
78826 48111 
56978 20420 
60385 18770 
83545 12691 
15311 49677 
67149 13607 
91473 12348 
10342 92028 
89323 72972 
80263 29557 
9224 5085 
92680 38993 
43463 52392 
46821 67932 
91611 49451 
79199 17939 
76477 4141 
54729 19974 
64535 95132 
41622 20116 
49485 40026 
22948 46158 
40541 45398 
82176 45252 
8049 58672 
62630 5554 
78227 3559 
41515 679 
36068 95758 
78007 24805 
90892 3653 
91890 18371 
82544 39949 
4297 19584 
57914 44517 
25358 15312 
27214 46132 
4895 6461 
17392 71370 
71772 47562 
76068 2630 
75114 68026 
43553 74046 
6333 33429 
2785 34004 
24735 59192 
37452 96040 
31464 46119 
77069 46106 
36644 67557 
84471 73474 
42772 1276 
45942 45013 
23812 65709 
57139 48151 
13860 89786 
58972 86480 
31886 18379 
66787 23833 
59766 31240 
53477 37565 
59660 32314 
92547 59861 
63781 48452 
40707 57054 
94683 61786 
41223 21296 
77419 88420 
59030 26330 
86283 7598 
16544 29687 
28302 40110 
85124 87338 
3259 72503 
1305 83625 
95733 24476 
19206 69259 
48517 60913 
80929 43217 
38708 57079 
85299 10573 
27907 35789 
61953 97628 
86146 8727 
12570 8112 
95536 70609 
63959 59824 
24098 14493 
88732 49770 
22813 59303 
88465 57650 
39697 6530 
1547 12505 
63498 72035 
93286 15410 
6625 71057 
9434 32262 
12019 69741 
25893 45057 
21846 54913 
7200 77474 
77324 15302 
94270 91156 
28385 72069 
77909 82772 
19529 44235 
78800 98754 
83919 85483 
46907 24547 
21632 82819 
13686 98291 
59932 64704 
79018 45004 
93557 26515 
91422 26709 
81210 44591 
84923 56345 
30797 16591 
68833 28877 
40447 35566 
27744 81736 
74913 77843 
78207 8497 
47710 60767 
45839 14680 
48164 5281 
72015 22608 
99545 20507 
32839 3444 
59529 12708 
54755 38854 
77483 9423 
40923 92188 
4389 81039 
80425 99626 
10714 36709 
98366 75427 
5129 69289 
19141 62254 
62686 24819 
57361 47466 
64934 76098 
21418 9353 
26408 87034 
13134 53460 
32037 64684 
33633 48496 
38218 9289 
60379 73725 
96690 89133 
43174 45334 
44769 86636 
78013 97953 
68125 84897 
56803 59310 
83023 89747 
58268 70963 
3754 11392 
40746 76106 
57995 61844 
21154 16633 
87906 59605 
76019 55975 
28026 71441 
80284 71653 
82331 62579 
7509 42072 
32349 71303 
51092 85738 
95763 71678 
90337 97958 
20709 38989 
17454 69944 
44791 86520 
61992 68392 
69808 99393 
97735 99725 
3318 51469 
93782 82563 
96335 54666 
76261 4377 
62857 56579 
99 43899 
1352 71898 
91255 99498 
50947 5873 
9015 75598 
5800 3970 
95226 44121 
79940 40854 
22732 16018 
61890 43952 
28858 29147 
23433 32143 
21396 83062 
50141 38444 
74379 28723 
42610 77123 
88792 51711 
96838 10249 
79456 71208 
9756 66484 
63434 13835 
71671 65767 
67618 11368 
1210 7569 
43573 14428 
50323 87511 
76219 10433 
57027 17398 
99628 83402 
51764 37111 
87967 55666 
29608 23267 
72558 7086 
85037 19233 
47025 76079 
68566 33811 
61702 8573 
65274 81765 
75711 35942 
14096 68428 
30586 31048 
83731 52688 
32797 12713 
96112 57946 
84227 43238 
41599 39018 
79436 91052 
61420 54424 
96431 11134 
82347 38192 
43730 29530 
76184 12985 
90634 5117 
82386 37318 
99947 81707 
75962 33566 
2754 36633 
84790 646 
3414 78187 
60572 75474 
79619 43548 
85871 70688 
47090 1319 
56050 82649 
91453 68343 
9344 33336 
30843 9158 
90976 82508 
61941 98269 
27869 22411 
59448 90356 
59420 46274 
44408 61616 
16726 63998 
10311 56595 
67786 23678 
97600 99231 
49392 85982 
36946 4221 
87811 89920 
39607 55427 
69782 43157 
99210 1714 
62995 67782 
83423 57423 
921 33320 
36329 84636 
40707 12790 
82673 77455 
74821 4718 
23706 64691 
27262 74301 
41022 96705 
93310 80255 
79547 84552 
88209 70424 
63769 15176 
54596 48838 
12314 75075 
41109 39647 
55158 76668 
5331 99269 
25017 96566 
13064 57075 
89907 2981 
2918 97051 
17363 70717 
60263 28166 
12486 56502 
97865 29517 
51783 34864 
71817 97848 
42640 75300 
70912 69665 
74344 75214 
5134 37918 
90696 49882 
84729 34095 
6566 20664 
25118 608 
11144 35746 
34922 35425 
49160 3871 
44438 51212 
48038 20869 
10144 54594 
63703 21195 
87158 17656 
50695 92277 
96044 83435 
23259 48175 
22958 19916 
63248 70830 
82846 12903 
47975 92168 
44256 67163 
16533 8369 
61308 67357 
66656 88787 
83448 35527 
75854 66365 
16834 10287 
70333 73788 
92579 64379 
23119 20205 
56500 71866 
48855 87047 
32673 34008 
76880 58262 
28764 73729 
26503 90258 
45008 12599 
78781 69885 
20622 51371 
37653 5000 
1596 85389 
99937 41456 
41977 99534 
8494 2816 
57137 3900 
45752 4644 
31990 91009 
35834 3932 
49701 18138 
62703 6011 
47172 44202 
78986 66278 
22424 79643 
75595 92093 
15984 39897 
5765 71425 
63458 28293 
8802 29116 
69720 12568 
58616 39102 
86471 738 
70026 1469 
84423 66657 
31867 26924 
98928 23364 
63 58092 
93616 93201 
76151 96963 
30453 77677 
17121 904 
56595 87193 
70988 55825 
18510 50993 
9176 34423 
92073 91077 
31555 99846 
73684 10332 
52913 20712 
11917 14755 
40662 22075 
71827 62393 
62736 8795 
14758 7513 
21939 62657 
45323 87520 
98388 32685 
24240 82246 
95259 9286 
70755 60534 
84681 97156 
81663 17367 
80411 79343 
75223 96329 
21860 95413 
27798 86811 
40029 40372 
8591 83116 
90115 27788 
33627 93502 
77812 50536 
53919 91217 
76748 15612 
64789 6686 
33029 25690 
73358 70287 
79529 29396 
89485 28520 
37342 64707 
11757 72868 
64735 75470 
64608 40307 
24950 89709 
5260 67144 
83405 10213 
59873 3759 
12079 82835 
67162 26821 
74319 76014 
4706 17696 
86826 26186 
48268 10986 
7216 78119 
67658 55554 
75383 76596 
94052 71862 
44764 46482 
3107 34104 
75641 31860 
45851 53342 
26813 51780 
25022 88768 
74204 70065 
58386 68181 
5424 69721 
92548 55922 
87822 68664 
30850 66760 
84208 12796 
17178 87584 
95260 34932 
73856 35291 
40477 73597 
26276 48860 
50622 4448 
59486 86363 
33740 48870 
42729 73565 
94129 89238 
26721 29723 
29034 38415 
65472 78384 
1398 82225 
39516 36172 
88637 37991 
60672 60981 
37208 49624 
19777 32477 
10648 70364 
98324 32433 
4779 67923 
2522 90188 
17970 23631 
94033 59398 
6586 87093 
85471 96241 
26208 90971 
40737 16385 
57716 26660 
70349 18252 
43990 30959 
40153 73535 
17786 36293 
18156 2378 
84232 92576 
68687 70298 
32436 77531 
65677 66655 
89865 74073 
37608 50387 
416 8312 
75488 77677 
2537 9813 
32210 58418 
7278 76915 
16737 23531 
27801 4242 
39772 23612 
91695 56990 
98954 20868 
75314 57120 
1038 80949 
35419 80289 
6164 18999 
77555 49169 
45021 5184 
92884 48748 
3557 88908 
15583 82254 
91869 58085 
1496 32568 
13997 10080 
5343 93267 
33574 74314 
38594 85925 
86624 93024 
23045 85826 
27284 36317 
16118 36954 
4814 383 
73129 48951 
60983 13633 
28996 33645 
5771 54531 
27321 56849 
76304 66998 
98261 52301 
9009 44542 
88317 68946 
58251 42643 
74915 184 
75995 70410 
56584 74309 
26578 7175 
95562 69000 
48211 87437 
3824 49608 
88604 98432 
5816 20864 
35914 38650 
81581 24740 
38226 92693 
92503 13374 
54842 88166 
18547 75269 
10894 13657 
90681 95454 
33147 93364 
85043 85824 
29314 33552 
56478 30590 
35816 78791 
28222 53584 
99647 41790 
21779 29099 
78834 99658 
6489 26003 
42969 81542 
71763 96092 
30381 7845 
76669 91907 
71751 79632 
11322 26747 
21294 58281 
12422 70108 
46139 20138 
11362 5543 
12097 18611 
57437 64675 
69782 37090 
51014 91107 
88828 70025 
41909 81000 
9991 26659 
96758 93286 
84960 12153 
15824 21807 
51976 4222 
84491 74118 
51659 9901 
77558 7232 
21950 56699 
95542 29317 
23661 45133 
1308 88126 
38838 65547 
42653 31927 
53016 61080 
91882 46721 
79381 814 
6944 44779 
7989 12374 
20347 3788 
66389 11620 
91881 33393 
59355 58592 
19059 76443 
14905 63485 
85247 35970 
1377 64201 
39590 55732 
96060 97871 
45153 72102 
79723 92800 
2072 98135 
3364 14340 
51090 96862 
23583 8542 
89461 50142 
31223 716 
86041 31891 
4263 22633 
65252 50019 
421 61642 
40671 30142 
67513 47797 
18146 75930 
90361 20924 
55609 55903 
11857 48591 
62202 34538 
62802 98046 
42834 86765 
10190 473 
45966 9229 
86882 84259 
52192 69143 
96912 95506 
49119 12110 
179 68619 
74044 84023 
67856 57582 
70138 8904 
65575 89381 
94073 4554 
65287 55078 
33500 10898 
8696 11125 
41260 52131 
45222 23805 
69933 53078 
45696 53016 
95046 82616 
49357 38173 
48242 2590 
36131 18580 
42693 59327 
28849 93427 
62217 66675 
20713 2392 
2869 94448 
92223 86885 
1137 94205 
28699 74065 
56457 65488 
74681 11028 
57393 89978 
64672 64934 
50616 38438 
51058 96367 
49744 85902 
9501 7814 
67110 54263 
39712 66950 
65718 38203 
95218 5239 
70908 60377 
69596 96424 
51671 44817 
38608 26560 
80087 93721 
7791 77521 
4030 2086 
43249 59298 
23042 47119 
69759 42875 
40228 44907 
4789 65147 
74021 75512 
59578 51 
52847 39486 
79214 16000 
83007 23749 
12433 68679 
75486 22812 
98877 10416 
40955 82547 
36626 32588 
13872 8013 
46051 95892 
46397 4273 
77369 44825 
20720 99733 
18777 47347 
64448 35193 
49619 48447 
17876 88654 
48764 77207 
94205 45816 
12240 990 
94238 19327 
56116 77469 
85570 65984 
80737 15493 
32982 50431 
50643 19159 
71513 56343 
834 55965 
46611 51617 
14531 59541 
6782 72842 
30173 50205 
23332 6067 
26123 32503 
29077 5891 
381 7840 
13288 12915 
9598 22488 
83716 826 
56783 56493 
8150 8667 
20285 47361 
77791 91320 
98027 33958 
92599 51762 
405 618 
54840 2381 
62877 99283 
71191 39417 
64993 28311 
6053 4575 
36451 50638 
99153 50887 
2760 41088 
59015 26116 
73158 62875 
70585 36298 
1681 86742 
10018 54468 
58615 82658 
42626 95176 
34046 33647 
90942 84091 
57792 44058 
99067 13819 
60772 40483 
86735 91976 
21663 92507 
81939 55661 
39710 12640 
44497 47618 
49624 29994 
44603 23755 
47740 70683 
40187 89049 
29949 19401 
4826 39523 
51397 81279 
93967 21586 
5534 10867 
1402 6914 
85814 25969 
50209 20938 
37220 78066 
82791 56110 
26727 8180 
63162 47290 
61934 77301 
81322 85913 
65324 23865 
54309 2039 
67932 67287 
51461 48972 
20702 46164 
32429 83786 
34403 52537 
75663 48966 
49682 99474 
92368 25254 
7701 38219 
66326 43910 
38768 23323 
33550 17755 
11466 9384 
17354 74696 
88007 51430 
64235 54858 
12907 72467 
83866 63042 
21507 56356 
82536 51887 
92511 21926 
93529 47957 
84396 35116 
50220 22897 
89431 19934 
18078 54886 
10973 36167 
306 21776 
19848 2003 
58494 16670 
73824 53141 
44465 79088 
90533 46428 
22386 90453 
48669 35727 
71260 91335 
54910 70453 
97083 39685 
54695 93090 
51214 44241 
83869 41037 
46943 75363 
55164 90209 
89745 76726 
48591 13121 
88410 75642 
28029 62538 
93971 17197 
37659 33276 
21324 27970 
41353 99376 
44404 48801 
55725 71634 
20003 62865 
93286 71326 
87549 85279 
75980 69988 
12613 73509 
1354 2251 
90423 64064 
43713 18943 
2338 40258 
50844 11105 
23009 88261 
53212 2024 
8875 4252 
37044 74037 
59665 74149 
45279 69622 
33756 59225 
61098 82148 
15493 85851 
97618 30673 
78024 55686 
64247 95313 
58697 63806 
5373 74949 
65773 36600 
10219 17425 
64940 78689 
74068 63875 
52074 48701 
50545 43491 
4705 67413 
72221 52736 
18786 98600 
32539 53939 
79700 32864 
15902 32185 
86793 47798 
34745 56541 
49298 13997 
82497 1932 
98159 65783 
39583 1341 
13039 57943 
75935 14510 
46733 85309 
77980 18978 
40212 50768 
90659 51998 
60709 29035 
5745 57794 
62526 88516 
46599 23611 
65663 1637 
96450 20119 
70892 95182 
92406 97030 
81579 66556 
60596 23118 
82321 19261 
99230 1369 
32384 51504 
25805 34603 
67972 65502 
92287 64670 
71501 51880 
37839 59187 
58345 43517 
92497 73817 
51941 26228 
67170 75178 
66648 39885 
65447 69762 
94450 2895 
30904 47603 
96349 45381 
99961 15940 
32220 42000 
64805 67750 
23932 93987 
63513 2788 
35690 21888 
5182 94626 
72865 95314 
6789 76234 
45942 44185 
65418 98706 
19807 67075 
14622 3063 
70211 76603 
16898 33381 
99055 99264 
25600 11041 
18038 77642 
9101 84490 
96266 6659 
67589 66696 
81552 72313 
88628 73317 
47446 51310 
81451 78640 
88428 73049 
1923 13459 
84244 41641 
30215 39321 
81018 64910 
91458 46943 
91555 39813 
15969 43109 
177 99256 
20152 9991 
68443 33980 
51739 43585 
77293 65008 
83777 3822 
8414 57091 
60619 37949 
63052 31643 
96127 70871 
40040 58867 
99423 91411 
46432 83066 
56716 1837 
93967 62601 
29114 39480 
42463 86498 
35762 23930 
87295 63420 
79288 31022 
52252 65521 
36229 45718 
41380 49646 
78968 99993 
23799 71414 
17695 58963 
74043 53899 
50982 78729 
67112 71941 
91806 22835 
32223 65589 
92185 90679 
2149 1697 
24080 80900 
56079 61424 
86793 85490 
43083 43192 
1839 86261 
90556 35589 
25094 4311 
47424 32787 
53015 35254 
85436 36224 
24801 88228 
83507 10623 
25617 35092 
49892 39851 
77317 67704 
94856 58705 
62609 55825 
52547 20387 
66170 95922 
64950 96257 
31970 42043 
83068 94386 
29888 13930 
10898 26505 
96701 84674 
16305 49139 
66584 60455 
59544 54015 
34548 78301 
44990 85297 
2505 64307 
84513 16747 
42203 14365 
72010 30627 
71821 82236 
7719 1938 
83746 85652 
78278 6571 
79921 70150 
93848 39983 
68101 2467 
7205 54225 
47466 582 
91326 95434 
65264 45862 
31800 51393 
57486 64286 
98303 99264 
96079 8329 
95407 77354 
52768 18869 
57150 91543 
55310 97336 
42096 6974 
55817 72336 
5995 68654 
52798 2110 
77725 40817 
8637 14446 
40816 54206 
82446 49035 
27689 2889 
54618 33765 
66600 37767 
53812 96085 
82369 62649 
9778 83314 
41085 50566 
46072 41659 
46297 62942 
95635 82694 
39601 72314 
69116 48214 
32054 60482 
30971 69579 
94534 88266 
41548 6101 
64922 10534 
4756 38480 
87912 40675 
20348 87970 
89288 52430 
77490 29655 
641 43782 
41966 69160 
92840 77560 
83247 56062 
46906 56473 
59621 14443 
89552 86486 
29659 81249 
47245 31755 
86550 56525 
27478 66807 
18134 86068 
18822 87175 
80001 16699 
12379 48431 
31552 87100 
86406 65347 
25706 43020 
63182 17878 
61719 94694 
42572 78701 
7625 66417 
40309 98269 
73834 23490 
10652 57615 
72710 117 
12872 26631 
30244 93345 
88931 46058 
25459 32777 
55751 85168 
20741 83519 
79621 13893 
12035 90715 
92594 68128 
71687 28043 
31123 79976 
78695 69627 
25719 90920 
31202 65141 
47087 65194 
14321 61186 
18962 73104 
52710 78598 
40796 19574 
11791 24908 
24473 51917 
24097 93976 
38381 92627 
7983 80681 
69481 7951 
14737 17550 
59387 41032 
87151 22344 
44041 9644 
37667 30876 
28203 92833 
57463 77707 
55775 8216 
49175 78868 
94876 12279 
35445 65404 
42636 39685 
33050 14268 
68820 34430 
98119 23969 
59694 15617 
41783 86425 
93937 63704 
87572 13525 
80966 9242 
91968 87247 
18664 55475 
77757 15477 
82317 68574 
36172 92231 
39470 24877 
38258 80599 
96425 13181 
58549 59457 
21306 51951 
54805 913 
55847 96251 
66450 74436 
23532 77282 
91301 5731 
65187 38578 
75298 53712 
84837 7254 
3122 7276 
68392 66123 
9007 45092 
45658 73075 
36455 46256 
2182 7792 
63193 87406 
11628 12709 
73452 12781 
51639 35051 
3446 17691 
86562 69851 
7949 43029 
48963 50051 
95941 38673 
28485 29095 
61522 17029 
81418 53872 
92640 84460 
7245 31427 
74655 7975 
99472 51551 
18357 47317 
67195 39187 
32770 58442 
41161 75514 
31947 53425 
23482 44644 
11894 83908 
13684 34073 
58896 511 
45457 41315 
53726 28964 
98243 16613 
17557 95240 
5702 2181 
4876 26611 
69152 12115 
86321 53259 
98218 33933 
80025 36024 
43222 22658 
83974 49784 
54262 1388 
33793 59187 
439 78538 
60509 33623 
9378 41216 
51062 61772 
41962 86644 
20655 42518 
106 9129 
90538 48674 
76437 68733 
27403 82713 
93909 29655 
41292 69573 
50657 71244 
57771 60613 
80822 42650 
77079 54924 
65583 53296 
