92436 29438 
22980 43901 
5725 42505 
61063 14958 
5575 97622 
10485 25844 
90763 83763 
18400 7968 
1952 43805 
66380 4285 
68014 92272 
81680 57031 
44241 20060 
51627 15710 
6738 6414 
51940 96572 
92362 43668 
1484 49165 
76835 68652 
85691 62971 
64973 86176 
48853 77688 
26453 64608 
41467 44446 
48148 81350 
23029 22029 
89782 96863 
62904 82140 
23480 39920 
52362 40789 
9801 93876 
39360 29098 
12903 84015 
24343 66124 
85732 79402 
10100 98734 
62474 39168 
81638 29150 
79971 52807 
3057 59457 
12402 46786 
57580 44194 
44271 55671 
24178 57083 
25566 84978 
79630 46025 
49932 25059 
38393 71674 
71818 10627 
94341 99220 
31758 58867 
8186 40458 
90300 60602 
92316 23784 
80572 43621 
80828 3443 
77077 74995 
36692 6184 
44022 20128 
40246 53402 
70327 30274 
23666 89931 
20470 87358 
64569 96834 
30358 95252 
28564 64844 
55712 69962 
55366 57571 
36728 47750 
15990 99145 
77309 99806 
29574 79648 
49723 14850 
17549 83526 
26280 86921 
90151 11094 
8463 24630 
5679 81322 
70933 80244 
16458 75278 
62900 82273 
17089 3933 
12603 43561 
40392 61445 
61975 8431 
4336 55643 
18041 97025 
99281 91095 
45199 2752 
19046 16966 
38253 99651 
81559 41833 
9924 20437 
55297 60660 
98522 73174 
6233 35343 
51570 74742 
6677 19566 
69401 92658 
2171 21111 
99070 3303 
15543 50386 
53433 94255 
78202 12556 
92805 61166 
17983 62566 
47364 75494 
71 57193 
77290 28437 
13004 6409 
64618 88500 
15241 47481 
5876 45420 
9464 39564 
27795 51528 
91578 3991 
79739 13141 
29253 16026 
65963 29204 
60918 87528 
68415 22154 
70255 66805 
76507 56864 
83541 21869 
84151 97514 
57588 66377 
36296 9384 
74565 33726 
7336 72806 
36654 4086 
71945 39886 
58275 41610 
85279 31129 
86506 4613 
23925 38712 
41406 50202 
51598 75912 
57046 66672 
64296 88067 
21392 31901 
38482 19471 
58574 14065 
52821 12702 
70592 2170 
79105 2175 
57208 78229 
41236 52047 
62524 20329 
22441 80140 
54677 56437 
60432 4170 
31107 72438 
7753 44305 
56016 14769 
50323 16968 
78932 17899 
71027 58821 
53672 30013 
17154 26958 
75581 6433 
80608 31615 
81535 89621 
28030 71087 
12008 97061 
24305 55023 
17420 93877 
77421 21923 
1988 35736 
95236 79399 
37499 29404 
85412 21645 
46670 73261 
48674 7573 
51216 8152 
12458 15193 
3229 30139 
27163 23058 
70187 91024 
424 8004 
23644 39996 
76161 89890 
89608 40252 
74657 98686 
54615 28211 
97487 87003 
85686 69689 
66871 62053 
14636 7398 
12837 65012 
57605 87150 
43602 82896 
89234 96386 
34617 38318 
67546 47929 
50001 65876 
10400 94322 
66390 50398 
57277 63663 
3735 71947 
11213 66562 
80165 75196 
44825 35643 
98745 56685 
71691 23958 
42830 42488 
29746 6754 
3659 10911 
96866 2219 
88969 127 
60521 51153 
64586 29022 
93112 72952 
62338 51036 
42565 45845 
47086 55387 
33737 43049 
73267 27868 
90404 93282 
77075 84227 
29850 24047 
44252 93200 
52493 89147 
65419 13353 
47531 78105 
41001 78166 
62231 54438 
25995 77164 
37302 72240 
11199 97408 
93654 76012 
21982 9280 
66935 97462 
78267 3253 
25351 24723 
146 10224 
73594 34450 
62362 66981 
41092 45290 
97885 20513 
76336 72401 
25907 105 
20706 37048 
32795 24583 
14989 12709 
65893 53524 
99711 69709 
9535 35911 
6417 14097 
238 57465 
1218 3277 
3744 38736 
34187 60858 
20459 90085 
68616 6269 
7782 86769 
12659 60833 
7923 87635 
52570 91368 
48056 84284 
91512 4772 
35942 34077 
30831 12652 
8707 99982 
91720 43725 
4985 93031 
64377 93550 
21409 89001 
88996 66088 
83262 69967 
18416 79646 
6057 23498 
85714 80962 
49955 17505 
1741 35498 
72102 57154 
37343 39455 
63354 21733 
2975 29585 
15309 74021 
24376 50567 
1170 32430 
27209 76539 
69690 97094 
85801 73303 
45284 25077 
61552 30805 
99387 56986 
55117 91662 
8205 7555 
23112 50857 
40269 46118 
64903 4119 
23498 9417 
67917 78118 
26008 8798 
10974 84266 
47447 16623 
64297 99730 
58397 42586 
92118 94242 
44220 39635 
59243 89299 
6680 11337 
66449 57589 
51807 27754 
91252 44773 
45656 95309 
90380 23181 
50984 67595 
28179 67584 
67329 28729 
31233 76860 
84582 28594 
33617 52196 
25857 206 
69512 82435 
99316 43425 
90304 80198 
579 16382 
31831 58656 
7447 36232 
34092 38087 
86881 54218 
20543 23840 
90542 36562 
76979 2880 
49660 52289 
31064 64756 
92592 41880 
22728 64695 
99166 16499 
72912 11429 
74754 16572 
3587 80438 
73968 40593 
35480 24504 
28999 40318 
91617 77747 
40832 66861 
64563 26800 
72902 43724 
63165 53316 
46256 37423 
40637 35697 
72865 94109 
19966 34765 
79445 11491 
74931 78012 
68032 19336 
95424 169 
31474 48989 
64286 93977 
92152 82574 
99561 74407 
60425 85934 
70823 61987 
15669 45886 
81163 46465 
97242 51952 
17447 744 
55295 85535 
10632 76824 
52092 5341 
15181 30433 
23335 46889 
12069 89097 
5971 86049 
63368 99590 
14036 51828 
98093 65026 
97354 11979 
88742 9279 
49209 96536 
85914 87009 
38618 68990 
14383 91239 
30408 2572 
98186 97270 
22036 70010 
74587 21628 
69925 9105 
77138 67840 
85 83621 
16649 77008 
97855 19214 
65511 462 
49847 57538 
55583 64223 
67519 38131 
32820 585 
56260 87348 
72791 80785 
6492 66331 
50440 94573 
73992 5914 
74708 87436 
85508 35345 
44050 84270 
52696 93831 
52418 99515 
2512 99203 
76935 58073 
35420 36318 
8276 28761 
4114 19380 
42679 2638 
64930 76945 
40544 32213 
91725 6151 
70744 84377 
57716 43590 
2049 49831 
84625 4239 
73470 94863 
30445 46998 
73895 37485 
37243 35640 
87997 79312 
88631 77348 
20233 26950 
32902 37531 
91632 92262 
12274 49223 
15104 69561 
1305 58142 
94183 49595 
98255 70351 
57379 45138 
32021 98474 
35751 71044 
44236 34536 
14802 42857 
81240 12777 
43530 32329 
83831 64142 
63161 45689 
94061 5657 
26103 71052 
7827 52551 
11594 75039 
89577 88710 
8763 15510 
31205 81950 
30051 77255 
81028 84579 
38371 30540 
90737 16872 
19928 58610 
28285 91314 
11263 99562 
82922 98857 
93883 435 
44923 44939 
2737 86951 
77020 92639 
55857 11010 
7165 43102 
1609 49870 
62961 59237 
97311 95882 
36946 17708 
78379 93721 
18891 56351 
50691 53231 
56375 69425 
40513 90342 
8109 91452 
66151 25932 
35849 1951 
53347 3094 
40180 77947 
2531 66954 
83098 18933 
30150 87984 
55976 69822 
48620 99738 
45418 71428 
19837 64953 
21413 75151 
15710 80189 
22353 68801 
45871 78485 
39654 73852 
67464 91930 
11108 90948 
74852 91663 
16539 90094 
78109 31447 
31941 64727 
18314 82824 
39010 94734 
34971 64784 
5810 92502 
96256 38942 
51298 38187 
26370 62411 
81537 45683 
15900 64891 
38629 39106 
80885 43910 
34760 61148 
44217 52728 
53230 79271 
49006 89133 
85922 3448 
77720 80121 
42387 80081 
43200 97451 
9591 80675 
38042 32084 
63323 61026 
77387 1748 
32349 26894 
46820 65146 
94672 5545 
71855 68804 
41528 89020 
58399 58098 
79299 84649 
14630 42694 
52062 81040 
53866 18462 
58245 13710 
95308 12854 
3713 93461 
24936 38813 
80551 42795 
52374 13456 
85942 70879 
1206 22112 
98739 5946 
12 85720 
12684 95567 
99285 20166 
84705 79789 
25443 59823 
94304 39957 
97323 54385 
25797 26867 
72774 38023 
78986 75922 
63456 12946 
85837 24093 
54409 85661 
60830 53735 
91674 43530 
40859 1691 
56007 61664 
76924 88610 
23632 85761 
24323 43053 
26031 45199 
40642 17701 
59926 12484 
41578 20860 
65874 40120 
83459 15462 
89338 74032 
38329 69898 
61602 63837 
2519 80253 
89575 64618 
32887 21927 
23319 52260 
36245 30078 
78014 54991 
46950 53014 
23169 37459 
15249 70355 
15965 60499 
94701 18712 
47993 79665 
60801 21605 
94976 38701 
14975 77479 
7659 60275 
28132 19946 
58687 35665 
56260 27722 
65070 67478 
16831 28288 
38759 25092 
49308 8867 
78886 31167 
95608 21123 
8378 9417 
27113 41832 
74948 88757 
13677 30783 
81865 77010 
77021 9310 
87451 88559 
96041 68087 
13904 34631 
34747 1235 
35848 62352 
44923 55234 
76890 59280 
55049 75837 
28534 23793 
94636 33858 
19938 38572 
18847 11663 
9299 74296 
92128 36122 
38045 93791 
61525 50970 
87577 23035 
495 31747 
4928 4745 
32207 59865 
18515 52706 
47706 88870 
48069 80590 
18757 55591 
23854 87681 
67819 11605 
69451 45738 
98275 76353 
69665 46208 
6948 42224 
40534 34999 
97850 94066 
41936 83288 
91248 40826 
24964 17102 
75341 95418 
86030 55872 
79181 80393 
7537 90734 
54954 81647 
1041 67021 
45338 20128 
32941 22229 
77365 62407 
5048 70665 
68068 44956 
82781 19059 
49174 44131 
12286 43610 
18189 84089 
44406 58260 
1446 38267 
88261 56419 
71050 46535 
50056 13939 
92101 39786 
73811 99826 
89199 36453 
89846 52997 
11932 51353 
94139 48311 
47929 36234 
27098 93215 
78996 53544 
93816 67476 
971 70204 
69531 42839 
31168 46508 
63804 96869 
8590 86842 
74849 65800 
51606 13460 
51468 64903 
75358 22398 
94207 41728 
86892 81399 
69641 17481 
69865 33804 
82104 14877 
42631 79435 
45713 67015 
23640 13772 
26193 51117 
66259 20125 
76799 93427 
31535 25959 
75544 47128 
51823 54203 
81970 53821 
855 23108 
70860 60943 
26519 74092 
67584 82426 
21479 36035 
5169 57967 
3726 66593 
46722 87484 
54260 46368 
68508 91629 
12326 40147 
78745 76696 
59953 80921 
55112 62795 
37061 77042 
19993 67891 
15940 90595 
36627 27091 
29694 85982 
1642 66534 
93024 1697 
29853 44269 
75751 55384 
75719 16739 
89550 52573 
12552 88765 
26590 32808 
95318 57405 
45128 53432 
65813 65584 
31584 80905 
20005 40134 
81205 32266 
46509 651 
30166 85281 
62447 90555 
40782 54750 
18348 99776 
88515 14654 
17276 19709 
24506 31008 
95048 95367 
90637 58709 
38187 17130 
45432 47154 
74131 25035 
18616 94033 
54321 82255 
49708 84467 
64875 11226 
81796 53519 
41909 75821 
75441 14127 
38920 36037 
79660 99641 
92223 97869 
47031 80372 
57061 30325 
8171 26980 
41830 24015 
27215 9989 
50723 21291 
44347 44390 
56180 56616 
74105 11009 
61656 7645 
68821 12210 
82528 72470 
75475 48522 
68349 56504 
11172 34887 
13220 73709 
57566 10476 
52685 41177 
27773 34433 
25350 73499 
90671 1367 
85353 63953 
46934 55074 
87805 73206 
38779 26709 
33535 33055 
41102 74509 
51714 12671 
25525 56173 
19370 87883 
10882 22146 
65322 214 
13718 78276 
82737 91706 
90648 29729 
79294 54033 
20728 84529 
26839 35918 
10506 64724 
33472 11619 
16969 45925 
50136 25023 
74377 21873 
41103 88840 
79772 69647 
93119 36479 
38967 73296 
11543 95328 
99890 48912 
53451 74539 
3382 2536 
77465 37808 
62920 43816 
47993 62232 
44168 72932 
17576 68022 
52897 56086 
25222 40633 
55521 5720 
90872 56871 
50323 85625 
56567 69542 
79461 68248 
23424 1432 
21906 81741 
60162 48740 
35700 97689 
13741 96473 
24270 26948 
35558 3940 
86005 10655 
47697 27128 
68899 16235 
12880 6582 
92794 74092 
39055 64353 
20586 19691 
44968 21618 
56752 37856 
36601 69817 
26645 41373 
96007 2414 
43212 54350 
63894 41862 
99165 12314 
5157 76926 
32086 35623 
82666 59171 
97552 80557 
28713 94280 
51097 23311 
95862 3792 
83648 86110 
89298 25895 
77090 71827 
31367 70154 
46667 33704 
85608 40299 
15173 70168 
72401 91713 
20238 1255 
41230 95769 
90467 52748 
25632 41878 
38806 46920 
96037 19946 
12226 74643 
42994 90839 
5657 2621 
68695 70553 
95089 51634 
38244 24967 
69841 66953 
43768 96368 
47234 90439 
64264 60394 
34246 35352 
61973 42584 
60197 59538 
42130 7440 
42109 30404 
17066 69704 
60127 75956 
57958 67508 
14200 20215 
87901 80107 
5233 8420 
68545 69107 
33977 37700 
59161 71424 
39197 22269 
81825 74621 
2950 38705 
9286 60874 
35319 16504 
3144 14486 
13538 61842 
69106 49685 
91146 28380 
63384 30401 
11679 77926 
79706 21757 
58375 5915 
69943 34225 
46453 41913 
3024 95699 
17770 73728 
46583 14186 
28989 85226 
63708 74376 
33876 42571 
53176 45055 
47929 11352 
25747 61121 
49289 37968 
1345 83929 
13694 82612 
32386 36740 
3249 48343 
7036 58243 
28843 10993 
62847 16451 
84317 18017 
46011 77675 
6767 90918 
84363 30909 
51914 35487 
3311 26571 
86003 36872 
3054 446 
86470 92359 
32669 18536 
12420 13745 
42147 96669 
52965 13331 
66913 19828 
86549 72801 
1067 10560 
87617 82624 
45372 73196 
98326 31163 
73898 71220 
42487 17237 
49287 78812 
96498 57698 
30757 84388 
47769 62430 
61255 13921 
64984 53188 
90565 84887 
76520 9822 
89723 97862 
3427 37698 
38756 22131 
21613 63486 
24533 34095 
34224 83008 
68428 22836 
19660 4449 
14553 85885 
83296 53015 
48444 74 
81683 28966 
83394 67261 
6849 39990 
47025 2814 
15299 60982 
24238 55919 
61416 9579 
64317 25085 
48171 64147 
39785 59685 
39421 92445 
52473 18905 
87512 3805 
18345 93196 
17551 85435 
26754 80121 
75383 34313 
62082 46432 
90187 50163 
96170 1293 
24577 12112 
8422 51734 
85168 21907 
67170 10761 
44830 59921 
10658 80963 
84149 66705 
98903 42050 
94141 32454 
68749 29429 
94821 49532 
13563 2739 
14964 59041 
26336 68236 
47263 1472 
90333 36937 
40026 63559 
74996 71678 
11679 98750 
96447 512 
77555 87050 
31737 51337 
59797 91533 
33879 93215 
10670 63418 
80762 53510 
17194 45375 
5181 16825 
70703 23604 
95513 1618 
78810 83218 
26986 53480 
69218 28626 
82005 90230 
84912 40815 
44683 83305 
98497 56865 
9478 62349 
79788 73482 
26791 85508 
35246 96004 
19367 26587 
419 77068 
42540 92062 
7310 15000 
28623 95893 
67410 11025 
51175 88120 
8129 16477 
68385 54448 
75433 36482 
56506 78313 
68739 94945 
24027 84391 
5459 7192 
5205 63056 
22049 51217 
67595 8998 
6034 76278 
32388 94016 
19183 38431 
98651 33966 
15873 6623 
82969 2872 
82642 40057 
34528 93443 
25034 97841 
62330 22520 
6058 5281 
16033 32437 
96937 67680 
94800 44848 
35291 92165 
19591 82245 
98492 50776 
93478 84235 
90661 93964 
91865 10557 
10614 2634 
69893 40911 
15051 48992 
47848 52854 
16365 21729 
37045 83313 
57670 59430 
98465 56758 
89020 27620 
84310 93582 
28225 69473 
98681 95969 
27298 57971 
27760 45346 
81281 78190 
32140 35421 
10035 72357 
64377 7923 
15567 87506 
73351 54314 
67562 75759 
83710 96082 
97993 10681 
93433 58650 
92057 99632 
15468 9517 
47144 91689 
440 39920 
34128 3443 
16573 31153 
36027 10883 
30271 61574 
57900 84554 
26190 78449 
98819 77328 
29196 79932 
51877 9361 
42243 26819 
51393 33211 
93997 31153 
17825 3567 
97944 49315 
60390 20702 
60756 40928 
84964 64481 
41839 41732 
20589 86664 
58291 38511 
21719 83235 
49889 27237 
25360 25604 
67267 81756 
42306 89817 
23113 59710 
39945 86248 
50989 24775 
30409 58789 
49289 69896 
12352 92142 
48897 84881 
27223 38613 
32246 23532 
81611 51658 
48784 90435 
56121 92442 
17255 85586 
68168 57806 
78735 16254 
81216 63290 
66031 9742 
56180 3230 
84826 38216 
22079 1465 
59875 97277 
2477 60799 
85580 63693 
71883 17151 
34450 94474 
31953 5156 
19205 19471 
91238 46034 
74736 22697 
4156 75640 
24627 3781 
74978 40866 
23643 60291 
60845 5964 
22331 34086 
14171 26844 
82836 20427 
89266 71027 
86034 47278 
613 83714 
9260 94042 
60935 26271 
21197 33899 
46080 42476 
35889 52016 
30669 39963 
91391 13053 
13593 9587 
70217 25726 
5652 43789 
58543 79636 
82965 56548 
49013 10109 
19285 52158 
28067 80524 
97903 37772 
52830 58387 
69600 25606 
14902 1367 
66918 24618 
8820 62588 
6991 78685 
71462 70622 
15322 68485 
35342 39005 
81035 57732 
43539 12472 
10566 30856 
6889 62733 
81163 38909 
45135 5264 
8191 43179 
42851 20422 
30963 21906 
68283 27121 
90657 84485 
48629 75397 
20851 19683 
68833 95346 
96313 89617 
62612 64270 
88903 69672 
94247 31282 
60779 25985 
87537 69198 
84602 16797 
44405 7250 
17996 1707 
9745 34921 
75266 43722 
81439 57224 
33223 93060 
34846 24722 
79921 48713 
29612 57863 
65234 4103 
93321 34450 
40394 96500 
31264 11558 
79990 96379 
94558 8747 
64374 92544 
49823 88123 
63039 51579 
32851 28615 
230 56074 
35919 6777 
2933 55070 
73875 64478 
28327 92316 
97600 65063 
42898 13157 
75153 13854 
78629 89276 
40673 46320 
23045 41994 
19020 67805 
9332 89487 
70181 62388 
60382 91011 
61621 75291 
6314 12104 
69042 13148 
38882 88771 
26439 99566 
88148 25732 
94848 69559 
6892 24127 
95876 85769 
26466 97392 
60856 11836 
4131 582 
79406 83836 
16408 67996 
92183 79389 
65548 26739 
61811 95887 
56963 29742 
73211 14186 
74316 30732 
60013 42222 
25922 5808 
27227 4165 
61211 11524 
42029 65061 
59251 57730 
94316 58346 
72649 64977 
86550 14184 
69621 70872 
98511 70276 
54655 47562 
86669 83595 
63865 93365 
20229 51452 
25014 65622 
26275 93362 
44147 28908 
14996 41363 
30878 3064 
82620 35770 
2579 8826 
44487 25784 
14099 25379 
33580 29925 
44077 93770 
10890 19980 
31544 22869 
73131 53952 
97207 80455 
10618 98437 
2665 80994 
63540 48932 
97791 13824 
48366 77777 
81582 90699 
77808 13709 
55039 30025 
77555 84504 
75956 36640 
10860 34712 
34978 80597 
58159 64189 
59907 26183 
63007 19945 
20923 13261 
47932 13783 
53249 47071 
24205 31256 
35788 9686 
68066 43650 
64301 66651 
12605 34058 
35976 5644 
9274 995 
18549 10549 
45930 8625 
11620 43933 
69331 11316 
20417 83687 
49179 92101 
52953 35460 
38078 19513 
20415 21530 
27190 45379 
67550 28872 
70914 37309 
84934 84451 
55559 63968 
58238 14133 
16781 28614 
90940 33118 
68449 77014 
96404 10433 
91665 89473 
92854 47767 
46786 3590 
50494 13814 
13626 4245 
33859 79287 
35377 60420 
54465 4918 
40376 84645 
98928 44973 
42450 40153 
25936 42234 
75411 23300 
31805 6865 
136 4353 
68831 91240 
33730 18445 
63238 95543 
89421 60322 
20258 64833 
83132 51419 
22704 67285 
58057 15919 
26402 75429 
2138 23581 
30907 7467 
84978 31491 
57193 24140 
20518 84300 
95309 18102 
69711 13082 
94515 77399 
33470 6663 
55957 52404 
50317 16042 
53719 6434 
5451 92522 
53878 84275 
78365 53181 
23217 89988 
4672 13545 
19304 25595 
4459 26620 
31901 5657 
34286 19892 
1988 29217 
52836 27461 
79180 60259 
51275 73172 
90894 40546 
88543 72429 
87374 34602 
89053 85304 
95495 85605 
5725 71627 
61255 43066 
24800 69946 
85983 8469 
90513 46536 
64473 33364 
57551 38109 
14627 95962 
37056 42409 
47667 76891 
88042 94610 
65555 52503 
20193 4197 
87993 25050 
16339 17007 
5230 13002 
53291 10142 
24855 31936 
98261 23644 
30877 6683 
84756 82192 
1599 68771 
26611 62456 
39138 9737 
11744 17361 
47940 80494 
28244 77178 
62203 49687 
14578 9185 
62873 59877 
92963 32585 
43702 49358 
40387 53418 
82853 39575 
75279 5422 
51610 23347 
89491 57092 
44998 27482 
35050 72640 
50441 64874 
83038 95107 
80084 35805 
7998 53610 
79982 85919 
15417 83465 
95092 79232 
22139 87926 
12851 98519 
19950 63308 
30087 42584 
1129 55460 
88129 50127 
1400 14894 
99173 43354 
20546 70287 
43340 50925 
13784 45647 
50314 39513 
8127 5150 
92048 55967 
87028 21428 
3767 57968 
3966 28077 
19317 90063 
30973 35170 
53899 44089 
21701 57808 
92329 28277 
70238 32003 
44163 57658 
76694 69668 
8406 69944 
88478 35034 
49977 65663 
72230 8522 
27697 69078 
85523 40893 
29300 7312 
59739 90462 
62818 9091 
75939 79214 
25643 31660 
14070 99858 
22691 34674 
82519 55171 
33300 33235 
89821 13420 
32850 78773 
3207 19223 
59556 36072 
49749 7903 
79495 47518 
54993 33195 
43639 1515 
81269 33110 
49532 51009 
23274 26852 
17182 60212 
42060 56817 
63899 92852 
70211 64094 
15961 93663 
799 13269 
26409 56330 
80590 62920 
77675 15735 
64033 11898 
35406 50102 
48705 38289 
85530 29518 
5195 87877 
30472 1316 
34777 62044 
42400 59924 
36810 1177 
71477 9043 
44427 59011 
85322 87412 
91867 15754 
72219 95891 
9721 83426 
75099 33239 
5403 15509 
35921 20732 
75292 44846 
20766 71610 
12307 38665 
64866 40387 
18069 77648 
23698 69141 
2344 37194 
41417 33203 
54116 73297 
51113 77006 
98440 92946 
2696 22375 
11107 19491 
73745 26169 
49225 47109 
56188 61931 
69942 15350 
27451 1090 
51855 24646 
8540 73258 
4032 56764 
83505 92292 
46132 60354 
4806 45057 
69755 11068 
37368 53182 
45934 58176 
416 34631 
26613 25154 
50679 11521 
98968 40416 
13140 33381 
90592 36194 
6243 10925 
90870 68487 
27291 84411 
49248 79084 
60777 82793 
34662 41848 
47453 65125 
92039 9772 
5186 74052 
11576 6752 
23994 72723 
34403 88596 
67123 81111 
54276 31464 
97623 75454 
39119 92782 
15615 65411 
88481 29571 
35268 17561 
63446 52239 
52504 50962 
74001 38047 
54523 90766 
85573 27791 
478 29262 
11222 81687 
58959 10212 
88877 75985 
22459 21986 
4035 80577 
31527 57749 
7529 69623 
32107 76834 
95227 82219 
58352 80441 
61938 68148 
80210 96927 
15366 24970 
80164 57204 
37565 57037 
26725 29153 
11177 64416 
93639 71448 
85620 327 
33232 61834 
44433 19340 
49912 52628 
49154 75430 
35579 7129 
77377 18915 
22535 74586 
43062 84363 
81463 68538 
85687 57763 
42132 23571 
41515 60548 
42730 18918 
65004 90525 
20034 73847 
51336 15309 
37155 39392 
22035 22574 
8141 33751 
74837 93218 
19466 94540 
66248 78524 
67298 50115 
90625 30420 
26372 44274 
43177 55165 
41427 83938 
5908 35090 
85373 17769 
75348 90468 
59699 95182 
58794 34151 
22113 99859 
1841 5306 
14005 99607 
74126 55401 
26031 5283 
32515 99520 
83989 85525 
1345 39182 
59095 41156 
57895 8983 
6914 3351 
87905 98749 
17365 83088 
80748 55293 
14621 65864 
66768 73450 
80163 15307 
60360 44744 
84853 22058 
61468 43889 
6621 10200 
85535 98207 
79204 92467 
37286 3194 
64345 47656 
17313 18569 
64959 78866 
52035 3534 
99999 99596 
67454 27364 
43099 86233 
84979 22029 
86545 30085 
3672 27248 
29724 19866 
47397 15187 
6916 86427 
97656 71939 
63164 45536 
3309 56021 
58887 81608 
56884 50285 
34054 25585 
53884 72972 
90910 93506 
6245 16083 
60623 68836 
64034 34787 
3680 31238 
10494 20303 
56470 57229 
34724 50494 
77190 44048 
53542 27346 
63095 37055 
49506 78605 
8048 73117 
15608 21982 
44446 87690 
48789 64705 
66822 71689 
14245 38612 
65749 5718 
10370 51544 
10176 43909 
248 69493 
3891 67322 
39735 30795 
7558 77758 
24479 33555 
61608 56860 
98644 30606 
67218 72468 
16597 12469 
82768 74480 
25529 58089 
71306 85829 
41736 85599 
90986 60702 
26196 40888 
54832 51756 
26130 20471 
98859 827 
38374 36966 
88236 43522 
67702 412 
60075 97085 
98608 6753 
48357 83041 
72643 95988 
61665 21403 
65015 66792 
87534 21587 
83980 11896 
78665 86680 
74432 69025 
35641 42355 
93168 65935 
38450 99468 
37443 74866 
94790 60237 
50703 81707 
67009 81950 
99838 18191 
11494 19216 
16782 1684 
14425 76095 
23984 76390 
36031 12760 
18032 52284 
81826 67893 
68650 93626 
3796 77618 
1300 17597 
97073 94549 
70786 25439 
98392 36389 
552 3395 
11446 22539 
57775 98828 
81235 89285 
57866 98081 
14609 9412 
43687 6966 
97429 80441 
64556 62198 
90095 87219 
88020 82673 
92692 89196 
13431 3159 
58595 30487 
20484 19806 
1074 21717 
78213 16819 
81319 96595 
60302 36683 
88264 3364 
61122 2552 
20677 51465 
83582 707 
60224 97177 
74642 83445 
80557 18458 
17246 58310 
71930 98894 
48502 88283 
73476 13350 
63046 39369 
95982 83869 
77859 76932 
86840 53296 
80180 30234 
35851 6298 
53722 15792 
45616 52660 
80028 34503 
93525 76133 
41625 34930 
93645 43616 
11511 65685 
26321 64079 
99560 23566 
40892 84388 
40601 40905 
52628 10066 
51187 45522 
48879 43046 
52497 69766 
91351 35579 
55352 81292 
51575 69728 
29972 57542 
44813 85251 
37899 28377 
34010 95190 
86415 66806 
59892 48092 
76819 16512 
15868 18570 
57089 6663 
27149 33759 
56741 19429 
12339 72258 
77105 43718 
2710 4249 
33774 69810 
69488 76760 
99642 53911 
62690 86408 
76730 9054 
96405 23455 
32920 59380 
24887 15656 
75730 28502 
41405 48121 
99449 19466 
97553 86293 
34218 83776 
84541 83139 
46060 70028 
39972 8812 
85394 88846 
43705 1247 
58239 30190 
44637 99579 
99081 21490 
16563 88747 
57291 20666 
75772 53284 
70048 96771 
5609 11055 
83818 62802 
23981 73562 
3796 90186 
98600 58477 
96067 52488 
61777 62148 
40829 17112 
1621 85110 
36631 28053 
9766 91994 
85419 205 
47073 78750 
46034 76321 
48238 14698 
29893 81376 
23822 24709 
26715 45929 
33954 77673 
90441 60003 
1801 51423 
85923 62083 
6869 51419 
95473 64006 
48305 70738 
11038 61864 
96573 92302 
92540 85429 
58262 50780 
55841 94249 
63208 91228 
64824 37174 
45747 84283 
41235 53967 
32633 83606 
73227 12522 
68983 40279 
98949 43345 
10600 20979 
65064 54084 
86127 12023 
11728 81273 
85695 29728 
15378 63824 
64076 99070 
28530 3445 
55837 7231 
91899 10791 
87579 86370 
58243 22998 
38069 30873 
59655 18205 
40915 8281 
70445 45697 
46429 80287 
66248 36534 
59391 10394 
56709 58818 
47661 98234 
73826 34207 
72952 47058 
30986 37849 
29519 40495 
28746 62593 
89137 77494 
72561 40163 
41456 90176 
84965 76904 
87674 48387 
40118 79804 
92435 36816 
22150 19648 
23960 75852 
10417 2519 
15646 45682 
24551 98274 
63702 64666 
20104 5185 
34889 67654 
11626 13664 
95986 27643 
14162 68760 
92390 65073 
36454 21089 
97028 93058 
29533 98916 
22811 53961 
92935 30292 
41887 13009 
67410 93478 
83226 87989 
97810 76322 
86394 10593 
32728 80818 
73827 34595 
38501 17775 
66573 28807 
44362 98343 
9117 18633 
2793 44066 
87811 69049 
44551 5221 
24375 33953 
31378 98384 
1042 32116 
61058 48473 
27135 48290 
59268 47971 
88222 99592 
595 26594 
28463 51868 
37101 58357 
4351 18511 
77010 19817 
13792 25098 
48345 53199 
48302 77186 
2769 81187 
38070 25766 
63430 66363 
59743 85104 
97236 7560 
55010 21098 
96813 17888 
64396 94763 
90274 34692 
15181 15098 
57988 70474 
14909 28351 
24678 25538 
92728 46542 
12476 48137 
99607 97161 
85965 45916 
25470 58029 
93783 23661 
16385 26619 
13014 46670 
78154 61467 
32370 6507 
34013 24832 
68109 96471 
63620 50396 
92627 87796 
88103 57529 
69857 34408 
81655 34535 
33878 24032 
84034 17308 
17534 36485 
60284 96935 
36438 66179 
4067 53 
60349 15201 
9286 99144 
58725 65755 
40938 26439 
90161 96317 
20683 84765 
16445 14572 
5184 71388 
61143 41975 
75969 56797 
99880 99766 
78477 89394 
64935 14300 
44856 29151 
70270 80756 
10222 48584 
14776 98625 
85296 77739 
1332 19773 
79684 11424 
17146 30490 
79536 41515 
56907 22600 
70923 24947 
34432 95531 
65990 48864 
20768 71170 
32789 8401 
67131 96437 
51676 69730 
19595 54645 
21245 51206 
9100 6079 
14996 18879 
5136 30638 
46291 59110 
54381 50971 
33614 60669 
86574 73205 
70748 11438 
59112 94207 
97214 90744 
29101 89249 
33164 17315 
87027 11998 
89877 95020 
59737 9983 
92124 83770 
92086 82963 
51877 11368 
46388 89089 
14204 33589 
16722 34316 
55626 44375 
41172 64205 
52863 35837 
9249 14074 
55566 8580 
4024 63402 
90517 36907 
88915 83449 
96743 573 
47593 63265 
41066 5013 
12153 48541 
91863 25352 
69459 30242 
35150 26007 
18508 75493 
1557 27318 
62662 1889 
35387 13403 
59785 58237 
77655 1308 
20588 89648 
53860 20518 
40914 32976 
54212 84057 
77202 9815 
69130 67601 
26063 58535 
96064 51475 
48659 74324 
65023 21850 
88499 6739 
39673 72127 
67302 97987 
38474 93214 
7726 31936 
86030 92319 
24067 3847 
48684 33850 
42413 13828 
30378 53165 
60308 33263 
4851 54154 
32614 92727 
38528 65037 
75052 92383 
14754 93228 
9820 41403 
4524 89786 
38713 91643 
41449 6696 
18335 42642 
49429 6118 
29271 59922 
40335 59744 
76509 66665 
45998 58526 
31928 40011 
73872 38291 
31330 67551 
78998 15163 
68274 97023 
26199 16162 
84902 42795 
75948 85046 
45951 96389 
64931 41165 
96320 25153 
68037 69983 
44863 33084 
22395 27969 
87452 909 
65994 51614 
80921 18713 
93574 70659 
6153 73695 
60665 38953 
13347 58117 
73011 12865 
25425 18032 
83078 26834 
86567 72117 
77966 38358 
82030 91697 
83740 40630 
22680 48050 
30060 70007 
83084 1086 
15957 67659 
5548 24741 
92700 89970 
34135 38699 
32921 648 
22498 43534 
86523 19032 
67254 36890 
33339 43660 
54677 22048 
30154 17972 
72643 7023 
15374 55866 
32043 32272 
78519 98837 
62282 58180 
23653 33559 
94045 89661 
55989 59035 
19129 14548 
99114 55790 
21974 84862 
6625 76124 
10387 75645 
66461 44034 
34027 14712 
8781 26194 
68359 88504 
18986 11256 
59077 94155 
26332 13721 
67399 25975 
85521 785 
30186 55708 
93803 25802 
50480 90275 
89299 40380 
63858 68129 
57644 48651 
83892 85927 
33475 61869 
16061 30915 
20941 9239 
43592 31230 
73083 61776 
31028 26280 
63812 29988 
61705 2407 
58187 3297 
23851 35253 
36755 9390 
86717 29555 
57998 85038 
62885 49526 
49221 66458 
35851 88564 
720 26898 
42985 35712 
674 11887 
43157 58112 
88885 48483 
65577 33630 
26400 33822 
31826 35908 
74956 40450 
66590 95279 
55339 11121 
64243 33305 
6948 54167 
58262 96132 
2192 92012 
48299 92431 
78848 60076 
75836 75383 
41085 1015 
3470 94972 
45585 50163 
45157 86807 
33047 62043 
15193 56757 
87325 84906 
12191 66854 
4560 50561 
31030 27279 
32857 10107 
479 51631 
99467 12684 
77166 38297 
76827 93999 
87547 99402 
51484 14132 
98730 70646 
50597 60003 
16272 262 
49589 6897 
52473 33425 
31485 15543 
82248 79604 
93559 26548 
5305 74670 
159 2302 
63131 27042 
61907 58038 
17221 67672 
80943 18308 
81011 7413 
39504 32917 
12117 42081 
24811 87242 
13810 35510 
77132 45835 
65019 53926 
19820 75369 
96725 21181 
80246 3234 
59247 13702 
38766 81455 
79729 16435 
49204 42113 
92012 16658 
58808 50100 
32153 21198 
18238 81753 
31980 44431 
12850 83837 
10361 29359 
65426 96304 
57308 32159 
57418 54425 
29522 21743 
90928 21117 
27674 20233 
66822 38690 
5520 37660 
85759 30709 
68803 34793 
88360 29341 
57994 81656 
38363 51261 
73029 66154 
18321 96120 
90532 47129 
51244 95531 
44382 39263 
83569 97702 
89043 63421 
64936 33075 
41737 95348 
38461 69712 
4303 98063 
11565 33673 
98523 28899 
11868 39273 
9712 70770 
45272 46836 
22528 49114 
64069 41459 
50268 60874 
21763 5303 
4289 59956 
38273 38047 
23763 14794 
24256 65404 
87609 77960 
16554 63967 
60243 85213 
58079 22183 
80703 31931 
14938 51828 
90719 58582 
61201 62182 
11486 13673 
77431 9919 
21161 52609 
2944 41760 
55526 73892 
53742 54077 
52793 90361 
68157 3849 
90181 82409 
70469 18804 
14693 82625 
49107 71034 
53417 96826 
30514 98032 
99717 75166 
92359 77848 
10845 8794 
493 90920 
19773 42528 
72906 30175 
59482 62002 
70903 53084 
21447 35013 
92819 4646 
21748 61052 
98820 78632 
28002 10479 
26678 25923 
8224 15347 
67883 63422 
98772 7599 
61055 84761 
52676 87134 
25338 24902 
21949 42230 
310 84739 
47873 37843 
80904 78948 
81806 33508 
35964 30550 
35704 91871 
77226 99082 
66340 91346 
1928 95734 
30112 61934 
66680 8451 
6375 21938 
62831 32764 
76369 5144 
54307 79977 
62135 32938 
7734 13350 
75192 3949 
91618 45050 
98290 44942 
46484 11873 
25231 91063 
31060 36166 
13506 40911 
30975 69823 
62436 62547 
75891 13901 
15513 10186 
48586 4149 
99822 48167 
85247 53597 
57693 68727 
60057 47395 
96142 33172 
19145 92175 
78218 62221 
79069 32521 
6992 50639 
33206 60441 
7754 83691 
15799 60303 
96861 88521 
57856 51292 
36732 62270 
31708 12193 
15637 80535 
21767 99212 
58216 4742 
77831 96533 
68084 75037 
4316 71430 
27379 96534 
13837 41027 
29823 1027 
26814 96162 
3601 93765 
30122 69331 
88303 75408 
17273 78294 
66205 63010 
20202 24693 
12305 20666 
8492 77926 
19851 50420 
75665 28489 
78476 87086 
54199 52150 
30597 86827 
962 86585 
8423 98661 
73048 85449 
58647 60487 
70286 81390 
94871 66825 
55206 59132 
78797 14096 
73820 12501 
20404 41164 
91317 35163 
4607 47719 
25604 73827 
97311 91225 
8601 54805 
57297 34276 
30304 80089 
82044 38585 
23847 77444 
45391 79220 
31130 80576 
42806 83304 
48082 10003 
46133 81057 
86186 23060 
83787 93912 
2663 2324 
4677 74334 
45504 55746 
54567 55073 
31572 8920 
92070 61756 
26038 80164 
98188 92050 
19675 42472 
88048 67050 
6874 92884 
16426 16138 
51700 69481 
79666 65233 
91931 78938 
55774 60176 
71725 23446 
91753 71922 
12415 44857 
42638 98309 
27912 35973 
90243 98318 
66280 4206 
21290 69109 
12274 11200 
24366 3510 
16991 53491 
73067 46229 
30234 93932 
98737 753 
98818 1363 
20342 25697 
59732 6867 
91340 99327 
956 38976 
43782 24020 
84669 57315 
58442 88657 
27721 64410 
66418 6217 
12423 38798 
92439 96308 
57093 99043 
83021 87937 
10235 77918 
23648 76500 
44869 58761 
38319 80792 
20199 1879 
82076 10797 
46698 67900 
82563 75050 
37648 27074 
60163 27592 
55251 28813 
57959 78827 
62686 94100 
42527 72042 
74804 84939 
94480 57926 
59638 99611 
93728 83091 
80501 40286 
18574 45451 
84178 397 
20048 59213 
34542 23201 
3287 15344 
62913 90071 
46330 19529 
56590 7324 
13311 38988 
35168 73762 
73871 91930 
70644 27617 
23477 69011 
91761 91204 
10393 84845 
75646 54361 
14209 19433 
70517 63611 
88105 24309 
12093 13004 
72449 36300 
93292 64722 
10871 62943 
21919 62760 
51576 77945 
54271 41424 
96510 92525 
23904 71838 
68828 49007 
94317 34319 
5221 16758 
51887 52208 
43749 57365 
21110 73649 
70177 65891 
28048 41778 
6172 88114 
59877 50956 
71278 59843 
68504 46884 
27251 13734 
44445 91869 
18094 51446 
43524 82973 
52072 84578 
83407 80416 
33012 6472 
39584 76387 
37335 68841 
61152 10240 
50594 2068 
95564 15117 
22646 36128 
58535 63120 
74177 50251 
10330 61436 
88919 3778 
2944 40186 
55708 78094 
43979 64286 
82414 90081 
82534 96209 
89856 21253 
60003 34329 
7915 43517 
84393 52371 
38396 12465 
80648 69527 
19575 42177 
41405 87894 
25890 71668 
52727 44171 
62940 82492 
97579 35925 
72680 29378 
46149 99221 
46665 1418 
26602 34069 
56202 39961 
32443 96871 
47433 1211 
63392 4947 
16655 66455 
15527 27210 
76613 70939 
33404 67194 
48008 43555 
11997 79894 
62143 23871 
89470 2262 
40402 50435 
3204 18687 
24183 94879 
90920 27438 
64922 50022 
6370 21793 
48026 66998 
84772 50453 
16787 76373 
37031 75852 
82809 21280 
73735 6090 
57951 76797 
60049 36493 
19518 29095 
80804 156 
25147 40357 
51479 93340 
26817 30994 
45206 11238 
94378 69400 
18541 2352 
48210 71310 
9472 25614 
17874 75745 
49972 73404 
89046 82606 
82385 5711 
74538 8181 
94023 25977 
46905 39122 
87587 17510 
99883 42910 
86358 50872 
63847 23377 
32594 67284 
86487 93573 
75136 40817 
4073 75035 
58001 23052 
70975 22508 
15524 77869 
85486 16202 
51632 21156 
48553 59868 
30919 90509 
18689 72292 
37395 83333 
81090 62257 
63147 18297 
31924 32578 
73631 94689 
89789 67503 
58885 47003 
85468 19608 
20694 17952 
48445 27233 
64595 2090 
4005 61591 
62547 44408 
18309 23865 
27230 13442 
80489 86914 
92134 6899 
90576 3682 
22957 89231 
30014 84924 
95290 5278 
27515 82609 
61196 61811 
97204 2117 
92963 19714 
18252 6347 
36217 93531 
45642 67872 
26502 12237 
90219 71496 
23564 55355 
82848 68876 
95788 41904 
42296 39312 
43579 16181 
99335 16375 
84967 43998 
90649 98740 
39289 5756 
25233 75395 
35554 48624 
43289 60358 
40916 39063 
33034 50072 
51669 39116 
44357 87877 
14281 15085 
39931 44232 
47176 75632 
54165 98839 
15370 27830 
88305 41364 
69486 34325 
56000 91147 
98319 52508 
7850 73121 
59798 37503 
5698 77074 
49092 94751 
87862 70495 
34527 75131 
65029 31390 
42114 15768 
13206 16808 
97705 43110 
84878 85246 
42122 71321 
42478 46650 
19107 48680 
29261 22459 
98507 27425 
31875 59914 
37867 58373 
56180 59830 
4405 40638 
33289 45066 
76364 88887 
96338 18150 
17806 15867 
20145 30794 
74126 66272 
95722 15524 
66951 79543 
19488 10163 
76523 3832 
13083 39648 
87271 31086 
53851 6434 
38026 74120 
88313 80705 
62143 60529 
21405 74682 
24784 75421 
22747 31484 
64731 45213 
67910 58344 
26283 18116 
37396 86397 
23168 63415 
28988 44851 
10870 81313 
138 96012 
56351 87830 
46234 89480 
84890 15146 
37872 58752 
52610 46780 
85664 1556 
40205 89113 
74652 56400 
88528 66037 
12046 12173 
99872 11866 
61826 65050 
10163 29172 
97596 67532 
96731 72828 
91184 98139 
23941 19291 
68581 17082 
44674 81036 
7137 63214 
69501 30077 
18330 90570 
87371 1594 
58941 39061 
71729 59007 
40174 83155 
34193 15133 
58981 4842 
94279 20651 
58831 92736 
18133 50663 
38134 77883 
41819 42929 
63747 78608 
35451 67216 
14221 41750 
83281 34226 
72914 35615 
51848 84658 
14568 71255 
93387 34260 
80679 2922 
84904 89072 
18692 86036 
34698 86575 
68057 51556 
97558 63096 
12122 89337 
27469 95568 
79071 19853 
62401 16612 
67376 73656 
79564 55940 
91618 90947 
81534 18171 
93114 99874 
73704 67443 
36402 31458 
71772 52545 
17464 81518 
34313 72837 
42426 35496 
49945 54808 
96566 30805 
21220 81933 
12572 43140 
78069 96311 
64315 48090 
22493 69615 
57778 27530 
53159 22980 
64352 61378 
43663 60740 
43337 69701 
51434 71281 
30297 47524 
15610 39788 
25817 65315 
61692 12291 
5240 91777 
68366 48181 
84137 32419 
67619 99223 
16527 67294 
43118 57127 
73302 14382 
63791 18826 
46822 41275 
39655 28915 
54313 97137 
15142 72034 
67497 39356 
21547 4521 
78775 84879 
94662 34263 
25337 24896 
26300 80439 
31714 3364 
59084 70738 
98592 74813 
52774 62607 
61111 24929 
47338 7253 
63387 58591 
23106 10343 
47693 34399 
11525 81745 
36499 52109 
41432 8156 
93461 80008 
15186 27071 
85535 42936 
96641 28339 
32502 78468 
58624 60387 
22503 8724 
81462 72233 
92586 68344 
16055 79518 
21806 75341 
25110 3046 
61063 30868 
94338 91702 
28679 86395 
61803 8122 
33584 22321 
48067 25107 
49065 40773 
82365 53551 
49146 87144 
10779 98504 
36972 79851 
41226 19011 
40002 45904 
27045 49499 
20299 31003 
16056 25728 
49923 77264 
95216 46700 
31170 39061 
42306 95449 
99346 38085 
55584 36216 
31777 42358 
69929 3322 
924 90821 
83718 97886 
51759 74997 
14534 12563 
53975 32331 
73763 11610 
78113 1993 
254 3809 
71376 43248 
21432 59200 
63682 18916 
16575 37047 
17387 2063 
41495 12107 
45206 72686 
36405 9007 
59940 33043 
79503 80449 
86977 85158 
67655 93911 
65901 82140 
2522 23707 
91087 86134 
35570 80465 
92827 40020 
78645 48491 
40314 87452 
18108 42995 
55721 56363 
80044 43760 
64639 54776 
81609 9607 
72317 14565 
69333 28893 
47416 58749 
89039 15260 
15398 60991 
53996 14999 
12221 12129 
78050 52655 
25664 7915 
18658 4849 
56375 24564 
31150 58824 
63679 54282 
69961 81841 
22179 31637 
85225 303 
4387 93450 
53803 63362 
21857 79830 
52693 44787 
2746 2034 
29723 18959 
57242 74037 
51549 32165 
83959 29001 
12173 78698 
197 19278 
66569 82802 
36851 29157 
13467 82110 
24816 13243 
88937 5990 
13882 10170 
48157 43100 
7388 71322 
6566 96425 
66332 87254 
83610 31235 
35167 90742 
42364 31636 
68154 64676 
46539 94770 
89953 85469 
62737 8222 
7029 88213 
20280 75828 
97490 48507 
3561 79815 
46126 37702 
92542 93115 
58718 23236 
85921 84646 
85086 53824 
38435 92558 
3874 90427 
18859 75603 
73752 18268 
48514 91262 
35470 2587 
11405 90682 
57145 31406 
36617 65172 
51157 22252 
41167 26712 
55226 56622 
87260 55836 
62501 45890 
51721 4249 
5929 25449 
27354 96653 
50667 20049 
76094 36531 
25012 22631 
32010 84003 
25052 81378 
8588 40377 
61216 95275 
99198 43645 
75859 77183 
72213 51932 
50264 55209 
53026 67778 
36643 48137 
54000 35142 
96207 68714 
60403 23150 
97840 79805 
5458 95845 
33637 52742 
70855 55606 
37292 54605 
30439 39377 
49281 21790 
14250 41481 
58786 60862 
7673 34586 
66489 54540 
16217 61198 
54626 40585 
20248 72132 
21139 74433 
16002 95492 
33247 82614 
89292 29970 
82469 63300 
96541 69637 
77887 92775 
34129 83917 
97347 52196 
61512 96061 
27345 97679 
6165 26173 
61506 58585 
19131 90755 
94820 63817 
68789 79703 
46256 63996 
57459 63849 
65864 38582 
20523 21367 
34176 51321 
20983 9766 
41459 44857 
83726 51683 
42327 45865 
23237 47320 
17226 85825 
6081 74120 
36471 29308 
55236 85172 
14800 41620 
47156 71809 
64839 20717 
74474 13024 
6362 64476 
47289 94562 
64947 43742 
84267 43933 
98367 4008 
1076 94091 
21985 24138 
38198 58156 
65469 19265 
82714 70315 
82278 86764 
29426 23898 
50664 59202 
95475 16655 
50366 46180 
49642 95366 
72665 18202 
42571 77188 
23182 10011 
27410 13509 
6526 98293 
41679 53578 
39872 39180 
80689 59845 
28528 34709 
30389 24643 
50755 34195 
43278 38763 
41349 66417 
34841 66480 
33950 41589 
49959 88677 
20525 58270 
98821 86016 
13182 99689 
90109 47449 
48223 6412 
95570 5885 
55273 67822 
64534 22448 
25340 83588 
69591 63519 
50851 8131 
5300 40642 
77946 5988 
80698 12348 
6783 14114 
43325 79127 
99082 28272 
47588 37991 
3844 5046 
33499 1463 
91934 98417 
13195 27343 
98145 30409 
72084 50218 
5391 29024 
79093 53428 
69832 53483 
66188 71114 
78018 66729 
81215 63927 
47573 8240 
40047 69161 
31433 66354 
4152 86269 
62349 48662 
87902 22166 
79136 1438 
56293 87157 
9060 34650 
8227 2016 
41781 67802 
53087 49454 
19467 23646 
79083 79122 
84914 61768 
80671 54281 
74989 62112 
59343 10406 
20197 39685 
37149 81247 
12855 96019 
25585 36242 
36132 90406 
73775 64691 
4144 44468 
79389 36720 
49292 77346 
83312 68820 
7226 5591 
84817 22634 
92090 31768 
7828 69647 
25103 88887 
20847 61590 
78086 3934 
63203 56607 
20188 93104 
58515 64609 
10858 3774 
2601 91755 
65024 73838 
97537 83631 
27453 87688 
66181 89422 
32466 69968 
22175 95303 
92421 73152 
89312 4227 
53828 83077 
61112 71443 
83463 87742 
66550 40342 
98533 29002 
61107 61569 
34707 84241 
93658 19889 
53762 5647 
9187 37887 
28608 78444 
34914 73360 
7622 46199 
63144 78126 
52518 91325 
87993 39969 
64362 51901 
75115 86613 
60918 2191 
43673 90797 
45128 23499 
17983 78978 
9339 44472 
62642 12646 
52801 35532 
49401 80872 
50979 782 
16662 15482 
4405 22581 
73170 16103 
12047 78896 
66362 51356 
59629 71628 
82759 84574 
86827 75281 
72926 57701 
98951 39673 
96725 55400 
18503 57826 
65936 62882 
29905 40733 
20800 25627 
56739 24401 
14640 16909 
24986 71376 
96408 19904 
8043 18901 
74912 35188 
19720 68930 
20379 31534 
19921 11401 
9166 68205 
24415 21499 
45627 30270 
64850 74072 
1486 35037 
28103 73938 
97560 87258 
15072 9498 
15253 83577 
98191 98917 
65980 92519 
24227 13026 
65516 65365 
4334 27224 
57244 65351 
56854 75800 
3380 37913 
20057 56440 
16450 83052 
31751 60118 
34685 32422 
80627 82132 
54419 78350 
70241 3745 
20229 49772 
692 20700 
39227 80927 
65324 34829 
29804 72680 
80221 18025 
37064 3438 
12766 4064 
47315 6924 
52232 63050 
12179 97403 
70112 65729 
49248 89505 
50852 50445 
20682 29372 
34656 64256 
3742 26659 
3199 61484 
57962 52751 
56376 7963 
62544 49596 
73621 57289 
44488 75674 
26854 36582 
43107 858 
13803 3568 
59770 50327 
10192 14250 
23091 89192 
97245 70998 
59223 34091 
6940 4568 
94544 75826 
41649 80388 
33725 97918 
67062 9398 
50022 80036 
47708 86765 
96616 82317 
92934 78028 
97908 16899 
7829 21517 
7910 26343 
98417 18333 
29212 5118 
63298 36753 
70489 19982 
14995 66604 
83097 7812 
13402 20990 
58039 55325 
61011 97647 
83418 94167 
5030 80337 
59496 76910 
15009 81822 
43519 34828 
56265 4302 
49769 56636 
59200 20655 
61569 68927 
92473 60356 
21506 43636 
84067 17655 
53697 5644 
98425 86420 
37658 64492 
70122 65981 
97188 48183 
14950 75380 
89630 74194 
87836 59613 
81014 53054 
33645 70806 
70754 83227 
81755 59643 
85959 62561 
68145 17993 
99880 11171 
29815 72344 
41603 73376 
5492 39464 
54829 42225 
93877 20662 
32437 29093 
66088 29098 
479 83019 
2491 15747 
50371 49655 
25776 83992 
21260 48124 
31912 60193 
15895 35544 
78541 18228 
92804 23644 
76376 39607 
15170 9620 
43369 27659 
52538 84278 
23661 84157 
25308 84507 
43763 99879 
53969 64250 
76939 6740 
25103 68411 
13431 88494 
14429 7490 
88937 49401 
13488 47264 
6680 95857 
91058 47458 
99431 94658 
82975 6079 
17009 33389 
44769 92010 
92075 23365 
20350 77415 
32433 53639 
76987 13682 
11595 25749 
31884 29837 
81041 73220 
48902 70797 
7347 97275 
15325 34264 
45320 30754 
18017 9775 
94272 75968 
25947 71090 
48741 48984 
51757 24047 
47255 2838 
8906 65981 
43137 95173 
2895 69945 
69895 12049 
95178 67222 
50382 58948 
56570 64989 
3724 82466 
83345 2522 
36894 91720 
83652 18926 
68870 7232 
54494 78153 
24463 76819 
60240 72942 
52184 63005 
92484 8320 
65938 24497 
38027 47422 
83858 85501 
6870 87660 
39271 10924 
75331 23643 
68536 82986 
80724 44739 
38453 5326 
63537 9817 
61937 44346 
90633 39466 
64833 54409 
8714 66836 
9016 23392 
71142 92290 
47361 18201 
53193 94148 
84659 6029 
20894 58089 
45255 76456 
46845 1128 
2948 91934 
72746 82623 
11608 49766 
2847 14345 
85998 47379 
75122 4463 
21460 4509 
97689 96115 
8386 10850 
56865 90271 
92840 35795 
188 74732 
58189 58090 
72861 16323 
54303 47520 
39284 11764 
80645 58215 
52689 34174 
37472 73702 
45370 56804 
95453 77544 
99583 83350 
98095 10211 
24940 65073 
3728 12771 
11943 38955 
94151 51055 
53292 78259 
25622 60145 
24688 7091 
74498 48349 
95087 93984 
34640 52266 
92701 5972 
56599 40112 
87504 74298 
79645 19170 
63636 95636 
96825 15039 
45760 68572 
10592 55316 
12349 44129 
81861 8373 
75772 51201 
48987 99135 
34228 43067 
94727 48034 
3719 99493 
69098 56776 
19677 10457 
33929 95139 
57265 62149 
80926 26678 
57024 43670 
89262 48052 
58219 93701 
30961 6633 
36121 10458 
2767 4103 
11393 55331 
61729 89954 
49899 90910 
68372 98123 
99417 7430 
96150 82410 
16141 8218 
48725 61936 
18288 44307 
37726 96552 
66745 11177 
12734 73937 
13414 46438 
2567 5085 
76739 96277 
22336 92910 
914 50633 
24275 59919 
30311 82295 
22007 95218 
83948 63524 
97707 8532 
46123 75277 
9518 59516 
98833 68762 
52615 64309 
9181 86794 
91477 68109 
50721 3306 
73205 12469 
81505 93367 
52148 19116 
23596 3205 
4607 58242 
88897 49953 
89080 68571 
74365 44260 
12279 48928 
6041 95375 
94047 46598 
45789 27954 
85373 26477 
87222 12603 
82828 16806 
58054 88038 
55 92238 
14919 31749 
2336 73051 
63707 18178 
83819 90507 
63541 88700 
68613 92684 
75755 46035 
46791 42526 
575 77256 
14200 90456 
3678 4181 
71053 87563 
72403 57665 
48415 42192 
57117 73236 
73991 12727 
47062 9461 
59029 72395 
2022 97622 
86691 78139 
11207 41480 
8888 24903 
79001 99318 
13400 69121 
43549 96953 
5958 60767 
18655 40011 
63053 32028 
12025 16561 
50348 52450 
13655 7028 
68903 75372 
66971 47351 
86793 68530 
32329 23456 
37252 42877 
27567 10391 
16141 68021 
83526 7814 
91307 90097 
83810 65070 
44332 48455 
67518 33692 
1175 21258 
61288 32920 
72411 16878 
72712 64733 
16013 67937 
21022 68855 
56071 77889 
2936 65359 
39348 16249 
91632 92728 
88252 57872 
45057 12619 
13581 14152 
56105 19075 
83307 9545 
11707 59561 
4698 15539 
40421 47959 
66254 65994 
18883 25517 
3188 42732 
76305 4789 
95626 38299 
83168 13680 
82205 74041 
35379 42014 
73438 75928 
48370 81384 
78970 88016 
56963 40575 
20784 34005 
76313 13458 
90440 21027 
16806 74016 
22583 16626 
61567 74055 
99260 19837 
9006 23127 
69982 90330 
54878 37348 
71000 95774 
38381 54035 
53943 86898 
5051 22474 
88717 12175 
45571 97610 
88522 39596 
54074 83128 
15828 61725 
12114 93085 
67353 22015 
45224 27191 
3340 15328 
17782 83792 
81865 83646 
28946 66781 
82426 49172 
47435 77879 
54730 1329 
76247 24127 
8380 81599 
69654 11932 
67074 90720 
34387 43641 
46960 76449 
34427 80355 
82958 46910 
84624 85599 
19135 94497 
62146 18438 
99645 8349 
86784 1801 
45254 99639 
21192 51967 
77171 63197 
20417 18616 
54646 51456 
16354 51293 
25736 42265 
57307 77795 
51675 40805 
35370 52739 
54423 67665 
25106 10440 
54267 50071 
25840 35238 
9777 51327 
46842 44536 
45907 44728 
99785 65089 
57743 62509 
66091 71409 
7147 27842 
88108 46730 
87483 8458 
92555 21529 
17620 14164 
92241 42413 
40595 97340 
27829 25028 
44584 5443 
5216 48664 
94243 77604 
56110 57339 
59021 73617 
99457 42440 
51713 72901 
9621 95328 
45280 83500 
3530 34851 
18913 56707 
43516 34334 
95311 11628 
15138 95350 
70336 35795 
80027 41484 
3482 42887 
22617 34277 
32992 36687 
6622 45690 
3013 51578 
32194 56656 
41833 14232 
37936 89708 
10018 98541 
23285 25117 
45188 26451 
76248 94660 
66206 1008 
79090 94857 
63713 44788 
30263 12399 
96218 56786 
64752 8513 
31382 93909 
76961 66112 
20646 29453 
50348 63848 
72032 40185 
76295 4561 
90731 26174 
971 92130 
89974 73009 
73485 20330 
35769 24794 
81182 10107 
78188 48078 
48679 7493 
39227 31849 
46079 33462 
72624 86785 
98761 59081 
84598 78125 
16272 64636 
6106 50865 
61042 29734 
36998 83418 
59000 92917 
40383 36426 
13638 13948 
51532 47131 
22687 69677 
79814 56514 
12259 15280 
24439 46341 
97180 46658 
95218 6353 
48212 6930 
28028 47991 
96942 90187 
11409 30394 
37358 9067 
95429 66835 
89470 9216 
36917 35320 
74802 33307 
46171 25787 
16196 60082 
39419 18139 
15072 69719 
68596 299 
78142 15864 
95400 3523 
62566 16767 
140 53434 
83594 13247 
67546 9511 
82018 79558 
71477 93246 
80052 14761 
88405 85731 
63760 86805 
5561 9127 
17744 49309 
53807 93287 
3534 1884 
87567 68758 
16938 18856 
54579 20428 
81636 28381 
46751 82297 
36345 84179 
63 53166 
51141 35518 
16256 65455 
64864 67565 
11948 44970 
69984 53849 
61853 58090 
83940 35355 
91940 54678 
36658 16615 
95663 79974 
72800 48207 
91783 46766 
14305 47151 
15859 30355 
53828 91996 
39139 73123 
52948 17735 
38356 62973 
349 27209 
97858 80462 
44641 30271 
11531 93155 
54097 19758 
66137 12517 
71310 94187 
29960 18643 
24605 41076 
41095 1153 
30027 1960 
88205 60786 
67817 50398 
3278 65555 
45512 27633 
40663 57740 
66160 97124 
99601 63600 
4599 98731 
58487 66319 
57358 6138 
28259 64592 
72460 16963 
99606 54130 
84248 33987 
54099 37469 
75331 28103 
32845 88648 
62858 8805 
7998 73639 
59515 66431 
82171 54849 
91030 91877 
48739 88585 
61425 24134 
82082 58066 
44829 23727 
90905 71372 
48440 21058 
60146 93685 
35023 42622 
27318 76202 
15326 75197 
87711 90346 
20899 88396 
99527 75160 
46000 99304 
64800 58265 
3661 29458 
94869 16283 
75395 74037 
30212 99342 
46704 75904 
73603 56104 
11194 72999 
12832 60670 
95005 66599 
54658 60802 
205 40089 
65182 38108 
90913 43137 
13490 95101 
49128 44544 
45216 61551 
8592 48561 
70564 43063 
34494 64059 
37378 18527 
54396 13735 
73997 29911 
61534 71381 
28942 97779 
5423 19261 
4849 39024 
56746 24773 
82647 59460 
83535 45824 
58600 43248 
3925 87720 
71641 63590 
87089 50874 
81320 94652 
58421 28292 
67750 13408 
27668 34505 
64046 41887 
99393 73535 
99099 95264 
44045 82461 
23885 69277 
4821 19292 
18074 21692 
90685 99115 
25356 76782 
59045 20835 
45673 9306 
23015 68360 
20491 44979 
27596 14710 
83235 48149 
26755 5252 
11208 54201 
59082 47181 
7582 44153 
63550 86345 
62465 51972 
98896 9654 
90574 41337 
30199 71564 
19725 87880 
24517 6491 
9104 55389 
53714 55546 
9233 60023 
37157 5582 
36541 75268 
69501 11305 
24635 42187 
69537 47091 
31648 14478 
54916 14140 
28438 85870 
94535 10740 
65970 18641 
15460 58656 
21841 16310 
44500 67046 
55732 61016 
45886 6804 
61446 66663 
75971 62877 
89245 82606 
13483 29816 
26365 19449 
39580 16748 
65842 58493 
35789 31937 
64240 49426 
39906 24213 
87359 97034 
50021 68846 
69693 87033 
95042 98775 
68182 3575 
96472 98641 
73713 46523 
30633 98681 
54860 65303 
63141 28297 
47510 87951 
68170 15010 
71320 38899 
63869 43477 
49339 7145 
92285 21431 
30686 47606 
47241 34589 
67818 72795 
6826 11031 
79719 19386 
58526 56979 
40246 54818 
14473 70600 
66899 22768 
1907 88158 
49453 13122 
79656 67764 
50162 82066 
75286 69937 
27674 40919 
59556 51353 
85302 78579 
74909 48379 
20989 81729 
12931 90403 
61066 69424 
92098 49445 
92823 64209 
21558 2177 
71946 80650 
49335 53237 
70033 23949 
84033 44592 
44687 56257 
47979 54713 
60096 6384 
66719 73454 
59535 69776 
24874 23781 
92910 69952 
21581 89878 
32219 30045 
40112 2650 
65729 33642 
5696 28294 
47715 37817 
43228 3335 
94741 38075 
62195 60427 
61775 74847 
90078 93206 
1813 14261 
47394 15633 
11257 32098 
7675 81472 
89908 79159 
13902 43001 
99267 8702 
29244 44483 
85704 2200 
84443 65593 
46126 38322 
46767 52758 
52912 11900 
76186 2214 
22175 24552 
53277 87610 
4828 36708 
60321 57120 
3447 91997 
72170 60267 
69620 99226 
66673 3035 
16203 84675 
95804 71387 
86874 7952 
68102 7875 
61361 68380 
80643 73846 
38909 15675 
4460 80574 
34830 18644 
71217 26691 
45380 38665 
30867 36394 
84763 942 
50162 53162 
74689 55804 
83 7120 
71746 74787 
36610 40650 
50704 31798 
13730 46518 
22940 78338 
80181 45507 
58325 33601 
2129 6457 
96187 75179 
22864 90580 
76390 34203 
17530 84084 
95100 69902 
26033 68367 
91451 22919 
50484 65434 
1152 24133 
84871 87689 
70929 66317 
4141 15883 
13781 29650 
77474 26760 
99167 88926 
86223 92810 
14517 20220 
20891 80550 
4897 67871 
3442 80885 
96164 28808 
31367 15339 
33632 60567 
68143 75355 
23035 21797 
11064 68334 
43501 9614 
51911 63726 
13268 66847 
8507 55261 
28049 94044 
45935 81230 
59231 16054 
25049 73809 
94502 21045 
12873 40467 
27036 11035 
64585 15819 
51034 77313 
39997 60618 
1181 41577 
48813 26112 
81532 84171 
28380 46609 
65319 14511 
45291 70844 
11384 25592 
77885 93630 
35193 14422 
80554 3278 
92808 43273 
52735 17384 
84738 62867 
35567 39867 
63229 17891 
37410 35475 
31365 7711 
45770 84537 
55229 80692 
17657 50306 
71450 99249 
52987 64054 
61578 24548 
46367 8895 
82042 34736 
81462 62381 
83865 8626 
79085 39987 
29797 77974 
35288 66898 
18252 75796 
88920 93861 
53166 85592 
39489 64390 
56842 26949 
95625 35219 
8845 96663 
72037 49683 
8214 21328 
68606 64545 
98505 67305 
59049 34829 
65608 97042 
88632 68329 
16817 56886 
30442 71714 
76287 30889 
78000 23546 
86787 97498 
58312 26007 
90601 81635 
33942 6784 
73417 3326 
25296 65306 
94254 85882 
25009 83393 
91713 1555 
95188 49404 
52297 676 
35235 77079 
50041 91460 
83073 35544 
18364 11987 
65809 45301 
94867 63312 
47240 36563 
87659 53205 
29048 10881 
47880 33750 
50154 94811 
97219 2796 
94424 25207 
51518 79255 
60732 59745 
1965 55249 
71416 63434 
63918 74357 
95203 82074 
80050 84467 
38944 77056 
69302 66242 
18820 62357 
46035 43731 
56167 54247 
94812 42364 
55673 16942 
75390 71387 
14388 63368 
49810 72735 
78887 49135 
68850 96393 
14852 80024 
28671 33516 
78462 38487 
10135 62860 
82197 23059 
43056 43548 
29015 86100 
95552 17741 
48312 49884 
74721 70481 
4707 78829 
38993 30800 
66384 86533 
64836 88114 
13598 60281 
80846 40998 
39891 92826 
80862 91620 
48715 21493 
54329 48449 
76308 88039 
26982 2263 
78093 49195 
87781 96075 
288 87471 
89114 18276 
21040 94524 
46395 10106 
86098 25293 
30508 93519 
82920 50104 
41937 93562 
94048 64071 
78959 50577 
45694 48370 
63953 91869 
20716 16364 
71637 59914 
36496 19027 
10982 74728 
97696 28772 
48563 41756 
21508 68536 
25291 3401 
98664 3832 
10730 72310 
97405 69523 
59642 77540 
39511 60158 
83903 986 
77623 72994 
29625 80702 
81320 56202 
54098 10246 
95725 81244 
30044 68698 
70938 28047 
65769 74731 
73132 44367 
18898 69904 
78928 16592 
98707 1298 
23476 68240 
97458 91686 
19645 84561 
64673 56614 
90851 46876 
39960 52076 
63223 48682 
89777 13947 
44220 57047 
51428 80836 
74219 77461 
73631 75792 
75244 78049 
57148 59051 
36695 29929 
41265 53974 
71804 24524 
52296 91407 
50498 35742 
28853 13865 
64477 5200 
65253 30262 
8496 42051 
69242 14365 
68233 45470 
13108 95689 
89552 77499 
68309 278 
66618 36674 
52875 60598 
26987 8772 
88163 28729 
10693 99997 
56926 95106 
37300 90058 
78198 36257 
29981 77853 
66175 89273 
18924 30837 
20026 78236 
77710 90670 
99512 98353 
55764 32370 
77296 97250 
57599 21934 
23010 79713 
85292 68288 
66417 2073 
4454 19419 
7420 15533 
15972 9673 
89204 63890 
15853 25464 
27466 40458 
3765 20010 
93453 61405 
57174 74207 
81464 18319 
22495 70419 
52479 31467 
87230 18653 
34772 37078 
87824 50539 
79610 6865 
76787 75474 
15589 16129 
19627 75467 
18667 47923 
17224 438 
16620 45105 
52501 14139 
76445 99548 
41596 32335 
81124 98318 
29206 89540 
88209 30355 
5382 68324 
76857 93985 
36774 26141 
32209 35529 
99157 58555 
86429 92379 
70075 44948 
34256 10043 
90487 32989 
67584 52036 
32593 31553 
28345 23893 
17281 98282 
61931 88170 
9182 27582 
64363 55981 
79883 67645 
55632 2433 
70561 20929 
78885 68280 
4176 11548 
20557 78152 
94326 35162 
70078 26938 
72937 42180 
89443 60202 
12236 43505 
42730 1947 
47740 69538 
43546 63636 
18535 57764 
14418 2025 
28648 92051 
16325 80228 
99091 67610 
98826 26347 
23979 9618 
41660 77058 
66095 30601 
7241 39775 
27391 71954 
116 6286 
8108 38327 
34228 3217 
24577 138 
41787 70258 
90209 9079 
18508 15753 
76806 44251 
89218 11078 
64009 82431 
95055 50192 
53604 64993 
48927 18787 
72306 16114 
79426 88665 
11821 52170 
85044 77296 
58133 10591 
50336 89928 
43361 17951 
33578 92213 
12983 11711 
21498 44993 
38828 27764 
60836 69692 
23952 66833 
18746 2738 
39372 56751 
94500 40462 
4594 34818 
3448 72140 
73983 84641 
80885 48167 
19226 75273 
8234 32753 
4509 66961 
46886 46157 
35474 67438 
76048 10099 
25660 45454 
70140 71877 
64802 34114 
18540 97589 
92264 85605 
85908 92985 
75810 71009 
34826 31626 
71042 54163 
84202 44353 
90051 6908 
56604 51532 
39162 74554 
75664 74 
95144 45049 
10676 935 
76848 23061 
29718 49636 
34944 61088 
14863 52249 
26304 53686 
13511 72385 
61527 58069 
48347 60912 
14208 64559 
85155 29430 
58774 3756 
62444 80994 
60066 43804 
19790 17124 
72302 748 
22831 98837 
17670 57744 
71977 51267 
5515 64747 
99240 66352 
21930 69330 
2943 76165 
66540 11379 
43635 40627 
38358 99703 
26196 17691 
75819 76955 
22885 61481 
37452 70756 
50014 24490 
69107 23571 
96953 23594 
41261 91608 
20333 66458 
55661 3920 
58613 24879 
14382 76865 
92551 84649 
16374 86229 
75715 97712 
96669 9567 
85755 11745 
51618 64688 
2009 54668 
99911 86714 
97892 7226 
13572 5789 
47543 5414 
15745 10246 
85406 76386 
82791 5932 
24656 26384 
7073 11390 
35839 67332 
73783 60725 
10581 89889 
80245 21248 
86934 65112 
79368 71339 
92664 84293 
60276 25522 
70733 27105 
88572 38322 
87230 81903 
16365 66268 
86204 28816 
37829 18265 
48096 36214 
9976 78567 
28906 14227 
80260 43705 
5762 15137 
62746 75004 
31201 69825 
82785 31654 
3281 1869 
66499 15854 
91538 66464 
85841 31150 
19834 20033 
82607 27841 
96324 38196 
85469 85220 
98021 64733 
2994 59401 
62890 92210 
22535 7643 
15887 46164 
70020 85295 
57075 69023 
88855 99902 
69688 77415 
77532 98495 
63942 97057 
84982 58720 
58436 63115 
333 52223 
15135 10757 
89429 49574 
86206 70545 
24345 40031 
1408 26372 
24083 46562 
23253 89879 
74726 26809 
23826 94551 
25591 64034 
91931 15177 
64205 68629 
62155 73897 
57468 30360 
68441 2773 
8910 84296 
63974 94609 
22704 79243 
16420 88715 
83942 66507 
82999 6361 
61625 58945 
93393 71866 
15968 45505 
20156 29559 
44784 84844 
96087 94346 
35104 43123 
45905 54108 
95646 85685 
35648 75920 
33336 80103 
7338 54839 
2823 18939 
58751 83994 
1764 24583 
48565 17737 
6635 55645 
55637 45854 
43923 94646 
97902 96098 
69762 60131 
21080 34787 
87452 52813 
377 40769 
66742 15011 
59314 86721 
41372 55383 
99071 73611 
52098 66835 
48917 29041 
71244 44498 
93809 98313 
91842 92791 
8685 28194 
89467 95831 
30716 67715 
68136 13854 
30502 87758 
82984 59787 
1155 51764 
91862 4762 
70221 53578 
25669 59106 
53560 75258 
82881 76219 
12583 7643 
47644 30761 
46682 19506 
2734 29704 
51169 57327 
58807 25033 
97766 7057 
49563 10296 
49421 51633 
48830 99672 
4166 13631 
50002 7882 
73743 81091 
10896 72009 
41923 76386 
7817 82159 
14680 42943 
61430 16939 
69821 92683 
94061 11805 
37219 78260 
53109 23636 
92420 28464 
88492 93225 
26208 12626 
3394 48919 
60617 80405 
7044 39245 
17910 57039 
85873 30128 
13205 60969 
75101 53161 
33717 50656 
56660 45438 
87990 511 
31341 78524 
57034 52035 
13126 34466 
55944 85566 
71922 50052 
19344 10512 
7227 17088 
56940 77470 
69767 96065 
86478 74350 
60696 73337 
40564 80446 
28726 67831 
61104 17297 
54355 72292 
40524 53303 
57363 96210 
42444 90206 
88830 62827 
36188 83885 
72155 989 
9242 29351 
38915 64133 
79733 70404 
64846 3305 
16994 78072 
48865 18883 
92463 78818 
93740 16532 
25462 3401 
40880 96947 
58768 70366 
83691 16044 
97478 14311 
34036 62540 
71278 18428 
44552 13217 
35061 13210 
95949 42687 
5700 58830 
42859 84089 
43860 37347 
74420 59916 
28868 42748 
86503 28047 
41942 71749 
81324 17045 
68520 86347 
7166 56945 
53930 40340 
26034 46972 
98313 36287 
50282 40036 
56524 6885 
20611 65348 
16591 95258 
7289 55111 
66404 42384 
4059 89032 
22430 76659 
49935 21237 
86541 40583 
57880 8211 
17471 82585 
51414 13485 
51925 88214 
10218 25077 
87049 24239 
4081 85034 
40732 21625 
50849 96962 
39147 28939 
68528 47046 
41942 26432 
4279 46801 
4684 2828 
13774 81704 
95421 61839 
33221 28834 
27647 43452 
33345 88794 
45489 16252 
69714 62429 
98595 21338 
47002 91241 
73985 25854 
96155 71912 
10042 74709 
22882 49960 
3847 12752 
23493 95307 
37236 86487 
79828 63447 
89220 24361 
38879 49859 
72850 37709 
54663 52475 
33108 80649 
20011 67254 
69102 56516 
44172 55292 
98591 60894 
38447 36399 
65818 6837 
56575 83717 
4615 86588 
99168 16680 
7956 85919 
32231 15528 
22375 82128 
88629 9567 
81102 24847 
18362 23510 
13304 19944 
28584 1471 
18457 11183 
7544 66587 
74691 81688 
57948 15730 
57834 77871 
74752 93396 
83930 92143 
89951 36634 
52170 27556 
72694 33725 
57431 7477 
16860 93362 
62082 86436 
70237 78173 
65192 64495 
59532 16721 
83972 6818 
43652 71450 
67068 22520 
84062 6600 
92201 62492 
55482 69695 
61733 54549 
32796 73000 
98849 6077 
80762 37199 
64364 69322 
41959 38554 
59571 82474 
65384 82939 
54052 70952 
43197 15409 
79077 17574 
26364 62293 
56968 87741 
71255 94383 
94730 26355 
28765 94342 
56286 26840 
25093 9262 
41803 9507 
99063 70150 
44896 36381 
54692 64147 
28893 32735 
59707 52395 
61896 81728 
70802 36732 
77010 7871 
94635 91769 
78914 67491 
99932 95411 
867 19937 
80532 10510 
27239 61928 
31803 93091 
35873 69311 
43570 28476 
81806 5395 
31574 25624 
39353 23116 
26417 32148 
43031 9474 
14074 67720 
19509 94994 
75265 11938 
82526 78420 
2318 24261 
70638 97390 
81653 18219 
43698 9570 
17577 59883 
18117 35495 
38847 11439 
13254 54354 
73260 94730 
1682 36983 
97541 6738 
4626 46548 
69874 79267 
50505 36695 
30647 38427 
19331 29411 
13338 86043 
28590 60384 
41937 94754 
77289 38345 
3894 81290 
54009 76702 
78306 98320 
32093 20717 
67912 64259 
20479 11522 
30423 32546 
12280 99492 
29828 87170 
74810 43782 
31526 39586 
54587 12305 
46490 93682 
28733 26956 
89138 40072 
20225 82624 
51183 38760 
8626 5310 
9462 50080 
10186 4635 
79588 77837 
71649 19083 
99229 95705 
20589 48501 
74954 38159 
41811 17728 
54751 50652 
4092 17621 
94733 10203 
44477 25357 
72960 47211 
28375 14546 
65957 22068 
42837 27531 
44186 36021 
47724 97177 
61613 84712 
4846 73530 
11450 95011 
28710 31899 
95290 20937 
54162 13258 
6028 12908 
96006 75280 
56356 16019 
83581 12901 
94058 97700 
89327 40987 
32939 52854 
34501 18505 
93958 85446 
47539 33547 
94963 19532 
70916 61589 
49407 49832 
60929 55608 
