72919 20440 
44325 16598 
71715 86613 
83739 54597 
60202 96126 
87294 44170 
87363 46359 
80395 87085 
41795 68215 
56526 31667 
55111 62787 
1014 81683 
81564 70509 
12506 97638 
77753 47963 
95664 4752 
87603 18971 
56516 52454 
97310 61277 
17893 53893 
62510 87841 
86615 70817 
25677 82660 
46282 99089 
35596 55050 
20024 53184 
52715 83414 
46042 44206 
74306 29818 
35441 95263 
41560 20045 
36678 40510 
97105 316 
13799 9703 
45907 1491 
56724 8826 
35101 64310 
80983 69141 
9042 5139 
41568 51992 
14679 30647 
81026 64716 
29383 42014 
55393 64238 
58388 4492 
33289 99226 
2294 96534 
43231 69138 
26375 94205 
52153 59038 
72945 91226 
94167 42775 
45610 2741 
32727 33911 
59972 51790 
31686 3752 
99180 91471 
31098 78866 
34719 72895 
72200 76705 
72909 29307 
92632 37237 
65808 10110 
17756 60935 
81579 65037 
6846 69060 
63822 48358 
73944 60831 
22009 85738 
92357 53928 
85848 22270 
9025 59690 
25263 49177 
40441 62447 
84664 88848 
95293 43607 
5248 3081 
70702 15457 
12322 77820 
98681 7048 
25974 29169 
77370 75131 
12895 70072 
7632 96770 
34740 74840 
69749 37114 
64165 79554 
17253 75709 
33499 60395 
35328 17829 
52994 39059 
9761 13489 
85691 74706 
79070 56098 
94172 15237 
97240 35192 
80791 97199 
17388 73215 
27487 3277 
17725 85024 
3842 9053 
30342 60618 
52792 76603 
628 86516 
82246 81513 
548 89285 
87826 92013 
42521 5912 
7063 54190 
92339 60018 
58570 75621 
59296 50375 
51108 41252 
49675 38732 
56887 40016 
5706 57654 
31081 28392 
16326 45908 
25223 8017 
78318 58850 
86025 48465 
6843 94341 
53125 43411 
42886 20929 
69354 48685 
81834 94320 
95356 14076 
52152 619 
76735 87265 
6055 70399 
46358 37874 
45107 66322 
57078 22407 
92835 58872 
30829 86697 
43717 69698 
78903 81513 
63356 80120 
95201 49075 
88127 73557 
49347 23525 
74296 4951 
9750 76718 
76369 67685 
8090 32273 
92346 59084 
16136 65388 
99582 29265 
43439 3725 
19137 34913 
80119 45508 
88759 9525 
2868 15033 
95068 4695 
34220 82862 
14044 53247 
95252 88262 
35569 54297 
20107 14824 
2585 82793 
7076 86691 
78302 81650 
65441 72461 
65968 3268 
79881 6582 
44828 29050 
54983 63935 
53237 10488 
21211 52304 
45240 43432 
80704 19571 
70529 8359 
46329 7702 
79297 83780 
80671 24004 
33327 67346 
72966 41605 
12553 19804 
1473 85768 
42353 80636 
16366 10361 
31020 91012 
43957 19747 
99118 99666 
56903 45288 
2855 20339 
77035 42855 
2135 55635 
77521 37937 
609 1462 
29330 8350 
89831 98653 
93274 61052 
62546 3943 
93422 29166 
21147 11164 
20225 88123 
96535 65337 
2469 65655 
9860 77279 
55974 99417 
55058 64415 
63960 78131 
53641 14669 
69081 87380 
34817 94635 
60367 69606 
23857 652 
19641 99305 
79485 82004 
51468 69108 
7139 49115 
58289 80145 
89096 16472 
38097 30971 
14728 19912 
75893 3380 
64601 90996 
72094 50488 
617 67383 
1201 2807 
41103 67421 
22218 21321 
54505 59630 
68709 43162 
88278 13309 
30789 85051 
60574 25187 
4019 92454 
81516 78867 
20823 48273 
38113 8736 
98946 83904 
72281 8105 
38427 67602 
4995 42498 
73641 80381 
11210 3374 
40223 28011 
30031 64949 
48002 79229 
2472 87416 
60560 64865 
65209 43491 
69633 20364 
92894 32074 
18282 5059 
73842 82733 
70615 85544 
24382 47794 
47821 27642 
95630 25006 
50359 1698 
3139 53070 
64379 69324 
14667 74766 
6806 86206 
64198 67964 
97960 25244 
21390 3520 
63236 97008 
34801 848 
56023 20410 
84501 16918 
62958 75465 
25117 22501 
99523 52180 
73869 90644 
29139 94816 
99832 46713 
42098 29191 
432 6757 
12044 52168 
9112 61521 
7175 57117 
64109 47123 
70947 66878 
82477 80237 
2758 46652 
25750 25560 
62986 73228 
14070 6388 
98661 44103 
44119 65365 
36220 20290 
92870 31725 
15956 9995 
43952 53842 
49160 16858 
56336 11433 
63404 96058 
6076 30476 
64031 84353 
71016 85689 
80618 96013 
95635 90405 
86042 5575 
68635 41695 
72751 70525 
69410 9813 
45924 82210 
91163 35349 
46451 71726 
28276 24900 
47994 38965 
23398 16670 
81857 17694 
5784 21057 
31026 37242 
16566 28140 
404 92285 
8910 13901 
14184 86215 
31461 70084 
13204 70690 
51964 28795 
25287 64235 
54640 52243 
59755 96142 
49691 10502 
33662 88413 
66176 75675 
71767 58120 
60575 19619 
34872 95312 
62509 14122 
21847 47483 
96351 97420 
59558 20608 
62891 88991 
41823 88893 
38758 5750 
3685 90628 
52940 57083 
20467 75931 
29541 73625 
2436 63644 
43838 55210 
15389 59303 
24707 7160 
95040 83830 
50665 70850 
38856 63508 
29072 44476 
52780 35751 
18402 32968 
2313 32378 
52098 62227 
67467 12290 
49106 42153 
29369 28869 
51039 65379 
22623 33906 
8784 84206 
72002 39496 
52418 16896 
94662 82094 
17474 96329 
89772 58801 
67841 88956 
56316 34961 
51051 80035 
76784 54259 
45175 42356 
79579 17799 
8274 79948 
46178 36982 
21089 65731 
60440 6534 
21585 72610 
6919 88647 
65998 31237 
12658 46966 
15189 34445 
92628 20012 
37401 48335 
2857 77665 
38912 83026 
27249 61423 
82639 22318 
24197 69440 
31365 10772 
37303 10704 
57097 49221 
30898 19240 
90929 55229 
45486 88812 
48850 3755 
80866 61413 
58073 75067 
5395 78650 
25777 1902 
58702 84180 
37520 25938 
62138 47443 
46163 44821 
76354 64242 
13778 55333 
48595 78040 
98792 75694 
73679 57394 
38559 60584 
52087 59559 
63557 6162 
66170 8038 
93584 79141 
11242 12753 
8603 93984 
12135 65500 
57310 5274 
27793 50488 
65010 78570 
96570 20017 
29079 52341 
3102 98721 
45039 6013 
54014 96311 
89214 4753 
34150 28384 
94952 275 
77633 67618 
98568 28791 
28787 73542 
98432 62166 
86804 78083 
66062 36399 
24977 36232 
71599 2743 
50477 86389 
37695 21107 
23824 3372 
15657 42790 
88563 68536 
85572 10220 
71148 26118 
18182 34999 
98617 42636 
454 2415 
47352 37080 
19053 90515 
80100 3634 
16339 84879 
50373 5767 
82069 16461 
53456 80835 
20601 49139 
81469 57665 
38237 96103 
96292 56131 
28193 49723 
68605 7340 
91772 68290 
43923 5817 
23440 74783 
87215 80940 
4809 87801 
26537 53889 
97931 22835 
63097 28508 
1850 73258 
40256 49713 
38017 4743 
67201 51483 
59953 74221 
74356 7955 
40455 15100 
37098 95782 
75696 14131 
41912 73666 
59689 42133 
84867 85856 
24914 90724 
86128 405 
15292 10286 
76190 110 
56226 40562 
59631 54306 
13096 74617 
90398 13080 
84384 99328 
98973 81956 
58503 11140 
96262 54745 
74442 14509 
41634 4999 
65516 72271 
3263 62389 
32766 92130 
57767 29340 
89988 1501 
73131 25373 
45904 84160 
93964 81850 
40615 26449 
1407 48238 
33330 48242 
51307 12450 
46182 74428 
3796 82506 
5076 36381 
44964 24481 
82585 79669 
67077 2584 
40266 94240 
17607 21241 
88134 76343 
49338 26151 
27577 77673 
3900 81572 
20670 96517 
39294 4431 
33623 18139 
68344 2409 
34986 17192 
9462 32729 
90310 93650 
63723 71162 
84094 25561 
22958 56635 
17137 86870 
82437 55827 
72836 96619 
78672 74270 
19493 37029 
97970 25725 
17363 2285 
4601 59983 
28951 17280 
18772 40748 
88994 96154 
34094 59873 
76570 94138 
1810 72006 
45972 43039 
24779 34536 
15232 50651 
98064 41777 
81631 87425 
4938 49429 
32022 79937 
27224 95624 
42495 80000 
57099 38230 
16668 80726 
3861 44605 
94814 6375 
73598 89607 
77061 11557 
62332 40436 
43067 87155 
43896 32753 
17861 85258 
52690 71513 
28934 43499 
58395 22114 
23220 10356 
4857 92678 
64259 47293 
38541 46678 
9614 11067 
83340 26633 
76525 101 
27959 14214 
39831 82484 
79731 99860 
70340 10016 
4399 85872 
14100 62625 
15290 986 
33472 60561 
97255 61512 
79396 27972 
50841 74431 
40930 90771 
20418 41163 
22930 44141 
26276 87277 
35615 30616 
55242 13008 
40843 28330 
76915 32212 
89052 60883 
43367 43271 
98108 5175 
98995 54461 
70731 91667 
74187 68414 
20680 62667 
61551 15590 
79557 78620 
76710 15014 
85876 39759 
86956 32068 
15926 21086 
50599 97737 
2035 2317 
47385 51483 
97960 11265 
96122 70770 
93448 89039 
49467 54302 
50396 28554 
27824 33129 
31588 33994 
4396 94064 
19652 98201 
81643 13211 
78644 97426 
5762 13900 
93595 58406 
50268 82999 
34392 61448 
62363 2260 
29508 5021 
6481 77297 
2399 72275 
58276 75757 
18788 7989 
99265 18395 
16588 35648 
37446 2002 
41885 18646 
32441 71544 
94178 97064 
35051 321 
91993 12049 
60585 81648 
6009 63478 
2924 83259 
71014 33458 
62012 66547 
80273 48100 
1287 26745 
86314 43115 
73580 67287 
80670 44941 
54062 81822 
1774 78457 
97079 80777 
24990 64736 
90035 65816 
21668 77914 
11978 25209 
35158 88892 
17124 95861 
10867 35423 
54288 13640 
34734 23104 
2030 52638 
79900 79797 
46310 36128 
34906 57272 
52526 87249 
88376 98104 
87041 75804 
74974 63365 
24660 9091 
45288 47175 
37981 9281 
8356 87872 
2128 17645 
9716 22407 
64139 66786 
50111 20475 
20084 66048 
20439 77977 
14978 52401 
27021 45600 
30667 69352 
7977 17621 
55067 49813 
96224 8463 
32483 95361 
67578 123 
79228 63956 
23429 52274 
11336 928 
96658 28640 
71910 73940 
36718 8227 
64456 1612 
25226 18012 
95585 97655 
96961 44920 
5494 87577 
92788 59208 
17916 93441 
50851 8847 
72553 23631 
50266 25022 
12465 49219 
57580 12597 
86521 96293 
90437 86186 
92707 34463 
5166 52413 
31956 95777 
35405 32030 
64120 15418 
57453 61730 
57819 45781 
34630 14822 
4112 58941 
97797 32365 
20289 18986 
52023 61948 
4550 75369 
60455 59960 
14946 1132 
45629 25047 
36660 75787 
65683 95356 
70580 91586 
68409 60271 
23061 44107 
99577 8510 
1893 53272 
43631 58780 
26701 49336 
4656 96620 
43358 49873 
93401 71643 
91457 48419 
72210 93069 
11503 33175 
23836 98255 
94172 55068 
52431 58867 
67888 68461 
95399 32439 
92880 74940 
23332 63189 
80029 10839 
31916 85354 
81005 32582 
84484 84688 
2555 70387 
46781 29360 
82282 40516 
66576 90196 
25836 29028 
89875 31971 
46172 85852 
72817 72471 
64380 96992 
43707 74048 
28545 34840 
93198 53621 
82235 21787 
22295 71371 
67376 80729 
57621 85845 
77682 87556 
51309 43712 
88242 85341 
18926 6144 
74472 67708 
32975 585 
99374 89731 
81817 26626 
91879 18716 
24278 37772 
61028 94351 
18708 67056 
90840 27978 
81960 63806 
38950 34079 
38505 61289 
18428 53627 
52838 519 
76686 98528 
99343 94229 
97949 19178 
12961 26811 
46523 73008 
81286 50949 
36909 50909 
84111 59788 
63804 548 
60010 84615 
50124 70860 
81170 92387 
74399 90346 
47488 34861 
20245 83348 
68873 31652 
50094 23067 
90684 53245 
42948 17881 
31453 6786 
51658 28352 
44277 17435 
29070 16367 
83700 41126 
44357 34943 
58438 40759 
60947 77506 
76949 7185 
75688 18820 
47655 8768 
25228 96259 
78508 8889 
50081 99722 
31647 99440 
69416 61277 
28050 60167 
60357 61459 
64358 68684 
54422 98191 
99476 54020 
60686 96399 
92071 7766 
379 71646 
21773 41216 
90826 99522 
6636 4306 
47995 83971 
37370 62754 
86404 62433 
84839 63487 
82700 33377 
1526 5229 
34999 42716 
29928 71121 
93861 19576 
51248 73250 
62805 9037 
56310 5200 
66327 9706 
97262 98040 
61622 87367 
83426 27584 
26567 2455 
17560 26371 
90962 58730 
29840 12459 
90676 53278 
56022 58963 
15013 83858 
23532 93218 
86501 48591 
54643 32492 
59251 55151 
69432 34385 
47163 41839 
72874 64352 
96439 1325 
40201 60244 
98242 89328 
72595 4308 
96803 95145 
81273 96800 
85872 48700 
72235 62173 
2132 39629 
46180 8718 
18046 27968 
98551 5668 
8584 33113 
3169 37877 
16359 97964 
89592 47589 
67945 38579 
79133 75187 
478 6132 
27346 66424 
42126 7620 
31865 22299 
52605 54519 
3608 29572 
70649 34440 
66660 24859 
34178 29884 
47564 13290 
35893 40284 
38263 83940 
52106 98798 
68620 38519 
35870 13686 
4206 77292 
96774 5626 
92984 66722 
99287 56916 
20519 47059 
99103 36302 
97527 24886 
2669 14034 
95858 35593 
78929 35751 
69416 53811 
74300 80930 
45042 76012 
81953 91892 
45071 98844 
94758 22737 
8036 69141 
27541 24069 
6920 87191 
28800 49024 
25376 3475 
14640 38843 
41506 60943 
48364 22142 
86072 99813 
58064 40996 
87428 59967 
31464 99122 
88979 87186 
52429 12668 
26660 73796 
46724 32517 
83683 41741 
85989 98504 
97744 6655 
58344 80578 
81885 45203 
51658 59701 
34384 24777 
11229 2143 
55329 44571 
27456 84847 
57946 80134 
81083 36655 
61264 19675 
23674 70453 
77396 29734 
99204 94668 
61470 90246 
19003 9043 
75169 94622 
86763 9261 
25866 19133 
32903 47729 
82512 27722 
58330 23729 
36703 93304 
6468 5123 
72785 84665 
79401 15954 
34365 89289 
89069 59512 
26271 16744 
87709 84843 
70799 54683 
53020 46154 
44972 30133 
13076 49217 
61580 62363 
83549 26614 
20946 80513 
55564 34558 
52627 19056 
16333 18013 
86670 97246 
6708 47986 
42600 34908 
19865 95088 
954 56232 
23583 66872 
26967 85669 
44909 2944 
48934 45604 
90472 91462 
54791 24170 
88328 43411 
59641 93381 
27909 36920 
14216 22701 
43529 22865 
69674 51240 
33850 65168 
87698 52950 
34809 74431 
86481 53528 
66755 81920 
42982 35138 
57853 92448 
29783 95681 
5325 49292 
50837 12986 
73661 42078 
54638 1152 
44680 89395 
45576 36164 
28160 31967 
84664 71034 
13724 79279 
69372 56851 
94775 62839 
8946 35479 
23488 62647 
66381 72063 
62223 89908 
21136 51080 
81188 28697 
17694 68366 
14784 62009 
4258 13342 
29782 33512 
33127 50644 
77334 25340 
89741 78389 
97791 64369 
40878 61531 
22395 4690 
44195 13047 
69142 72367 
41045 23176 
61460 63 
62437 17444 
7801 23766 
14042 57964 
67878 61574 
70291 89260 
96964 45412 
99916 69839 
3546 30514 
65680 23787 
77574 64669 
89587 92868 
46683 59477 
51515 68909 
95921 69212 
94015 38694 
42954 49435 
38902 79179 
95097 37099 
82333 99503 
27200 66649 
24193 38101 
10075 12506 
4934 88166 
88049 27319 
68373 42776 
51165 27504 
42547 22176 
72667 62844 
32323 70053 
85628 95286 
47309 83041 
53920 3608 
46460 68314 
52202 25221 
66855 7752 
7208 44156 
18271 44044 
68312 35135 
67430 93985 
69241 77668 
6269 37321 
14725 61199 
97054 25671 
76019 12622 
13865 5375 
7421 90833 
54741 50569 
2281 9520 
81690 58338 
91442 68988 
56803 66492 
49693 592 
81878 16352 
16482 53231 
16234 97821 
56040 80344 
42817 82152 
78994 17993 
76216 68945 
22682 79861 
57899 48278 
40567 33389 
63733 6282 
82543 62744 
56770 83054 
57343 68996 
54338 25497 
55906 5571 
42602 64468 
80249 97977 
64066 85587 
66261 50782 
23905 56107 
10790 1944 
9518 16443 
13497 44871 
94393 44271 
22192 1948 
2133 51557 
26678 99775 
39412 80426 
80641 65996 
67662 22499 
43688 40354 
72461 98115 
26391 68469 
6857 96807 
90000 25857 
30305 98484 
99513 1846 
38391 65929 
53838 58250 
80211 23563 
20040 66121 
90033 14870 
79999 15314 
17806 61424 
57279 86301 
29078 30166 
29600 71388 
59091 52388 
48054 33371 
48063 27838 
78008 93669 
55111 90390 
48652 49133 
46778 7965 
48233 26925 
82808 38662 
30223 294 
76584 67515 
2041 4553 
90560 3874 
52416 12195 
38058 28069 
36049 48838 
1939 37859 
75007 57580 
47984 60092 
55073 48325 
6183 61081 
92287 794 
16699 10381 
20001 25184 
88922 26976 
99977 22790 
1812 64330 
92440 30464 
81646 71305 
29429 77346 
29311 99663 
23418 30123 
33454 15669 
8891 53886 
98077 13262 
58398 69728 
33586 19320 
36593 47280 
8818 27745 
55873 30710 
38262 98405 
75415 60028 
83436 9415 
41810 16077 
80334 56795 
3917 87217 
65849 54250 
47197 28452 
65278 97628 
83480 59629 
20276 23540 
980 28360 
82032 9715 
26344 45413 
68010 35839 
75629 85623 
82200 47943 
74283 35685 
28683 46861 
7624 61771 
6139 51823 
22704 64470 
57051 73961 
40110 86359 
59440 71314 
49929 38362 
91305 46843 
59987 15068 
68325 94074 
36417 76302 
53926 91133 
26718 82505 
67468 93275 
83710 84855 
71104 76467 
15094 87559 
98761 40111 
67847 19383 
1733 85722 
19243 74237 
24543 50166 
87029 6509 
91997 87033 
90142 95850 
83796 57749 
88295 28247 
96562 15252 
3896 75444 
44839 37371 
82964 93208 
32392 94465 
83044 368 
33025 16477 
85632 45258 
56212 58226 
18174 13877 
36958 48587 
36466 85026 
81610 49144 
62096 91638 
21750 40983 
91572 4651 
76822 4456 
93848 16064 
2831 56090 
91208 61151 
9199 59244 
74798 86332 
58825 30679 
40587 38828 
27373 23914 
44105 26995 
87016 82038 
63066 76064 
97141 17598 
25810 83083 
29904 95260 
10459 56932 
32089 64105 
44820 14563 
26385 10772 
40249 92992 
84949 82069 
74050 28067 
66063 56263 
94479 45673 
90734 25939 
59983 8777 
50198 92139 
40058 64624 
77647 59437 
98933 40344 
87830 64652 
55281 42432 
86786 68137 
61248 25745 
80570 85837 
72298 11092 
66656 42807 
85748 46968 
74591 84413 
10321 30623 
33515 90141 
91638 26408 
83328 96763 
59321 45220 
13555 52534 
80182 77868 
9397 92166 
98990 7326 
7945 43541 
23385 60059 
19262 51387 
62718 95033 
46744 30650 
61973 70485 
49153 42796 
81376 73177 
22705 22022 
59907 42608 
45761 65136 
66643 73539 
20986 38826 
87719 34180 
70209 51092 
18661 94534 
85776 79824 
31932 19631 
18844 50797 
67782 45773 
89857 9833 
52815 24410 
39328 39411 
85160 87903 
98124 28716 
37761 64168 
45579 17932 
21969 43102 
41065 2531 
22534 76664 
60053 1351 
62002 76629 
39227 63490 
77666 59301 
36894 13316 
97426 74809 
44680 10362 
82254 50167 
44466 31438 
62447 69857 
90492 65964 
32438 15485 
10779 52376 
84662 86923 
64240 73372 
56818 31351 
60331 70841 
38853 13751 
46559 37509 
36069 72657 
95876 91666 
13000 18337 
80755 43735 
49039 47091 
3635 19083 
21271 64988 
64498 10085 
92573 37098 
85466 92336 
23751 4169 
79599 54801 
47345 37703 
46511 61787 
37692 36512 
903 85793 
86956 3072 
91834 24637 
50027 76409 
50295 43661 
52565 39716 
10561 64425 
65930 65552 
86862 54948 
40320 9222 
51043 63423 
53190 11819 
49187 77220 
73853 28399 
15562 82087 
67142 53910 
90833 42662 
59107 79737 
28081 24686 
65952 77100 
75004 31790 
43755 70061 
53568 35268 
50994 30515 
19402 33946 
28488 282 
72406 93090 
92105 21328 
7317 76202 
2419 34118 
38398 1662 
22468 86238 
5932 27325 
99891 78696 
73889 90535 
12900 65658 
57887 8428 
937 14914 
80520 73985 
60304 30974 
37105 66970 
22666 40451 
69130 35726 
50056 40284 
84896 95719 
73839 13326 
37319 33800 
77087 22994 
67355 3346 
69899 8884 
48185 44767 
35426 18674 
20076 68265 
30721 28116 
88762 91367 
10977 20556 
71188 32378 
8355 20184 
11664 22759 
37286 99067 
58731 16360 
17011 7061 
88451 41505 
99070 5790 
83397 63122 
62572 23159 
28238 96425 
93274 83237 
62638 41094 
93882 7847 
40064 85470 
82412 30837 
77165 63970 
23091 13752 
42522 37747 
99973 2516 
25853 8554 
87305 18720 
49191 68848 
92644 36265 
30061 37351 
48828 54339 
83356 28611 
9125 41094 
53395 57538 
56237 88914 
558 85464 
70293 91746 
27919 72962 
13582 27778 
22474 16482 
80491 6578 
2830 10795 
29953 18838 
10644 97309 
64699 8994 
56622 29507 
46693 76237 
33568 11080 
41354 97814 
38740 39768 
64522 60031 
5684 20479 
65590 76979 
31761 94955 
17831 74774 
1737 72083 
2657 19980 
50085 32864 
68418 74881 
75068 27130 
16289 69396 
16195 75312 
15930 89695 
33326 37840 
81785 96943 
80455 17229 
47274 6110 
50127 13452 
58568 74408 
75499 61910 
72266 71671 
16166 45098 
81989 30880 
21211 84049 
17779 6026 
58313 83658 
59139 96647 
21301 27210 
77666 33621 
80190 89750 
78444 59167 
17522 67359 
40709 75539 
2763 99980 
67788 81489 
92509 99121 
43870 63361 
8449 78596 
60957 58532 
37286 26372 
23108 62946 
17263 48696 
57146 11588 
24434 63837 
59023 21022 
48519 22117 
83309 46473 
52947 81318 
39600 72474 
46596 72159 
94108 25678 
55795 47187 
87311 71227 
74292 18270 
69239 29945 
86195 52807 
22849 32599 
2279 16849 
92884 9638 
23624 24499 
62744 40 
48166 77293 
25071 51307 
65570 54703 
73155 74121 
43702 47439 
99695 9832 
96056 8984 
27068 66679 
33618 37532 
8976 81542 
46940 90508 
37195 68011 
34639 76874 
59110 18700 
93010 68635 
61827 39990 
8169 22275 
6883 10736 
46886 3275 
5900 73020 
25170 62469 
12021 82629 
44759 21638 
64561 69693 
26750 87611 
65022 85824 
38961 29025 
81473 43059 
8978 18022 
75262 82076 
38399 60301 
19147 42390 
85439 11298 
29115 45606 
62857 3684 
63553 44334 
6044 91943 
52869 33971 
2196 53499 
10280 72340 
35610 72651 
40201 3024 
96449 73534 
4514 32259 
20732 61394 
28972 66372 
77838 77635 
32092 76999 
98455 73439 
37108 24705 
40734 59185 
83907 38129 
25263 92451 
92341 15398 
30559 26112 
40916 87326 
29907 49808 
15560 57772 
67664 23053 
52040 15552 
18579 16280 
42561 94414 
47177 47330 
2187 42853 
85952 25209 
93929 53920 
80866 90366 
92705 96663 
10602 71325 
27856 85496 
72001 61190 
81487 21524 
38327 54349 
35624 40755 
39253 73670 
55037 8086 
81878 61515 
64547 3151 
30639 4113 
29725 54298 
90616 8154 
78123 90401 
93525 50868 
4522 96672 
68616 80485 
88157 80308 
91702 52586 
12467 74514 
44728 49748 
18646 35373 
85563 46762 
43138 15002 
23114 51817 
86151 26572 
16382 75210 
33394 52027 
67774 51450 
6467 81715 
60714 68111 
48643 16651 
99579 35290 
62317 8746 
45940 63269 
1916 62110 
9328 2784 
91866 69404 
42962 42218 
83000 11222 
15336 49146 
82795 3614 
77069 89822 
94910 39114 
19084 59505 
81726 30015 
22991 9012 
19943 29142 
37427 58382 
53737 72997 
75155 47293 
62611 64903 
14898 83641 
51763 91661 
9148 16665 
41684 46229 
44602 79042 
80613 11068 
75430 13598 
28639 42049 
51228 24552 
65405 81191 
91280 70710 
54762 18018 
14698 48538 
59156 13937 
22012 96770 
34169 1793 
37955 91002 
49307 73655 
67475 86686 
75030 73858 
87415 11978 
47949 21496 
94836 8108 
76235 96775 
59604 64249 
75505 39037 
83688 96289 
31787 20770 
52474 74514 
72650 81539 
74475 13844 
90183 28524 
44949 2149 
216 36252 
36260 57047 
41043 7077 
13172 69704 
11863 86136 
94856 15315 
26260 59721 
37014 84276 
9274 4408 
87325 15502 
97933 95790 
75324 93892 
14640 30284 
33864 7663 
70346 61219 
13459 48059 
20207 1335 
43107 73916 
38266 97773 
11598 56599 
99636 42814 
91833 67045 
58820 43838 
7361 65933 
90961 39379 
45116 10488 
19217 14658 
51241 96934 
85894 39571 
7931 16353 
37580 24915 
78382 13505 
85253 68463 
24220 3088 
69160 41539 
45192 16017 
5274 48855 
64441 19464 
15188 79633 
84334 78739 
44574 56410 
67622 6503 
56640 79424 
56590 75421 
46528 59128 
28920 53989 
60169 27100 
3125 62150 
16832 16534 
48717 33207 
28486 7456 
26667 11630 
81009 38990 
84259 12550 
92438 1208 
55105 18025 
91630 32500 
69850 87635 
67065 64897 
66041 16507 
20018 79419 
96633 82567 
18883 56247 
75796 86646 
92188 30441 
67953 3987 
16679 92881 
21390 33784 
53805 8271 
71334 54562 
63071 57291 
89017 67538 
73910 48352 
33078 37532 
29097 85929 
67520 21564 
22194 27058 
46502 8978 
39110 5347 
30396 83731 
79579 52736 
89828 59439 
78232 3232 
74827 30840 
66863 19978 
74746 31516 
19643 47271 
71276 87034 
1212 52530 
91663 5120 
93959 89699 
2143 50030 
15252 85219 
42651 6982 
47984 20448 
93010 54329 
98533 60286 
78112 26088 
65071 56770 
64981 65525 
46123 38528 
78179 41658 
44397 82238 
61644 24877 
24107 50622 
44862 95330 
61376 72998 
29160 88257 
86753 39042 
95962 64178 
56513 74188 
52998 28644 
5102 65938 
76754 16200 
24936 14388 
79834 96279 
91769 87388 
30482 54933 
3890 71012 
78128 55638 
31693 19398 
93649 84820 
80448 24516 
15897 43359 
53627 46048 
7144 53978 
66711 64330 
59188 16262 
2115 45176 
59204 56004 
14759 34395 
19790 83600 
94731 31985 
1239 97463 
68623 31183 
5674 42690 
74345 45970 
2527 62694 
75533 92125 
52695 62059 
91183 31545 
34798 32578 
3722 37300 
41066 81245 
74434 87780 
2726 38912 
39043 52297 
25116 21397 
78191 87613 
61335 61014 
57668 25143 
29856 25808 
11473 91953 
86349 96228 
97124 75167 
92856 74535 
87103 9043 
88484 60935 
72953 36715 
54967 42230 
49206 74491 
87715 3744 
13242 85592 
28382 93333 
64088 52348 
88522 37474 
8298 21124 
95568 33766 
84275 82627 
22134 21592 
97729 41736 
17580 63273 
20456 25659 
46787 51735 
42201 76927 
55268 97526 
81116 78666 
22016 37951 
52138 63543 
31902 54173 
64618 64952 
97984 78320 
70618 79230 
90717 21935 
13489 21093 
85879 59574 
32750 70966 
25907 56907 
65693 32531 
383 41366 
48784 41554 
90579 75214 
62646 92942 
90236 5836 
83220 81973 
10180 36137 
98741 87789 
97905 79097 
27188 62474 
54913 34877 
22149 27437 
14381 56297 
86361 20313 
49660 49074 
21657 80226 
20105 86895 
31667 7013 
24932 8241 
59321 80893 
28063 1778 
85067 83045 
37345 80240 
33684 14733 
70037 88885 
37660 72813 
13160 93950 
83339 2887 
92050 48951 
22386 17842 
93388 42257 
65586 39150 
50013 88035 
88591 91060 
83976 34520 
69969 53692 
21584 28453 
50721 60049 
39596 92644 
51445 4077 
75260 44774 
8400 12184 
34549 9898 
92944 18977 
62726 56507 
60181 79515 
99302 16634 
32113 44962 
25455 34123 
58206 26320 
26166 22029 
11975 71772 
31597 60 
76068 87186 
72644 26005 
40295 36445 
84158 31339 
87121 68536 
15948 20454 
67409 31702 
66497 95443 
75509 51469 
37221 23926 
17276 68977 
16137 76087 
27195 58826 
38957 18906 
31529 71483 
42931 70538 
73221 74354 
24152 85821 
11287 97699 
32578 65109 
82509 26869 
90694 52935 
66487 20684 
1512 20468 
26424 77308 
19513 6246 
7516 13585 
94189 23424 
62405 71553 
59991 28546 
38887 16755 
38763 86796 
8893 46932 
41176 61780 
39753 86854 
2197 4039 
8855 5268 
62285 11842 
40998 53326 
10802 90244 
4145 90385 
41032 39942 
33684 32652 
27230 66170 
67976 32955 
23292 9701 
68621 75759 
99929 66929 
67777 50569 
82607 84105 
31815 48985 
26093 81987 
55681 15935 
63068 91453 
5580 73979 
94092 58107 
8935 31087 
44067 4449 
50047 76937 
96435 21872 
67472 70494 
30457 1579 
64872 22562 
29248 3444 
40929 80963 
96615 4905 
15884 33136 
19306 68185 
82372 51230 
37937 13426 
36443 18095 
44620 87790 
50986 89123 
8277 76136 
38286 64500 
39603 7562 
11004 69182 
46847 73936 
91609 63794 
833 91482 
39144 38651 
23084 4520 
59163 75234 
34410 51709 
37801 94702 
53017 89393 
94124 51393 
10953 94148 
76289 70803 
65634 47154 
36505 76111 
19223 36730 
7366 95113 
22776 2181 
67877 90301 
34407 82042 
31332 8792 
21059 22871 
9157 5997 
42073 50954 
4962 57123 
29361 8561 
71241 34017 
83802 8878 
17522 91332 
40367 69279 
93233 75661 
15535 41295 
81157 44001 
39708 67466 
28054 53813 
94625 60200 
7904 65954 
21188 15806 
60171 83841 
36628 48108 
70595 37527 
1639 50306 
65245 9693 
7842 71244 
69920 92087 
13900 22767 
46428 55574 
44606 18579 
54916 14708 
81441 81791 
7103 68598 
15384 48336 
69144 3897 
3157 36448 
44817 52798 
66640 48619 
19818 9245 
1830 21772 
76178 19896 
18524 43796 
92162 82905 
14795 10197 
27481 7214 
1389 3279 
56249 7788 
30307 38095 
50830 38124 
49143 34354 
38592 90358 
98138 41543 
50515 25418 
90466 65677 
55754 30935 
67912 20470 
29420 43003 
3893 53096 
32244 9372 
33693 75318 
90220 16296 
27791 64441 
49954 49016 
88356 85359 
51134 6719 
41240 24906 
1421 46839 
16229 22807 
61002 90685 
56831 29676 
44163 82624 
77555 21874 
23452 58460 
91407 55441 
78361 45102 
63257 46901 
64913 83298 
5742 27431 
95155 37927 
23549 28700 
6260 36233 
29204 23612 
67817 53389 
98892 63275 
22830 46922 
10387 22696 
83065 26738 
6812 92021 
2600 35935 
59748 27584 
34785 9025 
63110 7581 
37275 68869 
75258 20907 
27430 21349 
40954 54473 
6058 7695 
67077 34287 
61359 78392 
96397 18648 
36875 59707 
22280 37969 
97375 94139 
13812 25105 
54798 49483 
75646 82454 
22743 7673 
49781 87709 
52466 64241 
77510 48794 
65937 91938 
78933 80361 
42233 47977 
74726 89160 
32393 33349 
70264 23639 
74835 44778 
45722 64355 
58529 95161 
47447 6076 
34336 16706 
55686 9886 
6299 2465 
11641 84201 
44102 86638 
22889 87255 
45546 11713 
30332 30482 
43597 81450 
12163 2098 
96416 52666 
20705 23323 
20742 75946 
96550 95814 
29112 55645 
81068 98240 
9615 62911 
53133 42337 
43229 1990 
48850 4377 
88253 99684 
84072 6666 
73966 60594 
88679 35480 
36330 6647 
78859 46829 
97456 98436 
39060 29483 
37459 18006 
58798 65879 
32489 77972 
71173 55855 
35903 10272 
69743 45610 
60901 79293 
38293 34821 
82452 58820 
14090 18585 
13875 9934 
19367 57624 
29227 97922 
38059 60163 
96443 90230 
85247 1961 
58185 84642 
15261 7128 
47435 27101 
41102 61728 
53087 91988 
92582 34579 
57158 14162 
23526 35217 
49693 81706 
89395 47726 
90049 21055 
55853 40908 
23954 32111 
66104 70219 
84596 59875 
90195 55000 
2963 21344 
3061 35655 
27758 41601 
89725 89813 
8427 91446 
55842 13910 
26189 60413 
29716 57204 
67440 43635 
77921 28935 
21491 68785 
20845 86146 
50305 40190 
26741 49642 
21799 31243 
83291 88596 
20179 13314 
94216 60546 
46936 69689 
25136 92808 
4311 6379 
27657 43785 
9415 38171 
3580 88223 
21630 97946 
32158 29155 
78556 89988 
72493 51072 
26451 83940 
70443 93827 
99979 25036 
44819 44844 
53070 18376 
1202 18352 
67739 30266 
23341 14756 
71009 38027 
21917 30621 
71365 51160 
78328 20361 
85673 21428 
7213 94410 
65088 57107 
75585 75434 
44196 57601 
58725 24147 
31487 88572 
83404 89286 
31223 24888 
7524 32556 
36861 98948 
11954 28639 
64424 5296 
35091 42797 
556 28987 
63608 44203 
24462 84735 
3880 21764 
25540 76693 
97732 31097 
79232 14536 
13461 16169 
62474 50566 
38448 17260 
87085 34652 
23279 98053 
4550 19103 
78884 98975 
88849 83922 
8036 51376 
35369 94425 
60441 67674 
23373 47794 
36702 56307 
77110 12941 
30566 97136 
26393 18890 
91196 52878 
11272 921 
7577 85245 
97462 70823 
65726 90616 
69235 37888 
6031 69420 
44720 70626 
12817 95823 
14931 55700 
1166 59893 
42267 80214 
27042 13119 
66866 36227 
35925 59935 
59906 22251 
82470 2903 
31773 95509 
99080 67209 
50025 10819 
64848 1374 
47155 67283 
27972 75363 
1372 72276 
64524 74734 
54994 23776 
14382 20018 
94500 6701 
21146 24242 
53876 96643 
17049 38286 
18648 65310 
36128 23738 
1807 85957 
9350 35961 
34813 44233 
93921 96282 
66989 70126 
15657 81523 
94786 20049 
58089 61555 
48812 54641 
14888 71093 
50922 77462 
33213 10662 
16335 22531 
14771 33485 
16399 4519 
8639 89962 
36521 74432 
25327 69493 
60738 55741 
25081 593 
89483 71146 
85097 44547 
50353 8589 
30097 45307 
93019 16589 
18624 78895 
68883 63621 
13457 79270 
83700 44019 
28705 4431 
77094 63753 
38413 46465 
26760 93430 
51938 82329 
97089 33014 
9889 8333 
52081 93002 
31060 609 
30618 60169 
45610 96304 
38513 82509 
82613 95783 
46236 77622 
41176 44843 
93809 41555 
63442 67721 
95080 10973 
45114 86669 
2441 10553 
64538 81876 
40034 99627 
84897 16772 
38554 17317 
85756 78007 
8042 13849 
9976 56881 
66328 47168 
69905 29548 
340 18648 
42820 77012 
75020 19444 
99737 22753 
20367 59879 
53982 55751 
20938 58304 
86354 49768 
4125 72969 
2216 85897 
73627 70711 
2535 34759 
62750 39638 
5653 57114 
88521 69496 
39512 37254 
72068 43023 
35052 72239 
53334 4381 
90704 1817 
68887 96577 
45144 78868 
80456 88862 
90922 48214 
38804 47154 
85082 22884 
42608 35838 
64572 21205 
5289 77653 
54020 55544 
74041 39872 
61357 44094 
54805 59628 
92822 50783 
84525 68988 
83006 45198 
57738 31237 
27934 14375 
58412 53877 
29534 51350 
69903 931 
8422 91574 
36019 87421 
18565 67598 
24379 2279 
2193 4897 
99616 72410 
56210 87231 
48456 50308 
42425 78681 
11269 80348 
63046 1271 
65451 74749 
40208 32051 
74815 9248 
83675 1580 
66152 30593 
4419 46939 
19224 53289 
33420 96709 
59668 11331 
34845 42810 
25631 22241 
60632 84648 
38451 15283 
79575 14714 
45274 73541 
28158 51599 
17232 40392 
72659 16319 
80641 44910 
42466 90927 
30677 7890 
93081 94561 
27057 406 
83948 61418 
99488 40213 
11022 7551 
97001 27803 
16913 28996 
99743 43558 
12466 82382 
74408 50180 
82801 61031 
95224 70485 
18138 94474 
71218 39623 
5106 67382 
17513 62936 
37807 75104 
83451 45915 
59552 7317 
3605 1075 
25956 78744 
69058 78120 
88020 6442 
25818 8333 
29841 66876 
94827 1942 
59747 52800 
73755 88052 
45964 89900 
24599 40750 
8311 66251 
73098 92120 
25952 73781 
46068 93164 
97922 60304 
50975 46981 
97884 43089 
58422 5093 
97532 40516 
82696 87414 
94060 37055 
68105 59108 
66275 8619 
79598 73482 
1246 294 
64944 69048 
78758 66499 
2783 91017 
74394 54834 
75927 92749 
43723 39183 
12498 61060 
79864 85086 
18887 783 
94584 60958 
87935 8624 
59161 92409 
3365 64097 
55360 93781 
77220 66189 
29195 890 
50898 48453 
10526 72103 
62337 12298 
60099 21001 
32033 28545 
32290 93260 
48772 70673 
96592 2761 
42296 59692 
43808 97567 
14637 20210 
13931 35044 
64401 69997 
21868 7256 
79037 91269 
24446 72682 
88971 60860 
67538 18395 
74443 48640 
75693 97993 
91008 28742 
98316 64941 
32846 86570 
6218 48380 
84418 46058 
40276 99047 
20449 86254 
49971 66644 
1817 64108 
23743 56786 
80670 11165 
5367 55645 
71914 25914 
10998 3415 
70213 40635 
10019 43964 
91716 1878 
9544 77332 
97975 67052 
87161 94181 
15833 86129 
49438 76858 
1568 7087 
54764 10448 
10148 16469 
28202 58988 
21197 2325 
13382 26959 
42103 5791 
51838 44253 
55681 9702 
53713 83983 
4894 97879 
25463 46833 
10373 7127 
49926 23092 
97806 85456 
72068 74059 
71745 64694 
29739 58226 
9989 53399 
82924 64445 
68406 56861 
37284 4229 
79913 34987 
28157 58399 
3316 15996 
29764 69509 
27782 94090 
80992 20737 
66968 52675 
73923 44454 
83167 71174 
34200 59158 
66290 93127 
33336 42245 
55131 56029 
12244 7811 
29052 9210 
62551 73711 
17099 75100 
7662 70093 
68521 41319 
49084 62862 
3750 6313 
95177 39829 
18154 39608 
69280 34742 
42191 59290 
2073 44962 
71075 73915 
49078 32246 
64682 83838 
38342 82901 
84107 87795 
45667 43535 
75174 94614 
15111 41669 
31135 97030 
91070 46698 
66927 24839 
4879 25983 
15547 58025 
63661 3294 
13474 46965 
22074 32420 
76536 56474 
78632 57415 
80200 23190 
27434 42795 
49020 91685 
13430 21923 
28790 73691 
84751 29903 
61944 56953 
9177 58478 
11833 75485 
23470 94757 
84737 41378 
14083 83025 
79818 29804 
85674 79473 
56680 3517 
59879 53358 
47820 60866 
60967 24932 
58962 92254 
87279 20416 
94115 33947 
37765 67363 
14178 15290 
61479 49943 
88002 5631 
24518 92995 
23044 80628 
43731 46157 
69102 44134 
19374 94903 
73088 61461 
9979 34070 
25387 82600 
31807 1209 
79088 59842 
32599 82096 
42211 93245 
84708 68758 
40018 69532 
66236 71586 
19618 95251 
50484 61423 
22270 63410 
3774 44936 
80168 34297 
99645 57179 
3918 55845 
93436 88911 
14578 96617 
65430 53079 
39788 15415 
33048 34807 
37417 45475 
52950 62278 
32101 28364 
82464 82126 
50137 92952 
46409 22244 
16455 38186 
60183 77361 
33694 44929 
92869 58304 
97909 11732 
15166 4575 
18037 82163 
66116 71648 
96938 7225 
89866 69379 
724 65341 
39121 45950 
90020 44581 
15497 82978 
11922 77006 
18610 91741 
54628 3412 
5549 77899 
48077 38249 
20280 72664 
53387 99123 
38564 12067 
21502 63046 
88142 82771 
17159 12470 
46194 42850 
98153 38147 
86545 68982 
11831 72993 
47557 77728 
20866 41388 
18368 17868 
98563 21695 
95894 33213 
40311 36341 
47906 50876 
22264 3368 
28569 58672 
931 6167 
31965 97153 
88067 63956 
36393 6689 
54139 14580 
87690 38112 
10558 53341 
93316 56606 
96028 6809 
50620 42855 
45533 58953 
12493 22885 
51865 88443 
1512 38633 
39049 20574 
19732 4932 
54636 45055 
65425 85447 
53531 1753 
60355 60019 
89906 90498 
11603 48951 
55693 18202 
80469 5955 
4254 56752 
7651 90799 
76063 48576 
48686 85135 
99562 63228 
6538 20556 
74846 78016 
9280 46612 
60409 28407 
69926 78345 
73920 49860 
82822 27838 
86846 11713 
56353 42339 
39703 25900 
55294 42708 
29812 98508 
27786 80265 
26683 80585 
21698 7545 
51459 66092 
53045 89037 
16360 79546 
75184 61678 
57650 93616 
11634 91683 
11364 17862 
57706 64245 
74900 3777 
26475 85685 
69532 18420 
13221 73858 
69019 49210 
79079 61884 
87686 15794 
9452 42784 
27724 81440 
85651 38091 
69901 76007 
19225 82270 
54498 65312 
37666 76538 
40006 27592 
77398 80658 
45935 26766 
35408 79319 
83108 4313 
54400 80931 
49867 46867 
68006 80951 
25877 24968 
12391 49328 
26519 39966 
18476 82199 
90387 60638 
35063 91670 
59959 78894 
97283 94320 
81252 64788 
47092 99042 
92123 55066 
32939 87839 
90841 66610 
64264 29461 
76659 86402 
73159 65018 
32329 52988 
40287 57183 
74872 10946 
75083 161 
35352 89488 
1297 46278 
41036 29068 
88076 16876 
64031 55759 
84095 30126 
69322 82160 
57641 96455 
42135 95730 
19099 3459 
99628 80687 
3933 36499 
95137 8002 
24062 58610 
4563 19514 
53418 3938 
43942 26824 
99539 22587 
4855 43379 
27167 51583 
10044 69038 
42147 76630 
85452 50409 
14319 92342 
16885 47390 
16606 64888 
9577 46573 
84219 50261 
97173 75594 
52603 23844 
52998 88955 
15754 32505 
40926 15542 
57476 89148 
5796 80747 
47391 91449 
44019 42047 
60739 61488 
13876 5843 
76447 70987 
41984 25518 
31474 38135 
57497 15934 
61095 56226 
38836 57940 
34582 41819 
89091 7988 
3628 70695 
65698 72577 
16934 3551 
77624 55003 
18493 90210 
28968 32757 
39424 81064 
31777 77938 
13614 67531 
32825 90160 
95938 19485 
99205 71694 
38521 86966 
85812 37970 
85265 85890 
64140 23047 
77788 93047 
26278 9314 
26952 34393 
90613 83425 
93316 62424 
26436 96346 
37138 83385 
83540 84410 
43961 13123 
59808 90390 
5353 11589 
64967 8865 
36024 70304 
41822 68525 
38335 4557 
87711 55572 
83130 32656 
78322 76997 
61843 8251 
33678 60271 
78998 8574 
81760 86860 
96514 71354 
69127 60994 
11624 16266 
39843 22225 
48756 82944 
54130 20586 
72395 66908 
46379 86521 
82706 37186 
28508 44291 
38641 75018 
29117 37139 
64259 81658 
21505 55314 
33155 65164 
34319 83873 
93201 30979 
57460 16231 
89177 69161 
52850 11529 
64434 52360 
54749 9150 
74377 32888 
97542 52107 
24338 54730 
40263 12505 
52342 76879 
66594 56934 
13263 38069 
26677 37381 
85080 79814 
52788 44148 
10177 84592 
24796 11255 
5071 79061 
83269 21925 
20490 98434 
88219 22048 
10359 7400 
99668 12825 
73058 25457 
12605 60375 
61224 10083 
13328 29663 
17389 9840 
36805 22883 
81930 11361 
95396 78298 
37067 69075 
18109 64574 
96076 24613 
86559 87709 
20409 94023 
78897 12998 
49065 25235 
36168 92770 
54371 5668 
46946 82205 
96198 30419 
5538 20111 
32716 25199 
36655 49353 
59919 54953 
95175 52443 
94461 39078 
43466 81859 
84726 37208 
80705 71754 
33625 65717 
48741 27982 
43247 54426 
67260 6754 
46278 55420 
57356 8729 
72027 71468 
97099 34971 
5925 80217 
15278 73983 
40510 92152 
70216 14872 
83228 95248 
79409 10730 
81752 7330 
62719 48425 
51088 78313 
36931 16282 
38376 58836 
52723 99461 
41095 79251 
96441 74395 
2276 63451 
88539 18255 
42375 35782 
98141 97154 
51605 66026 
58924 47705 
58834 37446 
15333 20534 
13535 15902 
50148 11487 
65829 44282 
44499 66515 
6332 85764 
99649 9607 
32267 91902 
6228 9651 
39247 77080 
81047 71709 
99162 39571 
4252 10976 
73736 81252 
80270 43547 
30657 42970 
14862 7139 
74535 90632 
47574 7015 
78527 58250 
3962 67666 
4099 78536 
35203 59107 
26184 9037 
94037 58229 
38923 92398 
55475 216 
3189 73023 
28292 72819 
11259 29207 
19046 7158 
86303 69784 
4232 22714 
4742 87364 
38119 91307 
28077 56464 
73946 95126 
57452 14109 
4367 67226 
79000 62970 
33362 19431 
50910 92636 
76343 82212 
94233 23311 
47741 3853 
88543 38073 
36119 82105 
40927 84731 
85668 30515 
92114 96425 
99950 13788 
47152 1267 
58819 21726 
69652 65661 
92705 89748 
58445 43385 
89754 15414 
33377 83053 
20840 65093 
93008 80318 
55009 12580 
71163 47929 
3682 2422 
11542 16764 
75763 84672 
18 73970 
47783 24927 
42774 90571 
53318 53772 
55134 90198 
74107 83127 
30649 63056 
71693 83476 
92998 34788 
32833 85627 
94234 58603 
14567 43368 
12089 10852 
65515 69278 
16343 35164 
68855 34972 
19669 98332 
99385 9143 
1880 92329 
12175 92080 
98203 41143 
83551 93657 
71948 48578 
6472 93340 
49894 53706 
1867 15363 
84706 44381 
45070 49989 
22880 16014 
22230 52629 
99016 52766 
25412 56643 
47578 51371 
67079 42718 
21886 4008 
44752 18012 
36720 5939 
14850 71623 
5709 56079 
41074 89437 
27574 74245 
67169 31041 
86352 67490 
26491 94153 
69875 39778 
41532 17881 
78062 54176 
85403 5144 
87988 24816 
74249 76703 
66252 37063 
34666 4508 
70799 68644 
43412 10468 
64144 11952 
68052 58198 
67874 78267 
46654 10002 
24308 98367 
32248 69043 
95384 20796 
93468 77552 
21107 49000 
6682 95946 
80316 51621 
96842 44832 
45056 26406 
84418 52129 
96493 97531 
73989 10949 
75124 78572 
76406 20331 
70904 38902 
90929 50600 
19982 70020 
86333 47851 
63877 60110 
10685 67929 
44221 50065 
28366 9318 
51597 62305 
29873 96430 
20550 64882 
85024 50081 
64489 57683 
13435 70298 
73997 45020 
27463 48111 
59983 89395 
62293 17611 
9117 24999 
45441 57312 
33180 46245 
73681 50732 
36236 76637 
59214 20113 
93923 66304 
78929 54326 
37737 62740 
10640 62260 
63798 48593 
68456 96386 
40407 42806 
55758 7667 
71586 16959 
38745 12642 
84861 87371 
6100 76238 
50664 5310 
21059 39768 
8059 82650 
91003 52553 
66884 58317 
76671 97760 
79927 32108 
38195 38283 
30448 66759 
68366 46876 
60105 86592 
94908 26259 
70282 81618 
42986 69541 
65833 59690 
36796 59058 
74434 76094 
84784 52599 
66992 9926 
36912 60011 
25013 49654 
24342 70292 
49312 96461 
92018 49520 
81173 93285 
12842 93389 
11771 39915 
28496 84572 
88675 60055 
96426 74813 
89189 44973 
35108 84347 
19526 10163 
50432 87195 
16046 66396 
94896 29804 
70222 24585 
58267 12718 
72529 25099 
13469 50137 
72105 6476 
44676 10662 
78826 5908 
65946 33998 
92347 14461 
98181 13020 
28685 93669 
9831 28367 
29093 96961 
42449 23599 
78257 29326 
36069 12969 
29250 21684 
41358 20975 
31224 92616 
55562 63123 
82467 19437 
47529 90709 
86251 43023 
43405 38918 
69802 86384 
29085 37200 
37751 75637 
88111 63596 
70600 13904 
34401 50585 
46004 73537 
18081 79054 
56098 40182 
79619 29052 
17623 63374 
2602 91332 
23264 42669 
68687 81979 
62403 5757 
49620 43991 
47400 15571 
80688 64274 
17551 77110 
47565 82268 
57014 1479 
84229 17320 
55325 24628 
23494 95901 
59474 71309 
63648 16903 
15095 976 
14807 53512 
70972 71671 
66810 53519 
25830 10368 
76816 66439 
29307 83824 
9263 95453 
10050 22677 
73421 44907 
92995 63342 
94506 10020 
85234 37200 
23168 34432 
55233 54646 
35143 43353 
3719 2737 
97942 45346 
26233 99531 
84693 84132 
97089 25604 
96578 13331 
62430 83840 
14809 61655 
16083 22250 
40638 53861 
46087 91416 
97684 53615 
82036 98079 
64633 98433 
43820 59470 
78405 4010 
90854 59159 
97945 25481 
97543 54529 
47014 76540 
35562 88424 
60729 23867 
26360 13064 
45053 93908 
38422 43038 
21040 51839 
42912 15986 
66356 38407 
8642 54535 
85471 79341 
12711 91105 
36842 14178 
66698 38401 
20556 26569 
9947 62732 
83090 96539 
1272 44717 
27205 36665 
48316 92533 
24459 18766 
49837 6520 
15440 45444 
90360 80801 
48504 71729 
18891 67510 
51695 36028 
63852 22265 
54471 16763 
84862 95756 
75947 91299 
38726 35594 
74633 37164 
41700 15030 
10940 82047 
43083 10726 
8227 78714 
86170 10417 
10776 53709 
21778 43168 
27754 54607 
56862 89835 
21128 99585 
66102 49404 
42425 15183 
67933 8118 
48350 33433 
68092 82550 
28500 7849 
3601 85288 
59740 99322 
77958 92410 
61298 77584 
64393 75666 
62233 81632 
68165 99053 
8634 83421 
81188 69457 
31781 3108 
32678 74065 
70456 31283 
38039 33457 
90687 23841 
74879 48618 
74449 48582 
69819 22515 
55165 79070 
62684 92490 
62359 50959 
25683 18391 
376 18714 
54362 33173 
26821 76561 
14380 77661 
15231 36487 
23589 9225 
83438 88239 
72419 95296 
44199 1534 
37233 76994 
87892 69072 
21108 15560 
38406 30433 
64398 14853 
32847 61588 
3481 46877 
63277 62488 
20243 94100 
84401 26092 
17137 62291 
35003 26184 
73084 10645 
42870 18474 
83985 92175 
83072 9704 
68303 96648 
37652 12904 
22941 40818 
61165 73393 
47570 56220 
90952 19793 
16564 83541 
53647 67061 
66906 94355 
10121 74410 
87664 25973 
49946 40024 
42090 33217 
93384 96563 
26894 32131 
84070 56756 
74935 34927 
58712 46703 
37336 52953 
61533 56061 
38945 74990 
30621 28880 
87108 11908 
20958 16644 
27866 35508 
44641 15908 
85990 29338 
2613 16976 
95653 12310 
54243 97146 
27107 92168 
21160 2341 
41361 55147 
49972 74291 
59662 620 
64871 96963 
17483 85090 
25561 55553 
83755 48578 
68581 24090 
65247 58273 
50789 23628 
83284 19246 
32641 21942 
5384 70119 
35852 77839 
37964 2729 
85145 68397 
37892 19194 
97004 75847 
80464 67187 
9686 52323 
29302 74820 
58247 25315 
89680 40205 
85907 54429 
90969 17606 
48816 928 
36167 82008 
15127 25540 
76893 47014 
81253 87142 
20744 57170 
28291 75179 
54608 75121 
19802 72072 
72274 36463 
98511 8349 
27619 50706 
73920 42889 
95658 85466 
5481 73400 
12943 82806 
76651 58138 
86038 21605 
