83014 86543 
45923 69580 
65909 72951 
9600 33352 
19931 4238 
19865 66437 
25272 32338 
3064 48005 
46133 40635 
85167 52395 
3734 65406 
77938 65322 
88192 35182 
87391 78894 
97597 70743 
13738 28527 
36433 42475 
32466 27915 
27471 38956 
94699 4398 
91365 60883 
61667 36399 
26402 17836 
92904 47025 
77198 71867 
40662 13507 
15611 41554 
64132 10845 
69737 52889 
66150 19832 
27590 99262 
72411 94581 
10884 51806 
18589 2736 
61344 43494 
84307 22749 
7049 35631 
14554 6925 
79530 63766 
98963 96350 
33714 51559 
37209 4427 
82257 75747 
4901 69402 
93415 63140 
48436 13089 
17326 1412 
79603 32950 
99423 49506 
11128 97752 
11664 40557 
72886 13193 
82376 80521 
75153 73246 
33719 59063 
40091 15367 
42131 5758 
5516 53321 
21588 44309 
16096 70028 
92105 20198 
56228 14691 
36635 3124 
46172 63375 
68365 94525 
18403 70297 
27375 2656 
14695 58253 
742 82924 
96092 70957 
13375 79565 
37733 37474 
68220 46262 
88375 79524 
23955 67917 
10524 26103 
85880 53551 
81225 86704 
51439 21187 
25853 74343 
95657 49575 
77659 62672 
3736 28736 
4354 7661 
58179 1576 
19688 63620 
66000 52177 
2744 75804 
67948 62895 
80595 37392 
6149 32010 
91012 57330 
39136 16443 
31038 97334 
84008 39911 
14576 1310 
34257 85915 
7507 58497 
48823 77081 
82414 12830 
32982 27615 
36644 55355 
34945 44031 
47205 13943 
63362 40798 
93950 85148 
90409 32197 
68476 36703 
42726 59413 
382 46017 
98213 12787 
74780 29927 
518 13141 
85366 64060 
75036 23230 
65922 86331 
80339 70615 
69735 28443 
57166 76642 
21244 21660 
43462 2715 
47115 78727 
8418 44671 
4984 62482 
21080 28828 
67267 13526 
9783 89146 
84731 24260 
87559 33964 
49905 14659 
15596 42882 
3986 86359 
51958 69620 
82503 5922 
85978 65072 
74845 95624 
90084 76274 
80611 90631 
30316 21617 
81825 55168 
64342 90419 
14189 37063 
21555 65821 
12838 80010 
3652 24002 
28483 5956 
66058 19810 
58342 26209 
40700 29181 
12947 39183 
38805 82090 
44671 25127 
28779 86276 
96745 53767 
18697 11622 
92576 79471 
85494 77816 
74322 10359 
83732 63806 
16971 2743 
35596 36559 
89589 50320 
50808 78767 
8922 8751 
50203 80391 
32215 20569 
69937 47330 
65877 82810 
4689 71978 
24552 30304 
7615 5085 
61166 91285 
2489 66084 
2710 8768 
79131 29917 
68776 11104 
37096 32416 
20289 58177 
14571 43400 
84421 85897 
89513 66919 
28294 20973 
68287 41453 
8928 40382 
83428 29378 
9736 5512 
6590 4628 
84944 9661 
45375 70254 
72458 39370 
33443 63449 
2988 65048 
42145 34612 
28662 44358 
38911 19160 
17858 43079 
92713 56046 
14702 52434 
80137 45306 
41413 9345 
76961 78502 
29612 6618 
29608 20507 
2745 13779 
88428 68866 
95920 16066 
50484 67841 
91756 19055 
3399 8228 
71242 59444 
83739 1209 
27149 8720 
63555 74700 
64181 55739 
56898 4083 
14864 6716 
94481 55687 
33045 46646 
49130 91018 
87956 64921 
7278 52497 
70898 59674 
72449 27333 
43950 358 
55559 65180 
5463 46116 
53813 7333 
20670 88703 
45081 70492 
67388 13015 
27864 16486 
76571 45749 
18291 30868 
5395 93270 
75090 27914 
66582 53444 
61041 97297 
51826 23031 
65167 8626 
29484 12164 
3749 93994 
67096 20503 
90246 35851 
27824 25851 
14261 97749 
16583 85329 
97961 48882 
6400 51660 
4680 49863 
58457 62661 
58903 86808 
60316 70751 
99445 63530 
45964 41085 
28352 87545 
28629 61876 
36895 14598 
72693 78528 
87008 48525 
54606 84392 
1614 28552 
14326 75287 
70506 74465 
78608 2344 
9805 1655 
45401 38330 
22469 62589 
54599 6265 
94960 19103 
34593 5998 
30861 696 
6330 14317 
66100 58104 
47028 27255 
32427 78471 
64174 59437 
35843 88767 
7162 14630 
94960 37420 
48658 94107 
40565 10681 
715 14983 
12173 9828 
91694 69402 
99928 88101 
19198 67240 
70945 22128 
11525 69950 
88032 71597 
75539 41240 
75698 63069 
82408 11449 
13461 19085 
44319 76833 
39677 42075 
65038 32378 
30485 54118 
5145 67362 
77894 88190 
88744 36543 
28689 24328 
92670 56688 
61505 64991 
1458 68105 
73293 47913 
81767 43876 
18385 1871 
28484 25720 
93419 61054 
61394 14700 
89666 67068 
6078 47439 
40592 4162 
75639 44098 
77006 32844 
80846 23006 
64715 9837 
35487 38726 
40342 8200 
90995 15198 
79804 80432 
29800 13742 
30921 39516 
70436 96840 
16739 68116 
89048 22965 
69339 4504 
41763 35147 
85296 95320 
80286 86553 
3381 49873 
89113 80021 
92732 78466 
36914 85337 
5418 48092 
26945 37954 
91182 42859 
51714 15948 
94120 73635 
5723 38169 
51137 41640 
86696 25888 
90265 24117 
20551 22653 
83266 16691 
78258 72674 
41397 36685 
13742 16700 
55856 64375 
41190 76205 
75101 75085 
87371 61631 
80120 94009 
13 58486 
65673 87764 
66796 16315 
60657 91960 
1197 89852 
23929 62427 
81191 59127 
33311 29254 
84752 85836 
44936 27422 
52081 47010 
37715 75579 
18718 23814 
73426 75343 
5911 13244 
96763 7593 
25071 73577 
71656 9252 
51665 10598 
297 24407 
50549 60963 
99478 36905 
89539 31482 
15259 8148 
60929 8690 
41393 63370 
41692 61747 
69585 92484 
62261 23539 
40347 57433 
21091 49783 
82090 27003 
77574 24017 
23034 92176 
79463 97533 
35640 50346 
32576 27644 
26484 85129 
370 5093 
15836 9966 
28861 42014 
60679 88371 
28421 25510 
62512 91424 
8130 28752 
66987 3984 
50642 11440 
6293 45100 
35961 34524 
57163 25245 
71016 60295 
87481 23211 
58624 8237 
42690 28944 
44201 89524 
79542 65029 
11465 48557 
89221 69229 
59465 98668 
64447 93193 
82376 50913 
55898 48349 
90820 99829 
32152 8994 
58867 48092 
4294 64713 
54405 23192 
1457 99541 
12249 63596 
86767 63627 
39103 29247 
84533 94683 
97451 21889 
48972 41126 
1434 84340 
42371 36581 
71982 84672 
6312 76266 
40717 81212 
3419 49830 
62560 7328 
79081 92290 
95538 11144 
42675 25013 
32908 34689 
96070 72042 
27520 19365 
43501 53573 
31259 80247 
1409 78028 
83421 361 
89425 76911 
21056 57962 
24394 52516 
51580 14717 
58194 37579 
23387 60809 
97077 98051 
53712 34148 
15342 45478 
24654 5193 
29389 63801 
38082 46340 
29549 96937 
28002 85382 
76542 88097 
65069 76259 
57039 9573 
52017 7104 
58496 72584 
1128 5565 
67303 60816 
5214 94427 
16247 88347 
62178 96755 
7394 42998 
89825 89092 
14704 39427 
72425 53706 
27072 72886 
13409 86412 
26914 34100 
29634 75228 
12061 18557 
11794 76896 
59414 39321 
92868 83288 
97680 31508 
11867 87734 
3466 18714 
33715 32542 
60123 96878 
87735 43277 
21938 79512 
17006 32801 
7636 39690 
88764 88662 
6606 78819 
2053 41095 
18885 49994 
43009 45718 
65639 64598 
80410 4958 
744 14802 
64572 95292 
26023 51784 
91187 63584 
62807 69704 
18366 5139 
60712 58878 
79919 38484 
30858 8066 
20846 47517 
75244 55462 
92013 70300 
46581 10685 
80178 75624 
13610 95977 
16787 83404 
25777 83805 
4399 53019 
68128 40193 
23118 84927 
72342 18377 
31061 55170 
3100 85735 
52712 29860 
70282 8459 
56875 87268 
26998 63074 
62012 8864 
1026 91637 
70892 87444 
72971 68359 
28765 40436 
58306 99371 
19703 9541 
72414 34495 
64250 74060 
57865 30147 
58211 4562 
31378 65844 
97202 36001 
64259 83330 
64452 44958 
44588 86945 
20432 74363 
82026 16602 
22017 60879 
6824 80653 
16167 85069 
83478 14889 
98565 82533 
6440 16071 
1116 25390 
70387 83651 
73952 7800 
10786 91675 
57293 46672 
91829 4440 
96496 39235 
78290 44022 
39600 2902 
65454 15610 
70881 59600 
56981 97433 
76185 16747 
74442 6064 
6230 40073 
54198 55037 
2606 9710 
37421 34943 
77853 265 
87273 56570 
95795 28048 
73595 15136 
81192 64192 
49937 53318 
98854 21083 
10370 23503 
81466 81345 
54219 75596 
52695 53561 
5727 25706 
87554 6985 
32613 93155 
75527 58678 
82610 28538 
3608 60826 
10258 93900 
56232 63443 
97604 97635 
36927 8222 
81922 31323 
52617 42985 
91157 3471 
65602 33016 
53536 16027 
10578 85475 
91619 83511 
94444 96190 
33050 51744 
45178 74285 
70358 33436 
52728 99443 
80380 41226 
49668 19028 
70229 65311 
12236 97858 
51208 12413 
23454 92129 
54648 95588 
29152 30778 
94401 40255 
35033 52549 
49543 50849 
38297 65050 
87816 64591 
60910 63327 
75456 4167 
53231 69762 
22252 29461 
66518 34557 
92042 79976 
50739 66631 
68323 94261 
20144 48456 
2250 90346 
43213 25158 
86012 92115 
55894 48160 
88441 90550 
67441 96719 
61666 35858 
26696 96882 
77714 66821 
43334 6712 
82219 97027 
13364 39085 
58697 94172 
81085 48905 
81373 8249 
80745 20298 
97080 27191 
40297 51136 
17544 64409 
96949 47224 
22150 11686 
69582 6490 
68305 22996 
56695 94779 
81588 30083 
80147 89103 
51105 29019 
74776 91696 
86809 18449 
31893 98737 
5038 14873 
40659 41349 
96092 18057 
35532 3254 
93412 50562 
50251 59423 
7780 49359 
99238 73142 
11890 44652 
55821 35072 
60808 21270 
73360 27227 
11973 21361 
122 47223 
64829 13655 
71693 33715 
74582 24158 
25702 92643 
7200 95904 
72844 35701 
93517 21288 
75439 7421 
9095 69483 
30186 95286 
53541 13582 
25307 88513 
28009 47366 
43937 75450 
12876 69969 
15392 46970 
28929 8220 
73869 3812 
24852 41067 
70167 49517 
71417 88248 
96158 87420 
58501 26246 
24054 30094 
84892 98574 
32900 72716 
2837 94557 
93272 78023 
29360 81057 
7809 69815 
64612 84912 
60006 34438 
63875 40439 
6598 85230 
94287 35910 
59892 53595 
69975 15703 
45582 32202 
5 20703 
88853 10745 
2378 78529 
76996 12756 
34324 87279 
70289 63169 
64191 71764 
84559 90634 
63478 29568 
48636 96041 
28910 25761 
47791 99248 
53916 39755 
324 9752 
56459 15508 
78601 53784 
35919 17190 
78128 30334 
75550 46418 
58669 61604 
29019 34284 
29949 49629 
29623 81682 
31123 50094 
39020 84787 
58023 26836 
8631 49070 
25038 56074 
61368 64838 
9590 8090 
13934 90070 
16270 45946 
50638 62167 
15020 45695 
28575 39263 
53138 60685 
40911 53860 
14429 23672 
90197 46813 
473 4843 
26795 38054 
38790 21244 
88867 81973 
80548 23685 
39872 49973 
36560 70913 
37073 80495 
14403 37609 
80316 37680 
61838 92763 
84166 23826 
92085 27994 
88468 97951 
65058 11627 
72503 62999 
25312 93601 
66116 97642 
52258 88766 
57561 25085 
61088 21681 
82260 30961 
3914 24694 
39289 65123 
59766 42936 
23117 88022 
69372 14792 
76964 51396 
66097 64448 
71141 35069 
77884 64357 
84808 96962 
26766 99745 
22813 31778 
32267 94716 
30646 75312 
32925 40132 
79975 36005 
76208 97052 
84863 83064 
91265 36423 
74472 71393 
51215 15582 
91915 37570 
52110 85228 
10866 58206 
84239 66731 
61685 22336 
48072 38916 
36982 32801 
71989 25937 
2927 18140 
21772 83420 
77073 6114 
52942 38724 
46068 82734 
46144 53003 
87333 36562 
83071 37698 
27649 67040 
65847 76133 
18566 17743 
56306 72096 
33645 80703 
13275 71612 
95743 6323 
35744 81523 
23954 44915 
77722 39095 
49224 40515 
86625 70536 
85306 95390 
31171 13139 
57424 24524 
27081 65698 
84860 23380 
39259 74923 
85663 79357 
37687 61751 
21760 67626 
10915 40788 
30988 85388 
95819 88547 
98908 95133 
65198 71717 
7721 67066 
25841 55379 
62230 33663 
18830 72925 
33497 95162 
81131 54349 
79685 43828 
22970 77671 
571 6937 
98966 29419 
57297 43688 
2719 34450 
42144 69633 
94282 42778 
14477 23722 
77885 41704 
28481 37663 
83318 95176 
65878 15094 
68513 99181 
52587 78906 
53175 81854 
82080 99075 
13716 70103 
90209 70490 
18280 90720 
26347 70524 
57294 73258 
43917 89448 
29798 74409 
89733 93329 
78678 49182 
6047 48651 
28992 52861 
71798 10673 
72715 69555 
264 53397 
60547 28073 
79203 98045 
6788 83955 
86499 79053 
86880 17643 
39448 71860 
8816 23118 
39052 95137 
69449 38773 
52012 91604 
64624 2831 
32598 86236 
8072 99348 
24178 18368 
28219 97613 
95886 45141 
54278 77746 
63791 17684 
73470 78315 
17874 38600 
39703 98019 
26220 19543 
40724 32786 
16086 71075 
85548 32073 
37795 73486 
56856 13734 
1947 96891 
84112 85502 
42978 61664 
32290 82945 
2857 56173 
68415 48718 
47538 57745 
63484 45972 
25778 34958 
10933 19995 
54994 44578 
94410 96458 
72101 74872 
17453 32098 
18586 28488 
15544 14223 
38546 82771 
7071 39118 
56054 13098 
3871 86258 
63875 15718 
94335 45156 
99475 20572 
32429 44762 
6175 41711 
14572 81503 
77435 73167 
2912 41375 
60479 1532 
58389 63953 
51787 72981 
79830 1728 
51493 22119 
6383 86888 
56289 42792 
29766 29474 
61192 56848 
80062 35778 
9349 15886 
94226 53920 
76046 53115 
50003 24737 
98176 87739 
49601 40415 
63652 72612 
67259 90773 
56585 67479 
32769 7622 
13533 14680 
9024 1373 
83725 91992 
35839 20828 
1865 18145 
54584 57071 
76002 90567 
98553 55423 
64900 42006 
32560 95623 
69448 12986 
51878 49696 
90863 50382 
5463 29452 
14821 58929 
91277 91074 
65063 52108 
82575 72982 
32686 71597 
83199 4966 
28007 70360 
77168 41515 
20747 83445 
33294 40341 
31274 42708 
49090 28292 
10702 26902 
69863 71168 
914 76987 
98716 91364 
96878 47988 
21064 57890 
43134 13377 
3292 6938 
83911 85702 
89398 38045 
52046 68071 
11678 70810 
25754 5080 
51975 40180 
4236 58947 
38523 54554 
53248 96814 
40084 40214 
49922 38608 
23861 48086 
12553 81316 
76581 4368 
35459 85191 
49170 45254 
61682 80127 
74617 87825 
16978 26348 
25892 54089 
97419 42551 
26207 83237 
49893 96761 
97437 38368 
9872 40420 
34173 38248 
64071 54616 
20687 22119 
86940 68856 
65961 86138 
59414 7398 
18011 13705 
15954 15953 
32859 58770 
81617 22408 
15814 31150 
54754 89237 
23127 75942 
62890 22406 
10623 35319 
69477 11819 
42554 30311 
37372 91741 
28744 2611 
61309 26121 
40957 12016 
66040 43392 
70489 93801 
29479 68061 
28142 42148 
30854 22280 
54996 675 
42755 99606 
7842 9206 
82918 45270 
6655 77085 
16702 12555 
83136 27669 
54409 3225 
49165 86081 
18981 41478 
11887 62846 
69052 75531 
98219 19760 
49943 48663 
15690 91125 
10907 32462 
68851 73452 
70789 68997 
70866 89771 
36216 25782 
38453 80913 
76557 27645 
35004 75413 
38096 92985 
31473 42143 
36212 68437 
87574 35355 
98840 25544 
16817 477 
47088 55840 
88121 20863 
89577 76580 
33972 50598 
75969 38408 
80565 96557 
2073 8323 
88852 84095 
84050 86614 
97109 65051 
22435 4774 
85406 4224 
58067 42931 
40286 10992 
81472 99941 
83976 66503 
94844 47073 
46642 33619 
41501 97053 
2443 26782 
11534 24281 
60596 62008 
4338 79135 
1166 3431 
78815 49536 
71963 72114 
50262 36340 
17730 85290 
99303 25603 
95681 49783 
42698 60422 
42525 42012 
78456 37784 
97242 68843 
58406 81747 
51164 18448 
60228 73283 
92352 78440 
27917 49229 
34754 19713 
24743 18064 
74326 18745 
96009 78585 
94052 18570 
70247 69093 
47744 9174 
36958 19290 
88498 41777 
26617 24867 
71877 78273 
84364 15642 
56159 17038 
72679 42097 
42398 29393 
60281 62302 
45592 87188 
54607 71466 
64901 61302 
13451 79728 
25644 23273 
27671 10323 
98733 87881 
1381 59860 
64199 93142 
68592 35224 
74667 26037 
76044 57485 
91897 67213 
30776 2203 
14917 45971 
57968 27640 
91832 68039 
39698 27662 
9022 2954 
8465 34462 
81253 95317 
50678 87777 
24117 94737 
34789 81867 
76272 82992 
16348 99301 
53087 13745 
87969 41456 
55608 70077 
36052 69664 
29149 88197 
38088 78031 
64373 91849 
84444 29258 
60351 31281 
36780 98118 
23919 23049 
41573 83794 
62517 42539 
1706 71881 
38762 29731 
71688 49622 
94155 30593 
82764 3826 
16598 11400 
23057 59913 
21835 51355 
94826 52676 
42425 40083 
46049 54581 
69562 80867 
26736 25821 
72794 27967 
51749 91847 
30651 66897 
61356 98711 
41187 80249 
58371 44326 
45625 28455 
66418 34614 
90567 14838 
97744 67536 
74653 97343 
40949 5099 
74079 55552 
79115 53714 
18038 20901 
27032 36653 
89954 30442 
32561 8831 
63272 70081 
21671 33822 
41601 31898 
79250 15700 
62182 21984 
48531 54255 
38923 20160 
842 71059 
66667 11013 
74304 36053 
81869 76891 
5275 9532 
76560 67775 
79482 2811 
92220 40445 
11207 52349 
78111 89868 
18293 96737 
84659 79465 
98393 43715 
76626 13709 
27572 15250 
93103 86466 
96238 62730 
51761 81529 
69328 51438 
93340 98031 
7816 23737 
89000 22679 
16772 63770 
87972 73262 
91608 2992 
65819 93390 
18577 25456 
44689 87141 
48217 54562 
96072 44133 
1130 28836 
3883 20414 
84353 3309 
61087 8706 
93547 45204 
96615 52669 
51317 27891 
81009 34201 
85210 65441 
38963 90227 
80283 71632 
4907 95982 
50598 71859 
93754 85499 
61618 44185 
23135 66827 
1171 16639 
15701 29439 
40527 1848 
30499 34360 
49084 7265 
20964 23744 
26271 19455 
93714 85924 
92482 24332 
47142 64434 
37232 91701 
1686 5031 
57151 22119 
94716 93462 
29092 26819 
2122 48535 
54288 87337 
65967 99978 
78390 20481 
53003 98659 
39160 56408 
42364 77907 
18714 22822 
42405 9023 
80405 16706 
66463 71468 
51813 36478 
55212 88821 
74759 42116 
19311 65279 
80875 8524 
90228 94265 
66961 38320 
9385 693 
38246 4204 
56192 21465 
59598 98202 
14070 24997 
4858 75351 
225 19865 
22680 92745 
39707 5121 
43621 61375 
47227 70381 
37675 47837 
91207 62493 
94061 85717 
53723 97388 
35802 82352 
67266 10689 
452 35665 
4688 8688 
15330 7911 
22182 2509 
70716 38405 
6868 82602 
47648 15708 
60295 18120 
88368 71221 
57097 46335 
6883 798 
54074 50920 
24741 68715 
89142 14739 
82819 99227 
1847 72745 
23793 14946 
27588 83627 
61898 38401 
66207 85070 
56735 33383 
2264 96774 
86044 26090 
59107 87848 
68759 12548 
1756 30749 
24107 28446 
64651 22618 
65122 30260 
69485 66712 
15662 12431 
15603 71527 
8865 64351 
70899 43323 
71957 53053 
64631 18910 
27420 2758 
85274 9902 
43749 30785 
16296 7065 
50375 90876 
647 23974 
90812 69571 
10810 42859 
25665 79063 
15397 62356 
12881 90805 
75569 36820 
86454 58187 
74985 39906 
26783 83673 
85480 81338 
65967 96111 
97379 55090 
99544 17244 
98105 99631 
82549 12998 
65664 6502 
72209 44720 
54626 22102 
42208 58333 
91367 49476 
34177 75202 
62653 71742 
30909 77552 
77005 86937 
32773 13397 
1892 65210 
93888 81164 
31374 13618 
27864 92636 
18685 61233 
24245 54264 
16092 57806 
26258 51601 
438 12970 
8097 69317 
26919 89731 
55660 30145 
45951 5975 
98530 90122 
38356 90764 
62950 84608 
72678 88403 
15644 79821 
65057 2546 
46557 48007 
26910 25099 
94940 50868 
18550 192 
57673 85497 
87921 32215 
31314 19831 
62799 58727 
30099 20494 
82068 73980 
90938 54931 
97113 6865 
23469 31844 
47891 28290 
88273 29196 
19922 87303 
89628 47442 
18194 52731 
50497 17133 
51929 67646 
96922 84677 
10149 7696 
16608 97798 
22170 71118 
72177 13099 
39432 18225 
43460 52160 
45472 21194 
45117 39705 
99395 81210 
16015 67653 
44849 19293 
5001 42225 
71306 49619 
84050 87795 
97340 99681 
4239 803 
56665 50352 
72620 69781 
6804 30706 
68748 3466 
47608 17405 
38507 37922 
32190 56533 
99821 25768 
76424 46944 
69946 45839 
24798 98488 
77271 9996 
10188 5968 
51880 85290 
53048 60183 
98620 94341 
81540 51172 
44017 4521 
18270 5534 
14085 67413 
71619 39666 
43949 24046 
90027 3837 
42148 48493 
86157 38181 
32605 62721 
14497 61027 
75456 18916 
90771 62420 
24294 12034 
74419 81262 
11830 54974 
96450 3168 
68616 21469 
4129 27984 
70139 37732 
11259 20827 
76499 82861 
88189 78583 
75813 40136 
99279 15000 
67621 26620 
97135 91812 
25752 16823 
12792 777 
61503 67718 
38857 32098 
67408 47009 
88731 48349 
59518 64323 
29123 19880 
51792 5848 
25410 67602 
90088 76984 
9767 2115 
45180 64657 
80549 44334 
14345 41244 
68056 62109 
9288 45396 
56609 59723 
14505 91582 
35750 12789 
84670 79788 
64455 49692 
12230 99563 
71366 42578 
37106 48481 
81360 85825 
89247 14104 
54178 7995 
51766 633 
44365 84449 
7478 16728 
43445 92142 
84879 79310 
45017 75545 
50958 29707 
81406 73198 
7710 3098 
16491 88118 
36802 39985 
43539 72070 
2586 79306 
29118 33670 
67484 26767 
64609 73350 
95746 49166 
35335 94411 
21697 5665 
94023 38695 
36777 90403 
30069 47859 
6063 27301 
59001 56800 
59409 27582 
17574 84460 
14949 93240 
39077 99080 
83425 25609 
731 99874 
70662 77160 
80457 75217 
42457 66791 
33836 68564 
41289 64143 
3739 7704 
47432 36828 
4885 30331 
58443 45978 
83514 69532 
20437 70148 
38368 46440 
82184 35361 
3363 54158 
58764 29954 
34599 6963 
85381 86897 
14770 71894 
13901 23392 
86588 96000 
54775 37780 
53458 91859 
95238 77222 
40474 46400 
31018 6049 
91672 73640 
33254 24382 
90537 40637 
34946 9309 
29920 57782 
61942 76837 
24794 39469 
52355 91807 
56691 9285 
5249 85107 
62214 45031 
74543 72759 
29657 33202 
77294 9857 
47550 29999 
16889 53804 
56891 6523 
31118 55953 
94808 89465 
62728 48498 
81600 95455 
15752 44350 
95374 97157 
4790 21714 
98893 52249 
26347 22240 
31812 72663 
81474 51862 
58111 10719 
57151 36810 
63345 91281 
30214 53800 
29217 24588 
92087 23027 
74038 93141 
5205 25338 
36776 17801 
92695 80841 
99701 73247 
31764 5226 
90029 40950 
68215 42174 
74516 59070 
94572 55508 
62590 52947 
37572 53112 
63429 7337 
82086 6141 
268 72091 
18022 21678 
71284 76660 
34368 24765 
60536 65663 
232 6570 
44756 57635 
66607 99518 
12168 72198 
94557 47274 
8068 67061 
65593 47785 
48547 75561 
58282 60920 
98523 37924 
81415 88769 
93172 74985 
38594 56295 
92861 61769 
61647 42778 
870 20203 
91041 40376 
40457 65117 
279 45119 
83235 5804 
58259 17804 
44379 26561 
98674 87488 
11809 43980 
18723 8668 
56321 66184 
60805 24747 
77515 59774 
40283 34992 
76418 63936 
70041 9975 
9866 77994 
98268 51329 
73973 88612 
19746 45695 
84459 95923 
42900 19835 
70099 44076 
94961 64151 
72270 60961 
25809 55231 
48300 64367 
27433 74541 
9276 97352 
20388 90024 
84000 14324 
71251 40087 
89898 51127 
95782 35398 
9045 77383 
71365 72837 
12807 47404 
29249 38154 
52183 37171 
22239 59085 
32584 79199 
66678 59084 
21538 84555 
38927 53312 
95773 71859 
66026 23188 
20111 6767 
87804 3514 
64820 92297 
83430 17107 
10297 40261 
49257 95843 
58430 97137 
86770 34174 
68455 93940 
9561 31413 
61851 38919 
6448 92464 
95536 74384 
4246 73192 
85600 74521 
58137 76241 
74788 69737 
60185 25859 
76154 44913 
97288 76195 
92555 73867 
8689 36506 
7103 20398 
90132 28847 
63178 57477 
66875 29101 
4313 30481 
10968 80528 
24026 17767 
9562 10580 
83574 22504 
491 26307 
91662 63321 
78963 11462 
4284 18184 
44919 99277 
95164 15837 
4454 48896 
67669 62201 
60705 10572 
27617 35355 
29656 25000 
13046 81973 
94577 65515 
81793 615 
69131 98416 
90670 2757 
73686 6287 
61024 1192 
41925 91941 
14649 87226 
65622 56505 
81302 23039 
54246 24148 
24473 93646 
33068 68104 
5609 34090 
28532 77875 
8648 71810 
92851 95904 
76490 1562 
1181 43475 
68968 40863 
14158 50269 
37895 97582 
36198 99720 
28930 18153 
15691 3227 
62300 74801 
27042 20248 
14812 93259 
46514 48466 
24125 18623 
83914 18445 
62931 66332 
60362 40577 
85453 7687 
28783 68648 
31591 94884 
18181 63939 
85090 39254 
45385 66568 
21244 18179 
78666 6646 
46956 1134 
56479 16813 
31372 53351 
61551 39861 
48840 96784 
25625 60413 
7615 82401 
93431 27976 
17520 55234 
5736 80227 
57649 74211 
70873 19991 
41286 82476 
81687 47133 
39336 10714 
586 97485 
15852 35950 
79237 94881 
49671 11354 
1405 79577 
64698 28769 
37530 36505 
68018 74998 
77880 10265 
99846 95339 
67442 60192 
32176 83410 
199 78537 
14086 74992 
43038 67480 
50769 35461 
50245 46640 
20667 95287 
98412 41695 
80497 6180 
18531 86901 
81478 61614 
27164 59507 
21746 49823 
61790 52490 
89718 84751 
6787 83495 
11077 91071 
55974 32517 
98087 2996 
95230 98620 
14115 73514 
4446 66846 
8502 80533 
71898 80487 
47356 59558 
86107 21028 
64363 88665 
20358 8292 
82386 890 
53248 46740 
11375 1553 
75019 60344 
11065 23652 
13869 78110 
17947 63104 
79044 55052 
75150 97458 
58253 39335 
71188 6648 
25766 25265 
88904 82390 
14546 63974 
89503 34051 
80873 38866 
8198 73127 
43108 51305 
17820 85886 
7627 3492 
24606 84334 
4412 10141 
96450 59325 
42377 18292 
88039 46463 
60248 65495 
19604 55386 
92643 60595 
86400 6094 
92995 28479 
24581 62157 
55027 20393 
35803 49971 
52742 54837 
77640 5670 
75220 20518 
59857 96861 
66996 42498 
47573 25040 
97373 85415 
61534 26384 
72779 43534 
82999 53516 
75091 46391 
16136 38954 
55842 90925 
34385 12097 
41322 96237 
38879 65969 
6792 65512 
86820 47333 
59407 31113 
5609 74391 
28880 53533 
94552 69965 
2551 42583 
30161 34857 
57222 70134 
33300 76049 
33983 47695 
26886 47465 
74217 49242 
11367 57187 
85073 69996 
11850 44373 
30927 25186 
5563 31523 
53672 9368 
21228 13345 
9192 56480 
12951 52132 
69932 63585 
50414 11398 
84228 67119 
34436 74457 
1887 89465 
42346 62684 
72498 5818 
31216 89417 
98043 16533 
78576 59737 
74597 48562 
20101 53840 
89259 51057 
51599 12252 
47936 94861 
98722 74857 
97173 33370 
21945 12503 
68982 33106 
16649 29896 
21441 36362 
88573 11575 
69815 75412 
33419 28922 
3062 18017 
26049 25519 
58782 87342 
29515 50555 
86046 65919 
67062 15598 
59993 62898 
61281 8715 
24688 96585 
33755 11739 
31451 20174 
75813 31432 
8732 97529 
46427 73357 
46554 18061 
26832 58459 
3664 24954 
63079 6674 
48752 19392 
57552 89331 
28425 94951 
28358 82674 
14128 50920 
41564 38511 
