69433 47122 
50824 60160 
83863 25934 
25560 69099 
32888 80607 
28929 86870 
28179 84849 
61371 35955 
58953 11523 
68754 92448 
31752 14904 
81327 81704 
78549 97401 
38001 46684 
26174 95648 
44849 19290 
13900 24892 
87141 68018 
18016 27724 
12773 91478 
92292 83452 
31581 76618 
61475 47797 
29857 42957 
11307 9107 
82258 49672 
3006 66878 
54352 51102 
2790 61184 
28205 48023 
57694 7430 
50685 97015 
67825 19896 
99590 8281 
2141 39652 
86228 83499 
79964 17667 
64735 19571 
93622 42332 
98211 31609 
79009 42109 
39658 29038 
50290 38653 
21755 12401 
2580 73509 
13622 45263 
52180 82349 
95075 95548 
27747 44749 
19226 33727 
47795 94599 
82845 21436 
20002 36524 
558 23457 
76017 77050 
83747 28398 
11818 45767 
57900 69007 
38137 51364 
13231 91725 
58076 90162 
72529 36908 
79742 666 
77478 56087 
40609 36631 
40116 10716 
67242 13302 
79613 68006 
19157 66707 
66240 33828 
68799 54287 
24149 40034 
50957 16650 
2528 34177 
74421 14830 
10705 3258 
26279 55237 
26950 99960 
14984 15334 
33004 29786 
92138 87073 
96771 541 
64960 62269 
24160 31851 
61463 94354 
27685 71664 
38600 84283 
14281 69172 
29996 54944 
77632 9124 
14349 97970 
91397 21212 
48165 99674 
38845 40023 
47256 78667 
81728 5979 
20217 96736 
66595 65774 
54143 36683 
90313 52002 
27868 76089 
98204 95965 
81301 24337 
68011 55133 
733 31736 
40790 17251 
89475 24211 
95887 76808 
80810 64791 
31299 66396 
15908 93992 
3012 65406 
53274 55205 
97322 1614 
98204 68315 
58672 7357 
40858 75059 
72207 91352 
69786 42971 
5022 39630 
84066 81300 
43002 64638 
61700 91896 
21183 80240 
54518 50821 
34718 92168 
70545 92315 
34817 58432 
73654 45766 
59457 92234 
77281 58435 
22171 51153 
34090 21968 
83893 80662 
26694 9089 
62632 57485 
45881 18384 
93640 8890 
2275 19700 
38787 67654 
54956 90447 
58016 59326 
56280 33977 
98020 8271 
5998 75197 
23722 92128 
79739 35721 
16645 70437 
47020 1110 
90939 62548 
22174 6135 
32607 52360 
97922 80491 
50384 52978 
95805 17031 
37761 73117 
30278 47336 
84810 88839 
23989 35317 
45732 39208 
30626 28550 
63492 32461 
18676 39169 
76398 70538 
44533 61410 
83198 74077 
96642 71259 
22982 17470 
23678 95168 
34166 64096 
69256 79450 
92792 25590 
23253 39677 
94607 55769 
65561 20333 
37614 29823 
21914 48937 
82240 52415 
73425 26003 
14771 84543 
61567 52453 
16382 78326 
8528 59469 
44872 61314 
29255 72289 
69110 17502 
45954 9074 
57263 70902 
28399 88711 
9001 89358 
74159 97337 
39191 91213 
11669 42315 
65977 55537 
56059 4588 
29702 7769 
72749 85523 
70762 76979 
7035 32798 
24292 98393 
19260 21341 
47474 65368 
24595 59990 
81314 18724 
74107 92273 
62860 98131 
29466 60621 
46171 70214 
77515 7274 
60693 91087 
2894 92335 
34300 57230 
87018 19637 
34853 47926 
29895 74462 
38972 64933 
97676 93710 
19592 30629 
83242 8663 
54911 14538 
29773 23321 
519 19994 
7946 17114 
33761 77624 
56266 89814 
74801 60385 
90994 98617 
12408 56119 
67257 72578 
14108 7861 
26115 28018 
80176 59611 
93744 49962 
8814 25827 
8334 49348 
75914 36610 
37924 53474 
96973 97330 
18092 38043 
30983 41426 
82309 63142 
6574 48158 
79674 32672 
99166 43273 
74921 56935 
64608 99881 
3738 61528 
39513 9272 
12840 52135 
51448 96963 
48690 14498 
43141 17967 
71350 1548 
4063 77094 
60685 35593 
19992 85010 
50979 32447 
96590 78890 
77005 36521 
86585 7648 
39668 41135 
51757 6078 
2594 56714 
20760 59657 
12354 81018 
61701 92339 
94508 20178 
74433 93366 
15232 7088 
21676 35919 
14042 64566 
60387 30399 
6942 64690 
5172 98168 
31315 42874 
54108 47794 
53982 35476 
33969 85144 
92055 23126 
76672 91123 
2572 78440 
21624 56413 
81373 36469 
49724 71265 
74268 28908 
93927 30203 
44278 49045 
38535 26464 
57571 43387 
14831 79030 
47699 58038 
24175 56324 
92810 3168 
71361 34962 
93788 37292 
70804 59366 
72550 14553 
96046 48642 
19263 82885 
79107 30801 
