27442 99762 
47535 85328 
96715 97256 
66157 90217 
84530 96098 
89002 71987 
49095 72310 
39486 67368 
16702 4409 
13294 37221 
93695 43281 
16945 99825 
72975 12164 
27837 28397 
57327 47808 
22735 38064 
53218 35427 
29557 68041 
98171 34645 
93364 98480 
72435 41412 
11588 28250 
11375 81755 
85876 79873 
78871 87203 
58263 90895 
83977 58886 
47993 97161 
23190 87537 
81914 12776 
8910 60025 
16194 63995 
1002 49532 
79988 39835 
92867 56130 
32746 80880 
16003 37263 
15995 39610 
17781 43515 
97706 10472 
35990 54058 
52811 46031 
40693 88287 
96897 46675 
39021 55424 
91842 35726 
41767 92227 
71888 9185 
71978 30478 
96572 79965 
55225 30504 
22991 20117 
68816 14792 
4004 41384 
42964 36606 
61281 44366 
735 22514 
52518 9634 
95614 34891 
50661 329 
55574 10688 
79653 95093 
70819 46144 
5995 72635 
68661 13643 
68336 24775 
3491 16514 
38314 83529 
52413 10344 
45069 9594 
47804 45257 
63105 4541 
96929 12604 
58588 77100 
35711 11642 
12727 15084 
38853 87040 
92517 88852 
61723 26423 
18929 39626 
20774 48663 
90524 86548 
28737 58276 
56523 20072 
88419 89003 
97504 36069 
14670 10579 
64204 5000 
97917 26644 
45293 63559 
44661 48930 
83541 62379 
30388 93072 
36440 2709 
78619 4796 
82153 47436 
36131 91725 
4543 97352 
48869 5683 
52093 82286 
55675 93128 
54677 28540 
7665 7213 
99437 28979 
89950 54009 
12411 60227 
69347 27502 
66118 62599 
16861 73291 
34949 22695 
56891 9235 
50001 76067 
76513 22844 
62902 77884 
87626 59817 
14222 73270 
72362 15884 
16198 35741 
57888 45000 
1812 32174 
60558 926 
62665 15750 
11366 36375 
96610 44550 
24737 94158 
12788 72769 
913 38113 
96488 63963 
58546 88153 
19153 31326 
78587 43354 
89906 18653 
3138 99785 
84114 97501 
73683 95637 
51808 70961 
11934 45256 
4173 42552 
43531 55742 
99871 29931 
39896 55119 
4604 77409 
6812 99364 
77131 48739 
79584 67186 
42835 62185 
94174 95982 
52001 63572 
91259 60219 
84101 19848 
75894 44337 
51686 55620 
99312 16278 
77881 48187 
51374 64885 
70025 42806 
52257 24642 
88646 49213 
10216 74646 
15766 32895 
68583 65167 
59414 20143 
99657 94805 
92289 94636 
15714 33993 
11650 75102 
58120 66489 
24807 28557 
94342 99479 
10009 91680 
99652 75083 
76032 44076 
25407 1254 
45450 1499 
59007 8496 
16359 74549 
61985 30288 
15223 68909 
32156 99754 
39549 86908 
73350 52862 
3264 26975 
71969 29320 
39948 67528 
73474 66332 
89489 64880 
23850 87523 
92252 90955 
91234 99572 
41531 85898 
11080 22494 
99828 3149 
4591 96001 
67406 80058 
4646 24000 
2616 75870 
86001 42066 
32646 80667 
37310 18554 
60622 13858 
31333 29086 
70411 98806 
46684 76211 
54016 21439 
69555 61342 
38080 54955 
57093 54424 
65857 60204 
75446 48299 
98857 51888 
34962 29363 
38455 54400 
32620 43863 
31895 57968 
77527 90073 
19388 25668 
19102 20552 
99461 94991 
19608 95882 
38187 63780 
12739 91472 
24648 49724 
68221 22430 
79712 65004 
38714 18005 
58163 53259 
99799 46719 
45223 94744 
6406 66071 
37689 97347 
79776 46574 
17173 56097 
7895 98883 
68361 81838 
89312 14910 
68732 70961 
75345 19069 
77843 12370 
68913 14180 
84059 5340 
19556 98052 
24545 92448 
13721 21415 
80336 95487 
96931 55593 
62486 79060 
80236 39234 
47586 56521 
77142 77366 
91316 95959 
89232 73215 
47284 80163 
8744 83470 
45017 23760 
34641 1022 
35778 53230 
5014 85773 
97800 10992 
33162 83677 
3535 53527 
97273 96962 
90709 75240 
74363 94367 
46233 4779 
27965 79200 
7450 88528 
56051 65180 
8710 97243 
80751 45283 
52961 66069 
14660 77150 
67783 5640 
69885 50183 
13240 2538 
85429 44018 
44955 61047 
36141 35868 
99938 24998 
52146 65085 
65038 58396 
21556 17287 
8250 56626 
71204 47555 
1679 6206 
20252 22418 
41597 10368 
79756 23760 
75833 50208 
27601 24266 
81637 56688 
22710 13653 
98190 27491 
35006 27700 
7107 34520 
58358 7956 
71554 32803 
42558 99014 
90007 99590 
27380 72368 
94223 3673 
86836 51123 
22663 29232 
95003 98211 
30356 55966 
6110 22259 
54162 27852 
1072 49904 
38356 26529 
90231 11075 
39685 2165 
77813 84669 
73282 4562 
87443 56040 
31256 360 
20028 44839 
4313 58361 
65420 72021 
63412 34328 
17516 48183 
13259 89061 
48754 81937 
12326 29088 
84472 26614 
65164 68038 
80196 6378 
31880 68560 
45617 88690 
66990 39588 
77891 99078 
95221 31829 
63858 6287 
55414 95548 
85881 41142 
95300 39020 
19208 50843 
79744 53480 
40144 31900 
82923 50956 
73752 29555 
70980 95069 
97431 39295 
45820 91703 
82425 96923 
13023 46370 
99167 97685 
57253 88185 
34352 42040 
57060 6552 
67684 65961 
47677 45963 
34538 77000 
45131 56772 
57046 83856 
77971 5363 
60653 76839 
33896 5823 
5744 89348 
17748 47057 
54690 46373 
34626 54197 
63505 85043 
57270 41265 
34257 14346 
10419 83200 
89510 66432 
6479 59701 
33269 80267 
96668 770 
44255 49908 
59653 94412 
6811 64329 
35794 623 
22346 63431 
29217 52646 
59924 35801 
42256 16377 
98481 87745 
77206 21899 
85098 20283 
38854 77302 
83886 61023 
97920 24265 
18222 11219 
30351 97315 
15473 84837 
30260 4247 
47764 36046 
5414 53883 
24986 94345 
3275 19158 
36945 52388 
82899 38464 
60395 80582 
43443 26259 
43679 74672 
43495 85123 
56813 77750 
97183 85772 
48028 56558 
12737 8976 
79193 53389 
47127 23904 
21955 79583 
86418 11087 
84076 64332 
25661 25037 
1136 23394 
14391 31475 
72650 66328 
54258 47206 
43586 17979 
83805 56856 
32396 90216 
62110 80019 
84883 3268 
67766 14775 
89573 22559 
62582 89156 
24740 46513 
30459 10756 
19820 53612 
90995 16584 
4694 92820 
4727 90117 
89130 80520 
32263 30636 
61690 49236 
83143 31095 
22472 78641 
91897 45085 
67302 27780 
88570 911 
22318 78878 
88884 51361 
87384 97801 
15245 31424 
84346 13917 
73970 33055 
21890 23063 
56383 96009 
82580 21252 
1848 56833 
9654 83942 
59334 94307 
21240 15902 
10780 58926 
7873 10125 
74297 76479 
75557 70696 
88162 71314 
81072 74210 
87608 63610 
68830 67026 
25541 56756 
59318 21583 
55629 45904 
57983 3953 
91618 46812 
50436 36978 
80233 65305 
24888 78565 
76733 1975 
16009 73103 
91920 14194 
95722 75468 
87359 38086 
45910 91715 
31569 6789 
35630 28300 
94120 88144 
91149 92557 
46850 4910 
90941 41174 
61840 93665 
39791 30518 
44293 4721 
76222 82922 
15153 44735 
45705 46437 
63060 16114 
28429 92038 
18175 12881 
44928 61915 
61405 91368 
75411 55219 
71764 45920 
19390 13544 
31855 84718 
91052 47376 
56880 18916 
92775 26934 
86130 49477 
34300 46023 
77555 60381 
68290 55935 
75799 4364 
94354 57928 
82004 97875 
43087 37436 
39712 25654 
89274 20916 
65370 92132 
59130 37141 
94202 46816 
90291 68710 
82647 53861 
75253 86711 
7091 72261 
69053 71715 
25265 62358 
70181 37650 
21497 36857 
90113 91618 
39879 30073 
11279 82347 
20478 67831 
95891 12710 
92863 82270 
48803 17648 
48508 30720 
56386 37808 
9034 45920 
20398 51356 
30818 65996 
80919 61676 
38106 66975 
75637 77041 
56607 48017 
14145 59835 
27412 148 
55334 67570 
17143 22931 
63624 55646 
4390 40362 
85432 62724 
14767 7194 
31201 53563 
97358 89984 
70198 51306 
83818 53315 
45470 51450 
48095 81004 
94514 73132 
89495 14500 
17581 69836 
94737 96293 
70024 91287 
95671 64806 
67661 61024 
28508 59075 
84893 10046 
17668 56469 
94111 85918 
52802 84760 
41956 38841 
1025 21033 
83043 71479 
98130 14281 
95017 27672 
92252 45921 
80135 86694 
71447 73070 
18063 24353 
92610 83101 
72146 99940 
43379 24811 
67160 28976 
10912 71472 
50383 5647 
1857 14123 
19800 45993 
56371 79618 
53367 33145 
25684 17298 
1455 59297 
37514 571 
10973 75584 
56542 45251 
34115 80704 
58165 55227 
37300 1818 
72962 67804 
66565 47214 
26523 86042 
44554 39146 
94765 53460 
71183 67456 
18349 47666 
75192 39799 
71496 43807 
16996 42688 
60277 26146 
74597 69067 
33364 6676 
53797 12768 
24260 43334 
51557 77946 
8199 37219 
67050 2462 
49171 28158 
98812 48212 
32956 1021 
88385 68495 
30581 61375 
70918 22798 
13263 38410 
71419 72733 
44713 25463 
41723 59373 
9542 74091 
67681 31878 
97605 16283 
88693 70010 
53212 1249 
62419 19083 
15485 98160 
76370 34833 
21493 34262 
55023 17860 
17382 9014 
36224 2542 
24330 49165 
93867 53684 
35986 47189 
65160 15693 
81934 56001 
302 53676 
77764 96619 
89948 23630 
96492 72214 
41594 9761 
38369 71969 
69851 70970 
46514 91199 
37548 45692 
14332 90395 
34699 74507 
57380 65176 
10604 13323 
77070 1557 
80687 26455 
26567 46516 
14156 68529 
222 32543 
71164 86898 
7090 56655 
98870 2162 
56322 29315 
14663 53343 
77668 76748 
1755 26435 
23836 1351 
17467 20280 
53130 79198 
67769 42115 
70566 1097 
32937 66618 
13576 44199 
38710 36935 
4448 94885 
54906 33906 
55810 30435 
69165 90593 
7749 6953 
27379 83218 
95564 94079 
54281 86744 
95694 43203 
67818 43596 
74019 75228 
79125 57374 
65515 26348 
26267 89950 
47150 95913 
24401 9938 
26963 99078 
27596 13290 
61399 38837 
88279 12663 
30282 76893 
69116 71188 
44207 962 
9115 38401 
32667 57239 
70838 31372 
62901 41105 
98820 92420 
69217 16593 
648 46318 
30471 65669 
21643 74532 
19409 52129 
21642 21757 
61739 21658 
78143 50944 
85094 49616 
33912 66964 
8440 91113 
79097 36218 
21041 84178 
8037 39742 
26733 6112 
19132 10739 
84047 85570 
32534 23971 
55656 28477 
84830 24075 
91611 24591 
22561 2626 
10038 63311 
57076 59628 
6215 2300 
62110 14155 
16388 542 
92426 60952 
86199 48651 
76975 5093 
45271 3567 
93234 45146 
69271 62202 
60747 16824 
18697 89185 
1338 53701 
79648 47538 
1116 69361 
96022 67921 
75039 16191 
74851 32044 
78731 30055 
66897 38902 
34159 27213 
73181 68668 
35896 80099 
4760 58423 
82938 61943 
27864 56318 
37353 16746 
59404 26337 
45533 80723 
38914 34537 
70438 54106 
92127 59420 
73884 98051 
18699 34088 
56856 10428 
81977 45837 
12718 16374 
52253 90094 
73353 94757 
56623 99868 
31454 50079 
18323 49374 
3543 30844 
26347 61014 
57773 90052 
62189 28618 
68160 81219 
24687 6649 
72617 84227 
36263 5035 
6005 59295 
84242 72328 
51396 34484 
49476 46120 
2841 42422 
1156 98919 
61143 35310 
91486 10178 
90510 23749 
66795 50683 
48407 4601 
22705 74251 
63543 65810 
70131 73453 
77644 82003 
46169 71077 
85515 43716 
99352 87041 
4857 95173 
2268 41735 
82419 90842 
96217 31023 
96270 19360 
52350 35610 
45330 84896 
41660 8046 
26790 80697 
42210 14314 
89606 37274 
76169 93780 
18028 78585 
61485 41215 
42918 73578 
83454 7674 
640 27567 
39973 63203 
59348 18193 
90917 63654 
10759 44082 
46882 16349 
81838 20818 
65434 44887 
55274 28492 
84034 12071 
255 87828 
7987 71776 
5742 17762 
89035 85482 
77323 6377 
75626 57308 
5667 9196 
89427 12530 
39710 74116 
84313 68906 
946 80617 
73841 27589 
56509 72424 
71139 40917 
28223 57372 
71160 98140 
52409 46043 
19437 6886 
20923 1565 
53716 38168 
27792 77006 
75313 45751 
17741 23906 
5524 66937 
83045 65747 
9100 61099 
83336 43553 
21591 44768 
69337 57286 
257 37628 
76010 46367 
29287 42467 
13135 75383 
49228 43952 
22130 16931 
47813 26039 
86720 52541 
44774 75887 
82056 44764 
26783 63339 
21978 68759 
40301 59369 
17350 30088 
29920 84288 
89714 36928 
17682 57135 
94022 39562 
54894 51300 
91770 97737 
42119 48305 
81589 87358 
5319 21562 
38214 12020 
36521 75022 
32696 41974 
55914 7812 
6844 63394 
28956 75270 
53086 84187 
76852 69237 
7305 9103 
51655 46023 
96668 66508 
8312 89160 
97057 41956 
95107 5870 
45456 49568 
1248 21128 
21470 51237 
45759 51237 
59142 15787 
65384 10064 
75321 95495 
60821 25369 
4070 85744 
90469 20112 
7935 25088 
58706 44202 
96377 87630 
31788 25815 
19267 17387 
28625 48259 
19066 55169 
75951 48272 
19158 12520 
87831 74728 
97774 54405 
27984 42916 
47057 62546 
40049 68848 
45009 64743 
85724 70544 
74459 31960 
13599 78745 
7605 64638 
92549 8251 
37331 12410 
82725 2869 
77187 97310 
84436 81898 
70791 39520 
654 84161 
48377 16897 
72395 26764 
43300 24706 
97891 70096 
34547 40417 
26258 8017 
12647 39889 
24268 82744 
75841 55937 
50871 57648 
50972 17971 
38276 67982 
99275 62345 
70683 9503 
11113 56993 
72168 18013 
15642 41108 
63756 39061 
31527 40843 
26381 86311 
63017 85406 
11216 39593 
2060 14417 
71765 39151 
31607 37038 
53146 91347 
37828 76118 
63151 12861 
29731 6495 
66956 5395 
33474 75591 
92769 70926 
75673 76569 
9228 48783 
95072 29570 
37032 80094 
25196 14922 
87065 82634 
71931 93747 
75195 49632 
69462 45969 
49947 69829 
35584 53537 
83423 2848 
63146 57501 
18127 33919 
78209 21638 
32758 75048 
67488 42405 
88562 75906 
27753 55277 
44522 57052 
18058 905 
84408 80524 
2041 31025 
81661 28408 
52010 53682 
39094 68682 
49103 40084 
79552 49459 
54567 41291 
30988 77682 
46015 91925 
44776 6388 
9525 10248 
9664 75876 
53508 39173 
75391 28389 
63531 11186 
79803 43395 
48602 61630 
81206 21109 
38900 59465 
33721 75579 
82549 72327 
7579 85489 
54738 33638 
48565 90768 
36336 33489 
91250 16157 
41145 12146 
89163 49084 
71013 95315 
1728 98509 
56245 73643 
82577 13844 
95130 95454 
46750 48616 
40830 11353 
55344 12245 
96523 82072 
45316 65099 
70366 36820 
49440 76968 
10734 48398 
96832 87119 
89137 73472 
57977 75335 
23322 91645 
99867 77612 
36293 65368 
46645 57660 
28331 34190 
99037 75914 
98556 51537 
51924 81435 
90186 69906 
63538 88926 
49366 81279 
72065 93001 
81275 23541 
25842 14941 
59220 70836 
91878 73325 
92488 36027 
34074 19288 
86977 26820 
7325 79545 
38974 13616 
96573 5934 
86887 86773 
40936 38903 
8391 3727 
22175 54168 
91119 52281 
64076 76733 
23903 85407 
84708 14532 
52549 14997 
67061 85111 
19195 87279 
65239 83123 
57570 989 
43151 63837 
47773 70880 
50569 98407 
43697 83797 
77435 90378 
73812 42283 
91503 29692 
81726 41581 
56614 405 
16822 79876 
49407 51403 
7216 58766 
40708 85583 
47389 91210 
84570 22288 
11065 97556 
62698 40234 
56265 36788 
64879 13705 
23926 89727 
47123 13530 
44071 83704 
98334 56125 
54260 24077 
63638 48851 
3872 76999 
17909 98004 
64759 29925 
56555 16939 
93902 41655 
72284 96142 
96928 82053 
16389 74513 
22690 53086 
948 81694 
78582 77483 
84413 4953 
93868 39038 
97210 70956 
74021 59474 
6241 22723 
82910 787 
87617 15076 
61658 89130 
75459 48158 
43083 66512 
81295 7827 
48857 90021 
33318 84257 
62868 14744 
67746 95580 
58747 16188 
15498 52126 
22111 30789 
66593 58631 
48791 18940 
61971 66714 
19189 83995 
57805 58001 
45848 12826 
30966 59468 
66431 38771 
45909 66866 
7530 66174 
83062 79574 
76077 37246 
36715 30755 
44583 66584 
26415 30398 
84043 16447 
30056 25651 
64085 36772 
39140 22779 
83737 47904 
57066 8144 
18217 1155 
9873 51824 
67216 12558 
15514 76763 
68364 28556 
62502 28823 
95939 48872 
81708 88645 
99329 1440 
56113 24948 
48372 37028 
2474 671 
43408 87053 
76149 8360 
16732 7113 
95748 29206 
99110 10865 
57798 81378 
50115 84162 
13273 47599 
54265 57702 
7634 49333 
66288 7981 
43929 65562 
48313 50963 
14522 77767 
79399 90606 
61218 59595 
33508 85311 
65797 19607 
15888 99316 
43400 48568 
19836 13223 
9745 18953 
15837 78076 
19810 33627 
13385 10798 
30391 23129 
42057 45302 
21878 46545 
82950 73207 
25613 59628 
44150 30850 
42344 75678 
14627 15181 
4601 59599 
49828 40096 
31206 63642 
39169 76924 
45672 34514 
80754 58028 
81910 95875 
41873 60843 
80454 37654 
15156 31215 
86290 24213 
89751 49483 
95470 67057 
44498 90557 
61784 94619 
35760 80064 
67113 91571 
96465 2700 
79437 73213 
84854 76000 
71054 6641 
21527 63019 
46204 89739 
31631 60808 
32073 51488 
65346 68035 
20077 42608 
4321 4773 
5353 44307 
74300 30190 
61540 34661 
74905 79788 
5234 17133 
6382 22835 
49881 33795 
20111 22731 
22453 57002 
44739 68357 
17860 77585 
43067 32792 
95879 85076 
36125 7302 
83267 66048 
90368 53135 
29766 30331 
1522 11411 
80874 11689 
24318 12270 
72532 79493 
91208 28444 
23295 40971 
35134 25556 
98084 9829 
81520 71693 
44280 66341 
2850 82192 
55707 36447 
35599 92061 
2952 72970 
43702 68114 
79526 30753 
75367 95617 
52497 89327 
769 171 
73558 91683 
36999 94497 
1837 35744 
63604 71981 
13378 76383 
7178 4054 
23787 70100 
26661 36852 
30404 21940 
62370 24152 
88222 74781 
21247 78156 
69822 14842 
58404 67477 
23766 54036 
80791 42561 
38162 89778 
42618 22772 
36516 35885 
24184 36493 
81553 64433 
85829 65880 
39316 97715 
66951 11230 
60653 41921 
56406 56490 
70110 59703 
95034 87014 
13289 37486 
83702 83461 
2870 15210 
60940 91577 
20811 11118 
83111 46644 
79625 92280 
87028 13466 
19176 12728 
40022 88061 
17108 65397 
85693 95558 
20782 71513 
74925 10354 
66534 61623 
31214 19161 
38072 86162 
36950 45382 
30024 30276 
43043 54083 
24905 97536 
98089 60867 
62190 70278 
65284 75072 
76734 50467 
45372 17966 
10400 34313 
52133 69999 
55590 76312 
93274 17671 
72236 53937 
94057 90198 
30889 52909 
63595 98930 
73660 54791 
44457 18333 
52089 23575 
5102 76364 
96407 56038 
31596 54193 
94196 81773 
50188 30484 
8118 73183 
65551 43809 
42152 53113 
30806 88301 
73725 68403 
74960 2265 
5102 31304 
964 57202 
51618 17537 
33319 5625 
76577 49713 
38026 3 
3084 87876 
59610 52332 
81584 95167 
20099 64059 
68564 45879 
3006 19497 
76646 95633 
1758 2324 
89220 38984 
46444 64452 
93783 38428 
35396 49243 
77338 20625 
88803 46968 
44462 585 
10433 39393 
64082 12614 
90478 72517 
24533 98038 
7686 81722 
78113 24021 
92099 81985 
86162 85233 
91135 27319 
33586 70699 
41166 38208 
67775 61846 
84371 93580 
31051 64586 
86371 84738 
98036 68209 
3975 32661 
99760 66929 
24361 77220 
14865 76117 
47110 57125 
34901 24576 
8718 12769 
65522 6640 
55583 60659 
8282 33468 
55917 7751 
78767 31575 
3640 96753 
55972 98470 
8029 99341 
25105 40201 
81763 3241 
71411 83696 
36932 71259 
6149 77952 
73742 85583 
57517 72456 
99800 29078 
39096 88669 
49271 96787 
16299 80961 
80630 75480 
27353 17060 
19349 76856 
79488 94948 
77581 60869 
33307 53007 
26744 39659 
8707 23342 
20882 9715 
94271 24375 
68789 20102 
18696 88111 
31078 48034 
47616 69949 
74768 19505 
2100 94444 
52378 82382 
56102 49141 
85173 12069 
59352 50404 
20881 5763 
49424 70118 
5081 317 
62140 30188 
52423 30836 
23001 42981 
28925 32418 
4007 136 
59841 75813 
59997 89642 
58925 19262 
16565 51632 
34387 53446 
67623 67033 
64445 14191 
54874 10038 
51088 38475 
43705 85298 
54532 43278 
80463 13799 
82791 13951 
14555 27596 
60921 99032 
95547 82858 
32683 21806 
10149 3167 
53752 35433 
6930 20528 
20032 68070 
67634 90293 
37279 27183 
23111 17959 
78921 58125 
79177 50803 
97827 81053 
13129 55333 
54751 62382 
25166 22751 
1271 12242 
80635 18942 
8261 37777 
58795 22923 
62296 23610 
31728 78280 
61842 55472 
33025 15795 
32706 50692 
40063 92284 
47911 10160 
85963 30605 
81049 60384 
37738 38884 
44100 11346 
25649 33157 
60822 16183 
85495 86984 
5044 82023 
80288 84012 
89520 47882 
733 55019 
25509 15102 
4926 39703 
85799 88596 
46856 25237 
94656 63019 
60600 78617 
37015 67029 
12472 7838 
26174 60876 
6966 58174 
94407 67858 
33957 74111 
74071 8537 
74427 34960 
18186 98124 
39899 2717 
68887 62050 
6773 4442 
19803 22534 
20943 8247 
34076 9789 
90353 41909 
73648 55552 
53542 46210 
67346 33723 
10794 51285 
95464 23175 
31141 13576 
96706 81168 
3274 53442 
9728 32281 
81302 89024 
45997 97455 
87375 70672 
53263 10442 
72288 82043 
69664 94868 
2534 88940 
87363 4101 
37627 85002 
41535 58268 
85091 4570 
15678 47984 
72155 47358 
7386 12776 
52968 87002 
30134 43652 
78082 16127 
36032 3919 
88981 14261 
32154 10090 
64562 11754 
28741 65621 
38815 62772 
1442 94198 
29312 33542 
71710 76435 
64662 58178 
