4157 44392 
65609 99433 
44141 8678 
28879 85904 
88824 9731 
85368 25325 
82366 17238 
15249 7491 
73807 86128 
8003 71071 
42013 14796 
64684 10876 
92293 1491 
86110 84428 
68466 65808 
59176 92619 
42997 31226 
48868 77357 
44801 96784 
27128 238 
59418 61216 
21339 40656 
89462 1272 
45029 79143 
94629 47423 
81261 12359 
39980 44810 
25252 79786 
68862 35028 
56872 69044 
82494 45223 
6027 6657 
52160 24986 
94267 34180 
11849 28654 
84564 15777 
79358 884 
47805 22673 
32027 86733 
59377 92325 
19665 54011 
72096 65735 
31690 85258 
72801 65031 
48096 69504 
19057 85218 
94582 99790 
69729 38995 
91045 61488 
68580 11562 
29577 78548 
13582 53547 
43244 70074 
46307 64496 
30117 57996 
25523 96818 
78378 58130 
7046 40626 
97821 81513 
37944 33633 
626 70700 
87320 77050 
90034 96534 
78222 28391 
9399 44965 
55594 85157 
76054 30557 
23778 69556 
74521 83641 
13664 73730 
11844 71400 
94442 27411 
44140 29699 
27756 5499 
67956 2109 
73149 1706 
32619 5302 
92817 56301 
70460 65898 
70971 40847 
60689 2843 
58549 70963 
39625 61510 
77512 39270 
45108 40989 
70665 35064 
36134 94406 
62674 44625 
60110 23601 
5919 6714 
49582 34151 
20812 31432 
17905 64439 
4392 77490 
89036 53402 
73293 22832 
40486 65532 
27576 56662 
60419 48889 
70478 67081 
20027 62107 
95758 97872 
40475 69761 
59137 431 
90115 71968 
83218 12370 
82094 3722 
6313 53033 
55105 12219 
74770 37992 
10755 96310 
95662 79500 
49842 71208 
12144 57979 
96852 3734 
37265 20781 
27034 48601 
83742 88806 
13676 4656 
56944 28976 
94528 1467 
36266 81149 
15803 21299 
56094 11742 
49766 59260 
11748 3137 
97677 25280 
58036 77920 
83669 95600 
38497 18 
17129 28558 
81929 91037 
51245 69736 
29462 49396 
93616 84887 
10224 62303 
31146 75584 
66548 56169 
15936 52158 
40715 39775 
21481 61227 
74389 56306 
19190 91034 
39166 75294 
44119 6774 
12097 23619 
15749 255 
33554 75861 
54766 73465 
36494 98649 
90002 14013 
15931 71078 
81068 61912 
15363 83826 
91642 11786 
42929 53309 
36026 42369 
94210 74029 
87260 16011 
50916 72180 
78962 44918 
45065 16700 
55012 78007 
26825 90084 
21323 22463 
50843 20643 
32123 77520 
666 30309 
99579 24432 
3767 57647 
49995 86291 
50741 74448 
62484 44053 
21372 26082 
16685 71031 
37576 90716 
44963 27129 
8623 70608 
31518 36200 
7588 99829 
25889 55172 
19630 77128 
41600 31977 
32491 10069 
92022 40800 
97508 87135 
74997 77813 
75480 78200 
55377 98296 
95879 587 
10348 76954 
185 77842 
96266 77196 
10536 61463 
67673 22330 
63419 81981 
29314 71822 
74783 45121 
30143 19199 
57746 91221 
14684 44636 
96975 91616 
31585 74933 
94864 64447 
61789 26307 
43761 54108 
69475 31340 
45839 33523 
97767 80387 
97551 56510 
28193 39916 
79193 8663 
97955 45480 
41734 79507 
22304 5407 
62866 6136 
667 92802 
52137 19089 
94631 48083 
21063 54921 
53505 62016 
98269 86747 
28883 60110 
62014 63969 
63497 63232 
82842 45463 
61609 56407 
17646 56707 
48302 58075 
73103 631 
3232 45386 
61196 4421 
10774 57693 
2481 90071 
2949 69958 
93771 15172 
84131 610 
46067 42247 
17240 94205 
15879 59864 
20000 98309 
98446 96854 
66768 36095 
24943 42127 
16609 61437 
7395 6904 
91425 71648 
4808 43640 
9384 44517 
41957 66447 
38297 60924 
98267 1546 
71224 72072 
98423 33082 
42314 71246 
78615 99581 
94710 34032 
72712 39383 
84341 98023 
61247 79591 
53522 63333 
52688 12393 
36485 8589 
21319 5035 
65333 33587 
8920 45316 
29383 59430 
8487 33152 
3428 39712 
87400 90561 
1230 62196 
74727 77411 
29333 49431 
32735 68261 
13323 98897 
56279 66895 
43711 38503 
95327 9421 
41873 11653 
75705 34247 
77791 47599 
1068 77840 
80865 17414 
55084 88839 
72594 23705 
87047 39925 
15721 23019 
56365 56781 
18224 33941 
31801 76560 
52538 40994 
89894 94435 
50493 64689 
33613 56168 
12660 31489 
57118 7047 
27142 43922 
15385 13090 
27360 20722 
18500 29168 
30913 49624 
59591 438 
92386 71338 
2639 48480 
71764 92186 
1830 11563 
67144 5075 
97637 79677 
85466 83678 
36497 89265 
28283 3112 
90704 20047 
50862 31883 
13085 66895 
12443 34507 
47029 43383 
73047 21977 
26627 10496 
7939 88101 
43934 13879 
4746 73764 
30812 56109 
80137 8293 
1318 26637 
3136 87333 
27269 61390 
40300 60064 
74417 6432 
44398 15046 
9548 15688 
92657 73647 
99886 21384 
43253 22740 
65313 77714 
19468 44234 
11228 93156 
49743 28032 
65256 34938 
88854 87103 
64572 10344 
20544 28628 
92250 3871 
95141 73573 
40837 76680 
87051 58507 
89268 15358 
66508 98155 
15271 50701 
67515 34893 
29558 54030 
99686 52306 
10407 58517 
95497 83892 
37623 46045 
6476 5174 
73430 86320 
61900 57685 
14485 14280 
81863 16714 
43986 84280 
92848 81171 
45787 45092 
28478 33582 
3436 38465 
10675 90959 
96215 35799 
97183 43189 
21584 92419 
50294 54576 
18774 17023 
28534 86297 
41884 25049 
28207 82806 
32432 69032 
4906 53568 
71145 16463 
86424 73042 
46645 76226 
48024 16437 
64752 58383 
58554 46532 
36271 88895 
21684 67715 
23411 90793 
30339 67428 
95409 86413 
24411 72298 
42450 71453 
91892 56514 
23656 60983 
81843 53385 
79670 9918 
3904 37504 
23311 66091 
73582 64590 
32775 22707 
25092 78817 
11039 98804 
54301 23339 
42401 91268 
73144 18696 
72507 10049 
53849 5944 
61742 29360 
16435 86581 
13517 62023 
66137 29740 
58807 91515 
18777 58611 
86135 76863 
61573 72683 
42315 79211 
84467 10165 
93351 45724 
82788 5798 
27239 26391 
75896 53311 
771 92410 
8447 38857 
81028 70980 
997 72068 
8866 10683 
94896 4697 
16510 44034 
92778 93368 
64283 19407 
30404 32546 
22496 33159 
28230 56606 
13748 4663 
61791 85772 
48102 1850 
58846 69673 
29065 42961 
78173 64424 
81809 71378 
50049 64359 
56731 24722 
61621 97966 
91259 96880 
51765 89018 
70678 22131 
39476 78597 
14829 94283 
47430 1386 
31670 70535 
98108 10542 
20975 99698 
53681 49440 
81859 57510 
42861 75701 
76372 67942 
68003 53196 
28013 38734 
13966 41066 
88871 41810 
86599 25329 
91946 24824 
93183 58264 
16276 48750 
39748 93501 
31652 8260 
60938 30653 
56964 6577 
16906 12308 
61669 24545 
88717 48335 
63368 44863 
78838 77714 
26176 66739 
76490 16482 
44323 73653 
79024 81873 
3353 97514 
69920 27384 
47315 56139 
41619 71233 
44508 27860 
17136 51573 
36619 66936 
68221 95801 
76497 56590 
49825 48460 
8370 42602 
70730 62475 
20937 89783 
98409 21830 
8564 56037 
52543 30320 
8749 84307 
76084 70620 
45008 71412 
85367 10685 
93531 84555 
91469 10353 
9243 61260 
53903 60052 
92275 46549 
74648 65620 
49446 92364 
65682 78506 
6958 68539 
26354 59011 
60332 12105 
48299 51715 
5509 72241 
25082 46872 
81067 91887 
81330 99316 
65678 3865 
51869 77286 
17213 9284 
35182 17592 
10306 49055 
17533 70670 
27720 75571 
14151 29332 
87539 80897 
2120 48376 
42973 40246 
25955 78768 
74473 85131 
41328 59680 
4921 29208 
24993 34475 
7762 31705 
19684 82569 
45297 98226 
1621 88130 
69703 86815 
55217 98692 
42941 8337 
14679 62011 
83309 84568 
85423 67883 
26253 54809 
89568 63137 
94889 2414 
89255 52642 
11782 6323 
29112 46940 
47649 9481 
4935 67964 
94966 36002 
9494 78345 
74834 81962 
28327 56900 
34049 50935 
58520 3170 
65915 4682 
1653 17260 
93179 51832 
38475 67715 
84353 3004 
27312 29820 
35709 79452 
80845 49446 
40443 74193 
66572 63454 
83714 29451 
45168 86666 
47759 12398 
7887 57556 
84742 42276 
99269 20043 
16714 46380 
14629 7163 
51813 99762 
43165 83913 
63751 34130 
86973 1150 
67681 85063 
23883 10229 
39679 83525 
97721 88907 
69376 87558 
13477 33057 
5677 93145 
86821 75875 
54042 59376 
47494 6498 
10470 32416 
24353 73337 
72087 55178 
46164 73947 
47202 5193 
76737 52854 
98654 11842 
65576 51555 
93516 65950 
35943 80736 
99437 49678 
51105 13806 
63360 82693 
96454 32938 
31861 1834 
90359 94082 
24035 65755 
89759 15777 
47624 3514 
87908 38122 
56997 6608 
11135 42851 
87636 97665 
9062 73256 
65928 95824 
98490 43557 
85358 38753 
64963 81307 
60603 14343 
48023 3601 
19567 1299 
36260 88048 
70052 17169 
76474 62885 
82549 24782 
57628 7117 
63542 53651 
64731 21161 
54749 51575 
10399 1268 
82895 93484 
42551 26849 
1886 39544 
95568 48846 
14660 52560 
99172 49406 
35552 55948 
84447 28395 
55636 37833 
29568 60635 
3309 84291 
69223 59273 
50297 55312 
51129 75325 
99295 750 
60689 61162 
3595 50345 
50515 26619 
11371 1844 
5423 20387 
97684 74319 
45465 76491 
45797 89957 
19659 75904 
66074 96928 
71310 86727 
95488 48377 
62143 62872 
3723 8137 
26975 805 
42827 62480 
93214 76683 
16592 79000 
40218 12055 
13084 68708 
92395 45355 
39173 75451 
36881 18499 
19440 37970 
31749 23167 
73508 44233 
23918 89755 
65624 25118 
27267 43429 
28215 15080 
20961 96403 
97208 41135 
15556 93283 
61033 88315 
200 77192 
17536 29671 
28094 98425 
53410 1992 
19325 44489 
9338 54576 
60314 30629 
70636 97725 
57316 53360 
28026 30062 
57780 75973 
86051 29345 
87829 84665 
57684 50140 
66732 26657 
72837 83528 
49959 17568 
45786 98973 
21252 84303 
91902 6531 
1129 91847 
57642 48782 
64324 87619 
29395 56179 
61890 85393 
16587 76948 
25056 2333 
62330 23243 
87376 57292 
20947 58950 
99323 36278 
55883 91348 
25203 31889 
53767 18781 
6100 67512 
20825 29557 
44554 24196 
26353 43481 
16750 98386 
84656 36760 
46235 32076 
21607 93426 
79531 73426 
54914 82029 
88456 45555 
28203 65017 
86600 23930 
78207 10049 
88108 48682 
81598 87412 
55753 27180 
23461 5806 
82299 14303 
52896 59930 
24195 93137 
42916 37627 
59918 17161 
51601 61784 
76589 16536 
89367 22756 
97985 15699 
33238 90769 
54654 57249 
93190 84572 
62565 77964 
27897 12554 
20580 36822 
27645 95611 
58998 51994 
30685 27219 
71521 64066 
15989 25526 
41222 6090 
20123 84668 
27433 27604 
58901 38123 
14945 89356 
95483 5577 
39525 18250 
85750 6617 
94442 87894 
49104 89492 
91592 69126 
58200 41246 
97732 77061 
14686 16744 
91480 26396 
79695 48389 
89910 95158 
57577 75806 
74971 88513 
89316 65320 
9389 88954 
98081 72732 
69332 76870 
43534 39748 
36832 6438 
83795 4326 
88812 25741 
14384 48279 
91526 37172 
51987 1683 
59339 4411 
57556 72932 
64969 25667 
48037 75729 
94691 9372 
28937 79875 
26441 8132 
90957 21414 
71399 89498 
53110 69486 
60309 48028 
1996 62199 
74661 92057 
72330 91913 
19856 70785 
37363 41465 
12513 42488 
29482 47255 
7374 23092 
91063 92494 
20541 95800 
63561 14505 
15304 7141 
58878 43670 
4389 22511 
21156 78404 
88181 65221 
79501 40516 
92335 16994 
12483 48339 
90152 15051 
93842 91243 
95192 41139 
65468 88435 
87832 61239 
88513 67410 
95807 41214 
56397 2963 
83263 33262 
14524 16379 
15427 812 
20653 46233 
56747 25362 
97190 67167 
29182 17785 
72049 51083 
4304 38733 
78272 36368 
27970 18041 
84280 95125 
79543 51405 
56365 65755 
48995 44110 
13005 48881 
74688 66215 
16554 48231 
22233 81362 
62077 74951 
546 12241 
65344 23751 
5082 9763 
22429 72348 
50164 107 
11889 51863 
2474 94072 
37150 85155 
55951 56539 
61533 92503 
94705 50353 
71240 19625 
75038 88565 
12671 51698 
20248 51715 
89589 38886 
62616 52755 
72959 73797 
85826 61146 
71667 29371 
18048 29881 
35880 86891 
994 4348 
16467 58125 
13499 30400 
83677 33046 
59513 20460 
16192 65137 
39864 81135 
7688 40006 
14767 53558 
2227 59813 
29742 68566 
62068 15989 
21495 72820 
91886 15762 
42244 39099 
91951 74232 
41109 34257 
89466 83008 
19382 81720 
2029 18913 
32850 21883 
20129 61784 
48817 43418 
56596 49106 
78063 31237 
100 7049 
92717 52765 
27053 62386 
9840 83126 
71731 57859 
67515 52052 
27895 64754 
45320 80493 
56925 10741 
84301 63363 
7201 18500 
42881 46299 
7435 81208 
84645 38983 
82632 84650 
31519 5304 
55572 22552 
31589 71528 
38962 41645 
84659 97645 
93814 96068 
40599 64190 
28157 86886 
35675 37093 
36847 11828 
60217 86484 
38006 52784 
57381 51889 
44556 84170 
37204 65889 
20339 93963 
52757 71041 
9463 71022 
25921 90781 
94827 27248 
29175 43983 
37149 91218 
26718 25034 
69398 31091 
53400 6472 
73163 38937 
63105 59690 
43274 36052 
9618 30629 
54939 39401 
32459 52092 
83639 63012 
7765 22003 
92233 14991 
90040 27853 
91978 90719 
14419 51556 
4599 55904 
51080 46078 
1067 59336 
3529 35458 
69412 14493 
20709 53203 
68666 41622 
49230 573 
58972 67447 
86485 75858 
58899 38385 
8028 98548 
70178 14931 
33293 28145 
27363 79847 
62606 56376 
75314 10835 
65381 33711 
50962 39568 
24529 76323 
47441 43283 
45294 88013 
68493 92564 
18102 23135 
38927 9520 
84476 11170 
22990 74257 
92654 61377 
16617 54341 
45302 66782 
21860 21914 
35513 30833 
82176 66185 
39312 47116 
55800 5187 
82934 72828 
31094 50047 
31401 50048 
42531 77423 
51249 45379 
28903 21341 
84744 98142 
86365 4368 
35508 90063 
8089 89852 
6215 75278 
69598 51913 
47860 38484 
14234 27936 
77059 81187 
16780 39515 
92968 71246 
54900 42081 
78600 29323 
97840 90945 
2692 67303 
29765 91990 
47729 38426 
61114 38991 
77334 6593 
45539 26323 
21964 93195 
12270 65770 
5689 13839 
44153 29230 
58814 74437 
80154 85271 
61180 56408 
97767 96830 
39245 84110 
35575 99795 
96337 34121 
49086 87756 
89997 15623 
54039 86910 
82891 23897 
512 16935 
84514 44802 
38449 98570 
69742 67139 
80651 86713 
7269 41908 
42789 79044 
56069 12731 
41677 74488 
91229 30094 
62808 33284 
1855 53552 
66088 20982 
63245 40694 
84716 2388 
23076 19389 
86345 88296 
57122 40739 
7908 27780 
43838 14151 
45939 81885 
79129 33082 
82736 10765 
2715 10256 
55370 55596 
35734 54530 
29342 99087 
35561 38102 
21584 43911 
58309 22368 
28562 57140 
82057 33497 
54358 90530 
84585 4671 
934 1466 
88255 30944 
78168 67447 
81610 14791 
14796 8179 
2404 15683 
3042 3641 
19988 55411 
89525 23970 
86292 72354 
32921 67538 
34164 62556 
84903 37311 
89398 93200 
15044 72382 
28501 24953 
92644 91522 
58110 33681 
58865 98649 
13945 79124 
71085 46320 
77263 28405 
78031 52648 
85020 5619 
89072 19509 
66285 5246 
33918 5454 
71927 76758 
70038 65441 
77194 60564 
84260 81311 
27517 31289 
52301 71889 
66733 83401 
65378 89635 
33891 76344 
6602 81980 
39885 41545 
61514 19783 
38410 42094 
76877 72816 
87059 67362 
39809 42697 
53866 39473 
35306 47442 
62194 6279 
54424 88589 
82585 96390 
67636 21780 
74049 15804 
48313 94797 
49225 72791 
29796 13185 
87956 27990 
6192 42951 
52046 79986 
41831 62260 
60292 13216 
37187 29595 
67399 54612 
10156 44573 
52931 8187 
90697 39400 
67216 62639 
94154 53900 
99957 96036 
33981 15114 
34256 33798 
58128 63665 
23890 51425 
44989 43390 
84875 51822 
74637 98190 
23698 88535 
98940 619 
34099 50904 
70208 70405 
81853 74827 
52183 27936 
62736 93746 
29460 67671 
62709 98477 
51837 29509 
71324 31594 
98645 92331 
99453 2372 
24736 13269 
30663 71661 
54630 88655 
91910 22545 
24198 18227 
63700 2311 
30323 12803 
62452 93960 
38117 97496 
18535 51410 
12571 27454 
42287 11524 
86918 51186 
17307 78224 
53539 27741 
85393 59221 
64868 28289 
90741 24258 
61588 30132 
32356 45259 
3269 41711 
33099 73434 
62667 80889 
71390 6113 
59055 65581 
37324 96981 
48233 65770 
68785 67374 
57291 8990 
95122 83449 
50717 27579 
66068 74267 
41110 85280 
71763 79222 
12553 23244 
66139 29757 
7586 21050 
90360 89924 
39780 77025 
55631 3109 
33066 73996 
85392 18116 
56238 11524 
35784 96813 
16489 53743 
10232 37664 
99368 63123 
59080 84745 
94176 64793 
8462 30176 
23646 13485 
93915 59477 
4643 15750 
83719 33896 
2641 93776 
64567 51605 
6928 63943 
27851 80446 
45738 43231 
38735 8999 
80954 89600 
92146 19805 
70528 28721 
59896 48864 
63452 18707 
11399 58919 
96883 56942 
46772 20494 
97942 38700 
15586 64334 
53734 35888 
7151 41622 
2311 76122 
88900 4227 
14567 67232 
38335 96250 
82480 30391 
60926 30256 
2645 76261 
11482 6846 
45692 82817 
39721 24584 
31990 11018 
62111 18811 
91929 25011 
21552 62502 
75115 67262 
34020 60088 
86977 75828 
37072 66009 
73550 20920 
48907 63823 
45653 80975 
18691 48765 
32150 74647 
98934 66956 
78711 14441 
98911 77800 
63223 50154 
84523 22640 
81938 25872 
74388 2359 
71479 82922 
44631 89366 
70964 3046 
95491 25289 
95826 964 
51778 84705 
90291 43579 
66120 17352 
49018 94268 
69098 16541 
50072 55008 
63548 99850 
21181 6551 
91667 29689 
69134 27389 
13056 45962 
38224 5989 
19383 30794 
27783 47553 
77126 76178 
91160 16531 
33661 79398 
58889 49154 
43954 48217 
77339 16471 
75210 58063 
30781 17666 
25052 66833 
19625 35896 
45151 59447 
452 94443 
96704 63882 
54522 9657 
76750 53218 
40607 49012 
45042 24054 
5261 67506 
50029 20699 
69057 13718 
99504 56653 
80879 68038 
46517 70134 
33974 99869 
64448 38825 
67292 8080 
66411 70468 
33536 39526 
83679 80611 
1379 64162 
55412 66527 
73463 22073 
97656 87227 
44099 47718 
13498 63491 
90963 19704 
78150 18953 
93654 80654 
82908 93555 
98616 20984 
50112 74036 
4714 22924 
37586 2659 
26689 16600 
35525 44974 
4707 8756 
21375 20188 
67421 6467 
78994 23599 
23220 73160 
7204 99524 
49774 22311 
39850 55325 
75490 75380 
74545 42344 
98183 84883 
60528 67972 
66031 50901 
27404 44561 
53804 39936 
45988 25536 
3389 48679 
113 26784 
61789 42105 
13939 82321 
42065 35215 
23182 37203 
53099 80845 
641 37798 
92591 72129 
46489 39780 
74362 67542 
32043 17596 
65811 98858 
42052 25638 
44313 27964 
95020 31017 
42344 77133 
33683 10545 
40304 69179 
68487 80457 
83282 78876 
25746 6372 
43426 15074 
99143 23132 
23108 24136 
28331 79430 
95736 29639 
31618 10486 
10864 737 
1065 33560 
48124 72126 
27785 55697 
90594 22255 
62864 80885 
2321 53253 
35004 4642 
37048 5967 
39866 88098 
75570 86573 
88063 10731 
87700 77430 
48819 11188 
41480 54152 
54585 38998 
37060 33304 
38195 56488 
25566 30715 
58661 49831 
84329 19085 
34284 30938 
59004 35368 
42476 37740 
50380 3371 
64549 69458 
19108 5067 
50699 25553 
5107 55309 
55490 52312 
10049 8957 
47398 39424 
71145 56863 
27296 50361 
62327 47729 
242 15056 
94979 6546 
32544 61093 
54523 7133 
91764 10510 
1454 96248 
11217 23324 
85825 59787 
42446 26016 
72711 67810 
59296 23456 
52870 34423 
55390 56152 
17555 80985 
33202 31180 
9397 96716 
17348 24801 
22272 49410 
37353 27527 
12237 10828 
15860 78261 
98923 26259 
67084 13147 
82151 75811 
57296 36913 
72107 46187 
4232 9704 
33036 56012 
95524 30827 
70235 55228 
87606 92292 
48010 49622 
6020 69699 
12308 85275 
5652 15744 
5894 64497 
65138 22514 
6230 54789 
83540 22743 
86609 95414 
19344 7320 
99666 2374 
61969 46611 
8996 21878 
54148 16511 
49458 84860 
89936 46678 
79584 70639 
97533 27996 
620 96535 
78747 39104 
55817 12051 
17609 77662 
90926 91171 
89523 11076 
52249 84418 
99292 93507 
22100 13468 
51479 31232 
43244 65461 
9750 16845 
63633 71582 
33238 94235 
40664 35052 
87394 60963 
80245 7356 
14436 62367 
50094 98360 
14176 82631 
98989 45906 
29905 92049 
34094 63535 
55955 66845 
57033 31196 
83668 58160 
36013 93087 
80711 50203 
96131 79252 
55051 14063 
42861 73090 
89349 33302 
94785 5644 
44138 50220 
90776 69355 
18885 57539 
54133 8886 
28864 39282 
41581 64718 
2760 46721 
78567 16387 
31000 80561 
83967 96565 
98057 38862 
17096 24604 
13290 81751 
37797 38766 
14382 58560 
56479 90021 
55020 40815 
65062 97124 
4182 5357 
82135 52620 
78270 15901 
16000 12506 
99253 58446 
47842 98450 
22129 96208 
63890 90786 
3217 23152 
20260 92973 
87122 11660 
7042 3733 
74728 69539 
89266 41798 
97129 44306 
41495 30008 
61167 38567 
60141 60451 
51058 29325 
32939 30377 
67602 16164 
68612 59839 
61528 58520 
41380 76317 
70774 623 
84765 79020 
2845 24208 
77060 76129 
12866 13703 
96850 21943 
15522 66383 
91149 67701 
34844 30826 
90989 79785 
39609 11044 
29720 72088 
34104 30762 
67802 45533 
74116 12590 
4536 27005 
56218 90203 
61975 52450 
84770 38159 
59147 44419 
55532 73592 
55774 93061 
7388 56805 
33825 61349 
84380 93622 
2524 307 
19130 21413 
57849 78029 
95683 42785 
1083 97503 
74889 56228 
22657 2566 
68705 21358 
87294 48736 
31094 87903 
14373 46253 
92718 12229 
33475 66361 
4186 82938 
9238 38644 
68354 77939 
71914 57212 
36032 79431 
60448 56567 
11398 80338 
83430 14188 
63547 25991 
29925 86192 
68804 48251 
16982 84844 
14785 65744 
43525 62304 
81677 43533 
31360 73629 
78767 28291 
73212 53922 
55016 912 
74964 59418 
21309 17529 
74702 90396 
18949 42004 
44696 34969 
44126 8220 
34102 47141 
91255 88905 
89971 99955 
9458 89186 
2047 35123 
75928 27727 
52868 64205 
77504 16045 
18870 63263 
57537 97489 
60437 42795 
28916 61355 
59300 67883 
76173 4749 
10174 49635 
69622 75074 
50219 28338 
92724 89361 
14682 21185 
40254 93216 
39981 12980 
79256 91747 
96538 26951 
77427 57595 
22824 24589 
94263 97094 
49368 48388 
99148 34555 
46874 39417 
27558 56836 
6163 32863 
11624 45567 
59269 58975 
24554 12838 
80842 54310 
59719 47590 
66911 18718 
24722 74658 
74073 37225 
68342 26084 
16370 22759 
73972 25283 
59379 25636 
47023 88567 
21443 98755 
95737 55729 
90539 3687 
54942 71602 
91896 92103 
30519 53894 
96300 99488 
48683 99119 
41901 43597 
78663 98056 
53409 28855 
59968 54934 
81675 19668 
6125 30407 
53998 60595 
75654 57395 
20852 89371 
98000 11012 
8315 9971 
17235 49007 
37090 67235 
69580 77588 
48841 91981 
42138 38952 
88439 66141 
69696 61486 
26781 91109 
14062 61386 
72972 29344 
36120 35270 
16974 29166 
14633 37406 
64216 35802 
87794 92292 
72213 37883 
93641 53567 
75875 97940 
63639 83637 
93007 67882 
80121 94863 
34376 95988 
42723 62846 
3788 90672 
1549 95032 
62749 18046 
5550 13791 
51594 75310 
83408 92103 
4360 99999 
21227 62110 
68227 46365 
26404 2065 
40001 84442 
70288 95576 
61909 54828 
83588 48537 
76870 42739 
37934 43800 
29461 18614 
84651 11350 
12943 29364 
37450 92664 
5000 14276 
79662 81922 
5260 62672 
48572 33857 
86190 26608 
99505 38312 
95637 51219 
80572 74920 
4047 87735 
55292 77852 
72326 9798 
94813 60189 
27328 62364 
24016 70243 
71127 34313 
46556 78017 
17503 60823 
92693 19007 
44484 29637 
30772 54676 
75342 86526 
58290 44183 
52062 9598 
41732 60326 
45125 49510 
5670 24167 
51338 13231 
81137 77439 
67482 2686 
10845 59570 
91708 6432 
74558 7071 
96901 82440 
41792 47001 
40637 63165 
80943 13378 
24896 60223 
54101 75655 
95355 45355 
4968 31748 
74864 36779 
3712 84607 
58628 25603 
46987 90972 
59645 35647 
24023 43683 
82111 21882 
50354 24806 
17796 77571 
39620 45831 
5796 38332 
30879 73349 
69601 42472 
13899 23840 
47087 31310 
98189 99602 
58825 50611 
52846 29344 
17993 44833 
3745 71616 
71238 19592 
12250 36963 
73976 84543 
75300 85613 
45910 78837 
80592 61490 
22959 24360 
22554 30462 
20313 48183 
34899 1019 
48015 64929 
23767 18922 
75221 12235 
91816 43890 
22239 88038 
28103 36017 
70443 47115 
1164 2350 
19347 76115 
33472 79960 
87402 81258 
54250 60825 
48480 90972 
24627 95987 
19561 96880 
4199 51680 
66768 30917 
81290 28524 
76733 3768 
20560 96374 
48129 10381 
91064 42047 
94274 42036 
25474 74888 
11864 31208 
26911 86051 
63180 95479 
83647 11322 
39514 39736 
73946 4501 
22108 22169 
43402 88551 
33543 88818 
15318 15164 
77330 33935 
51088 29833 
96321 48922 
11947 9212 
41639 81367 
86090 10250 
32954 37449 
35884 46483 
8225 25986 
88721 85889 
6457 60413 
42053 46795 
524 6213 
78253 53637 
98796 85613 
88136 2699 
64081 28792 
83363 79493 
56309 91460 
37390 64069 
91411 42291 
32247 58278 
23023 60573 
4133 69913 
95901 74335 
74678 92642 
90387 12302 
26683 27790 
75750 39207 
33263 4252 
16931 93315 
77508 66245 
33975 47451 
6178 15058 
96366 70385 
45357 10630 
45490 74131 
68640 61520 
77646 94522 
49132 57709 
87275 67373 
45370 29693 
65508 30596 
68277 49443 
72663 3846 
51340 24058 
54993 71572 
99432 71342 
55737 22798 
23039 7992 
78485 81523 
74136 25774 
96871 95322 
87547 78760 
68762 36546 
97339 55618 
5433 10459 
41673 64931 
66587 57719 
91476 18658 
645 84799 
38417 59098 
26360 55258 
55889 38108 
56640 27220 
3035 23807 
98321 27987 
76350 79658 
22712 15388 
25963 33558 
90859 87295 
44451 30422 
34792 65686 
4865 40809 
41401 99682 
71631 80196 
59145 3186 
33082 78832 
49431 67075 
7605 30404 
34327 63324 
56729 39343 
50131 89022 
97955 81127 
2400 81910 
47725 87782 
32173 75921 
40657 71601 
45424 55107 
65007 4130 
28174 7425 
26306 74589 
68251 76043 
1204 62169 
31324 55150 
71797 69992 
93627 79665 
37026 85061 
16716 13851 
82246 48121 
60614 52500 
50643 40144 
70874 10177 
894 17989 
42366 88957 
54322 60830 
58018 83169 
31780 21041 
24254 803 
55567 8508 
76560 55633 
44933 75695 
8366 11462 
65058 12321 
84362 40528 
98863 3091 
35396 91777 
98630 49736 
96259 51507 
40098 9438 
39941 18873 
45570 55767 
82379 11760 
64552 25349 
80213 64761 
493 73768 
20760 80292 
50483 27559 
8189 46324 
81062 85672 
82782 39781 
97792 93405 
71215 93333 
78828 84565 
54943 15153 
33459 63477 
61070 16118 
15434 77501 
25475 17020 
67847 12806 
51522 79552 
1475 31427 
89332 29113 
11670 56010 
90375 14976 
20258 133 
50059 83861 
88370 36759 
37032 26713 
83737 95087 
22052 95247 
1677 76970 
61591 74804 
32891 88082 
61735 43093 
43116 86112 
46478 40621 
79806 58554 
81167 27899 
49232 56017 
56651 6974 
13727 23482 
22584 40390 
43289 91587 
69372 9381 
18347 12742 
97414 14909 
21212 52781 
79577 40116 
72596 77836 
18249 60792 
66542 8287 
21847 11697 
32205 46846 
77326 90863 
4168 26252 
75012 11435 
14293 63538 
50000 91210 
27600 52470 
40383 3698 
32265 73493 
26747 1348 
59541 51430 
9647 61532 
53261 45150 
2198 98946 
30544 10580 
63428 34266 
75447 38661 
74734 8231 
85496 33247 
66534 82754 
47399 60451 
35141 76226 
52716 70552 
50908 38892 
76843 66356 
47856 85954 
35412 67753 
2290 71046 
1029 1253 
53306 751 
10281 25378 
91624 62040 
15995 88058 
44873 58836 
43005 560 
17195 31331 
86987 3979 
98977 62261 
55417 98942 
48548 58030 
87310 6936 
61819 29401 
4095 32565 
88175 86394 
37861 7 
21273 5116 
55155 44116 
92002 20435 
44623 46825 
17467 47717 
65010 22928 
14684 39292 
56376 75782 
70552 36895 
1854 63128 
70730 89994 
89895 35966 
29184 71744 
67638 39319 
27468 39272 
94906 92690 
68222 53008 
5316 188 
70865 91041 
56052 75521 
89181 68716 
1107 5433 
10226 1210 
54143 16701 
1928 27322 
16551 56389 
12776 46449 
33964 42840 
91154 7513 
10122 95765 
84154 28561 
50888 7777 
96138 18805 
33166 76860 
35818 21092 
93571 79507 
57308 92077 
9925 27659 
5391 89830 
5000 19045 
8122 44188 
36412 60201 
20963 43819 
49141 14145 
15784 85815 
57911 612 
25346 98551 
95476 55734 
99310 66638 
9860 40173 
1329 57946 
18674 69983 
78462 77042 
31878 32853 
63918 46791 
35674 43879 
32055 50447 
89722 89653 
10594 50260 
27444 7201 
69169 35426 
64912 45185 
45607 42161 
17674 58794 
41772 31742 
96814 96861 
19303 8548 
5683 50023 
52267 9451 
86925 42087 
48522 98348 
75785 63303 
34485 55203 
153 63849 
9065 57629 
30406 48594 
11638 14896 
22823 40090 
16264 29162 
19189 5747 
59745 26804 
62206 77256 
34643 23912 
61378 25608 
30053 64335 
97319 93414 
82718 96096 
83726 27744 
8956 32561 
15766 1327 
23929 78461 
21213 57711 
18942 87642 
96389 66871 
59723 59403 
52819 31726 
89078 73308 
22482 43200 
65817 8586 
69629 41664 
48542 93521 
35361 6032 
37636 82691 
97540 58236 
21732 65473 
63018 40460 
35962 67939 
21826 95275 
28449 22047 
83656 54668 
48790 41029 
85823 22990 
17688 57886 
8859 20955 
10428 55131 
61020 43096 
88545 38222 
96157 69443 
43835 82573 
10802 63707 
76745 14587 
25760 84876 
17232 70866 
95111 36882 
10332 16554 
1228 81884 
30981 93705 
88308 46707 
63006 13662 
58828 59112 
75775 3588 
7485 60823 
58647 66639 
95369 57611 
28120 17690 
73494 83266 
5533 12090 
49250 73860 
74164 93642 
51971 71533 
63765 49771 
94514 2837 
77846 76843 
46604 5745 
74411 26604 
32659 11506 
34424 25955 
41927 22813 
3904 36559 
91969 68126 
75361 48220 
17887 53483 
82182 80565 
69146 77769 
15606 1231 
83472 25172 
38109 55564 
72989 99427 
59278 42817 
1643 18453 
60681 66866 
54904 45117 
4774 35658 
2856 90119 
39533 82949 
35997 86362 
15306 38292 
9419 682 
63265 76830 
65520 18439 
45896 39138 
17973 9219 
79107 23152 
70443 57791 
42834 15193 
12339 23446 
42424 45142 
80903 72990 
56618 22023 
4013 17914 
9600 30559 
41307 74636 
34399 46711 
22574 58218 
52790 60787 
41855 14598 
82929 80378 
3256 94109 
74 22211 
30237 69968 
18050 91945 
43964 9393 
29529 94008 
88284 12138 
41718 9750 
29002 41525 
70718 31513 
83330 86370 
12597 42680 
41761 8768 
92133 89276 
29053 52273 
1222 97454 
13651 7820 
78089 52968 
15557 60555 
45757 73685 
81532 69798 
23598 74275 
93473 66457 
49364 43383 
50914 87469 
731 27915 
21822 5253 
85186 46522 
