87243 99418 
41511 94753 
76521 92679 
80848 38355 
1277 32374 
24474 64757 
99280 58893 
60614 11546 
3715 49393 
78458 99212 
30683 76286 
40888 11104 
81485 49702 
90044 8415 
97007 34147 
38361 123 
64150 52267 
36837 49624 
14954 14567 
79598 14743 
77914 42889 
99238 85876 
37955 87616 
30924 8196 
36658 73801 
74950 48182 
97496 49824 
67179 92177 
92256 53642 
74740 45229 
74235 56380 
70371 32176 
91435 90717 
2975 89750 
58683 22424 
74221 78408 
11460 77423 
51446 35680 
86197 93827 
95644 38991 
71886 28731 
59992 45261 
56072 12849 
19146 27002 
44670 12624 
22443 30214 
69475 29075 
25194 38060 
9883 35366 
41403 36137 
46011 30999 
78536 40071 
29308 69508 
60372 64264 
3663 98671 
17510 81782 
35172 37517 
26745 49718 
11891 2773 
10354 51774 
56298 88908 
64184 40409 
52639 544 
69527 44548 
28916 33792 
57889 45713 
49033 3908 
40058 15331 
64428 20701 
81286 49074 
46520 20233 
2942 30259 
71373 71614 
17633 3665 
56223 91083 
59599 43554 
53856 12042 
55081 55256 
95273 79372 
88405 58366 
33727 59090 
58685 61426 
83884 80296 
89318 52891 
68750 55365 
47893 1258 
83947 56448 
57611 78426 
64049 61640 
33033 94659 
88886 22497 
52726 60991 
99080 46148 
89288 75447 
99565 29822 
53274 63167 
17407 33405 
71714 87343 
46000 26496 
14179 87779 
51539 451 
99779 97014 
39641 93012 
67001 30077 
80104 33404 
64964 43301 
65994 79128 
29442 10048 
39610 82207 
39930 66770 
52347 92247 
15051 41502 
38074 76470 
92767 88744 
70365 12691 
59147 19571 
42776 90290 
34845 33935 
58319 36287 
1981 33265 
39404 68944 
55785 15828 
72716 69643 
95136 34721 
84864 55343 
24049 28959 
4099 28501 
22195 21794 
1003 79138 
56691 17225 
16770 14571 
49696 15614 
81536 96373 
86758 12356 
97223 71220 
49369 39774 
9413 92563 
81880 61716 
21028 43421 
57692 32763 
6919 87110 
92543 89542 
72950 92348 
63774 50308 
65754 1921 
33581 60791 
80064 39996 
41577 39249 
29370 82138 
27384 41707 
42625 44244 
67495 89596 
24819 81864 
62353 76275 
72466 29718 
89308 96407 
66392 52778 
45108 22686 
73689 24870 
37527 88128 
78300 98520 
49972 18957 
25410 80655 
95139 3031 
8679 82755 
94232 71856 
51328 71196 
66775 20399 
32163 3783 
92716 88249 
85882 1821 
13313 78089 
63314 73613 
70180 93044 
71761 74882 
42935 33127 
28157 64366 
35030 2844 
48536 88727 
74643 46957 
66096 9911 
42900 49456 
17172 70220 
15270 2002 
59469 75626 
3587 72409 
90195 66213 
15980 81169 
13015 34169 
9874 24610 
62276 44340 
99281 66939 
30514 10150 
91743 60276 
60992 78538 
72578 41683 
60865 81596 
24509 99298 
62537 19684 
69258 95849 
10872 51105 
44374 87158 
82149 76733 
83344 75657 
46998 24568 
49929 94556 
74012 58749 
88727 26933 
33359 60360 
93113 25878 
402 53226 
58981 16749 
78218 76886 
88149 30652 
54849 41085 
28794 39478 
86246 31370 
91969 37119 
49063 73731 
63020 38929 
38818 7787 
34646 52088 
98416 62575 
24369 3185 
49610 76820 
3346 96177 
65720 56399 
55749 13803 
67755 15731 
8319 68619 
48080 6962 
18285 55997 
25835 1047 
84442 60743 
16586 48236 
51019 21458 
54966 11944 
6834 62290 
43613 39657 
43311 60452 
14245 7218 
24048 29694 
77480 48792 
35958 64822 
6825 63738 
37370 10479 
49255 73803 
92048 88553 
79883 89274 
79730 42899 
21453 31108 
3561 37532 
30742 47583 
72745 74972 
13405 58613 
24727 85143 
66428 58646 
65409 72045 
63054 9933 
48179 95333 
88901 61957 
82943 7035 
9956 39961 
64883 59809 
3256 55731 
39326 52475 
9236 7204 
73895 80976 
71137 49955 
92021 18518 
11277 43254 
32933 57291 
56638 96135 
42401 6040 
66904 64798 
65794 52642 
36960 81666 
10414 68964 
42825 28557 
67634 56414 
75080 1682 
36978 4974 
57100 54538 
74116 65878 
76711 46311 
92632 18735 
69403 67992 
85445 47530 
78803 66189 
95966 26776 
85835 35476 
61312 59048 
41865 4156 
70335 98162 
63065 95397 
27760 38478 
43365 6005 
92370 50114 
21556 8437 
61978 92306 
94473 48180 
10819 42698 
2646 78251 
46053 39061 
27422 45318 
39209 41740 
29252 17825 
5688 90073 
25741 25517 
50872 44096 
54950 61874 
74898 74039 
94632 86227 
29824 84424 
11213 50703 
52712 37039 
93757 68658 
56035 67599 
87564 35877 
42885 74631 
79697 13578 
28587 95903 
4411 83132 
92634 77679 
30352 86422 
55249 85146 
63324 72889 
71430 98542 
48547 84566 
61984 88842 
84537 23777 
55845 69281 
67105 64691 
888 74594 
66414 89547 
11471 28501 
2664 53103 
60103 21818 
26672 4778 
87942 38495 
30486 26912 
4191 34956 
10108 79750 
68053 99311 
77546 78956 
98508 91312 
72600 69892 
37010 91390 
56144 4363 
96079 67653 
76155 70181 
62812 3422 
85318 71641 
90498 14720 
54759 9893 
3795 27038 
72329 66184 
63363 73783 
35801 48091 
84340 25015 
51468 19091 
79765 54382 
26836 95241 
4770 4599 
2462 59178 
10345 17405 
2453 11352 
76447 52604 
95744 51088 
83438 32621 
51005 56019 
98088 13935 
36843 7372 
95810 4840 
65985 90775 
14310 20151 
7177 87455 
35519 87804 
91795 59130 
22429 99734 
23494 21348 
95402 29986 
58683 94693 
18516 26695 
63247 21024 
80710 21410 
66613 32768 
98739 89147 
28151 67335 
39402 35648 
2831 25810 
56993 84506 
43197 85359 
68627 86126 
2896 88144 
44852 72945 
13392 46074 
75885 40888 
89937 20314 
84831 45745 
85478 57250 
98411 64948 
51908 88485 
53011 90190 
86908 31440 
9275 84383 
41601 59257 
71998 57640 
39341 43975 
63725 91298 
9181 15301 
80276 66421 
68912 18837 
64288 33806 
2023 2204 
68939 96185 
60565 5320 
48142 60166 
91590 81907 
1824 55359 
28688 33351 
25269 11220 
12151 93139 
60075 28349 
1334 60373 
20924 80260 
21072 44220 
77134 34119 
40288 47678 
910 84485 
15471 88646 
55187 52799 
44242 29077 
83194 17168 
64987 58821 
79074 1950 
7356 59808 
64372 74686 
45436 58351 
68688 69144 
30450 58555 
14496 77548 
83118 38274 
35866 32481 
7111 80485 
18788 29569 
44537 7627 
36795 25693 
31976 84191 
69746 84320 
31310 53726 
35950 29484 
3451 80420 
38162 13003 
65015 72572 
22577 95723 
18133 75490 
76573 92886 
71756 34754 
45736 36159 
79212 47281 
33650 60447 
1209 37246 
58914 32273 
66098 16690 
83052 98354 
39911 16495 
90246 47927 
37562 2442 
95246 50439 
3553 23176 
79325 51441 
65632 72150 
5829 83788 
18062 84028 
46649 78741 
22535 27503 
58846 42101 
24206 1127 
86701 94212 
67931 86497 
28634 59464 
65527 64031 
684 30915 
8710 50568 
48705 28655 
44327 75139 
9925 16784 
28626 69543 
1182 43151 
55503 13700 
15971 18466 
10023 42294 
45294 56957 
32987 88827 
98378 59427 
94919 15966 
88472 31402 
68546 56931 
66223 93975 
57726 71707 
28532 63050 
87726 3951 
4345 43843 
86857 9753 
20474 11858 
92696 17774 
80337 28957 
97488 71781 
46422 73726 
6750 1246 
3301 49050 
22755 63416 
92199 66578 
80249 1145 
50383 97751 
55629 64779 
59073 24111 
42761 53525 
2098 15783 
38753 41968 
64173 16370 
11157 70810 
52477 14931 
24499 97367 
8108 41259 
88441 21038 
85030 29401 
52512 21667 
13288 56156 
13075 74633 
30554 76221 
17003 35491 
61472 43763 
43563 19109 
47804 31321 
21062 33522 
84056 31329 
88055 67086 
93025 52935 
40255 69013 
83621 7388 
13753 8023 
69388 8960 
42771 41573 
90245 5153 
95866 79031 
72321 89925 
38382 76126 
81110 46710 
90889 55194 
71759 14195 
53479 5926 
16908 67152 
43970 84759 
97339 57057 
54465 97522 
73565 62779 
65136 19592 
17535 60339 
66749 80562 
72803 32535 
34127 16305 
28770 4185 
61622 70330 
40048 6790 
18628 8429 
95502 47635 
8275 95905 
43205 82628 
15645 75022 
7318 69657 
13228 71825 
90816 9777 
50792 56123 
44030 67258 
94427 76164 
93108 96318 
95274 90418 
64813 92327 
62284 22893 
14465 28317 
85303 75522 
62379 33841 
4927 41431 
70814 22521 
53737 76268 
48215 77085 
99913 1269 
50468 56253 
8690 31388 
59898 96513 
99682 44553 
61917 43660 
18896 33983 
6502 63906 
63013 14536 
37102 52432 
90574 86159 
93110 78452 
29744 92762 
43677 80161 
45574 53248 
90457 50406 
61035 82896 
84771 34455 
35558 67964 
40697 94953 
92416 4079 
89783 85964 
52000 59927 
15341 17927 
71914 81698 
24706 88450 
16744 10911 
66359 18 
80499 48474 
75507 85047 
62909 61230 
36459 11122 
57134 93737 
83074 44851 
40899 17641 
19584 11451 
75680 23801 
33250 98973 
9273 38152 
87611 21069 
45934 21318 
30464 70205 
95261 94142 
24293 64476 
36056 16495 
8479 15442 
34674 35165 
32442 21892 
38657 8087 
56768 24981 
25983 6835 
5383 43873 
27808 97029 
66047 47868 
58328 97193 
78678 10905 
79239 20622 
21453 37404 
98222 11922 
3157 44619 
51001 146 
96918 35969 
44731 3837 
5250 2261 
46836 39798 
29224 43301 
87862 6999 
25649 11057 
9543 39850 
75271 37367 
29964 50878 
52314 24128 
16594 11908 
81074 41966 
54881 54938 
88834 4572 
75267 9169 
15996 60213 
54628 29035 
24161 69375 
39562 9561 
50734 18034 
48364 30029 
94735 49783 
96168 14672 
82587 86821 
53420 49993 
55012 49772 
91740 52332 
36500 79378 
93147 36399 
97414 9261 
98768 95766 
95418 38317 
51355 69701 
87711 3710 
42272 37191 
38459 61016 
8106 48678 
6860 36744 
34633 78751 
90416 30310 
16623 58932 
15303 7434 
90777 28690 
11110 45036 
6090 24951 
80761 58889 
21023 15637 
78117 69575 
20093 71103 
35507 39791 
23823 58914 
41363 46541 
25489 41963 
54173 35520 
25686 57734 
53124 41747 
51449 57369 
68073 50497 
40538 87205 
1938 15598 
43447 2588 
57077 48406 
45790 14007 
3943 40039 
41973 78983 
85041 81916 
97369 69648 
30156 5215 
20711 65578 
69823 68550 
30999 44189 
73218 84969 
43970 66910 
3878 94354 
21971 88316 
82110 55327 
28124 47557 
66471 51986 
689 36669 
18356 85108 
16826 78725 
93512 44877 
46246 90294 
12239 42798 
4761 47302 
96020 14107 
5301 21140 
22535 88837 
69714 2756 
43259 69630 
8517 86457 
28285 47442 
97700 42272 
51525 32494 
81837 66015 
6117 77129 
10939 59513 
44635 19687 
74846 60017 
71642 84055 
33434 7412 
77108 28268 
53501 10606 
88433 47335 
53917 50364 
36063 404 
29489 34843 
73099 50465 
70931 6222 
62858 75960 
23472 82072 
49979 37996 
29808 3491 
60466 64297 
84496 53533 
33967 41600 
86324 4090 
77624 91888 
12823 47132 
44984 44665 
56775 67103 
85756 7430 
58450 15261 
82605 79567 
39254 53886 
89695 51057 
92583 48539 
14380 76746 
15894 99922 
38211 19322 
74341 23391 
56329 9748 
70837 3833 
25372 82572 
59932 76328 
49162 5348 
83699 8922 
98740 36365 
26594 92848 
58715 12917 
83291 77634 
15432 93566 
8543 23820 
54131 52157 
71372 84350 
12045 48764 
67219 67263 
42295 83361 
51187 76868 
79482 71647 
43063 78400 
62039 69319 
20569 82000 
58669 10987 
61123 95879 
66639 23030 
14353 55648 
98203 15855 
87733 97057 
48112 60345 
5891 2760 
39932 5733 
60541 20226 
81830 1693 
2408 17555 
23484 46138 
39149 16689 
94974 92025 
93990 19417 
25767 11418 
48627 20556 
87331 33114 
40945 84824 
76448 41346 
13170 49172 
57959 47363 
9323 736 
15436 23170 
2170 72049 
16236 17243 
89350 89804 
83369 55736 
35953 11203 
80805 69523 
56542 82803 
61143 77348 
23462 60785 
94925 98418 
60266 38684 
99476 63993 
29143 38896 
11757 46797 
49521 37626 
4538 29570 
91300 9476 
28093 89596 
70689 97480 
70655 84772 
39194 37155 
70039 88579 
97036 89009 
76107 36259 
81131 62968 
59182 12580 
74717 50291 
83033 32751 
60834 13806 
12734 42366 
95069 25695 
7457 89705 
4336 83511 
56199 4278 
27928 79817 
50458 49195 
4675 48497 
52045 1764 
75768 61760 
6489 56643 
16659 5787 
72926 38971 
33405 20150 
89869 61049 
58953 46362 
72949 55517 
63038 94290 
45463 70346 
45770 1708 
35516 16597 
19401 31824 
34555 18535 
95417 26453 
1245 27551 
84774 8315 
11952 26232 
87974 4984 
4489 67049 
98642 49129 
35305 61267 
69360 94937 
71984 58025 
91740 79002 
72691 30987 
24061 45448 
62108 20495 
59277 49699 
99451 62885 
63783 53057 
48304 75414 
33081 21132 
311 55211 
4290 43154 
75153 93704 
37456 96359 
17797 4201 
27704 89860 
40637 9589 
38482 35821 
12964 39565 
52519 12233 
83083 42395 
21565 1238 
29445 24866 
58608 9689 
76324 95927 
56963 4525 
76847 4449 
39477 24525 
61587 29601 
38087 62151 
74504 3543 
79040 44444 
69611 20430 
2318 80298 
21603 13185 
75174 82964 
11532 60045 
69117 21243 
84697 16606 
57330 605 
42036 55859 
55194 26324 
18626 38719 
70449 54743 
23293 30535 
51500 95903 
61854 25348 
22468 91025 
43209 38889 
71806 51708 
72247 83841 
17664 14231 
66478 46373 
7632 31937 
94296 41708 
23115 1479 
21984 38273 
49302 94536 
73815 4918 
40536 45662 
55045 53776 
57880 29014 
61112 22511 
80756 41995 
98020 64026 
97759 2205 
68668 89142 
63109 55593 
37807 38325 
64660 88369 
74324 42225 
86991 32933 
83728 67622 
68824 59006 
85996 35295 
47867 45122 
64331 39413 
58142 32786 
8944 94236 
94972 75841 
6617 83212 
91000 10987 
81589 88030 
52991 91871 
76219 30722 
93606 48826 
70922 70634 
54973 59074 
82026 59850 
61560 38073 
43485 75667 
58748 91740 
73794 16707 
90432 1343 
52983 70514 
44110 48175 
86244 34737 
45117 23454 
10498 1505 
13033 10424 
8162 95102 
2734 70245 
28358 86803 
40192 11028 
80028 97486 
28824 70238 
53647 38647 
46040 94693 
48675 35436 
71632 59537 
32399 21588 
89722 27772 
32506 95396 
84217 15368 
70466 78348 
4080 93442 
75778 23569 
9169 28621 
82094 79970 
20027 35479 
95470 29745 
85701 90814 
42213 81866 
52538 38503 
49252 22242 
63864 95859 
83463 92431 
45544 57605 
78066 93096 
35675 82014 
3963 85844 
97973 35226 
1843 97641 
17906 64416 
76852 15713 
18230 68199 
71864 97623 
46299 33596 
77597 11193 
79352 12823 
8283 61981 
65992 20348 
70112 62219 
72128 40881 
76331 44448 
27896 52357 
17675 25503 
78433 84476 
79707 82098 
25806 52973 
9677 7923 
12059 32585 
74686 83995 
34005 57514 
20210 8959 
99283 67219 
33449 4068 
30130 47501 
39519 28801 
96467 52072 
10148 17365 
13063 28209 
44320 73783 
66937 11573 
88239 43828 
50608 99925 
98009 15775 
64401 63198 
12574 88715 
16737 98297 
96780 87180 
95202 90960 
34789 93827 
3142 4186 
2656 18172 
56630 72958 
25491 18665 
14891 48382 
29462 47814 
73596 870 
31764 95677 
84929 61601 
72745 65703 
80909 54291 
83513 28711 
67198 45133 
99664 65781 
23432 17802 
77150 28837 
93146 62550 
39862 18948 
71383 53653 
90155 6662 
1385 77853 
43332 96119 
73039 67969 
5008 65295 
75266 90442 
96308 98371 
92124 33350 
46030 63084 
48131 42325 
11170 75815 
2126 55768 
57623 40280 
61021 97930 
31409 41836 
34823 98646 
77446 28767 
82590 21919 
17643 14339 
5286 2014 
83037 88983 
26003 5407 
5712 40648 
60607 59627 
15385 43203 
22572 15959 
52869 87689 
24642 41942 
7984 99291 
36908 71760 
13071 4107 
36008 77837 
74876 84085 
33348 65364 
7403 85953 
1630 32972 
36201 30544 
28416 87387 
80629 2578 
13067 47675 
84762 87810 
89106 25554 
59911 64385 
97926 22245 
22140 48302 
61717 39487 
56685 39072 
3582 62566 
17850 11013 
41047 36615 
77734 48001 
35514 23918 
70070 25127 
14673 99610 
36455 99353 
97491 15884 
71459 83107 
42116 40733 
80345 39684 
5890 56228 
8565 57389 
53626 83476 
75722 30549 
75405 86654 
48357 99838 
78380 96900 
15691 81810 
98413 88322 
90384 48076 
36840 33055 
42377 98287 
65271 60013 
88083 7862 
57043 42874 
99434 21386 
97792 46851 
67745 5627 
99590 70922 
55851 72340 
93184 32437 
98666 30333 
1099 54414 
67073 28711 
712 32331 
92986 8779 
70885 76863 
64439 90789 
78335 51732 
38736 83505 
635 51775 
88969 19537 
1610 95271 
94618 87429 
71841 36762 
10508 52703 
22101 41799 
16 34357 
70763 3474 
98244 30766 
97580 22061 
78769 69513 
45682 13742 
33608 89334 
41275 62150 
40214 49223 
66204 77314 
81588 99646 
62427 80630 
6016 43898 
69395 91581 
61459 63823 
95439 52208 
16303 83449 
2499 88683 
82946 96491 
39856 75872 
93614 89293 
97014 40384 
38842 49434 
58474 10354 
68190 62058 
33878 96108 
70094 60913 
5807 64833 
93106 19173 
84553 54527 
44368 36286 
84215 57754 
2777 1432 
37751 94087 
14117 91575 
49925 81663 
93334 92720 
46577 12868 
45153 16617 
16240 36943 
28411 22009 
55856 53173 
31765 39449 
26175 22340 
98832 41779 
94409 11217 
39365 98552 
91808 95179 
89730 2002 
42036 57336 
40708 54605 
22595 39151 
33614 63830 
5986 17077 
36679 98393 
89929 2562 
52889 22124 
66663 88584 
77678 36499 
193 94947 
20353 30974 
77349 96650 
26610 61425 
73585 54917 
91189 51335 
27699 8847 
29500 37789 
50979 27157 
84951 64937 
5776 64104 
84745 61231 
76079 11442 
21088 23601 
18400 89136 
27020 71663 
25143 71573 
36492 28092 
54558 3114 
66860 27529 
81534 17126 
38607 55675 
1662 35960 
51917 72679 
77371 95895 
72599 80487 
49408 10662 
40931 52527 
49533 59928 
6122 55885 
41002 65006 
6408 61124 
82302 93046 
60170 52900 
56522 13101 
7035 25780 
33890 12725 
39554 73942 
38185 72099 
95845 60890 
69127 84251 
41509 85900 
92271 4496 
55141 47582 
45574 10021 
45942 41765 
27490 51409 
74202 20862 
25325 81884 
15849 84934 
14536 57213 
10788 70857 
9764 9428 
61410 55320 
76615 10936 
2449 89827 
19545 62075 
46266 41420 
45688 54792 
18665 21573 
67051 87907 
39526 47474 
44225 35259 
69824 94887 
93621 97087 
41978 69859 
77203 97073 
14066 47675 
68775 22779 
40052 1862 
44140 45546 
27988 73406 
73739 97459 
66039 10964 
5919 27590 
32249 46524 
16509 7497 
68077 57781 
66162 6834 
88074 8454 
50732 13914 
18427 50805 
51938 33236 
5679 20859 
95675 52189 
13552 56083 
3546 32571 
30630 17777 
79525 49028 
44515 5967 
8163 66188 
99161 13277 
53314 18961 
41208 76096 
37106 36429 
78446 46285 
47714 28675 
18936 24725 
71477 38099 
32867 69217 
69980 41970 
80864 13559 
25968 81376 
82273 12046 
63293 83223 
54843 54232 
5566 36558 
43254 78471 
75788 82260 
68134 49564 
54960 76021 
69442 55801 
11513 88513 
88550 23733 
85377 13811 
31867 45208 
60597 67368 
85515 60525 
88644 68216 
5358 43997 
30890 16586 
89575 93776 
73222 97753 
52038 36509 
28334 65686 
53869 19159 
81986 85930 
17895 75332 
58346 46189 
46065 21460 
76519 75183 
83475 59423 
45458 45602 
24299 36476 
97672 75388 
34683 40816 
93498 83043 
75611 91679 
37176 97321 
44740 16534 
33566 69394 
20410 94791 
80056 86473 
83278 87350 
32079 39869 
11466 64397 
2614 57599 
93618 90049 
56141 71897 
80966 21755 
35760 55396 
4227 34815 
18512 26194 
14134 87929 
28432 91709 
65377 4397 
49437 73936 
52933 55393 
70903 34631 
27025 96686 
67608 97908 
58371 28244 
62709 49923 
98919 17347 
47507 80520 
84917 50163 
34982 20112 
58959 54151 
5421 16595 
45556 64274 
61952 91677 
818 89637 
51370 13802 
70985 74028 
21380 25705 
36845 33755 
79233 68632 
91471 99256 
88684 52415 
97258 83124 
92322 30813 
94890 46547 
74531 54933 
91656 38552 
86684 94044 
39457 38066 
40664 32710 
23850 37447 
39384 75948 
24671 67978 
53711 19978 
76040 82777 
74042 75131 
48972 80594 
61762 59636 
3347 75204 
891 18232 
7656 89401 
3476 57942 
4724 80036 
53612 34864 
9530 81110 
84463 70423 
61248 85649 
70225 23336 
15849 73851 
80743 94375 
57821 35002 
90289 95037 
30037 23669 
54014 68360 
29291 36900 
65684 10378 
91709 98468 
88509 4070 
97010 88638 
7245 44192 
53516 63512 
84216 976 
86839 66668 
14495 43467 
44321 47669 
66207 19122 
44624 66929 
60768 65310 
47224 84494 
94855 10483 
90154 1491 
30967 8035 
45957 47328 
86708 34254 
75617 83131 
34230 73262 
18154 22525 
80768 6481 
39567 54502 
38780 21917 
79024 89973 
9962 59407 
72427 43534 
1201 12029 
3934 5026 
62557 10936 
34530 51691 
87427 31205 
83413 1004 
43282 69598 
92726 6746 
7703 61689 
89113 56399 
68940 25415 
66565 36698 
12779 40871 
54221 95919 
58259 2041 
66 46486 
23607 5168 
96844 19518 
746 70593 
103 4120 
91807 30142 
39887 78559 
14331 50534 
7408 67898 
13165 4757 
5942 43228 
26541 48025 
91213 11323 
41433 2660 
90693 30371 
38985 7116 
83550 27376 
74688 38391 
43355 85866 
59910 74180 
94219 18782 
11529 21387 
7678 40686 
14599 980 
72441 5908 
99362 45701 
2006 84795 
68365 36745 
6212 8933 
22053 78295 
41929 28007 
21926 84666 
75382 85935 
99205 33827 
34033 41955 
63903 23190 
99450 33534 
94327 48805 
94265 2317 
90224 17503 
46127 81725 
54164 92996 
69427 75425 
25199 71602 
91647 39553 
26452 81003 
65319 18407 
4016 96330 
48868 73261 
28357 71866 
10046 87008 
1445 93785 
4160 23559 
62873 69616 
5998 70211 
16498 83476 
29110 93648 
5445 62639 
49031 95826 
47824 20625 
58054 64643 
8071 64759 
18346 76160 
19589 82008 
47442 20036 
93160 45934 
65608 87933 
42629 19716 
58072 85840 
34409 65438 
56789 5557 
20615 8241 
26191 18051 
46959 45434 
45282 31942 
36021 35260 
14484 94076 
34108 47827 
79776 95956 
75639 11522 
58975 89754 
62828 42285 
75422 10672 
80426 225 
52835 48629 
65372 78312 
1805 11569 
29430 91268 
33141 75103 
89222 99279 
66231 18800 
92576 70775 
61575 8105 
42648 61290 
95848 92682 
12070 61280 
15096 56940 
8148 44783 
47118 76546 
97186 32959 
27590 5927 
21028 71746 
96157 46087 
42207 11314 
48525 19491 
35388 66451 
88451 9355 
2279 31673 
9613 4343 
24792 22587 
51470 26528 
86947 15929 
15506 10377 
89862 64689 
98700 43606 
56143 71881 
99535 76948 
70094 16746 
78596 59170 
28381 40585 
10511 56146 
82132 15891 
46980 68338 
35934 42103 
21601 69726 
31784 34049 
66404 53074 
86759 95023 
77297 81322 
72045 95443 
60978 12979 
17920 10175 
19494 90598 
4375 2850 
80196 55697 
50303 83896 
58691 80961 
45523 10487 
50267 91106 
79360 41265 
81323 77495 
7144 6431 
16466 98397 
61662 4678 
9264 96735 
60483 92454 
5020 60213 
82031 88163 
52482 94943 
83385 74167 
58057 82965 
11001 42829 
20895 46517 
11908 99362 
20107 47490 
87392 3829 
86416 9164 
43791 7453 
79707 59163 
85741 14234 
11226 57498 
66053 77881 
94586 91629 
53386 26212 
83270 91688 
3983 90407 
53984 43284 
26931 4897 
25009 52803 
13790 35159 
56586 50638 
62890 85335 
66430 1492 
66177 35328 
7613 27725 
42262 57913 
98340 41639 
93102 70419 
63573 25669 
33796 82642 
46954 95642 
94996 12924 
78189 31576 
25728 57699 
35791 62942 
30706 16322 
28020 50868 
60741 92612 
25897 18458 
37415 17304 
21292 42223 
33921 61485 
50419 32555 
52826 40087 
18454 99238 
38474 36640 
84521 19195 
36853 15741 
17977 97973 
68967 28085 
16685 43910 
15103 54388 
85901 54513 
16862 79182 
12399 48233 
91404 33193 
32667 61682 
18106 93920 
86246 72234 
1647 88009 
65722 99057 
37542 96167 
23413 81792 
6209 21594 
71435 35415 
99910 46314 
16644 32262 
43224 66267 
4834 67768 
2205 65674 
9632 25152 
89964 63911 
90668 66106 
67145 44054 
62891 39476 
4595 51202 
64329 18008 
22532 30871 
83096 44401 
45578 62963 
6131 92246 
16265 35214 
81936 24851 
90981 91529 
47478 65539 
1760 85230 
55473 76687 
4960 65010 
52420 81579 
53561 22247 
30 53120 
23683 32359 
3129 36484 
97894 29995 
5625 68991 
57959 68107 
42799 9815 
67935 24342 
92972 94555 
34834 34687 
54492 85293 
18559 53922 
85047 95418 
25432 65217 
79438 30361 
60328 87045 
29258 263 
31291 54638 
3319 28734 
97494 85287 
11212 3000 
26466 72100 
64033 85068 
79777 89147 
26112 30996 
77674 32487 
59472 45898 
2681 66155 
98794 36011 
89727 89962 
58819 5987 
16123 96837 
68409 89482 
48540 41441 
45881 94212 
26124 98913 
78790 88809 
58960 52867 
47978 58150 
99352 15124 
40490 6265 
99699 46188 
28895 91480 
5256 15080 
55532 37183 
42624 9922 
49429 73362 
55580 86518 
20869 29062 
8673 21207 
24022 13926 
26001 16364 
51582 98218 
57671 92218 
27020 25005 
69680 86982 
89825 65641 
34293 78850 
27058 60265 
57466 38005 
90529 68681 
17463 14549 
53098 93863 
4545 69147 
99893 30211 
45436 57188 
20615 31781 
68276 84367 
67665 91914 
13833 61883 
71480 74965 
26996 2797 
59238 43321 
68905 17619 
6023 78427 
74552 86806 
58564 3251 
43279 10609 
10810 75433 
90329 62610 
77923 35289 
6451 2244 
10643 60933 
69531 33797 
15538 3945 
27310 34547 
98305 53357 
23501 13176 
27070 3134 
70929 1011 
20554 78937 
84818 23332 
1997 13613 
76923 45718 
23896 47679 
76961 41275 
60904 71029 
91603 78620 
88639 15131 
33290 87583 
14688 51196 
51226 19887 
4756 49095 
75117 85418 
51698 4269 
38582 11198 
68061 45413 
83632 39822 
43834 94433 
60198 56871 
223 61972 
25445 12660 
87600 26756 
16411 82735 
21127 65069 
16518 93623 
21156 67855 
61594 25606 
27105 7280 
34242 92672 
83353 91997 
76783 91292 
53543 80961 
12432 4311 
5792 9292 
1984 43986 
25388 16541 
79011 19085 
53909 57617 
412 14967 
24064 19731 
21128 82692 
58103 64893 
51943 43467 
24322 66795 
87501 28096 
931 13392 
98031 87632 
79526 2028 
62732 31040 
51370 62667 
85368 68432 
58906 6576 
73370 64338 
62183 12794 
80539 34436 
65280 32740 
10483 51351 
71380 14532 
52950 60330 
86765 22908 
78504 44021 
73815 58054 
48287 17069 
61005 57250 
5120 75867 
53910 96893 
99774 76568 
55406 99319 
71967 65332 
95539 88737 
49499 38795 
91922 33704 
50900 69859 
10089 59719 
77067 94185 
69879 14864 
55596 16108 
48690 23835 
57847 59249 
65388 71295 
43267 56680 
89665 14146 
98088 48275 
10819 34167 
26236 28766 
17183 7379 
19151 69005 
82892 84565 
78155 15083 
32152 48596 
88149 55190 
52880 38484 
44614 32509 
61358 7557 
17230 73900 
77434 13717 
92931 98802 
55870 23408 
78791 70496 
33568 47768 
60855 52786 
94718 19360 
8888 39132 
26294 60947 
88985 28405 
34878 93980 
96086 31705 
22449 83766 
46639 8029 
73555 20735 
78046 43118 
89198 92796 
85956 5404 
13800 12443 
93089 35765 
40764 24118 
83997 53644 
49467 32255 
59012 91122 
21869 58504 
57596 98638 
10530 57828 
76428 1325 
81423 97479 
60749 23282 
34767 30305 
78885 38647 
14970 74394 
99282 52916 
56843 44769 
77035 65749 
79396 69657 
22585 17359 
30785 63789 
69116 74592 
8439 24264 
77162 69931 
26887 60711 
15017 66918 
82489 70762 
31777 88857 
69050 24340 
96189 14174 
31214 25796 
8945 11435 
3566 81633 
8666 59777 
72519 13373 
82547 76377 
15378 20064 
61462 51615 
16349 12982 
26331 74683 
32817 16292 
77615 17660 
86870 51722 
23060 34471 
86839 2777 
20134 22602 
41517 84562 
69081 90137 
15777 28979 
90127 68378 
90449 31891 
34070 11229 
31620 98781 
69360 26501 
44910 68483 
60729 91447 
88838 90791 
4532 15069 
48023 83029 
14197 23137 
21773 93137 
55507 58346 
66523 52371 
15932 7684 
41596 9423 
54800 91817 
46954 99578 
21851 77196 
8865 17464 
50546 588 
64835 30014 
29465 27849 
22687 87465 
30256 4038 
20323 64520 
23798 90316 
92505 91251 
47589 24611 
58877 13871 
96849 87640 
83519 59227 
99436 3628 
20444 63637 
356 55964 
51770 66680 
25562 52020 
45687 63587 
16632 28492 
9886 56073 
28082 48876 
92763 40788 
57245 8085 
89520 26977 
33027 25681 
43167 80528 
24295 78875 
91484 50271 
41280 99150 
162 44204 
94068 32287 
39604 88262 
41133 40541 
8315 18330 
7814 7866 
79307 27358 
79739 94338 
47637 13788 
79439 74291 
86955 54930 
15720 84202 
80865 59469 
54850 978 
80941 37024 
205 69064 
57379 59448 
82745 95647 
50573 78535 
58550 37271 
2299 7835 
81589 8262 
43742 72509 
70022 51662 
44238 80428 
12557 26716 
79409 70198 
67694 83467 
60268 47334 
93214 14668 
75913 28517 
5834 97924 
41582 75668 
11674 66914 
11127 16532 
67045 79499 
8389 16501 
26030 82679 
55464 87643 
6419 9605 
27544 95172 
58808 82232 
43765 49070 
54982 34705 
11441 49123 
21212 17203 
77067 85318 
29676 87698 
1665 82391 
26920 50005 
70284 17226 
22169 50463 
65948 30888 
80213 2736 
86800 3271 
63739 70476 
61915 57631 
48182 965 
26005 14755 
88501 69361 
46155 22042 
51797 62789 
54779 41503 
42248 6296 
32122 92466 
35588 8545 
98942 9743 
9178 84137 
25392 96061 
720 91580 
35689 18777 
53744 11172 
89778 25171 
11207 75456 
53023 28104 
99934 56383 
22832 44350 
8053 7992 
67197 51627 
95212 61112 
44241 67168 
91070 67528 
14198 40592 
31401 95016 
25635 96938 
53141 81798 
56259 61883 
19773 69216 
15326 50498 
76703 44816 
69446 3337 
42609 44510 
36486 9210 
27204 82148 
3315 62701 
28497 97554 
62289 66291 
3301 39975 
28663 1884 
23631 32901 
96524 64637 
28579 98327 
14383 73128 
56376 53788 
13201 44267 
94536 33892 
99448 48762 
17372 29553 
33660 43534 
89609 82773 
51031 11160 
2428 22583 
44709 23245 
74014 78597 
24777 84555 
90493 62686 
86287 7826 
85156 66364 
68252 15338 
53942 81762 
62192 62672 
83369 17424 
33567 32499 
23475 46681 
52375 51832 
72774 95971 
90219 44839 
54863 53245 
30308 45159 
56994 52453 
54131 56589 
69829 69138 
13969 69068 
14511 44275 
73939 8098 
68323 38741 
3925 20047 
3420 9205 
40522 73203 
34446 87709 
87063 85059 
30353 41849 
10793 69942 
83310 90210 
9452 37973 
43330 48611 
61775 66242 
21079 86690 
46877 6171 
33311 81507 
15967 87229 
15470 65092 
26551 26464 
54214 76242 
4028 55786 
98976 43382 
78516 34461 
96150 44921 
55776 23020 
52066 16301 
20252 56539 
71669 98807 
35542 70262 
38651 54218 
3022 98535 
99751 1496 
62874 89252 
91058 66981 
73442 50329 
97335 77916 
84612 72137 
66791 70655 
28821 50428 
13126 29523 
89361 67938 
24340 20035 
69762 79716 
63473 31107 
80360 87114 
90309 94832 
78555 78498 
55059 9581 
47777 60871 
15112 52411 
76879 5980 
4184 30143 
6432 86853 
39535 84988 
41307 86334 
87401 40221 
89984 17854 
19387 44158 
80164 10471 
83270 46567 
17571 75202 
80547 20658 
216 87684 
89998 25907 
73944 93438 
1645 92251 
16745 66287 
28730 94533 
69092 27950 
46647 77622 
85484 67392 
67259 87223 
68385 82184 
94629 59175 
59964 974 
23908 20891 
9244 36089 
38971 62626 
2769 58355 
36372 43345 
45357 82429 
53276 6277 
4216 244 
5265 92550 
84459 2596 
46243 57868 
86980 84496 
47150 16786 
10680 38580 
52792 61889 
182 2698 
16810 31093 
7496 42726 
33674 25251 
31447 19751 
83530 10394 
22279 11915 
80867 74205 
90453 35574 
71156 44673 
38476 37827 
50991 20395 
42492 13072 
96698 6628 
46419 29903 
74030 98937 
95543 41511 
67228 7158 
28803 92667 
9618 66423 
69391 29445 
19869 39093 
1819 64038 
48148 71725 
293 46322 
14603 34556 
77983 46274 
78990 37508 
59719 56925 
14699 86340 
41663 86192 
73058 15322 
90668 17784 
14497 8698 
53323 86298 
52011 2187 
90094 29686 
99338 37935 
23501 53478 
41348 31538 
90940 65451 
47388 98188 
22532 16882 
29653 76440 
22306 17086 
8129 82792 
17040 71638 
81274 27952 
51266 31476 
17285 26618 
49206 30055 
74689 36535 
34841 28749 
32942 69772 
99828 86932 
63821 29391 
35656 22447 
2632 38052 
1203 30635 
84581 41635 
79788 85660 
96150 90547 
90821 56560 
53898 24171 
60326 32244 
63855 9772 
21914 64650 
33492 16182 
15150 7281 
5246 34729 
71851 47582 
55679 95110 
32454 5909 
57550 62289 
14418 1277 
33448 42030 
62528 64674 
39106 67269 
46978 14372 
2089 85297 
39309 94531 
7311 16624 
88536 18292 
64642 10360 
40214 49649 
15879 78113 
89733 4569 
38417 48638 
37788 51149 
81199 48852 
20764 41038 
24872 83345 
21660 9923 
92535 54134 
28255 43560 
50085 35156 
94335 17669 
25854 91909 
77107 84910 
48125 15597 
69344 291 
46038 23320 
18316 47467 
84545 61068 
25247 52793 
7241 34672 
48801 51353 
42299 85365 
94028 99820 
86170 21238 
54236 14655 
17325 13618 
87381 50974 
8042 68293 
50920 27376 
96068 85507 
89406 45056 
49990 29752 
67689 45754 
12213 40680 
69241 2374 
31688 29815 
33884 38585 
4883 24227 
92134 29243 
27940 38013 
64405 42199 
25580 75130 
32467 43846 
63032 93033 
57846 5726 
66120 85571 
17266 17562 
71581 75719 
48752 33284 
4845 43975 
53699 50931 
35661 56642 
79980 54750 
93361 99701 
19070 28382 
32979 68630 
86219 81728 
31081 12256 
16850 20866 
55847 79635 
4650 30385 
99826 72923 
27233 30534 
85732 66356 
53783 17764 
55763 11710 
5754 96610 
33144 13973 
46479 63237 
934 27484 
8467 6587 
77627 92412 
28171 51736 
81651 4205 
47215 81890 
67620 84519 
56304 40389 
86013 1138 
3495 32156 
64951 66531 
62007 15220 
37821 29934 
54440 97256 
43735 66241 
60017 29534 
9147 56475 
89433 21214 
78433 49248 
97858 80651 
98830 90374 
20866 27154 
80853 8674 
60308 6607 
49163 50014 
17564 87421 
70832 58751 
70160 9475 
98029 16021 
14380 8015 
90401 57656 
51287 36946 
88764 11066 
76495 71476 
96162 9995 
45045 78808 
85006 68876 
21919 7363 
89668 24322 
96005 59962 
62794 80358 
30717 84474 
70560 26080 
48053 36620 
77183 29709 
94478 43931 
22235 51367 
16859 27323 
25651 58426 
84542 17289 
64796 71898 
29734 35422 
55543 20081 
42491 98797 
35064 26575 
48895 44659 
87839 13772 
21439 65962 
78416 60043 
19145 94486 
54499 9133 
31613 67541 
62206 93616 
5994 66778 
71655 786 
68761 23118 
45538 78990 
15230 40559 
95911 55145 
28892 3403 
65168 10099 
9954 96401 
36026 37438 
37860 85382 
22278 93536 
66102 77117 
17234 31858 
49325 1475 
79912 2905 
32462 36411 
20478 92726 
89587 26828 
5821 67510 
86205 32110 
43814 89554 
52816 73894 
20493 70770 
99951 45617 
58254 33902 
75199 88428 
35130 58743 
61370 34243 
55319 918 
41512 66055 
89340 84151 
11357 48035 
8562 83454 
2637 33529 
23303 36310 
91767 67761 
96318 41649 
7538 63846 
44184 32337 
18760 45682 
57974 35860 
78208 19338 
71560 70036 
22738 55753 
80990 55849 
81118 41889 
71614 67849 
20916 84893 
40962 84100 
73654 34424 
14879 42265 
13527 21971 
41984 56168 
29094 2800 
17283 98081 
19682 26141 
29570 5944 
68609 52242 
49268 31895 
93902 81166 
73413 8725 
53825 57470 
22751 74231 
89332 67385 
42233 59994 
18450 50659 
90680 20684 
58662 7939 
17991 52781 
42485 96354 
18971 27476 
8759 70928 
21733 41504 
97537 47511 
15569 71812 
50037 34106 
48314 5192 
16747 1777 
26415 2427 
6573 43789 
32298 47955 
67845 2166 
33081 30719 
77984 24581 
92270 99619 
32859 51263 
11833 37846 
69088 21594 
25841 4399 
22982 33104 
38895 98201 
28361 81773 
52608 10504 
82115 61867 
51670 44625 
61198 5983 
27337 98573 
57608 1516 
698 25776 
9006 28499 
70630 11817 
41708 25537 
52104 31032 
10142 5528 
89344 75775 
12231 10915 
25302 83313 
83698 19415 
84032 20560 
25978 85477 
75737 25229 
2170 30170 
65661 43500 
43403 72763 
57402 48927 
44009 30957 
28886 75045 
88055 3539 
24925 45044 
42083 89176 
54133 35855 
69306 88119 
59973 71142 
69051 79803 
35764 97934 
21885 68620 
31744 65022 
25679 42599 
58590 87727 
40725 95293 
26313 53316 
23107 19850 
69993 94044 
14650 96081 
4599 30728 
75079 56269 
19928 68724 
87411 33525 
73718 10335 
41161 67702 
66064 32917 
99582 68181 
81480 70326 
86952 10286 
66335 26876 
89843 72672 
68809 47571 
52313 6681 
6169 66159 
59159 65523 
39844 53420 
43623 11041 
32651 92111 
26368 58917 
34485 12106 
91082 19345 
92892 29544 
28701 39519 
13154 47160 
37074 56740 
98875 89483 
45743 26491 
88531 66218 
46608 98530 
66027 79878 
50353 75870 
64045 19613 
55843 6455 
97807 12178 
15061 25408 
63858 33141 
99737 86903 
13547 16638 
27454 99060 
64142 40402 
84801 2684 
41836 4280 
93069 15220 
60384 65084 
98004 95029 
26705 38366 
29305 67870 
30509 28610 
67829 97426 
18864 3302 
78878 74783 
78563 83513 
18496 47960 
49285 83839 
96321 11900 
68746 97947 
83379 31778 
7372 92485 
86062 78046 
84542 41711 
68616 10332 
70989 7997 
95578 59113 
72720 49189 
82937 19039 
60629 12862 
92151 85847 
56972 59589 
74732 39985 
14959 42641 
76744 4395 
30945 59873 
42359 81339 
10039 85085 
13505 3731 
65450 80770 
8719 20092 
69451 91894 
78414 69125 
89592 21264 
76115 89776 
37629 91023 
55596 55777 
30607 1940 
2393 19806 
13640 12428 
34817 1766 
22151 72591 
64412 58071 
67680 65121 
88662 24451 
15833 24463 
99826 33428 
87570 28459 
32931 69469 
55724 82540 
43215 39739 
27492 45524 
98760 6464 
644 78255 
97568 48080 
56247 31506 
69978 90693 
3963 28016 
7150 78778 
27300 34973 
64218 34650 
85694 67938 
22745 89903 
17866 14914 
61311 58842 
56650 20176 
75310 63869 
9320 21458 
7457 15864 
79417 91245 
99053 98767 
6182 93145 
48699 6914 
75916 27719 
69938 36094 
15945 8646 
72225 34884 
16322 79700 
50648 81494 
37024 55832 
58992 63171 
49099 47448 
58012 171 
27073 6062 
76209 74345 
56920 11560 
93916 93602 
48949 6604 
63182 47820 
48243 72093 
5712 89202 
16583 29054 
89040 670 
19294 47020 
67142 99563 
88029 36671 
85858 60713 
46243 5404 
95786 32937 
77947 58500 
85692 66034 
92313 35692 
48065 61571 
86792 83176 
15044 10058 
39622 74507 
57796 79558 
68982 10306 
25268 76332 
80480 46342 
9328 6834 
87290 22315 
62434 32151 
27955 89527 
61267 20969 
25749 64648 
5175 75167 
30427 68892 
61813 23377 
58319 47218 
24013 52122 
99933 474 
21716 71613 
95586 4992 
40700 93852 
89046 38698 
35873 34362 
56770 80602 
91074 35693 
76062 1397 
69579 50798 
39283 16878 
19960 17433 
43264 33077 
50448 921 
83131 72186 
61618 81956 
58012 31803 
32021 18538 
52400 96466 
84260 16715 
91456 90116 
20075 3508 
81117 30867 
2153 7167 
34598 25345 
77647 14912 
55724 18849 
83826 96323 
96503 99737 
49793 51767 
31454 41672 
9879 69550 
94405 55766 
74094 52941 
4864 16133 
58941 8757 
70482 17030 
67928 72909 
89790 17468 
25261 85122 
95057 30120 
8518 14975 
68995 15284 
96467 84481 
41006 47851 
46779 28618 
18763 35439 
45001 84535 
39120 79252 
20972 2598 
28732 85734 
11752 28013 
49201 56690 
61188 10454 
64191 8329 
85391 60925 
6650 95545 
673 90050 
43151 46760 
5937 30046 
29319 46795 
35006 63791 
25418 40454 
46063 58785 
94382 67932 
95161 31166 
35953 84628 
48652 45565 
20003 62574 
25444 90254 
69790 18472 
24131 53854 
11557 64178 
82347 69824 
50758 29494 
36092 88003 
57177 64250 
95316 78685 
41283 86927 
28713 74013 
82389 10419 
55453 3915 
25551 42083 
74499 89389 
98594 24795 
23178 14615 
13258 58551 
45858 11205 
5179 17975 
70844 52828 
36264 60124 
39025 76532 
30008 99115 
1350 18258 
35367 9341 
3854 74367 
18061 7425 
8744 78444 
59499 54556 
57987 13203 
2999 15513 
71836 61013 
24593 8390 
88927 33379 
21396 79945 
96852 9659 
4389 45497 
72515 58351 
54434 39414 
50125 10494 
50440 32494 
61339 4029 
6800 85921 
46845 20406 
63603 27980 
21588 90315 
57568 59347 
86893 54063 
64251 15516 
21863 23988 
42819 40813 
53763 11207 
33494 57454 
2464 47069 
54783 45210 
17591 50884 
22674 82525 
78663 69813 
67239 38301 
8304 44232 
53379 45051 
56495 32470 
21976 28782 
49919 62494 
55272 18694 
64553 64948 
36042 10682 
71986 81875 
13969 12617 
30339 38529 
14581 56513 
39203 11889 
26263 22960 
54654 28762 
78998 86541 
65221 78850 
84931 57510 
62560 33697 
45232 64579 
1646 21122 
40411 96463 
34436 16579 
11900 95689 
18264 77798 
11602 77167 
45616 67160 
43069 26191 
15487 77422 
43055 15737 
68160 747 
55438 71357 
35062 58412 
30830 3430 
13241 39159 
44680 21188 
60035 77822 
64270 40673 
17696 42701 
10718 99668 
19991 90074 
55967 96639 
3218 87319 
66694 77878 
42604 2312 
57183 7248 
61746 6062 
41414 66365 
17480 38014 
80994 49499 
45538 38998 
10002 37157 
63338 65499 
80419 55017 
65451 60733 
12568 50810 
14531 72979 
53797 50700 
25956 79647 
45625 88886 
67919 96785 
74691 39371 
50385 28024 
36029 17245 
56126 34419 
68568 58311 
74935 87187 
32223 30540 
38173 99063 
83532 78566 
14949 16788 
72526 53322 
23528 97192 
27366 32936 
31976 82407 
15246 98117 
70565 35928 
68164 85507 
55146 571 
40390 5897 
25469 91780 
20800 80642 
35347 45369 
57717 19312 
92583 97402 
66512 34308 
35754 85777 
80916 64088 
52229 28021 
77866 55640 
87194 47838 
52668 38968 
67011 94171 
46357 11613 
61886 20856 
30359 39603 
42611 72363 
34920 72744 
44053 51716 
67208 66774 
34103 30351 
2624 2680 
941 96498 
48576 94329 
13797 28622 
73789 79591 
82741 23503 
68230 97246 
41629 4751 
48823 62238 
4946 86849 
54309 65189 
4105 72268 
79024 38624 
91645 14767 
79773 51965 
12830 90669 
52617 20103 
83287 81740 
17103 36264 
78627 88220 
64299 68846 
37402 58632 
22002 94078 
2256 44190 
65543 71560 
75835 59933 
55875 8181 
47768 62154 
17945 97334 
56965 32280 
81851 65073 
89490 91009 
96861 2518 
76459 53379 
94111 14767 
48665 75337 
17621 70522 
25061 35473 
65289 93815 
60769 41766 
81556 99419 
56929 52500 
21712 36967 
39503 52961 
64138 75251 
47046 35081 
81241 27845 
28497 85893 
92470 93923 
41212 2475 
13482 64030 
56722 16011 
84410 19580 
27139 25640 
7137 36951 
38642 13985 
46584 92352 
80157 40552 
54247 51959 
85110 86631 
53557 23366 
62057 55909 
86111 38997 
16028 18680 
55433 39904 
76573 24369 
20625 29225 
90791 97020 
86138 68610 
10036 71459 
5835 98026 
97519 24056 
69665 69629 
10695 1296 
69432 99752 
67104 51832 
46534 59568 
85242 23264 
8997 44623 
3085 93545 
67742 86174 
16039 68784 
82726 93160 
43365 94103 
28466 42622 
27574 92316 
85419 68542 
94776 66361 
38779 34290 
55655 75742 
19498 12281 
6532 24681 
53656 35929 
97860 80255 
95811 33606 
73562 72447 
9524 2107 
48762 14917 
23999 27939 
85750 25185 
39628 18822 
48438 16006 
77177 64867 
64091 75929 
65480 9175 
97780 56301 
40710 70988 
49791 34466 
86648 30989 
19131 28448 
79844 58030 
37312 97102 
16166 29271 
65747 71543 
85949 71627 
67385 28597 
33808 31405 
8615 35079 
86152 61149 
21008 62909 
54521 97966 
54132 99385 
26122 95974 
80441 54369 
34249 67042 
71172 96714 
60767 78586 
48211 35958 
60445 54966 
31038 2108 
12616 29905 
40157 66303 
99520 1335 
88838 88187 
82647 47228 
93506 72040 
98486 71215 
59787 63000 
23327 60165 
56023 17187 
63089 52420 
68942 35076 
8639 34985 
47230 56167 
59660 10759 
77912 74829 
60836 2735 
7716 52116 
12983 91134 
17029 66436 
18726 11541 
77561 67128 
97419 77385 
76521 69346 
57216 28473 
69878 56059 
43573 48780 
35183 33556 
92907 41371 
30495 20556 
7755 96018 
30070 37790 
35491 36015 
99794 4928 
76504 84663 
95734 44727 
69722 49034 
17717 40515 
3449 78884 
26508 92417 
77727 21948 
37957 70182 
757 63386 
40360 66025 
36415 6723 
42358 9600 
32454 26445 
47830 19042 
49765 98242 
71520 26927 
81859 91912 
54572 38110 
739 94077 
12649 47554 
90424 13095 
51006 70595 
32601 6949 
10645 15542 
90227 66397 
67602 59047 
94402 80273 
93460 68398 
77385 7617 
99314 51698 
10396 82173 
27736 6822 
98663 78781 
27670 83129 
58153 78366 
45732 66080 
48537 78418 
94051 44249 
65137 9296 
9570 20629 
98977 33152 
2648 85730 
58510 21912 
3801 78639 
9212 33516 
56644 24032 
27932 31482 
72313 48065 
87759 21868 
56110 44166 
86123 13839 
40607 80884 
3956 45302 
11147 18333 
36946 53434 
89427 27162 
71289 11453 
48781 84572 
85787 97602 
70802 55584 
49764 10066 
17131 54577 
51983 92425 
82471 22077 
39590 88251 
15365 44797 
68087 585 
41744 93183 
63450 92282 
2960 49982 
75702 26592 
24789 55815 
59614 13852 
66776 3310 
52689 99785 
62377 70027 
33161 3668 
49467 92223 
31477 90495 
8090 46463 
37581 40277 
67746 24131 
93270 59752 
20013 55099 
84024 67008 
74008 61115 
47898 67942 
21923 96936 
447 34936 
39838 67766 
34087 92795 
34994 95280 
87945 14736 
64917 41312 
99912 32084 
96031 88243 
46518 65344 
39838 18165 
48190 91459 
3249 29122 
67541 72290 
16349 76024 
56601 82764 
55611 26270 
15207 93611 
63544 75694 
7270 83264 
76744 79135 
44211 76231 
13509 11740 
85609 31146 
39450 92071 
25926 30689 
24944 66124 
33156 57707 
31817 72591 
80356 77125 
18278 83979 
64202 81599 
30962 45683 
36119 390 
60785 15632 
80946 15537 
75408 40844 
65731 77195 
5227 94049 
46971 60853 
52113 33455 
68446 63170 
10530 41818 
3779 90288 
39179 47163 
97942 52736 
98017 26822 
40175 44415 
70232 48885 
57089 49674 
21708 10743 
49250 92081 
11521 93087 
7086 11291 
56200 59530 
32730 30257 
67718 96985 
63219 54053 
30657 9979 
37467 23694 
57460 53287 
74522 33605 
62402 11567 
33827 9764 
24637 12150 
9585 37041 
68653 87671 
70745 18892 
76442 88950 
95795 50332 
59898 85319 
67206 85951 
64206 79551 
84259 88798 
43432 7619 
24939 53029 
48019 89676 
37692 3512 
90580 47996 
72055 88944 
11171 10041 
63513 1527 
46102 70379 
72427 75909 
15417 93891 
39443 42819 
83317 4492 
60560 38727 
13078 18570 
3838 1842 
33446 50370 
86721 16918 
57006 37777 
8058 6566 
42698 11254 
82095 5156 
74424 56131 
53103 92916 
35614 99005 
78730 12421 
95647 82716 
57810 37479 
88176 81167 
44045 15238 
53714 45205 
30858 56384 
39211 63835 
14655 5419 
95938 71249 
43857 83241 
93594 29454 
39281 57670 
73394 68730 
27778 64021 
95769 73705 
65528 67480 
99353 61553 
40001 31794 
77106 10598 
30265 34657 
92687 62588 
74237 49175 
5610 39935 
38398 92930 
47260 90431 
10593 31413 
91489 96268 
39799 10979 
93309 61601 
28041 87974 
27109 23503 
39141 15310 
41845 14823 
26573 45541 
64842 44275 
98421 10339 
28083 49045 
31283 40296 
61331 18257 
16931 96102 
94913 81820 
75659 92394 
41679 8527 
98434 8963 
82439 59686 
86351 504 
62079 135 
40335 35716 
14587 77212 
16665 19326 
74412 40019 
4576 76478 
98811 86318 
1072 7948 
21312 92403 
55059 56748 
79899 2535 
27972 61966 
15224 28819 
71334 14046 
13914 39831 
53000 67230 
79970 96904 
73330 9497 
53263 30646 
128 38118 
58332 37085 
16898 39771 
58925 12785 
22835 28236 
14180 41333 
44919 49754 
80850 89800 
22599 26421 
82643 73087 
3755 71362 
72542 96504 
46996 75939 
46858 92517 
59804 38853 
30844 26260 
14651 79785 
44797 56253 
75921 56074 
76940 1685 
39325 79954 
34697 85718 
32478 15988 
19593 95408 
50384 23587 
72604 23223 
2820 97906 
66621 32522 
31937 53876 
80549 19944 
17892 92796 
75652 31376 
27893 88630 
8870 24929 
79796 32066 
60145 64342 
85207 74370 
21196 69285 
9043 20208 
91714 45198 
32582 28873 
55613 64673 
35272 96703 
64761 74769 
16897 10030 
40515 60257 
66197 77562 
14432 1469 
44610 73924 
68673 27243 
94545 51907 
3922 78385 
429 10010 
58026 65164 
27760 33980 
22130 23528 
40483 66298 
52708 49027 
50226 95965 
57695 14923 
82295 2413 
42840 61481 
52786 32019 
40412 77146 
38785 33443 
6584 79148 
89316 28898 
66061 40969 
68605 52447 
2991 7239 
45123 43578 
45651 82745 
40044 44528 
69151 81620 
26926 13248 
45102 75178 
30782 30351 
160 82443 
9202 48078 
6376 6115 
10754 2003 
15420 28512 
96637 82142 
66080 47005 
80393 39082 
39793 46491 
87472 82901 
12547 77660 
61517 17913 
53117 34131 
47497 44616 
47414 98962 
63119 51768 
86605 61618 
29462 16103 
42722 90157 
69341 24993 
69637 80222 
97667 38205 
9536 92375 
21874 8930 
55475 32350 
42501 91382 
19115 25021 
94075 72517 
79387 82179 
94697 78801 
42643 66667 
79052 25468 
27737 10976 
74063 95323 
538 57101 
38981 56915 
21516 46277 
32453 57774 
37344 2157 
87929 57408 
42857 19038 
75762 96897 
63245 87981 
5448 37160 
58039 67919 
74676 36361 
28189 36366 
3193 78425 
15497 34831 
98985 9238 
19659 57797 
91851 84913 
22353 20891 
35186 87319 
95 83849 
20622 16117 
27983 96923 
72166 23674 
24989 85577 
86544 19446 
68139 87644 
64725 33842 
7661 9537 
35900 98063 
48143 73688 
9698 66033 
21742 88087 
4999 77313 
68657 80584 
94446 35750 
57371 5593 
72575 57628 
22559 48859 
2490 25207 
72123 27199 
21083 66805 
16434 4380 
86033 72937 
2692 21788 
29155 49547 
95191 73091 
40161 3987 
28326 35776 
42474 57156 
73336 9285 
38468 76084 
2059 99392 
95348 25267 
1399 31542 
14878 42162 
90717 72064 
80224 52523 
21040 85481 
1438 54646 
89754 58576 
87441 18062 
87357 77470 
56831 61882 
3903 52610 
62454 731 
61889 48426 
45385 72096 
9671 89338 
52819 87902 
4857 81849 
51349 85289 
40698 13687 
42195 86780 
20139 65232 
38186 18439 
61978 95933 
93625 76103 
31500 48990 
87661 74414 
23978 51243 
49371 61118 
93600 72043 
78489 29988 
12661 44832 
59562 19726 
66281 48193 
89295 43334 
36421 89356 
36919 52684 
5664 32444 
35677 6411 
15967 66186 
59834 75757 
50562 11398 
76112 92604 
68145 27213 
71049 16713 
7726 86871 
46482 75041 
99736 58810 
44227 5042 
64442 46866 
7991 15946 
52232 14601 
15648 67306 
81994 43051 
18229 52448 
63615 48682 
3333 65991 
48508 18869 
60148 29208 
38145 5914 
60824 44769 
94692 57443 
88731 53282 
40178 50959 
37916 68050 
986 43390 
80095 71588 
53034 42672 
45588 67716 
49647 57708 
92820 96382 
68920 85507 
47409 34934 
272 49855 
76246 29125 
934 14567 
24677 19932 
92279 56186 
85520 58142 
33157 95947 
87565 27630 
2867 58862 
88154 30449 
49855 49008 
29526 22017 
13966 4391 
71855 23154 
9804 22215 
47241 77164 
66691 25936 
88398 64809 
56755 79196 
73364 37774 
6817 38523 
93307 82112 
82051 76642 
94323 77131 
49795 1301 
66105 72351 
80416 40708 
50466 65382 
18817 65992 
20908 26975 
64928 73544 
40790 85995 
34456 55661 
42115 56679 
32198 46597 
79540 63325 
59379 42964 
4974 93409 
93758 62333 
76927 89151 
26672 22000 
65783 69663 
14693 91009 
41251 61087 
5275 92915 
31483 483 
25507 14141 
24669 70757 
81043 3399 
43429 18530 
98267 31314 
59894 4616 
56966 16209 
35086 37635 
3016 11958 
60087 45325 
1038 96868 
48421 45208 
85488 98754 
79197 86549 
95317 40680 
18767 48905 
32130 94288 
55024 99085 
64663 83190 
62902 27941 
13451 87608 
82274 11207 
88704 63245 
30139 64433 
21716 2321 
87858 91110 
25509 32785 
1158 55173 
43991 72868 
5716 44356 
515 32515 
44381 29219 
36571 80619 
73417 64206 
39199 77587 
64625 21688 
91786 6434 
97817 97727 
47034 22440 
3818 79153 
13221 81318 
62025 15570 
65220 98940 
78538 97023 
40351 41826 
70951 98308 
55727 46954 
64138 14309 
88611 21846 
57700 77217 
94149 81505 
60222 16149 
95923 37409 
98079 92404 
73903 65645 
97251 19506 
91683 46158 
5479 56162 
50267 83187 
69019 42407 
29237 88132 
3402 34450 
77786 30438 
792 82131 
47851 39483 
97896 84379 
19565 71072 
87859 52721 
55194 35788 
97160 10606 
31955 23290 
64260 57230 
46358 46588 
50594 28519 
53144 73389 
86472 95070 
412 7786 
4555 47105 
49194 34909 
41798 29869 
20530 43563 
97078 9396 
95998 97474 
16240 68226 
8680 34437 
38838 53373 
721 34480 
81617 24748 
90920 13112 
52611 81237 
91194 63766 
86689 73762 
34291 94760 
68511 49913 
26812 80412 
62059 13098 
21340 73368 
97248 20701 
9438 5803 
73620 90321 
73275 40802 
28695 30952 
97815 22096 
84299 66826 
37783 10218 
28013 75659 
54038 86243 
8885 20152 
82513 50470 
26615 11861 
75554 42687 
71687 9941 
60243 63147 
30215 23744 
91252 78902 
1800 57910 
36753 58885 
91246 11332 
25123 92890 
25737 17235 
97414 14596 
17905 90661 
56027 66797 
42201 31730 
73506 18246 
17085 18324 
27073 65772 
88750 10233 
54289 32837 
93474 78273 
83131 6219 
35138 66553 
75837 36215 
52070 93780 
39990 62583 
63078 411 
2647 18364 
76392 52438 
13677 6807 
17211 19728 
43050 42810 
79641 57098 
63458 99597 
37032 29677 
64429 3793 
51086 40625 
27030 77649 
4548 38877 
99260 35823 
44935 7378 
51420 5964 
67430 58117 
58005 57290 
83960 89287 
48114 89396 
22422 92021 
89852 54744 
75133 29431 
25923 62583 
68782 49009 
57335 39502 
59555 31004 
80104 2385 
66508 19983 
15839 33211 
43931 34554 
41260 31986 
59122 1101 
14013 64014 
85853 11392 
12512 10787 
45782 61042 
56103 79964 
30171 86066 
48497 29240 
12473 78153 
92213 11313 
18711 25772 
54659 52763 
57060 97863 
27533 38327 
20596 59619 
10395 83865 
67957 85753 
66515 46272 
55453 15613 
44539 36642 
41179 76689 
33048 74194 
6755 88268 
16718 42765 
45549 45385 
32624 89152 
47583 74732 
83083 33111 
70816 48802 
47516 42538 
26047 42306 
49939 64178 
18462 15773 
80988 90116 
82658 15266 
43794 83418 
19950 84240 
91556 82436 
96901 93866 
51325 52638 
92185 11490 
83295 57254 
85283 43410 
7795 73597 
64963 7794 
43240 90602 
98106 16296 
37426 84957 
40149 68826 
41865 88138 
87262 94913 
74250 24706 
67382 7258 
37679 23445 
42272 68285 
16945 77220 
46041 8927 
51938 54877 
16880 80348 
96184 49077 
88263 63951 
4503 77638 
93434 12765 
58001 42793 
2760 48200 
26844 92696 
57333 90143 
91695 22587 
84215 55503 
93227 99202 
78805 20578 
55788 91353 
18010 5982 
36069 42030 
24286 9381 
80550 22941 
35062 80910 
36514 71105 
44654 8907 
50613 18927 
76530 59473 
6210 94131 
12591 92360 
96177 83974 
53150 57844 
1326 29383 
6342 64469 
46338 38954 
8977 95937 
34820 90193 
62128 46927 
23045 15962 
24290 42247 
77962 57768 
42484 1480 
79203 4353 
17434 12167 
67146 23992 
92792 78567 
9439 41960 
30348 20167 
56991 10837 
83260 4381 
87044 70617 
7572 11221 
85756 98041 
58628 44269 
5616 143 
3467 21885 
44077 15675 
42864 5333 
28900 49913 
77443 46412 
63054 83260 
71098 66150 
77365 62170 
61938 8285 
62688 2054 
46094 46475 
5012 6206 
12923 62576 
26694 32166 
41488 54844 
44945 17564 
77705 79506 
94703 11128 
99085 76947 
27210 41393 
39782 84602 
87872 95570 
92464 92666 
97421 74103 
25517 55850 
8904 32640 
54174 34682 
89694 22455 
82410 3218 
82519 92801 
88761 26526 
32391 24232 
63714 80959 
27362 20654 
18919 62964 
90205 99625 
79175 8060 
75384 85432 
37014 20626 
71096 27485 
96658 97260 
79710 37789 
59247 11744 
51583 65568 
4421 17992 
76999 4539 
4733 18909 
98931 58928 
68805 43671 
95316 77982 
46748 73730 
93720 5582 
47109 58697 
23544 81456 
8417 67281 
81339 73612 
40412 25574 
83330 17757 
110 5241 
5901 88812 
96102 37536 
69600 32062 
20805 45596 
5102 37050 
94893 7058 
50641 46013 
70692 81822 
69539 50476 
82081 65668 
43787 44573 
47273 59407 
95010 71701 
27810 75419 
7706 22330 
22238 38632 
81294 15116 
26114 77439 
17305 20857 
21367 41483 
55942 69470 
67503 27934 
12287 13790 
54735 45590 
26590 10854 
44853 97037 
35350 21258 
69482 13090 
90313 20234 
77369 30898 
1064 60305 
22410 67291 
53519 24672 
62385 2405 
61432 62942 
94678 55042 
40932 6371 
89771 922 
59149 18476 
95862 57688 
97135 48700 
78709 36434 
84582 21753 
29635 38511 
9238 13312 
21598 58504 
77483 33954 
18344 39537 
4141 67528 
44867 15408 
39445 87589 
8750 65609 
98936 6104 
21452 3863 
48130 92324 
6179 18610 
7962 36528 
94705 84720 
89268 23290 
9380 69731 
35010 21995 
98496 65031 
47458 98502 
43320 82672 
4217 1190 
83285 71856 
21775 77045 
12217 25667 
8144 29028 
82920 68227 
57209 34649 
20048 35225 
76573 7482 
81927 86641 
7939 98312 
30811 19477 
94520 655 
68063 80479 
73468 46598 
65812 14017 
22995 53216 
79897 18749 
73635 7256 
60226 28134 
1013 56363 
84172 74525 
53509 8801 
26212 44315 
32382 30435 
42739 82489 
34193 67698 
94844 58928 
85775 18321 
53799 65969 
50545 17787 
34116 76947 
61601 8815 
77241 58841 
41836 13589 
65305 98644 
4208 34036 
78837 72714 
86359 64139 
24927 61106 
62902 10082 
53045 84769 
96009 78985 
44591 22496 
30333 15030 
9207 46650 
11834 32985 
45980 1923 
11732 23445 
30896 39797 
66602 81555 
73248 12835 
3542 41529 
43173 27613 
5365 83003 
10089 52805 
84935 12044 
47534 79849 
80062 9588 
53747 37616 
50749 83169 
9303 69611 
59167 53948 
43229 92532 
39346 60412 
7228 68357 
18391 62531 
63992 38635 
33922 85723 
80074 89309 
3473 52685 
76363 37134 
40768 12959 
29943 54630 
81044 95027 
39963 79529 
73014 73829 
67113 86791 
18622 67748 
31401 36518 
93354 53463 
6154 49495 
59708 14484 
77499 3545 
94284 19752 
48078 88571 
85037 62404 
51313 5870 
19361 75585 
8302 48199 
75977 82146 
3227 51068 
53999 28147 
75182 62888 
21096 96244 
24369 41820 
39313 94391 
8885 50577 
31919 67692 
64628 86923 
87540 86846 
15361 57254 
58887 25278 
52530 73373 
2539 48896 
55194 28490 
23529 7338 
89243 87440 
33891 33658 
72075 8272 
7866 30556 
13974 97606 
18115 45623 
50688 90523 
67074 15467 
63022 37275 
85517 89181 
38753 73717 
56392 25296 
69762 50127 
36184 93177 
93008 93950 
88332 99766 
77810 86015 
13640 5639 
33882 36890 
61161 90535 
64651 60306 
29679 77828 
18636 53968 
24717 29880 
97980 14533 
18898 81725 
67731 33226 
74529 89290 
72040 41269 
26427 30125 
4190 192 
90298 9587 
96199 61112 
57398 93462 
90721 49181 
59723 9238 
33061 64653 
41646 32508 
74363 30419 
53707 2480 
8341 57343 
92163 91086 
73429 43370 
43947 83910 
39810 70133 
60837 17947 
66500 11658 
78936 61173 
57536 23778 
19962 11935 
68243 39984 
59375 42400 
12718 59711 
23062 9596 
1819 78420 
79031 10018 
97361 75354 
23534 59361 
2643 44466 
22037 37594 
22061 26775 
54615 51455 
13266 78281 
32667 31337 
24175 86580 
99210 97654 
54137 31450 
98591 2908 
3618 69916 
3080 80056 
80020 14706 
13624 5173 
8589 66496 
9912 12982 
56829 54974 
10994 87545 
18455 41518 
21786 87163 
18634 37142 
83142 52552 
96082 93386 
13552 90350 
89630 30949 
29056 20270 
6869 81108 
54643 23482 
80809 28370 
95180 32268 
26753 59271 
16820 56566 
96111 41903 
888 51697 
86453 83479 
71385 93391 
7826 39133 
64556 41174 
24214 74152 
4362 39234 
85995 13982 
71239 25091 
44318 51567 
3180 90689 
91601 20017 
47976 67998 
3631 80035 
93346 91757 
68287 16223 
37726 25692 
73446 84108 
28655 25354 
92392 613 
87966 50667 
48893 24706 
63425 34351 
66052 32091 
94954 58546 
3183 48048 
60294 91318 
63144 65929 
69681 87152 
8935 45285 
12082 61083 
62827 53277 
16523 4855 
73882 85725 
81235 25265 
30467 80075 
40610 49825 
63190 11535 
85375 62920 
30675 45770 
24930 6848 
5677 6816 
82457 6431 
82269 7220 
43176 53334 
6189 78943 
34065 16794 
89882 38187 
99362 31160 
11400 15049 
50352 47433 
12018 79799 
10218 25992 
1300 1566 
45140 90686 
50293 82374 
71376 60727 
3642 19682 
54699 26106 
69648 64001 
73371 34685 
53606 54640 
98724 14717 
84286 36268 
58469 65207 
45952 81741 
87013 8358 
69106 72515 
34332 13289 
51925 16957 
381 68267 
81393 19029 
85547 99899 
98176 45037 
99301 12039 
2541 74540 
49020 44609 
29969 63005 
38812 33098 
34557 88435 
44271 83195 
5937 1933 
93195 61829 
11133 53066 
74623 45832 
96648 14878 
18934 62502 
8029 90544 
40311 2537 
84259 43889 
9485 85138 
62558 59417 
29537 7493 
85509 3947 
20358 16455 
36909 31617 
78469 98894 
45327 46765 
68037 99024 
85102 15062 
16202 35959 
73318 92298 
31252 12797 
8322 22317 
35715 79750 
20388 40894 
8106 38125 
8407 10690 
56815 49430 
17784 3940 
7598 44421 
74245 44163 
72099 10615 
25798 15921 
79033 73606 
60865 52548 
91946 77450 
64422 15769 
7843 12475 
45963 88252 
29554 35047 
23201 10399 
31342 73127 
73649 6052 
92038 13941 
72558 58310 
52926 25593 
20171 16254 
68602 73187 
23857 36164 
58220 51819 
41383 86655 
31804 73749 
10470 76211 
61717 15122 
86720 93662 
92933 48817 
87106 87466 
37390 64281 
89456 47991 
77503 2701 
69679 98518 
11827 16383 
67995 45315 
11890 94927 
62973 84870 
23374 87589 
97974 17270 
37121 91189 
48370 68699 
75823 65935 
39940 83184 
90835 87799 
28914 3919 
40151 45327 
32358 27953 
23430 41258 
53961 84449 
82825 64862 
84728 56422 
39411 59611 
70703 38566 
24197 22621 
30572 99686 
79950 37215 
74809 97247 
55494 58070 
25055 73685 
87689 39553 
57462 49370 
67925 22206 
97003 15498 
19785 69756 
71059 21691 
72419 79606 
90095 47713 
216 73454 
60825 46460 
13510 11493 
52976 46271 
27371 63603 
34630 4591 
5884 13987 
63081 12178 
77937 71935 
68249 57260 
47105 10661 
93909 72465 
73092 58660 
68348 3827 
85031 23549 
60534 60800 
98026 37071 
40462 28982 
43447 71759 
3109 53123 
90806 94686 
34213 26979 
34414 91805 
93128 58726 
41595 17569 
63057 15888 
10861 98829 
72214 92128 
68249 49477 
20808 79716 
37940 32828 
58201 76176 
59298 42462 
42215 1314 
86642 59042 
78267 51733 
336 80575 
79852 73953 
78208 16641 
13900 94356 
24827 83319 
94586 4456 
32839 34845 
67437 63357 
55349 20479 
81893 45777 
1228 60629 
84974 33630 
26292 94974 
81291 21929 
82423 67135 
95378 85642 
4018 75383 
41137 33133 
56541 36962 
50200 53968 
45504 84763 
36081 54092 
85848 39435 
74227 59780 
61491 77424 
59420 63279 
62721 46036 
61457 77652 
75135 60283 
37629 66126 
8003 53098 
76250 12103 
92198 40447 
39328 5 
48275 5932 
44434 84246 
23778 5664 
75961 33895 
25553 43516 
44118 53941 
27601 69283 
16441 621 
17929 7882 
30985 27844 
58891 36359 
63033 24560 
74672 87353 
57832 28743 
46834 72549 
60737 32704 
94304 87761 
73116 26566 
37641 82444 
37445 61965 
99165 50790 
8283 56463 
70243 28958 
97123 621 
84987 63589 
88625 74335 
75625 50442 
13298 26785 
48985 28785 
27459 25219 
15805 57143 
95110 31802 
24991 89050 
88369 24908 
3496 13655 
23188 41442 
79135 25349 
25287 80205 
68443 39006 
77630 72799 
44600 73024 
35183 98185 
61469 81016 
5342 89784 
98961 24839 
83116 59881 
12233 46572 
98997 45090 
12615 15140 
84431 58767 
81723 94454 
84900 21535 
21842 4265 
53845 29423 
75497 22364 
42000 10663 
4981 7340 
56206 16798 
8691 4779 
99330 91503 
65265 36614 
18684 61434 
38795 63294 
84142 97363 
48810 51461 
89160 1058 
7243 76074 
17986 83563 
51288 35191 
50568 13931 
55795 58068 
83022 33995 
91792 42829 
25986 54333 
8758 68616 
5808 69393 
57405 88969 
34197 55591 
37045 28106 
30851 45208 
47002 69876 
80533 1036 
45087 50298 
81165 51988 
67787 38961 
92727 88262 
46630 21979 
28117 56133 
63088 79765 
36565 37112 
20407 86575 
17829 43936 
74925 45609 
71096 16743 
61724 13363 
26381 56789 
69859 60034 
28158 92194 
70963 58929 
41104 30451 
81657 97182 
25997 15826 
45022 52504 
90219 76259 
49258 86255 
51740 14032 
62706 61835 
68082 67187 
53590 9194 
72483 44609 
80080 21204 
28310 16628 
81726 85712 
59770 25183 
76817 28264 
42048 62805 
71910 64837 
37219 58070 
19529 41318 
43650 96685 
17963 67086 
86061 1974 
33124 33681 
11022 96309 
36583 46429 
68373 65906 
96187 86772 
52922 55396 
26068 66166 
52739 25719 
1407 28571 
445 19151 
69948 7879 
52147 88641 
47064 49088 
24999 65135 
64081 57570 
8844 56213 
50597 49477 
30000 92101 
70696 38165 
85950 61001 
254 6437 
88584 4692 
27911 82480 
50574 77489 
85863 58553 
24578 6877 
68248 65830 
58209 32545 
74715 46195 
59004 42032 
24650 42396 
73166 65831 
23592 61636 
69387 42544 
27517 54495 
84821 15575 
42948 91022 
34126 76834 
21286 8908 
4424 30068 
54258 54829 
59192 6686 
54059 39382 
52253 30303 
6557 78457 
9430 92783 
18802 99474 
69876 74122 
43178 49599 
91709 11327 
49625 54856 
17270 97284 
34707 44021 
62215 69639 
1667 69227 
39586 31826 
19170 26399 
55125 33636 
68091 2986 
13310 27118 
15471 57850 
54945 5064 
12714 68785 
6593 24006 
1088 66798 
59772 11385 
21784 13118 
13507 57417 
70060 64825 
7740 96214 
3415 18084 
47005 87835 
12255 14126 
63933 23177 
88204 42460 
340 87032 
79959 78234 
90003 31105 
9541 46227 
11716 28439 
32787 12639 
43792 3438 
67126 67691 
91931 57556 
76938 76942 
81190 39735 
2216 47341 
99781 42786 
39805 75198 
57524 42180 
38104 17579 
74988 32084 
45962 56074 
50720 54977 
64362 2463 
63421 65822 
85539 29466 
53524 19520 
68353 96617 
94376 21240 
90994 81222 
7028 33236 
42528 17426 
94671 88892 
63321 92611 
72783 24976 
21032 49676 
49341 6473 
13677 96161 
65754 84872 
24121 26771 
43671 410 
11472 24538 
95393 11518 
13918 17669 
46367 10618 
54920 34080 
87077 64392 
90017 13676 
18594 98805 
5076 9631 
81204 34393 
78457 34239 
58679 65718 
49368 82336 
32185 70396 
92568 95888 
17218 27726 
85646 17004 
54616 24707 
69224 13450 
42378 28117 
42761 50714 
88891 5307 
9001 27689 
40135 83520 
78683 89278 
83515 47785 
73763 78509 
59229 90817 
22189 93213 
16389 44847 
20200 67860 
35604 44967 
49120 9868 
2341 96283 
72814 81489 
56080 43098 
9233 33335 
59143 67296 
64890 63672 
26045 75288 
44662 98789 
29310 68075 
945 64078 
50922 27408 
65998 42903 
79926 92504 
19201 889 
66169 46416 
77014 86970 
27767 78901 
57559 9338 
75597 43515 
64039 24383 
61995 80674 
51629 69785 
82753 35529 
91003 19096 
61679 59783 
18301 34484 
25141 49927 
66172 46732 
30409 40910 
3387 97180 
46053 43854 
71582 34953 
95277 89207 
96852 74672 
63764 12578 
71184 84753 
42483 99534 
44140 94489 
22861 87736 
38736 79298 
86831 10066 
7117 7812 
37480 50774 
71425 11970 
97389 78160 
53144 71790 
61199 11967 
80271 90238 
26568 81376 
75800 70386 
43372 30413 
73296 97017 
14893 31542 
75761 67899 
56655 75389 
72497 16132 
68730 14751 
55367 14291 
5497 54464 
30625 53547 
33233 95183 
5373 46475 
50360 58756 
38796 10997 
7777 45646 
87413 54691 
7433 719 
40936 93648 
76142 92714 
40688 8125 
8605 44865 
96091 58446 
48720 89369 
66398 58890 
31466 56797 
54607 34782 
39002 53030 
68427 68537 
34099 20951 
39197 74124 
21611 31853 
53798 26214 
54423 2432 
46918 10239 
44154 87205 
21417 52623 
58868 53348 
13064 36673 
90155 5195 
92624 8917 
50133 89011 
2994 33101 
15330 75157 
62056 54674 
68795 84417 
22914 97208 
4477 97966 
72349 24093 
48544 66384 
65628 63730 
21242 12093 
41186 14542 
9798 1738 
32264 17304 
48025 50278 
94216 6615 
1469 6943 
96009 30762 
38302 64710 
82346 59824 
25649 29567 
98847 85508 
28610 83623 
86939 53077 
4975 76961 
97332 55627 
82485 87166 
41417 64073 
77441 92562 
98411 62358 
63591 15476 
22795 6763 
28421 5196 
51297 30576 
60334 46813 
91662 71016 
94682 1771 
86426 3923 
9201 8664 
84110 33623 
125 98766 
17504 228 
89107 9704 
84152 34794 
8046 12886 
47662 13857 
84009 5498 
30124 39270 
99674 56288 
45735 96632 
36055 35851 
33588 26214 
13746 6765 
83676 73966 
36528 96672 
14266 76993 
6886 28277 
51130 77843 
26856 34265 
79504 55019 
19566 42220 
88176 3297 
6959 74930 
1797 96777 
57396 74821 
2252 20017 
73179 27753 
72872 58170 
22522 31064 
60284 95735 
33082 23498 
37864 85351 
54893 70510 
72037 13017 
69386 77475 
38089 4148 
68164 85434 
5685 86122 
50277 89277 
15931 47247 
89996 6639 
1645 9541 
8389 17282 
60361 63267 
41527 87369 
75666 94887 
35700 90807 
96606 76865 
15769 40675 
27197 77755 
66629 47805 
48473 94010 
39712 30664 
94054 1196 
46582 10994 
26859 71572 
29878 42986 
19396 7457 
8214 40317 
22949 95369 
76117 84980 
22031 94612 
2689 24606 
9628 35799 
13387 90841 
86053 19741 
58181 361 
79611 75214 
66301 32226 
10853 55277 
62904 10525 
73820 26165 
76196 59668 
87487 30187 
94911 41139 
78515 84666 
45493 25204 
92449 12604 
45960 98781 
94695 87612 
59119 61590 
14831 15563 
11677 16671 
8290 68495 
67741 18521 
57920 32487 
45313 2334 
14650 30557 
42603 81212 
81217 34043 
97338 64716 
75862 81525 
36701 21765 
73919 83031 
88152 83635 
14388 99059 
12090 58685 
75858 48937 
86170 9464 
71569 21064 
18067 24950 
86930 28787 
88552 5943 
84477 80000 
30011 70028 
31019 5947 
26839 73988 
59665 25337 
83639 46219 
65433 3514 
44766 19417 
47301 3286 
64435 54722 
51876 13926 
20512 52463 
44221 87952 
37039 51822 
29959 11449 
30660 31966 
79406 83058 
24342 40567 
59274 79160 
78118 92152 
60407 38363 
71059 98355 
21042 7095 
31288 14865 
84227 49926 
51551 15798 
95361 43166 
46732 35161 
41175 38362 
6653 47264 
55052 3527 
72605 93145 
65216 24210 
19280 98482 
42131 73998 
55121 69949 
9323 44581 
63572 1614 
17925 59209 
95323 70735 
49353 80202 
87350 53164 
2839 61084 
28412 42615 
44957 87012 
12637 15131 
46787 93332 
22910 40383 
11049 51444 
64028 4790 
96321 63559 
21914 77945 
78339 13538 
59653 23495 
49455 79661 
73722 28336 
46448 27018 
24514 99890 
14200 62129 
24072 60225 
58130 50486 
10962 47918 
11845 68905 
67285 23784 
48103 88857 
36062 65029 
90976 64443 
78564 23822 
45016 29193 
70641 20966 
43261 89595 
74710 43072 
30059 40063 
39750 12523 
37018 13985 
75542 3524 
80737 28582 
19339 84667 
9575 77487 
63254 78681 
53320 74252 
38883 43420 
84440 52476 
62011 94657 
82491 83766 
24749 10872 
4301 83468 
85018 82969 
1700 35904 
44042 97747 
95865 85800 
21347 72956 
12743 10656 
33729 93882 
7558 9993 
59785 36679 
58080 21735 
24771 2026 
86091 3434 
71957 24211 
74415 96589 
96061 65349 
82924 26022 
2005 52215 
31041 73084 
17906 64047 
6629 1407 
35081 33671 
81474 6974 
69844 81433 
62177 10485 
41915 61682 
81895 9313 
42541 64915 
43155 58763 
21736 85216 
54901 57948 
58541 32232 
67937 74256 
90798 39693 
2104 52224 
71642 98361 
75828 17547 
88791 20301 
94062 5055 
29651 23471 
24183 10645 
386 10936 
91093 91492 
10293 7316 
52522 16303 
14197 6653 
73459 97934 
65035 80465 
4674 24403 
66408 92517 
84450 41115 
30591 67750 
24929 27089 
41349 66750 
14882 51024 
92876 24336 
69256 89247 
26268 21059 
82518 36876 
13172 69783 
97566 46009 
42585 16046 
84940 80291 
51276 70511 
38058 83897 
