12670 39344 
16081 88619 
41149 78923 
37654 21294 
60448 95199 
33888 36687 
5542 78778 
80510 56962 
15015 90823 
79731 82747 
64026 55999 
92942 95929 
31936 82418 
99304 70650 
33564 16918 
40074 71225 
86835 98044 
28920 8762 
11582 26212 
57011 74440 
54346 30794 
98327 66760 
12254 77248 
25433 82471 
85402 23912 
78839 46491 
21622 7704 
94145 14791 
30142 10757 
80299 96058 
31346 35843 
59588 2880 
78691 97495 
25402 61262 
35835 17842 
47338 78471 
17083 1411 
54868 93549 
2532 51568 
60597 12226 
20598 82734 
42010 58591 
50113 77172 
86705 59510 
31764 32867 
20189 14655 
94364 49924 
77678 94890 
95306 6906 
51690 54889 
46513 85645 
45792 41995 
47299 13347 
91515 32677 
73774 4154 
40222 30392 
80789 98864 
24634 14186 
56861 21106 
95771 36107 
35151 91055 
80181 27274 
4257 63614 
69675 87436 
81455 87038 
51132 865 
7988 10050 
7529 42682 
1091 806 
72975 13962 
50674 79411 
4328 71472 
79934 7201 
39883 98418 
98620 20640 
51649 96275 
65306 45431 
61905 64618 
40713 77304 
86989 75775 
58001 69998 
91708 44210 
57896 27997 
86274 36744 
36644 61936 
74351 69015 
32976 27881 
65548 86035 
36644 38250 
98650 30272 
35536 1748 
82871 59357 
31004 22441 
53609 87354 
41720 63984 
56430 88465 
85271 64015 
18463 20090 
73645 65846 
39881 93400 
83860 19866 
39830 43834 
68226 95416 
20944 31429 
50058 35414 
74495 31431 
10155 80652 
34258 59317 
6931 88402 
1344 11213 
88820 70902 
4518 90580 
51437 83232 
30957 35165 
63917 97285 
60905 54352 
38988 8736 
66378 36406 
49527 37326 
88827 87514 
726 97273 
93586 20120 
51423 34236 
9990 16715 
40804 48041 
5163 57085 
17368 46225 
6807 11942 
85897 2489 
85699 73937 
85175 26246 
32165 18259 
84247 84738 
12431 59302 
38295 57551 
70568 97376 
76487 44872 
49636 29954 
3692 95455 
41667 35675 
85507 68022 
40305 26122 
51776 90700 
62193 335 
97648 37108 
23594 30097 
83161 94809 
7313 50205 
32466 62147 
31582 27276 
12008 72810 
37421 33057 
23343 14004 
43850 53787 
80724 73742 
81382 25862 
56214 25488 
3394 99829 
65778 34314 
92237 99735 
38670 47676 
22381 62872 
59407 16114 
16397 16177 
96700 74359 
31278 69861 
36965 1769 
42334 86270 
21345 72500 
49863 12559 
44694 423 
19784 49452 
12524 81597 
83623 65167 
67676 37950 
65480 53528 
92304 69835 
74075 78375 
62733 32274 
96433 42535 
84870 59923 
56510 68969 
66035 79199 
56768 84128 
85467 62507 
3681 49140 
10194 99123 
29144 93107 
65583 80051 
58949 64647 
10598 20054 
46758 32734 
86628 69062 
87410 35951 
5755 97281 
46964 485 
19384 73579 
98501 21485 
61417 95133 
32512 29866 
91489 67780 
18624 47186 
73239 81180 
31420 64944 
10221 70635 
17287 71431 
27748 8290 
71517 89230 
32840 20459 
15279 79524 
6386 84918 
10633 15550 
81770 22292 
28401 26871 
42389 59032 
88500 68559 
26871 5963 
25270 74978 
65268 66052 
91331 16512 
82072 57752 
2697 89425 
92666 16203 
45133 33972 
88634 13534 
7175 93946 
54342 21670 
78746 2047 
82305 26288 
55978 99755 
58061 88939 
22629 77848 
66635 45874 
36388 54275 
32148 26726 
34412 89763 
39710 73959 
86575 78383 
4475 44878 
67227 40218 
46579 81988 
86635 86343 
2644 44634 
21838 22555 
54642 5087 
13308 7537 
85135 25645 
48573 83665 
74244 49794 
36890 54158 
38181 60135 
90089 89021 
71775 78500 
63850 3999 
98141 9599 
80982 71751 
47502 58501 
53677 92467 
84124 84427 
45242 72389 
75438 88541 
63468 32981 
50653 71844 
57600 950 
27480 40748 
98764 9884 
95105 82560 
59744 77961 
29101 80843 
74169 13007 
79721 91511 
47455 36101 
18860 54515 
12246 8036 
52928 73098 
69654 89075 
8989 52867 
34225 61815 
79753 56297 
5390 99378 
69323 94793 
21021 66724 
16099 50045 
9778 1579 
81849 89211 
48094 33278 
86624 14280 
44901 62769 
38125 65022 
22653 45091 
51018 77038 
36697 86821 
76850 81682 
76730 95330 
68425 22990 
23849 94081 
83829 58299 
94631 48819 
94787 3806 
89680 33161 
1629 84126 
78287 98920 
72858 45752 
93082 6448 
21160 98345 
79015 13334 
99680 54891 
39493 15988 
52471 52040 
49208 87973 
81261 45294 
57928 61368 
97012 90241 
92470 53025 
9240 40641 
75094 46261 
68636 16934 
15709 371 
19287 24615 
2591 75246 
35596 30928 
11700 26484 
16023 40462 
78224 47564 
80823 45467 
25650 9949 
74211 65127 
27436 79452 
2720 29478 
84259 67758 
50983 8340 
35883 11673 
3775 33347 
90804 59503 
68886 12056 
49160 83908 
39218 87119 
14766 33619 
54489 50628 
40701 82640 
23026 83995 
29505 34819 
42336 57112 
13859 94169 
13514 87040 
76503 16847 
78998 26095 
29197 19399 
25790 21975 
59697 29713 
86993 68424 
72983 32041 
43335 43952 
98404 75528 
73351 18248 
7930 86876 
25982 91195 
92368 52092 
92566 17740 
72178 9701 
36549 63415 
77437 28375 
98725 29911 
17540 25626 
33394 87863 
75379 21025 
46563 54891 
3028 7336 
1164 60938 
66376 66054 
26218 50076 
84679 49978 
16998 78219 
37677 4831 
41446 79527 
67680 4302 
74450 90833 
86963 28533 
66072 43016 
11835 24699 
12399 51025 
83905 50186 
38425 60109 
6359 13789 
21211 34846 
18461 98445 
78543 9667 
55043 70172 
23420 54827 
89400 52243 
37898 50175 
37780 71015 
51194 548 
11596 60463 
16411 71271 
39491 46091 
67840 69978 
45580 15765 
6529 51870 
62445 24924 
5642 79491 
77893 76700 
49123 25288 
63011 63672 
17259 65429 
5727 57280 
10969 76735 
78834 83402 
62986 15130 
4400 28111 
18589 23577 
37469 76377 
81112 90281 
81153 98248 
8209 53771 
62483 62016 
13672 30515 
43804 71920 
76604 22832 
18034 99156 
84822 50114 
37764 99240 
42588 34762 
57956 86259 
54140 65742 
29935 65066 
53927 57294 
70350 6205 
92091 18066 
43008 85140 
99429 46868 
33709 97315 
49934 75177 
68665 3650 
10985 83722 
25589 57237 
21337 30691 
13220 11357 
65320 42480 
49837 11343 
17958 34434 
54194 28416 
20228 48639 
73399 2272 
6266 18576 
11354 21056 
45041 96342 
88720 82268 
77867 7135 
60728 46232 
30121 27827 
42745 14939 
50588 21721 
45105 43404 
85119 99939 
98556 18096 
22606 21419 
59547 17594 
60776 88106 
20633 4296 
26870 39696 
15421 82828 
54038 3153 
99784 740 
58087 6231 
11466 60147 
81229 21367 
58733 55165 
69538 66551 
65413 49292 
29079 53178 
4402 59363 
61998 37366 
84681 18220 
18346 873 
17887 46983 
12007 60497 
79645 79592 
39808 80707 
98164 47238 
11771 43281 
48014 48371 
47389 9828 
510 1171 
17962 98352 
83821 99662 
18195 83382 
35687 72119 
31669 20679 
89542 70956 
14203 92209 
20881 7009 
56778 64759 
94863 77896 
5388 56509 
98427 30134 
9034 9852 
10615 37713 
39053 75868 
63325 76041 
73073 26154 
71376 19487 
65111 21043 
65565 93188 
29659 79788 
45276 65351 
52105 17890 
78285 74984 
415 39517 
14506 51787 
53718 98829 
47766 99886 
82310 73053 
55056 85170 
10541 22231 
66285 87159 
69154 45877 
69188 50670 
96875 85122 
33844 99969 
82388 60429 
49172 58685 
47314 79605 
99785 52432 
58409 98589 
75786 57920 
22893 68360 
311 2264 
64726 55321 
80110 9270 
1552 79653 
32924 35678 
42184 76372 
22120 39636 
2694 47209 
33809 76156 
95537 37931 
64600 19821 
80593 45365 
49154 73756 
79635 31116 
45890 35646 
46421 94876 
16451 56569 
53488 39199 
79981 46425 
3666 39775 
96768 50997 
99468 20453 
37482 49939 
6689 20680 
24032 2464 
29928 34504 
85957 98054 
77211 94919 
62313 53217 
28485 75094 
93172 32116 
38473 78895 
87147 58857 
98251 97132 
21744 32272 
51844 13055 
31900 50233 
14266 50931 
68720 99851 
65644 74859 
65191 72347 
2399 61518 
28605 16953 
10951 90158 
90399 56905 
91994 15908 
83345 52375 
4138 18341 
83251 10162 
14508 46241 
47782 8025 
40937 11671 
8528 22691 
45422 21653 
24107 24965 
91767 74181 
81889 32724 
11689 86794 
43812 93214 
33108 70528 
67832 99711 
11973 9874 
667 34460 
74678 60197 
29818 69720 
21960 28116 
3235 51821 
67189 57440 
73552 39338 
81993 3532 
440 65788 
439 42348 
49465 49701 
89309 26888 
58697 80502 
26498 73442 
5383 67297 
42133 32765 
94140 49502 
67780 77173 
5426 33187 
7901 13598 
88436 35070 
94739 14720 
56128 87279 
12878 45588 
41721 80344 
82967 51490 
5814 99293 
75428 64372 
41167 38307 
84459 79686 
8236 63074 
30216 53352 
48696 26816 
72813 69361 
66493 35868 
15594 32564 
36353 3799 
47125 48329 
98237 29223 
21446 60978 
22860 81769 
4342 36327 
88205 83148 
19748 90124 
89863 25782 
14856 83831 
19060 80172 
25126 31940 
81391 4006 
61080 90899 
96589 80934 
57650 28715 
15032 85004 
23789 6445 
10250 87961 
5165 38034 
58357 907 
25993 33327 
95092 69268 
7385 70611 
49097 20600 
69086 89643 
86070 98411 
9053 43897 
62595 2059 
21068 1626 
80760 92648 
54408 39355 
55038 17991 
41582 28525 
51494 55838 
20232 76298 
35999 73911 
53533 44869 
72935 57733 
9745 40176 
48796 62792 
96077 30497 
56096 6277 
54608 28196 
62184 25441 
18712 43749 
4834 94587 
97314 183 
1895 10733 
1264 78211 
35820 29224 
51203 47557 
75550 54839 
9526 28400 
28016 71421 
60406 18319 
69443 23604 
21299 14779 
92652 47892 
6948 60946 
20732 87201 
82636 43495 
79747 12864 
37296 75076 
93531 21209 
79013 1239 
62169 67986 
5617 81876 
12441 53250 
31227 10597 
63252 71736 
55996 51986 
32018 99338 
50763 96303 
18996 94988 
90903 53929 
45700 59061 
14420 37780 
90855 4352 
98151 10871 
62713 63756 
42925 8353 
70136 79963 
33630 78636 
6464 96806 
93346 26525 
40016 99326 
82072 82855 
12940 30203 
27 69719 
86203 43878 
43111 78133 
32633 46517 
23842 25863 
72250 9904 
14915 17153 
64497 40416 
94520 83212 
20539 30438 
72642 42569 
75460 18864 
55799 83802 
64949 39805 
63996 39615 
84007 44161 
48197 90924 
66227 37433 
69142 12292 
11344 88941 
89142 46006 
6078 32578 
97249 71041 
28660 97284 
35243 15300 
986 76609 
16926 44791 
54014 71079 
36459 51753 
1780 14480 
42820 55259 
77340 25776 
16935 22469 
69969 12048 
25628 16414 
17110 84669 
42267 77140 
46855 40861 
17812 46972 
37150 5855 
57973 57840 
56439 27065 
12256 8839 
77144 60999 
8915 75574 
8141 96072 
76158 9365 
75322 10061 
74461 3972 
90345 69621 
27394 30322 
86863 41108 
79133 65517 
70782 96886 
25645 71484 
26521 69371 
63521 10700 
44782 26254 
75538 21704 
88993 14661 
25220 15493 
97383 49435 
64070 95378 
25539 1324 
64556 47530 
70347 74522 
79582 97187 
80380 49829 
94873 76377 
50064 9661 
84546 3005 
15378 54170 
2141 28304 
17385 63961 
39436 69871 
76521 64194 
63652 10927 
25393 97285 
99940 12904 
80725 17021 
60568 58123 
96118 75566 
34787 12063 
26478 86665 
44093 70605 
52224 13289 
36453 36636 
56818 46033 
40025 52544 
24676 9776 
22004 348 
28195 60411 
1459 69643 
2410 10917 
46351 84987 
63700 56595 
44414 79032 
15010 52987 
75179 95424 
94198 36809 
26128 6391 
64420 70189 
89818 33936 
15869 31533 
50814 70688 
46701 72569 
21313 6706 
17683 10409 
12623 81919 
29841 25931 
35970 396 
57312 95334 
10584 62240 
78655 90409 
19637 91695 
89004 44911 
95291 65892 
42764 99322 
32990 77709 
71934 4380 
32101 98293 
48693 84962 
35080 40110 
12542 40166 
90606 59705 
62078 82953 
97422 80915 
19379 3208 
95147 63853 
11030 71821 
55874 92791 
73972 90180 
96131 6890 
86635 29410 
72591 51785 
46233 96770 
46930 87111 
61640 12802 
5299 45359 
7913 82142 
96107 782 
93317 93359 
6172 73620 
22630 88725 
29752 64499 
1524 3546 
97570 86651 
15979 86472 
23687 39455 
37994 77162 
96897 45812 
54240 35734 
90307 58003 
87851 89634 
87865 21916 
85209 87872 
29815 77921 
69368 29997 
60402 68173 
19649 67776 
20634 14747 
23005 61219 
66495 30774 
56897 7401 
8739 27599 
5708 50497 
64216 85033 
83131 24482 
80697 58846 
31517 76173 
47209 9947 
95808 65565 
30166 53044 
24478 42908 
81891 39098 
32811 57480 
52617 5513 
74884 61753 
99646 50752 
9785 36423 
28063 15945 
14857 76760 
16268 85078 
94218 48757 
76534 47446 
54286 44776 
75923 1356 
69746 42703 
96091 16388 
43144 52 
41892 13075 
69227 95037 
18119 63470 
51185 60317 
81368 63806 
80077 41944 
39687 81382 
81057 55955 
16561 31746 
50396 8175 
17721 99448 
55824 88917 
39389 75817 
49405 53639 
34777 50657 
46928 53029 
12015 61219 
60688 81568 
71155 71459 
33607 72308 
488 27324 
11776 77411 
43142 9722 
9775 38958 
13772 85790 
68585 72578 
92134 41241 
79381 57657 
45411 61811 
48207 52191 
34414 20190 
6279 27800 
40100 16368 
28598 50973 
6339 13900 
9595 20321 
32442 12391 
58646 6416 
64718 97368 
20642 30747 
30129 12703 
97164 63381 
27128 7878 
42362 15118 
38839 22662 
34305 49245 
61953 85117 
77342 40412 
51103 15366 
73926 63767 
62892 47200 
15403 6122 
46404 2327 
80401 52787 
67716 77969 
96774 18620 
74782 37503 
18421 59916 
6041 25975 
91887 24956 
21203 67573 
39274 75348 
85862 40521 
63782 37721 
72968 66351 
92139 25938 
53643 95166 
4160 7623 
37416 16225 
63900 75689 
87706 74081 
59086 25419 
82189 24519 
75990 30785 
9694 21630 
85364 59833 
95338 87658 
91800 68307 
23872 80595 
3595 63112 
87511 41037 
13147 32787 
19033 69414 
38943 855 
83514 57480 
69332 69722 
92773 73826 
65610 87753 
75494 82172 
27293 90203 
82899 53328 
96049 35888 
35015 16977 
76377 85789 
15739 87808 
80924 47223 
6294 92003 
66245 37782 
6122 14775 
10832 6937 
27860 87328 
1416 90019 
68780 32557 
35807 59222 
54900 92768 
20981 79349 
25962 69853 
43619 72214 
79570 18578 
16995 42917 
20995 47058 
62881 23670 
71511 94975 
70051 46400 
72587 79714 
81988 64051 
85870 23383 
5584 2340 
29617 99510 
99891 38636 
11058 67275 
99378 72712 
11187 93199 
49732 75327 
53531 95521 
85829 74865 
41700 84839 
61358 69765 
81860 16110 
47453 34977 
15732 11732 
53712 24414 
77344 63165 
89181 58175 
52453 69474 
73137 23240 
63434 25114 
25919 9439 
24377 26479 
18599 48639 
11248 26924 
36935 24460 
70200 33395 
19846 72243 
43426 4288 
65545 94558 
26490 77779 
59513 76254 
83590 32645 
67646 94837 
37995 59441 
55204 86940 
23699 98939 
37592 49683 
31342 86834 
42546 26933 
6525 28991 
64940 54778 
61874 19886 
25249 17981 
45556 8387 
570 99742 
68422 9666 
83177 90776 
29560 59771 
35714 60563 
95740 10276 
54449 83517 
84100 64428 
22383 55949 
69401 63345 
32582 35833 
87242 41050 
88731 86740 
32898 80542 
44704 9724 
61743 19578 
27865 2527 
81730 74473 
1830 94141 
90974 73010 
63600 64609 
54226 13369 
37241 74858 
30844 95064 
21711 99443 
63886 99944 
73968 76278 
14990 36588 
60151 61713 
82989 99830 
87395 6806 
75502 38602 
36795 51164 
12253 69960 
54006 64434 
26451 24877 
18195 52351 
96290 62299 
2283 84175 
82474 41921 
57876 91422 
69646 3321 
6779 33994 
9697 59286 
97684 29104 
43166 74608 
91370 90873 
31248 68064 
70702 34002 
65475 44975 
32713 53640 
34635 40476 
9252 5378 
19320 29494 
79923 74227 
53248 38450 
86496 39537 
37550 75836 
31473 13967 
19260 84054 
45152 58960 
48498 3289 
35356 56603 
10179 29707 
91842 48331 
85527 44868 
3502 34616 
36329 91033 
60584 66594 
20507 67892 
56471 50545 
41519 30262 
73951 29183 
5994 73431 
39456 99917 
14167 3065 
55407 79566 
35866 99999 
75579 27434 
31147 6707 
71329 94238 
59194 81898 
47527 73061 
81619 92428 
6251 90313 
7105 37598 
23521 89654 
43114 29918 
99823 29848 
17400 88536 
68652 38768 
7136 36792 
99014 40041 
66706 33738 
7577 96283 
76548 10954 
4072 93449 
44914 30647 
29619 24492 
82007 28736 
11752 17359 
31677 57548 
52261 92293 
89712 96709 
84336 26457 
59724 57983 
84063 50122 
97733 70044 
97954 97935 
74773 92541 
53016 91268 
43190 75337 
48723 33177 
26787 48423 
91347 56215 
67536 758 
20218 75160 
52355 82166 
92791 61640 
12224 41442 
40802 75724 
32960 95914 
83342 60732 
42011 12998 
84307 31831 
38889 72637 
71510 66435 
18180 71029 
92612 34971 
93573 20679 
69088 94298 
68922 99555 
23603 2850 
18091 3025 
98440 6537 
29170 56228 
53056 87497 
40638 51691 
27355 63974 
47132 87236 
83946 78937 
80700 92610 
97436 17474 
79798 49775 
41692 48565 
42703 31415 
37089 95544 
24680 4988 
58872 1363 
78911 75508 
75086 69708 
60060 69265 
77905 31105 
6338 92808 
95749 4321 
90997 36780 
25229 97689 
87427 32557 
1747 22449 
23377 11171 
35481 70722 
9277 58595 
75538 44463 
13257 9251 
29198 8532 
21171 70470 
55465 80983 
63772 24624 
72562 66709 
15184 12800 
67520 86813 
66878 64127 
72691 55342 
59623 98252 
78793 7514 
12185 94959 
87000 89085 
20071 94552 
63629 75245 
10157 65403 
50149 99189 
27808 50892 
98493 35522 
1932 87032 
47092 1645 
80353 64151 
26574 11533 
53045 91285 
85731 40576 
83922 10303 
58135 37640 
53300 98300 
47717 51023 
72541 91402 
97627 18732 
70070 60907 
20883 10259 
63596 73548 
13581 97039 
27289 71661 
41852 71776 
34580 16211 
92302 33076 
7393 45807 
2311 1088 
30802 18313 
41363 32337 
98489 18070 
97489 57479 
38825 31451 
33934 74392 
34006 16167 
20335 90859 
85400 15660 
9951 26020 
97099 98911 
29933 47838 
46658 38096 
75138 45026 
87074 71826 
47640 6188 
77328 40039 
63910 6375 
70090 18139 
59500 81817 
94747 22608 
57160 7291 
61417 8054 
28413 77395 
77427 26563 
70951 32949 
11503 74192 
44600 66785 
62943 6607 
57129 89424 
93126 66092 
67871 34404 
54913 25556 
81870 35509 
11890 21658 
40208 13671 
73823 18792 
73184 70064 
87330 18454 
72185 93663 
11483 4361 
53376 56531 
76900 92717 
31735 88142 
73862 39136 
97503 91244 
40097 39004 
88787 86074 
22070 46414 
83815 47197 
65000 28344 
94280 27792 
46263 65345 
27221 49893 
4476 7791 
97074 75942 
32228 97588 
11779 66912 
94335 69279 
27278 75348 
5412 51578 
63233 17864 
50681 649 
99498 20942 
62167 9797 
27610 36331 
68739 56763 
14537 77895 
22978 69441 
46894 40471 
70417 13571 
63048 23095 
67425 31870 
47791 93906 
72872 93041 
59667 2107 
35663 41238 
84604 63540 
75342 71835 
61128 20763 
6178 97687 
2230 5950 
86511 11622 
46896 15508 
84578 95496 
10293 38983 
39675 73912 
65813 71664 
63197 61584 
84435 80212 
67973 7319 
77282 83733 
36269 94745 
35780 58878 
36943 20125 
40509 76893 
80440 31020 
14577 32970 
56683 76044 
30310 33818 
35382 85578 
39045 68074 
20864 76082 
82999 95970 
44283 46516 
65445 59641 
44880 14371 
884 33498 
38965 20960 
40370 5305 
379 20874 
68872 2892 
79403 58851 
1294 58903 
68465 28863 
61708 36521 
82417 4818 
16383 22823 
58815 30034 
45358 33210 
99287 53528 
79580 60337 
66990 5174 
1058 43982 
27073 8886 
1993 34544 
67200 43265 
25537 72118 
63391 72508 
65586 5580 
62788 86902 
85941 31667 
39428 11821 
30207 42715 
41707 66937 
32953 33555 
90937 83208 
9942 33000 
9239 14219 
653 93419 
52007 10580 
59847 93087 
95246 61341 
46606 80327 
81348 44759 
39032 15876 
58185 72262 
10718 50510 
55873 54071 
41152 8615 
33194 62717 
96348 35245 
91333 21539 
8292 4109 
96476 99289 
2225 77042 
74776 49060 
69274 51665 
43270 90042 
58654 33271 
18597 93966 
68402 19430 
1667 4605 
46551 91353 
70937 88349 
75659 64740 
29539 86589 
2800 64690 
42207 16555 
94365 54143 
66844 46247 
40477 63438 
32487 51219 
7327 39723 
40572 46243 
37419 59291 
69590 73248 
27477 23368 
44603 18441 
71695 88398 
92529 26137 
44035 65630 
41735 74593 
7453 61566 
40173 80002 
80190 20807 
60158 98821 
59702 75888 
29852 5732 
3335 4890 
81625 34783 
91496 46923 
35667 84644 
53861 28026 
43600 5413 
22089 5593 
1286 4031 
83523 48124 
2642 28129 
49526 28915 
46984 13997 
19401 27250 
31287 13389 
16221 98717 
55689 45968 
94472 97456 
45705 59504 
71027 7487 
47805 18266 
10800 67675 
86382 81580 
6301 55481 
79582 79150 
26367 28329 
99108 37490 
73505 8237 
24781 62692 
81558 35293 
88528 38764 
5831 8645 
24425 57899 
6320 79841 
41518 59288 
1390 62691 
14376 16467 
73997 76239 
42665 79705 
45463 43042 
65526 49548 
92880 23596 
29106 30402 
75335 79594 
96352 88927 
51463 23646 
56989 20978 
16238 31129 
42603 13011 
58437 61069 
76832 69087 
41897 57224 
93896 62995 
43429 78021 
40043 66538 
38217 34550 
31971 99620 
9509 99490 
83857 45556 
73614 86705 
30383 75900 
53474 91135 
66966 33071 
4504 21717 
385 26215 
94926 56240 
53105 5962 
69477 96357 
92784 97157 
80165 3426 
64860 85102 
50657 51411 
90514 70517 
51902 41764 
54960 31140 
5780 87042 
51713 53816 
822 84923 
67321 29872 
99489 72390 
88056 38753 
39998 71003 
85111 80117 
87374 8540 
88113 52976 
68179 29682 
88092 21979 
31266 89018 
20501 55554 
12974 53332 
66524 68383 
49304 26931 
76588 51558 
69930 53734 
63866 27785 
29288 42912 
37525 26115 
78537 11029 
45572 30935 
58837 32999 
75366 23355 
1170 46561 
16227 99592 
50863 60595 
23033 20621 
95973 76241 
32292 20081 
67883 41647 
72913 73338 
99725 26072 
82733 9576 
73675 17178 
88834 30941 
61673 16484 
34788 88011 
65807 32332 
41185 49234 
94374 47107 
67140 93495 
67539 66045 
99966 49589 
32549 38643 
37774 4137 
82629 80512 
45510 364 
15959 13449 
58762 54157 
41546 84563 
81656 20940 
37341 21500 
75260 57190 
92615 30111 
61131 33752 
21387 43354 
70977 74655 
16603 85799 
57919 14727 
25815 26768 
47375 92095 
68262 56995 
46368 17496 
80523 38601 
48873 91370 
73357 46265 
71805 71792 
5852 38649 
31328 31599 
34669 73475 
22435 81406 
75974 7050 
96031 76736 
25519 99662 
37276 72108 
18421 81899 
36521 32676 
74302 23808 
9896 64908 
65763 88719 
70451 81775 
68568 46657 
72735 75064 
457 68417 
53790 27686 
32148 20731 
71753 62211 
58891 35380 
99620 88389 
53853 30662 
66188 82018 
85614 22342 
48793 311 
71258 73001 
13184 14746 
53797 93664 
64718 21431 
38083 29634 
22048 71116 
92917 33672 
49539 46251 
28689 53950 
87917 862 
89698 41688 
3968 70531 
58208 13896 
39581 54371 
53306 90397 
78052 68680 
21821 61064 
61248 72793 
60831 29193 
85119 71688 
81692 19959 
72994 7015 
24064 39142 
76186 58484 
55084 16566 
79693 90891 
43578 71201 
97083 98634 
82171 90380 
23157 19114 
41142 24336 
75568 9243 
77056 59024 
97289 5123 
86479 45183 
10696 13962 
90512 29612 
10977 19443 
59372 55885 
61694 16999 
37968 75971 
8531 33832 
13150 41749 
58635 30012 
71250 25894 
82399 21639 
30567 55371 
82152 14776 
97591 27540 
37947 89766 
88073 18850 
84467 29531 
74429 89137 
95059 42606 
69520 30760 
49002 91871 
33513 11116 
36322 3374 
95291 9493 
10838 96099 
12820 54834 
36573 43195 
57888 29629 
85281 47910 
99812 17003 
33554 93364 
79984 32976 
76809 4313 
14540 3988 
24463 41147 
35963 20906 
65659 31668 
86115 25106 
98152 34529 
2945 59640 
94325 19743 
1058 49053 
37734 46297 
32344 55125 
1230 14660 
27050 92631 
53384 72837 
57937 79128 
73833 58652 
40591 35883 
30079 68053 
81492 53205 
18448 49488 
12089 82798 
53 37788 
1947 22172 
69030 57483 
26892 11714 
74732 45133 
79174 73731 
82198 62965 
45778 84571 
95917 2036 
48328 85882 
90763 2107 
33425 9143 
90964 47570 
25806 8764 
13017 33995 
8362 73402 
41757 38279 
72833 12565 
40063 66842 
92936 96137 
2210 980 
7679 58154 
48442 6223 
66797 62993 
24079 23409 
82538 72047 
10319 13233 
52414 42046 
75849 83106 
66077 32381 
98511 85451 
86157 98073 
64456 39933 
97660 97516 
8596 98604 
53436 49644 
94613 42610 
4290 33903 
45398 71821 
91429 38189 
25511 24658 
96255 24883 
46091 44368 
87910 3172 
9644 90148 
82513 67023 
37194 76756 
29694 82514 
23546 14640 
71822 85658 
47733 14107 
79207 82410 
25189 11700 
50636 26269 
25819 74677 
82710 85671 
97809 40400 
53783 3332 
30919 51419 
38681 92751 
64937 54170 
68929 13293 
99084 39479 
79875 14571 
86392 16409 
40865 43291 
3395 27523 
47580 61306 
69995 33246 
66611 32288 
56894 15771 
61582 96267 
58787 78828 
97365 66232 
30275 48643 
14352 49011 
78503 13539 
88313 13908 
81581 74893 
42975 6829 
55070 20530 
62307 35100 
20199 73143 
57337 28754 
36898 10968 
78435 17722 
52388 5681 
28081 51221 
81729 73370 
21494 25544 
80637 88438 
62851 79525 
92806 67431 
53387 63167 
54091 90015 
24340 84213 
14133 87734 
92448 89879 
92331 97666 
68658 46567 
19584 47725 
11726 39029 
29761 13119 
7530 22289 
55641 59348 
72235 24575 
52874 66125 
22843 17559 
22501 8740 
32181 41429 
27663 58636 
87070 96586 
3354 53352 
98192 91252 
39434 77481 
68059 64801 
76557 90920 
9566 90334 
92302 38463 
21731 96837 
70505 75643 
71536 41198 
40619 49734 
1180 3422 
45942 81984 
78593 74578 
49609 7357 
35717 56341 
15488 41477 
93863 93398 
7478 60954 
58335 15602 
35143 2916 
75564 75403 
36258 12299 
85156 27938 
27535 91347 
66547 16079 
73650 34785 
75337 90808 
21681 66221 
87960 18506 
23140 26629 
24971 1007 
19023 4120 
3018 61773 
94645 35710 
73500 32052 
20498 56443 
41924 4615 
82961 18948 
26141 9473 
74430 57434 
3938 5894 
56272 24082 
20852 78150 
29977 82954 
77623 68574 
51992 6780 
93357 80838 
5930 85376 
45266 38831 
2205 20924 
18730 92019 
9609 55005 
62513 16937 
35957 45005 
33070 76223 
65627 83409 
29212 61556 
30690 32490 
63773 64964 
39296 29044 
92490 94094 
10056 99056 
21922 71419 
64426 10579 
48083 34749 
10395 84598 
35304 87003 
10297 78298 
30926 26894 
63137 52878 
25576 28971 
47556 38976 
11022 31437 
65394 16723 
58096 33196 
97816 34621 
35608 97798 
36004 1657 
17929 11257 
76719 467 
83632 43149 
79300 85856 
90543 15986 
65224 52612 
23553 96541 
3865 79315 
50724 84600 
68892 80694 
90492 89588 
68533 30131 
88205 53572 
49931 45991 
23727 311 
52922 70767 
23545 64382 
41765 10337 
30572 81818 
74731 42218 
92756 4276 
80893 46248 
67644 32440 
1103 58945 
4208 51186 
15814 3641 
55527 88965 
26297 2481 
96317 16945 
77758 33550 
67864 49621 
12935 56592 
49538 7943 
23024 94210 
60885 58436 
19100 21896 
31179 47356 
81657 89922 
34376 7627 
58548 72813 
76541 28101 
72250 18069 
40132 39650 
66295 44747 
34920 90642 
67634 24688 
78874 55556 
66839 64398 
33964 44807 
21213 93986 
51680 61292 
67305 61073 
40913 79734 
88717 22180 
56921 8589 
22754 21910 
24245 31108 
5142 51067 
48730 12074 
45931 78892 
44218 99814 
1627 61708 
98011 49257 
58729 40539 
25858 41158 
72057 53610 
22021 75015 
7607 6186 
92873 68788 
24131 59806 
73511 7235 
90261 25716 
66043 42458 
74689 73224 
5477 65239 
65790 92653 
54569 33777 
74035 84729 
52502 67644 
45626 83500 
93929 89091 
69045 58226 
94736 21287 
87505 81219 
8722 33615 
39815 93232 
95504 57869 
39731 45728 
4051 85990 
69609 50284 
28577 99942 
8010 19328 
13928 77370 
32892 39598 
36103 62896 
42111 79928 
60249 94211 
11187 98344 
83235 24573 
64621 79982 
817 88878 
71547 6948 
452 19161 
89068 34001 
69969 27226 
67390 19809 
29602 36996 
99664 42560 
40289 67293 
46472 10803 
14676 36920 
89947 65667 
58944 88232 
75761 58993 
3329 2842 
82575 83396 
37148 13652 
17972 24916 
50165 1124 
77552 6677 
96273 98472 
19541 92837 
37805 20453 
1138 26123 
99124 73459 
94794 79377 
56749 824 
52711 11793 
19887 66575 
16074 33888 
10042 83286 
71863 1783 
31282 45277 
44607 80973 
33779 37081 
72968 42526 
12407 48912 
61852 80546 
49438 45830 
19510 68705 
5827 5344 
86120 5816 
89083 59392 
35427 35652 
77389 50963 
84210 64583 
59434 43048 
75741 42145 
57300 98200 
12841 14246 
35824 80641 
3732 6479 
65970 19707 
49644 45912 
2067 13326 
46930 83696 
53155 43329 
98469 37984 
77241 20553 
29188 36892 
3890 77019 
78788 4638 
95408 74941 
1098 456 
89743 7824 
33943 89563 
29287 27672 
16023 98159 
68914 44093 
18021 80366 
73891 6048 
23999 3972 
63669 95053 
46112 44022 
31151 29854 
80789 58501 
68648 6869 
17715 8775 
61535 78173 
94339 78940 
68552 99358 
48064 42860 
93680 63272 
55909 25426 
68731 72482 
67130 5460 
8056 93234 
28144 11679 
67173 76756 
71079 70263 
35677 29938 
87355 72838 
21436 66730 
35939 47039 
37867 74066 
42261 28361 
89009 81663 
28240 51593 
58107 33743 
76478 2900 
44645 22551 
72408 99523 
61973 58474 
87003 93019 
3161 19631 
59665 24140 
6180 45010 
15969 92672 
1228 9518 
8202 43958 
2753 46785 
97935 15308 
16675 66100 
9398 30147 
69331 43562 
69968 75507 
28805 54349 
19842 49324 
81633 52934 
16799 18038 
48251 1168 
83929 82093 
69089 90312 
48304 7217 
69896 2437 
96796 42706 
19655 9052 
31582 14475 
27340 10376 
42359 50247 
84837 77356 
24891 67007 
52474 70388 
66218 26729 
925 73578 
85721 45404 
68635 1504 
68204 22485 
67463 6597 
50248 43165 
70894 39582 
24318 94258 
48966 92878 
6454 25955 
71955 87393 
72842 86370 
90901 46872 
8169 53531 
17223 40745 
24380 90363 
65950 66391 
2304 52201 
97513 84771 
80597 83506 
91563 19601 
66534 50721 
12955 79537 
71419 71554 
84827 65278 
79712 17517 
66580 79099 
45467 86150 
45658 62952 
72256 62120 
91121 53157 
73478 12272 
84340 54600 
28804 88707 
37538 5440 
49492 46090 
34412 24516 
40371 14641 
78783 7967 
99563 8657 
16939 68998 
28304 91895 
7322 95329 
32760 65794 
47165 32504 
87271 94253 
29926 88120 
94225 29577 
99574 91900 
19581 58183 
88256 39673 
5057 41818 
72369 95459 
58071 90266 
58739 25221 
98777 64917 
17387 88237 
99846 79073 
10276 17656 
89156 30487 
26469 80477 
98126 74389 
23278 18986 
29153 21143 
90292 40675 
84477 21657 
98549 41668 
45747 85834 
70686 19951 
18678 64554 
9537 58930 
60409 14125 
52447 39367 
88499 53570 
76472 68242 
30005 19807 
65673 96829 
6654 23498 
65889 37062 
67864 9231 
94615 75217 
77193 27710 
44075 25010 
29806 34750 
14082 58384 
28597 42120 
37935 1600 
74879 58678 
19412 86659 
35850 76724 
81807 3678 
35573 78132 
41004 8504 
78741 57597 
53734 1703 
57282 86162 
59457 9956 
8669 67258 
29711 69012 
91773 69562 
62309 28497 
21224 56269 
9425 73213 
54431 68739 
8400 83006 
56789 63977 
91996 33840 
80048 50051 
90876 76406 
76449 11286 
5243 15417 
36914 65980 
14847 52676 
85464 53343 
16992 50070 
83987 3554 
30712 14848 
1573 5029 
81924 8824 
80894 46393 
89176 35641 
90386 77164 
2505 65730 
85542 772 
8961 17364 
15151 86284 
7495 23958 
99095 61104 
73240 82742 
73134 25911 
76554 98008 
43085 15215 
95803 3285 
15907 12191 
64467 71161 
78427 14811 
22966 96864 
75777 41793 
3501 72327 
1098 61538 
62250 51114 
45657 24960 
87405 41423 
74249 83997 
53838 54321 
84610 81604 
65576 77421 
81514 6141 
25823 40422 
46364 13340 
899 88216 
11280 32412 
99275 79764 
53035 89334 
69785 86435 
6691 31 
34126 72264 
61342 8873 
7918 352 
41140 73820 
31901 24603 
93578 28541 
30219 94032 
4029 83952 
36309 18106 
30591 66892 
78562 15851 
6544 32015 
97701 98940 
89053 24500 
75739 19528 
42231 15784 
92423 47271 
30279 82304 
89199 26826 
62125 48095 
13070 7027 
72858 66104 
33070 26031 
49199 70200 
70661 82898 
6366 90127 
61993 25388 
1907 85009 
74753 36226 
28423 17539 
35266 5602 
61573 60595 
82498 36415 
52363 795 
54826 40561 
43410 79365 
32677 49501 
57783 89723 
5582 80428 
55912 33278 
5710 70536 
81233 20229 
51609 16214 
18406 90507 
75669 31411 
69312 21511 
66729 70016 
11514 83931 
45296 40765 
41441 4678 
2982 80011 
20303 96853 
80067 37627 
34577 20662 
25517 74396 
54876 46331 
82281 65417 
27128 316 
67405 53373 
58182 89507 
71227 97963 
64346 14579 
82896 23346 
35799 3341 
60416 74159 
32444 17615 
2642 52460 
67467 13123 
47910 22921 
53733 60804 
19384 41626 
85126 70165 
60762 85062 
8 90477 
57637 30165 
27235 4053 
19569 63752 
46483 67292 
5881 80231 
4127 99867 
14175 60172 
13514 70133 
14771 9125 
34175 75741 
6521 76036 
68396 72436 
89884 63665 
35525 61160 
1669 89594 
84480 3809 
32522 55746 
83175 1397 
53011 36773 
79896 34870 
7081 3219 
66154 38455 
92679 54092 
83131 48157 
38508 45249 
4564 43931 
3171 64989 
97737 83031 
68349 26274 
11270 4178 
71212 16206 
63431 67449 
22924 67722 
7979 83155 
89862 95866 
35851 74490 
72125 71615 
30494 13360 
99887 89887 
32245 66544 
82365 25201 
82889 90243 
86411 58377 
15336 15041 
92186 765 
25396 70474 
71865 38640 
12655 8611 
64047 69750 
5743 99470 
71241 6443 
93586 87570 
90806 75330 
68727 18562 
677 52187 
51403 67624 
60412 32575 
3775 27204 
55383 53605 
62558 40674 
7314 50359 
15279 605 
97929 51651 
20485 65621 
4127 94134 
25436 88172 
22892 61207 
66187 87057 
72033 33727 
44400 43174 
88912 73246 
62878 44729 
13472 45284 
67475 58986 
34138 30104 
86932 61683 
95613 61525 
84139 12340 
16096 80489 
32417 23953 
38122 89423 
8655 38939 
42001 45875 
51472 89706 
83761 39471 
67035 91851 
80510 54923 
77799 90732 
55313 35662 
118 58062 
70950 27560 
5533 14152 
27355 333 
67546 33573 
71023 15364 
20744 77261 
66405 33007 
62378 82452 
9013 29904 
7866 33374 
17944 27374 
71125 30202 
31506 15651 
78280 71578 
43835 95557 
38968 66864 
62639 49129 
93356 98277 
38654 93801 
24924 60231 
15892 70924 
79183 13418 
78454 68718 
56718 4563 
24448 82209 
55281 19297 
80467 68244 
20148 55197 
81120 62409 
24547 24826 
77266 86433 
42677 24450 
3878 89667 
96701 33156 
33904 36240 
56050 39183 
67978 70724 
42502 25548 
61545 69426 
47677 85448 
70716 11888 
997 79379 
6092 87734 
35562 90584 
19825 87697 
87068 83176 
15352 14465 
26536 18158 
61520 88946 
71545 36573 
13222 20603 
42567 76152 
89216 56701 
31151 48065 
34440 24635 
24901 63773 
98936 33946 
90536 68477 
98399 10186 
50815 7290 
82410 91506 
3682 23012 
25547 30636 
22732 60269 
73903 9883 
46928 29779 
24886 94836 
14478 68625 
91768 23645 
20891 17703 
6084 53083 
84431 25851 
40750 60015 
83547 81688 
94727 27482 
90345 68838 
66050 28294 
61729 37929 
54208 55837 
65601 89668 
75177 41757 
13325 67283 
42779 43218 
41657 63764 
68589 78673 
37423 59557 
59291 40339 
26460 19800 
45141 14079 
54679 96627 
56115 92891 
73586 1755 
73370 78955 
5177 37277 
22780 30966 
1881 98499 
44614 28435 
36031 91635 
68832 92718 
50350 41312 
48990 25700 
76014 98111 
59439 1401 
78085 94708 
40249 73194 
19466 40722 
82243 39915 
43973 90980 
80513 47795 
66752 69688 
48994 92019 
25967 83833 
80925 21595 
93535 13208 
60461 44335 
64680 21509 
79212 74915 
46130 93281 
88158 68290 
41063 64792 
20187 33213 
85199 83491 
51375 26137 
22941 280 
30205 84502 
25066 71617 
93055 70195 
40164 24322 
1578 58945 
40904 14987 
83013 29450 
73148 97999 
27983 77250 
41062 1445 
2026 2656 
64562 98555 
56858 99508 
26811 53833 
85300 2072 
88936 17654 
49822 31119 
86747 40875 
28835 16990 
39943 81861 
67116 67451 
98155 82355 
87204 91172 
20142 95739 
17094 83853 
32558 61479 
16257 33366 
42918 32949 
36772 2691 
87752 82308 
39272 5012 
81412 25744 
94458 94020 
93568 35162 
40063 54294 
24193 28248 
30469 91555 
63641 57874 
11561 90685 
22436 53911 
76956 30564 
90448 5793 
13392 19109 
38384 12535 
22858 39341 
5871 68427 
16953 77870 
29839 97250 
14987 40877 
54574 95607 
41516 49491 
30472 96846 
11272 46399 
52426 21072 
9866 38598 
10698 33832 
27175 47384 
27274 96367 
76993 35988 
28892 53641 
41288 37721 
64292 72934 
10353 13036 
7708 15336 
51134 22639 
3213 95298 
25213 15557 
95269 59241 
95185 96050 
59665 93229 
3593 51290 
95989 51866 
82113 92948 
67921 85782 
50332 90123 
80797 33525 
93287 48504 
67295 35091 
64773 21217 
11530 19038 
49540 20497 
79464 12822 
31603 36153 
39250 26902 
58204 56719 
48981 67164 
59355 32259 
61273 37328 
81454 14001 
44246 3263 
20086 55245 
46641 4534 
91953 60497 
41193 14966 
68745 25289 
64843 73682 
6827 17865 
36966 30795 
45760 15729 
77516 77843 
15981 24986 
65847 62015 
91340 78472 
77914 15401 
45775 29867 
14703 65705 
25022 35294 
87898 33264 
24071 41360 
60212 60716 
68975 79144 
47218 66285 
37666 97347 
75147 59403 
18573 54617 
54856 8281 
98140 31023 
75964 3026 
88755 11707 
47188 15043 
57110 41923 
8975 13714 
89696 52018 
22733 64719 
36931 3330 
97372 872 
10282 11536 
48258 25972 
67844 62712 
96354 84932 
12933 49129 
6000 9300 
47591 16815 
28637 26337 
68268 34906 
66780 1898 
64512 68072 
97603 72641 
83138 57572 
98757 11473 
50144 93945 
361 61623 
542 94930 
46605 69384 
52327 85864 
87979 43305 
74933 16660 
40874 68504 
44849 39383 
45159 8762 
51447 13519 
22289 36205 
14628 2216 
86614 38617 
2548 72110 
90775 67831 
92458 11767 
92418 9107 
627 39349 
13946 71085 
18330 78819 
29590 18619 
30053 45776 
54854 96686 
57351 99007 
32186 22579 
67204 81854 
3737 55708 
7259 98726 
37151 89587 
81984 46389 
23545 48985 
63575 47100 
98211 16689 
39348 11223 
44010 58979 
33383 90674 
25061 66678 
4353 71322 
64020 79481 
13768 92450 
20116 15313 
79236 74424 
47066 83568 
75928 81918 
10099 21346 
26056 49364 
19532 55180 
20968 47719 
94715 57249 
53398 77234 
6579 34711 
98394 29582 
59697 63527 
70664 74512 
65407 54029 
3326 91178 
26470 14521 
38463 82294 
647 61274 
93448 80524 
35717 8576 
68615 80783 
71659 60867 
91695 9588 
87091 20468 
52288 73168 
26489 19088 
65720 9722 
82368 78990 
19782 8031 
22264 10636 
122 44584 
44271 57580 
60476 34430 
16782 6548 
2484 87166 
8266 90878 
56448 8791 
41062 28870 
9219 92585 
9566 55114 
8294 97757 
87633 22479 
82231 23275 
12633 75206 
56656 46130 
74305 19434 
12436 8212 
55419 46468 
27972 4045 
68205 96261 
71128 42825 
5637 83808 
57965 32521 
79845 49543 
75219 61225 
51312 36323 
71396 31532 
61967 40231 
57376 37394 
72873 30159 
21581 59726 
72961 82038 
57054 96977 
69075 27552 
18197 39947 
89594 74339 
73454 46319 
33983 14915 
96893 69697 
78831 4930 
46413 50380 
7322 57889 
9220 80667 
63511 73078 
56251 16177 
45418 86218 
36390 16497 
41638 8211 
58579 63390 
85036 96372 
55392 22890 
44066 84675 
95095 88771 
97343 84771 
10969 69228 
40322 57926 
46371 56004 
54292 49544 
71977 45828 
27356 72551 
17664 67642 
54675 23671 
75642 5982 
60969 17519 
73750 778 
82118 27427 
88226 46914 
14685 29041 
63801 13085 
92274 53012 
35625 48806 
75845 66435 
2329 50855 
51500 19250 
82409 16021 
13667 11388 
97202 15695 
74259 59257 
62820 89678 
79066 65996 
40757 71511 
31529 28959 
92247 25702 
20968 49994 
5012 98416 
27479 49367 
12689 57506 
28911 22535 
7010 25217 
66682 20477 
50727 87440 
36686 78943 
35298 97109 
59119 69706 
91517 76137 
46777 97802 
53560 60219 
35253 22740 
97315 23920 
60383 38788 
22421 69644 
68439 9700 
24067 63383 
22770 16632 
5439 52625 
26915 44494 
14553 7312 
18737 1600 
50295 83491 
2670 40272 
71627 21065 
77940 21882 
61200 52019 
89429 48856 
40049 13570 
74858 68287 
3539 31847 
7036 37038 
50441 66068 
33159 26626 
6757 80584 
94492 37648 
3861 42748 
69228 88177 
56516 28258 
18922 38268 
540 52417 
34633 13627 
92124 35738 
72725 95490 
41265 55334 
42285 50869 
50266 29773 
56186 87613 
54956 34365 
86061 32065 
21041 46294 
67802 43657 
30921 74590 
88656 344 
7328 38606 
49605 11600 
59331 20498 
37432 41536 
3493 32130 
59722 53711 
8420 4923 
93020 21344 
34454 32314 
69467 81890 
91915 68853 
80459 53313 
21117 17373 
7212 70888 
5236 16256 
97614 48023 
63209 72489 
96302 12304 
33954 73058 
662 18874 
55503 47106 
59289 97258 
63051 44425 
51389 44856 
78472 41975 
85750 40610 
40470 89479 
36085 15701 
29379 57580 
85941 84645 
73488 57590 
90790 9810 
84814 60585 
77576 45082 
61429 55391 
92655 80333 
10698 49951 
77966 87322 
93219 38654 
2194 49798 
60777 29351 
98822 45819 
63308 48158 
66182 38695 
29604 17532 
65942 24457 
84476 33710 
15973 78376 
51042 53273 
11099 40834 
1037 35433 
20999 83690 
58294 76552 
8341 2337 
30947 16493 
82212 85724 
46479 92597 
52021 26905 
90350 66371 
75247 50052 
3769 50437 
98781 46356 
79060 18854 
78057 30880 
2102 92602 
20781 55194 
30510 53859 
42794 36472 
63483 57613 
42426 92761 
54665 77247 
96705 6252 
42903 41903 
57863 71634 
27438 97761 
81797 24982 
93868 52808 
51514 90170 
5100 45230 
68044 24381 
7580 9269 
68901 92070 
67223 99179 
99907 47611 
41763 71886 
10040 60859 
16651 21987 
60919 76983 
80161 8962 
42670 62184 
90028 15731 
66113 50305 
88726 30187 
57568 71804 
57399 46861 
17051 16246 
59506 44585 
13231 52171 
14385 7840 
79225 4108 
58243 24387 
42188 65496 
95467 9901 
66590 8403 
16716 81449 
16199 36183 
61881 26044 
43000 13616 
35819 87872 
92617 524 
42644 28433 
75310 9560 
90417 97455 
89170 6548 
32231 89319 
97908 72691 
51968 49626 
59436 51915 
73410 39637 
73447 13798 
69948 62490 
66272 72740 
78752 4417 
59537 17442 
78087 46636 
75466 21246 
69347 59145 
16173 23537 
16427 96343 
16870 95128 
34213 76222 
13644 26474 
85228 39819 
85293 6523 
38943 55655 
25716 92164 
71721 55132 
78403 3482 
37086 59121 
17835 18401 
15752 83450 
93924 81819 
62786 91555 
65117 88932 
5294 96250 
33366 50248 
8189 99386 
59902 96622 
17881 98122 
84590 36681 
14145 79572 
93627 36116 
48952 71822 
80430 48589 
27707 18579 
22786 91367 
93135 97207 
55686 25308 
4948 5428 
53748 68447 
69481 685 
49705 45191 
62619 87969 
6189 49006 
6665 16845 
26856 75484 
7147 66513 
39912 64797 
29170 68876 
12141 77831 
94507 43962 
54821 18625 
10471 99442 
64213 7284 
99472 76581 
98803 2144 
84229 8639 
33073 67720 
97755 94553 
43298 85866 
29516 80681 
74703 11547 
89577 86453 
11315 81790 
71092 5950 
19904 96600 
18144 66787 
67663 4034 
60727 30058 
19609 38106 
61582 70737 
6156 77855 
30619 86554 
13927 18616 
1830 45241 
93568 72469 
34886 94924 
97196 43794 
98997 30569 
55091 58029 
20181 30518 
76295 56948 
24724 51516 
11079 12185 
91417 98048 
44498 50206 
33041 62365 
99821 26593 
63640 65300 
18122 35211 
72251 14753 
46133 88772 
16056 38694 
8241 61238 
66350 42588 
60512 39705 
89219 87338 
24731 93620 
19503 83153 
78634 32565 
91418 47214 
34910 90376 
22081 78535 
75956 42957 
5257 62144 
24040 39922 
61790 26525 
17182 6080 
10453 43159 
29957 47769 
68396 75133 
25373 81183 
63868 52929 
49091 85090 
45569 79840 
80450 68713 
2789 46896 
36149 37050 
68351 67759 
81865 30549 
62473 27727 
44718 13788 
49776 77807 
35204 88707 
23970 94757 
81058 11938 
5158 71068 
47492 2903 
33240 95045 
68354 39596 
67540 30458 
40954 52382 
57584 7687 
43684 42594 
32856 93843 
20007 72382 
70400 18030 
34981 95005 
38289 89758 
51251 20635 
80279 63421 
90233 41746 
2359 69853 
41216 74299 
45463 57143 
56220 6176 
80252 57221 
21631 82700 
39672 22164 
29019 586 
12900 54734 
76993 26286 
60322 91354 
23564 2462 
73344 82547 
74186 57177 
95148 55799 
34522 84422 
38868 38884 
78925 21705 
88245 67857 
85745 10702 
42450 3275 
68786 90329 
71550 30603 
90574 38105 
82027 26367 
77598 45325 
52764 30289 
70249 84274 
91090 75449 
30939 1635 
75758 93478 
2697 51214 
99137 29844 
57534 61264 
94444 75475 
98966 16917 
35483 45299 
86290 26623 
26161 11706 
29568 33013 
54958 31511 
63756 23200 
75557 88685 
47987 91318 
88998 11943 
51761 6958 
45018 16207 
83640 47171 
50646 60053 
90001 56841 
72632 7406 
1532 12466 
46992 31097 
33336 77795 
63711 98324 
50891 56245 
77541 33620 
98571 64667 
6905 63629 
50030 75768 
22051 9808 
80478 2406 
90886 10118 
79722 25932 
46343 18811 
21826 2932 
62659 54655 
82331 19936 
79603 42199 
47195 4068 
93486 18178 
88989 39088 
41684 55679 
95318 80939 
43450 92413 
22061 14633 
23940 36226 
9743 45211 
40678 60950 
45182 69506 
52084 98749 
72560 32572 
16227 81297 
58121 32890 
84617 81458 
90968 3843 
60664 59580 
58740 65470 
25303 24051 
71446 10102 
93341 74511 
19320 58286 
53250 7871 
41292 97231 
60390 32271 
49507 93061 
99077 52174 
2302 50251 
2448 58946 
43157 76898 
20702 85649 
26340 2855 
58137 62160 
31333 89244 
57257 37326 
27584 62525 
94298 18549 
88735 4006 
64656 16014 
71200 26617 
79012 68703 
65809 74707 
61322 72419 
3211 89816 
38416 26232 
43822 95578 
37587 63063 
11334 68333 
63324 32586 
35148 76475 
7296 60166 
51544 91264 
56679 14277 
76049 94509 
5112 76620 
127 34469 
37848 24140 
84204 10284 
58051 191 
16004 97388 
44772 73271 
78254 61629 
84748 56108 
23068 48163 
99988 85285 
81634 72722 
997 42158 
47325 87480 
31547 29545 
57954 41483 
35043 5439 
68582 6498 
64826 14975 
50194 93142 
81172 54916 
71461 39270 
26267 51137 
20976 12864 
45106 28907 
5502 35046 
25055 8171 
16187 95326 
59710 61656 
89117 846 
3738 32271 
99212 74126 
74534 18113 
17170 89684 
73819 98321 
28041 18932 
47710 91088 
56933 34855 
77335 6339 
72524 13248 
93713 79893 
42198 55659 
40426 53362 
94032 50692 
65494 94631 
304 84954 
9922 37419 
34789 12678 
74526 55267 
71848 93939 
88962 75232 
89150 15387 
77248 79618 
7840 14539 
12653 40287 
54078 38931 
81444 79406 
54072 84812 
29795 52905 
81099 76578 
51064 8519 
57468 67731 
81676 78966 
76984 66959 
13006 32609 
54178 18765 
93965 18930 
25445 97111 
94366 14179 
24177 2632 
22712 93771 
27087 89285 
43693 32297 
22147 84615 
20468 59499 
79902 9378 
14729 81070 
19396 46845 
13545 6881 
47557 59902 
16194 16028 
16584 4917 
6432 28022 
87752 45358 
56087 42557 
12021 25262 
54381 56428 
37903 22938 
34058 65518 
35310 68632 
70177 12218 
80420 76407 
60334 44190 
81079 10115 
56113 9092 
34857 76088 
4741 21690 
2601 11059 
77176 4727 
49174 12825 
4314 22995 
50031 43293 
16473 1221 
87404 18810 
83038 40724 
63060 91042 
78897 27232 
35975 13186 
62202 52796 
52720 80925 
34067 58460 
75950 35286 
64915 41137 
32133 15428 
14538 58099 
93468 53430 
43275 5543 
80953 10231 
10313 43904 
25629 62148 
81721 91869 
53268 60803 
25660 13531 
64109 5728 
55075 78660 
63734 88631 
89260 84755 
63753 90979 
44797 91386 
11706 42489 
33698 32244 
28432 77102 
41962 38406 
28125 55132 
85304 27504 
71403 55560 
90476 87805 
54928 80807 
30375 13648 
72465 57824 
49055 29255 
91757 63970 
48786 71624 
79157 53907 
75469 90024 
69721 14603 
30998 59550 
24276 29565 
61572 99288 
36979 90520 
19493 31784 
56966 55051 
72646 19878 
65910 12045 
40646 69378 
9666 83325 
69548 91605 
16645 59474 
18038 78567 
48160 40600 
17205 55305 
16708 28681 
83253 38906 
77004 97120 
7953 51746 
41547 45286 
25138 7721 
97604 31058 
53236 14528 
5719 62764 
43580 12508 
41194 23432 
22199 1134 
99482 94878 
98780 87908 
23992 46913 
30667 31253 
30579 57845 
72071 38922 
96794 36435 
9038 26531 
55964 22610 
79274 36981 
86276 54487 
2609 70884 
13240 2627 
2612 80531 
50266 88975 
82843 35510 
86579 27528 
32208 76769 
94248 46558 
73090 37752 
66886 78090 
33168 26158 
21374 29327 
17292 27941 
90971 82862 
79278 16384 
13245 7743 
45174 23362 
69500 1875 
19319 57376 
63717 27705 
12436 33495 
38482 47798 
67023 14040 
13014 14646 
19479 45651 
94068 19943 
30684 18340 
54404 62549 
37154 65164 
95421 51515 
23439 67384 
10703 20773 
93078 29266 
45420 95487 
20234 39126 
2875 16572 
97006 38793 
83977 99490 
52492 82354 
57999 76215 
8797 76857 
53714 45124 
56499 62590 
28853 32574 
77473 8631 
22780 52059 
16520 70539 
22405 32093 
4899 81382 
74565 72338 
68664 24742 
59445 79017 
12588 68896 
99088 25255 
56518 25062 
12659 79770 
15159 29433 
45808 48204 
54553 38640 
95378 75378 
28955 71357 
22633 63904 
328 24980 
98293 74829 
69335 45575 
50903 89362 
1508 31787 
96382 27252 
15166 8932 
11088 36994 
8703 18198 
73331 95816 
44020 27699 
38987 83270 
70156 87061 
35704 21232 
66600 15296 
57189 5297 
9278 32892 
14130 87750 
13897 23392 
51555 10710 
91069 37147 
73774 29548 
55617 30515 
27495 11273 
68418 67460 
81359 40394 
53370 97325 
5796 15577 
24311 62486 
1001 74478 
77146 82683 
42781 41227 
50963 8978 
16123 51302 
38600 39653 
84553 71912 
31878 42752 
99719 2519 
19652 35588 
90084 9735 
17866 30178 
80223 23616 
99922 65432 
82940 98217 
13027 11828 
75265 18323 
11511 52383 
16375 16339 
11714 14937 
90558 48645 
74655 55053 
61588 69033 
52500 66305 
6205 28406 
92756 25276 
53886 24504 
80150 62287 
97670 23198 
10307 85689 
56538 73774 
31634 77504 
63696 44617 
62232 21240 
27069 12842 
87174 18934 
58425 51688 
68160 3760 
95771 72840 
52361 56998 
49989 97368 
50129 93731 
91194 48600 
62342 90301 
52840 83000 
77261 88410 
72379 985 
24103 25663 
6077 8642 
65909 10426 
52598 33418 
37857 80076 
95046 32124 
88790 56008 
24380 67957 
63556 36237 
38475 74757 
71629 46978 
20564 71347 
23544 8285 
88397 36557 
80823 55651 
71171 6401 
57361 99399 
15151 8897 
30644 96783 
40843 9136 
69721 57879 
74709 97464 
63491 5699 
56620 17027 
37671 63364 
80592 93413 
81713 46765 
60823 98785 
67958 99829 
27656 55615 
34519 21310 
48802 61046 
20606 96985 
40006 91883 
88483 69176 
76328 32359 
39730 46747 
40291 52073 
35168 83002 
46373 49870 
57597 26383 
62675 70944 
14377 79411 
10069 99077 
62953 85016 
56716 23666 
56558 96223 
41588 82077 
49625 75085 
54444 81885 
72860 9840 
71726 14656 
86422 35439 
97891 83206 
46382 91944 
89953 77646 
74346 57679 
49345 52011 
3102 49653 
49678 72925 
82129 92402 
31584 34487 
66021 18261 
36528 59448 
76110 76984 
70370 35763 
21033 724 
84367 69709 
85477 91548 
36457 72041 
48035 73014 
48859 32015 
68869 74741 
9382 75615 
95787 99491 
73308 48971 
73384 55981 
10305 15667 
4055 27428 
6561 7564 
1975 85808 
76164 22731 
1532 54844 
57736 21227 
30278 70967 
72416 29717 
33064 90759 
97532 29295 
38870 45885 
66612 67384 
94699 52040 
40898 4218 
51981 37164 
10094 77152 
80064 65963 
70817 41946 
98669 2744 
64 29148 
66595 72626 
87979 35856 
37485 52365 
19301 58367 
95136 46379 
96105 59623 
10626 80979 
75779 56852 
21410 80377 
57678 9430 
18616 71749 
89461 84772 
42896 3428 
79871 80889 
31499 50269 
98542 88298 
29613 23256 
15411 81084 
77594 96659 
82383 37153 
12333 15327 
88158 1118 
75800 47162 
23427 19749 
6739 1384 
78170 99550 
2480 41891 
55344 58781 
77041 86817 
25999 72122 
8940 367 
69684 35178 
67568 51027 
41011 8158 
30511 31490 
78297 33303 
55847 9909 
23476 59035 
53259 9569 
53780 45286 
5693 94601 
35191 69105 
29331 73079 
95233 97388 
23818 15645 
78428 44469 
56954 27755 
91571 86283 
48478 6688 
67937 59990 
66110 60689 
79672 38145 
23671 66876 
5795 29931 
75890 97054 
19619 28438 
37409 46073 
93861 92619 
14554 56108 
34303 25299 
27567 42051 
43597 84510 
18307 88102 
85653 44391 
83836 3790 
68019 4068 
49806 98754 
84760 28142 
99292 60026 
65563 90824 
2417 92910 
58161 87232 
50098 17192 
30602 70022 
81235 94050 
17541 67244 
6842 95890 
50400 38239 
76886 21257 
5133 28347 
6052 32 
73272 90367 
73120 30324 
12065 50928 
35379 37800 
57692 13349 
54217 50595 
91937 5029 
10980 38554 
37143 97060 
3221 74225 
16875 46517 
50600 34838 
60453 37725 
7012 79467 
48343 27850 
70895 3613 
92394 34257 
9242 94647 
19973 36341 
62477 85880 
84309 2924 
77136 34450 
54676 97809 
21232 28799 
49528 60708 
73188 65178 
63304 8511 
39397 19483 
3335 52772 
47760 80602 
97124 83236 
84934 4579 
52271 24417 
93602 95057 
51377 32462 
22696 14787 
42514 62906 
28306 85429 
42176 6462 
55925 38461 
2113 59574 
95709 38651 
4025 69253 
91573 13428 
36852 67583 
2273 86375 
80205 90265 
57978 31165 
64484 55741 
29433 33445 
3310 66645 
28406 72477 
97129 83754 
87960 11814 
88190 14066 
28969 18817 
6578 49315 
5321 16551 
84565 88936 
34448 8384 
32286 82411 
62079 5569 
61581 29906 
80522 31150 
16810 87250 
18340 69729 
21574 31559 
45925 81943 
78459 57186 
96253 4942 
65300 88175 
83050 15733 
55923 13045 
9587 42927 
55904 70458 
512 74271 
84649 40229 
56410 22258 
53891 23120 
26181 78201 
89725 25003 
15865 6333 
20365 96216 
4212 3806 
5038 15342 
15070 79927 
10800 48106 
4576 88513 
53477 56745 
57168 80944 
6613 82957 
48616 34314 
47939 78385 
26515 49025 
56801 10650 
79138 3220 
97912 30005 
12051 97653 
26904 42010 
28559 23918 
31391 94943 
14853 41382 
77569 57221 
63615 53746 
66901 29674 
30886 34849 
19974 10342 
10164 65140 
95392 5263 
24976 5193 
20379 57800 
86583 50692 
56760 51121 
37015 84533 
51069 23752 
99280 65958 
20778 26452 
86406 74141 
9958 40213 
78837 54152 
7190 69777 
65790 96950 
56114 24834 
60305 21879 
4736 1943 
40029 20040 
33474 84224 
36154 60037 
73871 82981 
91507 53738 
80019 55705 
35406 29029 
42959 48230 
77723 58985 
44662 25394 
7459 52432 
32680 74098 
92225 19588 
59132 85497 
14124 88258 
68446 48862 
44875 61027 
37098 18710 
58379 71951 
65565 48894 
2481 22426 
97825 22617 
3373 50258 
96938 45704 
55793 13359 
36603 11975 
60181 50117 
78048 94187 
3896 12106 
89229 61773 
47830 51700 
28998 77472 
72001 87018 
62801 78966 
54115 59757 
98379 8756 
3662 47620 
30100 15761 
50715 92388 
58726 15521 
93427 57101 
9805 62357 
41130 31410 
8320 56516 
50936 62825 
79835 82022 
44955 3423 
39122 46905 
12491 26503 
96054 76406 
46995 85753 
55577 91962 
41108 60681 
13625 93965 
64754 56384 
54085 54707 
81067 3160 
33279 19411 
12802 32039 
97872 7880 
57972 86013 
19743 7052 
67538 63534 
47055 45627 
40349 80820 
64623 45930 
60865 82559 
28649 55315 
3780 26780 
90982 69650 
56296 19024 
56291 74836 
63603 73320 
21893 48766 
86003 33104 
34434 85815 
67190 93864 
60229 28653 
52319 31131 
6797 18102 
61810 52382 
51954 717 
22224 59464 
33818 65935 
79106 29373 
30179 19863 
68317 95498 
8883 41178 
2196 38924 
62262 6094 
34789 79922 
48097 14007 
6404 93464 
47190 93140 
31933 59398 
13365 16452 
89659 97891 
35545 12004 
87672 33777 
53541 9174 
33552 79673 
69282 22317 
9654 27008 
73417 36869 
61085 86594 
63616 29394 
36410 25876 
65313 22697 
82121 8768 
78268 49880 
81097 55704 
63045 77115 
42548 6570 
50331 13872 
96344 87168 
3017 21518 
18183 51117 
86040 16418 
13703 93365 
2222 52067 
19411 8956 
33688 56278 
36248 1264 
87901 94097 
97605 27570 
84979 24831 
87805 6699 
38646 22508 
69310 3379 
77061 33035 
47354 47023 
21687 48506 
99231 38850 
92518 89310 
22104 50582 
36152 98111 
8030 20362 
79585 66256 
37762 7144 
97051 32798 
95950 73476 
39842 19078 
49517 28413 
19756 87684 
98276 77243 
55672 43621 
2241 92785 
89739 27634 
13663 44186 
54725 86901 
93435 93481 
27342 46685 
71328 97613 
33673 48021 
17427 34185 
82327 61180 
28137 2881 
88512 32364 
94352 41353 
17993 71996 
11594 34269 
23678 46960 
12403 87309 
69614 96267 
49747 84088 
37241 49905 
36902 43279 
86959 93974 
54042 45680 
4455 91734 
64677 6511 
95670 39820 
46111 26934 
6903 11629 
27277 70603 
37263 15754 
44541 75973 
79538 76366 
71543 33203 
72507 24550 
52618 25638 
72847 74873 
71035 60198 
57958 49828 
13072 88429 
52444 6310 
46843 50551 
30406 12908 
20839 58517 
83320 24545 
1303 70916 
59010 1885 
9845 2500 
71042 26925 
93109 54178 
49873 73317 
54841 45510 
57155 229 
7371 81052 
12836 51918 
54299 84341 
91052 61703 
99101 88887 
25245 78652 
85380 84215 
25588 58049 
13671 76819 
52471 82596 
46996 40850 
8690 10279 
12736 1398 
9930 77002 
31986 14443 
68234 17307 
59154 81850 
76385 4901 
94403 67237 
12458 56190 
39406 59100 
93288 84687 
2949 61288 
93180 41880 
27048 77704 
9931 31032 
96565 98095 
4066 34412 
15687 84823 
59161 51548 
83184 6713 
11242 6385 
75020 65394 
73445 44575 
47675 12000 
38497 8656 
8439 57619 
76030 48493 
59990 39646 
54345 97113 
15715 17930 
6976 17937 
99522 39609 
33220 8434 
89294 29562 
68823 27320 
36702 34605 
88055 97719 
97694 73875 
1661 27044 
37840 25297 
96531 75883 
34543 8567 
22362 2796 
84233 8820 
68241 9693 
36761 21920 
87746 13312 
21547 92284 
25047 72365 
401 57216 
66446 7010 
80503 7889 
91892 57580 
47676 26471 
29235 42874 
34867 61302 
20332 94828 
23672 57611 
92579 65984 
87767 69935 
92058 28975 
26270 44256 
75192 13080 
2353 72757 
74666 51926 
97802 92229 
52339 48554 
17819 18289 
26947 99287 
31936 81943 
17677 56257 
16790 62420 
75960 49916 
74324 90806 
87381 37515 
35104 32682 
13152 91255 
20521 44779 
6326 90740 
29998 40629 
81799 38315 
39688 93231 
41093 73034 
47709 48957 
53021 19245 
77604 26237 
69566 69166 
56520 25007 
12642 65321 
17489 78449 
1878 18326 
36247 37292 
6171 68303 
2169 88688 
92478 74033 
40203 76692 
14148 93001 
46082 9393 
28087 97596 
70634 8946 
55141 57977 
90661 85079 
1297 10522 
33667 90093 
38651 22249 
81587 43920 
4591 56248 
64755 1509 
15185 40905 
71444 71634 
4549 46597 
40668 86149 
95775 77503 
76286 61769 
80989 93356 
19018 92681 
38202 86164 
39633 61569 
40837 50349 
71350 59110 
22185 1230 
82410 57533 
41462 16409 
807 92558 
60814 97393 
42339 69820 
83262 74631 
60389 26836 
20483 8178 
31317 49644 
56263 68310 
12816 64435 
46583 15673 
64279 98788 
50483 38935 
98021 34605 
17243 49394 
38063 55382 
64852 76650 
99276 24126 
72360 57180 
63802 15099 
74423 58554 
23973 62445 
90190 36005 
81355 81885 
40669 75245 
40079 67799 
8786 35599 
9284 67384 
74610 70994 
34273 85972 
14511 72766 
8907 83191 
87547 47934 
82786 78327 
44929 19301 
65929 95069 
89165 9664 
50957 40751 
78315 51373 
18177 33284 
17770 44650 
62525 60155 
7060 73295 
82951 78181 
12427 74823 
4663 40169 
17233 53544 
62500 65160 
61764 19753 
59785 52679 
21570 35938 
31152 78175 
89213 51799 
80121 96827 
18150 13861 
32606 25910 
59436 42625 
46098 72147 
72030 80412 
40891 19769 
15731 26467 
74525 97443 
42093 92385 
63536 97814 
83151 30541 
67609 32073 
393 10966 
90435 63802 
97127 47999 
18807 81273 
16243 7028 
16944 35455 
42347 53793 
16542 92160 
2328 43929 
94715 21103 
11665 88874 
11788 72051 
45098 75696 
88789 68847 
19794 63086 
40549 85750 
66707 23481 
44460 57376 
31564 52161 
17234 13436 
90774 18195 
92422 22579 
89495 89205 
39961 75784 
9220 22193 
45727 39102 
50463 76059 
73792 57984 
72448 67909 
67056 974 
66220 64934 
2917 89273 
50143 76336 
9823 70459 
67529 85706 
67817 59631 
34938 43233 
61635 89264 
36691 19257 
28392 80293 
86235 5950 
43612 71249 
78212 42261 
19102 19691 
36425 28777 
44091 20778 
22399 93806 
87113 71494 
6786 69681 
90223 45851 
21629 39235 
29479 36369 
5319 16343 
85987 60154 
24067 31595 
70364 24116 
3796 4384 
70132 93182 
34602 96106 
44329 7797 
16263 55652 
72556 52555 
97752 88003 
76689 86533 
26302 99491 
72654 7681 
62325 99187 
76970 38574 
35275 64850 
88130 88909 
12583 14030 
86471 71307 
28845 56147 
47811 21299 
75680 39765 
45943 99832 
84034 50772 
26957 37163 
40150 61819 
74419 10751 
64070 81107 
48598 36513 
45190 99505 
75185 92809 
73308 88978 
79408 89550 
25525 62442 
9933 41022 
69477 65402 
73634 350 
21608 33116 
7092 65946 
55520 13546 
43584 75872 
89924 25951 
95364 64716 
98306 97769 
60212 69434 
73159 98292 
78477 35496 
46454 66642 
12296 92804 
15014 13695 
92167 41989 
44564 62849 
77731 16037 
29410 82904 
9414 59641 
66100 57841 
85456 99206 
58861 32906 
84938 60183 
12196 74149 
71525 25160 
81786 79472 
54975 16142 
48651 83231 
57842 27458 
53510 3546 
33350 31980 
78388 91767 
7076 32614 
90730 56897 
69858 33485 
71622 54266 
32263 60799 
34216 47418 
61973 72061 
1023 74890 
64625 54130 
49496 79453 
35902 25559 
54127 86394 
8110 26700 
50310 49553 
37988 2287 
20266 19048 
34170 55479 
54587 23053 
2498 79839 
74285 97454 
95302 56234 
7709 41850 
86790 35390 
4298 28140 
60853 13604 
32838 38780 
89888 49089 
55773 65824 
3619 59473 
93061 58989 
95481 87190 
89183 71227 
90741 18777 
75127 13676 
5351 96579 
73517 98352 
57425 66896 
29535 16609 
54259 67312 
62886 74085 
66994 67761 
26742 78804 
22289 44822 
28523 58042 
85786 86816 
14255 61749 
85688 98434 
43417 95526 
26428 97995 
84376 14574 
72192 77820 
41854 1505 
37975 28819 
87364 45556 
11870 14042 
1135 38487 
46465 12794 
49771 3335 
99503 46827 
17737 76186 
74368 43218 
82739 68261 
9497 84700 
75171 45881 
92477 47559 
89997 79227 
29370 29634 
25821 27340 
82732 26530 
10344 46414 
2801 22843 
34009 31216 
15513 27012 
54375 25308 
98286 93364 
52572 64792 
69901 42960 
20217 52396 
44389 16076 
30200 93980 
50430 63436 
98040 67938 
97625 10780 
71808 39450 
78849 11904 
98109 76182 
33977 38998 
99213 69789 
64401 45937 
62144 18437 
80067 80116 
84371 79584 
81144 11468 
42752 59381 
25003 93532 
52440 65302 
5820 70725 
60699 11999 
78907 98419 
76949 36881 
94799 48003 
74779 51539 
69143 27781 
14322 27903 
3600 62399 
24063 93881 
90267 38407 
50031 92253 
77517 41655 
27274 38704 
48707 83391 
53638 146 
66857 36260 
49065 2849 
68188 78842 
65003 71418 
45314 77930 
67968 94260 
46930 21434 
58912 8969 
34985 51633 
5769 1900 
82616 38424 
60391 20246 
66548 75275 
3079 2028 
6159 76804 
7981 39669 
28123 6205 
50880 6236 
90281 63191 
87233 89869 
81325 18674 
12784 1625 
23918 91133 
81687 44649 
48018 21382 
97796 58517 
68464 17443 
13606 81553 
96308 9264 
68338 6099 
36878 74219 
71724 36923 
79264 68655 
93290 1373 
61656 28180 
48281 1348 
4905 79959 
80833 41824 
42704 43968 
32610 18392 
40949 86989 
50840 97179 
91105 33050 
33528 74488 
82857 27094 
31596 60659 
9807 94858 
27818 92886 
38678 41226 
90600 45104 
77256 81820 
57052 69565 
9210 8088 
34227 74375 
24970 44910 
20029 13967 
66999 71499 
36005 45415 
25085 41361 
33082 82474 
62684 55116 
78280 61352 
28882 11185 
55541 17501 
12210 83664 
17027 61058 
22315 54142 
2589 30107 
43423 54798 
4583 95530 
89547 63786 
92808 88998 
5559 30752 
30060 26497 
527 249 
2650 3832 
70147 43909 
62200 47639 
63597 8383 
25126 15709 
76841 35431 
4455 53816 
9170 12916 
54954 32724 
2689 71098 
97031 8684 
95483 47252 
47456 73500 
58374 3485 
25691 86100 
52442 97566 
23445 6566 
39918 74628 
22056 85704 
4570 68825 
17390 98484 
89380 78311 
65188 48065 
39084 4378 
91107 8616 
43063 26126 
19215 19788 
10109 15764 
60256 93417 
70740 86429 
66759 43964 
95046 4362 
5892 8143 
34419 90353 
22937 76365 
44110 81544 
68363 18870 
20157 24006 
39704 52760 
89056 18951 
45784 62717 
21448 50990 
35298 57756 
2103 85552 
44390 19152 
77693 34402 
8548 70552 
21076 53111 
53007 80282 
96269 52434 
22830 87988 
81785 76709 
38914 33014 
11712 26728 
69410 50286 
23644 81966 
87374 90979 
60537 7619 
44965 19880 
59563 15594 
32076 39105 
75200 85415 
3025 88711 
26111 40934 
48775 78741 
25721 21841 
64121 14390 
54985 85099 
9388 86203 
62488 20805 
94394 10617 
31773 69387 
18804 22658 
38756 82610 
87430 42234 
33064 79585 
81687 58208 
16352 10760 
9089 330 
57883 57818 
71530 98097 
83106 65509 
90101 57758 
94491 22570 
99224 23899 
35521 83274 
76181 30475 
88560 48532 
3410 87600 
5202 6074 
70435 95089 
3735 62913 
9889 21460 
32555 90116 
27827 38004 
90594 39844 
32335 51536 
16275 87687 
86467 36549 
5041 99532 
11592 27771 
92133 21478 
45484 97492 
42125 43798 
15823 8527 
19586 95487 
24259 3323 
76314 84628 
48765 62462 
79719 11643 
62769 41693 
24235 47403 
38356 75635 
13037 86289 
47828 18410 
70896 55423 
3020 76735 
50624 85666 
74962 79370 
25409 27380 
17844 18318 
17179 24534 
80717 91826 
97226 44420 
27941 76952 
9454 97077 
5140 60380 
8902 68427 
81247 60149 
78605 34236 
69208 78081 
86405 18176 
78020 32986 
69959 6590 
76969 38038 
92989 34998 
59322 2299 
98743 16959 
77169 55917 
97639 94587 
81725 21340 
65258 51835 
44115 78733 
94110 46603 
50524 2793 
38031 85805 
62552 80311 
11576 88696 
8721 53033 
58465 58102 
26314 68818 
82899 6615 
4037 65524 
45484 65413 
85520 56749 
61538 37010 
81224 36246 
3707 40104 
2071 68764 
3112 34601 
71949 89034 
63656 7981 
98226 87761 
52637 50334 
79496 23737 
7520 44751 
8008 64579 
3440 52164 
80574 25064 
58985 75299 
66224 41722 
18787 45124 
91482 95028 
40651 84945 
94845 66491 
32215 72297 
70904 96868 
27542 36800 
71525 93921 
67605 3352 
56590 23344 
50242 14383 
90025 4901 
45002 42267 
58207 27290 
26152 33623 
47292 89892 
63198 10891 
53604 77327 
22403 93388 
16982 73597 
75093 89993 
60770 26611 
78923 58697 
94174 81016 
96852 24407 
82749 7518 
45185 95738 
21048 70236 
16876 23960 
47774 90157 
9153 2838 
28289 82381 
95596 16777 
91886 67594 
21930 6530 
51995 84090 
72108 36638 
56313 55680 
46637 16857 
10834 2918 
18672 51014 
96853 20381 
85027 61045 
53230 81063 
9073 61416 
27557 70492 
60359 39695 
9346 97790 
91884 32716 
45945 78628 
60045 74634 
7616 35963 
84626 33058 
12052 18382 
66576 42559 
40602 93057 
29847 91022 
78538 30545 
30264 13622 
89945 62052 
79140 1667 
94161 56278 
62290 39089 
45157 32602 
96115 38091 
27847 113 
51596 57224 
76047 87854 
94330 50171 
85647 10696 
34120 11527 
43522 97327 
51213 57089 
17831 92149 
67897 475 
58541 31227 
63977 65322 
38394 83938 
92550 2908 
23987 46602 
38550 68702 
4235 72150 
76664 48184 
19222 20709 
27538 12212 
26274 20062 
81583 25272 
12082 32001 
58227 26152 
9775 30890 
95130 49893 
8096 14119 
16651 62300 
46145 80620 
13773 33878 
71675 33279 
78733 88740 
3461 83794 
76746 25858 
79051 64437 
4522 24960 
88003 80160 
80654 17447 
87720 66638 
36533 23898 
74061 55065 
28055 34045 
32169 82932 
68214 32543 
24262 31487 
88561 54412 
80636 15240 
73550 87759 
47710 96590 
75953 28142 
12681 49574 
13819 28953 
68181 50702 
69837 85190 
2331 31996 
62529 34241 
99654 91600 
35348 56582 
16558 20699 
14522 11742 
51432 71995 
19431 50460 
63867 64619 
70301 2650 
10135 93105 
27198 52588 
52748 83944 
11555 77716 
70806 22212 
6892 45472 
44766 52938 
8931 33793 
14422 47088 
96956 65230 
12050 10447 
28046 22062 
54059 5183 
13748 40354 
33952 48487 
24763 64613 
96979 50467 
83388 81498 
92630 54314 
45753 40984 
94907 45815 
46278 16447 
52339 6348 
75345 51334 
79770 93823 
87795 89390 
32177 49352 
94692 87862 
7146 43955 
73675 68654 
7061 99266 
44258 71128 
54711 38896 
93616 32021 
96701 53061 
5655 32920 
47928 88017 
41596 23797 
27332 4033 
43826 52289 
10261 80838 
86433 2737 
75970 87903 
75617 76416 
60168 78370 
11108 25000 
31960 10131 
55720 82932 
2149 45244 
24352 31254 
35587 29825 
96037 65342 
84099 10498 
73024 32080 
78494 642 
59451 48198 
18250 69936 
8789 10812 
75711 94059 
94045 63642 
87958 67922 
87622 87957 
44012 55428 
98758 45985 
87593 21525 
5635 16336 
46415 68176 
36525 25945 
67821 74889 
99765 1080 
87551 26570 
35881 31187 
83515 96727 
66820 63627 
69689 42414 
47083 24817 
66579 58826 
79408 93864 
44179 36080 
43727 38450 
70952 58455 
2263 59550 
18075 87269 
85911 81521 
62043 72562 
37487 67152 
704 45872 
85929 33446 
47877 56665 
52214 93258 
99953 28350 
42538 50304 
74208 26308 
67218 30680 
3029 50000 
34791 42661 
30871 83983 
9986 18414 
1464 68506 
91472 6186 
41639 79414 
60762 49571 
45138 39169 
77128 11697 
34839 16080 
45080 76443 
35068 7205 
60734 86276 
17013 41882 
51305 56833 
89738 87498 
57992 42095 
96866 86829 
76696 10787 
44749 7197 
63282 34598 
31790 35651 
30508 81880 
70524 11562 
12293 56667 
94210 48216 
47641 22183 
17863 58426 
41327 434 
80032 65644 
91364 45066 
26097 51691 
34312 43349 
6445 65019 
48621 14959 
53615 89220 
73533 40182 
71360 50577 
46433 68235 
15520 25540 
35093 27564 
71732 94262 
42926 84335 
38192 74736 
95121 72733 
3051 63549 
71476 51287 
65511 3919 
37745 23109 
