43979 28632 
27842 91309 
56588 44296 
2077 72953 
6194 48187 
48428 27966 
18507 22502 
46526 67129 
69925 82801 
1629 7390 
10009 39921 
58766 32004 
64747 77515 
71991 23597 
70452 47918 
93864 2579 
50711 11766 
89440 65130 
89540 72702 
46309 29972 
72754 87495 
47688 71142 
66511 64010 
99036 35234 
77116 94760 
50384 15852 
89358 12109 
36324 85479 
12048 92727 
63512 65522 
68839 83510 
11589 48989 
60070 68946 
77573 77082 
87043 50774 
86071 10902 
74034 64792 
8047 32561 
45277 16808 
79451 56163 
14280 79961 
87653 28451 
21047 59041 
98397 51341 
9128 93923 
28944 64147 
68887 43871 
34064 81978 
85988 67212 
60719 98614 
24808 86771 
44563 27103 
45342 10445 
66792 69403 
99136 58443 
63407 77547 
74875 33960 
80629 93180 
67495 62422 
99964 29705 
26006 15977 
14363 91881 
94712 34499 
22914 11383 
102 52146 
25705 13662 
51400 39384 
42744 21380 
16628 74404 
51269 42764 
7990 64968 
34282 89421 
60499 52001 
59825 17442 
15974 39593 
65295 88116 
30905 12612 
3994 94 
11130 22724 
22165 53555 
38881 46409 
73906 68746 
98490 44396 
48652 96199 
25862 80988 
81324 24004 
3819 93843 
38767 8696 
522 40046 
27774 30646 
1366 82693 
49772 2273 
16138 23689 
35162 37972 
52658 33119 
26315 28335 
35754 73276 
42432 48064 
16108 66339 
51716 66918 
57413 8672 
96742 26092 
12181 91854 
67432 88634 
96715 50817 
92712 71805 
53913 22814 
26704 21746 
48975 67491 
38225 96357 
77522 67908 
73397 81023 
78239 5171 
50322 73594 
32897 75157 
62076 40004 
5428 94865 
9691 59958 
18718 28018 
60293 53319 
92878 44823 
27277 2136 
71974 19167 
99139 60704 
47535 58005 
1519 76601 
46655 52378 
63050 29355 
90075 37202 
69733 30188 
41369 47866 
34898 16257 
62212 65705 
82161 15838 
60657 51493 
37376 57130 
69468 76405 
52196 42652 
19776 73236 
36688 13634 
81654 47211 
61301 84411 
27707 5289 
99579 35472 
38346 85695 
22135 15674 
8156 95212 
19690 19034 
31606 90837 
28409 69620 
43319 74494 
54283 69216 
63231 4761 
44977 36767 
50171 67945 
37337 96068 
98772 92366 
16686 48696 
24045 34285 
60028 2896 
65614 11734 
99498 15947 
9267 13334 
34619 47468 
67365 63201 
42396 14197 
81620 80195 
82765 82963 
11826 29988 
73600 37886 
52388 31813 
14264 10300 
74804 48289 
69592 65417 
28757 56299 
87242 98500 
47046 69689 
10485 5075 
90339 60421 
65826 54698 
36539 3815 
50232 15810 
66573 55645 
16280 50472 
23459 54117 
55211 22011 
24785 28117 
7653 36113 
90028 84647 
89682 66432 
3659 42972 
7935 99479 
72544 80755 
51646 70391 
51892 58376 
91746 51081 
7850 91565 
87615 95395 
56795 49675 
562 42030 
71510 67143 
39810 25330 
72609 69048 
21515 46500 
29957 28238 
4299 13344 
83297 91054 
75756 65330 
53871 31490 
3606 62589 
59586 19474 
32420 32425 
65071 17984 
2274 34937 
95011 55811 
89193 30583 
14161 58065 
18944 6821 
30742 54878 
85503 48386 
11219 30278 
13418 16352 
3948 17823 
39356 34815 
56785 97343 
52257 70830 
79467 98019 
23815 33206 
45407 67041 
81411 8808 
49554 20181 
24160 1206 
39024 50920 
59401 35848 
11463 38113 
41727 48353 
32439 58685 
29578 78095 
57629 81487 
35454 47942 
58163 91195 
34953 22830 
38230 67013 
17138 4792 
2872 19927 
4138 40125 
80875 74426 
41429 85579 
32773 65817 
61896 4757 
77194 12660 
56570 43361 
50115 15366 
42827 62500 
71098 26598 
6903 92931 
28131 36894 
11696 9963 
8468 19804 
3153 18663 
96668 84835 
18925 82090 
33041 93614 
1507 21460 
75773 4974 
44766 66474 
38261 27981 
57505 36469 
79499 78501 
10664 88631 
9859 54464 
45757 78194 
37197 67785 
61329 37360 
18925 96759 
61498 94640 
4564 51751 
46036 24340 
50242 79145 
45012 37153 
61704 63750 
52661 97107 
75643 28256 
94915 77563 
20472 69826 
72980 49538 
7165 18556 
61337 29298 
88374 50252 
2732 99001 
89754 36913 
35002 54102 
61277 72236 
4973 24297 
18294 66662 
73236 60986 
42194 66684 
90235 83535 
88727 16543 
28904 29071 
8428 46924 
91999 56099 
18022 44918 
73298 10948 
74313 32248 
41006 77819 
92767 54637 
28998 98210 
21846 64212 
66918 63511 
31146 58964 
53713 55780 
96449 28529 
80837 36016 
68064 43940 
41115 56692 
90149 20502 
17219 5875 
98193 77580 
29695 73952 
59430 16832 
38672 70792 
36690 41294 
35646 11131 
50016 41746 
32170 29014 
82377 83914 
50785 78325 
25878 40285 
50203 25776 
93121 23741 
71549 45117 
24688 96683 
75354 76953 
8203 48967 
50050 27197 
87034 60705 
11853 39044 
77419 91899 
83240 88260 
31616 69839 
32595 19659 
81707 77350 
81170 63849 
73724 80236 
35148 47612 
55035 70599 
80378 38751 
9243 44291 
85277 46793 
42341 75307 
93417 34620 
11461 97743 
51478 82944 
53271 56785 
10535 89442 
12934 44204 
59056 77477 
96497 90995 
94525 35492 
69694 49985 
17256 7485 
4367 64686 
34764 7434 
30039 87129 
97957 36080 
82667 77043 
51449 37185 
55195 87535 
69460 42198 
45240 18253 
66054 17194 
64101 96060 
13865 44018 
18254 25365 
79016 38780 
99586 35488 
81571 35124 
23857 40853 
20673 37168 
38206 21272 
61405 77568 
78011 24245 
66465 99849 
91005 88915 
69897 20954 
62250 92241 
32410 19930 
67467 21909 
88218 41701 
54134 87684 
91882 1098 
99918 93094 
292 21618 
26175 2788 
79695 45834 
50657 57349 
10614 9929 
47983 7016 
74517 83538 
49067 58501 
45261 37893 
51408 54981 
75623 20184 
30979 38327 
64638 80163 
43449 74788 
15003 16159 
77559 60571 
41461 82017 
76680 62181 
70856 23921 
75971 87829 
82499 96599 
11969 30905 
73455 42123 
49097 74224 
97586 1330 
33260 94658 
19430 67828 
26564 61747 
44417 87604 
99167 81041 
35466 53479 
54354 93151 
2653 42925 
41168 2879 
57437 243 
65266 79304 
55839 69629 
43145 37317 
15993 44385 
57480 83872 
84664 9313 
62042 88072 
44610 18299 
53503 13241 
59 67135 
74416 31242 
51130 92851 
36758 24557 
69672 55107 
58631 70049 
18790 32666 
88082 89775 
16220 98530 
47471 48922 
27776 20996 
69396 78616 
91232 74718 
10939 2297 
13293 35821 
26814 48313 
52716 78129 
53992 38534 
1193 83817 
10461 53045 
241 31074 
39006 84337 
87155 23826 
33259 10941 
45974 84122 
67703 40066 
50449 36484 
15952 91552 
25170 75346 
82332 21342 
18282 21626 
90628 11676 
74636 42564 
70860 87320 
21761 30137 
60017 52434 
32690 7693 
85935 81030 
9476 61858 
34815 35479 
39123 77378 
12389 32182 
9719 86212 
96308 21232 
38684 29024 
43058 97811 
57364 67180 
56570 17041 
16599 76374 
47657 41163 
26410 99268 
13477 8143 
19651 33776 
44512 74213 
34214 86112 
22824 49330 
41318 23280 
9882 14197 
8425 18347 
34810 80203 
74503 93701 
84660 29562 
32634 32399 
67137 51904 
60363 45795 
63197 75708 
11758 56831 
12011 78228 
86749 82681 
74042 45933 
23171 77880 
99300 48988 
14781 29656 
87336 87946 
44601 80833 
63114 68536 
37071 92544 
8643 61368 
74801 48880 
84075 7325 
96101 48714 
43977 36583 
88023 26087 
4545 79414 
16292 89909 
45795 60355 
88299 76117 
39070 83781 
28249 61036 
74714 38579 
54546 93365 
27319 72368 
88733 64038 
36727 11578 
92514 48119 
1762 32722 
24846 21014 
80677 22313 
34600 72407 
67382 98131 
55962 15704 
65754 2926 
53521 18164 
15656 23157 
71910 57495 
33789 29975 
80888 44362 
20092 87434 
70932 37082 
46102 23776 
46675 14733 
85584 15646 
85930 67925 
69667 92230 
80619 12749 
48838 26551 
52511 32647 
22377 44533 
41545 5472 
52151 48970 
97350 78506 
12154 25146 
65651 12935 
37802 67601 
50399 31090 
29679 43442 
49752 64684 
35313 86574 
9428 20371 
79509 99384 
10513 50125 
38864 23622 
10445 38255 
59345 30663 
85681 94321 
97103 72767 
82493 71778 
22218 31655 
68322 15867 
62643 98406 
90341 81083 
81348 19611 
90100 48503 
73491 48693 
93594 16314 
42462 48449 
94590 33079 
63682 1103 
75721 92580 
73319 95564 
66658 11546 
25390 78068 
21537 67115 
45214 72019 
8918 79581 
69769 95588 
46638 87792 
6228 31534 
81277 79510 
58802 32681 
7311 7107 
70986 78639 
44590 40155 
5408 34597 
44439 80804 
36691 1405 
74439 95259 
64099 87657 
39906 95255 
60205 79123 
36049 37112 
59418 28625 
89029 92751 
55925 40338 
36357 87039 
24455 76496 
17524 88837 
99244 71614 
94262 89374 
46685 99592 
96526 841 
45342 2437 
95041 60571 
43407 55863 
34179 31723 
98083 16631 
19987 50082 
14043 69271 
47307 78400 
88783 65687 
67251 94659 
41564 30159 
41687 58677 
49611 84391 
4920 72704 
40308 32489 
54438 75929 
91392 34151 
22346 90315 
72457 85846 
37043 65675 
20576 24392 
70735 55672 
80440 65086 
82509 93178 
55136 87439 
9018 23397 
7524 85542 
25200 96230 
24169 7256 
96017 15531 
3857 16644 
66843 92233 
60956 27439 
94921 50768 
40240 71883 
7226 93747 
24251 88853 
81087 38596 
76879 37978 
83108 1623 
7567 72312 
69187 19963 
59390 31149 
43857 69878 
21220 46672 
710 61136 
39323 93397 
17315 61439 
56897 47756 
57835 32376 
41473 66655 
44442 38905 
69519 38472 
94701 28069 
25230 7730 
86205 59469 
36160 25537 
2070 9966 
12258 31907 
31278 68131 
76786 33190 
46421 80166 
77739 98112 
58028 8352 
46582 59278 
49472 15473 
27475 73527 
29332 94289 
34638 64121 
99159 19785 
8095 40543 
23717 13743 
28752 67524 
8078 76147 
22643 33942 
31359 55971 
31110 54358 
60411 5105 
48806 21208 
68444 83496 
34631 14063 
13351 61005 
82050 63838 
88407 92062 
94717 64501 
44041 22887 
50934 22566 
93573 27864 
56188 35520 
58042 61591 
76859 94376 
75710 56204 
20167 12633 
343 89747 
75526 94199 
39004 710 
60679 66211 
34940 26257 
22365 19184 
83984 97259 
25718 16554 
83984 31941 
29195 58434 
55903 31740 
82574 10267 
42521 97958 
4392 36101 
86095 55805 
92161 8292 
9846 93671 
93827 724 
79825 99746 
22119 11023 
3474 5568 
24826 98702 
29135 26633 
33463 70868 
46753 23905 
443 94801 
54229 96866 
536 67667 
46129 58700 
16289 27573 
1876 37268 
49033 47338 
99087 91712 
97193 12587 
54382 33865 
21868 49163 
98770 96058 
75961 31360 
27622 92502 
7639 72090 
26304 80109 
61492 68877 
61657 36421 
91466 55437 
46841 37287 
68529 87589 
32451 34948 
12963 74414 
50331 8432 
6296 50787 
38211 82438 
41111 75820 
3043 88352 
48295 33236 
38842 71600 
796 4335 
856 33218 
30526 81962 
52069 30366 
10781 94773 
40318 50428 
50404 15080 
34701 16418 
17874 30711 
48512 77597 
63620 71558 
2588 88541 
37059 94862 
37727 82301 
1232 49807 
67768 98921 
32356 61598 
75950 39213 
54236 97981 
96315 75541 
98177 7008 
89217 66294 
97898 43890 
15425 88806 
25938 36880 
36800 26646 
53093 77401 
23232 21553 
65704 58001 
25283 27701 
6932 23232 
79887 86569 
17616 43164 
52523 74361 
39946 67021 
83401 60764 
12879 65274 
97512 57741 
32069 22567 
58786 30152 
69078 941 
97161 86164 
44715 53121 
13988 64756 
29572 28953 
76025 90024 
1193 84639 
41147 67603 
21750 74016 
19968 57184 
12739 73863 
66686 66929 
93900 71160 
9807 80534 
22421 19141 
78752 45749 
15471 51194 
55933 24356 
64187 26862 
85523 27929 
50475 72595 
99928 41132 
59324 71412 
82895 64889 
38815 50245 
74202 95437 
97592 11521 
35066 92100 
45292 56373 
35655 76566 
75290 50915 
96533 49496 
61054 94125 
14382 6520 
87541 56139 
29013 84947 
67266 69130 
43451 75005 
97030 69468 
91817 84943 
95755 9464 
60738 58078 
26497 79774 
9173 1614 
46399 9399 
98872 2083 
47219 39248 
43028 70240 
46027 97324 
4279 79516 
60766 38878 
24841 36382 
58596 53242 
51348 48462 
96287 80553 
24885 36783 
81402 26216 
42741 72240 
70599 8701 
62561 3175 
87114 27161 
11856 80907 
83338 89341 
86263 83128 
96358 97388 
68456 81244 
44441 49449 
76283 97094 
90662 78261 
53488 46884 
56223 14520 
49290 75772 
484 32380 
94106 45207 
97317 7220 
67901 46951 
28129 91684 
74903 82660 
80742 95019 
83836 65954 
90285 32836 
66381 75114 
83360 99699 
68200 8835 
89966 5317 
76672 74936 
68996 6615 
7393 72470 
52625 62590 
17515 11383 
52478 36619 
68170 50676 
86194 71748 
519 25981 
76871 68523 
60352 80504 
49819 2015 
4719 9517 
1163 24991 
50732 77843 
41067 17507 
81444 72290 
20672 59764 
6659 6478 
36352 24637 
87507 4264 
67442 9094 
72841 49743 
44365 49555 
62743 6755 
62889 95286 
9871 78908 
57253 46014 
92902 2300 
19965 95236 
47987 37442 
9334 59052 
23915 54349 
17108 11857 
34600 85289 
78097 94883 
18547 53416 
91236 11280 
79081 72303 
87263 72383 
71460 51332 
22062 13725 
23346 34983 
96660 56570 
23692 50238 
4984 50931 
91735 35637 
88702 99455 
42572 77967 
34824 28036 
98720 88133 
86203 38670 
58087 6443 
47677 52794 
17935 39366 
61324 29253 
71716 94752 
93137 20026 
41064 584 
20402 8984 
78750 63508 
34170 64192 
80096 47713 
74424 22666 
70101 32173 
96889 17974 
91452 34826 
29923 55732 
4637 75961 
17505 39760 
25520 89893 
60057 52581 
68039 83965 
58722 97924 
30091 86950 
40629 20025 
59200 25158 
92835 24790 
61233 13834 
60825 41237 
70198 53895 
73794 78166 
80103 79618 
43432 50603 
50831 11570 
45510 73353 
39219 30899 
34294 44847 
73749 6056 
58664 73493 
86708 71053 
45786 30844 
41200 75584 
93281 51184 
42044 1638 
64059 35487 
99390 68680 
9336 59212 
21790 30040 
54822 28028 
51488 96827 
72663 73328 
18868 12545 
27445 30249 
85280 41466 
28428 94930 
63857 26944 
42118 14882 
56502 21999 
19428 26560 
21853 93836 
69857 17659 
93847 56420 
71493 58101 
3390 90750 
40114 13373 
16686 71221 
93242 26561 
92952 28242 
35755 31363 
81496 42216 
62475 37339 
23582 82103 
20169 10783 
98024 72908 
96445 59866 
51102 812 
6287 21079 
81202 42069 
28305 35499 
6472 32383 
2255 98036 
29825 77143 
36964 60577 
29792 39743 
93551 70808 
48002 35128 
2643 32517 
14465 98782 
46292 80301 
50412 97580 
85378 71841 
15040 98215 
41504 14320 
17365 11374 
48752 58029 
97245 85400 
75126 9855 
90690 31857 
76111 42092 
33740 27246 
83505 97901 
26466 50050 
51524 23740 
74076 80359 
79148 91212 
45611 10521 
2777 6059 
42417 89562 
6506 40362 
48341 51589 
28634 65565 
41498 58931 
52546 8520 
83525 24477 
57659 543 
66366 64486 
71879 40321 
88936 73076 
10845 45544 
56408 2682 
11212 25223 
43427 80946 
65329 64956 
39176 93834 
42887 80747 
97046 17205 
41448 63508 
44538 84628 
42274 5985 
70092 37938 
60411 76626 
92656 18837 
68787 80767 
37149 24771 
44845 28518 
84319 70415 
35279 10884 
37097 67250 
59484 70871 
47141 58072 
75589 44744 
75122 20666 
14269 40074 
16137 85506 
45013 11872 
7741 95967 
77122 95833 
52198 76408 
13442 58618 
26856 63393 
68653 29081 
26978 98389 
35962 81495 
83851 76486 
36083 52080 
27711 94975 
10662 83509 
19756 48098 
28628 8584 
60468 69799 
58415 3888 
92478 35056 
21628 66980 
55373 92140 
84413 96594 
17134 13114 
61671 84273 
2300 17951 
6203 58021 
60485 48831 
29989 53828 
70551 45502 
58010 29242 
55494 26 
46389 74743 
91050 49800 
6086 23230 
27027 1438 
60976 5750 
4553 64906 
34880 52418 
44704 17245 
5947 91535 
4392 8305 
88772 56997 
43920 67065 
4717 74367 
27282 66464 
79150 59350 
81059 57101 
60632 28926 
70689 85714 
91586 95001 
13900 73056 
72553 83224 
40283 37604 
52886 95470 
23244 16456 
49561 13499 
55993 52866 
42772 23440 
16774 91037 
22059 25991 
70175 43123 
59965 85607 
81167 70822 
71530 63468 
76417 54503 
77438 73612 
73462 6537 
26216 99418 
12481 22262 
46593 8456 
67710 52003 
94998 7772 
85915 20604 
35144 88763 
97926 17144 
36717 21070 
75841 26794 
8458 68311 
63343 79253 
87224 14942 
89437 43733 
89126 13200 
86996 9163 
91417 81815 
76624 50128 
54531 14060 
43651 93945 
12529 81719 
31486 72396 
57169 53677 
98082 62799 
15927 83087 
33922 97434 
77503 55449 
19736 47756 
49709 31451 
10060 70424 
44106 63034 
64775 35848 
69337 8905 
14941 46773 
80860 26609 
41523 94372 
78589 72248 
65988 92367 
65975 96110 
343 75907 
84094 82671 
80781 51251 
12604 46853 
13940 34704 
85709 64907 
97652 24897 
5803 87924 
39119 11105 
50010 58717 
82605 32186 
55614 28732 
76008 65624 
39160 50599 
51103 44243 
51038 4111 
65771 69336 
92417 98633 
58199 13290 
24645 83363 
92806 82210 
82555 88323 
35569 39622 
62618 13635 
82471 76024 
94457 82352 
78924 45871 
19966 73019 
10331 83515 
98144 52127 
14349 52699 
25686 33762 
63953 80389 
13518 4003 
97059 75040 
87646 60986 
23258 31844 
89066 38091 
21104 83061 
31935 97297 
50457 60240 
41808 2525 
43532 96949 
36471 8683 
5574 15555 
30745 31084 
51528 9701 
43606 92090 
28572 55277 
61071 77060 
26043 57027 
61514 70055 
54115 65363 
41426 81272 
80425 78523 
89119 22809 
49957 78909 
41440 37094 
77580 39250 
24329 33220 
94991 74174 
21849 40410 
54162 5860 
40344 44974 
37968 58593 
34435 37375 
5321 96411 
39802 59392 
2900 70426 
14066 7880 
8520 48008 
21522 21258 
32165 54680 
10098 47596 
89930 71415 
19631 69065 
83332 94945 
29400 36513 
61935 86776 
99812 50057 
20711 7784 
88274 6838 
85243 59586 
22457 25464 
67663 31322 
95539 48165 
34131 81053 
7490 16322 
10664 64665 
14027 12786 
68343 61991 
60621 65260 
71149 39803 
72780 9059 
40138 34387 
45788 14657 
86160 32624 
27197 95700 
90029 79778 
13578 26549 
63794 44691 
89402 14901 
9705 28583 
20364 94684 
4484 12416 
76102 27167 
75671 99531 
97942 24106 
4122 25271 
46190 35752 
82106 73316 
58426 78674 
80034 59683 
25377 13602 
26463 19640 
44170 21890 
85837 60245 
40094 70671 
26329 21758 
57484 1440 
6174 24894 
7954 24529 
71053 67688 
29896 52829 
47368 75683 
57027 62123 
36663 2220 
15753 22503 
64979 21806 
71186 5615 
17583 58852 
19895 35859 
94312 46494 
83812 20151 
53672 15816 
94191 60513 
74867 74443 
67103 26483 
56099 45318 
62695 40237 
84762 1405 
89261 6314 
60561 50135 
60178 99945 
26131 92582 
36822 13274 
61371 6717 
93826 47116 
27529 81466 
24397 27394 
4930 58929 
62838 20057 
54346 25764 
39083 15995 
46088 31571 
95714 58383 
43252 2058 
91818 88863 
95923 57825 
89995 96113 
1684 45816 
72938 60612 
14449 39760 
64207 2769 
38402 68429 
34204 58118 
26763 86043 
56784 22873 
16109 7886 
44572 35923 
66153 95996 
31749 89221 
42174 94739 
91956 87487 
72682 84133 
75885 10346 
38460 40002 
28270 65194 
764 64325 
97197 57536 
56269 76618 
79988 46990 
14239 37730 
59408 1814 
27437 11138 
71522 12552 
72479 53633 
12267 76269 
67571 67248 
33646 16873 
36026 37323 
2420 64117 
72467 27799 
94268 74156 
45283 4173 
74632 37900 
73708 6953 
73780 89908 
50774 4035 
98104 202 
44463 9123 
32287 4126 
98491 65111 
77659 1270 
71508 56308 
40948 33456 
98837 31430 
34569 33944 
34475 90498 
74723 25238 
32687 13079 
66778 31277 
58348 82764 
48766 61294 
73077 93322 
23291 17230 
30232 5691 
45753 74387 
26045 61751 
52500 85849 
96388 50786 
6393 65211 
19132 67610 
9202 9302 
80575 97500 
80396 32817 
91055 12431 
30078 169 
89696 65512 
60165 56370 
61084 26123 
12414 78378 
97774 6912 
44465 91110 
81621 95657 
55797 18176 
24269 19919 
4359 66431 
2506 40483 
51589 75528 
47749 90785 
48650 98947 
564 53824 
29916 21328 
20941 95514 
11109 58448 
52908 53985 
98948 30822 
78166 18044 
6757 49635 
57512 14818 
36244 4626 
51180 66534 
29453 97520 
29572 69486 
16913 21737 
34436 94388 
88073 49391 
27175 6665 
88362 49915 
65780 57665 
3525 31217 
84775 3319 
26404 63841 
13599 65514 
13882 21404 
58018 63203 
32478 46437 
86439 5273 
59888 29771 
8405 55216 
56763 73729 
6099 48866 
48113 94654 
81324 70762 
56932 8661 
10231 72157 
14007 36024 
55966 44247 
27330 54233 
75448 43883 
32138 27498 
70638 5861 
58332 41371 
76967 65812 
45862 75155 
51979 60779 
10648 51898 
25788 70777 
13702 16024 
1617 13927 
14339 2025 
49447 10209 
94701 74160 
18761 84448 
27318 36719 
7334 87821 
20000 37169 
62256 79017 
13087 10375 
56605 21089 
22936 41106 
80612 18141 
22492 54147 
9712 37151 
24890 76603 
63518 34572 
89247 55357 
49538 34781 
99179 54147 
93376 88007 
74005 99358 
93191 69084 
60248 91377 
341 65171 
16730 49242 
20434 40523 
50416 10305 
49406 59469 
82147 63792 
7799 94958 
21467 57342 
13045 49310 
8027 79057 
34382 66305 
33325 84022 
7910 19264 
91079 3952 
50335 18478 
17093 51325 
99129 93193 
70202 5268 
24084 68235 
74730 45468 
691 73486 
91887 82476 
9269 95587 
12601 18078 
25454 5544 
67508 57733 
97443 73402 
31204 88623 
63281 11659 
57281 31464 
47530 72841 
18312 71992 
90821 63425 
40659 78916 
8057 26275 
17804 19124 
41460 86813 
57922 88080 
73194 54315 
71457 83570 
88938 19076 
32732 64367 
38590 88605 
55951 51873 
23171 61583 
10411 52419 
48050 47009 
62370 673 
21775 97773 
71719 50472 
47043 42844 
90448 68411 
45818 70321 
6894 17631 
84070 34782 
54833 54529 
13314 36695 
59710 99466 
25910 49084 
25642 84064 
28966 47222 
76330 22321 
77753 30791 
50554 508 
73689 14810 
18722 31709 
24231 5512 
30727 74849 
82419 70472 
27384 75210 
32379 58459 
47788 43661 
63715 23780 
43171 55232 
82526 62370 
64179 14147 
39698 72405 
22967 2060 
18139 10943 
44100 99024 
9805 29873 
8979 42546 
30631 39446 
67345 69137 
66906 65677 
36416 64868 
20160 39128 
33267 36694 
19283 76898 
89323 4716 
98414 97071 
77163 7010 
96985 35457 
39318 3323 
24423 18136 
46322 61663 
46088 80155 
27028 12705 
89389 10631 
8023 60930 
39360 47633 
70962 48531 
91569 42347 
86734 78420 
56859 61397 
13599 15979 
67217 98602 
52777 5771 
14976 23038 
39453 59004 
68598 98936 
9739 90321 
47426 74810 
24889 8377 
5100 54092 
52878 93625 
66730 27679 
4443 28913 
88453 69929 
95799 83725 
59675 74008 
63418 91254 
48064 29904 
87666 99058 
95286 28998 
91522 18614 
7503 12770 
68209 46886 
48818 70046 
57317 83877 
38131 27116 
32798 24150 
70285 68137 
88235 57427 
30910 69409 
4846 73628 
51044 30442 
65933 31104 
52386 37168 
37811 13293 
66944 98223 
71753 68692 
75888 53902 
94053 1767 
1565 69224 
42054 58307 
3931 87476 
72829 27748 
78049 38665 
18172 67089 
22858 68523 
84667 36313 
53053 77985 
790 23584 
55731 40554 
94411 29982 
51332 95477 
43463 78214 
4483 98403 
80186 7432 
44464 47957 
45085 17215 
97350 96654 
80544 27758 
2245 97602 
26052 30436 
82603 34674 
27082 13168 
70256 33100 
97878 58400 
34581 49920 
84764 27998 
52124 99260 
61054 69004 
63059 76130 
47244 96945 
99996 4206 
90893 39255 
41957 48061 
59432 50406 
41737 98314 
96136 42433 
98403 59409 
64576 9816 
98361 44021 
60084 66071 
28169 5539 
98140 50864 
70231 20646 
99025 11144 
28502 67689 
75718 7497 
95520 33377 
97710 47848 
64354 20266 
47268 4586 
9466 20548 
6658 28380 
9034 67892 
14925 32152 
57923 78350 
11050 82085 
25295 43826 
36666 99042 
43740 47135 
5970 43382 
77872 26415 
63076 28947 
9463 28421 
37771 87843 
93493 55208 
79497 86647 
84901 26770 
96325 76829 
9360 53372 
50825 47378 
53041 35661 
67922 36065 
76142 88056 
91202 47215 
12857 11502 
83585 18547 
6476 25345 
5896 77351 
42513 4929 
22573 27173 
84992 61431 
77614 10178 
91471 43523 
55822 97486 
80894 36662 
94518 70040 
55038 85088 
39105 65922 
29095 64092 
42218 86573 
9848 85641 
90670 73955 
70928 29183 
6996 93501 
13807 51232 
13122 83522 
70454 42295 
62538 60792 
99013 67766 
44316 4129 
47371 50606 
37427 73059 
11165 27932 
47021 57024 
92552 41102 
85678 92099 
73979 99415 
72134 26820 
57221 91282 
7559 66458 
82127 3498 
55191 75977 
31779 49209 
92994 75913 
51208 98228 
30958 22513 
55307 49556 
84781 23771 
78282 85253 
75858 6347 
21746 97287 
83914 14855 
91459 84504 
12999 94666 
73790 75611 
44264 82089 
92088 45829 
39572 1697 
486 59845 
28891 49561 
18029 91751 
61392 23281 
79571 43841 
25241 44958 
81556 10469 
44328 11642 
30557 10600 
41507 99263 
60382 43251 
17403 40734 
69579 3728 
31417 96601 
45331 35358 
87333 37564 
82023 81368 
19704 62134 
73175 44641 
49253 79875 
53951 59243 
25537 886 
98151 26954 
3415 85591 
28333 74470 
6169 25396 
80666 42511 
12605 44395 
77109 26756 
68076 35078 
96713 52349 
60067 66850 
5089 78652 
17848 35198 
96518 99014 
92674 51449 
26717 21468 
50089 8339 
65916 90635 
59136 94972 
81703 38524 
94613 76257 
68995 32498 
77989 96558 
80542 22352 
70182 15012 
75502 75292 
95150 30875 
95947 27508 
17059 11267 
1542 74144 
15789 90771 
41191 65617 
5641 72653 
17082 77590 
20290 24811 
1392 74311 
43443 30070 
98764 90632 
99066 20084 
8750 16681 
27688 94842 
31562 81004 
65995 5668 
77741 92904 
15773 58594 
87786 22810 
35239 77142 
41309 70663 
10887 48753 
36948 96648 
71215 67551 
54044 66024 
85025 77561 
65014 90388 
46480 15190 
53378 31390 
86686 47490 
6550 69723 
67302 3623 
94814 32187 
5508 952 
18281 12644 
51672 74302 
2193 18919 
91102 27190 
47575 26982 
69539 37207 
99029 26221 
48368 64245 
74380 95145 
80011 29865 
11915 55577 
56541 58891 
30107 15208 
25314 164 
62023 23309 
84235 72418 
21998 32482 
66250 13340 
85715 80512 
97768 45169 
16480 80710 
68935 8527 
50269 36551 
85005 57711 
60028 77028 
77579 55276 
55756 42767 
42012 51533 
41045 39834 
33075 85406 
39056 18045 
94767 97162 
21285 23704 
22152 604 
21060 22860 
53208 22593 
90322 90491 
66876 81154 
63048 13474 
19869 39906 
21598 60762 
89248 46181 
23271 32887 
388 32989 
33544 14695 
10676 40808 
29747 20219 
88128 94232 
84309 36589 
71078 50614 
10299 45138 
20207 23091 
53597 22125 
77389 68783 
45830 98983 
27174 24421 
90145 92518 
16230 66338 
37870 99230 
23613 69456 
28339 84696 
90516 40841 
6394 88927 
11940 7335 
2498 11660 
64753 43968 
58949 37753 
96651 40060 
12327 12148 
28806 13323 
97077 76330 
31292 98779 
18080 33756 
14888 58913 
51071 20436 
45417 84286 
68915 18653 
27550 79645 
59076 66757 
23797 59626 
92982 86032 
71430 10255 
31544 66821 
35146 7691 
2756 30431 
86521 24059 
67061 10747 
32634 91713 
94113 80080 
25741 41896 
10564 77462 
73443 81523 
42693 84391 
34549 22686 
69967 33014 
29646 33492 
26037 24756 
17395 35966 
32200 83632 
87654 37015 
25035 67778 
744 41808 
44688 15167 
58528 65458 
83194 5081 
27468 28505 
53282 75553 
46378 94439 
27230 48841 
42350 83424 
12654 81941 
47164 75337 
77520 77173 
53470 97400 
10179 59130 
75119 76929 
1920 48521 
79251 28082 
69307 40948 
39096 33035 
91452 29185 
15912 72599 
23461 91216 
16080 59067 
61401 3139 
85108 24964 
76454 25942 
94140 25367 
6319 58259 
46519 18579 
90459 43380 
82095 236 
62457 68121 
85143 79248 
67529 93597 
8137 532 
56138 13501 
8082 39088 
15710 44194 
54706 12738 
41597 12720 
10557 86724 
15728 23806 
1852 72375 
56786 54969 
95948 54153 
29298 50043 
76376 14678 
50678 55765 
59597 65687 
15047 73491 
29003 34394 
60570 78672 
71158 99344 
43079 94436 
86846 17615 
42915 92421 
15256 36089 
24201 33930 
53444 33528 
86185 57591 
75214 97316 
94804 65850 
53628 98974 
59291 61963 
69619 95956 
23445 41599 
45478 53704 
74067 48715 
76497 51608 
30123 64072 
46646 9230 
65346 6574 
4848 45076 
34274 92536 
47311 59150 
17129 16088 
98323 12711 
72494 85073 
7012 63852 
88370 71145 
80802 5946 
52021 10208 
57656 47474 
16897 19877 
78634 66403 
30968 84383 
59941 70017 
4972 94106 
79311 91990 
41344 16903 
85469 62508 
15025 21451 
11340 94345 
95870 68996 
21816 38086 
29051 39258 
55075 73042 
44601 58639 
22825 16922 
50214 54478 
19288 56945 
72378 67777 
51381 27848 
50152 18636 
43216 88089 
53120 33581 
86942 74596 
90511 12041 
8887 48493 
1978 30393 
95085 79529 
72216 56368 
73461 55287 
91355 73979 
81338 42764 
91003 99759 
56362 74550 
21823 4759 
76561 79568 
2717 43573 
40975 29239 
63937 31620 
26136 23922 
26902 4940 
75653 1614 
11976 42994 
80248 11152 
42191 34253 
83826 55538 
15613 16797 
7500 77498 
52018 31732 
17954 29046 
80544 85904 
79151 39530 
24159 32214 
17099 72577 
54076 40789 
96222 41293 
32628 52301 
52893 33259 
36704 75963 
56748 82076 
55435 19001 
73641 10627 
85684 11865 
85441 62686 
6727 24023 
81353 34182 
1618 48831 
73025 13132 
6827 72841 
1453 38172 
14075 34798 
97510 89600 
18679 22689 
29933 33979 
7245 53368 
24669 53607 
4230 28611 
67725 5522 
51667 63889 
9996 71241 
79250 41725 
77049 78041 
33029 50176 
49387 95349 
70110 28817 
19504 35681 
94052 59524 
50831 18599 
1041 7434 
60676 88240 
30496 38653 
24370 10274 
65375 15588 
51010 12488 
7276 98224 
12588 74713 
59302 60243 
17733 18448 
85727 62562 
8902 94271 
81639 13688 
27583 16016 
78017 86232 
35916 44704 
28143 51977 
5104 82327 
69732 44114 
81105 95861 
33876 54542 
16286 55245 
76648 26600 
12100 35573 
42134 9141 
52304 3378 
26704 96573 
18826 79635 
3468 91277 
73131 47997 
83190 89798 
54773 55766 
33295 12219 
95783 37260 
50173 65368 
74662 74444 
81637 54783 
36961 98131 
26163 37842 
90761 24500 
93476 40992 
44870 16371 
97050 47727 
95132 56365 
63273 782 
79959 20015 
84317 51930 
20070 40861 
12131 35866 
29364 66700 
89551 40827 
33984 16426 
41151 97921 
64812 60256 
1261 13597 
95019 62663 
39476 25222 
78754 46939 
55027 68450 
9643 63102 
50540 6875 
58499 66696 
62985 89392 
68507 45073 
25048 68778 
83092 59862 
53674 36172 
56803 9571 
14196 465 
52738 54673 
88259 69054 
61423 89007 
81643 66963 
85497 85976 
44135 65046 
22156 95742 
37757 74799 
41057 20553 
81941 7227 
99201 49282 
24652 86316 
56306 89424 
36996 53823 
54265 95041 
5519 1418 
2516 52525 
1163 18666 
67504 52543 
36786 50894 
98862 46169 
86172 19671 
37574 55971 
26606 70467 
42069 88656 
84409 76980 
37063 74947 
8194 49694 
36944 44435 
68181 67416 
20563 28429 
81533 74875 
37557 72217 
93489 66874 
7648 29624 
1961 10096 
33838 7411 
99309 37304 
88036 24799 
19154 85556 
43355 54281 
18400 39919 
21178 13891 
95015 87318 
93046 88229 
40669 81270 
27561 65797 
54006 67621 
653 93569 
95078 23829 
93979 66239 
44406 19892 
90643 87203 
41148 17725 
40041 61096 
14042 87609 
4373 3581 
86039 35259 
18179 83087 
28988 1143 
89261 41333 
68245 14863 
44428 74707 
88753 61730 
76737 96978 
73913 46115 
82238 45294 
16485 16701 
83730 36075 
76797 52479 
26582 25129 
27683 95129 
97468 77239 
17870 53383 
60632 4445 
5954 98014 
28346 89378 
65603 12304 
82264 70261 
39329 62160 
40635 27578 
22933 2471 
22661 78897 
95631 41883 
95789 57987 
71929 46856 
4274 27091 
40444 77680 
68134 47130 
72182 14068 
10413 9593 
26172 46016 
17675 16008 
53913 76807 
63729 76133 
5717 9355 
29819 84401 
71851 64516 
35858 25643 
49285 10587 
56753 55744 
10853 66863 
35481 645 
67848 80983 
20262 17983 
59317 69703 
47086 69666 
71752 55822 
60740 60791 
91389 30162 
17673 10604 
18020 16836 
42164 34537 
23973 22467 
13689 32902 
24839 5596 
47799 1405 
39577 11190 
95443 1451 
56755 77011 
26397 54040 
90996 33517 
81280 50088 
9101 87042 
73654 2129 
28851 97207 
98762 97598 
45158 33804 
58697 52294 
18008 25868 
45150 4100 
64575 96181 
30353 31692 
33878 8192 
4413 30706 
6561 39093 
62988 30713 
54625 32796 
93073 90359 
16364 79566 
26659 65168 
90298 15303 
32113 2720 
28551 32739 
91354 83357 
14893 49305 
67245 91007 
45611 81942 
95 68403 
92366 37854 
84776 83679 
15387 42005 
70647 11250 
12620 87110 
95367 8842 
35864 9918 
10624 54709 
78469 68804 
82916 94285 
40816 21990 
55736 33949 
9600 83137 
40868 11023 
44836 61659 
65963 63819 
54550 78768 
43186 23243 
51269 87073 
39400 48390 
26718 11535 
22268 32543 
51546 72596 
28554 13116 
5411 48534 
51066 29359 
69457 83381 
68858 84992 
67960 49211 
51682 89460 
28859 27141 
54156 71116 
43909 80105 
77688 78413 
48350 52266 
18940 11028 
7297 44872 
42465 51901 
91414 86428 
12093 3229 
48046 36252 
90795 64789 
25555 34803 
71905 31267 
88475 41590 
35996 26828 
68943 82068 
37136 39776 
35949 58585 
9853 67880 
28075 67298 
53885 35871 
87687 2876 
97608 570 
54978 25913 
63026 16274 
28737 14134 
55294 93245 
77464 17815 
77987 45571 
89138 92275 
31648 91123 
80951 85846 
87636 35992 
51281 20454 
41903 48547 
45375 13721 
44026 4098 
23496 56472 
65690 60208 
65689 77574 
19782 4768 
20856 99238 
66347 4246 
9494 10241 
44894 67883 
19244 61922 
53879 35108 
90287 22449 
57662 88087 
73679 8453 
38842 89063 
59866 50029 
29585 43024 
16915 34983 
49421 90257 
48387 21299 
48944 40436 
79346 2982 
8960 70204 
5612 63764 
72845 19519 
96214 55575 
96213 38602 
21836 94270 
82495 56916 
93148 73792 
35583 68359 
32036 61748 
1470 52758 
66042 54349 
89611 82731 
31739 36695 
61745 97119 
96292 15612 
50987 57454 
58126 66531 
27246 42293 
67403 63378 
56340 75762 
14905 40967 
9697 31279 
73994 73124 
69079 99183 
44439 36541 
36524 57862 
39198 70352 
3547 42003 
75678 34435 
55577 58681 
81485 15678 
87761 62291 
1382 30743 
86443 62682 
96923 26304 
86990 7371 
63166 83311 
53117 48335 
47887 90514 
35450 76635 
47882 64299 
57785 84012 
74240 56836 
48372 89586 
23850 12599 
80493 51922 
67991 4506 
11722 72003 
70449 5257 
14477 80978 
77455 26876 
71814 98120 
79597 92033 
71890 39004 
31926 84416 
72113 51702 
32623 62244 
19732 59661 
2878 8935 
9466 93921 
81052 38031 
30713 4490 
42713 65670 
7046 50910 
84818 13184 
58833 85455 
67071 4891 
26263 58896 
86424 81673 
74443 98384 
71712 59643 
64911 29794 
24556 25025 
18549 42693 
99995 71287 
13820 25162 
15671 52681 
61125 27786 
1961 49466 
69275 51395 
57087 14484 
73203 91527 
51042 98140 
23466 14065 
30061 29427 
47502 81161 
9406 64341 
80241 94278 
6406 99812 
27370 72089 
57959 91267 
68420 34960 
87134 4952 
28790 24879 
32018 82381 
49943 49944 
26655 93565 
65229 5906 
28663 8132 
45110 93759 
21051 18996 
10090 22013 
76802 11958 
22184 55014 
63920 86401 
56537 44585 
85944 97200 
23625 61248 
98337 6051 
59446 23412 
14703 1570 
26211 8174 
18415 71882 
69265 15764 
25063 90817 
57319 51161 
99009 9429 
92537 81028 
13391 28224 
14634 21888 
57059 62304 
38855 16330 
34240 1591 
61544 58029 
73099 11336 
39014 33518 
57944 14329 
95487 58876 
26443 45531 
44129 2896 
28026 72308 
11531 4788 
22564 28977 
40478 14108 
9425 23115 
8425 3353 
16186 32852 
39841 29551 
43576 29343 
9413 50157 
58594 26662 
30097 30722 
51338 82561 
95064 17045 
22688 47851 
95855 82874 
49803 89605 
70380 5777 
84298 93937 
43863 68381 
73988 87834 
13462 29957 
63262 6292 
92984 64209 
19432 70982 
77982 13124 
52797 39728 
13490 63860 
46720 32256 
46741 15917 
90669 37019 
25448 69212 
13934 56315 
58571 30174 
50689 52499 
90955 2616 
28059 16776 
55848 2881 
58034 93879 
59995 14660 
31359 60879 
24884 77848 
56924 76428 
54678 87981 
63731 87962 
26458 68004 
84161 8649 
1639 62524 
67058 53379 
38763 96212 
27052 53597 
47339 32623 
22581 54507 
60016 67477 
69229 34984 
16061 91316 
37292 80472 
43020 60452 
52875 82197 
95344 22265 
20380 32253 
58922 51130 
10888 33386 
58636 64686 
15734 44789 
12444 6604 
47481 40753 
59923 1674 
81523 67731 
55854 11799 
70741 47181 
60103 47305 
32866 86489 
73938 17056 
5672 28357 
69872 32924 
88616 90209 
37235 19463 
41216 19512 
18882 17994 
88257 18316 
45813 15820 
89788 70926 
85941 75906 
69953 42269 
10837 90139 
62830 1352 
50023 30132 
25739 64174 
46208 23557 
90906 43467 
46850 41122 
74889 38883 
67527 39554 
41843 532 
40805 69325 
21471 51227 
20659 22380 
15448 58362 
46960 64733 
87098 5025 
87154 71566 
18305 21781 
62964 58337 
34898 5503 
38804 80415 
47170 69670 
95573 55878 
25722 41776 
38579 51369 
34489 47783 
91575 59296 
72591 1016 
10236 86133 
34540 43438 
7882 66257 
84414 70963 
23839 13454 
53721 11253 
80561 23156 
14986 12411 
69483 42442 
53510 44039 
77551 31979 
58271 8307 
16458 54329 
79592 8023 
44855 36428 
56012 21116 
80146 70547 
95683 86512 
80948 37678 
8653 15081 
43897 60024 
25569 1151 
99194 15181 
5609 25015 
8162 73581 
31860 4928 
63009 52891 
15897 78292 
64141 18339 
84993 66036 
3558 96302 
5134 1632 
14217 9991 
986 86768 
54744 90704 
69925 69376 
86434 65875 
51466 26556 
65246 76024 
5661 74836 
15298 26698 
74484 23316 
72390 38665 
48730 31408 
86147 19825 
39632 32222 
47598 45721 
59171 35057 
65381 2020 
45981 26068 
48199 11960 
34770 44827 
63789 44523 
56348 26341 
35353 74969 
72633 63020 
5267 48360 
96420 59157 
42865 78853 
19235 21675 
98164 2773 
72240 55200 
6647 91870 
74972 6995 
31552 24662 
84571 37796 
89596 8400 
44220 78358 
43658 41931 
43661 68269 
61658 10641 
46934 63561 
34742 8627 
12921 42728 
19829 90415 
32779 36919 
21679 64760 
35027 59406 
57884 56475 
63835 11887 
56508 78703 
18967 707 
20574 77716 
56870 4820 
56226 35048 
91552 99095 
2068 37659 
1206 51527 
16076 55831 
41893 80975 
73412 626 
93197 83253 
3607 67991 
12374 7687 
48756 14966 
53325 93732 
55767 54969 
14634 57774 
25127 3748 
16937 53954 
26294 55343 
74062 19660 
55506 18302 
14641 56278 
55672 96367 
31340 88860 
39978 54994 
83360 94543 
60919 75332 
54527 88899 
44726 60633 
74089 11809 
67468 26618 
40225 60038 
83615 76896 
47336 72371 
30411 37340 
7314 84987 
22163 99164 
72295 39693 
17373 99472 
11804 45713 
88632 50164 
70739 66888 
50273 11348 
36287 30510 
2027 93791 
71673 31400 
28248 66416 
32530 35453 
51763 39527 
67738 70523 
79000 92153 
20708 29384 
88756 12818 
89408 99389 
10831 27017 
73808 76573 
12720 91828 
37974 18084 
62639 48338 
40701 36191 
65421 35936 
43339 39514 
74122 89031 
86414 82732 
64666 56388 
37641 94672 
23486 6022 
53111 16536 
38778 4474 
60719 96945 
4894 88284 
70294 58542 
46337 77639 
38438 72105 
42931 17367 
67752 48417 
90949 68907 
99881 85607 
66361 18311 
69759 90201 
65796 10015 
24434 23867 
88430 63849 
74046 14608 
87755 83640 
34781 11126 
65977 19761 
44067 52130 
5831 5118 
76805 68567 
34636 44304 
68054 36065 
93683 99046 
52440 47306 
42374 79575 
63403 79640 
60999 21143 
96468 91915 
28652 97729 
29890 96339 
43497 782 
13277 16104 
21449 89918 
80237 57601 
56302 4568 
14614 97211 
49441 10856 
1540 7010 
20486 46359 
24324 21134 
91583 16892 
26086 75135 
97508 94117 
41115 34354 
11364 60490 
15058 64139 
91355 48985 
75342 84680 
48006 28998 
83658 96322 
3113 96978 
839 57365 
61865 40606 
21157 45724 
47760 58673 
87820 38228 
56302 35374 
84388 96923 
67940 87300 
7842 60425 
23296 24225 
68197 189 
4473 90612 
26871 16510 
85052 83798 
81371 17114 
8385 76939 
27455 42426 
28883 10042 
81553 75873 
4203 50802 
26013 5066 
57620 68453 
47672 80243 
39300 8486 
76270 50045 
2828 3829 
93381 41540 
79042 8963 
74843 91323 
73078 97458 
50045 27594 
32511 20550 
10000 49325 
34559 84599 
72772 47913 
18563 68700 
19602 69187 
46276 70171 
48024 19178 
6990 35309 
49247 75779 
97116 5534 
6297 80207 
94553 84938 
26632 47149 
17042 14245 
68418 50526 
652 18331 
93147 13005 
59675 79688 
78943 51693 
92390 78626 
58718 9913 
78538 32465 
5194 35509 
73808 60652 
70912 49816 
44222 443 
5440 88267 
99055 98697 
14326 83535 
74744 9337 
94741 5167 
94245 33132 
81265 65890 
76357 46737 
61974 54045 
97791 81304 
79735 54076 
17086 27451 
16541 72558 
53956 63060 
69759 95935 
80245 23064 
68301 67961 
19402 56316 
44044 89775 
70209 43607 
69216 13617 
67505 83043 
93992 22362 
67706 84223 
70240 61390 
186 51080 
27093 16736 
56886 74708 
71972 14038 
2038 2146 
26708 46485 
71446 94849 
72564 26785 
96515 41452 
70251 98128 
32066 43414 
41436 32165 
88930 49305 
46794 88228 
72426 73704 
72278 7327 
6056 86 
40111 66905 
76070 33566 
93880 27901 
67072 39004 
68166 64353 
71379 72728 
42292 77593 
45628 92001 
95072 62040 
56922 5379 
22834 7636 
7804 9218 
56538 95198 
54455 40863 
15476 65239 
35704 67399 
64804 18271 
11819 20389 
2093 35183 
71485 81621 
84097 89938 
3020 22641 
19119 63695 
41550 1759 
92615 59370 
97747 26179 
64116 58739 
45702 94056 
72054 60354 
97589 41534 
9765 85884 
21005 33197 
90699 44920 
61234 50861 
3809 3854 
15124 55281 
71091 13124 
65897 18075 
58446 8948 
28910 47081 
58282 20612 
77248 57328 
57707 82418 
12994 71970 
29703 70624 
25117 72742 
36310 59996 
28160 57925 
12652 22058 
7225 7271 
8539 67666 
4258 97983 
423 70251 
68215 63603 
50628 92862 
57418 38541 
83086 82115 
26252 84962 
65191 85195 
50346 55904 
33943 92255 
44446 8737 
81203 5883 
5451 46454 
17663 91732 
69380 30799 
68051 69998 
5579 80843 
11125 66091 
83991 43411 
67165 50691 
42117 97594 
52970 64307 
47082 34623 
69754 39518 
95228 36503 
62897 5286 
16732 62029 
94153 82022 
55992 37238 
96696 53559 
79851 38797 
41308 32707 
25209 53512 
28051 20818 
35175 94842 
31897 98537 
48634 58234 
73121 74920 
1938 1049 
53622 65113 
73416 40023 
98917 63017 
51505 69426 
72178 24661 
35489 16477 
81490 80440 
84230 67083 
84412 49973 
12703 14580 
4943 41979 
98787 6925 
17192 83440 
3439 93657 
17286 37209 
26272 2954 
507 35327 
15496 11243 
84152 76489 
26304 3062 
68295 10411 
74989 57275 
6382 59290 
67426 37215 
65542 7147 
90053 6989 
92499 21472 
39041 43912 
65141 58483 
29094 67918 
2092 43177 
67172 62816 
23043 8478 
98365 21371 
1114 23950 
31301 6441 
25213 43847 
28633 83804 
95115 56756 
4549 48785 
4900 24600 
5692 38444 
31436 57515 
64474 93814 
33744 82886 
4510 12592 
86359 31796 
46739 11662 
15233 84202 
11743 959 
78243 85328 
38932 55465 
34025 70108 
46414 60459 
72664 9943 
36786 96702 
39649 26572 
13498 26821 
70561 1617 
10077 41935 
68108 47101 
50200 28436 
95416 92234 
50463 18849 
29887 84802 
49668 97810 
20477 1708 
98524 44473 
17897 12490 
71928 6022 
2045 42132 
72277 13472 
13856 35014 
76796 70577 
9833 30556 
44424 69408 
96633 22918 
38531 12048 
70420 92069 
40608 46858 
81064 61592 
27003 59890 
64815 59803 
55928 97276 
40762 35045 
65130 32821 
46134 3508 
11999 36490 
93433 88441 
97365 44162 
68431 43346 
1798 76729 
52206 38553 
28984 7525 
42673 30521 
94583 31070 
71512 26250 
20943 43235 
60883 1422 
98145 3191 
41009 30179 
50086 10890 
54484 36881 
644 323 
6076 85779 
69441 18430 
77823 83212 
39322 32295 
18391 78753 
28398 83127 
32932 16670 
68329 84556 
45114 7160 
37515 44867 
76506 57952 
22951 78075 
90176 31253 
87726 57129 
75141 68405 
2494 53993 
6212 55210 
58718 6045 
99829 84567 
19089 45934 
624 9888 
76235 32935 
75734 72678 
84692 27862 
64324 30764 
3084 60697 
28266 9820 
33536 50364 
76642 50175 
73603 49464 
91460 23307 
2304 3264 
64934 48021 
6357 31896 
69688 44975 
15288 67446 
22398 30054 
54825 3510 
68708 62013 
46805 43792 
12611 27907 
80855 68441 
37075 70974 
58124 72104 
14315 40000 
60641 66008 
83921 66603 
31179 77927 
84949 57453 
57984 28502 
64124 22133 
46336 10134 
46461 44166 
24624 45558 
46890 42673 
76466 57194 
21902 65188 
12380 35528 
8739 98351 
94604 54990 
76328 82529 
6891 49222 
16947 68827 
17454 24086 
40512 62548 
17701 56427 
94418 55838 
32004 99341 
21003 64060 
84468 90583 
82042 45407 
77515 39749 
25021 1303 
84058 52008 
39525 26352 
80161 31396 
53727 905 
48287 95071 
50718 96747 
62572 21440 
42375 96994 
27082 49688 
24464 14962 
75547 45985 
50849 33586 
56826 52552 
6969 76935 
24217 39748 
33128 68395 
18641 88467 
46726 26314 
85905 40416 
39165 97212 
96396 67189 
77992 29095 
41962 25573 
27722 42978 
69185 86165 
13845 69424 
70834 45093 
93652 78710 
98055 54556 
64832 48178 
74637 36885 
38168 78404 
91741 78932 
24229 90981 
36497 38896 
35591 15070 
61176 36036 
85914 97283 
30922 35235 
75114 50027 
97547 83012 
85893 87163 
34477 99337 
81080 82608 
33650 80467 
83468 27474 
9023 22039 
40304 54410 
73326 28785 
23079 43979 
54779 37469 
89941 27237 
98727 43062 
42840 51130 
55491 84628 
44429 78862 
90196 17065 
20762 56111 
62958 67571 
65012 85766 
18504 51598 
74703 18801 
93179 2058 
365 86985 
94232 47671 
57051 74289 
31405 61591 
51834 48203 
84047 89861 
10149 49583 
68336 60693 
41805 70241 
28652 70255 
73486 31164 
14758 38362 
88727 11078 
22158 28366 
58673 65006 
66851 29547 
17283 15536 
37662 7408 
33210 95716 
19467 37575 
57257 71787 
8783 52336 
79059 76440 
49625 45394 
9581 38810 
1928 18 
17051 6157 
17488 28529 
83095 13941 
39055 36951 
13136 76018 
57098 57649 
30536 34658 
55693 24901 
7480 31366 
54126 3630 
37263 33740 
3987 19859 
32447 81071 
32906 83002 
41235 91949 
35538 34701 
10463 10833 
16 6676 
87772 57356 
23796 20955 
47790 82080 
16680 19834 
47592 25477 
10777 70046 
65211 23116 
97242 45890 
51655 99337 
87872 59428 
31662 44144 
55991 72383 
21330 73617 
45499 93978 
91808 32820 
49598 41728 
97385 12022 
51390 18064 
3589 11966 
87429 34685 
96343 12001 
42247 98645 
26744 66088 
6996 59453 
47686 75977 
38559 4829 
28344 68346 
36828 84279 
90453 33207 
17336 34257 
96325 64603 
94004 76467 
32731 81437 
2513 61706 
77061 96204 
88631 35677 
2556 42466 
57818 10313 
77981 68119 
32530 34417 
43742 50780 
91840 70800 
1237 94103 
74387 3598 
35158 19386 
10083 19089 
99466 75493 
8648 26064 
36962 51995 
73758 7713 
69624 95301 
30406 25970 
92307 95684 
50097 31392 
25944 34240 
33565 66913 
38039 53186 
63925 92182 
18010 40308 
74534 96696 
2905 98946 
85291 14581 
84969 8603 
48720 1618 
96780 68080 
12892 85981 
61899 52966 
52086 58187 
19425 12389 
38079 22856 
79351 76139 
25037 95141 
42312 42552 
99198 88089 
22070 70039 
909 3662 
42004 652 
61029 9805 
37920 2818 
6309 58688 
88626 32170 
79105 77128 
13032 74327 
85592 39206 
17936 51589 
33659 13226 
54174 46642 
46725 60404 
40509 20749 
42972 51061 
44377 81284 
50810 55604 
66554 84090 
90889 62207 
62821 39774 
92538 70832 
49875 29929 
28270 14157 
85006 29162 
43817 59937 
79499 71909 
33127 56477 
4211 99184 
57875 93145 
72478 69759 
39241 61227 
40266 22664 
56069 16937 
46386 33512 
67991 68019 
26656 15820 
44687 28138 
75023 80307 
23192 9116 
91959 80115 
34000 50117 
55852 37940 
33681 14951 
76647 72278 
56836 23982 
42662 14276 
53436 25468 
51258 34152 
8929 52662 
22004 76686 
53984 57669 
26956 39001 
58328 60759 
36883 10640 
68866 4755 
74501 35921 
96110 58086 
86250 51590 
74924 67262 
92629 98990 
25683 19742 
53789 9299 
20178 41570 
91881 12801 
12927 20655 
44526 28745 
33052 16187 
84870 51025 
44449 87455 
32771 56742 
72727 51189 
99028 29631 
66221 55577 
49911 8426 
5372 41213 
52822 41412 
99851 44495 
65565 52733 
16030 87392 
61480 3463 
58769 88954 
40628 61029 
90917 28624 
63226 74237 
11586 89119 
55704 88008 
29906 7558 
82042 21829 
64891 67503 
43451 79026 
73955 71700 
67983 50136 
62757 45593 
78361 22987 
57255 35020 
81041 14514 
25211 78040 
2481 94939 
18845 50452 
9599 83590 
72948 7317 
90584 57508 
33484 68686 
39466 28861 
10545 26735 
83331 15325 
46524 83628 
14525 48723 
65437 64703 
41912 41568 
22566 89931 
55003 58574 
4939 28124 
2693 20781 
42647 2983 
24381 3623 
78553 67825 
35395 77088 
9745 16743 
60958 76053 
57848 53895 
33297 81962 
47352 99815 
15082 43178 
71170 73840 
88999 60683 
881 55150 
58073 18231 
55446 91433 
34257 41616 
76683 93771 
53842 30427 
72349 29160 
47394 17464 
78432 97901 
9230 75936 
61090 62136 
56818 12631 
25639 73907 
44078 56423 
25108 36406 
94149 75834 
64079 20416 
47047 36765 
74911 49493 
75483 42104 
2871 62029 
8199 78620 
74346 56115 
14300 33322 
37996 24001 
44364 31469 
62559 86930 
94533 91423 
47017 48285 
58291 87768 
48902 93222 
57321 63416 
64752 76333 
97622 33867 
3077 55417 
79945 82357 
74682 49036 
4685 53324 
87749 18300 
50484 13417 
75857 99205 
73129 64258 
5925 40850 
66689 59178 
10052 36979 
52422 97385 
60339 73568 
12601 43314 
58957 53539 
66217 46366 
47134 1188 
91423 16781 
46153 93547 
35608 47129 
31080 13670 
18166 55666 
3652 71665 
23295 67784 
74615 93360 
580 44833 
87750 33572 
39658 15780 
17961 31210 
61888 66505 
53975 86862 
76784 93949 
32593 9944 
83840 37928 
25885 52205 
61428 62076 
95311 17064 
73603 67251 
17492 10173 
42952 85622 
55195 75596 
82996 21765 
94059 44116 
57242 78267 
90702 5444 
33593 27648 
81060 4478 
32629 69886 
79168 53264 
26208 45340 
56049 44948 
28812 56619 
25992 53741 
38279 89711 
83213 5832 
24825 14664 
25747 10152 
37656 89146 
75373 45040 
97038 84438 
52510 7124 
66323 2689 
93196 42076 
53226 56747 
1654 93456 
72567 39401 
16389 25422 
13710 17606 
30380 97911 
95100 49046 
46635 98708 
55591 33342 
69248 65866 
27654 78282 
27038 66061 
61095 82638 
1983 29701 
17578 11455 
87850 82017 
36034 67133 
35805 50834 
76926 40180 
53228 76390 
89415 57248 
9567 96275 
9580 30810 
68809 29493 
90196 54854 
11949 37605 
82902 83968 
34854 98091 
42216 79437 
6991 85260 
97439 5252 
54724 17490 
43313 9390 
89215 96014 
33207 31283 
33468 30144 
19632 35091 
15612 16558 
76041 80211 
86279 16166 
51168 5380 
86757 51051 
52565 20831 
41579 26150 
29527 74102 
74312 65548 
27262 79462 
48512 41678 
13941 78341 
17195 67190 
40182 28698 
23599 13910 
76545 4993 
33666 21042 
88795 27205 
96327 55652 
52940 27310 
21606 92483 
82510 4682 
38433 87277 
39037 18071 
44252 28017 
23366 11144 
86653 61913 
231 70999 
23651 12422 
91419 74642 
93700 20265 
83884 87089 
89101 65105 
38341 36599 
67236 50482 
51158 7465 
52846 63565 
17742 58859 
81603 53437 
69209 99424 
10284 6855 
5727 21625 
72083 38840 
29746 27297 
86968 56926 
90222 56412 
46440 2543 
84985 64772 
79644 20754 
32557 83146 
73535 60455 
17005 30319 
63614 61133 
29847 45576 
33747 39435 
81525 52357 
63669 49022 
31671 64107 
40991 50576 
92116 95806 
10883 95351 
89571 50228 
71089 95245 
35867 6659 
32501 25161 
42886 51642 
56261 79295 
36514 56222 
47216 81973 
69434 22273 
30494 35823 
6053 91654 
63089 75284 
54559 36256 
35572 81869 
50855 24462 
366 9070 
57064 90085 
22516 59450 
23290 13569 
86485 54196 
75534 62024 
8207 36314 
34883 24623 
95509 52615 
43576 22961 
71954 66809 
72012 72159 
29273 66251 
7486 17805 
1783 38259 
80176 76283 
62501 8463 
64859 61598 
25195 53227 
7824 90492 
99149 20966 
67656 19470 
84178 23071 
25794 82294 
12271 84110 
18252 64573 
39216 73174 
63341 73252 
64631 73410 
11968 33148 
12091 85239 
26808 70098 
32360 203 
4615 20852 
2209 27041 
91917 43562 
78915 99347 
8551 89491 
36246 45031 
85728 36550 
51591 51824 
45786 78306 
35859 20173 
99263 8316 
97876 55159 
11635 38942 
13236 12413 
96814 46265 
23890 79540 
27434 38247 
29254 44169 
12958 2031 
42198 72520 
85852 98036 
74004 98230 
53284 33472 
81240 214 
17293 65974 
54446 30453 
39851 59214 
53658 37847 
30920 36700 
98975 22659 
67406 57394 
5782 47586 
8801 67346 
13642 26104 
61348 65242 
95538 6508 
56717 56584 
49816 70926 
53489 61133 
71051 72618 
40116 81354 
68039 41958 
16598 35761 
47191 1803 
58754 10392 
7844 46287 
23759 84074 
2357 53603 
38529 38725 
98305 22968 
23561 74600 
42732 48706 
44023 12244 
69075 70270 
47123 77815 
6301 66042 
40268 36531 
46694 90841 
87978 60196 
3883 92375 
57254 89041 
45909 80198 
20833 75591 
19442 62285 
35693 78818 
90801 8924 
50216 10545 
16955 51423 
57551 22853 
25457 73958 
5029 65237 
26090 10940 
89877 33250 
98968 19375 
20019 76654 
3964 55964 
95420 34322 
34516 52050 
70185 15650 
95252 46044 
88581 53768 
17316 2583 
49139 14525 
37898 20413 
40187 57073 
61172 6894 
7432 6775 
86714 76003 
59622 19262 
38427 8863 
91863 85640 
52114 1061 
7816 53156 
83053 9410 
51786 13103 
76263 2296 
19627 38269 
1666 12414 
3430 35971 
93889 88411 
39104 19487 
52219 42852 
68254 90685 
50050 97943 
96179 69670 
75142 37545 
26337 3501 
72095 84279 
78274 35315 
86695 33920 
50839 17666 
18096 95745 
75357 9420 
69306 7159 
14533 4264 
49028 13666 
1959 700 
18642 31131 
84432 38327 
96935 36279 
24661 93279 
32199 63512 
45515 46897 
26374 21389 
48576 16011 
49166 80456 
19594 60647 
11396 25669 
41332 65569 
76329 11236 
70299 25713 
75312 3482 
98084 52434 
59780 48223 
10233 57384 
65538 53119 
76059 63941 
87201 32617 
51292 42280 
60761 23358 
52148 63500 
30488 41287 
64166 20663 
32707 18206 
82082 70160 
63474 25155 
38052 5526 
9767 62746 
64676 87627 
14526 74465 
56574 20089 
14749 17950 
39681 76905 
38772 11378 
30940 60356 
74029 57380 
72756 91677 
19735 35236 
56349 14367 
20354 43637 
6056 20584 
35126 70926 
82658 94781 
36571 67468 
77986 5530 
46576 95705 
15331 66445 
12548 37419 
40600 30165 
98061 44897 
87683 75568 
12547 32915 
28188 97674 
32789 21838 
70434 12168 
75320 58671 
55558 42024 
63322 62468 
9589 62402 
94192 63317 
49517 41806 
54686 29958 
8664 32449 
49392 10120 
42087 30806 
5244 39766 
96260 50563 
89910 12720 
78956 24457 
35093 40506 
45026 78955 
87129 73734 
21690 6304 
16755 1022 
32993 92127 
7508 89149 
47210 43624 
7924 79070 
63326 3313 
76589 6381 
73060 26351 
71031 71976 
83491 45666 
31565 48890 
61980 48425 
89404 74682 
69858 39822 
84717 45250 
84294 75734 
14779 95558 
68753 4485 
44944 25552 
41636 69763 
5926 5375 
9985 91689 
69677 73043 
80520 61112 
43169 19829 
33844 53353 
44443 43885 
49280 92008 
28550 41007 
97610 70783 
12322 92927 
76892 71962 
6408 8187 
52564 3767 
592 68372 
77191 15701 
64147 33357 
7537 40891 
16808 63253 
6996 57533 
97944 21847 
20002 57722 
11584 36575 
31672 61262 
53178 3474 
80724 14504 
30351 42044 
76629 69818 
74326 24572 
82989 49998 
1348 27256 
68282 63722 
24117 76309 
92425 53114 
32118 91244 
92984 22542 
56688 59685 
58429 18968 
11769 13265 
27456 8469 
54515 12592 
33222 21020 
41267 90735 
19213 16164 
63888 49335 
89533 55912 
39037 49182 
20523 58007 
88697 87995 
52951 42662 
94116 12121 
4390 78897 
27279 66037 
89936 82855 
64149 43739 
16107 19735 
62116 69543 
17518 13459 
40467 2274 
38858 73741 
37124 26470 
25706 8919 
27541 66995 
76923 4735 
82327 39307 
28600 14169 
9055 26649 
84970 21533 
70650 57549 
85247 15188 
97871 42288 
96966 27585 
16622 15347 
56242 78764 
92156 22360 
33222 90014 
51743 84753 
87089 18087 
84932 72943 
89082 97178 
36286 19930 
34346 65819 
99315 11032 
33773 98909 
92287 92728 
75568 61285 
46712 53752 
72937 48563 
67511 45015 
69048 83417 
30233 21403 
53355 91024 
65137 8150 
54401 86104 
40595 17214 
13376 65800 
98941 64995 
9980 17572 
16780 71706 
7580 19358 
58738 54853 
8149 30451 
68701 64548 
59170 45830 
95855 46716 
34436 14162 
84163 61807 
18631 233 
63384 31229 
61568 6260 
67364 31466 
32154 53358 
71004 6748 
94416 64385 
81218 25117 
48348 82435 
39115 59885 
26856 5452 
90755 38712 
16758 16759 
62071 65935 
76567 43725 
29861 90260 
56699 82374 
15255 59571 
88785 84413 
38643 77368 
99926 14992 
65786 51202 
25014 54435 
43661 2513 
35651 35260 
71596 89376 
77731 76983 
78301 78928 
11427 5535 
78674 94631 
77080 21539 
65569 55012 
68419 12294 
51214 15178 
80585 85966 
10543 20131 
14557 43330 
94448 79802 
61895 92342 
74779 79721 
64119 53871 
54932 48379 
39564 3147 
29913 12568 
97229 40752 
8037 85399 
11904 89465 
12734 48167 
17802 68806 
67423 6884 
88906 7836 
29004 27046 
13456 18583 
76259 76084 
37255 67390 
78267 31941 
45883 49568 
64949 48362 
79457 93920 
96931 2725 
25227 98011 
85137 90631 
13083 22518 
41889 72965 
46958 53535 
54748 25764 
41154 75430 
61929 91015 
94769 83641 
73847 77335 
29685 6753 
29215 13524 
38014 263 
96054 15112 
33390 20631 
28101 84246 
77198 87517 
65315 26674 
55584 94586 
23530 36065 
16030 34768 
52762 65547 
33275 64616 
56308 79093 
63569 44172 
53452 51252 
63484 53713 
37494 62760 
94964 6828 
27735 21651 
11788 50431 
39193 24774 
24311 66677 
97027 62992 
69117 69153 
3995 64836 
68139 16297 
28747 68025 
47816 48696 
20352 6015 
3049 93721 
70184 97605 
32978 70888 
36132 31666 
46009 74438 
16069 46143 
30087 5765 
7639 10774 
10828 77696 
19599 36323 
74953 15023 
6346 49635 
19327 31269 
81699 93461 
96993 70378 
30619 32738 
70714 63805 
78274 74895 
51836 68451 
94691 40764 
97691 18925 
10224 54803 
64301 48847 
92155 58577 
62794 10179 
85979 89846 
47738 47043 
56242 11100 
73495 61036 
71332 16002 
90759 38748 
64143 89973 
19568 99014 
66326 52013 
27384 57352 
57649 58874 
61256 98121 
93961 9812 
31589 91131 
77376 50407 
21724 88724 
10493 37333 
2308 91826 
32825 92427 
62345 78999 
72085 44087 
29871 51246 
55564 26719 
44311 57105 
17577 84904 
59925 27544 
7780 7895 
5099 68210 
52144 2221 
95820 27785 
43479 95423 
3299 85522 
41599 52313 
5509 78469 
44593 76663 
10326 19459 
52119 65858 
23952 40636 
79255 83801 
52528 34102 
95144 18224 
67052 51204 
54527 92588 
32204 65070 
62237 9866 
98140 97161 
60817 15751 
81053 57954 
59640 82235 
13014 54282 
30281 28984 
24567 71460 
77327 19573 
34562 46979 
56455 92405 
60877 14393 
52283 12001 
32968 10954 
47387 55368 
82584 10624 
10811 80276 
12538 65272 
9543 57517 
95071 11189 
99598 87622 
31134 25507 
84741 63985 
9826 97642 
40336 89010 
43261 14604 
87391 97610 
16288 45827 
67641 93295 
82799 53087 
14286 56082 
60726 44190 
35048 38584 
26413 35259 
24243 26889 
85673 85782 
98846 6235 
3638 23043 
9821 37963 
8428 78085 
14509 23882 
44678 14086 
8414 6925 
42148 39813 
5508 32859 
81913 65786 
24963 76799 
88029 78824 
89246 20435 
46141 81869 
63565 51103 
52110 70271 
69906 42234 
23571 93164 
90241 66205 
65207 79158 
32953 85246 
64577 89211 
74124 63827 
9495 96418 
1074 46798 
60233 82350 
79340 51592 
80246 82669 
36320 29899 
27639 10926 
4844 64506 
36255 38774 
98201 80336 
70067 13248 
94475 65268 
17447 47367 
92518 15914 
2923 28956 
64501 46291 
33208 54462 
70683 23231 
61558 9415 
20912 21325 
49928 85304 
64308 22381 
31935 43800 
63734 19587 
31292 13588 
64808 24974 
70167 32496 
628 20270 
9823 28201 
82806 35858 
1946 64457 
17030 90328 
93200 66618 
47085 73947 
17877 80176 
75114 13439 
33862 9092 
27874 12529 
5731 26887 
38837 23014 
15411 52787 
94212 64461 
85635 37653 
47316 77168 
34345 9983 
40169 62630 
39211 90984 
83834 38521 
80610 99509 
39689 11071 
48683 32612 
12712 46734 
45513 25526 
14813 7145 
86972 66073 
81329 96668 
10497 62817 
27061 60148 
24777 43734 
9544 60053 
95296 92713 
26720 56762 
45684 14911 
13803 13558 
68990 58805 
19819 48721 
85296 12705 
38173 61157 
52468 36577 
37553 63096 
35409 86214 
89593 63677 
65819 36097 
17920 60583 
79251 9747 
99587 13425 
99176 81919 
34330 92182 
48796 25692 
59719 16768 
10504 39323 
30968 29665 
20171 2667 
3046 72585 
78875 81042 
49662 70224 
88170 15605 
28845 59456 
66729 13615 
58023 40673 
85891 79413 
92866 69484 
69641 7505 
13637 51622 
40512 92831 
10389 51657 
57110 120 
24053 76989 
81222 74158 
44344 52615 
32885 65891 
87347 59255 
40324 95453 
75764 67736 
68345 72525 
23029 65844 
13519 46888 
78828 40416 
87448 67595 
28047 47031 
70395 87857 
47771 72442 
6760 64597 
17663 70750 
31133 66513 
47920 33340 
59094 22617 
35964 34710 
50446 14351 
88121 81603 
54247 38745 
45776 81201 
74761 47490 
36826 35674 
55391 97385 
32739 64981 
63675 31294 
29106 57587 
74587 45590 
83320 49639 
91678 89963 
36846 37143 
15982 88580 
21517 32816 
71185 67748 
99407 89532 
20169 24557 
14032 25686 
62867 73419 
36998 4265 
88249 62988 
78669 37080 
64312 64636 
94043 8337 
89097 95474 
55730 37641 
93035 53857 
84793 31479 
78360 13358 
27164 4414 
4832 42424 
38462 86423 
82687 91201 
93252 71242 
13522 14477 
66142 2037 
27721 80283 
41573 35380 
3068 47317 
96770 72255 
13359 81256 
68035 95696 
48103 19883 
54409 8659 
64804 90092 
34721 22871 
83883 25964 
74106 9634 
12913 36474 
74331 86971 
91669 23797 
78601 83961 
82373 58761 
75973 92790 
90566 78688 
63146 91755 
91201 84672 
12071 98357 
51819 80296 
60700 90636 
90101 11836 
91165 16990 
76607 41225 
84765 21 
95186 7331 
46358 28293 
3320 8560 
72136 21418 
92575 70375 
94177 48485 
35363 44984 
72823 77638 
18395 27292 
23618 35453 
5476 61136 
59404 58791 
42691 52903 
139 28920 
17614 5816 
53102 87965 
10762 37476 
94370 51109 
32375 45719 
88811 44484 
20445 43385 
70288 18314 
87012 91303 
66379 7629 
38856 20608 
92656 38747 
66034 50451 
60377 8716 
87106 75213 
38455 97063 
63418 16564 
85644 4415 
46508 9966 
22102 50959 
2436 22725 
40866 9215 
64789 81208 
69204 90213 
4131 18572 
77450 49910 
65824 41139 
98620 33595 
20444 51522 
65965 30002 
91411 59641 
97599 63992 
73007 58991 
57414 16920 
28591 44805 
99750 27182 
63627 3245 
61599 89933 
1043 6265 
623 44615 
47469 5524 
89852 11654 
28066 30523 
70650 15610 
84957 61084 
34388 11022 
79649 62366 
50232 9351 
13407 41785 
81556 90664 
81170 11542 
36716 72079 
4409 17887 
81245 96510 
46217 28827 
98047 99857 
97971 55672 
19714 12563 
41058 20621 
72849 52319 
29445 72549 
68115 68717 
9279 96213 
41697 7774 
90249 56273 
3967 74500 
10089 66870 
79364 85069 
88394 79922 
27854 16651 
48829 40865 
22788 82595 
99845 69275 
22608 83404 
3183 83607 
14535 9826 
26717 4230 
27247 3382 
73619 37010 
6525 11790 
3336 60894 
22924 11990 
11567 17224 
33780 11854 
16166 26008 
53170 83185 
3855 34896 
92967 23209 
28630 40319 
25675 89538 
16917 7075 
85494 4467 
26833 52559 
67891 78449 
29285 54927 
9930 59735 
27208 90671 
33715 77432 
5887 6377 
13516 8572 
12092 81912 
83511 66346 
92667 47831 
37522 76218 
84260 78482 
84754 79463 
35027 94127 
16237 79477 
56424 70316 
5544 25273 
48637 70829 
14325 8662 
16710 91683 
98264 36904 
96094 28036 
12351 30967 
36143 53231 
95646 91056 
47970 29826 
75212 65686 
9133 56113 
66515 58343 
31756 88477 
63249 6645 
43004 69848 
3469 72919 
97217 37620 
70815 92249 
37558 80541 
39765 34292 
51679 63446 
2045 48540 
20707 41116 
17675 79218 
43751 38122 
18618 55636 
31173 80201 
55582 86548 
99017 24546 
19250 12975 
64290 51292 
86073 2945 
36191 46593 
35707 3715 
21905 28854 
62307 2332 
17276 43980 
55087 83713 
32409 82996 
54909 16992 
10217 55900 
3148 45457 
31903 89348 
86665 3185 
67585 2562 
48441 32350 
22518 55797 
77289 29187 
49789 58779 
12014 3723 
48907 72710 
95506 98637 
46348 38743 
92455 75991 
58925 18298 
40746 47087 
73735 36126 
41044 90315 
39506 75743 
1692 74635 
53289 88654 
46764 82185 
43757 43749 
63951 2546 
97750 61291 
15955 53295 
50290 47143 
64129 66740 
59887 67165 
56368 71120 
20797 79171 
12554 86042 
21773 70397 
381 46565 
46892 32132 
31931 68088 
28202 39954 
27151 65094 
2228 97992 
84178 40772 
92761 48672 
68463 71719 
40917 45606 
82729 22123 
30094 36601 
8037 35245 
8253 6209 
12546 66513 
92847 82793 
9074 42157 
54767 23796 
5124 50080 
16830 54690 
29784 95547 
69619 52051 
40749 83249 
2898 29248 
11686 19463 
74353 4447 
75271 63256 
89080 4929 
50425 94075 
43021 89173 
13660 4560 
91456 48718 
83881 72052 
39699 85516 
77614 10025 
17309 47288 
57343 51531 
89403 43354 
39481 70781 
79070 56468 
50494 6081 
23434 12378 
19758 7633 
62554 68147 
75994 97041 
65147 32715 
70439 91926 
28026 38755 
84408 18627 
47181 43554 
91476 8751 
47594 48467 
35262 51210 
76152 91455 
52613 50375 
7456 85257 
18979 23127 
85829 44950 
17866 52801 
28512 72969 
39464 6453 
44808 47098 
94910 13330 
83851 87509 
92110 97088 
9701 62618 
56642 52037 
16646 30336 
96985 54582 
39854 1258 
7179 5031 
86951 53363 
71961 2061 
14611 24024 
89568 62402 
931 54425 
55565 11665 
19134 63921 
57462 88746 
1037 87456 
14300 25879 
89808 17840 
58033 89146 
20632 56496 
94217 90146 
35233 91238 
98391 8520 
31605 87701 
1494 97162 
73820 2245 
92765 77206 
38463 98459 
21791 68234 
54018 76840 
12723 40691 
97438 7789 
13146 22091 
48176 91746 
87687 36361 
64108 57133 
32178 6556 
36058 46664 
28016 5175 
98063 35706 
78365 93440 
19031 72513 
67915 51144 
78119 29524 
66154 62077 
30938 7294 
50444 86511 
6602 38269 
59681 21877 
36673 96230 
1890 25522 
6216 29116 
29861 49284 
34468 97822 
67757 14675 
38011 21676 
18602 39539 
2922 2460 
7661 12345 
93968 23181 
19937 98636 
58772 95222 
71374 55663 
42712 58070 
12805 25856 
16425 19526 
3299 77556 
31874 61099 
5279 62280 
65281 23239 
47628 61829 
75614 28123 
74977 5657 
5836 93915 
51460 49171 
80825 43699 
15450 17033 
10609 14792 
88139 32002 
90525 29630 
23287 69527 
887 98181 
48078 1019 
47965 83613 
85725 14631 
55317 77900 
69337 31360 
9956 2120 
53508 66446 
91353 67384 
5213 21254 
62940 6648 
8782 29236 
85575 15116 
51121 21068 
20314 17491 
62772 18677 
23903 14026 
78023 15626 
4532 44168 
43024 52221 
97709 46480 
44662 47693 
42486 86646 
54967 8932 
86849 71519 
85892 95526 
27695 66500 
27556 84212 
95641 85983 
99341 42368 
27812 32156 
77780 89794 
32777 16152 
77690 787 
40968 7348 
53785 74395 
51220 21557 
58833 79738 
29455 76936 
41377 65416 
89072 17591 
91173 7259 
84291 29226 
43681 57094 
77444 48571 
36331 46662 
99151 98931 
68718 95474 
6338 67880 
56528 69144 
57205 79910 
84658 35612 
64565 6843 
58907 70679 
59360 1829 
27524 71392 
94700 38965 
94058 46099 
47442 89894 
71111 63337 
29101 71176 
31017 58249 
803 51775 
93876 14832 
98006 18733 
56003 65105 
9909 60881 
2585 72114 
25720 45400 
67149 92751 
55386 30115 
97456 48451 
55911 75567 
62510 67100 
46063 95266 
88591 97881 
72029 9935 
43600 42252 
94523 52146 
98434 88915 
3859 1413 
81732 88380 
33671 16656 
10055 53578 
36243 72867 
19412 27035 
2843 1883 
45988 12195 
60950 83364 
4079 26761 
56966 31393 
87417 99308 
37755 74544 
76430 96903 
77290 32849 
68468 41109 
55701 53767 
60606 42514 
87195 81096 
5361 59780 
10588 95681 
28514 68236 
1613 84867 
45204 5146 
39694 68832 
35534 44058 
63549 36220 
44190 39004 
79740 18985 
49887 70827 
46247 66884 
9949 22548 
39123 65767 
22925 8424 
24494 80626 
67846 82257 
424 94297 
72618 54472 
43587 55795 
35966 54656 
94219 48428 
77487 86483 
39485 37175 
18565 35319 
10191 57246 
3260 5330 
88646 61295 
52753 82528 
36576 51477 
9523 42935 
91077 84330 
68168 50963 
43949 51419 
8611 22056 
15111 6738 
44412 55817 
54365 33066 
74024 81076 
57419 13774 
76009 92726 
61875 4047 
20628 1682 
96785 76016 
79658 63916 
95434 46027 
3897 2313 
45146 79051 
3544 85932 
40208 5211 
10480 85284 
24422 76455 
23465 79371 
58306 37587 
37337 50462 
22655 85213 
35554 65985 
74943 40558 
81735 13400 
7952 67719 
80355 23557 
21060 27589 
89339 90800 
3779 69490 
58007 73935 
48408 27531 
32696 41219 
54094 6742 
19331 4621 
58112 15235 
17349 73887 
31847 22969 
42552 49298 
8739 5124 
37871 63538 
69365 58661 
30446 77690 
94875 64344 
31061 34152 
14132 3299 
87665 70147 
12236 27144 
98589 99478 
38476 23779 
63011 77342 
50319 17124 
96344 73249 
56695 88397 
66426 90472 
78620 8990 
12751 86971 
28116 30533 
95452 72352 
17420 86459 
83325 78172 
49619 21184 
30946 24799 
9172 77952 
13729 37012 
66135 44480 
86797 92688 
31493 76715 
8597 24139 
52631 95326 
23425 30079 
17771 77019 
28395 97676 
46109 43306 
59814 78791 
76427 83059 
21576 12244 
31115 31999 
43859 34842 
24813 72212 
4303 77898 
7299 7838 
65780 3105 
78798 19290 
85000 91871 
92516 97660 
24380 65615 
64026 13419 
56002 81022 
40003 79082 
80899 13879 
39883 24197 
99564 17872 
73137 12845 
60245 20607 
52179 98762 
80495 98117 
66295 31273 
84354 51239 
55560 96419 
22695 92519 
25325 1973 
47457 40662 
71675 92463 
91836 11053 
46155 10937 
68004 85516 
74098 7831 
31477 42211 
55043 34169 
77032 27468 
16037 46240 
24867 55347 
58993 91979 
27718 27849 
41838 45438 
79701 78954 
59843 5105 
35907 59047 
48289 74211 
58099 92773 
10558 96773 
86356 63045 
86768 31792 
99071 96605 
17219 9856 
64486 52495 
22217 31312 
5733 43741 
15245 33276 
98381 54714 
89985 73919 
94541 51878 
73356 56766 
20826 24001 
16534 45236 
28814 29433 
3786 98161 
86122 72660 
95046 90761 
83796 80121 
82272 72336 
1469 96121 
31924 51886 
15541 73716 
6332 95952 
57667 92546 
5218 69142 
30874 95856 
45341 47127 
68906 2323 
985 84343 
80701 14812 
60932 24193 
56408 17818 
18605 98238 
23927 28084 
1221 72674 
35691 38798 
61057 65345 
34254 76738 
97396 74615 
92216 73898 
51183 32572 
47122 40357 
16157 19420 
55188 13535 
39945 53294 
69057 50508 
46551 329 
4266 24646 
97706 33517 
96690 85613 
24689 5668 
68963 42660 
4528 91763 
17724 35106 
24890 99035 
5492 61076 
80522 39324 
91100 45783 
70739 7538 
60817 44046 
22261 12531 
28635 88219 
44604 62241 
58695 12354 
36264 13657 
25394 6155 
99096 59953 
67453 78181 
85572 42128 
11074 36738 
99015 40501 
34282 29046 
90440 22645 
19644 14510 
47287 98630 
95796 86310 
49139 61896 
99523 97028 
73394 74666 
99648 88644 
69912 90457 
11560 75021 
87844 93092 
96938 75836 
30070 71567 
87078 54955 
31165 43158 
90203 73348 
3268 83380 
43240 26918 
70957 20696 
46740 2989 
20963 6356 
78023 55691 
25511 75249 
12034 70121 
59075 72425 
92048 57921 
17517 31675 
83059 2762 
65863 57568 
9535 53269 
86362 80363 
26208 43004 
72035 24444 
95653 2431 
12555 55194 
49629 16110 
49107 46725 
92530 69920 
32774 43393 
64722 27702 
7025 71756 
21186 74499 
49066 96422 
96574 64417 
47065 3202 
21654 15163 
60704 36029 
28085 98429 
11029 10301 
28557 85548 
72227 74625 
87564 21226 
92758 95386 
4410 14668 
56170 94107 
14546 57026 
2959 76299 
77900 96869 
74004 52271 
63612 31239 
3385 65345 
59428 98882 
83803 10971 
30963 94340 
51368 51431 
31163 56879 
88150 5143 
13516 26576 
20725 17016 
33879 1417 
795 96851 
35307 73867 
90055 46532 
97842 73148 
35595 83485 
930 90309 
14440 7904 
90018 17213 
46228 54258 
60816 87667 
21561 13804 
74848 69184 
70224 14144 
98088 17249 
98261 94304 
10883 70458 
55801 19389 
71779 34540 
58548 37537 
30520 75994 
75047 93744 
76162 22010 
9072 80033 
75124 42276 
51945 19557 
969 70464 
53081 53355 
82782 8402 
58762 22865 
2261 44336 
98878 18679 
50976 8182 
59329 96629 
18712 81312 
63789 45969 
21427 76139 
2704 31245 
93075 1686 
89666 19365 
59373 35303 
95758 46483 
83598 27817 
10926 75453 
24560 79692 
8185 43987 
75152 39098 
41161 6030 
56201 89361 
88457 24478 
24835 12817 
69315 82030 
19167 40924 
94233 38798 
1824 26305 
81464 80226 
83692 1426 
65752 66945 
6237 20757 
49189 19376 
35831 18462 
95709 44226 
76767 52124 
50587 37428 
40963 44434 
74138 78685 
21861 79460 
14915 66442 
7588 57838 
11823 28927 
34205 66114 
6881 86862 
23689 69464 
70736 36494 
73279 94165 
91619 67784 
62924 26411 
55039 31935 
25755 17488 
46342 24850 
82917 51793 
41145 58692 
78492 3829 
9694 52420 
62908 83046 
50369 83962 
63909 41304 
84825 11662 
53030 96705 
92680 90673 
62485 9691 
37197 81190 
32477 32559 
35060 69700 
72162 41912 
53134 1900 
98838 55070 
73006 56476 
79420 26108 
50144 72643 
35846 14932 
8668 81144 
91776 23671 
55011 78378 
31821 98691 
64158 26361 
16480 3654 
90691 57433 
46071 79286 
83528 11936 
95185 18928 
38013 39534 
45506 5415 
1952 50406 
29334 74483 
63207 11229 
58748 92628 
85609 42714 
56046 63269 
27277 90349 
19985 4007 
70792 8121 
59265 69959 
18233 16151 
99852 33361 
55762 67488 
25925 68031 
72184 86783 
45581 28792 
23856 24079 
81920 60555 
74341 706 
77718 19553 
1362 11020 
67621 40079 
55902 83726 
15642 34063 
78689 99553 
37716 68007 
27875 8255 
29164 21985 
48335 87229 
95142 98849 
17828 36470 
38486 18254 
38172 10179 
93870 99749 
589 43985 
9750 11947 
43576 48607 
70309 40662 
38920 5690 
18484 7879 
86889 19633 
88089 55599 
75167 50400 
78179 93821 
57764 76652 
6008 296 
39914 15942 
56281 51234 
12881 59317 
3882 56724 
68644 61332 
24848 72406 
38562 63317 
26083 59825 
42438 17679 
18160 71871 
4797 24069 
27525 46855 
93712 84458 
94522 5030 
64205 33474 
31863 54732 
43016 2783 
24546 31829 
74428 33881 
36664 15784 
57915 62342 
53165 88414 
47490 58391 
25336 27276 
49955 23608 
7651 54638 
54634 11642 
70554 95116 
50740 61989 
48902 30308 
40142 10230 
38965 77130 
33133 65544 
88258 58084 
22666 26885 
31942 76289 
68594 42912 
17125 55887 
87581 7559 
22134 59287 
36672 23093 
21650 46742 
98872 55560 
70594 860 
27672 53718 
79740 98920 
84077 1873 
34248 79228 
4502 29461 
62671 14277 
70798 5814 
98457 73061 
14721 7211 
88554 27697 
78294 55144 
94465 35355 
68815 89671 
99939 5501 
92678 59798 
86464 44610 
25687 84004 
62802 55732 
79225 58369 
38073 58694 
51414 67181 
9192 88208 
10315 81474 
92977 21799 
42255 14656 
70812 87217 
12520 41155 
29501 99859 
27946 74027 
75774 84765 
61353 40454 
73879 44842 
96285 90313 
5820 47254 
77201 22297 
81983 13285 
5033 14481 
36265 13478 
941 1839 
24294 89487 
72133 51880 
5916 46848 
52773 51390 
33848 88724 
60285 32215 
89254 89710 
2780 32089 
1959 40899 
96861 7692 
68130 32666 
6717 91445 
31459 80007 
95211 10995 
25244 36779 
85572 70897 
82231 89803 
68344 29713 
6672 71560 
52384 92529 
68796 81076 
51020 78878 
25709 56615 
14855 19082 
94732 899 
71262 78242 
5294 19859 
7269 6410 
33669 99274 
37305 65933 
81278 10178 
30221 92501 
91646 3533 
30989 5143 
13806 27425 
1686 92231 
10582 75908 
23629 65473 
79074 57653 
47938 91971 
97638 54646 
55362 85586 
38730 26470 
87828 63191 
90227 4071 
43992 48806 
9183 8400 
88953 39212 
91435 23977 
14352 28300 
78089 55151 
99214 24238 
35634 93737 
64194 83495 
40270 30676 
82289 28804 
69031 51539 
7620 14350 
50345 65915 
10535 50792 
54943 34113 
62086 5146 
14329 71117 
93833 46153 
38538 27359 
69965 14422 
67469 68621 
47887 58466 
30832 3264 
70716 92697 
10582 33995 
30512 1487 
96684 43483 
64656 34628 
2160 58423 
99391 13818 
56578 75001 
34356 97233 
28511 70229 
69863 29850 
36940 68243 
14672 40827 
99197 78422 
76209 36106 
28760 73034 
27434 74313 
40037 26170 
64993 7130 
39296 92799 
21809 11459 
80940 67076 
73947 40070 
46602 22391 
86341 69813 
60834 2151 
74926 32084 
91675 99937 
23700 68892 
96960 40386 
84451 69719 
67958 48100 
4142 9283 
90786 70796 
70346 24396 
92989 5135 
38707 39297 
67822 58840 
7995 73145 
71940 71144 
38166 40823 
73587 5101 
64727 88737 
87833 19903 
48721 91019 
73003 29123 
15851 68339 
78179 51675 
80500 81473 
25479 66282 
20852 94849 
82820 87375 
69835 1485 
32947 90600 
13263 50036 
72734 29495 
41359 17114 
83127 1380 
82731 23640 
94561 40174 
60922 2611 
35268 36555 
52799 87564 
90639 11802 
95357 5898 
20646 643 
82899 29299 
79280 30548 
20097 54730 
55085 20200 
48103 63722 
5090 58207 
40667 35173 
85754 64661 
75111 67421 
94070 82757 
19068 99043 
19512 95452 
38031 4659 
73274 13008 
21065 81947 
5077 31280 
42427 39152 
39796 17742 
25386 38571 
66267 42472 
51183 50776 
88837 34735 
60873 26845 
8590 12271 
30684 1351 
35632 45 
62572 97636 
46444 27968 
20822 18649 
90994 72963 
62792 71602 
23198 89769 
57365 92759 
75241 57009 
58150 9853 
21410 50274 
181 3954 
80279 42383 
18614 10056 
85460 22479 
45852 26196 
14594 20230 
29558 84631 
3851 19176 
28173 75422 
90935 44145 
82844 2666 
23452 11644 
35076 96760 
41434 39282 
57957 2203 
92952 20526 
95473 9797 
69948 84466 
59194 4538 
57771 76781 
14549 56057 
76374 17709 
99929 87158 
53725 15601 
61008 17821 
12715 40499 
49978 96978 
71679 91183 
34797 2433 
55644 21277 
87063 10499 
90474 25244 
68825 11227 
5359 23472 
18400 72547 
389 27183 
43177 37227 
45468 8498 
63434 70211 
64397 48759 
15360 60747 
23684 89094 
13720 23643 
89491 61191 
95082 37043 
38094 33410 
10976 344 
5335 67576 
17086 95145 
38765 45218 
9324 84590 
72518 88488 
90548 92031 
79453 70638 
12735 58619 
67660 83686 
28565 91253 
79184 6784 
3679 77250 
17654 97791 
86240 60188 
78467 12703 
4025 42539 
80297 42835 
60879 5031 
99907 48012 
34175 10145 
93580 55580 
32831 87677 
47992 89611 
61468 84023 
40901 92483 
50457 93641 
7798 1873 
53866 81097 
4466 50200 
87778 45150 
27406 60697 
79926 72553 
4155 24536 
28292 78537 
93774 56815 
21094 33385 
44095 45711 
53483 30104 
36836 28743 
87319 56841 
14230 52839 
39550 99565 
21605 768 
52009 15414 
19137 95523 
90845 85236 
13023 26358 
47346 75002 
31366 75433 
63567 10089 
23349 62399 
85975 93901 
91557 65783 
58203 82828 
76831 24621 
81 63250 
2609 71578 
84239 63122 
51435 99644 
13870 70582 
90166 18533 
25670 25133 
82398 13994 
90473 93113 
26679 83548 
60798 38482 
37373 85506 
19278 52423 
41315 4635 
14861 10792 
97920 7498 
34726 87151 
62981 33184 
48986 60954 
7122 41104 
82563 25360 
68721 16458 
14004 17251 
68085 16157 
74579 63204 
34760 23214 
22615 59479 
3087 66011 
97846 81544 
12450 50332 
18449 49210 
8144 46705 
69469 57145 
76395 73344 
45514 17345 
62759 15836 
52865 50106 
17018 28766 
46563 3072 
79618 71560 
76589 74153 
74827 41105 
43879 63407 
3997 77084 
21723 81441 
38656 32441 
81017 97420 
97653 21062 
68836 18504 
55141 77478 
28996 54316 
66951 89276 
20538 34999 
21699 91950 
85467 19499 
20010 47983 
40647 51871 
60275 67271 
20374 97759 
62621 64341 
75969 20600 
94121 89324 
46618 37725 
67702 14289 
51729 30147 
74876 4276 
19249 66726 
78067 53266 
56645 43262 
32212 19311 
91686 30199 
27263 50184 
58680 68777 
43303 51177 
82497 54784 
88246 10016 
17476 1539 
44397 60422 
31246 79246 
84662 35411 
84494 86609 
31753 34234 
46923 22369 
24499 2718 
6862 89385 
24190 5748 
77474 81958 
40864 52813 
75967 78265 
84548 22733 
53949 84093 
49678 22113 
86786 51525 
22291 3537 
87778 26768 
59019 64174 
98985 65016 
24548 43190 
24693 87070 
89910 37269 
15800 42348 
87828 57540 
83818 86023 
93299 58315 
21706 74185 
47710 78335 
35430 30251 
73003 48567 
44905 38306 
28734 37120 
95919 74587 
49379 21454 
35633 97056 
61792 853 
43453 74784 
23493 87945 
76316 53842 
41265 47129 
82874 24451 
26548 79845 
64577 75307 
19184 91894 
13323 95377 
64333 16410 
35122 10824 
58665 7553 
77138 25359 
91472 64664 
11511 65953 
93899 94347 
93505 22692 
75221 68819 
3834 11496 
68960 92911 
5411 81457 
33592 49178 
93311 34802 
52686 50878 
93395 26741 
57567 95923 
69824 64946 
51908 81438 
34614 33945 
52159 8167 
13399 28437 
70295 76739 
10748 91303 
56103 53674 
35658 17091 
85073 64016 
93253 99761 
24920 49619 
22257 74705 
38882 17339 
59480 29361 
87137 89802 
42314 34178 
69052 62881 
18175 76263 
8431 68686 
15854 61722 
21546 40579 
47875 89546 
23439 77658 
55292 89794 
21841 10095 
76717 61939 
20027 73910 
21946 45398 
19 13957 
57175 3604 
85772 47316 
63623 5398 
92331 35776 
14241 43130 
51415 35712 
24275 35474 
66487 16432 
70562 24871 
91069 63950 
41752 94371 
42960 16106 
77060 96765 
63924 7144 
74658 10076 
9554 35066 
2531 7777 
7241 3468 
24332 59570 
51498 31091 
60761 59115 
15380 66916 
42966 8785 
44351 96415 
78656 78347 
64633 75417 
43887 94414 
81965 82098 
33912 10563 
68637 34675 
54992 54220 
36780 82698 
15742 45733 
74116 43153 
81385 37470 
74709 19151 
87162 26384 
31736 8562 
68209 52144 
71900 82729 
52371 4756 
1822 91274 
79690 30564 
5604 27995 
57728 43552 
79713 75025 
35425 20073 
16457 27612 
79839 79461 
50520 90320 
69907 30408 
64402 26927 
79283 93549 
8043 40909 
6322 94414 
25550 61201 
23479 57695 
97631 8744 
60621 23733 
2220 23386 
7220 51198 
67726 37797 
16887 66109 
43441 95331 
24381 66690 
39884 22135 
40020 95952 
98171 80319 
69321 49512 
32013 48630 
16735 94801 
48504 99811 
71498 39673 
94614 69721 
40917 3326 
95130 42303 
91805 10554 
44775 6584 
84322 51510 
92313 77179 
34145 23482 
7699 8133 
18657 98651 
54649 71441 
50772 42318 
512 16217 
80048 39828 
82878 72232 
44888 77205 
18138 12427 
91914 60463 
81004 43014 
99040 51617 
5996 46880 
87254 45632 
62008 66312 
82820 11831 
29272 74386 
96383 75753 
64388 50907 
18369 22998 
73566 48392 
91103 65306 
26830 6364 
7236 20915 
36639 48074 
1358 26204 
93242 72799 
47072 13666 
96056 38988 
45358 62484 
45439 18758 
91693 52263 
62478 92662 
39207 27935 
85732 45115 
33027 14422 
53366 15519 
77046 3309 
16692 57871 
8457 70628 
46870 62522 
97726 74770 
90356 97745 
62071 26619 
668 35933 
79020 20200 
24137 39448 
13348 61429 
45515 94580 
25401 35018 
5703 98533 
11784 5139 
88268 24011 
40398 54146 
34094 8712 
80974 25473 
84161 42941 
99541 51767 
69345 57524 
80675 17374 
63087 46371 
64910 25507 
87867 93254 
40352 14708 
19658 10775 
7317 96696 
65874 40985 
42741 68233 
1801 11743 
27119 83333 
38098 90679 
60920 58977 
57669 29472 
89685 27405 
4077 45181 
77432 41159 
25614 42499 
16544 83201 
79266 41023 
38947 33800 
77010 35058 
98201 98255 
13253 79933 
25002 5164 
46670 68461 
19671 43565 
22323 33933 
34322 19163 
10636 91885 
14723 74727 
8668 11920 
17243 37879 
96107 92964 
89852 30622 
63470 612 
7744 99327 
33262 13574 
84010 1297 
76157 17766 
33621 14619 
83756 81193 
55093 21691 
97076 40536 
8296 53650 
5637 31239 
9209 72826 
25859 96884 
32797 13465 
39475 20776 
13743 97119 
22739 32924 
61412 88429 
25441 58963 
60230 59462 
65096 94084 
9538 86359 
86125 4657 
68059 10685 
96480 82989 
7237 59749 
34840 6546 
45014 35068 
40395 81950 
27020 46221 
94190 86216 
45674 88533 
76090 52942 
39370 37361 
34667 89521 
93691 59152 
98646 52981 
74522 20069 
68031 56673 
58949 6618 
10604 27767 
94010 59560 
55255 86426 
5632 62321 
17406 71502 
510 18170 
13788 94745 
52215 96661 
23926 65764 
39478 29093 
33905 93357 
9384 85250 
54335 35333 
71112 69199 
38916 38574 
86913 30631 
42589 83852 
16144 71 
48992 25770 
85504 21168 
65784 97227 
3984 71406 
33370 29918 
14614 33733 
17661 27641 
76731 5906 
60720 17560 
2277 11849 
44514 96080 
27562 9818 
82419 80613 
87940 75912 
90782 76270 
77021 78255 
8511 67400 
14330 47137 
26563 47894 
15715 89436 
61113 11292 
59366 91882 
54353 32008 
66945 6989 
15034 82351 
74131 17969 
17243 46516 
47776 34461 
60377 12376 
17922 79660 
55859 44625 
32067 91168 
46880 68729 
6386 72922 
86296 24140 
43976 3532 
94765 77333 
13777 27620 
96332 20522 
35455 31039 
81873 20248 
95318 28280 
82166 21570 
26255 70974 
41830 58192 
20721 20065 
72959 66635 
9947 11046 
33024 53420 
34844 81604 
15436 18256 
54480 24075 
63156 93334 
86532 71309 
15827 19097 
50802 23857 
79126 40226 
91637 78830 
61389 72091 
88036 26363 
57022 57541 
21237 38279 
68809 6669 
58750 85404 
51984 88049 
31083 84875 
31716 18973 
22823 96908 
92700 84316 
73262 61633 
64596 98937 
83425 90944 
30298 16875 
56127 7761 
65364 82136 
53632 55640 
76410 10466 
43473 85387 
43858 89276 
17188 62131 
90169 83760 
9008 26259 
88524 41244 
11923 84678 
98897 92946 
87108 5069 
68557 62575 
89353 35103 
62263 4562 
85889 71036 
93761 11253 
28978 55675 
14664 47982 
53601 94379 
79397 97729 
10783 39591 
45606 22933 
14369 9337 
88284 81034 
74463 73186 
2838 62442 
14290 60366 
47413 54902 
18897 19033 
28020 76590 
43898 83160 
61354 61768 
20367 84040 
59674 27488 
28028 77126 
69699 97551 
73056 41718 
63201 10837 
99072 50969 
20836 95101 
80334 2737 
72710 44485 
94670 48011 
59284 99211 
50341 52929 
54442 89360 
45823 82902 
48893 71069 
74394 2857 
26550 53176 
46465 46351 
79139 85058 
91726 18116 
94988 52291 
20500 59515 
26813 5783 
69073 24483 
90298 32129 
27324 84703 
70334 58223 
48634 7076 
15037 71529 
71839 24020 
78988 28889 
42900 47646 
36628 21440 
9991 62600 
24328 60888 
79893 69154 
85384 53330 
65826 38060 
86022 30782 
27305 81775 
42491 17712 
1101 42829 
49402 20129 
49077 49453 
27696 38170 
3448 90982 
16987 19596 
72907 21173 
21474 91288 
84121 6218 
81238 28541 
72236 96066 
81442 47858 
1333 12636 
30820 37951 
91188 16505 
37785 75764 
50196 34935 
87628 9620 
66021 8323 
77450 29934 
85291 39687 
96853 89473 
21566 12299 
51890 79752 
66871 74317 
17335 17912 
46200 76048 
68110 49313 
46728 85442 
84495 25077 
73850 463 
47785 70921 
34714 23196 
43085 23927 
26556 59838 
64221 77211 
11968 63192 
72044 39009 
96094 39824 
91912 82296 
81825 2754 
48706 33823 
68190 62354 
28475 27324 
74456 13071 
24646 24667 
17833 91674 
73712 90830 
46235 53891 
10406 93852 
29201 40630 
75580 89285 
39854 82430 
91392 40177 
18718 21338 
77821 18230 
96201 13101 
22188 29566 
64762 9395 
29028 9374 
34024 9729 
71558 33736 
72533 15753 
37906 4063 
38383 16877 
15412 69805 
27594 85413 
84499 68501 
23912 61937 
99982 78726 
16613 67068 
22142 1116 
63919 84617 
22494 5431 
18813 22838 
29910 7457 
1310 75460 
1585 68587 
96642 72251 
328 43026 
82388 30058 
34744 32841 
39188 89582 
72103 49420 
79515 50572 
65031 21461 
36849 98723 
42648 34180 
93664 51220 
4348 32243 
90774 34702 
20170 69741 
52881 49369 
85527 44598 
85591 65999 
66 11870 
47659 48863 
40490 30692 
78941 96804 
75426 62982 
69256 47238 
26766 8531 
86327 93347 
16368 30724 
41958 23464 
49611 99899 
64799 3455 
78016 57227 
65313 87841 
52008 81011 
23987 63462 
21840 19398 
7346 711 
69813 38802 
18004 11622 
60165 25662 
14770 91610 
74304 70715 
96723 52161 
58587 59534 
31221 35506 
49405 90902 
19961 39114 
56071 45410 
39504 67767 
75857 30712 
63060 74082 
87500 36980 
68904 44492 
19582 46366 
67416 37051 
18434 53638 
33548 79852 
46530 71703 
14430 94413 
26850 15288 
92838 17084 
11252 78895 
26438 53340 
91628 50935 
49990 14768 
91486 35017 
23101 56626 
72538 81459 
29668 55033 
66000 67360 
86794 37173 
91516 1944 
751 5343 
57977 75385 
15496 76228 
49970 13972 
35230 90485 
91193 52199 
66709 34537 
41900 83265 
19264 56411 
31267 3462 
20903 50535 
47586 23064 
57411 32575 
9231 76583 
18025 24739 
17618 28631 
36033 24400 
49703 38135 
45570 34452 
82025 13285 
36915 92521 
50925 62346 
81742 47950 
44277 21334 
17091 441 
88916 18580 
22203 32273 
44924 18317 
95912 37243 
43032 70684 
43956 73763 
4627 83932 
15349 46996 
65174 26096 
84841 55500 
81369 58052 
64577 21498 
39922 97613 
42187 60763 
1580 15210 
84826 37995 
7866 65694 
19127 96670 
49978 67946 
95527 48521 
49382 54202 
72089 57122 
27861 24416 
7779 52491 
51136 57465 
37977 69206 
14631 50632 
16134 9194 
2571 81560 
44567 92196 
92312 12755 
84724 71831 
94649 87698 
32626 63275 
17832 99797 
68750 49722 
18107 50602 
43268 9151 
52824 52153 
37340 30345 
83502 69779 
49073 67670 
85722 46331 
88800 17828 
10298 96565 
32472 88599 
5916 11285 
74268 69546 
57275 64842 
39919 7701 
14724 76737 
70783 37463 
91513 38307 
65372 13246 
82958 78871 
69803 45849 
18223 12198 
41586 49104 
89836 73808 
72155 62032 
18694 32356 
42744 23559 
3025 34232 
5473 41803 
68609 19518 
26936 17971 
84557 29570 
5102 56135 
34012 11735 
72007 14453 
32402 15118 
24510 30842 
67175 62793 
83278 86682 
92458 80490 
66210 55825 
49651 59549 
76675 22987 
719 32800 
49211 45549 
54754 46048 
65760 75869 
40395 14948 
54019 57379 
26753 67334 
6197 57075 
23740 84422 
11191 99436 
99030 70830 
76160 22383 
33361 2980 
24473 84587 
98483 28182 
96195 15222 
82777 12629 
44525 12241 
8425 65462 
17064 63286 
80976 98277 
34256 84557 
87251 14618 
29078 47264 
10759 62449 
91781 88739 
65141 24055 
71431 85847 
55620 62464 
22019 2031 
66061 91252 
45064 6130 
34932 85453 
72944 1068 
27330 5292 
57557 93568 
32208 61628 
77504 82223 
14013 12198 
53582 40619 
26202 41167 
67231 24576 
50416 40977 
9421 38213 
59605 85126 
48550 52171 
15938 53248 
95065 79193 
5123 45762 
57799 77175 
77550 4349 
32425 67863 
13678 36650 
35994 30599 
56172 28824 
3138 54785 
54519 18002 
89333 12215 
49203 88159 
84528 40975 
81993 47558 
26466 16303 
56479 43686 
17193 20619 
88751 72460 
88543 14880 
81915 42515 
32768 56470 
30152 62478 
13063 5045 
8109 29413 
95357 7052 
29625 10000 
97530 52085 
66163 22496 
35168 49824 
99768 47166 
53931 84971 
47993 15645 
77847 69428 
38935 55526 
70064 25903 
33388 95523 
98046 5184 
88083 68642 
18719 60533 
29088 86090 
50723 76949 
57653 92990 
80734 80501 
42151 58505 
58706 33497 
59227 97582 
72939 54942 
34856 69303 
60023 92558 
1758 47676 
97003 12588 
33437 14744 
43521 66649 
37113 82981 
50207 41119 
87884 14221 
26291 93844 
64704 65739 
64144 35388 
5095 60610 
51407 17628 
29980 49078 
62379 51179 
2645 471 
9502 84958 
76530 41020 
53071 46121 
55421 31975 
12693 56698 
36574 64549 
97577 14416 
32406 33445 
74370 49543 
69608 39115 
21060 47002 
45878 60423 
73371 53590 
83961 33969 
56103 73813 
60265 74130 
6047 94687 
1037 68724 
35361 69757 
32963 89218 
54746 35707 
46998 61529 
74250 31066 
84336 53715 
26220 35883 
81671 50248 
9701 53652 
19209 99036 
38475 12347 
99425 37030 
85993 70117 
47077 22961 
59589 73012 
61794 31669 
3672 27041 
73332 93471 
26990 14940 
46615 94138 
72583 9214 
58749 86329 
742 7335 
23432 1686 
35021 42425 
69512 94299 
29320 3301 
89953 90902 
50024 31476 
65028 70887 
31419 49507 
29304 50115 
54819 15032 
95822 96510 
22298 87898 
72861 62543 
44439 43980 
8746 79967 
38168 68599 
78418 25562 
35527 14907 
81795 33109 
37163 18138 
58461 96503 
5335 15361 
35781 81604 
80385 32146 
18306 40355 
21951 62523 
95130 99676 
21550 86665 
88880 79767 
6749 41931 
95082 81724 
58755 87201 
63896 72747 
95090 77904 
57538 88696 
26869 99676 
76197 68440 
86292 92304 
82840 32116 
34076 32407 
73032 16379 
98869 33266 
29735 83657 
71077 63255 
75028 29601 
72079 80553 
80796 23149 
46475 31092 
28628 27014 
79769 59170 
15565 62906 
26843 35715 
86752 5415 
47555 17867 
38685 11273 
85017 15365 
77463 16534 
89342 54194 
35276 63277 
85097 95964 
45379 49514 
4202 92728 
50837 31275 
57704 31244 
75623 44201 
99622 48122 
17926 53485 
43978 77881 
35057 85641 
32147 29615 
76895 43304 
11861 74789 
90576 55185 
81422 68644 
62934 67280 
73161 20712 
89223 38563 
98656 76202 
56697 64659 
54918 69252 
9893 16362 
95525 61572 
20775 46370 
3592 85477 
21390 87247 
64518 69092 
69280 36351 
25580 33246 
6606 99370 
46761 14578 
42808 43112 
92592 87396 
37578 90303 
88318 28056 
86038 74416 
65383 89926 
11208 60936 
50985 34440 
50250 32966 
14372 94328 
80383 33691 
68609 28790 
68010 56008 
40654 67191 
40294 70467 
64929 27808 
72292 86712 
25926 41232 
54689 50697 
73963 4187 
57318 90250 
64843 38892 
31845 34905 
28961 35484 
3351 52438 
58316 10631 
85020 64169 
10924 24125 
12741 23852 
71265 57068 
37145 70851 
72726 70217 
29462 97291 
83355 29108 
54531 1025 
79839 3773 
39426 31495 
86216 25188 
19348 73952 
33678 8018 
73819 58993 
5672 29801 
75644 29024 
68593 90406 
62748 40981 
52490 62411 
8678 35553 
38505 82983 
11445 57122 
30170 30928 
42317 65798 
34225 78747 
96305 43148 
53283 8864 
64277 56621 
97444 35638 
3015 14165 
54880 80318 
13963 10160 
22439 4810 
54052 36549 
86487 21934 
92684 8922 
61484 64800 
97805 36323 
39197 15963 
80999 45665 
75003 68272 
56584 56902 
39378 13577 
72965 93479 
92465 32944 
55798 4100 
97514 92579 
62048 66449 
75043 33353 
81549 41298 
13691 78637 
38475 46284 
96061 75101 
38918 22641 
68243 24194 
82771 75323 
80223 58213 
8209 77183 
51085 64190 
65269 41279 
67662 61258 
21408 81845 
8225 92739 
86344 4141 
93815 2866 
6138 86098 
9003 29896 
17144 40604 
1136 62283 
69353 76241 
62537 72664 
25577 6428 
23668 65608 
18064 92187 
36921 49370 
97329 42112 
10490 69355 
39338 34628 
59679 21564 
86669 72276 
79054 97964 
86850 25477 
2984 2567 
56813 74143 
14421 16926 
46250 9486 
82168 86824 
94610 15506 
55421 48143 
76610 9912 
21036 9185 
9315 87574 
33751 59179 
50218 76145 
62501 78277 
50218 83093 
57019 83020 
37979 86162 
28043 53080 
2891 95122 
51761 50018 
12698 91726 
54531 56880 
48820 36862 
7434 38623 
67507 19194 
61899 47702 
98186 7925 
87411 76567 
71693 63845 
30215 89404 
30570 57441 
97995 49139 
11209 40608 
89632 92538 
3326 19379 
31450 96179 
86118 79083 
51766 19141 
12415 20490 
24089 4442 
62245 75743 
35991 70583 
15444 86247 
95419 26974 
99301 41218 
69186 2624 
51690 95187 
59356 86127 
2744 5539 
62433 36813 
18859 57031 
23544 41879 
71635 69233 
93198 62368 
91366 14984 
17772 32064 
39772 13177 
46495 47686 
89884 97606 
17519 16193 
32354 5076 
93562 5617 
36932 70629 
53636 79469 
85436 65477 
11555 81647 
58279 64131 
24181 78664 
464 81197 
72783 59120 
14914 75449 
49431 36487 
31127 79060 
56990 659 
75350 73212 
36072 16081 
24811 97841 
65214 69908 
63044 52904 
41592 32296 
65913 21283 
38720 2745 
38676 19336 
54896 81381 
93284 60117 
11543 22102 
2065 96407 
34148 95720 
89062 95933 
50141 15542 
23491 89576 
67865 55276 
61166 24826 
58678 19720 
39174 51401 
50272 12362 
66711 63689 
53457 80878 
70695 25556 
86937 11393 
48619 7052 
35014 85514 
53106 69713 
71705 10254 
82676 47351 
11391 80359 
81512 82677 
937 34926 
57319 96527 
51099 25815 
10868 86166 
16082 24015 
33401 71833 
69295 51976 
68788 36623 
90583 44811 
56217 33755 
75683 11395 
66099 67460 
2147 87536 
17044 88921 
37650 47721 
14929 87115 
56387 69408 
86459 95903 
37166 24348 
89082 83317 
52851 5168 
66715 36796 
24951 82228 
86474 8948 
9458 25708 
35428 42461 
429 20977 
78390 49893 
86352 51440 
77842 84330 
70990 22420 
55323 276 
75192 52050 
29942 70662 
69061 60712 
4177 95454 
44897 49276 
79682 10135 
30523 68180 
76586 78181 
59850 44350 
98583 30673 
62970 51026 
33110 98318 
11596 76743 
979 66389 
57334 74029 
73093 71489 
30029 45856 
53170 50547 
21394 58385 
84932 47065 
65094 52303 
79751 77420 
38682 61831 
76527 60870 
55025 40411 
39374 20945 
81296 35194 
70682 73009 
22121 48592 
67227 23061 
30148 74499 
75212 16188 
62084 99229 
6470 89621 
81150 12778 
62540 4940 
17941 84701 
75920 56768 
40863 20731 
18527 81126 
54546 31200 
46232 15670 
40119 10364 
45322 96124 
74696 46983 
21845 8501 
19133 60754 
27978 55073 
42874 86691 
50970 33551 
62624 10085 
99616 73580 
7625 88375 
10869 22378 
88455 83082 
64893 22276 
38585 64883 
40705 76863 
18307 47999 
66547 59610 
19191 56229 
19214 79087 
83916 22294 
4771 78265 
61060 74607 
9484 11897 
47371 71126 
44201 15606 
31086 98664 
18086 53068 
38994 67829 
68265 3530 
7247 98705 
40839 30946 
41330 10491 
65673 58116 
4137 99435 
92461 54459 
72741 13788 
58805 34475 
34263 11907 
42385 55391 
49137 20199 
8765 97173 
96091 91308 
3995 5808 
27357 99763 
56868 81635 
4877 2215 
49556 98535 
58702 32506 
87323 46902 
7299 97968 
48090 3552 
6160 92673 
20881 45155 
45886 45812 
48487 38226 
3810 78925 
74211 58375 
64290 54422 
55088 14257 
61945 59619 
44769 77540 
69385 85483 
68032 49223 
46418 27332 
5930 24750 
91233 55935 
85613 55631 
85727 81754 
22143 43665 
6923 62551 
90925 45344 
84355 85098 
18877 8658 
19291 85469 
70052 12295 
45884 59170 
67128 28055 
6556 52329 
34078 81367 
34399 18230 
67242 41873 
83864 69649 
42174 36327 
27685 56798 
41832 39430 
42780 53089 
48029 64713 
40758 36531 
72546 47230 
59723 13233 
16896 82563 
23211 41326 
40454 62510 
89369 78543 
85516 26872 
58931 94776 
54823 32826 
84041 62107 
62181 28672 
21663 59132 
80037 7098 
5090 3845 
89208 4619 
64967 59902 
95441 8471 
17301 44791 
15085 29992 
50067 5233 
47857 4414 
82316 15106 
48561 80976 
40110 94214 
81560 74417 
92111 42460 
91936 59134 
14362 33246 
55454 706 
8530 12420 
75827 35951 
80835 4607 
82236 32343 
99895 37485 
42664 80346 
90886 56370 
49304 98119 
90714 16415 
51196 57037 
84280 7801 
6164 68615 
65485 90485 
99260 8653 
18249 89382 
28133 92835 
92636 28313 
87084 59481 
59059 61600 
91059 59800 
59596 95897 
68389 3750 
39592 81646 
16869 60477 
35022 93506 
61556 66316 
11475 12155 
74678 50460 
99199 66061 
18127 48673 
45249 91140 
47238 38774 
8621 18650 
70894 98155 
57120 7249 
97491 53198 
85779 93820 
8857 63227 
65785 49498 
94994 57501 
50160 92274 
51304 22762 
7862 25602 
86977 20978 
31486 43637 
18289 2183 
65436 68069 
23798 65676 
31191 58904 
19762 14374 
84230 72178 
73575 41707 
23175 21229 
10632 88238 
85933 34989 
85735 6027 
9826 96699 
84008 72800 
3181 89525 
88271 5085 
74340 71711 
99904 29746 
90722 53270 
28463 86722 
95362 48615 
71666 52281 
91268 35116 
91820 91718 
14935 56259 
57377 73209 
59567 69905 
59020 369 
75805 57066 
28523 50113 
73187 74712 
85615 34499 
69084 57294 
13171 40537 
83552 45990 
14254 40278 
58274 52118 
35933 5045 
85725 41744 
54200 2255 
70692 62171 
1980 1072 
10468 17854 
87905 63987 
72297 43188 
97370 55430 
67090 12701 
89408 55654 
66933 75391 
2951 28379 
90593 99220 
64321 54058 
86009 64262 
44120 7150 
71642 48545 
46162 25386 
59636 9329 
23686 91800 
72863 74362 
8821 26139 
85224 22629 
10113 61307 
60000 52131 
79897 62605 
34563 3469 
78403 32777 
1428 32296 
64694 34283 
65409 1132 
25894 51674 
14555 91650 
15631 11632 
28573 22171 
10223 75939 
62611 91972 
6837 23546 
86548 63929 
81738 41917 
30363 40086 
98682 54939 
84679 80932 
7608 24954 
32243 68492 
2039 79840 
40890 15776 
9906 32579 
31434 80686 
77011 80377 
44995 51183 
64932 93146 
73400 30339 
25904 27053 
83593 64823 
36035 27832 
62408 28447 
65220 20689 
31577 93589 
37200 18883 
34523 97620 
86412 21443 
76259 38924 
49676 11994 
5625 17623 
40187 15278 
65146 69870 
38898 15722 
97934 31332 
4119 93285 
93355 5465 
43971 85810 
73584 5237 
18331 44241 
71713 83134 
36994 7326 
28740 63630 
99009 85794 
41531 44709 
74468 12501 
26792 40622 
64534 84675 
27087 96730 
88074 97148 
74127 19128 
33971 41310 
41822 26652 
87076 23577 
67005 50967 
82695 39243 
89272 81613 
69617 22870 
63047 77202 
64926 84744 
24745 41396 
65169 34418 
55858 92883 
37921 87004 
68764 42226 
55415 45621 
56293 25313 
47597 54299 
88288 33044 
45817 19617 
8888 19987 
60365 6518 
86729 70899 
85133 23955 
96967 53348 
50909 29448 
68781 87099 
55170 98090 
14945 16494 
80707 21203 
71075 80759 
78006 22590 
11337 38975 
27040 6185 
74671 21389 
12977 77953 
30996 46833 
47264 16973 
40417 67163 
40677 5919 
10086 74009 
88107 69532 
33174 30504 
56243 11166 
2318 71274 
74755 82126 
25932 47639 
19185 66287 
39950 81805 
39497 13325 
99830 33746 
32036 7935 
58081 77572 
74693 19510 
81098 30349 
45079 37026 
35746 75653 
19830 57249 
80935 76597 
9422 60890 
32325 78627 
17429 80948 
29334 61061 
25683 40265 
22795 8196 
97575 11157 
18880 35704 
60551 29021 
60323 26155 
75831 73933 
99523 98645 
28496 19502 
19732 61868 
74298 36639 
90363 77379 
60879 31384 
339 90384 
601 90582 
99429 69075 
9740 6936 
91703 30336 
44549 55865 
67508 19609 
58530 569 
30772 55758 
77242 8863 
77003 47956 
37040 75575 
3966 40968 
62399 57692 
91862 47594 
62804 45936 
72698 82655 
14654 16083 
19581 21559 
56246 26100 
25862 68310 
64608 51034 
11292 32785 
1816 76615 
87790 85133 
15380 4644 
40971 76376 
52405 58503 
35199 88583 
441 15505 
29762 5451 
99287 34278 
1647 74674 
77487 90062 
6436 67191 
54861 78484 
73009 25194 
18117 99314 
20014 30754 
20463 85663 
2492 19959 
78089 1255 
45555 13663 
36502 88617 
98703 35262 
57907 14443 
49128 38344 
37191 24880 
65281 72647 
88515 93094 
2991 75426 
57148 14278 
95620 87157 
1865 79077 
66980 55464 
62116 35468 
51187 9182 
71109 31221 
77137 55708 
1079 14347 
76958 79066 
30206 57303 
7584 93578 
2036 62229 
32485 38601 
7679 99130 
96658 83462 
58701 26666 
42105 48556 
34321 46080 
53332 38507 
80388 42821 
92820 26370 
9581 77520 
84924 24012 
2357 98267 
33350 23170 
36431 59468 
12122 94089 
78877 49117 
52874 84230 
59446 45905 
62331 68218 
6275 50366 
42996 62031 
65888 60124 
57370 29345 
48244 88335 
71415 76057 
34548 56498 
36514 50155 
60658 28122 
20855 38459 
42110 88070 
80924 79169 
38180 13926 
71739 89743 
61812 30351 
30453 43304 
29914 85161 
32139 13609 
14160 36714 
8862 48529 
96373 96232 
43511 25089 
54462 25774 
98462 85268 
5029 52868 
15738 51123 
6962 26151 
30178 70186 
86703 2911 
69983 47713 
80310 29004 
80080 80994 
77 44439 
92888 22796 
24167 23719 
88367 65925 
76572 39123 
30612 58976 
11686 17154 
41843 34512 
42876 43705 
76238 55259 
57648 61824 
85891 61309 
43377 97487 
29065 31923 
7009 43416 
56952 59199 
9774 28721 
29293 67678 
53640 3032 
51545 3936 
50123 67798 
96619 63238 
73998 94539 
72826 16544 
54591 80114 
26264 50467 
85527 2428 
20707 35229 
40180 56515 
20942 91216 
64523 70565 
16554 33441 
81688 24204 
62293 35017 
83257 17232 
78479 65723 
1172 66009 
50278 29751 
51097 36836 
88232 47991 
13182 60889 
64082 4446 
69410 13694 
15724 3883 
48020 83585 
23010 68339 
35010 98265 
92188 33822 
306 26292 
50906 95351 
51900 21241 
47988 88428 
75109 30257 
72620 88096 
36102 45869 
56106 52924 
28900 40177 
96013 40593 
23315 83902 
47313 74176 
27612 19302 
58042 43793 
14178 25575 
88034 87001 
69052 88130 
38424 3086 
16908 58987 
36944 21399 
41944 74572 
69400 61907 
72063 79286 
21283 97333 
18870 88506 
95116 50602 
69217 13043 
98927 38703 
5359 58573 
59137 4682 
90293 8212 
97220 63163 
92408 94141 
23601 21600 
39332 65063 
44590 29411 
84689 60307 
48541 50217 
43458 8473 
35950 48593 
1717 78828 
84887 32060 
34804 26977 
97925 91473 
74226 92887 
59654 38556 
48173 28959 
44888 47995 
83050 58563 
56844 73340 
94188 91388 
41853 20887 
