13752 26513 
67323 29906 
51432 20158 
55621 7137 
44653 63401 
83865 15305 
69827 41032 
17829 24435 
12861 97780 
76321 62353 
58814 60497 
88575 32238 
85328 84451 
67514 29821 
14916 80106 
3652 55741 
62579 68302 
42302 49132 
74658 6370 
92804 52224 
92466 25462 
32648 52522 
89932 20262 
11627 39108 
28354 36255 
31612 52644 
43327 6837 
76022 4873 
29017 2835 
89767 92713 
13155 70353 
65205 34483 
22501 49391 
72559 11374 
22968 85289 
84298 5966 
81227 67824 
82125 91400 
35312 58650 
2506 39775 
80596 96780 
72090 86379 
74497 3948 
7903 7587 
38355 46921 
8849 44534 
88138 52241 
44849 32167 
57010 10339 
57859 73791 
82238 50643 
25032 34946 
16525 17002 
98453 17274 
89581 23674 
28178 12948 
89590 26105 
95687 33333 
56193 97846 
33424 51713 
76725 65245 
82745 99263 
55645 14886 
47376 5850 
83469 55285 
32410 82857 
65958 83970 
19875 3867 
86943 83812 
21119 50918 
68875 48379 
63471 58911 
64027 15074 
14121 8891 
56275 66940 
17637 92065 
78444 49291 
25244 90739 
53480 35677 
23729 99844 
48989 69228 
29801 43209 
94231 25 
1708 22520 
46190 36913 
34137 73634 
7101 33037 
44645 94932 
89660 28413 
30340 55406 
98094 79937 
72016 86405 
43395 19526 
89632 10256 
39218 94435 
7815 61433 
31307 60314 
72950 11498 
97785 17193 
74488 17759 
20229 1340 
62238 77357 
66196 71810 
18708 83496 
42681 59513 
40965 48537 
77000 78750 
10016 79922 
56654 36434 
77383 69161 
12970 12576 
78323 81603 
64671 27126 
89039 15233 
46968 52896 
81311 30474 
39405 82036 
92060 39747 
71377 4405 
17735 85519 
28108 10215 
63728 28603 
1846 86414 
27644 14700 
33117 36554 
71850 86453 
65125 17266 
45540 60761 
90710 50961 
49461 96629 
5760 44008 
97485 37562 
95576 12392 
18344 24290 
71399 92739 
58180 38578 
43157 95599 
89913 56930 
61487 39994 
9024 64193 
87133 93512 
96955 1379 
49113 30586 
63168 99455 
34320 13124 
34756 81456 
10771 92261 
48591 98902 
24239 27779 
15119 5394 
23802 22596 
65197 60126 
65622 73761 
61803 97193 
16288 48493 
56962 92698 
27132 4058 
884 11032 
79153 83689 
65141 14103 
4542 37204 
24555 72886 
75247 34657 
53553 29327 
11661 64085 
31897 18488 
5175 30289 
21952 75724 
67257 608 
75116 21773 
14630 75762 
48514 39825 
75250 99101 
64774 32951 
53012 55963 
27440 77711 
20435 56366 
12523 70341 
18077 38877 
92702 95592 
27007 81249 
14865 35117 
46399 54320 
43945 72253 
52151 9635 
6447 43096 
34408 48415 
15554 29973 
11964 79743 
36408 92715 
99754 39188 
54908 85594 
61963 5635 
46298 13341 
17789 23692 
844 38357 
79469 11796 
53075 63045 
92910 12039 
78321 76145 
20110 16714 
65711 69985 
49537 88735 
50335 6798 
45714 78317 
88906 36543 
52496 26698 
93072 46106 
45868 39177 
92432 50350 
91563 4373 
85323 19147 
398 34373 
49636 71347 
89947 1304 
28187 56604 
55034 49881 
73586 89009 
21461 72583 
36063 92694 
7539 44417 
4413 68891 
46164 27543 
64952 96354 
26553 72591 
26337 32626 
99230 63103 
69094 92336 
50425 72282 
17904 40509 
92809 27144 
1934 53825 
38295 4115 
63948 70825 
15648 12313 
2455 73255 
70701 55939 
82795 15051 
40243 5643 
32884 42928 
21958 50188 
47219 33065 
72275 44382 
58783 2111 
51600 17020 
2676 37525 
2106 53414 
87545 32220 
87122 21131 
11321 1533 
43102 64678 
6312 6755 
95315 55113 
75327 8745 
66534 43957 
85332 27619 
64439 37277 
18025 90054 
67843 75443 
37756 4451 
44511 76810 
26380 15998 
24018 79462 
51919 58639 
17969 94158 
83312 39017 
26862 63741 
37084 58621 
97979 9537 
43387 4727 
1907 33634 
48705 18142 
76649 37456 
30384 76314 
47745 11660 
84187 14096 
70423 50135 
60266 41231 
55544 41782 
65182 5595 
34907 97728 
18055 94297 
93508 78788 
47434 60899 
46402 98216 
42145 16377 
66052 88179 
24178 23861 
72415 34889 
94545 92750 
82455 6955 
14120 76521 
78398 24279 
20596 40331 
94756 40681 
50007 79484 
42990 42462 
26652 37875 
89664 97234 
8805 96734 
79033 22594 
29256 78302 
44240 82614 
49500 36510 
82619 61596 
54322 87297 
80122 9213 
49540 64906 
57428 98855 
89840 77304 
76057 91932 
55928 73809 
86644 54851 
20612 31082 
23501 32534 
91989 9838 
49692 42591 
98550 33932 
35068 17632 
85819 95917 
6073 89740 
27035 98770 
40569 80691 
11437 2114 
93564 34347 
62864 53153 
30430 3441 
58659 47401 
13040 82046 
64300 82427 
31245 57098 
72692 38967 
97192 37634 
38726 48116 
23220 8765 
29492 80725 
85403 48904 
68447 25709 
34297 43425 
37874 7660 
52046 25638 
18121 30974 
70698 76903 
84406 27646 
60477 21640 
52367 28945 
68676 60193 
62099 77387 
39979 92700 
17041 44723 
77218 535 
48906 24115 
7923 68386 
62713 20230 
6492 49643 
27050 69682 
84427 554 
13844 86056 
1771 34463 
59188 38701 
71757 76454 
12202 42542 
27634 30860 
62441 57353 
95749 9343 
88002 69237 
72176 5625 
46291 54528 
31518 44478 
37313 6868 
6025 77176 
5370 41919 
60708 43389 
9237 80979 
55904 70375 
83152 54724 
32565 34322 
31367 61347 
77523 65822 
47564 59579 
26088 41735 
27056 76355 
37553 69029 
44539 61391 
35521 32752 
3002 26430 
39459 49865 
20511 65679 
26463 43449 
10666 65709 
52950 27667 
29887 78089 
34851 72876 
10041 46056 
31816 2392 
68491 47710 
6092 57697 
89286 42588 
29909 57218 
99016 85836 
96591 65347 
18744 4839 
50051 82974 
59486 16813 
84968 68581 
42851 2697 
85615 99795 
70745 42618 
65205 89333 
38460 61278 
39556 76387 
83993 27798 
18999 24739 
93098 3854 
30659 72301 
34387 36424 
89593 93253 
81658 46980 
21758 53599 
91714 77688 
4334 63714 
45056 16977 
29709 57306 
24152 41792 
18237 55277 
99360 81891 
1863 5033 
16151 32769 
75822 21088 
28913 18077 
68823 91179 
6422 29868 
13479 53595 
41957 55554 
8238 96078 
37081 34160 
49629 74386 
92283 71265 
79402 99498 
29930 81985 
34957 96447 
95417 24379 
13435 94882 
30926 31900 
59972 71732 
92859 52786 
68785 29713 
88820 56755 
42162 61922 
42889 74921 
86855 22401 
59012 97546 
40013 95288 
41460 66054 
7481 31082 
48608 60679 
66153 97521 
1690 3187 
29054 74716 
43723 65292 
96887 9446 
45465 97713 
23044 31876 
85023 72269 
399 29487 
85684 59948 
37686 67620 
82536 51597 
30865 43793 
2637 64711 
50595 63838 
85744 69690 
60770 31900 
43059 12068 
55090 53461 
49960 3339 
48668 60835 
95347 2387 
89969 83921 
65030 11914 
64668 5536 
19486 69856 
47519 60261 
37351 24471 
20911 58494 
35173 43579 
19519 43279 
41235 23390 
79291 16495 
96671 30425 
66003 3095 
80631 31204 
33699 57364 
7904 38738 
16551 53536 
27217 32235 
89048 44592 
56302 87070 
38862 17733 
25888 85703 
84352 22739 
68928 67070 
34401 309 
83639 11930 
32110 91512 
19380 54666 
45850 66558 
82874 58291 
71281 71397 
39008 88687 
86159 54006 
85154 76543 
56098 98738 
10942 61068 
23946 66737 
16386 68182 
27996 13163 
50457 87768 
85020 27883 
49489 79461 
42918 25236 
184 54547 
54785 90665 
25541 52716 
51261 77227 
93694 56749 
91294 33372 
79416 65637 
52734 34908 
65957 77222 
83726 88676 
60947 15121 
73386 73230 
14200 71519 
16037 82669 
67609 27359 
37078 43816 
37673 54522 
20565 84013 
29755 782 
28659 37118 
9854 7631 
31341 88594 
14404 13525 
71109 77164 
61584 50653 
71887 90070 
38611 52030 
63925 11760 
78672 47536 
37250 11708 
8432 42445 
55004 86052 
42467 40089 
55055 99893 
24489 91449 
43297 12333 
66926 28825 
35326 4706 
20162 68149 
34495 73989 
10686 45073 
43849 97958 
23421 83689 
97012 26469 
67658 83493 
58849 4070 
58315 50212 
90542 83179 
64657 89138 
95731 44199 
27121 25809 
64429 99175 
19586 18211 
9665 18984 
39189 77105 
48154 90567 
38693 16638 
10768 80316 
77486 16120 
81164 52505 
56400 85623 
51667 67521 
18855 93043 
54344 63652 
46247 28300 
72182 8339 
49006 51557 
60370 90018 
56442 96650 
10923 10096 
38260 78368 
75227 26069 
48544 82791 
18545 91462 
69049 3560 
18150 35980 
42791 23816 
32439 30177 
31207 33435 
62255 82931 
98597 14294 
97617 27144 
26044 22467 
93123 59346 
83721 45585 
43566 12271 
45239 16015 
37604 55942 
10628 16110 
51822 42469 
15556 20434 
10116 32505 
43566 81717 
74049 67169 
25401 82223 
48685 78268 
4863 40271 
85366 61780 
74243 82859 
38010 74785 
33964 69637 
82713 54456 
10899 80946 
41809 99187 
77728 63162 
62994 96573 
51717 58328 
91716 30729 
15495 31823 
40790 52298 
94654 51802 
4989 48489 
47436 67169 
90387 7657 
70284 77075 
28300 33138 
99714 84204 
21892 24475 
95735 76605 
29877 10652 
24957 88340 
26206 89585 
22579 47959 
87243 872 
1569 35581 
48616 34700 
94692 34349 
42849 58782 
60388 80056 
75768 27340 
57093 83954 
24840 21424 
92212 28057 
45796 58189 
81780 9707 
55229 98312 
14705 42722 
16365 75300 
1587 6154 
92751 68257 
2200 68487 
50394 40505 
68064 5046 
82651 70479 
6912 69475 
4229 8456 
74402 76299 
10679 2908 
25085 939 
28030 53660 
9426 5958 
83560 65554 
86577 57908 
13133 95907 
33653 7813 
83194 11851 
71403 70179 
46159 99493 
93456 50305 
66862 95846 
81760 37799 
54631 46610 
14320 5356 
10701 28140 
23038 26162 
53874 10306 
39236 50779 
18707 78467 
72334 64875 
29943 77402 
3223 82892 
44544 87798 
37994 19542 
18369 96762 
60012 20984 
98413 77864 
38690 30573 
63476 53289 
1895 10279 
36253 70989 
55545 38203 
68028 93063 
38762 55026 
53536 58120 
35838 37825 
67992 49994 
27339 38366 
30929 77949 
51781 34798 
92160 49380 
66647 10619 
4074 95015 
42901 92862 
91411 88776 
683 52611 
54773 89678 
95543 95306 
47373 21550 
94361 45715 
45818 97855 
37991 63026 
95254 93516 
73713 5211 
46756 63406 
54750 98609 
20594 8049 
46365 58638 
22837 91068 
48482 50602 
14733 20060 
43314 75751 
84422 12819 
3118 17077 
98721 84220 
48013 81744 
19108 5565 
26674 32665 
50476 7838 
3785 10368 
53843 23051 
77264 8174 
94921 83768 
15574 78590 
19289 29865 
846 16944 
41893 3743 
87058 89429 
13707 50447 
34205 47079 
81570 77527 
59136 94618 
88624 70985 
51695 63696 
72188 8275 
40797 73723 
3547 57083 
59248 50322 
79827 99487 
48405 11363 
21997 75102 
64176 23604 
55002 93955 
94393 79176 
46115 30059 
74269 40435 
55857 70086 
91400 54166 
12124 57973 
4722 41683 
52705 45997 
62853 30073 
93893 35553 
96384 1618 
73688 66772 
76025 3410 
86884 95121 
73865 77209 
76327 75259 
38569 40801 
69742 57645 
97006 76423 
54714 91827 
24549 59269 
65791 21796 
84233 89655 
17128 53441 
20990 76105 
51702 71900 
11301 53452 
93830 87462 
10957 9971 
85608 92688 
13957 40648 
59806 20566 
34175 39861 
51918 3725 
48028 96071 
82221 48165 
91212 53580 
45103 51418 
85451 61945 
27353 14717 
82242 42364 
39721 21484 
49768 62142 
86776 80331 
96392 23293 
18941 59783 
19591 39415 
7543 74042 
92706 96133 
58838 14384 
53555 64761 
36157 59149 
38724 66249 
90720 36780 
15286 63045 
11070 61024 
97707 90228 
88751 5124 
1883 24029 
63501 32750 
80510 25857 
55147 57383 
4437 92958 
11317 59018 
3131 93087 
192 47308 
54112 59821 
55760 23633 
15939 77641 
39357 61092 
32282 91449 
15772 91054 
95615 33879 
54779 57630 
48265 75579 
59690 77342 
15794 68596 
93365 20248 
13143 71030 
19082 10903 
37455 12362 
98793 32817 
63212 83124 
94475 8426 
85048 10064 
99668 18112 
11552 8503 
87752 16409 
99391 87277 
1101 1341 
31247 18474 
20989 93647 
83347 74122 
51982 86707 
98774 75033 
26476 35091 
81291 93234 
85206 59901 
51055 98688 
17710 62462 
58393 43489 
53120 54432 
34721 32252 
76116 32005 
70724 36133 
5456 44660 
51068 69716 
13259 34777 
42206 64946 
82015 53439 
25252 44366 
93319 89873 
89421 17090 
17376 87258 
53215 95271 
25592 55953 
60288 56273 
79877 36768 
4870 56287 
61777 11484 
77632 34880 
92154 5586 
87060 36718 
57828 79084 
3664 16701 
5492 55264 
94801 87775 
85122 94347 
66367 16902 
25258 79324 
4331 73970 
718 44549 
13831 90881 
9672 44240 
86475 93595 
11468 27626 
87532 28648 
89202 60252 
43843 17410 
91751 6813 
30581 36365 
78827 69924 
385 39698 
39588 61327 
71954 11699 
80445 67314 
96803 60819 
80909 58505 
52724 44610 
97694 85658 
70349 45404 
56738 97759 
85300 232 
10437 16460 
22517 25329 
53056 1763 
61701 65485 
81199 47870 
3152 41614 
58116 55255 
51878 66041 
90799 35250 
64479 44384 
56968 16835 
58086 85310 
25460 41810 
63584 95030 
97963 54165 
16342 42073 
62651 12216 
16852 39720 
91005 77953 
60974 8396 
27934 67048 
34872 48391 
22307 75109 
93272 74487 
20077 31004 
91345 38363 
95427 66473 
20271 92109 
26700 32744 
4491 26728 
33344 39496 
54660 53220 
77725 39264 
34476 80636 
1343 31274 
91863 85448 
8884 12680 
25382 59633 
35465 62314 
5274 71073 
32561 2326 
45224 69186 
86307 46434 
25685 21134 
38229 10055 
2543 69539 
12915 27180 
95919 61312 
69751 91622 
43075 9030 
86553 16156 
16671 11225 
51801 82053 
55026 76026 
89104 33655 
24589 63783 
62689 57886 
36459 88607 
15870 76976 
68603 96233 
75833 74170 
3315 66134 
17545 66832 
75509 69545 
17166 39117 
41576 51857 
41114 47224 
20847 97770 
10721 14305 
32097 80691 
54448 39182 
46062 94019 
9680 53304 
1610 11306 
64370 73758 
87981 24700 
35144 16630 
78426 66666 
62941 54667 
11617 28648 
69881 25921 
56342 52171 
61747 25959 
62311 82808 
79340 45207 
95276 45525 
98940 45123 
78238 21079 
57167 2186 
12143 77483 
28812 86999 
29279 37993 
17516 87382 
40482 47615 
28655 28905 
73290 33853 
81408 94084 
62364 44221 
82676 92360 
45765 82966 
29396 86947 
41077 62553 
27741 41795 
23932 31623 
17822 12160 
8120 40462 
70703 65640 
31273 57465 
80912 87057 
83014 55637 
12085 90185 
73502 46869 
65986 32072 
29452 53551 
35879 1602 
22012 71997 
74042 32922 
76285 273 
50237 76513 
85795 74151 
2988 45914 
56894 79281 
88805 46505 
37870 85078 
15777 84260 
45423 76411 
7480 46975 
87223 42855 
80719 48300 
93423 22094 
36342 25696 
12271 84004 
56234 87516 
95401 85007 
71541 11499 
96879 18474 
17307 7224 
36799 36294 
16891 68461 
34931 19130 
45915 57851 
2918 28488 
9944 85981 
94480 82391 
32694 69669 
52298 58275 
92313 80152 
57496 41662 
62099 20889 
83078 7245 
8999 6795 
76207 40186 
78347 51997 
45839 79769 
46497 11573 
12080 94976 
54376 64235 
81460 82135 
44440 67557 
48430 8453 
11117 65098 
87491 12104 
40556 75636 
92686 9439 
59324 48759 
41570 52997 
33693 28169 
9332 30138 
61234 24302 
35384 91483 
74679 61273 
49524 50754 
34327 29643 
97702 3188 
19794 46116 
68419 68384 
44442 94062 
9998 75275 
6606 94631 
46212 71820 
60529 37193 
43167 60134 
36942 80032 
53914 28907 
68280 17403 
68856 79322 
76762 97513 
29872 18103 
64934 67421 
23932 21894 
7697 15538 
58056 60868 
82496 80128 
31593 6265 
90019 93099 
64121 36530 
11646 32386 
7638 99743 
21812 63339 
70276 86275 
23609 59800 
5426 14879 
4101 8927 
74945 37889 
12242 20309 
78013 26765 
46713 79585 
48274 7899 
3608 9486 
61014 80431 
74632 27139 
59464 62756 
5300 15448 
4675 82470 
19614 58506 
76977 45696 
92790 26261 
8701 96048 
6826 31994 
7597 926 
55052 27735 
38325 83419 
71278 47306 
65398 51759 
46743 54488 
25159 65105 
63812 4648 
86605 14369 
19189 82190 
81331 89869 
31412 33321 
31377 53772 
27464 73855 
80417 34625 
81604 15194 
38531 13698 
35801 18091 
83704 78432 
65708 53450 
24214 76988 
68626 22182 
15277 19697 
40711 61980 
40537 38149 
79460 47910 
14462 30749 
94523 75846 
35201 94722 
34973 2991 
19130 68906 
44387 8172 
78115 89085 
36440 26024 
58387 88184 
43200 3874 
46030 57355 
25872 27846 
58156 20787 
53521 65608 
81205 67006 
49087 77177 
88172 22525 
74026 52336 
65108 49860 
72989 43452 
3911 1283 
28170 75894 
73195 62083 
79314 34721 
61954 72708 
49838 45957 
1748 27835 
82117 93525 
12317 12228 
25729 38784 
82815 48202 
41255 38615 
96249 97558 
79261 90145 
28258 82063 
69142 65428 
3030 60841 
5744 37812 
68919 30526 
53040 43192 
64264 94537 
93595 64006 
79925 81576 
40145 71566 
89206 80238 
91366 13198 
8157 96573 
57733 84690 
69611 34514 
5336 85636 
42876 45245 
65651 15554 
7654 90957 
37446 32018 
95545 20810 
63387 58554 
45402 62550 
98340 99669 
79845 91877 
99015 93149 
99383 53502 
55267 5638 
7915 72757 
52258 56494 
28745 14699 
99629 37094 
43819 18832 
88950 77944 
90536 61899 
43920 4412 
80264 78616 
9152 13320 
60618 822 
82837 97341 
29581 59157 
36195 41830 
23717 28269 
78321 19651 
44988 86409 
18911 13532 
61147 3417 
53295 2630 
13143 67231 
44322 60226 
89706 8420 
3865 22854 
84012 84633 
83044 7682 
30266 42470 
64755 74582 
29065 82930 
14687 52070 
9572 18448 
87726 72204 
43805 24430 
5496 88503 
23768 56312 
17764 83100 
35670 24305 
35520 4578 
17163 92359 
76791 16331 
63290 95278 
97558 76796 
54751 48502 
89665 17518 
18149 58776 
15156 32770 
92004 30706 
12242 45341 
64641 4186 
51919 67091 
70451 50718 
46252 30008 
79553 2844 
9404 23761 
92567 90238 
50772 39112 
56976 8420 
35857 83068 
54467 51665 
85051 1259 
69678 315 
93062 15811 
39949 64568 
42447 62849 
2934 51731 
53569 92746 
4375 42005 
60259 78418 
1843 29041 
25565 62156 
1928 5856 
15203 59913 
98146 54106 
27649 33438 
34738 25290 
39308 35302 
7553 86178 
60784 29585 
27416 37510 
15990 91910 
13600 5031 
49694 96469 
55495 44927 
41078 4866 
79057 1959 
50955 81800 
81300 7894 
58550 76051 
50888 10277 
50066 21666 
75759 77143 
5749 33947 
49796 31981 
94755 97531 
29677 35063 
27843 69768 
60352 42188 
36781 51601 
82984 39973 
46294 10268 
62741 78010 
79516 73420 
25473 92506 
91106 52610 
72118 43498 
53547 95617 
47542 68268 
31610 11706 
76619 87298 
67584 61671 
44461 85905 
65559 55388 
90015 34657 
6936 53603 
2675 4709 
51292 27831 
60038 80422 
76810 92466 
21661 70918 
92745 86599 
98397 74674 
12708 49546 
49851 56842 
12050 3709 
23491 57632 
5191 31145 
38140 61962 
69520 6111 
31841 25475 
11261 24845 
39500 70130 
15758 55965 
39258 33717 
49646 20150 
8195 82028 
85673 96111 
57749 69778 
2232 41385 
77147 67015 
69157 11120 
99200 51389 
68933 55744 
16929 3502 
18196 79322 
21828 32481 
48235 44389 
4934 2004 
75184 16189 
60437 23179 
40710 49480 
58217 30003 
32188 34484 
6474 55570 
97739 35024 
8530 82762 
55954 71544 
28924 51851 
62732 24450 
23068 69239 
38400 59103 
52035 76537 
77090 2778 
99437 7226 
57372 36045 
30910 79330 
48194 96292 
88367 46875 
57427 29462 
90969 60320 
1669 67600 
22679 66731 
85399 54435 
22296 14146 
65207 88966 
56020 11423 
40534 7900 
44897 34753 
56194 81813 
39891 65157 
23940 57005 
85875 87398 
70424 35291 
92478 80139 
97125 47355 
34539 79535 
94160 41781 
37792 4086 
84392 81513 
66469 87225 
86799 12254 
18660 75944 
78851 43175 
52545 18711 
6425 59349 
12048 83978 
36819 67385 
93957 21798 
75491 61079 
264 5354 
70365 82196 
49218 66675 
8927 43049 
76531 71362 
72777 72167 
44186 60830 
51905 42069 
88466 27427 
36707 39076 
81120 77683 
99554 39070 
47964 82038 
49767 60251 
87780 5595 
95878 74199 
61015 63734 
77337 69907 
72582 48881 
34143 81990 
55960 30305 
67347 13868 
76840 37470 
6002 9495 
13713 99329 
36811 53086 
40090 26856 
71624 5281 
28448 94195 
24865 16334 
19528 94984 
48088 92161 
52287 24752 
22086 27454 
29570 67694 
38311 61574 
2490 46726 
10848 57580 
92548 29392 
47776 52481 
34659 69037 
76483 77694 
16564 558 
61324 2690 
10495 3171 
74022 11933 
41514 88758 
77276 85483 
13593 73736 
60270 17009 
19294 44781 
21153 69443 
91815 34344 
25981 38169 
19211 80556 
86257 64372 
29744 57967 
87907 17048 
74614 30476 
73373 41195 
79736 95897 
25484 51832 
11746 62785 
26875 38725 
5093 24464 
71913 35111 
26860 72655 
89482 95195 
13860 23637 
94409 19815 
2586 13603 
22940 67450 
86774 56660 
23385 88616 
79585 48878 
66897 25667 
27874 44859 
15331 27208 
24494 29475 
33226 36522 
91288 56765 
59156 26826 
60184 30399 
58080 72673 
62716 55688 
60757 66418 
49347 1833 
58920 11465 
99116 74881 
65589 49850 
47416 16842 
68808 10737 
55126 14447 
3987 98541 
65854 22258 
45209 74622 
49712 79115 
69017 24905 
11808 24387 
75582 47242 
51587 1032 
61622 37013 
95155 66173 
27016 97172 
86892 16717 
62818 49843 
18955 77471 
12182 80580 
97666 92305 
17718 3521 
94319 5054 
68867 95921 
4619 16233 
41139 13946 
45714 54009 
75353 68082 
52729 3505 
79569 6177 
97724 97154 
48905 24863 
43165 80671 
89249 5987 
59275 34123 
99641 53701 
80065 45673 
15141 89964 
46339 6747 
37041 51496 
85678 21683 
80546 19555 
9143 2393 
51365 5469 
62388 49091 
22141 9441 
54886 1880 
17247 67909 
5132 84765 
30193 5641 
81990 53625 
91728 12718 
92734 2740 
78726 73719 
66895 80654 
3992 86640 
11666 15469 
55399 22503 
69413 52127 
59076 93063 
90749 59771 
25860 13698 
47657 76003 
2815 71288 
50319 16634 
92347 32781 
98572 94505 
20288 59153 
94364 58991 
31300 21576 
65058 89004 
65038 51901 
99153 46631 
19748 97890 
75730 25980 
41313 95189 
76869 12369 
85233 12615 
8308 694 
86624 75123 
17768 8624 
39050 19669 
92669 60208 
26847 93208 
39368 8551 
77549 59181 
94561 12405 
1173 39112 
96201 80846 
61283 79303 
46010 52629 
79146 99127 
28627 82398 
6754 47044 
13425 64616 
17060 63219 
54230 37892 
50537 23508 
19418 77322 
25989 18560 
30320 535 
70526 3943 
59362 84319 
48708 42432 
41050 13025 
74094 47977 
78694 57379 
67770 32394 
87657 12913 
87909 50427 
1979 10899 
92010 36594 
85357 51500 
9189 28102 
29764 98798 
93739 72137 
95403 20397 
3150 22945 
44212 50535 
93888 44375 
45811 4906 
56420 46952 
89559 77884 
17381 5028 
19295 8355 
21178 19215 
18393 9109 
65989 12019 
11894 16517 
9792 70520 
19776 32175 
80936 78911 
90842 96276 
24715 15853 
70221 53640 
92528 26850 
5159 47661 
33406 20238 
73543 4873 
79058 76879 
27519 53397 
23042 8269 
80607 52224 
82268 45548 
30868 95111 
94788 92753 
4963 92802 
51618 31679 
28351 30344 
82390 22828 
75424 42495 
14641 7192 
30022 49484 
4855 76973 
91557 47871 
95642 49887 
94889 56795 
87984 51277 
73142 78603 
30009 81059 
81781 44654 
14528 18375 
19591 82060 
46397 95846 
27574 55153 
87723 57436 
20349 6703 
14066 99202 
6274 48194 
17982 80583 
82299 25921 
77612 85372 
47491 20235 
67497 6159 
65172 18962 
26384 23783 
17801 42813 
12531 54204 
40996 90587 
70839 39218 
93522 14983 
8149 64555 
18582 36085 
23096 99178 
78425 48831 
65168 62941 
99076 83308 
3964 46316 
44877 32181 
74081 25480 
53588 68346 
23715 38843 
1954 37651 
35731 16960 
38907 26495 
8843 86777 
19022 72193 
83490 3290 
92332 5151 
72107 96951 
58314 86256 
6717 63530 
71616 30281 
48094 64653 
95004 86718 
10255 51862 
31061 83100 
41592 74790 
28314 22723 
69736 84927 
49757 68600 
61020 475 
12151 38561 
67458 54881 
53000 82576 
34191 11924 
58799 12745 
18604 93600 
92885 8778 
28674 33547 
94180 27408 
22553 38390 
79112 2843 
24012 12133 
68197 37176 
99078 74612 
76002 44640 
8070 84014 
48681 31639 
94164 55611 
6746 65666 
94779 54101 
52451 10588 
65233 25332 
30907 83141 
85529 24685 
92002 16131 
80536 94024 
86180 97440 
21499 36882 
41349 90844 
92473 42408 
10434 34499 
99166 12632 
49520 56097 
69617 54719 
85052 39838 
46272 10126 
55240 29688 
97192 5994 
65576 55851 
80520 30553 
81301 26933 
80788 54009 
90684 38976 
98240 39075 
12141 14348 
13068 11249 
85504 98427 
65326 87892 
83154 10073 
88230 97309 
291 63088 
7675 54317 
35234 50159 
74002 97102 
50474 8237 
23420 31732 
13077 64878 
75927 75285 
49091 98726 
64210 36318 
10757 34193 
53698 22276 
47630 30269 
57797 17459 
93087 16518 
74323 32262 
26292 75465 
69215 84703 
46283 69919 
11876 38585 
99688 66211 
22796 89175 
36448 9892 
28603 56901 
28984 69132 
32302 22320 
79389 72863 
97140 11492 
56521 35682 
11434 19894 
50284 79545 
48628 45142 
3909 33544 
61981 84056 
86716 17295 
56470 37938 
99626 90982 
61882 61493 
63586 85613 
90505 85416 
27128 10770 
455 40427 
43423 73923 
1368 11426 
9488 35357 
33074 54433 
30609 65777 
19794 16111 
71582 69897 
52547 5929 
83028 88614 
80637 84386 
45832 94782 
99465 47244 
59660 53235 
6365 5319 
12534 24327 
58784 82156 
7637 52114 
9804 77790 
90765 93249 
14921 75777 
17272 10692 
887 2835 
20910 77570 
62602 85688 
98574 10803 
7183 88045 
4807 81589 
95758 52217 
57778 30360 
42962 14433 
94528 47572 
21710 10734 
77389 68450 
86575 41143 
45820 69790 
72919 13871 
28266 49977 
50898 48398 
77214 19548 
13579 76551 
67263 28990 
56617 44080 
818 12848 
63285 81713 
98929 34842 
43123 84329 
15816 77330 
85085 9627 
4806 30318 
76764 83546 
80676 120 
10138 78696 
68809 75867 
41243 14208 
5102 63237 
96283 10622 
52241 19095 
19911 21866 
27722 98198 
42754 57835 
96923 53639 
4731 5731 
70552 16453 
8325 56083 
59980 16574 
91665 40227 
86227 97303 
5145 90050 
8787 18501 
47270 37910 
39038 39929 
65522 84922 
29592 25435 
56247 79149 
85777 11186 
3937 61773 
28331 36654 
84726 58934 
47402 45792 
21538 19660 
27158 27642 
19040 26239 
87549 80554 
25389 32332 
85195 52264 
64764 16298 
38909 29278 
59735 72432 
97023 23315 
15776 1202 
43462 30000 
71553 1085 
47430 15591 
28110 9204 
97612 21173 
57651 85765 
25932 60611 
58366 88120 
18226 28461 
65577 34332 
29577 27136 
51446 13219 
70588 68774 
45620 58120 
7559 6630 
87369 64994 
24289 3184 
76143 1986 
26143 47795 
21951 27199 
28076 95366 
9539 4190 
57430 9330 
81098 80554 
19658 57207 
11054 74011 
20468 25040 
93481 92489 
11502 88212 
87764 99981 
28232 460 
71373 28339 
18625 40363 
29951 26631 
18979 85105 
74388 34371 
19397 65060 
12157 62643 
75512 89510 
15912 68031 
65379 23790 
26181 8292 
60838 41192 
96981 75799 
81201 69166 
43270 15073 
23773 98672 
77363 44065 
20504 27967 
27799 15403 
52976 67698 
18630 73380 
68960 42834 
49667 85286 
82954 88821 
58971 51504 
10377 54253 
67714 27837 
80528 90445 
4508 25631 
96919 29465 
81390 90547 
65304 26511 
46897 99171 
89447 69953 
72972 54194 
42642 42939 
41968 3502 
58995 54132 
87566 56271 
52646 41985 
9168 20057 
65409 96897 
23185 36840 
63696 38637 
36578 53160 
54148 32661 
28150 19688 
64030 28203 
1271 78986 
37273 53527 
28093 66695 
29895 9229 
39772 21042 
49642 59233 
29815 68274 
73781 30881 
28387 27555 
96314 511 
74277 57808 
1259 58942 
58166 51170 
32195 22502 
35979 62947 
29930 79552 
14269 56330 
39922 39866 
91001 31676 
49007 84850 
94497 4741 
97020 225 
970 96029 
23045 9636 
26755 94313 
48334 17594 
85206 61347 
68328 13213 
70211 51964 
24756 82410 
78340 33975 
55445 25534 
9923 5675 
74266 79842 
95635 25275 
16544 1815 
79688 86188 
96293 72979 
53309 94864 
60810 54727 
72893 33751 
95427 32572 
16101 20949 
26659 58334 
26114 10271 
95481 19947 
69359 10661 
24176 42899 
85259 42304 
79930 54745 
37905 88282 
46307 24714 
88984 45232 
49737 24118 
98961 24238 
52326 40075 
29174 4055 
14587 15027 
61378 92772 
52084 77564 
73251 11159 
58537 76291 
8451 71167 
44569 27767 
58060 86473 
46103 42005 
26579 18423 
89274 94564 
90119 30387 
59802 72992 
67037 96274 
13910 37147 
11976 84839 
85155 97918 
13123 20432 
86962 36890 
19468 2942 
84176 60709 
49953 54961 
8611 8225 
39613 52568 
23361 5913 
59157 87647 
98542 97655 
3929 4247 
47186 58652 
85755 49293 
84141 40050 
76935 78803 
13142 80801 
49470 64784 
17613 66366 
24591 55096 
29305 10027 
97749 48852 
75520 81924 
32463 63269 
60476 13346 
22751 84411 
19267 59396 
8356 13893 
93894 11821 
89573 46353 
20048 15631 
29197 38395 
80539 58054 
47980 58705 
76764 66469 
16928 41161 
93046 73107 
24902 98030 
80433 78680 
53174 88706 
66240 74490 
19964 80963 
3605 63166 
67449 86306 
11309 51865 
51314 98782 
18301 78572 
58676 17470 
19640 72100 
24017 86886 
70988 39443 
34771 46658 
97309 20315 
18280 42093 
68103 48069 
80073 10623 
96274 8560 
19770 25629 
50657 94161 
85371 48774 
33257 8769 
39301 14711 
61408 91491 
306 47950 
12351 91629 
94134 90612 
33146 45645 
92904 1998 
92353 77997 
48187 76092 
51588 72024 
26012 11536 
64851 34525 
33392 60099 
71406 8240 
85401 74304 
34073 70109 
99476 72615 
88899 90039 
19293 41484 
14512 14818 
64443 97547 
99830 84898 
74102 40387 
87355 87950 
62992 36557 
95942 2435 
36119 88893 
81708 86830 
15178 61710 
78662 25772 
13937 52033 
71667 53020 
62541 19840 
93523 32993 
21374 16110 
5213 97560 
44000 76521 
13802 2832 
45640 80744 
5976 91895 
8756 12537 
26904 23745 
10548 94237 
13865 56118 
88486 10732 
2000 50488 
69506 82637 
55594 1176 
76076 96147 
42437 77360 
88063 47913 
61108 6680 
83184 17317 
51437 22237 
792 35604 
66928 40949 
73865 81635 
64596 40547 
52241 97360 
72438 54953 
96558 82653 
27703 13323 
56757 98740 
40114 6759 
61675 82239 
23397 78472 
36915 47687 
55731 98161 
37070 35451 
75163 99409 
25339 44034 
89541 30101 
58651 71041 
82207 90187 
39676 75470 
24461 8543 
78402 65466 
63706 41269 
65477 10327 
42266 57429 
97072 73303 
15950 15082 
6769 62592 
83815 20367 
53816 1962 
10903 5495 
89070 29538 
24324 57679 
70032 43571 
89692 80351 
24620 27349 
29696 70463 
69667 1950 
29533 51218 
74585 75151 
84926 8302 
23270 77541 
87627 39466 
68011 2820 
10609 42264 
88037 98192 
50519 32845 
62289 82971 
8541 9827 
41130 8697 
42454 51675 
54889 12509 
2454 63376 
28527 56962 
71241 68812 
81142 94145 
64882 78919 
76670 39706 
15133 52514 
57823 93247 
46191 6645 
39182 95579 
79248 26356 
57314 70447 
46769 69976 
75907 58586 
75045 65333 
22096 15359 
98410 44758 
86555 9712 
1359 72293 
54353 31832 
45893 75220 
46202 89637 
30536 3836 
40439 50102 
44785 8348 
14918 60435 
28150 39824 
94986 66251 
16467 53319 
18791 29135 
59851 15641 
34408 34361 
26419 97619 
24606 71059 
63835 61345 
14570 61737 
76761 36516 
55451 15797 
92462 16852 
92397 82619 
29080 97486 
19508 83732 
51541 17285 
96171 10749 
98544 66278 
49307 86004 
90786 67649 
14297 96188 
85332 46227 
73694 25790 
23969 50946 
37297 36791 
34395 7461 
69786 63802 
82287 38893 
12794 19704 
39547 7660 
67186 35891 
29444 99370 
98262 93293 
32924 90984 
1703 35652 
91982 19745 
21300 94891 
25815 96827 
40868 99905 
83363 90215 
82194 84750 
91875 35028 
28492 59962 
25324 16302 
58540 61590 
8748 9193 
20539 46566 
95024 54648 
96686 60140 
99114 94744 
9580 61374 
51484 91248 
99765 56053 
37162 3369 
60098 52904 
19856 6257 
47081 28597 
11523 90479 
1896 59816 
37019 94523 
4613 56501 
60663 87342 
53885 9425 
87030 35974 
11406 47356 
21767 64516 
75523 84332 
79935 35006 
51610 25952 
59114 58227 
68148 95072 
52468 73015 
46940 31957 
62967 16335 
73496 21662 
94138 43209 
29311 2309 
34998 45529 
41655 11940 
27238 61839 
78426 38726 
1252 66381 
65728 49596 
94274 74996 
34077 85720 
18672 7923 
5455 29765 
31342 5115 
17922 69506 
66208 98356 
47091 5096 
30964 6311 
24505 73196 
36506 33556 
71766 90171 
22894 22714 
66293 48668 
69217 30017 
29629 37174 
26423 68921 
82482 90504 
91919 93850 
42013 20692 
52685 76712 
46347 22380 
59685 62505 
78911 94547 
60482 77180 
30896 71314 
9301 836 
84004 8549 
94150 12404 
17604 30141 
69159 58170 
44531 98050 
56981 95805 
57974 33625 
90830 17993 
28246 84203 
98708 65342 
22713 98587 
93343 96928 
34743 47814 
20575 98665 
98269 3445 
36176 74609 
33402 64664 
26511 84386 
15507 7555 
61990 61126 
85237 15217 
73913 68594 
20284 35742 
75095 33653 
70890 6574 
2568 20766 
20695 78417 
46699 98922 
72061 69594 
45216 88208 
70742 82661 
62919 63167 
78620 19049 
48273 33166 
75205 34679 
56598 16187 
18676 89715 
56244 71752 
25484 59005 
88929 61169 
33872 86290 
38312 58820 
1153 84848 
71909 46911 
47158 10026 
60654 87945 
97025 54983 
47628 84077 
95320 49963 
32967 623 
60464 77557 
65421 52141 
23534 51663 
82747 23859 
48735 46222 
22893 28643 
64188 1334 
35813 80261 
41132 78964 
61833 97415 
47268 88221 
6610 39799 
65672 51044 
35030 17404 
14551 33180 
26798 7354 
25112 22413 
85009 58734 
34879 96298 
65640 65209 
32047 85015 
708 37657 
42781 1466 
20718 14615 
87867 80359 
43102 7026 
47703 40798 
82469 85583 
65335 62748 
55794 83932 
86122 46774 
1086 9026 
79544 8562 
1590 21146 
13796 45005 
9272 70406 
57028 96983 
91072 54002 
60422 25515 
79384 89026 
37792 12547 
94185 79378 
93976 95419 
18468 92095 
70019 44927 
50853 48389 
66985 898 
29711 77721 
82227 86323 
21641 79459 
42009 31357 
93815 85965 
42640 51859 
44478 23398 
18588 43661 
48821 22101 
40534 73376 
88454 37121 
8932 69325 
71889 1213 
49332 42006 
20713 47665 
34612 92577 
91551 8284 
56206 99925 
27448 13136 
41517 12149 
83959 92907 
67955 6675 
55028 12216 
55340 24718 
31637 42762 
27927 30437 
62253 18894 
24877 92873 
48251 4999 
3744 39660 
99774 44043 
25374 85489 
97925 49673 
30601 95420 
57677 50485 
19216 3429 
62601 94355 
19904 69914 
47249 73200 
96206 28425 
35972 34087 
68010 41471 
7961 1298 
40708 58065 
47500 45792 
24840 41477 
55649 3412 
97921 14752 
45033 61303 
7121 53594 
12937 3141 
36533 41540 
89534 28137 
66035 90681 
87914 36194 
30051 22723 
40446 2165 
44031 99784 
92062 45868 
4039 92089 
35203 41305 
80568 70614 
13471 98497 
21558 16706 
91401 94395 
51557 47874 
86352 25531 
4054 69150 
85145 4379 
52266 72852 
22853 23859 
9967 26049 
84100 69939 
58455 4652 
98207 71042 
18332 55854 
38737 34726 
25502 96459 
5221 37078 
89630 83702 
60315 98327 
10294 27239 
19121 99351 
1149 46288 
39099 68105 
25636 14245 
38772 92399 
79142 74614 
81331 96054 
61961 56736 
95286 49141 
75026 67520 
68479 69813 
36089 86296 
44036 15214 
57892 43885 
67273 51975 
51812 24133 
81088 43038 
20606 86384 
44035 86832 
82065 70769 
50069 97282 
21748 14693 
61841 18708 
7455 78489 
30489 28337 
10664 51039 
64003 90996 
70907 81955 
23529 95464 
7897 65979 
72416 20066 
33189 87372 
76307 46242 
38258 17294 
54258 63172 
39100 45595 
10651 83966 
38811 19906 
35574 24494 
29066 59567 
47377 79626 
89025 9688 
65265 68466 
55914 1481 
42104 10112 
35368 89073 
57977 34525 
91607 40054 
73610 29298 
7611 67346 
69425 72427 
33678 3307 
50749 3618 
49097 33507 
82661 42254 
46152 27241 
28943 68800 
8250 24601 
8799 48282 
94709 65793 
52274 89390 
63581 77407 
30717 821 
60854 62473 
62172 27701 
79474 76370 
43242 25184 
44871 9069 
38735 53836 
14987 35667 
68356 61921 
92308 41803 
65685 53423 
32972 78310 
48907 27464 
3779 50337 
34976 14695 
81744 155 
49370 29315 
12829 25 
32078 1574 
46587 31731 
17154 54918 
41645 92781 
67942 44377 
93357 35761 
82981 78370 
69364 16979 
48667 4800 
51447 3276 
3847 54091 
72758 61757 
98887 96821 
8370 36211 
77083 91608 
24047 96119 
79888 70148 
13250 29369 
79035 30588 
55614 38240 
68471 87872 
11458 89649 
6870 60267 
26393 65341 
87588 54952 
57678 55426 
27032 52398 
49678 39545 
4743 79172 
79666 3976 
58859 1888 
67138 50089 
39206 71227 
89955 59832 
46881 94232 
78792 97302 
44020 15558 
67791 41966 
304 43910 
63713 68713 
53847 68586 
58548 12686 
3214 72876 
51223 82708 
14653 65991 
62901 16139 
23996 23280 
27359 103 
36244 45666 
13009 19309 
77499 23566 
86348 29039 
33688 17990 
57992 93404 
18457 52085 
61890 73583 
48612 40072 
5949 98519 
69679 67368 
97985 1426 
66414 75583 
94793 59467 
13527 99192 
44089 31073 
70391 46841 
89168 45670 
201 19584 
84359 63903 
98802 10774 
25706 93000 
51336 37908 
35747 11514 
95883 15412 
53908 30458 
62438 89166 
74715 93712 
72834 18531 
44886 99586 
32668 9660 
77341 7564 
19777 75122 
65263 79496 
75495 19153 
82565 92883 
34726 25282 
38468 55418 
88722 53676 
13360 44553 
60562 39212 
40717 93644 
87417 18112 
15580 47071 
46039 928 
3926 10770 
28254 52701 
99260 31708 
71839 37347 
22831 50118 
78776 32611 
92122 81666 
7681 24377 
88581 3235 
10114 44711 
40069 35642 
91514 26658 
96065 39356 
16653 10690 
14414 65163 
46798 52590 
97242 30723 
91179 50657 
10629 26109 
78890 31294 
97743 86651 
9015 6365 
48356 9798 
16560 43139 
18996 34229 
99666 68211 
7478 44026 
89640 60488 
73161 8551 
9477 75130 
59975 19459 
58833 80287 
23127 40365 
83843 81543 
82374 41758 
38684 55151 
24831 54027 
22456 10490 
58519 34844 
79745 54582 
74189 13659 
86131 37097 
7459 45668 
940 12963 
5869 80398 
58714 71501 
96195 25906 
88140 45962 
16211 68618 
92590 35397 
22066 90940 
99982 41994 
7521 14033 
91301 51325 
74539 81546 
46925 60381 
76043 91556 
7804 88858 
11160 78654 
34577 92838 
90833 45811 
61870 36810 
7437 46584 
87303 69950 
35846 22191 
5149 95623 
65427 5144 
93119 19256 
12459 11347 
87406 9071 
90777 55986 
35907 6592 
24723 45003 
2460 79404 
73001 13604 
5950 17341 
94608 5987 
17324 35100 
28749 16367 
4811 59210 
79484 40364 
13077 45345 
92831 17976 
85571 93198 
89138 84568 
90972 387 
66780 84746 
94440 24377 
24560 45424 
22297 1906 
59687 49086 
4753 9137 
85785 95940 
45518 32549 
81115 94583 
59373 60537 
21052 74775 
39200 98749 
70812 73066 
62520 58386 
14533 2258 
24232 65991 
75034 79065 
87026 95724 
34923 50866 
73878 30653 
4206 32022 
88046 18311 
92127 33035 
35153 97565 
31712 41674 
39238 38793 
74332 94202 
90052 57434 
18563 56982 
32421 32162 
62724 23970 
10150 83257 
73720 24004 
6737 44172 
46105 23287 
83073 89890 
84834 3100 
98322 69330 
82690 90526 
14375 25885 
79163 20857 
26507 80125 
81346 14353 
33322 91756 
99443 57134 
57568 14116 
99529 86289 
56104 3811 
4466 92601 
12034 50533 
80197 70839 
84996 47675 
29138 67183 
6569 33023 
74959 96086 
46970 90672 
63790 24785 
46453 20190 
25726 52646 
288 47183 
37482 44691 
9663 70558 
2129 13865 
62584 16127 
15101 85034 
88580 93614 
16969 15154 
38952 34717 
42985 88720 
80342 23551 
66971 55349 
53553 17614 
2868 27201 
41836 97375 
71099 7999 
13265 75632 
58882 82486 
50377 43992 
3701 55448 
56881 33130 
7410 92783 
36060 15939 
44749 83629 
68376 88234 
64540 12159 
76823 20380 
94448 441 
57763 85021 
50880 59609 
72218 31024 
24464 65611 
38044 91828 
58521 57930 
36923 87589 
63043 44922 
51776 4791 
9889 87786 
79995 14474 
36301 26712 
25773 20790 
43271 7350 
60894 15253 
12924 63514 
57450 48922 
84771 12923 
38282 24654 
24568 26748 
61331 54642 
91460 40920 
52616 24659 
59206 87344 
29237 55721 
75494 36602 
8557 56349 
49703 60187 
82663 14153 
43956 39962 
48199 84164 
4874 75286 
20868 93164 
14200 64135 
31147 94187 
55292 63532 
93192 73446 
89445 66747 
62447 33121 
11123 69973 
49104 47774 
4400 39569 
34390 19578 
54231 32458 
44517 38133 
75684 66890 
73212 84329 
11843 88569 
7869 4506 
16796 27972 
6684 21163 
84024 98721 
94493 39455 
2408 44011 
93639 54983 
22234 98311 
82786 67644 
91754 94968 
81423 58784 
81229 16832 
90706 94439 
45861 56665 
82302 76160 
91575 26813 
16091 72723 
98410 33555 
84833 30968 
25038 10496 
29340 82078 
64978 87530 
41225 30805 
50120 57137 
71949 39459 
425 88177 
96687 95923 
99998 28813 
39433 85518 
39209 34867 
51802 70238 
144 57633 
52150 15699 
78371 26063 
73920 96057 
27877 62249 
42523 50265 
87977 76246 
98604 59180 
1127 96539 
12207 62382 
58765 5838 
87131 36004 
18667 68375 
37685 8408 
21779 54531 
31074 99285 
99078 91350 
27833 29524 
99739 93390 
19974 64174 
90728 57363 
61957 18855 
74930 36139 
13116 81201 
50000 42951 
61817 73208 
83355 75012 
81440 7812 
10074 87256 
76164 73585 
69945 91559 
10575 15134 
87494 4521 
81288 63597 
64558 17804 
81038 11577 
98802 19001 
26120 19921 
63564 48138 
66603 89937 
84507 35190 
75368 33960 
26766 27342 
16850 29632 
62650 81242 
29235 48810 
24415 65133 
14923 10707 
59220 88479 
23217 20716 
94110 52612 
26494 21258 
87714 94890 
36499 99123 
92318 81028 
80976 64905 
75072 85489 
62471 44488 
50306 88212 
50965 99971 
56289 7447 
19868 27974 
69232 83119 
20964 66984 
84931 22867 
8065 82182 
14171 23817 
61374 86168 
31861 87106 
35029 97049 
91840 49361 
48783 31541 
69401 65532 
71452 80069 
21781 90908 
98573 13280 
63234 26605 
9573 24952 
35777 12483 
841 24977 
19273 74170 
30212 57895 
65264 56775 
75675 37440 
57801 6859 
6535 55569 
1496 96368 
88776 45675 
12113 17490 
98046 53999 
38242 15776 
93462 677 
73953 70349 
13348 92445 
31775 74698 
90055 82699 
32993 19253 
45167 61449 
37910 27864 
18681 97610 
82631 54280 
6171 49178 
10870 1867 
26474 3001 
89365 90057 
19082 5196 
73747 54384 
75237 95672 
48018 33502 
39617 65828 
95299 66156 
80537 17145 
70070 93896 
15757 10235 
32885 41134 
98274 58840 
77369 23201 
11867 41345 
26274 15176 
99734 73552 
98489 99483 
51182 10794 
52105 98684 
1140 24885 
89986 91355 
55174 32003 
73771 3576 
38709 31256 
29840 66330 
83318 50531 
46476 29975 
5254 86139 
55329 30949 
1765 65862 
62244 13018 
89314 61173 
