44384 56723 
78223 18798 
19017 14978 
13640 90569 
64156 34997 
70901 52600 
99988 13789 
76153 97846 
46412 80523 
20509 99109 
98720 58183 
1180 23278 
21695 3682 
26064 5152 
84615 58006 
82029 4646 
47246 85759 
31344 58049 
72633 34322 
92962 73907 
86345 96864 
85795 17204 
23811 20565 
59627 71671 
7462 61664 
16002 69394 
73633 52323 
26183 29325 
25524 10812 
86216 51873 
22991 96134 
10125 75420 
32526 80968 
51482 12461 
51528 92701 
60824 47975 
89785 51297 
31846 722 
38106 14905 
62799 19337 
79074 29345 
61199 9416 
98182 66006 
49744 65238 
34919 24169 
89232 10320 
72844 68432 
20310 34687 
5325 69627 
40057 53596 
29283 18538 
71673 2334 
13185 85703 
55972 24826 
57461 7726 
91891 9960 
15646 90777 
79918 78852 
72744 35329 
77082 28718 
83697 2707 
55123 94587 
59261 63622 
64416 98779 
49246 91637 
45457 19898 
13757 90391 
96957 28008 
91942 72403 
5011 747 
74712 39407 
61362 56331 
63021 49437 
50415 13685 
46475 94230 
64451 17416 
68435 52062 
14417 45879 
53203 25716 
39667 54313 
58528 23063 
84230 91786 
82342 88620 
99438 70704 
96526 48419 
53166 60626 
2444 87693 
74468 24387 
3112 41106 
39074 13797 
65063 38651 
5951 94651 
99340 16839 
48099 76360 
25507 74421 
81745 80164 
95167 24662 
87270 91754 
42213 72039 
32511 9037 
95858 20260 
54442 13858 
39501 610 
28835 67685 
23536 94904 
59102 55567 
43485 15698 
45348 80140 
76140 97896 
52556 37995 
25896 50558 
82858 94438 
71055 15423 
71016 9469 
15585 79583 
64516 57752 
45687 93706 
20091 28443 
62483 54373 
47020 86874 
12238 19325 
54214 29475 
63760 37798 
12889 65713 
88951 94630 
29514 16402 
86976 86464 
34807 26446 
55099 71103 
33637 51868 
49968 56964 
28059 95949 
1970 28591 
21049 37330 
42254 36297 
32079 14166 
77121 13270 
7333 2691 
97699 21862 
87117 56041 
44164 72261 
982 49700 
53244 1410 
97047 13671 
5356 47759 
76226 18258 
53419 8333 
94327 20300 
59251 18593 
15382 69768 
85445 52706 
48138 22812 
90677 2085 
74271 6679 
54667 53446 
81692 34357 
15321 54118 
49193 72355 
35091 22001 
89760 23749 
26161 30283 
48994 408 
54793 72938 
72405 23277 
14038 96014 
726 7651 
958 61844 
25951 61573 
59616 98595 
42431 49793 
54328 75909 
57200 53177 
18994 38926 
81544 84027 
87807 27597 
11918 1435 
50253 5941 
22455 7653 
89004 26789 
33588 96372 
53188 61570 
91727 66868 
91471 31787 
93473 14193 
19491 89139 
14491 54871 
24406 4573 
57979 50026 
15664 43087 
20540 43420 
15582 20717 
84350 40578 
45908 62904 
83625 16989 
7273 9313 
60704 58322 
67276 39173 
22482 3650 
69938 23349 
31424 83870 
54331 44604 
17099 21838 
23433 65885 
73925 88156 
35600 67967 
18733 87127 
512 22448 
17809 81094 
49066 13786 
57206 48168 
12384 75015 
22427 8329 
88983 55715 
73984 45916 
1098 97994 
53856 2731 
41268 56465 
34563 15302 
88509 61576 
27316 22274 
29738 92184 
98665 73482 
56603 92860 
6037 30940 
20458 44179 
51784 63801 
18939 70142 
72593 4283 
56471 45858 
26560 49621 
67975 50750 
13719 66303 
20167 97812 
67541 77149 
8051 57821 
84627 89260 
45560 88889 
17809 51400 
8775 76413 
43833 13081 
27738 86183 
31015 94451 
38609 34338 
74517 65986 
1761 81816 
37313 80108 
63385 68112 
33428 92987 
88253 9394 
16737 64145 
19547 99400 
93344 23895 
27971 68052 
58510 54234 
96864 72367 
70118 37472 
52612 16951 
9820 88733 
90390 27309 
50311 3375 
64115 28137 
42564 18449 
6437 10957 
60426 8530 
19743 10648 
91587 10528 
32316 48857 
43780 99576 
45184 43751 
42926 18615 
4629 30194 
36003 98020 
22962 82215 
75577 88413 
35859 80477 
55196 69742 
28411 21496 
85295 92797 
84038 22455 
47757 55497 
10470 35735 
43955 15614 
75253 50662 
55897 94047 
39588 26450 
72970 28304 
13752 69987 
97854 94565 
69983 44825 
34306 28500 
39420 73648 
76824 39959 
88524 75473 
67587 34733 
17398 60974 
59626 27744 
47517 94579 
26821 56385 
69590 20369 
91115 80114 
3640 40292 
95253 83038 
82845 27869 
35358 79850 
10303 58284 
81870 62352 
53569 36666 
59592 13702 
35708 10342 
28064 60611 
53534 57995 
1971 29893 
3845 58897 
77974 25093 
26647 58777 
89135 41375 
80732 65379 
91021 92378 
51455 26406 
94593 31491 
53120 65285 
158 11765 
29140 76076 
53956 43668 
71967 7854 
44332 77912 
81770 1021 
78024 61799 
57919 73238 
28703 91857 
70584 91091 
29750 12936 
91079 5058 
91103 94558 
69063 70016 
56088 48953 
32325 21242 
78281 42078 
50559 26781 
90751 88805 
48443 91025 
60425 16582 
75246 41486 
68880 28030 
38338 91017 
37489 92258 
86160 31081 
19665 47139 
82591 78208 
15846 328 
49093 65375 
27897 75523 
63633 42826 
58764 62266 
96104 28708 
80505 92527 
28788 28917 
39239 85390 
57420 27666 
39065 72333 
93466 35547 
48696 39940 
91483 70243 
4311 4280 
6759 36523 
40059 61807 
47911 66836 
63658 45278 
26714 81506 
8731 50039 
23152 28463 
37759 85945 
77547 66427 
39983 53268 
93571 62588 
67100 37112 
86060 86082 
76262 64204 
35763 91957 
4665 68337 
19525 6798 
82955 66330 
68835 46831 
5666 55065 
72317 22075 
16107 1940 
78437 5993 
30377 16082 
73534 79071 
20610 55662 
7304 86942 
1068 47896 
12896 88843 
12390 72609 
22072 10653 
79061 87685 
7171 58216 
23093 55293 
91133 91284 
52934 61465 
54405 6193 
10798 8443 
33302 26244 
53870 99101 
48213 52768 
65267 25880 
22052 86991 
39179 22815 
49402 93058 
61242 38568 
55088 35962 
10012 40829 
37188 94629 
38316 68000 
24030 20023 
54263 2775 
87279 80917 
10893 54049 
43955 15828 
30705 98524 
49077 88627 
36732 51438 
27583 27480 
35342 7072 
19286 11999 
97626 13946 
13861 61886 
16022 27117 
34164 71847 
70697 10515 
85713 32187 
26307 45971 
27707 72239 
93845 42387 
36720 64673 
34627 28457 
28024 32728 
53856 55409 
71501 9545 
29723 32414 
89162 9012 
50694 66657 
49555 80949 
88405 82467 
80655 39921 
16477 49507 
7331 76640 
96640 58689 
82059 83620 
92672 46305 
18294 52692 
39974 81812 
54741 30915 
94005 2768 
75754 53627 
4318 1607 
88183 8556 
12625 43262 
8210 23364 
53100 20090 
43069 10430 
41007 31098 
62001 47375 
71820 6194 
38427 19526 
17141 82977 
10999 1438 
95992 83530 
55077 8573 
20502 31745 
78131 7378 
63516 97906 
52665 32238 
72324 56569 
78494 21191 
57490 96213 
22544 48763 
18690 24709 
18815 3931 
30460 73350 
23761 33960 
99965 13993 
13034 50766 
26151 68803 
74426 75418 
35066 10166 
98773 78574 
39670 19530 
95723 59844 
74107 98226 
64455 97495 
82214 798 
30825 91409 
97924 91910 
21839 16800 
41291 11599 
85994 4004 
67991 70460 
83735 60493 
52465 86295 
66106 55281 
55256 16807 
31674 93026 
23655 39135 
1891 15380 
1400 76322 
83276 80511 
77987 73269 
91146 88237 
91039 80268 
94118 37836 
6227 10927 
1174 28347 
38392 3099 
53823 37059 
44805 26370 
4734 40891 
16912 47737 
61182 77484 
20443 88283 
46761 78104 
85422 77985 
88030 42798 
27415 43233 
64105 69784 
89244 42193 
66681 95667 
28437 96843 
5587 50823 
39858 57342 
60660 85186 
95215 74309 
24611 73665 
1594 47668 
3508 67556 
29664 66919 
41601 18562 
38882 56977 
15432 65403 
31812 96202 
98545 39540 
2562 78784 
32547 16105 
5406 52345 
52896 8947 
58789 73432 
8503 84536 
17233 88534 
83094 48487 
89027 66302 
73229 40611 
51175 77841 
2993 59621 
14669 46293 
58594 27023 
23016 64315 
7436 91233 
24779 8683 
25725 67555 
47003 64899 
96258 7450 
10486 11516 
53758 91376 
70201 3834 
48981 43499 
34541 39677 
74787 73693 
15626 86175 
47458 62507 
89544 95762 
64780 18159 
204 42064 
68747 51114 
23379 61914 
25219 31427 
18550 98407 
95463 16812 
35342 1750 
15233 65236 
8587 59584 
15885 74884 
71508 96519 
18998 26429 
40024 3843 
11084 37840 
72828 34636 
58157 80283 
91713 27014 
51331 45241 
54486 98739 
84032 97544 
8884 90182 
49056 96799 
20032 19389 
9394 20567 
56298 52968 
40617 76647 
38794 89586 
64556 48942 
8304 99041 
94157 81666 
40099 59199 
87552 69992 
41850 85524 
65802 91766 
2812 53498 
83173 84553 
23427 72921 
51470 44998 
43706 84889 
10618 3405 
5998 17204 
6562 5407 
33187 52015 
84533 14756 
76892 30708 
30789 36498 
91878 45354 
99204 48174 
22713 43475 
40411 18221 
46588 3465 
10655 85338 
2250 21675 
75154 70354 
49182 89004 
36443 93027 
43423 24764 
12061 70178 
86851 78674 
57887 78714 
5272 8003 
83546 77343 
37325 86229 
34517 94162 
71008 1988 
21930 3799 
47516 62687 
65505 37423 
63142 25824 
77700 91699 
39133 42881 
57829 28616 
96699 15598 
83784 87156 
69758 32504 
85961 59879 
11551 74771 
63080 22745 
2927 54768 
52818 44901 
49860 78147 
1526 46643 
65702 837 
86762 18392 
69672 86050 
33975 61295 
97283 53164 
34407 60915 
10659 50358 
15117 59503 
17135 75873 
33994 49453 
53030 19022 
72753 70816 
66190 91335 
79105 59103 
35636 70724 
65646 56130 
99602 87063 
7487 66289 
24262 36307 
93245 13363 
34594 22084 
74734 28894 
46155 88616 
29535 82130 
81902 26918 
97618 43679 
31767 7399 
78272 60272 
14334 16306 
76808 6406 
29755 50902 
71888 70155 
50962 58829 
33761 25037 
86247 90797 
61312 37623 
60464 72562 
21547 61406 
4380 92092 
68981 71490 
12116 40894 
94367 1759 
25141 44654 
2311 56467 
27977 67669 
45535 81543 
95511 77992 
49887 97419 
14760 15769 
48694 14841 
14945 15940 
7633 77824 
78909 98304 
62017 3846 
76182 52875 
7249 20351 
53411 16526 
80175 28756 
41425 58120 
44147 62432 
89836 63624 
43833 43489 
19885 40164 
27189 84711 
94146 38533 
41426 27603 
37722 27348 
97458 55283 
9764 38901 
63002 69816 
16377 46643 
88359 77595 
76439 27349 
90889 83513 
345 7180 
24282 54905 
18409 90176 
36937 79634 
362 20163 
80133 9195 
40384 32632 
61130 47330 
43059 11797 
48953 17420 
34866 79923 
31305 17779 
43074 10889 
89938 52990 
29313 78064 
8763 11554 
38654 17747 
54079 45369 
26672 13736 
69527 94934 
56748 86035 
9728 95695 
17797 97290 
96021 95546 
98619 74201 
15331 11292 
69254 78022 
98921 52726 
61982 48142 
11598 46985 
15047 85877 
53968 3003 
40692 41729 
30383 66088 
5771 18718 
63480 26076 
67987 6848 
42535 58979 
93701 19287 
77352 1698 
94312 9583 
91981 82128 
57351 11022 
33296 52830 
15732 54190 
88315 5490 
93999 86857 
1094 75486 
93955 41505 
55158 81140 
33709 70136 
40624 80636 
33976 93415 
56540 71045 
53354 91810 
8426 98571 
10363 47 
48595 96863 
94164 53027 
72580 21109 
58192 71304 
28809 99663 
11310 67272 
20656 82048 
69662 99400 
80110 22454 
9041 1203 
70493 1240 
62383 64019 
32039 53408 
39892 58302 
18593 42697 
10375 36754 
86300 92677 
71470 74507 
85881 62088 
53784 66458 
78921 30695 
49347 19946 
45594 44058 
28320 52154 
76318 50843 
9565 25925 
43081 54724 
80461 35132 
27515 94380 
19273 81303 
42261 59761 
59402 66891 
19787 50527 
49008 67406 
58515 83454 
1797 34553 
9992 59595 
5144 25603 
62779 9124 
50293 50394 
28863 42042 
76011 76704 
66595 46294 
71868 37140 
80513 91362 
70218 36305 
22892 15017 
67007 65647 
84434 93683 
50674 95232 
2268 22722 
85710 26639 
32245 61973 
92844 59212 
29519 33997 
91363 43112 
56458 97739 
20736 66932 
90207 58687 
38480 55064 
33526 18124 
99152 30596 
42012 8696 
55336 33182 
68443 11264 
85708 68160 
90640 98890 
47502 3141 
33160 7829 
71140 21342 
15058 92488 
63304 87133 
56073 81616 
61411 78589 
51815 16329 
87210 94285 
84867 17091 
80146 47109 
73213 96413 
52180 16603 
69964 6769 
94888 43126 
19109 89104 
86973 12076 
40856 66337 
95715 94502 
67086 8373 
39441 81586 
72570 80379 
79718 74843 
50786 74497 
41821 71265 
64554 16629 
19857 13266 
61156 34583 
9041 56935 
79225 71621 
21719 48928 
90377 30313 
86055 92281 
12466 35628 
96688 24491 
3237 13304 
85221 27385 
93325 89795 
5037 37645 
45720 33481 
79747 29269 
35183 73333 
47472 94832 
25576 50826 
44203 61093 
85659 83691 
8629 36319 
24628 45933 
58135 1632 
47521 97578 
81048 26749 
27597 29724 
13780 11691 
67864 25727 
23138 30327 
77200 77738 
93906 79091 
17812 39305 
29647 14759 
90284 39380 
10793 98856 
10038 30843 
18155 53110 
94778 97507 
22367 70267 
26326 97590 
60103 17702 
72206 78768 
66504 17394 
52484 60171 
9875 85200 
15542 40060 
79516 64771 
42838 54446 
10450 97031 
37176 81509 
89850 24840 
61596 59463 
79139 44263 
86737 61363 
2991 78812 
73337 49383 
1916 71107 
63562 13183 
18601 57578 
79889 82288 
89873 16155 
33556 90728 
45916 54323 
25873 63739 
76300 35518 
85229 90917 
8393 25469 
20164 47995 
57914 76994 
84652 30276 
53644 61600 
45545 64774 
8748 99405 
14126 75232 
9666 35001 
53817 84441 
20224 56253 
4296 51674 
53377 55456 
68629 59531 
45912 87817 
94512 84155 
82483 90949 
43292 5481 
54502 90862 
81171 40126 
6686 34895 
45850 8464 
19502 60066 
38825 79603 
99246 26559 
68666 73230 
99177 20330 
23813 35642 
74921 56295 
84790 48825 
85235 94107 
95187 76029 
85294 12239 
98383 95088 
23800 72878 
12689 21562 
47506 50113 
61442 77824 
37161 86934 
96556 21327 
47406 92768 
54124 5527 
99825 92592 
58912 10350 
83136 91104 
50898 45556 
47396 20988 
41512 16 
40176 3026 
19820 82651 
21776 57593 
19607 76657 
13847 72050 
27182 7681 
81230 46581 
56690 8680 
20298 12230 
44802 49512 
28806 39212 
19903 87644 
61996 31013 
82225 87885 
37639 30337 
90848 53672 
38724 46696 
91097 10202 
76654 52199 
31583 80573 
20116 82098 
13976 98 
65178 19649 
90577 21095 
20726 41108 
74858 70704 
9983 45928 
58358 37665 
43672 99734 
33658 80479 
3270 73150 
7657 69037 
83842 68308 
51943 94510 
85113 86631 
77790 8219 
6703 6471 
42159 79167 
98881 7201 
88046 92077 
43712 97598 
97627 43005 
93144 80641 
89859 28005 
70354 14288 
25572 61799 
48593 8392 
92514 8054 
57811 31564 
30457 50614 
33473 88656 
22163 85910 
14300 69427 
19869 70788 
16060 62064 
98915 17107 
57063 71404 
30251 84724 
87691 81013 
41761 87867 
81062 50728 
94716 96380 
74858 46842 
36104 82972 
15356 60786 
232 40356 
43887 83979 
23660 68030 
83212 71492 
6431 7457 
26725 45184 
99490 86554 
6937 58207 
23308 19621 
21328 67062 
25938 97229 
23467 34856 
70083 92123 
45195 19947 
98230 1759 
1710 87883 
62487 45921 
45537 21334 
21511 38688 
77678 92681 
731 58048 
94616 6969 
84070 43589 
48410 19140 
55440 62938 
23759 78765 
36539 1001 
90705 57955 
73799 42576 
74563 73663 
11815 38513 
95682 24330 
53195 68368 
70819 22586 
45474 38384 
35185 20720 
54600 82604 
39643 93635 
81452 67090 
1041 65259 
52982 32435 
35371 38651 
72746 48184 
83193 17503 
46993 94221 
44686 87305 
11906 28870 
77725 58134 
75210 51166 
76537 57829 
51091 15663 
40786 4271 
11188 12118 
65330 78557 
96436 79553 
29441 67019 
34592 84427 
40934 39400 
86521 56034 
95448 82900 
681 38757 
43996 17395 
89679 90415 
22998 75814 
55400 28732 
90097 45479 
79935 3780 
26415 31155 
68345 53316 
11254 18618 
76325 80005 
48836 88743 
80877 74814 
28288 56441 
55366 99220 
27899 86191 
91644 30386 
32575 66510 
71441 68095 
19437 9366 
26772 99962 
80695 77376 
44873 22357 
95202 31570 
67002 18448 
30486 35550 
2432 1912 
55637 48096 
29028 45122 
72032 85549 
80073 23982 
23710 37786 
23305 28101 
32096 77129 
22638 4623 
10819 8241 
35603 26769 
55510 68880 
40312 4045 
70793 6318 
4547 80069 
92035 22290 
6582 96091 
83003 557 
92440 33536 
42221 5443 
7479 87295 
30588 67185 
71611 62966 
40764 50481 
76852 35894 
64827 36317 
73567 57617 
80894 33971 
77458 46183 
71667 80027 
73203 50826 
8289 74321 
12620 38615 
81412 48895 
5348 10933 
38054 65385 
78222 21029 
87607 88698 
35909 30405 
73258 90391 
89812 11392 
66122 93869 
34867 76057 
28564 85340 
44569 87459 
10445 79373 
23411 88242 
87453 46024 
2909 63732 
24220 77637 
92456 41920 
46565 97777 
99493 21105 
37021 92173 
14827 7488 
25672 72130 
18394 39601 
34402 64545 
