26836 14141 
89303 36282 
5578 7351 
80004 96125 
77126 42937 
21945 55615 
13391 29513 
38332 58504 
44534 69680 
48877 58215 
43745 77652 
68451 808 
33859 67956 
3741 81120 
24025 49720 
55796 95725 
66010 52586 
94261 46911 
79197 4901 
55134 35579 
30914 82599 
28042 17755 
74469 48060 
41311 89389 
41117 2249 
23527 7134 
54140 80549 
18803 49041 
83336 32968 
59643 68373 
86424 42777 
56075 96219 
90233 54140 
42628 4133 
48996 98916 
35768 46733 
79683 35591 
93576 65989 
15034 39144 
36722 53893 
33779 9687 
85204 38251 
24524 99821 
88867 77552 
14872 95927 
81358 25151 
50581 26971 
66977 50482 
40880 15919 
57777 85556 
95577 33479 
14319 98701 
67156 61643 
7628 84326 
76808 25385 
12205 97405 
47165 4871 
60331 54482 
86501 97662 
36466 69148 
69245 60655 
67180 89300 
35892 24878 
66855 55893 
91710 42759 
32291 8492 
18173 97125 
40411 21602 
23570 73931 
92379 67598 
50048 76610 
64783 66975 
23120 38914 
73886 4748 
76682 75297 
32540 63005 
11682 93065 
80974 43914 
49788 78989 
2478 34975 
24749 64495 
92903 98808 
13648 68244 
38941 53537 
47801 12612 
74299 46562 
58801 11512 
25173 14529 
9067 30950 
26840 65326 
28186 30888 
91711 14142 
26491 7192 
35866 54936 
85494 65868 
25846 51115 
31163 78256 
90436 84776 
80504 85499 
53151 12562 
14494 43357 
80343 37994 
71157 24314 
7111 25098 
71389 22918 
98603 46191 
87147 42448 
27854 77893 
36688 76228 
2935 33750 
44780 35312 
56006 49293 
37144 15740 
14745 15915 
47881 43231 
12687 93656 
6195 80891 
59139 19788 
34503 36429 
81661 70039 
33804 59350 
74464 22369 
54214 75750 
34656 19378 
48628 68563 
44906 24784 
85714 74512 
65868 21798 
54783 35506 
34660 6841 
29563 11872 
26670 90699 
70475 37525 
27180 31054 
35778 73116 
76534 85257 
40746 92154 
98027 90280 
51057 17238 
91189 47979 
21630 8813 
74839 18105 
95417 97212 
94025 98955 
57952 40258 
62926 6116 
2983 83353 
1764 43441 
2061 96689 
40016 97214 
86724 65145 
406 74425 
45745 10399 
48661 49090 
11872 31933 
92473 76809 
62613 63859 
39821 87016 
87818 57871 
81565 64845 
83182 19128 
46142 90097 
13226 41516 
85238 9477 
49965 11473 
88445 80104 
34145 75453 
92232 37213 
24803 95101 
43936 7054 
99884 46348 
5044 7186 
45716 53881 
29660 50656 
26408 90822 
33888 98030 
55541 14962 
79710 81777 
2031 57523 
33035 61218 
49615 28158 
19706 53065 
95155 50807 
95562 22505 
14774 99008 
67066 12870 
48847 56397 
47518 38108 
56935 88394 
10573 61596 
71991 74430 
7525 37273 
39516 16606 
47766 94640 
61797 10266 
2838 7865 
79980 34751 
83667 1046 
17438 98464 
57862 6625 
76746 51386 
19349 12019 
29557 60305 
96161 721 
63745 27282 
83877 18436 
55439 20258 
21953 72262 
14887 76191 
88131 1505 
14588 31778 
72135 42381 
45701 34522 
4020 45700 
64495 87829 
54825 96557 
84414 87802 
97610 28119 
41346 16515 
15452 17798 
9735 66835 
69685 3406 
75448 87220 
96411 59335 
77611 51418 
82246 28375 
16134 77644 
81289 13463 
84221 44538 
74469 95481 
25904 77118 
39689 58170 
37465 4911 
96643 69270 
28592 26603 
13653 88205 
34234 50781 
15593 44959 
21292 20747 
11717 62198 
65699 72842 
70115 73283 
84836 22407 
1601 22514 
97909 19199 
79925 20742 
52572 65016 
17555 69440 
99951 40241 
36649 59400 
22222 43186 
23370 96376 
16937 6325 
30374 5373 
20573 16943 
97083 17651 
10091 36159 
90250 50141 
55771 79984 
28377 45620 
11198 98773 
42694 53832 
16986 67337 
44702 98672 
63675 76977 
15683 94616 
6214 2831 
7126 46789 
47541 5182 
42666 93344 
11979 11749 
41934 26309 
10543 19490 
44607 57587 
59695 49072 
98996 80518 
52703 82930 
93673 14198 
98471 18688 
52905 7721 
36561 73747 
87090 24551 
9102 83968 
87923 23434 
20367 49612 
84669 1590 
43034 95101 
32723 68327 
36497 25666 
88529 72834 
27047 83560 
35973 18570 
62359 29279 
68535 58476 
93442 99122 
98748 80221 
56042 19407 
61948 58709 
20481 89798 
4808 74289 
53992 83454 
829 69442 
92857 50087 
14747 44118 
52968 49515 
45692 70516 
16952 87938 
15032 41736 
23544 76901 
28925 55591 
50658 85806 
37944 74799 
27432 12827 
36511 97815 
32508 56202 
93443 20790 
35880 28166 
81539 70445 
19911 17114 
78962 40083 
71417 70145 
48038 66537 
71228 37707 
58163 44547 
20212 94885 
8651 86859 
31476 29676 
24650 3305 
87310 67674 
44650 90163 
6410 84655 
91668 92305 
92005 43854 
21819 24957 
34760 83064 
73804 19325 
25631 68228 
725 86916 
93385 24792 
51698 81076 
19018 55866 
84875 71078 
95105 57099 
35782 34031 
91894 42199 
35291 12962 
63984 133 
70069 85607 
81487 15312 
5018 37743 
97822 95454 
42001 37378 
72607 68291 
72062 61638 
52633 27949 
89370 36915 
76451 34554 
74301 14631 
8860 96531 
20335 19931 
30423 94023 
74863 78685 
4103 34024 
87546 49346 
16215 63054 
11498 60576 
42122 1597 
82392 82928 
18422 5995 
8454 43501 
12885 8175 
40384 26142 
70959 31276 
54373 86580 
83416 30183 
73695 51853 
63537 59919 
74733 66414 
44220 32038 
71875 93523 
5479 79351 
52331 79833 
21048 12761 
36741 43535 
69121 20421 
74341 51962 
86760 29120 
42480 13295 
60080 20507 
9462 18765 
33060 70673 
36960 36751 
86653 60600 
43650 78194 
86872 87118 
25277 23959 
25599 89266 
27983 29093 
81102 93333 
1556 96354 
6588 71360 
17144 41986 
14586 2499 
20004 60349 
62573 24405 
2057 30902 
60949 62693 
21251 913 
18344 30503 
65188 20372 
11181 97351 
54987 1773 
14551 36687 
12015 26733 
59657 74975 
64904 23864 
89431 81592 
57198 97892 
68408 58496 
26969 98683 
65540 11348 
68959 80682 
69361 9665 
57035 18184 
13721 72574 
184 9951 
89361 48873 
28815 27850 
91599 95365 
59765 38528 
7709 95784 
68227 54581 
78858 4174 
2702 52203 
80986 41180 
15124 26057 
56565 19469 
42470 38865 
94946 25404 
68434 63188 
2809 38053 
14182 5937 
28224 23787 
55717 52315 
1925 4947 
42048 65251 
37630 64455 
93160 28790 
89556 14727 
89657 29493 
99805 28912 
27023 28582 
80833 5190 
96587 89380 
68989 10775 
72548 89549 
53927 31261 
29874 65683 
35677 33066 
91358 9008 
86253 32015 
3841 55262 
95925 49441 
73346 89261 
65570 28717 
46805 15233 
66074 79757 
14086 27693 
23264 16757 
18189 54423 
2653 55357 
3769 33114 
62067 39382 
4540 26240 
12231 74468 
68681 74955 
75482 56115 
47975 42116 
60983 93111 
31252 96975 
81184 43744 
85575 49642 
18733 1893 
79670 52123 
15643 92777 
3236 44554 
97241 64098 
63093 40180 
62271 87252 
32491 10705 
67506 15444 
53472 54838 
10314 80797 
43831 7153 
65833 50909 
39987 71847 
66795 6825 
15021 46529 
23454 49021 
47131 34874 
68747 85752 
77951 33795 
79447 8982 
92446 20709 
68014 17140 
72511 59564 
61730 1048 
24928 90472 
85880 69649 
61027 67100 
45897 55521 
10119 58447 
59797 6678 
81765 37147 
26650 40775 
52897 35191 
29471 10613 
45019 59726 
61608 5683 
73991 26557 
34579 93537 
294 87047 
72248 86848 
81221 95275 
21375 7329 
28110 86667 
11743 6027 
1487 16721 
80458 91012 
34937 39037 
34472 8136 
64527 85534 
62963 18257 
54775 48585 
26962 15228 
54450 54696 
47438 32938 
85892 62469 
85021 96836 
70065 13742 
54681 85607 
16251 16143 
46839 82064 
60024 37720 
32800 8805 
16119 49876 
16819 63834 
23783 63551 
59749 94083 
1394 65364 
39899 70657 
94417 75432 
35629 58629 
96151 16581 
11135 6338 
44285 5917 
61999 14393 
47930 53999 
30310 82990 
79566 84314 
30472 77597 
74283 66327 
36338 97768 
14692 89049 
67861 81524 
44088 88910 
81214 28683 
42679 85634 
10139 80473 
22156 72918 
28300 49923 
42380 56866 
2478 57778 
30634 34478 
84689 92039 
88676 56922 
47640 75770 
5734 27882 
2430 97407 
56617 45971 
49971 30583 
53290 12015 
8365 46351 
35525 86950 
27276 99691 
31669 4143 
47357 54317 
94090 11148 
87841 95063 
15544 40200 
48669 65482 
62455 84231 
94855 59832 
19054 85714 
50252 93207 
22320 29363 
65513 71371 
81852 66523 
40722 82701 
21072 89036 
77056 38653 
46573 13401 
3784 96308 
50966 32290 
77018 6799 
81229 39755 
74863 46792 
59360 38921 
19938 6709 
25038 96525 
44725 29018 
81028 17350 
77818 12640 
61232 73422 
69827 25424 
8573 37775 
96576 95657 
45315 40660 
74192 85659 
41931 87260 
95771 85823 
42334 50303 
52552 5795 
83020 78383 
33856 81021 
51641 41387 
9531 57495 
66504 68108 
86238 65316 
22686 17941 
94640 42527 
42737 68500 
8395 24722 
90340 94062 
17838 73019 
53851 55936 
81327 73287 
83275 25170 
55442 2841 
69053 10447 
61606 27376 
83915 69599 
81125 60507 
70108 41838 
83280 91039 
43464 49653 
81800 58989 
3046 84218 
83911 40363 
80543 6271 
43124 82831 
37098 65582 
52003 19700 
16931 66446 
14416 77955 
96885 84102 
18085 87649 
28952 67527 
87732 94548 
58867 47737 
36730 75693 
17995 7566 
50874 58422 
28071 58829 
31745 47386 
28700 15821 
99100 71243 
36118 50321 
1836 70959 
68331 62584 
15291 65003 
26560 5220 
8979 43269 
5828 52458 
53355 61148 
18537 15969 
96785 27948 
54080 70226 
84616 9735 
64785 65357 
11115 95666 
63918 73460 
91972 9018 
44999 35604 
20216 79384 
83347 50997 
21569 30848 
60562 77275 
56633 82505 
60538 91441 
26777 2282 
21676 94641 
28180 2786 
94088 30812 
64216 18788 
42887 29160 
70215 59936 
59072 73501 
26602 89446 
88033 47687 
36507 39758 
62390 5654 
22191 39515 
30630 67071 
50936 92751 
5945 45139 
35566 20780 
20707 71775 
67319 50045 
61142 97234 
29554 5058 
74110 6167 
9598 44572 
83244 10171 
73014 61251 
25287 48101 
89683 50355 
19095 49680 
4292 41345 
9572 95461 
25198 77809 
86717 36678 
65079 25738 
65981 22280 
4403 87947 
30312 17232 
64459 3293 
76542 86087 
70549 13376 
79172 58954 
57899 86503 
83167 93124 
22953 98981 
64014 92954 
50956 87162 
48085 53072 
57028 178 
69267 45488 
62464 2929 
48849 79923 
90556 1638 
24808 28469 
6957 90179 
23942 20642 
48471 44363 
65684 82943 
81114 23528 
9986 18256 
3393 74006 
13312 94702 
63968 67427 
36569 41025 
94212 48336 
56699 26160 
65666 10210 
69726 34305 
69961 66723 
37170 33637 
84530 35995 
20056 76784 
31257 9544 
65143 64183 
57192 34818 
56526 47692 
66571 400 
22453 51100 
11567 76401 
91946 36658 
5597 29025 
28747 52286 
57431 97934 
31157 52831 
36981 97797 
75459 547 
74366 81275 
97934 14920 
62673 79717 
55888 60025 
81843 19942 
81611 28791 
86178 769 
44893 7871 
1203 1307 
69471 84253 
56964 84540 
6715 85308 
44307 54363 
55885 27683 
18292 21983 
34449 87230 
88613 38468 
44243 92135 
30735 54242 
49675 84469 
23456 73454 
82669 91553 
68658 81390 
15772 97879 
77289 36487 
99554 10752 
11910 35008 
43421 68370 
60652 76072 
29915 47796 
80012 77470 
91819 92033 
84636 18599 
48590 90412 
81092 15836 
94118 14511 
39607 67805 
51300 33087 
72835 43243 
60605 3731 
43955 22562 
49576 66485 
57726 45680 
38136 45160 
97636 63365 
70581 95824 
59830 37042 
29343 28721 
270 82928 
77831 69856 
55397 10354 
132 21495 
18560 61253 
53840 27088 
54544 18052 
28974 45370 
12801 10595 
10702 90890 
56276 19211 
76528 3763 
57243 40682 
19616 70120 
24131 56618 
79085 26569 
14070 19610 
75394 46918 
54695 51574 
94373 27457 
45771 30773 
36933 58309 
36256 29314 
53220 92677 
75654 51249 
9697 3236 
19877 12946 
95601 45504 
31277 2010 
61213 31703 
50132 48784 
94583 55462 
30571 45356 
85591 97618 
27794 50980 
96678 86473 
95396 29966 
58089 82029 
1712 78339 
32130 3068 
2318 8949 
45749 18348 
12175 81209 
73639 78797 
5368 81292 
65096 76234 
33005 81331 
47049 75993 
90537 32093 
2935 85764 
84649 72553 
22512 91009 
46786 71971 
41260 8534 
15547 55283 
39636 84088 
63332 1039 
52279 87324 
74029 42583 
45144 37996 
87972 47839 
54581 30987 
18006 789 
46555 14562 
6218 58624 
46458 16178 
34739 12552 
10402 3267 
26002 37373 
57398 12580 
67924 75182 
58498 81014 
77719 61944 
83758 63264 
74383 72197 
40780 27237 
64375 26740 
99649 76823 
57609 80961 
88226 63470 
21601 87288 
59028 12917 
50447 4299 
74383 11530 
72310 7117 
30026 67874 
44159 38990 
39004 89447 
85745 32333 
27527 91990 
86152 19013 
52314 89291 
75700 44271 
35009 95162 
93630 96458 
23430 6021 
97667 65620 
31662 22497 
55437 47966 
81439 11517 
29690 20413 
65804 6541 
19349 19611 
82652 92916 
46670 73274 
40610 27766 
87095 48110 
22557 99407 
22909 98306 
3162 39953 
64358 21239 
55974 66614 
22643 53012 
52844 42114 
38035 65358 
53944 12722 
63336 57649 
10095 3601 
78007 72939 
50852 25470 
61500 5397 
11533 74027 
85698 7968 
60305 84164 
95807 53725 
22473 34652 
36683 52138 
63288 85848 
47256 72372 
82845 72869 
89606 79702 
97101 69768 
1165 48304 
27529 86438 
58683 73886 
98606 59277 
20747 73053 
47136 49095 
72051 22753 
80281 65315 
27047 62828 
80233 94190 
63225 57407 
42623 20613 
44989 86786 
53032 97988 
67934 20428 
51389 38752 
316 3850 
7574 69274 
23600 77424 
33209 17225 
77178 33476 
84396 76906 
93728 9605 
68077 28637 
71131 10743 
50725 71950 
64465 50246 
82240 69191 
97330 1176 
90193 86047 
85601 52954 
69998 58592 
38657 75672 
95099 12643 
53277 4617 
97936 10515 
43567 70942 
27238 2730 
56663 20920 
70094 17777 
8418 85836 
38296 31734 
35870 87339 
57600 21354 
4033 88960 
65845 19191 
23366 33476 
21275 57377 
31287 37970 
45942 7861 
66164 53654 
80734 1263 
15458 35929 
8354 33896 
51034 11639 
8485 53103 
74123 75120 
45417 44740 
80026 92393 
52558 33459 
18364 43716 
70557 46364 
68544 88750 
16164 83712 
72041 95675 
7475 86500 
63263 35890 
47912 90094 
18908 9276 
76017 5513 
2137 31526 
21094 75545 
12328 84670 
65752 11535 
63763 4667 
5552 28549 
7363 55837 
13264 61521 
78382 20873 
60645 63069 
99995 17354 
24171 54864 
97766 36876 
2835 28741 
83247 91347 
5901 71194 
46267 42463 
26400 15451 
54976 85026 
2226 9023 
288 52513 
80796 21448 
37090 14194 
45582 6861 
68443 37079 
33181 79131 
90965 93126 
68171 53454 
69676 2396 
69615 57644 
38833 16186 
37894 18777 
31598 60726 
13458 86427 
25886 81608 
10088 62424 
56310 51907 
64472 68860 
82885 32798 
11125 1044 
25981 4511 
87153 80142 
74018 17566 
94852 41449 
45442 49502 
1800 68546 
39801 90682 
37918 11048 
44060 24277 
56837 4192 
69748 10128 
64981 42241 
84173 29985 
85918 44466 
64619 2453 
19824 92413 
48323 30017 
78307 10253 
72972 97620 
23387 6170 
2581 2549 
16067 92091 
11821 58726 
84741 51465 
58219 85044 
56568 30417 
6132 56993 
56005 86237 
78979 73581 
63824 39023 
6948 67427 
47241 37221 
6242 64929 
17191 65871 
72898 85513 
42320 97563 
99317 54232 
50916 10421 
24850 90371 
81796 74881 
13154 26209 
3078 41583 
8488 4722 
3786 46404 
60724 2758 
77420 85458 
24570 27101 
58885 2849 
32344 34851 
46599 77009 
11628 36660 
40127 87663 
69198 51618 
50356 94777 
90886 95994 
93999 63262 
13339 4494 
67137 22818 
8154 2353 
3541 60938 
81422 69346 
62668 8972 
32473 62637 
59531 96034 
34442 94443 
44011 13626 
96257 92573 
60782 55069 
40735 7182 
72600 68090 
86723 65458 
9561 86417 
54521 17443 
14797 86752 
23359 60853 
93145 51211 
57235 80476 
33456 2132 
81194 88635 
67532 16084 
33934 7206 
49036 16984 
44645 88777 
84327 94418 
82026 34846 
23757 92587 
1705 32265 
26809 67715 
74597 95710 
47334 17364 
13223 73530 
46197 43744 
25603 47116 
27786 24970 
17070 29795 
14140 33109 
29187 50266 
15852 55988 
51927 87716 
32437 50859 
70383 11007 
16521 82381 
10476 62724 
65999 74808 
29494 20343 
66189 38825 
56766 61441 
90088 17180 
27371 57604 
78966 30081 
67495 22572 
67821 91237 
83908 44164 
90648 8540 
82008 36663 
98982 79522 
86968 60580 
53863 41075 
70742 70107 
6134 35358 
94048 65068 
62908 9351 
56909 43804 
49064 74255 
13921 76188 
11803 12723 
51171 41845 
83570 36842 
40532 7635 
14066 67881 
84076 50632 
5603 29991 
36414 68026 
37723 24355 
46015 53810 
46780 77755 
87885 63577 
34087 40047 
69478 33406 
12296 38771 
79297 66555 
63795 85911 
13362 52567 
77228 71762 
58594 37397 
48639 73943 
34097 20287 
82267 55780 
91458 13393 
2703 27590 
53374 63513 
94884 96842 
26296 1811 
21312 38757 
57211 57016 
26945 77571 
17336 40369 
31318 80517 
86149 86435 
24800 31524 
78111 12935 
31239 69692 
1329 44854 
72844 48804 
62571 33347 
74755 98428 
36218 88340 
76586 44635 
96117 35244 
76098 78910 
68757 794 
16227 47509 
3799 30808 
40824 70366 
73686 43542 
86768 88567 
7960 26287 
50511 82483 
39816 90029 
65664 98850 
92584 7209 
54874 74396 
62016 71020 
74041 46052 
56611 31173 
49832 93370 
42684 80698 
22481 67423 
3494 91096 
45025 22334 
62449 19042 
57411 80464 
39258 36826 
49320 30400 
4897 70887 
49092 78051 
76317 67992 
27791 45495 
45066 47048 
87231 39628 
65343 35997 
8715 93279 
36479 37900 
75236 15110 
2413 18041 
44092 71449 
56493 54808 
39121 63146 
83738 51051 
52190 53607 
94712 59796 
92088 50360 
5212 38431 
95661 41801 
94244 8841 
20786 43241 
29061 67508 
73705 11911 
80556 59191 
84276 49296 
64853 567 
31839 20983 
37705 16095 
41717 89119 
37133 27365 
17746 70696 
16700 19325 
49776 6019 
36957 92023 
36758 46060 
85762 94903 
95793 44837 
79575 32171 
85455 73513 
57258 22395 
57707 56610 
15549 93252 
66920 67554 
51061 93195 
6762 10697 
67549 5868 
16153 60036 
79108 60155 
94010 21035 
90116 39061 
89163 31284 
60921 3982 
86621 18149 
74634 67411 
94254 87160 
4862 66777 
45023 23555 
46803 14860 
69019 51220 
14875 28103 
56882 8214 
28849 63135 
31563 66115 
7491 23986 
68941 41653 
63760 37667 
59460 23354 
48862 34233 
82731 63419 
23808 8902 
74973 65594 
46579 88452 
5173 33483 
50613 71882 
40040 30583 
56054 66171 
70079 43253 
99027 92005 
89549 30895 
86220 91452 
71583 93826 
82095 29830 
56421 88613 
14324 47375 
75497 73127 
39363 82845 
67002 69081 
44563 60798 
99627 88567 
75800 7064 
10298 82878 
70355 32776 
79050 36867 
43593 6365 
9554 50155 
24983 15029 
57378 17688 
64090 2439 
49704 46467 
30394 57853 
70017 22706 
12143 23259 
39195 74250 
78912 79866 
10443 56772 
10137 72947 
9714 29078 
7637 34972 
95502 72802 
3947 70937 
82327 54838 
50290 76942 
70766 27029 
18106 73320 
53539 6978 
76265 46997 
21936 86268 
12450 14264 
79806 67947 
51673 34787 
83332 43830 
87481 30400 
64004 83987 
82114 88156 
59470 25719 
10757 56060 
72366 17403 
21974 72082 
748 93765 
61527 2270 
35423 33467 
59988 2184 
99257 77329 
15916 57366 
11438 66080 
15846 3184 
95727 90211 
19899 72155 
15867 31341 
7610 67724 
13629 14416 
22344 17478 
45360 83169 
74702 15910 
61453 57414 
65386 27090 
49811 30109 
66222 80996 
69159 14528 
54392 63742 
30977 57465 
29385 71586 
49845 93096 
54797 71345 
71184 23902 
57813 85735 
2617 80054 
88056 1122 
20630 26664 
84470 77369 
97705 59564 
23994 24627 
96804 54531 
28997 384 
9816 12349 
91819 71526 
74538 72678 
34208 80829 
90759 53350 
57051 55036 
70203 8561 
51528 92568 
97347 89374 
36646 72900 
48570 32971 
60115 36796 
15591 3350 
49572 96800 
5845 55407 
29457 50821 
47209 96849 
25109 88093 
7405 77900 
60195 96476 
49461 47495 
16134 2763 
83734 76430 
62931 3584 
44323 62925 
89657 73478 
13089 4080 
59812 68831 
38023 37924 
91879 81644 
44409 35062 
18625 35469 
16945 46374 
10027 57346 
38973 93763 
54193 4222 
10927 24681 
78244 70065 
34337 37942 
56825 50786 
39960 28286 
99794 98065 
59052 90230 
32583 50325 
85311 67927 
82836 89338 
51691 37064 
65146 34338 
51075 57288 
12064 52000 
62688 39201 
34025 30304 
7188 28662 
3438 37022 
42518 22949 
48891 59479 
29897 98283 
14305 1202 
44723 46261 
84799 93254 
80721 87967 
6163 63245 
97303 58824 
28051 93442 
89906 34691 
82322 90865 
20989 297 
67486 86911 
35391 44764 
47752 81788 
97917 5821 
90944 49929 
33314 74220 
63365 26544 
19203 12958 
71683 2626 
81050 42084 
92001 65943 
64961 89192 
54502 38964 
18820 8143 
58389 81137 
95252 24127 
76352 42599 
872 71861 
70340 79127 
55499 55539 
81186 64023 
92251 74095 
73446 61644 
24874 23404 
13815 59392 
32187 8229 
36545 90266 
61179 71057 
2553 16414 
30093 72387 
90220 85676 
20726 37614 
65385 17694 
85214 19348 
65596 23947 
56748 10798 
99458 16934 
45920 85827 
5704 17743 
24841 34322 
38638 28359 
49679 7733 
46671 95332 
48958 88944 
88899 54788 
9706 53071 
91014 15297 
26479 91369 
76331 4708 
39322 29111 
20285 79837 
75858 80103 
67500 73773 
30027 45475 
19352 34550 
55370 82424 
46955 91095 
24302 39781 
9566 67583 
6481 81611 
61634 55730 
49164 97473 
13095 46051 
339 28545 
66931 13744 
1483 22501 
95672 52603 
90921 66862 
34196 51257 
1082 40465 
60042 10031 
3334 65763 
4442 3843 
52623 40883 
87355 6821 
10800 79644 
98002 7693 
82313 90221 
48788 61514 
78833 78679 
14919 42912 
40437 72308 
34651 88798 
80124 19493 
85837 44364 
85721 37807 
73245 55192 
8651 50075 
58146 80431 
92568 69352 
36732 37238 
46531 68062 
27149 25096 
47158 94015 
56301 20069 
62130 76543 
47029 73734 
23438 99732 
93874 99264 
42934 6512 
81368 77995 
55018 37323 
42625 73865 
91725 129 
77989 177 
43990 14767 
53589 43456 
39544 73908 
77883 12487 
72674 15354 
10604 47191 
53981 5991 
93000 91558 
9326 96355 
878 7661 
46296 16638 
12646 83634 
23807 49867 
53425 67490 
5892 36075 
23274 40810 
54232 32458 
42642 31560 
15654 78847 
51424 53702 
90627 95253 
79303 52736 
26664 68806 
64576 30963 
66591 71115 
36218 24007 
95818 83884 
89691 1009 
74990 549 
80839 64908 
14856 14792 
34190 36367 
48696 2965 
12066 15133 
84312 56768 
19157 26025 
72390 24970 
23526 73222 
10921 78548 
59514 46177 
16439 22281 
40592 43211 
31969 37663 
50942 4750 
8862 56954 
3395 77137 
95132 36233 
48311 60113 
86408 16525 
93114 26293 
47300 36379 
45388 39348 
90757 86726 
23796 39116 
10902 79403 
90584 6479 
859 34419 
46970 68607 
51264 77877 
98511 56052 
17423 82372 
41332 77164 
63491 74778 
42105 32448 
40587 82531 
84758 51726 
32416 88803 
35097 332 
6762 19431 
30914 67119 
44107 90028 
39577 16616 
75688 372 
37727 60492 
52459 75021 
58435 79332 
83694 14011 
19980 4725 
29396 35574 
97436 53816 
4207 64015 
23306 93721 
52173 40179 
6693 1568 
81494 9403 
41835 77452 
6323 72401 
36304 62207 
28680 68227 
26768 9658 
7744 95277 
65932 63893 
6036 66229 
58141 96095 
72446 35890 
93068 62616 
20567 37115 
77041 56209 
87482 9258 
89766 35733 
12913 6091 
548 36137 
61572 25667 
62607 80158 
22572 13291 
66657 35930 
58929 50612 
75654 90580 
47463 58749 
81462 38870 
44818 11461 
21166 18112 
38857 75550 
65843 55792 
96353 69999 
47842 34756 
97669 62801 
23955 22290 
57047 4987 
81355 54070 
63147 35064 
80749 11699 
38641 73880 
96939 83442 
9963 69889 
60818 51752 
98708 47836 
28805 8345 
94722 60092 
5821 57784 
47576 39171 
26137 33972 
17914 2415 
52751 20397 
63056 65385 
90453 34649 
92305 79207 
20315 10460 
16511 18912 
54070 86394 
33808 14776 
75694 89337 
38772 36725 
84472 83039 
15832 13038 
78943 37243 
79423 88946 
24312 61290 
53122 8114 
27301 37608 
37963 30596 
1844 85118 
6125 84522 
46673 80341 
70369 85620 
71523 64874 
21879 48578 
2555 71895 
99566 57348 
69568 11516 
52445 57683 
27659 65006 
83329 84500 
94224 51344 
16906 39105 
88519 46014 
18129 86911 
45513 51624 
97937 54917 
38318 42648 
82434 70094 
84224 32505 
88973 94719 
28233 40163 
47991 82783 
94913 65603 
32975 2795 
74540 18725 
12593 46608 
62681 84659 
18830 71338 
3749 49939 
32853 2031 
98494 58651 
26383 56385 
23048 15390 
60504 39696 
72805 2755 
36127 98106 
88304 35121 
10732 11313 
42253 27543 
44559 52084 
66895 18904 
16062 39244 
79199 51811 
51230 63231 
17641 78219 
44315 68908 
38868 29429 
8485 38972 
35096 61821 
84149 33159 
23851 65597 
49929 3349 
30464 2785 
26698 22771 
30757 22905 
38623 38676 
46411 89930 
96825 82177 
88751 42585 
1029 46393 
28034 1494 
12515 74595 
24770 31344 
37713 83753 
97257 63972 
75902 85688 
15163 89168 
26839 57987 
2910 23988 
24466 59894 
8528 78495 
61447 84587 
43773 46112 
95908 88571 
29525 60137 
86550 41347 
86829 74487 
85219 94097 
98397 46348 
27049 74803 
28015 21187 
97451 79054 
26003 46431 
22501 40708 
67720 69165 
24722 34663 
69104 5265 
9733 85194 
98299 2712 
959 27580 
55674 60151 
19339 98252 
25873 3292 
12893 9211 
15002 66372 
77058 96169 
73678 73658 
70829 16693 
72356 66836 
26064 14570 
39230 78140 
67703 59658 
92961 6223 
11172 18708 
2567 11987 
79944 11944 
85075 15005 
90975 62624 
7836 37659 
88652 52383 
96909 13730 
68947 53844 
65501 50962 
24606 23803 
67177 12974 
59495 5231 
47414 64911 
65634 4399 
14016 9346 
30006 80648 
72041 24216 
39837 10594 
72077 2925 
84892 66063 
2090 88279 
13196 75548 
12509 86535 
82638 22740 
1816 45592 
65083 72443 
5649 82247 
1894 4161 
26260 47433 
80177 76700 
11137 25486 
97602 43311 
39705 73741 
10309 86242 
5259 22147 
13189 41970 
85589 69069 
84754 43981 
80268 29108 
39831 18659 
55164 11496 
72478 31629 
75437 33519 
38817 96875 
27156 2406 
24865 29009 
24638 31282 
68012 40247 
75689 90001 
52426 57982 
30185 30081 
78453 66274 
68744 64457 
14026 55145 
97727 27384 
72072 95268 
4421 87611 
22123 42432 
91939 38782 
36585 16148 
57261 45058 
92547 89765 
97790 77071 
98542 75732 
31896 33563 
92332 88888 
97153 7466 
60572 23155 
46308 21668 
64122 82539 
95512 29330 
13819 66067 
91928 46398 
30651 18078 
58542 59813 
41605 20241 
42887 33932 
7830 19737 
43322 19798 
55317 59236 
11637 57164 
79948 98610 
33952 47533 
28550 95762 
73249 68009 
15505 44541 
16332 90346 
20507 51368 
5619 67375 
27190 69042 
51877 49836 
4684 96124 
17880 669 
4519 93378 
34926 80925 
43849 64905 
64253 91740 
72657 973 
43616 70163 
77326 81940 
65633 53151 
55933 98263 
18986 43682 
11616 50264 
86151 35657 
49553 53147 
32070 80182 
30349 87698 
36996 4794 
28058 5168 
23759 29341 
64604 16021 
4749 57467 
44001 66574 
27178 61050 
89592 34952 
26502 16421 
95396 58393 
7365 95846 
38737 37601 
59033 65487 
65433 50664 
77998 91946 
51158 49018 
14282 13503 
62974 965 
79948 89274 
93564 94487 
58418 99791 
17368 10381 
31422 35860 
22603 29199 
96752 79079 
6067 41045 
84459 47012 
78640 85952 
91753 48772 
18586 64407 
47541 72654 
27019 22513 
86451 6446 
85315 34352 
59095 73200 
87801 75292 
30476 50464 
24686 4328 
21640 29389 
20001 50946 
31010 61610 
87231 32606 
31359 36435 
51336 12590 
75909 28622 
34 44830 
62840 57914 
69509 42214 
1267 5512 
40094 47982 
93779 39752 
16036 85985 
687 13582 
90113 14914 
79382 9726 
48625 14044 
98519 26006 
55237 83584 
11257 12857 
63147 51460 
34338 97877 
44247 40127 
20545 58086 
91188 61971 
30919 29615 
43727 79929 
10062 76634 
14208 91149 
42992 76618 
38729 65804 
25213 17413 
60333 649 
9011 43049 
58433 27455 
98459 29916 
74774 50153 
53242 22650 
50336 71331 
27075 9934 
79912 8679 
10403 74481 
11481 95035 
68990 8524 
66043 1875 
70137 46459 
30229 25420 
66468 29604 
78813 26950 
63587 84601 
17110 24513 
32381 66564 
94358 91875 
39321 90859 
28251 32404 
58865 53291 
98157 60500 
896 17429 
9908 41255 
33101 29995 
8616 10230 
3307 10437 
17612 19543 
70000 49224 
11403 33889 
30599 40888 
88444 30713 
96556 72466 
95551 42423 
1899 85762 
69964 15346 
47628 32715 
7329 50086 
78142 47158 
34291 31008 
57924 63412 
62921 48734 
66749 22368 
30871 68911 
59940 19133 
85909 2882 
46526 62781 
56435 91524 
22636 38420 
60580 22158 
60055 84493 
45664 60282 
90603 24155 
17083 92801 
45827 18536 
11082 47524 
8488 41855 
89437 74831 
7403 13588 
85690 51814 
40449 61281 
12414 96546 
41854 29085 
46850 60773 
19401 91761 
48314 2976 
74748 81595 
24950 30566 
85809 86606 
59639 39944 
73955 32377 
25349 76189 
820 17019 
68690 80362 
39533 28984 
17130 91695 
43472 40873 
70104 24417 
91954 38824 
67164 44494 
26755 16774 
87333 30279 
5951 37559 
23019 12878 
92303 38772 
89099 56969 
62234 40236 
73211 60896 
68456 92129 
6827 26035 
14352 88032 
38323 69743 
1489 55526 
19076 33677 
92962 28526 
71502 69776 
94738 103 
93989 69953 
94778 52356 
71861 42319 
15430 60725 
5763 26713 
28449 74183 
39283 85392 
53939 79853 
66174 903 
14654 70832 
24162 62497 
45273 49432 
37161 24872 
62657 14506 
50580 78608 
87524 1163 
15476 80335 
70609 63972 
16447 52512 
17079 20563 
5444 77616 
21842 1600 
99118 79624 
25326 85204 
20811 6833 
74441 29141 
19997 4437 
26642 52515 
81735 92639 
66341 60153 
46646 46732 
12428 47547 
97899 9188 
83225 71947 
35922 50695 
50937 26076 
53787 36942 
61494 4957 
46644 51086 
17689 13456 
37131 67979 
23556 22413 
75317 75586 
66215 44592 
76541 91427 
67717 68215 
93422 27484 
73907 55437 
79333 15676 
59936 85904 
89799 17825 
22740 1401 
85584 9003 
99701 86601 
46612 41170 
99624 3056 
79411 65255 
57304 78828 
2450 14106 
26161 44535 
23498 26217 
4768 98087 
81046 20648 
52569 75019 
7896 17331 
87703 99091 
89143 33671 
75531 88684 
29090 78383 
10352 98541 
12031 6514 
64749 83526 
40375 95807 
31088 81331 
60253 53898 
7959 24429 
39526 68249 
90636 8087 
46010 66300 
9171 60884 
84812 62032 
20277 86910 
92771 26911 
99911 74739 
55341 38158 
2312 97232 
6614 25342 
48213 58383 
96764 57487 
80037 78669 
62800 87195 
75146 48734 
18355 95743 
39501 22754 
86107 63655 
13627 67447 
32480 24974 
10320 30457 
28440 50235 
69294 42711 
52467 43122 
57797 23363 
72218 28824 
68195 13042 
89900 58327 
63630 21419 
13074 52165 
1076 38443 
17347 59620 
17461 25122 
367 14917 
99011 69352 
87537 30639 
66538 65053 
39034 80436 
161 48733 
25013 88005 
95754 6638 
81283 57411 
92414 47728 
31254 51005 
35331 23031 
61662 45502 
41671 60245 
69308 74228 
18408 74012 
54003 94126 
40558 6885 
18929 99775 
35808 53784 
53763 43513 
37314 23588 
18253 10700 
60241 95563 
14277 42191 
29625 35388 
33011 92327 
37214 45857 
90444 60033 
33175 40681 
19307 33062 
64910 46313 
68349 41006 
59674 56381 
70971 21360 
10310 86030 
84350 64766 
64130 99368 
67504 20485 
33806 12234 
62137 11235 
46132 4600 
63635 27693 
19593 12193 
21283 47306 
14911 5309 
86492 49485 
34088 4270 
35802 79810 
52933 25637 
31419 49584 
59650 1006 
46222 43893 
37812 61134 
72449 51244 
75863 32117 
53706 20943 
7285 47482 
28441 570 
85652 40307 
49720 5194 
77029 42861 
50906 22457 
8496 87770 
59765 63170 
46086 74321 
24536 25813 
87995 36294 
4704 55091 
49648 23579 
96446 39689 
86074 88838 
8182 12393 
43984 52605 
75155 86969 
61073 5477 
3660 90492 
33266 94403 
65304 27251 
51998 31622 
19587 40947 
73064 59382 
29155 25568 
16199 1380 
46209 72150 
10262 32685 
90850 28586 
92727 3962 
12551 92686 
44189 62898 
24483 54913 
88663 26028 
27071 56509 
18697 67499 
91968 31178 
10651 7847 
60505 54073 
79977 5460 
21747 30494 
88931 76185 
74428 18552 
59867 92385 
44325 94973 
66115 41787 
24036 41298 
69417 58565 
25679 48914 
47986 74365 
88668 15675 
12487 75365 
64525 34313 
38578 92962 
8585 53403 
54127 298 
44488 25335 
6807 34605 
31524 42570 
3521 16219 
57164 3389 
56914 89121 
97532 41426 
96251 64990 
37109 99440 
99992 13009 
15608 27130 
85649 1033 
74763 35212 
48853 60264 
10665 43562 
78003 15150 
98328 19905 
83517 93046 
44323 17363 
71380 4003 
40604 84091 
59564 60072 
38052 36334 
82841 85650 
31818 57394 
56642 55631 
52182 9327 
73797 86513 
84447 21637 
89375 97116 
99293 51789 
8291 50190 
61050 96061 
27952 83954 
95503 66076 
3952 43479 
41142 36277 
643 25829 
78168 10700 
60407 60021 
28099 53580 
75541 53089 
43505 77628 
74896 46949 
62134 86281 
43751 47234 
82672 21791 
79873 4928 
30345 79677 
51336 54357 
19788 11938 
62350 36981 
89853 56313 
52254 69452 
80447 96970 
49747 46494 
45055 83184 
79565 4462 
44208 6900 
72021 9780 
44995 67488 
57170 77967 
59598 32585 
34838 73613 
91870 37613 
99356 89394 
25138 53355 
63549 53097 
76702 90953 
70397 65655 
64901 6696 
2737 30281 
83167 15237 
1490 93086 
52127 19117 
81107 78903 
25622 14976 
87287 72587 
59406 42351 
76477 65647 
12323 99692 
9285 60854 
38941 64015 
40634 3322 
49867 15559 
58349 85589 
61422 86892 
68837 56329 
29863 27095 
53622 47587 
67000 95952 
23707 23830 
63855 80558 
80099 47574 
6906 57272 
48293 50996 
57503 5672 
92117 711 
79205 17979 
28061 43724 
40051 37328 
55046 26632 
87225 1378 
86595 87223 
90081 63910 
22425 27918 
74153 16380 
24742 93850 
23590 33871 
70825 94897 
12328 25389 
38003 30597 
35379 77216 
39694 99657 
50747 39783 
71906 1603 
9798 23513 
48461 67168 
49291 37128 
148 86104 
41837 23099 
88150 36395 
53194 19272 
35256 57188 
34599 3090 
9784 49303 
86265 55447 
6543 31770 
64156 14865 
56832 30639 
66389 79532 
65121 27150 
27813 54646 
13978 46377 
71806 35616 
731 24575 
16792 63823 
69462 53729 
11702 90993 
80171 65167 
79348 40657 
13274 80602 
79607 60738 
42071 28629 
65341 20015 
18455 97393 
93142 13003 
7785 70108 
68276 2759 
77779 69020 
48605 49168 
93175 15613 
5816 41454 
93073 67 
43923 78003 
31041 41364 
4808 14002 
39452 10951 
48492 27957 
38970 87489 
81811 41883 
51719 7982 
23407 66736 
92364 81432 
35156 34609 
5216 35220 
20610 22305 
87416 71476 
89558 67049 
88368 21018 
14456 24450 
3803 95776 
59279 21263 
89212 57137 
44239 11039 
1853 37282 
20876 49486 
43145 73324 
71158 68137 
13958 39948 
11533 39898 
14194 95252 
78275 98094 
14997 86618 
94008 91825 
7036 98698 
66950 34771 
81536 63976 
54199 32013 
32064 97868 
28296 50019 
74568 64961 
22349 28610 
70746 30738 
93137 20573 
5559 4016 
33910 84499 
13548 29325 
89025 49494 
70569 45594 
71068 16631 
67694 87758 
57790 61288 
62208 71274 
50964 52980 
57013 66051 
12176 14867 
94199 35911 
51612 3781 
61154 92469 
35047 3472 
98305 88188 
91531 88676 
66423 52370 
49699 35703 
78402 55976 
4115 26417 
25524 76423 
14792 16806 
31439 21879 
72747 18770 
48439 66084 
22404 74347 
70072 39364 
17680 85244 
71752 19228 
2738 97416 
6731 64867 
50699 30307 
78653 43820 
63990 83508 
83881 6256 
38569 49712 
66893 72525 
20892 12212 
60245 13054 
41307 7590 
86972 16137 
90452 89855 
87760 58804 
16269 40930 
97804 18728 
58407 34243 
39026 90970 
4087 73108 
12136 2402 
44888 93630 
70014 48762 
37459 43093 
28989 14539 
22839 19070 
27799 74284 
38813 81970 
75377 15436 
67687 34275 
38084 67381 
97862 93429 
4578 69217 
41780 72145 
32285 59587 
45062 19855 
23221 25917 
42118 72076 
98938 7567 
61990 658 
44447 7621 
64888 57220 
69182 31430 
94657 54486 
89428 36554 
65305 35821 
71118 48316 
60777 41966 
84481 68013 
16309 95761 
12764 76641 
66995 90606 
26077 16027 
94588 86479 
78416 11397 
77107 88500 
10977 84635 
47486 7379 
48139 95892 
97269 78484 
53788 42689 
19281 46886 
75194 40317 
69229 9372 
39186 5041 
40362 41280 
81133 62547 
87581 25924 
81082 8039 
7822 47454 
53348 51542 
82065 4181 
85995 92200 
10971 48731 
54829 78765 
30938 63801 
42890 29955 
80303 37891 
80906 7986 
96404 14054 
86757 61366 
63417 46535 
22731 78874 
98153 15101 
8193 25694 
56407 14940 
22272 64768 
65994 61199 
6250 1713 
44255 21532 
28582 30007 
37622 17487 
6813 94663 
28718 16131 
90110 37230 
92517 66973 
93785 32731 
47247 26103 
42817 80007 
38001 49376 
25331 60947 
11435 29551 
78867 41225 
88463 98467 
32453 45394 
18523 14703 
5654 2593 
3770 9531 
22162 25610 
14471 69625 
29935 55669 
77884 93611 
32511 78088 
12119 71400 
26830 89800 
93688 167 
11757 78755 
92941 68920 
78459 57358 
85050 14783 
18910 77314 
45919 78431 
91977 41674 
72137 63579 
67950 21359 
22046 35960 
31780 78050 
60986 80948 
62960 93139 
7978 75781 
25637 3244 
23362 22281 
96451 46862 
47344 29053 
29523 33817 
97907 28301 
8144 59435 
63240 61765 
60916 98744 
78597 72661 
26470 32530 
60411 96142 
35321 76656 
81537 49433 
40063 8864 
10646 84638 
65787 13123 
6081 82149 
71492 90583 
49894 30667 
10187 18368 
31325 61008 
50529 72643 
40629 75212 
76022 70794 
13966 39910 
9182 29082 
77956 93442 
17516 76711 
78548 49956 
45793 15063 
43007 70495 
84771 61675 
16119 11040 
30438 72590 
32108 50549 
9739 93802 
32303 48190 
48917 52783 
15260 78338 
38784 64474 
10810 44289 
7584 92596 
2435 77245 
46606 76800 
83396 85822 
46289 8886 
21202 33108 
91269 17253 
22291 83288 
31701 97700 
34211 77893 
95125 10845 
96112 72912 
28269 51696 
50038 92364 
61388 85253 
55269 31308 
69098 33567 
5907 71895 
61122 94269 
37888 59722 
73989 68370 
25819 24562 
50407 75984 
12266 19513 
86929 42652 
82583 95655 
2460 46069 
96864 25488 
30280 23250 
17283 37763 
64466 51581 
23871 28751 
97943 33680 
94681 70546 
73886 35644 
37332 45708 
34754 50978 
98086 99367 
94011 88429 
41882 14844 
74384 10902 
92196 86899 
53526 84802 
43075 87949 
33011 34382 
7426 96858 
99850 34047 
45344 87399 
81020 13104 
24251 54007 
1016 92033 
98596 86162 
40001 17126 
61059 89561 
55860 11244 
9466 92141 
77322 12400 
94054 66142 
97279 29039 
58235 43522 
95517 1124 
62700 1421 
98330 19539 
87441 46749 
38783 22772 
39244 34590 
15933 59542 
53181 13774 
63832 78724 
65818 4798 
31942 83841 
55147 80220 
47371 68383 
87639 35703 
76352 30349 
86372 11102 
27477 49649 
35827 45270 
42403 406 
68747 25739 
1127 61665 
38358 24961 
28358 84683 
65284 98509 
25158 72712 
62655 57457 
65705 30046 
85173 17073 
92908 41152 
18349 67054 
18559 47788 
22618 4719 
83819 2296 
73716 21865 
64033 88617 
95503 38471 
8260 19102 
64301 31982 
88324 34786 
74866 19584 
94834 59591 
97265 12732 
58312 84761 
21230 78091 
92441 88863 
79943 7163 
53400 30811 
68779 18018 
84354 88611 
26149 86907 
67396 54921 
23418 34932 
36583 42022 
18739 75563 
15173 93405 
65717 62439 
27784 46961 
31942 63731 
3896 45621 
74755 29289 
32988 45309 
41976 9842 
53563 27177 
13896 33727 
58404 81381 
79476 45937 
76644 93008 
44488 66719 
49573 27271 
2232 32509 
51564 80732 
58522 40707 
20131 38053 
91764 31574 
49811 49661 
46256 5526 
73452 24708 
2247 92100 
1427 15862 
39817 58130 
14426 57669 
15305 66932 
8651 8667 
98810 77759 
73657 38883 
79177 5366 
42476 99006 
28932 43191 
91328 5271 
35790 90495 
81892 74966 
49624 13728 
33004 51485 
64238 15483 
80571 64970 
51759 80543 
34646 84849 
94191 17902 
70771 33950 
11400 20034 
99094 50370 
67748 16269 
39211 2922 
50625 5837 
91281 88718 
53247 17931 
34701 67342 
61454 61113 
4460 15059 
39553 92427 
92273 14642 
33878 57780 
94688 31641 
64333 29489 
83589 66329 
54008 94302 
5852 12006 
54843 25792 
28398 95044 
63372 8701 
32486 19738 
84726 69627 
26786 91968 
95357 8411 
92661 49629 
75363 17605 
97014 84964 
29831 23635 
8200 4146 
95260 82564 
28681 32855 
31938 15821 
14488 43109 
36016 76793 
85999 46212 
66110 97926 
47151 69450 
68369 79731 
20935 10060 
1281 48087 
77850 38956 
6847 24272 
80986 8884 
48346 23345 
96482 6882 
36526 20826 
21358 79324 
95859 5069 
62028 49331 
80428 63262 
56310 40953 
35001 32716 
69328 22280 
11063 85891 
9426 80530 
89823 7565 
4054 46151 
34630 65616 
47592 90113 
93789 73070 
83122 28818 
1397 88398 
8431 84431 
78627 3471 
2842 64940 
20782 24170 
55967 47894 
66503 57305 
42044 74499 
84630 79354 
24285 86647 
81548 77450 
92458 68460 
27228 21103 
33951 86043 
21727 44363 
13615 54412 
75550 92424 
90955 98932 
57095 14119 
34528 20104 
68267 62316 
2949 15168 
45436 97930 
49424 57758 
47020 80063 
72539 87697 
81305 64751 
79791 17048 
48489 27826 
52402 15651 
19495 73640 
1 99641 
50757 90670 
71989 9808 
38936 67493 
48787 33181 
52498 88174 
70581 90826 
38044 84806 
73826 87622 
88501 36754 
96468 95642 
77544 71101 
81696 21785 
10032 36852 
57010 92416 
11768 96658 
90486 73041 
83578 4118 
29350 29417 
74456 12187 
7304 27998 
86461 88742 
66541 68247 
10068 99099 
77965 37105 
2850 52056 
58861 76780 
66630 95985 
81119 61029 
48691 94571 
35065 82220 
91118 7982 
64078 61739 
79056 54567 
13362 9663 
93410 30631 
42625 76144 
56447 21387 
36861 56550 
69809 44894 
12046 35207 
83547 32585 
53269 78408 
2163 64958 
41677 16415 
28955 49042 
23591 86269 
73589 45463 
50211 42492 
99406 27225 
69615 81151 
66819 79810 
84038 64244 
37004 32698 
94931 76000 
36192 46173 
45891 90448 
44965 64044 
39258 80479 
69290 82868 
46049 52638 
70410 81342 
50846 48993 
79257 99706 
73376 17716 
97705 58316 
86717 17347 
93788 56992 
8451 86257 
30867 2326 
75504 78423 
31837 68786 
26066 39403 
68558 11323 
2665 72264 
84027 12082 
59342 22235 
181 61912 
2830 90963 
37801 48547 
22748 76528 
76586 47667 
69047 23742 
13320 90449 
16271 60752 
33909 11839 
13700 92612 
1124 67420 
58014 20237 
74060 43590 
40851 54012 
17569 75706 
17481 95379 
30372 31905 
14783 66798 
19068 16522 
46819 80776 
71927 96314 
34511 52006 
41135 55175 
32283 73194 
25075 38565 
49010 94740 
53257 57578 
13182 71240 
15667 84396 
72954 63607 
45611 85807 
40581 14653 
60506 9538 
87697 48078 
88637 59341 
73023 76077 
61544 69096 
37292 39156 
31482 13617 
31528 43234 
81330 74441 
54299 3768 
30334 12546 
61148 54365 
3238 86767 
75144 28235 
22665 96638 
71329 74844 
4972 21432 
29811 31248 
88390 73361 
52365 27851 
98883 82252 
15610 71709 
63960 81390 
90183 16991 
17595 69863 
89808 1857 
410 85370 
26752 3758 
48479 33305 
40877 41038 
81372 82859 
38363 27724 
45461 58964 
23122 70536 
42074 30059 
29053 82356 
71709 16021 
64471 74847 
55334 18004 
61439 84337 
51691 2528 
82165 79778 
75566 55827 
72226 99298 
36137 61285 
66147 62774 
56821 42761 
44647 11837 
8409 59618 
14886 35858 
85870 35504 
35123 52724 
85801 52237 
33421 26572 
96348 42585 
76383 21181 
94281 71288 
28379 7320 
54974 2394 
4319 65128 
20194 12752 
59742 48483 
35866 26487 
80856 7280 
67440 13325 
34120 95730 
23957 14827 
10072 29995 
73639 36931 
49304 96874 
13544 74599 
69870 56759 
63808 14994 
24853 28702 
92966 99228 
6431 93195 
45053 9618 
78498 99142 
31442 89254 
63750 15495 
70803 93815 
33111 25178 
9083 21701 
45483 19154 
28099 67922 
64011 11883 
56079 99574 
31409 65913 
26441 56342 
21382 82984 
92094 38133 
95738 91781 
91734 53761 
87552 38327 
81882 69581 
99556 64049 
93821 14966 
53914 38647 
48127 72806 
54657 165 
61142 7421 
27237 43035 
7538 59820 
81040 86380 
61013 70728 
159 49476 
21204 75533 
5321 59039 
49063 52124 
45596 13871 
75229 92503 
72344 36420 
16325 12150 
19860 47913 
32666 7304 
67240 14005 
87508 19625 
84235 21228 
22756 70157 
70210 61077 
48965 80086 
79779 18147 
58498 4449 
91298 81529 
9866 66809 
15130 24528 
98559 97802 
57410 26783 
25097 48578 
52060 44992 
94543 71316 
48851 73700 
33404 33317 
98566 75985 
89628 58633 
7655 5384 
89284 71742 
44243 85037 
59602 51467 
64950 57754 
92156 90177 
97717 71631 
12295 93225 
59649 19796 
41317 46653 
10906 10050 
86432 27387 
45716 363 
70199 29460 
99860 99613 
15930 32250 
10278 99431 
38447 42262 
96960 72665 
50631 98711 
49851 46693 
85329 44944 
94238 35750 
49519 32708 
76941 95384 
72996 44314 
62577 44315 
87408 88964 
54290 84225 
73114 53799 
56562 36363 
41134 67682 
79027 5385 
75364 66295 
39756 75444 
46257 30820 
63996 41339 
21352 9283 
90145 78359 
40296 19597 
88524 58522 
92424 76383 
70541 27983 
33507 79869 
15891 70671 
4910 54457 
73691 96592 
73224 27004 
99776 9728 
91313 90425 
76870 30085 
92774 6915 
26933 67229 
70957 66916 
65713 68487 
60984 34874 
68375 94026 
38608 80917 
12064 3133 
73297 18768 
36327 71277 
24586 44531 
15594 95921 
50514 98411 
69201 90552 
4890 52015 
43964 11011 
36167 57575 
91886 5985 
64831 82214 
31295 34384 
8554 90377 
23591 46332 
44713 30550 
19706 81635 
48444 28646 
30523 99844 
21066 89692 
53696 19394 
28460 61938 
45661 9835 
1943 23060 
62128 50765 
15173 6810 
2890 43846 
39806 297 
87579 40182 
99906 7022 
57763 24284 
90507 88846 
47831 78060 
99277 71280 
92155 33433 
71890 20780 
39257 10642 
91483 80189 
25078 30734 
518 79029 
16876 85422 
79354 19032 
76918 45206 
10055 72128 
10838 87550 
96184 18028 
59361 30920 
79800 91642 
64111 67589 
95356 6709 
88274 98402 
26907 71406 
1128 86041 
89781 14056 
41813 59864 
40798 92715 
62158 25000 
32160 71028 
11008 51143 
63277 4611 
63184 42359 
52093 97141 
15107 18254 
42883 53399 
66025 68927 
91036 77712 
78937 81437 
16968 40544 
68498 73871 
1144 63440 
94545 14586 
45 53084 
49362 48866 
98994 48933 
14392 2960 
81895 35693 
27825 86341 
90215 11850 
48359 67066 
63975 98549 
22366 52207 
6036 19274 
61836 65591 
87614 80135 
18654 78479 
17777 32977 
97153 15292 
32542 9119 
81314 26151 
20282 70202 
65628 90720 
89243 34455 
69316 93746 
327 1617 
82486 91683 
33659 17841 
39747 71908 
31004 93063 
41926 91318 
57769 7678 
49734 69436 
58108 22759 
54593 2690 
34536 38672 
91287 61155 
69536 30585 
94727 26777 
20757 26216 
18815 33008 
63717 81096 
29250 69764 
26328 49690 
54101 24758 
58084 46902 
26055 42509 
3432 43833 
78479 95700 
3611 44058 
63776 80090 
34174 42309 
47000 63763 
96423 76095 
90282 44315 
20170 42625 
84334 93399 
2498 68356 
2181 97089 
2622 86525 
47186 32649 
36483 99242 
42593 57523 
66367 75016 
62987 24776 
60621 60045 
39448 80687 
6450 62159 
79628 44851 
94830 99987 
31594 20882 
60703 96765 
85997 36693 
53929 38103 
54961 67341 
36872 6135 
88091 50544 
53034 48630 
86058 65229 
87796 40997 
50469 6871 
47146 51519 
65070 59847 
13143 25759 
37800 36696 
95930 64724 
45809 26923 
91250 83243 
16289 73826 
69724 99907 
44799 76892 
69543 28020 
99739 99388 
37768 8191 
86750 46036 
67088 47499 
50001 64063 
4689 7624 
68694 12394 
67762 14906 
66605 38391 
86251 48956 
90036 99319 
7579 3296 
25316 66553 
40378 1416 
20810 54588 
84671 94734 
50387 24020 
94474 65092 
5376 17929 
45454 3793 
30278 4454 
35063 41572 
23844 14892 
25483 59499 
11598 86248 
50740 19486 
58486 39921 
48516 14880 
31052 54114 
44475 56589 
37398 16533 
12307 78236 
70137 76082 
56273 65017 
52678 47506 
14636 85298 
42369 61331 
62205 31369 
75395 92935 
98093 56394 
47801 49214 
40828 28249 
14593 39081 
17141 7775 
54599 4886 
23009 98911 
92628 45879 
55960 11237 
92433 21927 
66177 21643 
34068 86011 
50597 21179 
67471 57332 
18995 85537 
90451 13425 
93930 13245 
33709 49278 
67500 34281 
48150 24193 
26975 3680 
80436 93053 
78701 59619 
91612 97603 
45035 43546 
20571 75533 
82658 51109 
19249 30371 
72216 6941 
89662 93597 
59070 33833 
34225 1864 
82828 17354 
90293 6882 
19360 50692 
57430 33227 
73177 81308 
41677 257 
309 70922 
34884 28301 
12276 23422 
19197 56410 
10219 31489 
36849 9231 
24977 42031 
93653 63937 
93643 42976 
70916 84636 
86052 29519 
5001 11333 
5698 16639 
56324 13260 
28729 26489 
30323 42264 
11955 94229 
31779 50967 
96208 3916 
30815 72511 
54952 87266 
94050 93985 
89662 92435 
87548 93987 
53320 57368 
89591 56290 
91247 2884 
60769 16210 
24553 94299 
6460 44016 
65634 7261 
32516 20621 
47430 73365 
38812 14779 
68578 74221 
17291 28144 
5111 98806 
21214 34819 
16039 78271 
50590 5372 
74910 64815 
55059 71832 
92372 26781 
90018 59775 
55784 90843 
74341 86397 
1101 73974 
88790 99318 
49520 12799 
23060 9887 
86796 16023 
26354 56880 
36676 36825 
41514 21738 
81558 86393 
5921 4863 
13252 87253 
83755 64001 
54647 95582 
53662 10385 
79133 5404 
13468 56024 
68742 84386 
79333 6448 
94316 80863 
50535 97195 
71375 84843 
83102 79464 
43920 21869 
65562 70609 
75040 7986 
18334 98538 
78019 96467 
44618 85563 
4493 2545 
45108 36901 
17295 1056 
71472 21765 
14759 53756 
34232 60866 
40532 37978 
99570 63149 
8378 16388 
6506 86724 
94974 8782 
11038 34188 
5368 1161 
17025 30945 
95547 54817 
84965 76590 
44470 58664 
19267 4097 
3980 1782 
22239 29275 
19140 29949 
68731 23850 
3825 89872 
99190 99521 
76851 57899 
50912 47483 
12394 96178 
47320 38162 
35179 78557 
43351 49259 
95641 80959 
81378 56748 
93223 36513 
46548 93072 
76984 14447 
23046 49531 
41844 93527 
43486 75762 
56106 65809 
92498 8191 
1271 24496 
72547 41470 
78731 60917 
65111 42180 
39556 19937 
23579 92441 
23397 40566 
15575 42581 
50422 39096 
91871 46660 
96250 75773 
96681 52363 
94000 82851 
49815 17705 
49860 21804 
25051 30937 
28986 80528 
21024 17224 
67090 17577 
71071 25890 
89718 9784 
66645 5403 
76018 62055 
75294 89797 
86701 93694 
18665 39837 
86939 24310 
38579 4996 
34092 44178 
19959 98188 
67461 68855 
58237 4219 
32655 45920 
55841 75014 
96704 2923 
7442 99974 
61714 99902 
86902 78164 
64629 77306 
80170 60552 
58604 70712 
17876 75137 
7496 97409 
48948 95577 
89153 6758 
62325 64782 
95488 26156 
7659 38963 
37688 27521 
87890 74740 
13495 85386 
96679 42182 
70110 97010 
51880 10013 
1093 87386 
32615 15737 
48522 27530 
61967 3057 
42713 53196 
89898 81718 
958 82929 
21751 40781 
24043 99325 
6506 25343 
74693 75451 
45958 68847 
95643 99528 
11079 58368 
26685 75343 
55036 98665 
9829 53271 
93696 32261 
29637 77345 
83925 67470 
21800 17541 
67571 64027 
97213 93219 
64754 26864 
71066 83628 
93941 62576 
56912 64448 
68232 60238 
84153 5521 
67410 68528 
24120 14246 
13509 54428 
64627 11568 
84013 45338 
55860 83023 
81264 76032 
61448 56035 
39267 84641 
87746 16443 
89783 27754 
31654 92197 
28473 13694 
82663 218 
18802 85178 
38419 73617 
46538 17828 
44691 60777 
90875 39354 
50468 15243 
9579 15772 
76780 75947 
45027 95597 
33894 70960 
45576 50767 
85702 64798 
62477 3878 
52371 9256 
26340 85341 
62786 50781 
29168 21210 
16791 93622 
38060 12646 
93957 17297 
44897 31409 
50334 99333 
12701 22239 
77595 99860 
13793 72622 
59995 23261 
67507 83213 
53730 83963 
75916 48025 
30574 68344 
24885 32552 
73078 2817 
64739 20061 
82144 9366 
9928 81604 
59455 54076 
286 13625 
57029 71682 
47855 78576 
44063 79718 
52680 78583 
27286 79522 
8615 89924 
75177 78196 
35876 87013 
38719 55533 
70937 88536 
31739 43018 
16340 65553 
32441 78178 
3081 61605 
94391 46884 
46447 88264 
9995 28651 
82566 76068 
52437 15534 
57346 80379 
33049 83936 
2130 64518 
50278 60429 
71081 8341 
73686 37657 
34189 19470 
1812 64431 
16717 56517 
56302 55357 
51073 8865 
26328 39594 
60239 15980 
57128 95849 
23290 50724 
84409 1228 
82998 35745 
52382 55278 
43086 9820 
17351 27373 
68462 11853 
31091 15531 
45577 4273 
18624 97811 
82036 14697 
13569 3647 
24703 34951 
90883 31774 
53723 79975 
41592 93853 
66288 75573 
67051 68473 
98391 13663 
31263 8877 
45453 86397 
98982 59606 
33405 86399 
4603 2174 
60659 39401 
42227 67962 
78393 17663 
40873 27708 
1641 67816 
90413 91290 
46925 75160 
13641 28931 
73510 77941 
37757 55545 
64836 39772 
4616 3592 
24262 86096 
73223 46679 
75006 11494 
10261 26033 
47994 68625 
34841 75091 
13315 56725 
82198 33589 
61061 37833 
77710 91900 
65578 22318 
67429 8763 
73468 81743 
34183 1166 
40201 66776 
39381 13781 
2735 30575 
69778 37207 
16328 83978 
35791 59203 
2520 37821 
63295 1150 
52261 19835 
44452 13200 
3267 88830 
64690 75854 
63887 7262 
2830 83166 
87122 74762 
9191 63357 
7914 69856 
2573 26274 
44413 94840 
91199 13974 
29655 69676 
14919 70652 
83936 74753 
26468 41188 
60132 99505 
78030 53786 
94321 14125 
56086 41489 
72275 44994 
12256 9815 
78752 937 
70785 63283 
30973 67080 
54359 62348 
10290 55783 
59074 94022 
96740 80059 
26694 4444 
80075 93856 
7727 59698 
67770 25711 
82381 72397 
35676 17564 
8140 55831 
70143 68868 
92467 44967 
31842 77649 
47060 54099 
30943 64813 
66113 24697 
40934 65711 
85219 53757 
94066 73904 
19797 82960 
95289 26027 
52377 71963 
63465 23809 
36576 75365 
58801 99554 
12292 92187 
83617 44748 
81397 59182 
49956 38004 
76137 14803 
91963 28125 
63492 69407 
63621 50886 
67872 79039 
3096 83952 
61862 35120 
63826 73403 
70093 50404 
9457 97440 
54872 42773 
44811 68095 
3874 92748 
8310 10171 
19959 78048 
82617 98120 
21108 69078 
89749 76208 
94495 2927 
24465 35061 
12881 40286 
45526 68572 
13792 49609 
88206 89154 
62368 55929 
83440 36443 
67279 37930 
69099 74822 
95798 56183 
57068 38501 
38872 47902 
76190 49410 
9977 29141 
45600 2776 
22537 4042 
45542 88009 
79897 92570 
43544 88418 
29073 53097 
2603 82260 
74951 94278 
45067 49765 
25130 41840 
70960 76035 
37252 50237 
32730 28097 
70472 26552 
49754 75872 
598 64594 
5398 21484 
44507 70846 
7023 99065 
53566 710 
5078 8092 
78092 13461 
61224 47303 
75289 97374 
27452 23368 
31639 12679 
48220 18736 
97388 49332 
25878 16468 
85527 99001 
95987 96366 
70621 96269 
43617 36332 
33840 92715 
54302 75657 
39720 89377 
34053 22800 
97456 68011 
51687 19248 
54969 29669 
53678 3146 
97479 70267 
76872 51663 
74014 97161 
37595 19434 
55057 18170 
7041 31908 
32431 15074 
92323 37081 
8584 47279 
30122 66843 
86566 18186 
65645 10016 
64303 76708 
33398 53229 
57161 19491 
78294 2827 
21337 5537 
55697 61327 
27287 94286 
27213 95287 
37151 70618 
25423 97948 
73092 25843 
95177 19659 
24461 22395 
31709 11845 
30881 81797 
26534 6141 
95623 392 
935 29336 
29054 15393 
53828 36888 
95490 15012 
75894 33046 
38401 10738 
85072 33952 
88777 67269 
19874 21660 
19282 16185 
86445 31569 
92939 63117 
92898 13585 
69203 35010 
20158 8163 
72571 4001 
72420 82398 
99305 67500 
22281 78467 
36362 60275 
15715 36979 
93283 23612 
30273 71144 
2608 59131 
86245 84225 
27242 50329 
94995 42306 
24295 43675 
91261 37220 
54018 42866 
36968 316 
89786 84793 
2906 56768 
80474 33857 
31640 42267 
40100 52441 
60087 39164 
91281 79667 
33429 27532 
68828 78019 
73381 88116 
97714 87971 
73304 38763 
95685 64442 
80237 33678 
14959 55740 
89679 5741 
29707 25571 
22747 86110 
96467 11775 
77375 92471 
63133 61634 
45244 37552 
78856 82921 
64422 72897 
61959 2280 
33995 49385 
15880 28125 
51462 45639 
44204 73908 
46263 88189 
4989 9444 
73527 63149 
61889 72907 
985 98185 
34981 94181 
68946 75650 
27742 51456 
28354 23041 
8274 7253 
65156 15290 
52667 47514 
549 14944 
16309 77968 
16177 70856 
84960 15653 
90898 93827 
71600 50321 
51523 28475 
67317 40359 
33724 44631 
24940 50964 
21308 78675 
52627 38458 
82153 65510 
21298 33994 
47310 15199 
44588 82297 
86134 4856 
72894 46689 
14775 75960 
54136 322 
37957 50039 
52998 85342 
64705 1545 
87727 36701 
57510 55753 
38941 35325 
71412 11625 
8470 76619 
14566 24859 
57877 14532 
15094 24700 
36136 68901 
10347 79615 
13794 64337 
84208 71541 
77055 2592 
65637 86184 
99299 57208 
67391 77731 
99919 19137 
87710 20308 
20693 15121 
19710 15698 
98504 66811 
13344 87040 
89842 57903 
13001 51627 
7325 29023 
50171 32436 
61378 25664 
5057 37634 
61251 83150 
63646 10068 
18720 44444 
87436 24613 
15075 71533 
81892 90286 
37457 29216 
96662 96123 
64079 91278 
15686 25094 
79591 43394 
98561 48723 
31585 34501 
15852 6533 
97162 58981 
80533 69136 
14533 35665 
15334 81474 
48765 86496 
11486 83640 
3076 7634 
28203 10702 
57492 68826 
54233 80065 
15229 73105 
2872 85185 
63787 58139 
40096 27805 
12575 23041 
51781 37412 
51755 19999 
40484 46213 
88050 58756 
4819 10704 
52425 33833 
95226 96789 
41813 99285 
58747 74373 
52492 83870 
82406 99543 
86236 60692 
19893 97635 
62043 59713 
39473 98926 
46003 38938 
62373 20153 
19798 10679 
70400 29709 
44360 52971 
49118 82112 
39363 23040 
98644 58224 
91514 29661 
87966 1711 
25029 14312 
50676 99333 
16200 37226 
20074 12962 
10619 63736 
79857 34530 
6439 98797 
62939 1693 
99905 23080 
65412 81562 
50495 42756 
55276 2637 
12107 76918 
46273 90962 
94048 71481 
76016 45500 
60996 46517 
74562 69882 
54601 55154 
34709 62910 
21111 56465 
98469 58615 
59135 82260 
55576 98114 
59606 8204 
9301 10205 
96028 23428 
2492 75339 
37242 29582 
12456 48523 
97252 90237 
17149 20691 
7045 94590 
7108 5215 
91871 95656 
67687 46490 
64142 32397 
84335 60893 
96840 47724 
30037 36926 
25288 69848 
78497 40984 
36137 33146 
49251 97936 
41602 76557 
31593 41601 
4241 72414 
53090 59178 
73031 6730 
55384 85850 
14955 53117 
15122 41011 
78053 56860 
1042 35952 
1614 73068 
89613 24357 
97134 83449 
71090 11565 
59677 49890 
65454 86338 
33459 49877 
33397 89715 
47726 78714 
11417 89587 
59453 96573 
21996 86705 
87880 44602 
9982 38116 
2596 53617 
34493 47411 
31649 21370 
2012 37629 
89068 39932 
60826 92345 
82241 13427 
89541 23181 
48719 18183 
3147 97876 
89332 22275 
68938 42064 
9895 99544 
71583 10007 
57321 44323 
91715 4820 
37626 17460 
65657 17086 
33081 31637 
75239 42254 
93695 14556 
76116 31861 
64227 72284 
10628 31364 
22107 11817 
66944 58245 
43912 71899 
40074 78055 
88467 54201 
22328 43204 
83169 43117 
882 69539 
26788 51811 
68330 39145 
76809 34521 
58473 34310 
72241 60766 
4037 27199 
53907 55727 
75628 72583 
83363 72925 
1963 76789 
28865 80271 
90232 45093 
82248 8585 
62456 41877 
94093 32919 
98784 33132 
66216 31312 
31880 19274 
20313 93045 
67946 7732 
69497 29037 
19338 19410 
55494 70725 
21386 70868 
78434 30553 
71708 24949 
38452 37184 
74188 56585 
28725 51567 
91741 37646 
68113 16230 
12090 4933 
38215 89435 
9009 38831 
94463 68325 
37823 46595 
53757 10722 
38445 13912 
22202 23930 
31804 61114 
15661 742 
86264 16292 
43112 47757 
99466 96596 
68237 69196 
88008 71082 
38160 40593 
2469 63784 
69961 31066 
88501 44009 
15346 10294 
96080 42398 
81765 6901 
98461 25907 
74322 68644 
19973 62620 
36974 11628 
87554 8178 
13780 35666 
14715 49631 
21414 26044 
98640 49619 
22645 58064 
61215 44075 
17188 70114 
92979 59998 
21074 73422 
65385 36352 
88648 22227 
61171 50788 
42279 76798 
35298 77625 
14083 53538 
59591 28417 
71201 71357 
23089 55426 
91620 71557 
57079 30460 
81028 9688 
28877 46775 
72877 92103 
1659 30143 
33603 57440 
88973 86664 
2867 83776 
42051 59548 
34706 35917 
95632 14837 
69668 54092 
63731 26926 
60246 25275 
20626 88730 
92394 71403 
24331 28493 
94380 34967 
39893 75469 
956 41769 
98103 80102 
45552 73063 
81528 60819 
86149 84894 
64263 19193 
31505 71098 
44400 37977 
23572 78294 
98929 52398 
49235 46087 
59626 64090 
99891 63816 
55468 49195 
70950 6337 
92208 97393 
94981 35660 
42972 7012 
32016 32712 
5062 52871 
98438 54041 
37666 38152 
1915 91983 
32730 39307 
63991 53635 
86992 53951 
54242 63900 
37031 65634 
30324 40947 
91137 46546 
76736 88635 
41916 29470 
61836 99734 
71781 93642 
87382 66237 
69791 25724 
87828 48644 
62819 36683 
47583 64727 
26583 38166 
43666 20189 
82831 7799 
88423 18486 
7803 1863 
42406 55209 
74057 5939 
91047 23580 
22878 49343 
30417 31954 
17653 47562 
87151 61641 
60018 78417 
5508 73941 
59981 42289 
70621 8975 
38881 4511 
1076 5709 
9720 68903 
36325 12509 
23303 85428 
64789 50628 
90531 52087 
87069 39237 
91356 31411 
85332 89890 
59073 65293 
74745 30799 
85007 38412 
45706 26832 
23120 10124 
66682 19833 
86634 7444 
6626 25728 
19544 47637 
53204 89738 
94671 37921 
48509 19188 
36940 81938 
37434 84495 
95643 7866 
25583 3310 
92642 21474 
73334 185 
54869 78877 
10623 64721 
98910 68404 
43019 14842 
73073 88753 
33840 8652 
78057 11445 
89344 38279 
81203 19659 
44422 82178 
11257 22580 
44786 88538 
70689 54725 
48264 11785 
30829 83022 
22644 26591 
81431 60972 
385 99372 
90745 88821 
61557 5947 
94775 61445 
55556 45863 
75134 11506 
39369 18794 
3734 84466 
5653 96544 
29543 14157 
97346 45318 
57730 2869 
57251 27281 
24728 48289 
40778 37852 
4126 1133 
27973 15747 
87733 81945 
6957 96475 
73794 33281 
65109 66813 
60025 34386 
16563 17721 
83009 59461 
15030 86231 
67456 17773 
49480 23028 
48920 74074 
96892 21760 
11811 11224 
11031 98568 
40862 63359 
59172 15861 
18705 17642 
79679 3102 
14788 55313 
22532 39123 
1609 78705 
52187 25502 
3072 49844 
37529 98536 
26752 48406 
27263 98573 
56956 42049 
10698 39777 
88678 50532 
93705 826 
63908 76497 
77513 87629 
31219 70480 
14056 2830 
87152 95415 
25741 93679 
73650 56796 
19790 39800 
99636 68679 
97718 85449 
26790 32817 
59049 17045 
9709 18471 
25039 36076 
8817 43836 
62929 79924 
769 76523 
74207 98708 
95562 90142 
21353 4959 
32141 36824 
6728 74735 
65048 21361 
84533 93728 
73467 91679 
82191 10009 
21037 92462 
31034 76192 
69855 64017 
57828 38189 
5354 6837 
68472 55092 
60067 73834 
63094 15350 
33755 96833 
57840 48057 
95005 1670 
52754 15001 
15093 17138 
77498 9066 
28762 36993 
67017 77645 
38568 51398 
67824 35897 
79497 24404 
52220 34034 
38809 57471 
22560 95217 
82417 45529 
20581 46251 
73556 1691 
17851 21936 
82114 99514 
52537 35751 
73721 57554 
95009 74486 
36527 69991 
70176 92526 
50577 69198 
38001 52644 
29802 91421 
35296 84513 
69847 5073 
11694 9562 
16311 52692 
50584 11391 
27466 52198 
51858 14622 
43086 881 
67447 71913 
86767 26391 
22949 48774 
22955 33047 
29006 38910 
61871 98857 
84691 38995 
55626 88965 
1763 61107 
57035 64536 
33466 63493 
18991 82684 
74469 35890 
96730 2593 
9531 84329 
77920 35799 
27697 22172 
6219 4443 
86072 89056 
82810 325 
2636 87490 
27385 69705 
81127 48058 
55142 84076 
22635 8476 
79595 95470 
58375 19199 
82332 16421 
45994 68851 
344 9274 
7808 56431 
69123 17329 
53531 24064 
25470 21176 
22324 4014 
17798 57566 
99438 26740 
93677 95316 
11220 82967 
34471 22972 
78935 32057 
85156 66363 
16641 1413 
83720 20665 
91249 27208 
29056 51217 
23963 45436 
38836 90104 
1419 54075 
39575 31389 
82156 32114 
99953 6873 
29458 19267 
65435 6419 
75120 31348 
77310 92085 
20380 10661 
62512 43741 
10026 88140 
61929 65303 
73601 64577 
24372 75381 
13667 1958 
30969 3865 
35247 52738 
30503 16876 
52844 44829 
60012 96493 
81866 83155 
96984 8805 
19787 24794 
39560 4095 
49071 34068 
39370 6328 
48647 26374 
18004 65639 
83631 65098 
82558 67120 
54059 84688 
18323 11990 
22509 74734 
77391 13083 
7801 74858 
793 75603 
27391 98315 
8784 66242 
94555 23338 
68957 8966 
28192 65631 
5112 84209 
12793 72824 
41135 49674 
54077 62287 
83646 45592 
11810 57370 
34725 95037 
55497 63983 
91799 60769 
80898 69350 
35580 74101 
45766 37831 
28939 8383 
31699 24926 
49701 29981 
15693 29866 
58539 22983 
39745 59638 
59539 50392 
99778 82884 
45437 84171 
36191 10768 
32153 9272 
97493 53749 
77963 82667 
65775 68128 
51493 7381 
78169 24307 
59698 63674 
52002 99889 
72079 24776 
22987 25055 
80633 72932 
35585 85119 
16339 23049 
82611 15697 
2505 55855 
77138 9647 
62867 60211 
53964 91732 
18049 85146 
40163 6910 
97876 6127 
4663 11218 
68959 17268 
95322 50414 
27105 71378 
98638 60843 
32309 3173 
12019 29455 
70440 87452 
1436 5452 
10200 3677 
28320 64738 
86535 1151 
68746 90169 
82406 84866 
15198 45534 
99669 71095 
46640 89255 
6776 93932 
76153 95021 
26137 79237 
37055 20833 
77165 40827 
48192 95439 
22413 95250 
7035 71641 
73653 36116 
95203 29714 
2366 56703 
45242 931 
64822 60441 
9736 21177 
95789 52896 
94258 17672 
46859 65959 
64201 78030 
45515 25262 
12182 50187 
29242 35169 
77501 74190 
65368 22214 
42054 52370 
1779 47507 
88119 23164 
6236 71333 
92611 15619 
42777 29102 
49672 26582 
2511 56783 
58887 80637 
53080 86076 
89942 4039 
96184 14858 
36190 68221 
25771 46796 
99417 35877 
60838 85528 
5948 73203 
86283 63450 
40332 75562 
72818 82894 
96958 90663 
62696 48353 
92253 13277 
1844 72440 
50549 68575 
70976 45359 
75191 97394 
18327 67960 
43168 6004 
24934 61785 
16295 45444 
39654 86066 
44914 41015 
5661 11220 
51102 1242 
62711 21160 
17527 97421 
50203 42631 
75399 19798 
54913 28758 
80356 84521 
44253 56138 
88672 86661 
991 30066 
97814 68955 
28614 30851 
95196 3328 
27826 75687 
66843 62835 
54205 15179 
53755 95372 
54568 31364 
7895 97273 
45377 54971 
92016 24916 
40333 73630 
87958 75462 
56291 59907 
26577 14100 
26718 8275 
29127 24442 
30147 33510 
54701 11184 
97423 49513 
81251 89698 
96009 17184 
8744 55922 
2226 22731 
62156 41723 
63004 23660 
89313 25852 
17593 78729 
93978 88689 
96647 60240 
18141 70137 
41171 32323 
89099 14377 
87081 67238 
76727 62609 
42448 63215 
64230 85488 
43970 22001 
21724 30643 
16834 42014 
86122 97492 
77830 83901 
93119 41508 
15433 69298 
77457 53144 
52559 80695 
56201 52838 
47767 40614 
36406 92817 
18927 61630 
43343 58864 
79721 75302 
48381 20790 
63791 67709 
86608 89033 
73982 72028 
93505 96621 
34818 94474 
57200 40683 
45223 78930 
78296 85765 
25451 47726 
52768 52380 
27302 91259 
45096 88560 
29911 17563 
98591 49593 
74756 14402 
37762 91734 
2991 21116 
53644 19316 
45831 55188 
27116 11564 
84400 89390 
37573 95300 
39339 29361 
24693 22836 
72433 98596 
19588 60524 
82584 98109 
38289 92740 
56734 71353 
35294 98552 
92639 71549 
47825 63844 
44902 98164 
22471 50409 
58241 42041 
5051 55288 
42729 54561 
91825 58626 
14549 35245 
85589 76336 
72811 14284 
73713 5088 
8057 91792 
46858 71431 
41317 83916 
6880 74325 
73911 17468 
70361 40888 
87676 9346 
60195 98898 
72899 64802 
91886 6369 
76937 29450 
3428 68496 
60383 33948 
48109 15282 
19585 77394 
68068 9419 
84434 5745 
93127 3239 
28565 54932 
64196 66054 
35440 44860 
63436 58723 
48290 30109 
44448 41010 
94450 35892 
94867 59094 
15387 33739 
31058 75535 
52520 40329 
20000 72081 
35957 55069 
47010 76867 
98324 87253 
99563 41901 
89112 61998 
17322 24154 
96307 35689 
66339 4142 
91546 96267 
31459 9587 
2625 71469 
85102 98551 
82924 18985 
82904 96382 
91160 26524 
57076 73876 
16834 6899 
26904 257 
86861 33482 
22461 3885 
67080 24795 
22391 26041 
28679 53462 
39520 58723 
84080 24413 
49117 16054 
9368 39964 
43750 735 
61136 45279 
15995 91910 
64410 26737 
15657 98893 
95330 17831 
1682 96361 
7334 52514 
10644 80984 
52832 94243 
93403 66852 
33694 60520 
29529 67679 
73363 57328 
15040 97399 
40969 35619 
33215 57638 
73600 82912 
60509 70452 
36656 67016 
30011 57790 
34273 56081 
73416 65372 
31814 49384 
89146 77917 
80725 66665 
39043 75170 
42334 60321 
58964 33700 
91703 34387 
79643 88137 
45190 77020 
93338 27355 
96140 39030 
69089 16019 
61947 20048 
14797 5 
42705 56040 
7877 75375 
66785 37111 
67910 74925 
51865 22946 
24495 53745 
41307 64722 
41406 35806 
85253 86977 
94198 17291 
23392 30632 
62585 9173 
92083 9294 
91167 41530 
22370 84936 
92506 45101 
17389 26190 
15106 71820 
97771 72740 
75475 15369 
81860 92689 
58263 45215 
23926 86271 
21362 73193 
68014 58901 
3906 30358 
87669 59333 
24244 43675 
72506 54543 
72271 67027 
91432 91989 
45899 39116 
9314 82009 
54982 11996 
58967 18369 
17672 18326 
73574 43384 
3981 22833 
65986 55485 
39210 34077 
836 51791 
65963 36286 
42974 95954 
77608 37833 
81498 2454 
78346 22901 
22439 32507 
95453 35910 
15194 3883 
67783 24504 
27865 27192 
61309 16191 
14881 94560 
17235 6185 
26647 63141 
21136 89549 
95424 95516 
92624 79445 
94248 41808 
34174 15112 
6409 74200 
45073 78116 
61870 13563 
1799 3514 
93975 20019 
29757 93725 
44886 54528 
42868 17269 
1420 56948 
7376 1918 
74306 27555 
94078 12416 
43343 43594 
19270 36600 
78548 90230 
38834 90560 
13104 36111 
52178 93430 
87764 37790 
93166 55474 
8342 14350 
33686 69300 
58007 93859 
2196 93378 
84347 96643 
24340 69455 
37484 86874 
25665 21051 
70021 93603 
97476 38882 
22178 75108 
16059 70910 
6218 76334 
22758 99616 
73092 8167 
17822 7202 
91216 59447 
94455 596 
92391 37865 
41191 92442 
43090 24260 
70459 11727 
80698 16356 
89162 48242 
13750 32587 
13077 18765 
22816 44423 
41099 79679 
14411 6496 
47588 688 
74138 57804 
21511 57324 
37263 74433 
79614 96183 
45015 64460 
7500 76092 
83104 9100 
37283 90887 
5345 70658 
53407 35039 
29695 7471 
29232 82032 
56645 58780 
36171 7263 
620 88359 
34444 2123 
43879 4726 
49902 94025 
19397 7888 
64949 8305 
4299 47824 
3206 82262 
58622 18303 
67392 69040 
75577 51119 
97758 49599 
18895 20470 
54493 4754 
10481 14944 
91649 86032 
97314 85483 
82416 64081 
70363 31658 
76026 26398 
30283 45761 
15045 42351 
94735 94443 
18524 12788 
20411 81015 
41215 73958 
69183 98047 
52027 31038 
82266 49495 
35873 55260 
38900 94378 
12257 90436 
66747 39889 
81225 79631 
40089 90812 
52714 40791 
48840 44281 
88856 91331 
46516 4138 
90485 46004 
88526 77544 
88845 89811 
53465 8004 
61429 58275 
99608 93569 
76905 41108 
46369 36774 
88260 62094 
86213 73712 
35543 77971 
26384 33670 
90047 82157 
31747 87866 
70266 95348 
90167 56106 
86636 74341 
50064 53521 
26859 72882 
86119 76089 
76518 43881 
33606 43233 
80719 81062 
94374 38590 
91657 59897 
58299 15869 
14301 52653 
2783 65771 
57790 60399 
29948 72034 
23662 26067 
76169 19952 
13725 66923 
81915 59061 
20127 92296 
41116 63225 
68132 52929 
58835 75960 
18098 2059 
33552 76587 
97369 35103 
46138 53713 
25016 14803 
81408 26494 
12837 81719 
30150 11313 
74495 96193 
19593 91725 
51394 57168 
98520 12922 
68637 95737 
59573 88447 
67330 46836 
15764 76560 
20553 61187 
60815 56362 
29433 31437 
33668 9697 
13100 71345 
76347 93846 
51652 4963 
21335 72149 
14849 93938 
69724 54953 
10874 55380 
24624 91665 
19304 177 
25642 46179 
30340 52217 
89760 82594 
98383 92655 
1480 85881 
32194 10186 
10878 43032 
86176 28227 
92032 14246 
87707 22975 
86257 30821 
34007 42501 
4697 66678 
18671 86353 
93026 43817 
2793 7591 
67382 48527 
28494 54728 
15093 54785 
83746 79764 
16401 74021 
66495 297 
84067 76348 
63402 18636 
36618 57307 
53930 68937 
17950 56347 
74016 84532 
51116 68491 
25261 51965 
67339 29027 
95329 45686 
82639 92563 
63172 17916 
3936 72424 
98723 51886 
34095 54098 
30865 73478 
11099 47355 
49778 56227 
60365 95627 
30141 47722 
61230 18395 
10257 91612 
28693 22569 
38779 18776 
89740 82230 
5519 33622 
89929 52606 
5744 27067 
374 53783 
48383 6427 
7874 32406 
7720 44291 
61652 85502 
35469 13346 
19011 9570 
95494 92240 
79200 20194 
57008 98721 
19870 72706 
83713 30626 
53723 2803 
86163 72733 
4310 97509 
62512 58051 
59404 1525 
38854 55809 
97969 61750 
34543 95254 
2477 13636 
20118 24246 
62156 17052 
5922 44784 
44753 56442 
98011 63712 
64451 30353 
84594 46233 
1856 68731 
71078 62251 
38267 32948 
64647 71172 
50940 73115 
20386 99437 
78662 39985 
84 26934 
7647 74666 
62164 13318 
46640 28326 
96575 63381 
57076 96222 
42039 51786 
79230 85651 
74687 1790 
48535 75759 
36904 40028 
27589 68701 
83136 30015 
88820 76226 
55416 20674 
70417 33546 
65547 33050 
93816 83219 
53158 48306 
74920 25768 
9260 53136 
83156 90904 
3464 44961 
2619 43465 
29683 98563 
27734 1562 
89931 48259 
82246 10939 
68722 45295 
84805 89154 
11640 8811 
97003 25986 
10783 566 
80469 2302 
17080 18537 
58448 68663 
44888 22584 
24280 7061 
7818 76547 
64280 84419 
26391 15490 
65762 94896 
77909 24206 
62270 79504 
16842 43701 
27584 6227 
80073 6044 
67629 91513 
5481 34790 
75178 44962 
34654 38138 
6057 22987 
40910 65033 
7542 84377 
22367 90618 
79750 50937 
26428 46776 
79016 89763 
26864 15918 
78634 50204 
57572 61748 
86781 8214 
18120 79443 
84070 93521 
5360 9474 
83855 948 
92665 74261 
37329 16195 
73762 64914 
2346 18557 
11672 26482 
70074 58269 
84911 64492 
96738 44571 
2919 22955 
19128 22087 
70566 64622 
41957 57733 
17639 17927 
72794 8128 
73357 41908 
46006 88367 
58275 306 
20983 17005 
86304 29130 
61910 69239 
18156 28161 
6428 30532 
84149 6172 
8762 6294 
99107 62111 
99244 9737 
25002 90027 
36613 19667 
98011 54234 
42097 72709 
25826 93021 
94985 30348 
78342 74141 
38250 40183 
40262 43401 
89769 92901 
67673 78855 
79755 61746 
92333 87414 
38275 99631 
47187 58137 
38048 60550 
44516 17035 
57194 6570 
24204 11896 
64225 59434 
3720 92477 
43248 56699 
3733 41329 
71254 76329 
93672 53612 
31280 775 
71 60420 
95388 1864 
47231 39471 
39566 41165 
54464 59462 
59061 97026 
97150 59934 
37096 49077 
49840 77212 
82506 73800 
68790 88771 
92607 30572 
38642 63346 
16385 46662 
3315 72163 
90127 41754 
24763 37839 
92684 67812 
64874 71856 
20783 78529 
65600 78916 
16143 84048 
10290 87072 
85664 91317 
85260 96217 
43481 78171 
24773 24330 
69485 116 
14907 70809 
22687 82805 
52167 9315 
69821 10302 
1287 68696 
89649 79521 
73251 59936 
91684 54557 
49436 59456 
44365 21173 
10608 64708 
42202 11319 
90593 96660 
54027 40306 
63584 35609 
85165 75145 
91323 41693 
55230 31568 
1834 29536 
40208 79369 
44877 37645 
52566 20967 
71000 57527 
36396 96453 
10805 64883 
35890 59913 
89005 25859 
54975 66427 
93822 34971 
63495 6901 
36505 78188 
21051 28792 
77964 4558 
83491 84736 
69994 32852 
28970 58293 
57031 15888 
90630 26197 
11098 34497 
11162 29946 
27349 95570 
40854 46024 
90549 64146 
85210 63705 
33848 68239 
70828 2120 
50381 76872 
38918 24171 
85495 66767 
94734 33856 
32843 61194 
38133 75719 
81072 45643 
75571 90375 
9555 39361 
67100 18452 
11335 29179 
93243 86787 
29420 52645 
36104 55353 
28559 51182 
56699 51131 
88809 785 
16165 66039 
99491 67716 
32388 50015 
52530 29742 
85565 87502 
82718 49618 
86284 5810 
79102 86879 
97956 27233 
96473 86390 
61772 43295 
28850 87729 
6824 59111 
67894 58117 
40636 28642 
58329 63471 
6071 77454 
79750 57049 
59423 88633 
29603 83277 
71484 9621 
55647 65487 
78460 22992 
87886 70653 
12856 12559 
49731 21620 
25766 47738 
86063 57922 
71515 3675 
31912 29939 
63149 32437 
59616 47989 
23048 1437 
84614 97884 
46737 19243 
80450 77527 
69962 76090 
52064 5357 
79215 36629 
43157 725 
34060 35865 
8152 38746 
76036 45690 
62219 37745 
83301 99100 
33858 46088 
92864 81908 
83671 57015 
52897 27630 
20282 95037 
86524 80279 
39738 85514 
45427 21862 
38270 40245 
6714 96684 
99966 66175 
19721 2916 
40670 31825 
40757 63390 
97354 6559 
3290 32220 
88226 21525 
58647 41592 
33013 87934 
88057 43958 
15127 48242 
30663 58860 
87856 28905 
94167 90748 
75222 9547 
14808 44404 
94848 22719 
11632 27962 
34927 50825 
36354 33 
50321 92418 
54577 87049 
3831 28702 
6737 69708 
67870 32941 
87863 13287 
19013 30377 
54089 95574 
3356 34352 
10835 68321 
24105 55516 
62654 73360 
4521 5306 
7982 22900 
9090 92338 
43370 45048 
63731 40915 
1250 90195 
1869 44537 
82871 91689 
77370 4138 
63800 75087 
27613 90681 
43179 14265 
40396 14849 
79955 39827 
76898 82729 
9352 15482 
29573 65716 
61113 11438 
48664 15309 
7356 20390 
53898 9030 
52390 81270 
58991 22387 
39415 98719 
75735 83632 
89754 72091 
31721 82983 
9124 76819 
31179 76074 
92419 73098 
11936 42563 
33569 52091 
3155 35157 
272 68248 
68313 81755 
64742 47820 
25775 83975 
91081 8302 
75362 89017 
67494 71268 
23468 98631 
37269 1953 
91573 18921 
26312 62945 
13395 47738 
86999 26457 
74482 42667 
78168 49939 
24671 11863 
79362 83133 
98673 22489 
93718 41195 
12900 27046 
28408 48141 
67731 66576 
54119 27625 
73547 21546 
35798 93912 
36160 46164 
95708 74965 
82664 39932 
16845 81634 
82289 81434 
19839 22240 
18472 73692 
49701 50182 
98171 27845 
90117 23746 
42335 42468 
82463 51872 
87498 19569 
64316 97436 
42618 95082 
57961 10448 
87548 51640 
33229 67596 
69975 24476 
40993 1674 
56170 7473 
63727 14704 
17545 15725 
57771 81933 
89839 63397 
68286 70372 
24607 71243 
82349 15226 
63780 26831 
48256 20240 
7183 82341 
29794 73947 
10190 89750 
83126 2737 
44130 41265 
40866 13843 
75561 4084 
63061 16580 
72206 12859 
67977 48532 
23131 10682 
86973 74919 
68651 9996 
97186 73986 
71476 78494 
73382 69000 
24793 41919 
66006 18357 
85247 35599 
56360 29252 
39183 29619 
61780 17546 
59090 98730 
63784 96681 
83788 7410 
10397 41894 
60742 32926 
199 42467 
21752 54828 
90112 24401 
24333 97968 
81542 98641 
80240 28001 
30232 65849 
9900 63214 
93985 87758 
6883 84629 
79445 17230 
70143 97507 
74177 64428 
63340 21708 
53536 64863 
90421 65764 
33144 6613 
34484 70156 
97286 68597 
93015 88906 
71113 19584 
56747 15460 
20288 28479 
21669 48767 
55523 40408 
94115 38503 
91472 80299 
47428 44622 
59495 55877 
15308 95695 
2082 45372 
61788 32961 
83019 71763 
50652 82568 
31896 84982 
48169 7182 
4132 96284 
32161 49957 
78422 34847 
47729 98800 
32346 25676 
45341 66918 
33875 20020 
60545 6857 
61592 44761 
46236 49523 
19660 75602 
48153 87140 
44949 80408 
22236 99666 
13160 23661 
28489 57860 
38426 70760 
143 23034 
26573 81756 
79229 3444 
86052 38144 
30040 20365 
22578 3438 
90550 83053 
43548 78523 
98452 71150 
76583 76144 
33328 75498 
62851 5415 
49327 53915 
20330 26846 
33784 17172 
84740 11136 
16361 72216 
26618 10874 
70601 14645 
11846 33286 
95155 80494 
19913 84282 
35522 38572 
59305 39349 
8759 28941 
22609 85157 
23448 30535 
5313 67311 
45076 71492 
71697 74260 
43044 79482 
88863 85169 
69678 6105 
65632 10394 
63884 49387 
26918 57252 
42528 41469 
26131 60878 
41130 64777 
48285 30206 
92131 9263 
84692 72532 
83785 85772 
66471 76567 
25628 66130 
28595 53557 
57509 29267 
38764 58794 
78349 54483 
66140 41692 
38037 17909 
83822 1657 
31344 16308 
95898 59055 
56199 63501 
55031 85875 
50400 79083 
89740 79049 
565 16476 
91893 886 
25067 57970 
24404 55725 
68731 38085 
96714 19649 
11206 43402 
21370 90990 
83257 76936 
8857 83361 
5571 68234 
79808 40061 
13274 56520 
73827 8987 
5948 73566 
12365 80535 
67782 5382 
29451 57483 
35360 17405 
18552 95496 
51642 86550 
56416 25616 
33856 95289 
55505 46016 
292 7894 
65440 49258 
46407 67024 
90878 33469 
34193 20028 
18330 31060 
60401 8673 
47638 77030 
99019 33415 
5206 30377 
71291 33932 
75524 56760 
82622 11302 
25140 78356 
79867 54038 
8944 97659 
24762 20138 
42493 6060 
49712 70354 
96060 95089 
60645 44107 
16200 98530 
78319 18758 
8844 6944 
64262 95414 
24282 12669 
60409 9994 
68862 62975 
82565 76982 
30843 21841 
46961 35114 
48547 66638 
76472 79172 
67815 75081 
28459 30149 
32736 89876 
9742 17199 
28726 83790 
95885 19166 
50235 86216 
51715 40855 
96750 73832 
57969 79833 
10170 72574 
84943 73205 
54304 65894 
18207 641 
2895 55155 
33731 59873 
46465 72024 
40167 23927 
50232 99844 
54586 35583 
95458 21225 
54600 93831 
14785 72476 
54618 39571 
88501 51996 
86869 53334 
3116 99376 
28876 36530 
86251 34718 
8211 59512 
22543 23556 
32664 24712 
24139 11765 
39349 11153 
76314 56971 
29830 37843 
3835 68242 
59973 7874 
6940 54204 
83063 72477 
97130 71230 
2595 84874 
22441 57997 
77195 97434 
9490 40437 
34307 92474 
65270 91997 
91534 26978 
75551 38140 
54951 14579 
8695 1114 
62250 64344 
83812 91314 
65212 45197 
90379 64892 
813 47291 
52813 83830 
83160 67169 
17957 34262 
59510 52287 
6034 81627 
12750 2237 
6339 67095 
60055 39000 
17807 78726 
92790 26598 
31538 62918 
26308 41702 
27492 77005 
79916 71088 
10761 22202 
87112 39259 
44185 37604 
44051 50125 
43555 80612 
40277 60321 
89231 66854 
79905 88562 
73746 93597 
93709 5370 
48791 24631 
63003 40587 
56961 71721 
24719 92258 
33751 68016 
3765 19810 
43482 92127 
23509 56876 
69221 68155 
78161 84680 
11207 36515 
11864 65605 
60895 63207 
38442 48367 
8476 31033 
53064 21168 
10538 35275 
32480 7259 
91543 88474 
94021 68551 
77872 24209 
85215 7206 
66430 78152 
5668 32609 
11113 16168 
20739 91656 
69969 73876 
12617 44015 
93433 69835 
28524 818 
49757 55382 
28087 35178 
77616 68180 
2312 16007 
27820 63641 
35134 12790 
6170 8652 
5185 68292 
57736 35413 
80190 38619 
39148 69694 
39328 55604 
9989 67449 
69926 75210 
36974 16480 
24000 37430 
45312 85727 
87464 78118 
70505 33750 
10228 1253 
60798 20117 
68935 41326 
55620 98647 
85751 19857 
18530 9858 
6424 27485 
34591 31439 
48705 43654 
91506 90246 
68293 39604 
51499 87015 
53595 97165 
86617 35920 
52913 15858 
93971 75059 
58040 73796 
29453 61132 
16817 54128 
98491 21770 
23836 48059 
20695 2404 
43288 97924 
41560 11042 
50825 49363 
98856 33945 
42395 40336 
63971 67977 
47104 66528 
69149 91237 
98504 27646 
454 72636 
64081 77161 
83234 3167 
6260 69251 
11969 16902 
49904 21025 
79619 58104 
61082 85519 
42906 42366 
99761 61558 
19478 54305 
95156 50245 
50459 22101 
6581 4666 
77646 10044 
74972 9328 
78438 74249 
40649 68941 
73567 33859 
1396 82310 
72792 20269 
11649 26445 
51951 80301 
78307 78434 
61094 25781 
91645 58188 
47914 41570 
40809 83844 
43273 86860 
2532 93463 
96358 50451 
59038 1570 
65836 49691 
96447 27153 
70362 94915 
58576 50956 
76873 76472 
82685 34174 
58354 69789 
23479 58146 
84079 95451 
79612 25172 
14815 15885 
72962 94287 
63088 97994 
95105 12643 
44298 21979 
27720 43084 
88365 70566 
64024 81580 
3513 90019 
6933 4344 
83932 74525 
96241 83826 
31258 88976 
21948 65157 
16184 11616 
13738 244 
40946 47703 
57667 95350 
76076 38051 
80283 39861 
35502 62212 
57651 48849 
22927 15073 
52220 70118 
29405 17744 
53955 77609 
87125 8892 
3852 97374 
87617 51042 
7713 89727 
53985 77879 
5982 41801 
16186 3196 
51488 8394 
76034 9916 
61074 75806 
64279 38465 
49399 13333 
85987 97791 
23601 20127 
22416 29463 
16045 71338 
7672 65517 
59048 16748 
26658 34100 
60237 87588 
87182 83491 
20130 22754 
3537 14663 
44561 34348 
91513 35354 
43703 94297 
15466 74439 
76779 38715 
46953 24463 
96906 54780 
91420 12257 
74091 36040 
14486 32864 
26046 66428 
52640 20355 
66266 20673 
24484 70636 
86736 49370 
68124 75945 
28665 50673 
17946 78535 
58802 17378 
99679 1884 
61171 88111 
66554 71787 
74487 24403 
21295 96827 
54031 81621 
68803 37949 
13443 41049 
22605 60266 
6644 22836 
44485 26718 
43058 5126 
31202 62830 
90290 33340 
74778 94580 
7606 15421 
13574 37256 
70837 63794 
60219 92192 
94748 62832 
39422 90402 
32421 11860 
93810 7377 
32906 17992 
19131 61703 
68130 90573 
71544 1641 
98008 19550 
49156 78466 
28699 3797 
87595 3089 
33137 32219 
25094 83382 
45237 10415 
86455 43631 
9590 68753 
7193 34651 
66999 83873 
69273 53377 
82864 94986 
48089 4111 
80214 98748 
76662 50101 
22086 62075 
17509 23772 
98996 951 
95251 86677 
16404 35084 
83724 56116 
44345 43230 
60229 44363 
86850 12054 
36512 88593 
52253 92594 
51167 84836 
57199 52703 
61396 77670 
76933 41313 
3364 98866 
62325 60883 
99922 92844 
80195 78131 
81999 14512 
97585 89948 
55748 35999 
22966 1320 
91343 52736 
37743 65174 
31299 36507 
99986 80243 
16306 43336 
78939 42359 
4765 47450 
83688 97035 
18576 39064 
82233 46752 
82202 93369 
68282 25065 
34620 90847 
22229 61458 
84502 44923 
30051 25814 
47815 71977 
69304 59445 
53998 20841 
44886 70801 
31970 64185 
58947 98306 
90466 42576 
29062 20211 
88503 43465 
26732 21907 
51303 92036 
94286 14855 
24551 28557 
12437 38074 
75626 47787 
33017 63112 
44259 79974 
61827 66445 
17074 124 
75088 29481 
50534 62460 
79612 75636 
95073 70388 
81632 56397 
79510 8770 
12100 53865 
99330 84941 
67340 75944 
15013 47676 
63060 82168 
7317 79161 
67057 93106 
55261 84062 
71311 4341 
99523 31874 
87742 47201 
29097 44032 
3545 12774 
82223 55600 
11789 83130 
84001 22894 
40915 94284 
52545 93003 
42753 89093 
93141 98926 
62890 5118 
65589 94942 
9465 82407 
53759 806 
56896 69242 
88374 80512 
69581 50058 
74115 41611 
7264 19078 
50367 4459 
78556 75647 
71294 57252 
41993 22808 
25368 82369 
15073 9353 
27115 12259 
40847 67410 
4520 49018 
78944 62561 
74424 60791 
33310 91543 
45192 50266 
2486 33799 
11021 75774 
39892 87436 
5524 93906 
41398 97612 
63505 84042 
35330 15919 
99385 9829 
36155 13035 
48285 70388 
37176 3735 
31509 94924 
59928 33279 
2037 38403 
48305 17273 
97580 43088 
94050 23294 
78864 41004 
6843 31864 
59037 85739 
97044 16837 
36424 18534 
22047 40781 
27347 93222 
58225 69687 
58300 7324 
99635 73084 
17529 12508 
51896 90653 
84867 6614 
85102 14444 
55689 41559 
33151 57010 
49930 16723 
78516 50104 
50325 65767 
41304 46001 
45396 86351 
99325 74091 
62176 6849 
1950 39062 
61243 31909 
4686 33846 
32384 59585 
43688 80385 
73052 16770 
89832 4397 
53717 16801 
70511 96481 
74375 3329 
23986 11218 
94636 7978 
55880 8381 
76197 15758 
353 45921 
10972 1882 
49502 93095 
20751 76356 
3690 43909 
4959 48601 
12825 76002 
81976 3376 
23974 18151 
16412 61388 
24267 60785 
49854 83230 
69695 68193 
55806 63692 
20186 28566 
20913 54944 
59265 8573 
14011 51773 
62623 62872 
42151 69776 
94093 85755 
8474 48292 
49821 82087 
80650 13878 
41803 77750 
50582 47254 
10536 86011 
16147 6879 
83144 95531 
44005 75724 
48166 48184 
78824 14308 
1084 30420 
48754 22668 
25697 10605 
79586 36724 
15624 16558 
70740 10343 
7500 62496 
5090 63450 
92825 2611 
61592 8607 
98982 9736 
74791 3810 
81584 51851 
38499 17547 
50106 66625 
82277 33747 
56660 14761 
58849 68812 
13809 26605 
68144 20722 
71480 43282 
9414 21053 
75316 93582 
96694 14779 
49221 40871 
94870 49835 
93380 80496 
33707 18672 
65708 67486 
35397 57446 
19455 6762 
47567 74936 
2616 43658 
8132 52964 
85818 51250 
80986 32804 
74521 22777 
92249 77986 
78666 42419 
65624 82853 
58290 25735 
2416 78417 
37188 92258 
76831 72267 
78341 57080 
20409 47684 
44636 5674 
50816 38618 
26285 46796 
59637 91801 
2418 21966 
11478 25048 
18461 86880 
22350 91642 
3206 70023 
79182 64740 
19886 56826 
34298 62835 
44105 43897 
58738 47580 
88134 57186 
66601 38660 
45870 30371 
28853 6886 
15656 95321 
79595 26338 
69210 45191 
80317 89108 
74059 92510 
48428 12109 
44172 59576 
75194 94380 
88865 6528 
55160 15484 
53646 23660 
24279 821 
98253 88863 
57143 18067 
36985 18512 
5091 10470 
74310 20693 
66441 17327 
4762 93354 
67659 79753 
10311 96766 
55 80725 
80689 69646 
380 22363 
2522 51336 
85727 580 
11704 18648 
53202 97451 
80069 45276 
33069 75055 
12235 44131 
40408 21020 
61367 58530 
4814 65674 
33681 26844 
70254 63402 
40640 57027 
47916 6742 
75096 12413 
73743 20721 
33035 28205 
69306 67071 
76114 49284 
29786 73229 
31855 4290 
66030 89390 
58118 8359 
9022 68394 
56422 17460 
44565 57849 
4677 40984 
83566 91656 
94088 56045 
89063 68982 
97255 56892 
74940 12710 
64903 15897 
63292 6549 
47226 28783 
37466 20235 
62472 66071 
56043 45616 
90192 55149 
99376 82942 
49491 72964 
4759 36292 
33628 38003 
8910 99837 
11508 52047 
57169 42498 
73871 57151 
57666 27593 
97393 41325 
55672 36158 
23467 47631 
78466 97914 
63 15680 
54251 72211 
14890 11991 
40010 62789 
55951 86228 
2680 94829 
71650 24011 
85575 30521 
66756 53832 
57784 50236 
62808 5537 
88029 80430 
71977 10908 
6525 6505 
81906 83055 
18425 69108 
25743 10676 
10673 5751 
16335 55646 
50447 66123 
56478 47987 
7832 99077 
98161 30968 
47958 82073 
12881 20865 
28586 39691 
52407 10900 
