24490 7600 
57418 69368 
68381 27011 
61624 38617 
26710 9515 
43969 8295 
91777 59385 
68161 67632 
43568 12654 
32305 61708 
41603 59100 
90532 16431 
98668 23995 
15715 41195 
88825 78884 
61545 23877 
35911 54712 
52649 75893 
713 37705 
29992 81215 
35115 38689 
5424 52582 
99726 39901 
34068 566 
47850 39855 
96112 76735 
63123 36447 
90621 60823 
762 11241 
83154 23666 
23063 3766 
16239 12577 
38652 93636 
87181 73906 
51973 40460 
21202 48735 
4567 66742 
19590 51959 
42941 7362 
42299 72448 
79179 90721 
92366 12569 
19889 61290 
5541 19005 
26713 1008 
12682 43654 
37321 57907 
34771 13328 
19687 44303 
90782 80020 
54378 24057 
47205 69713 
39734 68617 
14671 47031 
92988 24995 
1898 65446 
76770 5267 
70121 78346 
14870 76876 
92165 44950 
73773 5716 
9512 76875 
77156 79908 
97975 36093 
89440 21134 
98022 13102 
51398 72557 
39316 85302 
75985 37593 
90686 79903 
15724 32190 
96570 43123 
94351 4761 
18827 48003 
54915 72557 
88893 56862 
14084 21013 
89397 91220 
28162 13488 
26634 51965 
70163 62817 
25721 75625 
89262 23210 
78783 8750 
74021 71322 
3169 31775 
69045 58660 
21503 66157 
1045 34010 
58278 54133 
54761 54208 
58716 9149 
1811 24315 
74824 96848 
26225 34146 
30795 21390 
9318 87098 
75381 60011 
33464 49366 
52357 9866 
39498 82868 
71858 85540 
25644 63603 
45185 33068 
7246 28645 
53549 6825 
66033 39632 
57282 89393 
5262 98340 
16203 21287 
92783 815 
84087 47389 
17953 70563 
60636 79982 
10265 68384 
32851 24499 
67663 36736 
14384 13385 
20762 99858 
96213 45935 
15499 7405 
54939 37519 
31252 78973 
25964 40326 
64027 79641 
38060 9532 
95070 32532 
23034 53781 
34081 53427 
59685 26903 
73194 74545 
84713 89008 
12977 9911 
4963 89386 
24943 3069 
75119 1122 
96382 89423 
62912 67847 
62835 124 
9925 6801 
71099 32143 
10226 49139 
31378 10090 
71376 88407 
11060 69314 
92742 51138 
94557 96958 
94590 99733 
83750 77893 
58092 27105 
41790 5844 
91178 5001 
89377 36513 
18040 3487 
47102 79138 
1186 7765 
80009 45677 
44032 20325 
41308 2700 
89380 51350 
30971 47 
24471 68389 
81940 82473 
26891 97471 
61764 25729 
37234 42189 
30714 76915 
24230 14673 
28760 20452 
15941 53004 
73278 35639 
6690 33233 
36948 59519 
13499 71067 
41022 19655 
48162 48160 
42999 55429 
91431 91047 
19709 3590 
4362 76947 
46905 84052 
88514 39967 
54694 85298 
11494 3693 
94469 15266 
47224 71702 
87498 53232 
41371 66256 
37904 10918 
1527 17198 
83501 86985 
29000 68075 
26809 78030 
54516 84543 
35517 91370 
13642 21285 
26791 90116 
99407 28051 
53024 89453 
59386 52788 
87990 14517 
62427 30474 
71810 24912 
46221 29901 
10783 8638 
71091 67503 
43795 49120 
47649 87246 
80927 72975 
76394 48689 
91809 93345 
35837 61485 
71401 73827 
82431 53926 
39075 51446 
80332 65585 
33233 73587 
61961 9641 
48180 23474 
31350 59218 
22545 31490 
61426 73821 
29280 95550 
3663 96954 
36116 62724 
23954 24031 
2322 56426 
2085 60889 
52707 68783 
83842 67557 
23041 76105 
54590 9331 
2413 76961 
11052 17809 
7495 96925 
44062 98212 
11328 51865 
9227 6138 
14909 12485 
54705 56843 
93762 66859 
95744 23195 
73594 34819 
74118 24661 
89295 48306 
17318 8978 
59698 75186 
17060 80616 
66925 30515 
79679 35711 
63566 88892 
61914 21822 
43577 84275 
94832 52689 
3469 59514 
15869 73130 
89242 6873 
74410 87234 
71463 22927 
49835 34256 
16003 86480 
22655 20896 
21156 56528 
69106 96095 
73228 78802 
7519 85057 
32136 84036 
10785 82886 
96178 58884 
13418 45053 
10832 71266 
83991 1839 
80312 35948 
4143 66975 
12573 13266 
93863 6891 
78544 44181 
49460 86286 
94613 38216 
15368 8213 
43719 47334 
93886 22380 
34878 78457 
7943 84120 
63580 20042 
71191 8249 
76210 84071 
86971 77015 
60484 93746 
93118 29372 
80880 79374 
93127 80021 
53138 80119 
65838 90989 
5111 87738 
25583 45924 
2617 9869 
12673 57886 
28403 75106 
30109 75086 
89929 49825 
6580 35838 
97412 87618 
58084 63953 
97401 86194 
40931 88843 
69152 83721 
37413 20810 
91139 86869 
92086 11309 
63285 86151 
21394 80417 
26836 80694 
52294 99300 
58263 4197 
6529 74168 
26194 16566 
36425 90018 
91091 1620 
35300 37416 
96220 90263 
91048 63630 
45475 10616 
24938 60604 
88663 51905 
59384 26612 
38123 17235 
88177 15837 
21870 31915 
80625 20713 
37955 68617 
37032 15542 
12299 48390 
27167 26721 
78004 77466 
85601 84862 
87989 83761 
8242 57138 
44757 24124 
92915 54404 
81222 43639 
93487 56922 
54714 81656 
11848 5007 
22666 35738 
34946 56431 
52924 14333 
35104 21151 
84247 31754 
91046 45715 
93265 24889 
54293 34661 
43026 113 
81035 64286 
85232 50969 
73117 65337 
63346 22454 
23414 25521 
17008 36129 
40684 90153 
19509 31753 
36881 19823 
89568 25805 
95950 97676 
6254 34976 
7287 65694 
21595 63622 
39326 9324 
9300 8149 
49138 2853 
9962 88448 
72448 74130 
33217 76738 
15144 46544 
55564 57570 
72138 68625 
8895 19224 
32341 47167 
89242 46394 
89563 58508 
27875 56774 
68293 24383 
57581 59 
90612 3721 
75807 16888 
55897 69829 
53344 37342 
78506 13584 
62295 83923 
30303 37579 
308 32265 
64656 83620 
69414 74372 
56464 66499 
27259 23778 
78787 70725 
66134 99799 
50835 3633 
90926 28916 
34335 88306 
60949 5321 
25728 22759 
32612 59823 
90149 28043 
89950 96515 
9855 57263 
78285 70025 
74494 39903 
62627 92657 
23558 91461 
16898 80351 
62388 27058 
12652 69174 
12246 79515 
16706 59889 
22276 37338 
25917 77201 
66564 86091 
64341 62366 
73065 57872 
43088 53133 
82800 67880 
36414 43348 
17532 44534 
58947 56068 
42040 40146 
38407 8646 
43116 42869 
65777 96023 
11611 97426 
70621 69317 
6120 82106 
13064 40823 
97295 82527 
5950 3659 
40336 48922 
80780 14543 
99855 22959 
89241 51578 
56094 72585 
88515 25405 
54380 78950 
93004 91735 
20774 78122 
87712 86012 
55959 72179 
89251 76841 
36781 89149 
9288 13814 
206 89367 
22209 27513 
58002 87012 
63893 24694 
92157 79871 
91692 10067 
10760 57869 
17080 57566 
2042 91414 
81885 48645 
10285 84354 
86644 92881 
71452 13102 
95309 47062 
88714 63479 
34410 52914 
98422 19859 
76740 20772 
75633 57394 
49717 96750 
54945 37430 
36831 64333 
97187 8655 
46878 47832 
15423 72079 
10224 4765 
84755 76652 
23874 16979 
99580 74139 
7895 16206 
9229 76808 
54553 8764 
58349 29545 
48520 96225 
81891 29228 
11596 24130 
56256 98484 
78608 29220 
87923 48399 
42513 97148 
28797 45326 
16180 87259 
43544 30619 
45945 28801 
18350 28947 
77751 43778 
92814 20764 
20520 5690 
17116 47608 
73391 513 
85099 65056 
83554 16540 
70615 57519 
79619 53063 
99223 81460 
81833 4416 
20256 9228 
24899 45474 
5329 4354 
41769 17523 
88479 70989 
47512 89228 
80448 85118 
31172 46486 
35011 33224 
10556 47040 
18803 55275 
29925 61006 
37728 13252 
83854 6842 
2865 83825 
31810 83773 
76649 4399 
27519 96350 
26170 85418 
24762 64534 
24584 38636 
36963 13607 
83914 61006 
21812 42205 
72932 56904 
34087 73885 
72345 77607 
39985 7917 
46170 6235 
14455 98343 
62970 18834 
49417 6880 
83528 7836 
85175 94832 
42580 62812 
39964 41975 
91373 65266 
53291 6230 
35121 69149 
77556 66939 
94819 6846 
49431 26712 
46425 81573 
47575 82050 
42082 81443 
96468 11324 
97815 77898 
7511 70207 
40086 51773 
57997 29278 
39587 23947 
96176 36274 
24838 54357 
26342 36334 
60417 13081 
71719 37604 
95100 20281 
34907 66676 
33669 97967 
75735 18614 
62856 75882 
4600 69667 
66648 46226 
45710 87314 
99096 67524 
59123 41871 
43806 76617 
23085 96676 
78447 79588 
68870 29738 
79909 57367 
29191 18729 
51135 39819 
8219 3340 
24193 73325 
6332 24279 
95830 31178 
35968 26545 
81510 93546 
46270 6144 
31861 54334 
33696 74029 
41498 95970 
53393 8786 
94332 9934 
61794 70507 
31774 30826 
14815 52238 
650 94799 
17951 52578 
36172 29402 
74685 63215 
61980 31181 
7856 78576 
44046 89825 
34965 51300 
18145 73224 
62871 36812 
21644 96485 
29946 93098 
99484 59767 
64451 27606 
21579 54756 
46767 12237 
44186 7637 
60079 19492 
71408 47643 
89200 68124 
24610 64559 
80469 4991 
7324 45996 
6968 91336 
61123 65840 
92816 6339 
44005 28940 
37864 28533 
26944 63952 
49852 6567 
96598 96156 
34935 84798 
72534 25172 
19467 6317 
95890 78655 
75994 76280 
23044 12397 
4684 31785 
62652 79680 
77728 31037 
27317 98300 
88721 44189 
32192 2389 
61670 972 
61989 77943 
64932 26142 
45125 45947 
44299 72744 
19183 75013 
36379 45332 
45367 76678 
48526 90558 
31314 60795 
94810 20884 
51391 5904 
58848 28711 
11538 30043 
13797 42819 
91734 31129 
67416 76795 
13333 2885 
15807 19970 
20794 22197 
83305 25435 
37754 46891 
97975 56772 
55912 59063 
2226 65473 
41859 38463 
26334 84304 
1776 52831 
58965 38468 
26831 7676 
33281 95972 
53140 6680 
9817 1411 
9311 35705 
78028 63232 
91894 98340 
17252 93552 
4449 98999 
54821 31739 
19488 90739 
34122 18215 
74209 79324 
58682 23307 
90729 2475 
9632 77506 
19414 83820 
43443 94083 
39966 94751 
64373 22799 
19071 44216 
31832 24314 
15685 56404 
6664 8885 
45487 89349 
62389 40108 
64514 93689 
87473 64682 
8681 10106 
82968 92566 
30677 56431 
16191 18401 
8616 60959 
25585 44695 
61887 57215 
84507 40038 
98769 67214 
22399 41465 
37713 65229 
70671 89114 
89546 32111 
47566 63440 
61432 81420 
21394 80519 
45067 62942 
94750 89324 
81367 26591 
33654 6385 
51826 60291 
25050 17865 
32754 99083 
83683 76844 
62759 39569 
45104 24461 
16132 83692 
75389 67597 
45207 78968 
149 52892 
53274 18441 
5485 87149 
86327 12968 
91784 67553 
86684 50871 
67585 1638 
34428 15567 
55221 16579 
13671 40477 
42546 80107 
79781 42333 
55773 81260 
71014 88928 
47299 48154 
3394 25456 
89359 12128 
11228 4728 
39463 62811 
47283 40923 
96778 77113 
36467 33934 
99976 46568 
84745 91948 
26529 72155 
81053 13599 
41041 43423 
94159 77827 
5934 69665 
58667 29556 
11624 84855 
64815 42321 
5338 5226 
15204 85202 
97788 78593 
88305 20739 
5145 27915 
53326 12907 
40127 58098 
13980 29849 
454 64659 
19696 84706 
15551 55632 
71984 69748 
3072 73986 
70954 3898 
55708 86799 
92402 31856 
25656 89591 
59402 84202 
99294 59468 
74008 32148 
57757 79081 
4454 48112 
522 44954 
81157 13782 
68532 68313 
40844 1085 
41017 74350 
72315 88261 
95886 6696 
59608 63201 
17397 47905 
88757 9259 
6813 73866 
82875 64953 
1815 70331 
56938 98273 
38699 53103 
38452 38782 
97713 49944 
83063 66213 
56354 21906 
25252 63020 
38074 24508 
43362 96 
84537 35095 
85547 39865 
98418 1695 
98589 8973 
745 837 
25098 14043 
21817 27033 
86269 48230 
98025 75001 
47137 63786 
78195 17249 
69191 66402 
52575 24203 
91256 20770 
5178 21884 
43681 43652 
55907 32965 
93193 661 
2755 1078 
36157 16038 
96327 55351 
6535 50896 
79026 32412 
41489 4721 
99508 36488 
52361 47353 
69286 84704 
81677 94254 
62916 54356 
87840 96540 
75730 21640 
88368 29088 
43850 57238 
9786 24955 
30 23139 
37712 22435 
85875 97218 
34204 62240 
66057 37337 
91095 96635 
93397 85126 
17832 49791 
55008 1087 
20246 99165 
89167 17314 
12698 31452 
214 91856 
20244 63422 
14449 49648 
69700 7930 
13882 98918 
38936 8437 
56653 19126 
32243 61583 
43039 26734 
76283 96648 
14171 38489 
85924 83215 
76960 68400 
32150 93872 
33191 14231 
55304 57519 
53318 12065 
6053 633 
76265 63397 
63765 88810 
35343 68202 
77388 48957 
7377 29552 
97478 73687 
57252 30628 
19642 83813 
3288 23321 
39495 52264 
60205 9158 
27111 73299 
25930 37882 
64976 94618 
66066 96790 
57649 16752 
15597 14812 
13574 4083 
61223 59304 
19940 44892 
89715 60668 
79988 44037 
87749 60172 
58839 31165 
56947 39697 
88707 19827 
64143 58671 
17264 58404 
81406 93066 
43946 72462 
82947 44077 
78188 9965 
56728 60007 
70808 65720 
57484 93852 
15223 79474 
74794 1255 
88673 73317 
14986 68689 
5318 18316 
98836 50183 
82839 97767 
58390 82331 
82095 65028 
75727 42021 
65423 77572 
44044 9033 
33323 25710 
47189 96541 
41549 64402 
47617 16575 
71064 99614 
44704 54610 
21817 76881 
15455 37703 
27987 69052 
77887 93999 
47102 62638 
23662 17897 
58384 97743 
51091 74834 
16661 25252 
92163 2356 
47390 6770 
68004 90080 
35594 97741 
26029 50083 
56932 22256 
9000 21459 
22660 69224 
81308 87973 
61910 13930 
91030 26173 
44461 96414 
77647 42781 
55148 68699 
44789 4846 
67024 56560 
4961 13877 
24605 68376 
68948 26058 
40777 23502 
96414 74659 
31375 65717 
46210 7865 
59958 73459 
64989 15531 
41999 77879 
30950 81706 
62446 52208 
25891 66329 
93580 41469 
43206 89070 
61053 60280 
52074 61088 
95248 98304 
28800 86334 
22280 37827 
35135 33036 
94467 6042 
70333 58141 
33556 55786 
48860 52716 
61705 92795 
58834 64732 
24972 44995 
37670 47112 
71990 99902 
60833 73595 
36536 19896 
77249 62683 
86864 81970 
40599 50854 
46953 78456 
79603 60192 
65243 58344 
22346 12756 
4947 84964 
39833 54211 
56710 35138 
2134 62675 
29150 67337 
46874 35207 
55750 41967 
44262 63999 
67568 85563 
5470 37092 
20445 52527 
21894 24312 
32627 52950 
41655 38127 
84143 83159 
86710 91249 
52845 16790 
88998 8074 
13617 88531 
77312 85413 
7113 30101 
77884 39483 
92232 98601 
1195 20757 
32620 71083 
75090 26011 
31629 65969 
50002 87809 
22434 91916 
45936 75650 
40458 17788 
32869 135 
53749 3562 
36252 71776 
3645 31360 
37601 29435 
12822 28187 
96450 19889 
50750 77559 
54447 79655 
7610 75873 
94957 42945 
16887 1220 
22257 75513 
84123 27228 
93274 13168 
24762 32649 
81760 65821 
87508 28560 
79925 33238 
41316 49366 
45752 67003 
33890 31248 
85572 4735 
87503 32257 
20950 97197 
83962 31943 
26542 46737 
4714 85240 
41269 76320 
34372 95246 
49058 52466 
6361 12622 
97310 92510 
67889 65515 
71414 96861 
68147 73248 
71797 60313 
28392 99412 
46377 32978 
35515 55624 
15755 21014 
11677 75862 
91072 40108 
51823 43116 
25177 60514 
88111 65047 
56623 11497 
35734 63396 
2946 45117 
98144 63082 
34808 94566 
61344 41257 
15793 650 
86689 24005 
24000 21510 
19576 98949 
81039 85279 
67398 45737 
1656 93186 
64338 73162 
42898 31425 
32834 91639 
75623 4163 
71969 42820 
23095 57173 
51574 54311 
11517 21826 
67493 86797 
55583 72557 
18238 93275 
58460 57440 
96185 15726 
40107 31112 
47476 3184 
20415 92049 
43977 47020 
74387 2093 
27914 94190 
45413 45101 
35209 17247 
49689 63740 
77097 91124 
29905 98703 
61249 51018 
19547 42985 
63411 83115 
60541 15383 
18491 30506 
76394 51993 
86038 80297 
40611 12253 
59255 34751 
95888 96927 
28927 59246 
73426 79472 
84094 42884 
33672 59320 
29815 3784 
99913 55884 
29029 20418 
84356 75463 
30311 72781 
12672 99739 
26232 32739 
37475 64173 
98053 51624 
93773 17371 
41666 54938 
90189 78361 
36958 68958 
48555 37740 
18198 72140 
1497 80763 
26579 85367 
32694 45712 
77704 89441 
97728 69249 
56589 85622 
94803 11983 
60680 95626 
64061 2080 
47397 31141 
81831 82527 
6879 49783 
81873 98520 
72926 54301 
79527 15462 
5475 84970 
96638 15180 
26557 1240 
85235 78225 
68289 48070 
26177 23498 
96258 54797 
35285 42951 
4581 19966 
44011 38734 
39919 94222 
34241 42932 
929 85201 
97577 75877 
76896 73298 
58287 78071 
34697 45228 
46085 32851 
36798 23527 
29993 82191 
74635 94427 
27773 26418 
31515 13999 
86749 90120 
47095 3004 
91328 31155 
41511 24609 
90115 67419 
71406 75923 
51241 96914 
32397 14244 
48373 90663 
92899 82010 
51858 45137 
42802 90585 
49519 91141 
67121 72374 
49892 69428 
9551 13179 
26986 99897 
73740 32275 
50169 90771 
21170 86394 
5352 56977 
63650 35588 
54365 42783 
15737 23926 
98299 72778 
67815 96004 
7502 87390 
64081 91478 
56088 54405 
21346 34106 
51970 86326 
4370 59267 
84825 34906 
81330 4457 
23847 78833 
19069 20980 
84761 68286 
41940 51846 
51262 40961 
70321 60848 
79927 78190 
75327 90839 
39596 26859 
34733 75447 
36331 73149 
51816 27750 
53261 17440 
3606 81895 
91011 66267 
17919 69214 
28833 26821 
39619 69063 
39198 62254 
35685 86453 
79311 41920 
5967 73452 
51855 99690 
11898 29427 
74257 95608 
8999 86384 
20857 61408 
70642 9964 
5583 98794 
20341 24123 
54085 90886 
47744 98047 
73761 81856 
69536 17599 
67688 77553 
10619 368 
54212 20778 
23222 3343 
47788 98871 
32020 15319 
28639 48418 
91840 22302 
78891 32120 
71226 83534 
91080 76267 
29915 58155 
61264 73740 
41162 78140 
63436 77109 
20913 71780 
64559 29149 
64986 3850 
80240 3962 
62678 13508 
89923 60914 
50652 99044 
27443 45704 
94493 19814 
37894 8167 
36956 59968 
44973 44752 
31752 26067 
4317 15159 
89593 31208 
27830 27213 
99277 52004 
51565 31843 
50739 31561 
85497 20871 
79289 41542 
27322 74370 
70662 9465 
44418 61419 
15045 63598 
28200 58401 
74894 47103 
3310 12317 
36166 5529 
30447 43115 
45465 57345 
76093 48673 
96665 15850 
35023 48803 
19725 42657 
82171 80533 
41688 77869 
99296 35951 
35270 10119 
68863 15969 
43997 20877 
52636 58689 
74472 61691 
75727 89364 
76186 524 
18166 30503 
87149 3871 
75552 5273 
9682 5049 
87934 65099 
94881 45890 
51782 73266 
56503 68965 
23782 80310 
5487 80571 
97136 34122 
94828 883 
81162 77941 
91178 67005 
43197 2792 
44369 57077 
78178 37432 
8906 59180 
55719 78490 
82575 17457 
57117 86240 
66422 49702 
55442 97337 
17672 45581 
10720 34829 
62558 22756 
49153 27916 
59565 39339 
70488 89147 
55253 35434 
80784 35153 
54614 3970 
79258 78503 
35826 71587 
37293 62902 
75293 4030 
95335 61709 
13033 37327 
69109 10625 
80761 75964 
435 99402 
35403 92331 
9895 4571 
89349 7925 
8711 5415 
5376 36081 
5399 88817 
28982 18472 
99125 15099 
63769 93178 
86160 86598 
56557 90791 
18426 33495 
48064 66886 
43836 7280 
62280 44083 
27014 51224 
53057 55022 
95909 99399 
99997 48754 
84943 41001 
47362 47358 
48554 75128 
9512 17057 
328 72670 
24307 48655 
92406 56590 
21925 25810 
87430 9633 
90717 96484 
91029 19381 
64000 52848 
6688 74569 
22115 67969 
46817 33713 
2576 33843 
83937 97350 
37849 94589 
54113 28566 
95036 71127 
31121 83017 
74667 29184 
74312 29223 
36861 51169 
15722 62734 
62238 34311 
92701 43598 
22269 52335 
51203 15584 
29169 86077 
41812 97741 
58961 49586 
5717 74126 
92992 12602 
1049 45907 
2995 47738 
51344 51575 
12668 11244 
7364 5581 
4798 99942 
1133 53524 
7112 13735 
36724 92853 
82326 93009 
6210 62068 
68254 93361 
41170 58530 
62408 6226 
10208 5250 
22151 33331 
51198 50384 
56258 75318 
83298 49704 
16668 473 
78251 51904 
60204 18163 
83088 79379 
39251 93403 
77083 72978 
97623 3942 
14635 48258 
93285 59294 
52750 92862 
43118 72332 
86863 19936 
86585 98411 
22008 80843 
94937 34392 
87631 31966 
10502 519 
63876 44992 
86653 11799 
24728 47858 
13184 82338 
19131 84379 
54135 96045 
5062 84617 
95501 20158 
23496 45159 
98803 34264 
49295 28722 
83146 96777 
84299 5911 
13200 73307 
64207 78419 
53422 6883 
35355 42619 
59887 18724 
20043 75239 
20253 90036 
29843 48689 
19680 90279 
5111 12618 
5906 85387 
55946 10398 
50252 80652 
54904 34510 
52964 27261 
85015 63148 
21095 48949 
77996 61895 
55044 25768 
87020 78940 
15884 5691 
25998 10055 
9803 1566 
73068 60437 
18237 70888 
79816 84524 
22710 68917 
49732 42018 
21899 11866 
49503 68598 
15142 86190 
94975 23213 
31360 92472 
9945 40290 
15284 17931 
90429 84906 
43926 90306 
19665 81628 
35369 77662 
69787 63700 
29258 63615 
95007 68183 
63770 45535 
68084 84830 
47388 74490 
36953 51717 
25449 79984 
81632 79019 
71240 16 
32857 73847 
89300 67524 
73363 33669 
4662 87999 
80350 73606 
25875 79828 
83361 53771 
11987 38926 
5685 76804 
44032 32222 
29337 32931 
140 20792 
73787 80063 
60009 62752 
6822 59899 
19307 48430 
12276 67439 
77437 75947 
23834 10994 
73176 83995 
96721 22496 
81818 20429 
29790 3811 
54776 40238 
69403 23748 
77975 94506 
23431 12609 
48921 93201 
88842 36338 
23993 98892 
49522 70762 
67274 35999 
32360 37859 
40166 80693 
19087 10671 
7055 30293 
98938 41199 
96465 37795 
12964 16515 
49403 37131 
84644 2310 
7046 77808 
53418 90255 
38405 33775 
27885 25779 
85309 50688 
53598 56254 
6810 48160 
46763 6101 
38023 99194 
79606 54922 
39454 67629 
15785 67548 
2040 96312 
84920 772 
90386 3582 
54201 90506 
52108 63786 
1963 5277 
94742 18676 
23244 37196 
33297 90904 
569 89919 
41361 48232 
54512 14649 
96555 97674 
48116 39814 
97160 72460 
56791 37840 
40920 11524 
31091 73321 
99298 21179 
73557 80856 
90878 51688 
22851 28004 
56127 17644 
88437 29007 
62416 40390 
7349 88358 
22961 93131 
888 69758 
96261 84992 
93586 5668 
43664 28926 
19369 85374 
61821 232 
80564 85414 
74088 7351 
44260 35173 
60367 64697 
57489 42600 
28361 78466 
37799 40275 
80941 30669 
49009 50390 
14051 74099 
3301 8742 
87527 31491 
40237 32468 
47223 25830 
20936 63983 
40995 55586 
41333 74479 
63397 68582 
12305 64342 
84326 81279 
76412 54972 
65422 36452 
31113 26739 
44646 91544 
6531 21213 
74296 82423 
2176 92257 
30577 12846 
21542 60272 
73927 78607 
56046 96571 
28418 47189 
60553 40772 
65867 78643 
31512 33113 
25685 91529 
45781 25682 
75030 48906 
43239 21853 
15506 63690 
39555 81561 
72401 160 
36824 21589 
60406 78911 
59230 34625 
5766 76298 
78521 48649 
18981 46188 
9790 49047 
54468 81807 
51904 89880 
63991 78524 
18896 27859 
49213 54599 
58739 22817 
45379 36255 
84140 61868 
22926 15857 
46326 80937 
76727 47570 
67294 76964 
83697 53523 
8575 26870 
48684 75378 
95284 55207 
25808 21076 
33089 21467 
97858 24662 
52691 30102 
19874 58242 
91513 1617 
84702 9454 
75516 81427 
48105 65277 
95409 4699 
58909 23577 
80989 80031 
75710 87452 
64945 2560 
15825 84297 
93193 57973 
74448 91403 
82636 32916 
72397 43019 
49246 4398 
39355 39959 
29420 41058 
16183 82170 
95834 12546 
64660 97117 
25328 69756 
5922 42411 
10842 28284 
69895 19780 
22023 60259 
27193 49322 
9852 75535 
92224 17913 
19454 52271 
31668 33690 
22283 59027 
86009 89758 
3912 95797 
13490 64551 
46927 69717 
95619 63737 
29743 12759 
1274 39123 
21650 43304 
92506 3696 
91980 71253 
69258 98770 
67027 47221 
92560 59128 
62172 60360 
96115 65139 
88677 96477 
94759 67004 
84664 78383 
24943 15605 
48058 23766 
7129 36875 
55596 72413 
2955 42177 
36488 54210 
51029 75861 
31897 92110 
4364 62992 
12167 60150 
59785 35187 
42518 45586 
65009 80547 
84955 96349 
12672 84895 
99196 70286 
82208 5802 
58675 41020 
70279 48378 
28995 56763 
58379 92307 
65712 93064 
2250 53376 
75894 88214 
91920 49475 
53659 896 
23448 81071 
43696 83706 
43891 29159 
8801 23268 
79520 19928 
77510 57939 
33984 4669 
26168 47467 
47910 55917 
6087 35476 
44322 86358 
60961 15285 
45320 55755 
92261 82303 
34590 42934 
21083 32149 
57637 24825 
63768 42622 
97011 22633 
85561 59798 
33346 46380 
21714 93767 
4697 93387 
58620 17911 
6435 33714 
48942 57133 
31869 46134 
94166 45056 
39819 51903 
65582 28000 
49485 30415 
50464 94370 
5295 90779 
4031 12161 
24772 16384 
59749 64347 
41036 95773 
652 82226 
78193 2389 
22560 90139 
52654 88266 
26429 91505 
76350 12252 
61546 45738 
48826 32080 
3867 8350 
64356 51392 
94526 32457 
27532 27773 
82396 58863 
66167 15938 
11545 54079 
53881 41353 
69534 90837 
6425 73962 
65721 4073 
95570 99062 
40094 96846 
32285 62980 
12619 15275 
6986 4882 
70683 59359 
38783 72859 
57946 47402 
77949 62380 
71765 5766 
26227 8271 
98303 12823 
88142 7555 
14562 86219 
43149 49836 
64789 65941 
33209 84311 
75043 12176 
93323 58092 
4203 6610 
13571 19207 
42277 18523 
10370 89435 
57610 72953 
1949 77125 
63416 37190 
28455 18165 
21055 23985 
30621 4485 
22564 95130 
2611 83791 
98163 37425 
64429 91662 
75818 74562 
57184 7715 
79418 73091 
50553 11233 
89712 98366 
65930 48458 
7865 77272 
61053 13712 
55374 28525 
92274 89553 
16013 28459 
69225 87386 
75618 90496 
43244 79248 
43702 49830 
25746 13927 
47274 61408 
15603 66172 
71695 38882 
25664 76387 
85990 84975 
37685 83 
30773 89596 
82221 1242 
65796 1011 
35465 91861 
71075 7534 
48531 41113 
70683 2449 
76353 51869 
1482 43243 
53141 29806 
80463 57741 
69266 50834 
33775 94374 
40470 66319 
38183 61536 
24450 72380 
91364 51898 
32163 9441 
71347 1527 
1607 51367 
67328 90804 
50356 89603 
64227 54361 
99812 17157 
41553 30687 
68883 69606 
3509 48490 
67758 85965 
91716 16595 
83430 10875 
44563 56868 
37828 71430 
57893 95545 
16660 26880 
70580 7378 
12523 7536 
45550 89083 
99321 30354 
41857 23882 
56751 3047 
76687 87290 
93343 5965 
57488 35777 
74498 71574 
23893 14621 
47966 65069 
76731 18957 
73399 6425 
87090 42963 
4878 64195 
72315 56074 
45717 94377 
97718 52309 
93415 93890 
12949 28971 
19250 87512 
60137 64437 
81811 69575 
97306 81199 
56686 77258 
65009 99981 
75529 81056 
86742 13496 
6917 39767 
34418 34290 
78683 82316 
9014 121 
36818 46788 
83507 52460 
59567 28238 
30273 38934 
97030 61155 
8388 28938 
86311 89905 
17582 73117 
241 61049 
35091 82077 
23667 5104 
39240 47414 
15493 62160 
89323 79043 
6962 45682 
75169 86802 
7020 31901 
71799 91459 
34210 8402 
34626 10459 
71144 14808 
48911 27180 
42418 60925 
3520 18934 
49743 13267 
93498 88583 
59087 99567 
68582 17414 
23795 92712 
35490 32773 
44934 470 
90670 62966 
15524 5433 
7183 34088 
68844 70831 
24458 48648 
52669 52130 
92919 74294 
81077 31825 
6793 62388 
73374 25364 
17926 10863 
75727 89859 
60969 83510 
75231 4034 
36097 98729 
58470 77815 
89192 4810 
36980 93033 
1460 65895 
60608 72895 
50503 93059 
66397 27205 
33118 68311 
65415 22738 
46423 25832 
52862 83771 
8408 74380 
37816 36426 
61574 67557 
28148 72333 
44068 54515 
73410 22033 
31570 72664 
63928 96627 
50149 76107 
7843 77358 
35407 28732 
59525 7139 
66463 29323 
52561 65469 
34653 77522 
98418 88748 
16323 34102 
47949 31715 
6673 76794 
77019 52512 
37328 3753 
49876 43844 
44179 90781 
34238 25770 
73986 65539 
90658 61847 
18356 22233 
35350 59659 
41913 63647 
80460 69208 
27834 23901 
88683 98230 
98394 94917 
40144 22154 
80770 52370 
98636 78270 
79056 52740 
81590 98592 
82314 52115 
83553 53989 
85435 79503 
76500 53330 
24707 82682 
11956 65706 
33181 52978 
79691 11260 
2299 26883 
35663 96675 
95697 57040 
97914 55118 
98731 42886 
23300 87194 
2940 12112 
20193 89472 
18566 48111 
22731 136 
80184 65720 
50716 87583 
60614 47794 
5909 57041 
36492 68554 
10284 52766 
55242 46139 
74675 88914 
37662 86425 
97333 50903 
12908 2929 
31013 70864 
23428 23501 
24555 95751 
56203 23490 
40284 34731 
53656 57229 
72122 93668 
32661 94910 
40947 78835 
93332 10317 
23532 79422 
30601 6386 
79289 18993 
71078 10173 
75101 99703 
45271 16603 
72671 49943 
70985 11196 
35099 25988 
67550 56032 
29821 11310 
42507 80298 
53568 3401 
92486 77034 
81670 77269 
38208 71070 
48814 67208 
69932 89664 
1264 14027 
14097 36947 
21611 83577 
44536 46070 
16254 74280 
52347 58803 
73113 96260 
57364 61362 
42491 22777 
91136 87334 
67507 85829 
6415 83866 
92236 12134 
71398 25637 
5407 73105 
88290 52629 
35496 53043 
35237 2375 
99016 23425 
68294 5080 
18016 48006 
35773 10908 
65067 33385 
51219 22736 
64420 82746 
43182 14791 
76559 6698 
50086 27843 
20044 94426 
56706 45027 
39303 50821 
75107 68834 
9955 60832 
57387 39466 
84294 50960 
90139 57510 
18679 79633 
61299 99731 
91929 3140 
8877 45826 
19157 31892 
58033 66084 
89077 12930 
28081 55166 
4436 48945 
44214 35592 
85025 91510 
20075 96014 
628 26790 
86811 74017 
37316 5680 
31798 40899 
64625 57147 
75995 96794 
63483 63490 
62675 38503 
95112 69301 
52329 19496 
39715 42093 
18556 81841 
10381 1890 
18040 3184 
52447 89500 
64018 68375 
71460 48774 
67148 45026 
93910 56841 
20261 14978 
54083 48111 
94212 89573 
17644 42805 
80897 15626 
98001 8809 
66464 61090 
94994 56874 
42866 54713 
87167 93463 
69088 42320 
38605 33012 
74776 13873 
39295 1943 
58424 50098 
83932 50430 
69907 35212 
8324 24762 
82847 83166 
44776 43087 
56157 28823 
28283 60360 
56092 42618 
83869 4553 
60195 37499 
52095 15457 
92804 50342 
64518 19883 
48083 96506 
63819 32609 
41048 15859 
74327 81137 
89635 51331 
67852 14105 
71583 26945 
37005 68189 
18779 21280 
83604 36347 
8631 64432 
53293 1474 
87190 21826 
99170 73864 
11929 66572 
37002 98290 
33444 83593 
62500 77084 
44821 93365 
37198 89328 
14991 30867 
13595 73012 
88157 66225 
62540 77042 
75171 7522 
86240 82961 
84763 83393 
48786 42518 
42580 63264 
32792 76466 
24252 36478 
35485 32470 
85017 38064 
50529 5527 
2935 78510 
42873 83018 
65300 7687 
13095 88325 
18602 18916 
64986 61873 
71208 78203 
35534 36542 
84944 45784 
20000 35577 
16817 42363 
26444 45433 
75369 831 
23828 93447 
37489 35741 
5764 90791 
30982 57441 
77972 84845 
25793 55532 
91704 1945 
92509 77189 
87662 51429 
80610 29888 
85341 4920 
40904 45215 
51288 61025 
66693 50685 
6390 54923 
56428 9865 
87137 74750 
6956 7627 
58667 2275 
30957 76963 
88468 4037 
54735 86548 
28769 60936 
93277 34133 
22916 39204 
18318 19837 
46469 73770 
32149 5539 
17264 56193 
34979 1845 
60361 93680 
26892 62439 
93583 33138 
16802 7188 
7250 24764 
20257 39950 
47762 33393 
15556 74822 
78827 92619 
93368 35418 
86443 36654 
78879 45794 
14118 37954 
27472 88758 
63378 24836 
95045 67539 
71249 52629 
62286 70196 
81214 54324 
48579 2640 
57014 2284 
85692 25761 
49742 71248 
33979 4921 
17798 4673 
14562 55949 
16601 51426 
99820 50769 
20325 57872 
51450 27935 
11475 71615 
20498 38584 
75797 37476 
26955 46724 
69775 43694 
17883 94235 
85891 6947 
62484 35641 
26853 68450 
80146 45421 
14172 10230 
13206 1535 
98728 90579 
50026 52826 
11402 40808 
75950 85103 
90366 61560 
79802 10953 
48292 6304 
71818 21715 
97525 42034 
75237 56544 
34184 32796 
38272 63139 
93164 334 
75754 47448 
25204 77974 
90476 35542 
14454 88804 
43125 99863 
50379 47279 
36635 34176 
91394 4549 
55915 96807 
9255 32170 
57117 80125 
83050 66247 
31964 5741 
19511 14657 
82117 89513 
12431 63688 
26177 68209 
18105 7237 
27625 30557 
16025 61651 
75861 49404 
44447 22380 
74465 68861 
48997 64777 
90910 60533 
59133 90707 
178 26335 
12080 75083 
11074 91893 
76745 71984 
98505 4143 
91167 98734 
77597 19530 
16231 28098 
46236 45046 
25613 83746 
91474 73379 
97395 52137 
2202 35563 
46277 95233 
55611 79777 
36990 72717 
48160 73312 
49310 59854 
23136 16240 
22953 77708 
6351 49939 
96707 36093 
99135 41387 
70277 26483 
93482 25015 
59636 92021 
68081 87911 
87057 44847 
95915 91301 
45568 97168 
44218 31484 
4200 21770 
75810 56768 
75210 60164 
67158 73486 
47343 52083 
43002 93755 
272 68765 
89977 448 
54467 94258 
52374 30671 
78072 13929 
32055 8101 
67748 37433 
11482 86615 
43998 4570 
93936 2925 
53135 96803 
8217 74318 
47845 4625 
56469 19075 
26201 81534 
93245 21795 
45041 49094 
11506 13600 
87747 4327 
77018 88081 
58778 20674 
96401 27815 
97709 26786 
26097 73474 
54060 93635 
29606 27740 
40861 59716 
68566 49646 
89691 76584 
69598 61488 
62833 62508 
43304 60023 
39212 10748 
44426 96493 
79973 10736 
52867 65832 
96804 5427 
24136 24464 
91549 26117 
4768 38194 
9176 17243 
33331 46968 
47824 87970 
50894 21659 
99453 4843 
26146 79517 
52508 70317 
59850 19579 
74071 15686 
70898 37066 
3106 73763 
81978 76693 
28710 86553 
16671 88796 
97682 46303 
91828 59337 
94263 64427 
39108 95086 
61548 12186 
17839 58651 
88877 79386 
87675 64559 
72399 52987 
94002 67181 
67059 26135 
81662 94090 
87403 10018 
93261 4273 
81884 35832 
27185 79675 
772 2232 
27434 90632 
1300 44849 
52454 11040 
85319 78740 
23399 97461 
44569 92096 
83578 87893 
96521 50107 
10331 20542 
29836 1557 
8170 20697 
42606 67545 
77738 54681 
48856 31682 
99007 3870 
49175 44156 
89072 68878 
9895 98269 
95037 74284 
71884 37364 
60683 7634 
14814 2481 
61965 92973 
35679 36678 
40867 68776 
61348 20629 
79712 12920 
4135 25913 
48794 33189 
86617 37382 
28996 20839 
7378 14033 
58064 46856 
92852 29021 
74305 65813 
82134 53742 
34665 80583 
21387 28395 
65537 12707 
2403 91955 
64097 17809 
65897 28209 
5550 83225 
4279 21317 
27432 45889 
40932 4293 
55914 72514 
33440 26881 
11067 51242 
46735 65482 
78113 54199 
68805 47105 
59938 43746 
96374 61763 
32466 11748 
893 93301 
8973 60792 
96202 7314 
82041 59049 
68390 96677 
52525 26356 
95661 83 
73814 38086 
81437 77118 
36578 65511 
47435 44549 
94352 6624 
85160 52833 
83472 99747 
43985 9303 
22275 53773 
41960 35029 
83917 73506 
21470 76089 
24768 6330 
36070 76734 
16073 87304 
47071 61949 
70410 13790 
28900 69917 
76443 37854 
30740 21109 
55582 24919 
18688 10053 
32359 90558 
27374 58245 
66717 93771 
82966 72257 
30821 34776 
20458 9780 
25672 78049 
7363 68145 
23455 97251 
3155 74839 
90462 17693 
29257 77548 
92354 14084 
97895 2511 
8654 6598 
49790 74230 
86578 86657 
80453 67058 
45653 95330 
92767 89747 
4055 71882 
99544 87708 
35175 87759 
13952 84587 
78682 82176 
7947 74673 
24152 19474 
89278 20729 
57357 95548 
46176 8042 
9346 30889 
35474 54772 
76737 1189 
44707 81173 
87931 72919 
41652 95759 
74467 30965 
35789 65241 
69316 8126 
15344 96848 
94653 52181 
90839 76570 
20464 95214 
71509 74974 
72354 22034 
24448 53395 
41987 69775 
18044 77626 
6839 29127 
31015 73702 
97265 59176 
16290 40895 
58388 72440 
45009 70769 
41872 94458 
20062 7930 
28409 53149 
40898 28067 
25562 7176 
21721 1938 
7609 79687 
13740 60146 
64088 24027 
58794 72872 
2025 11431 
6461 11162 
3115 97188 
59663 61950 
71641 91405 
74834 27671 
21495 33245 
31842 53143 
41383 43406 
6183 87343 
46170 8598 
21348 5764 
69250 33913 
32805 90224 
75970 84236 
96696 87323 
81336 24207 
6154 44199 
36563 57785 
36015 50758 
8536 63054 
22781 1294 
13832 15692 
20817 25204 
84661 95380 
18057 26442 
37950 73468 
64927 14437 
90772 87293 
68688 5384 
15394 16854 
32095 22126 
55464 92870 
70045 23311 
31195 81815 
20789 48036 
45880 13083 
79318 70920 
68665 36253 
19714 24335 
9228 22264 
40510 59495 
18881 51319 
62543 86125 
49546 62492 
32295 51681 
77189 75223 
35396 95353 
49502 31304 
4740 39568 
48979 47438 
15569 62240 
71981 13102 
95928 26743 
12027 16171 
45042 33361 
1227 29670 
44470 95942 
7640 47007 
67266 40528 
8316 10169 
38955 68941 
57880 35617 
80761 29604 
50706 6018 
70319 90336 
31143 62406 
88025 13404 
40647 1047 
78179 91841 
3344 52006 
43287 17806 
42213 92296 
7123 18756 
86976 25501 
27597 15228 
81709 41886 
13991 25235 
25319 58271 
4795 64603 
81242 25312 
92152 70000 
74055 81348 
36849 1994 
50198 26585 
3790 69146 
17552 89176 
62098 50992 
94402 55582 
36226 87667 
92094 41663 
64907 47036 
27733 88021 
23284 76351 
13315 73417 
90242 94794 
95943 53433 
97714 85688 
30102 48058 
81699 2751 
47459 21532 
65695 13419 
52235 20491 
46485 64135 
10932 62373 
19428 67378 
24033 95040 
75877 78336 
64287 80677 
28839 50266 
41258 92325 
74673 31941 
5062 49735 
78404 97991 
33567 62779 
78141 83542 
56776 95255 
40111 28223 
59750 9684 
60003 21447 
71110 4574 
98580 80799 
88040 9641 
59943 88439 
10660 61591 
69352 56620 
58751 43330 
84178 92725 
22027 32842 
76358 86686 
51509 74486 
57591 49206 
34010 55088 
79606 87892 
4354 39954 
30951 20227 
40673 99818 
69059 87257 
56958 38731 
71735 49926 
54039 15045 
65775 21189 
15240 32874 
92061 11341 
36193 69808 
96270 41460 
59645 98177 
92253 10403 
45547 51739 
31160 84510 
44338 87493 
23558 15965 
57034 93117 
4079 85728 
59594 94608 
98518 9996 
41008 25776 
51888 45353 
54641 31534 
2525 77096 
10598 90274 
42203 77633 
43222 57149 
85064 77460 
72297 49702 
79239 99877 
39150 20027 
34177 72435 
39543 83532 
4006 43056 
94108 3393 
62636 96815 
94057 61886 
29857 90578 
34969 85067 
59368 97007 
4716 25630 
79409 76878 
22904 50292 
84634 79219 
38705 22665 
13855 2486 
81530 20346 
12474 36797 
24736 75824 
70683 47177 
66385 84815 
48949 50864 
53083 82753 
50808 87877 
72969 50435 
79675 83399 
22209 73176 
21145 52948 
5643 44370 
25186 6885 
66746 73923 
23637 69495 
54634 34845 
7623 39688 
26591 57120 
6736 85338 
53417 56994 
57279 81286 
41894 71941 
20387 72293 
13742 56846 
12505 66500 
83686 85282 
40490 42393 
60566 91306 
91500 82876 
54937 81785 
13892 33696 
14166 47055 
39494 20329 
21784 98573 
39898 47325 
91682 66228 
79850 47231 
59713 95108 
29332 42367 
25375 91788 
22588 32044 
24450 83546 
7158 20288 
19846 70468 
8853 54664 
82335 69987 
49678 55496 
95503 76179 
94846 76614 
59938 82017 
72320 53681 
90521 41775 
3728 64210 
97684 82920 
9035 44607 
18570 12064 
99010 83861 
17258 97955 
49317 40953 
4587 55954 
57961 13632 
37545 3101 
23865 19878 
45831 629 
48519 40213 
98880 51634 
54892 8933 
70518 75645 
38262 35437 
80374 38956 
12112 82970 
91275 79827 
88912 31483 
20073 31050 
40408 3675 
75698 8877 
14919 38912 
72720 6945 
50205 58384 
81265 6559 
9625 76665 
64894 90609 
86557 79811 
26879 27377 
67530 8177 
32275 72626 
17967 53325 
98309 23616 
56174 2736 
48814 47076 
10955 43432 
9778 94651 
16144 66242 
82570 13992 
81396 96084 
68985 61399 
92736 10483 
37978 22792 
38628 98472 
17813 53829 
27775 55097 
69312 57071 
63358 2933 
45994 24389 
65111 81339 
75117 86153 
85387 46616 
99988 25274 
48316 81804 
8361 33784 
52150 23545 
34362 12395 
14082 75243 
62092 39360 
4102 90722 
77906 63962 
9847 80612 
15345 12082 
97967 14915 
11781 26561 
89163 69503 
49083 3430 
43853 91755 
81935 26617 
63320 41082 
66921 48337 
47257 93809 
93086 10139 
12738 88688 
80416 50474 
71982 29241 
56504 98626 
86650 52232 
43671 12006 
64962 17725 
88882 74035 
44588 75526 
47034 33244 
9034 15235 
84549 30705 
18185 12699 
4644 32555 
94655 44364 
8298 57108 
96814 52823 
95604 61940 
26587 11803 
81091 35343 
65575 56910 
43533 18656 
6566 19627 
55898 71244 
49148 26395 
44269 78286 
57969 2024 
5961 93004 
40027 47274 
76495 99639 
83494 44116 
72716 81195 
14652 79014 
55037 76871 
71873 64500 
45665 18095 
65950 82389 
11617 39222 
94621 68162 
71447 69180 
5809 5377 
12814 23756 
58860 1393 
14384 34706 
15993 71263 
50011 71496 
7203 65360 
15765 34250 
51011 38083 
61076 22345 
80748 69964 
24123 12106 
21473 23552 
68562 9182 
86160 34625 
93793 76429 
11426 14625 
44179 76525 
32897 67640 
73991 10015 
8196 5812 
34307 74151 
31556 80757 
35705 15609 
48264 35408 
6316 1067 
69386 20590 
8634 83631 
7661 13767 
461 211 
3967 23534 
25475 95213 
90434 62768 
97109 29296 
41072 25814 
95793 98432 
93664 10598 
34079 58157 
87739 85303 
56762 20632 
52585 11020 
33843 68026 
96549 96758 
73020 4737 
94287 81237 
25364 53091 
42145 7106 
82937 82417 
53545 77513 
70341 49761 
95993 62433 
13519 22037 
29276 52685 
28610 44004 
90417 43304 
11254 14241 
85143 64703 
22483 32160 
87898 70058 
61138 83090 
22820 30345 
84786 35622 
96685 84728 
91156 35629 
81433 43243 
357 94767 
98703 41212 
84495 87779 
41704 365 
75770 92528 
80797 60344 
46725 29449 
38294 6087 
97060 83011 
85311 31509 
251 16742 
8871 48003 
60206 25532 
21030 67429 
3272 4173 
33431 63610 
84136 49468 
495 43781 
15521 54759 
42358 42006 
41023 325 
94699 80266 
58067 90899 
96767 29747 
63649 42390 
21200 44785 
39418 73914 
69634 35001 
14574 18385 
6644 87355 
45212 25145 
81219 49139 
26909 91495 
89730 35413 
