87191 51612 
74988 34913 
14436 80205 
99981 59322 
82170 59416 
75188 21298 
44668 38368 
32400 16878 
68174 82791 
45397 6332 
93190 34632 
86944 96787 
76962 9489 
32410 39437 
48619 9394 
29596 95404 
65758 94922 
87299 29946 
95751 30253 
96167 53372 
57633 87578 
84550 38824 
51166 73104 
29351 12072 
68517 15907 
87290 26494 
30960 43050 
85510 7618 
18105 49587 
12144 75926 
60391 60492 
77220 34055 
46919 73045 
72212 35099 
60176 62808 
42565 32394 
86796 34139 
1694 48013 
69234 97000 
57225 87113 
57065 55875 
90683 68355 
88614 3710 
30344 36794 
83680 24061 
83630 74994 
56397 17989 
50228 30498 
63570 88787 
20006 33419 
88320 37204 
70847 86553 
21483 42620 
20670 72274 
43895 31493 
55201 35376 
31577 63401 
48468 69128 
2791 97132 
16526 52972 
1029 34540 
96566 64621 
61239 78231 
23384 16763 
37926 80702 
83041 49124 
83230 7126 
59639 40365 
50713 81767 
55246 91056 
66268 38881 
55334 68979 
51445 52955 
32460 999 
6446 80268 
29495 42017 
60129 4018 
40340 50751 
72614 38631 
10864 54614 
32401 15373 
15699 91454 
24393 41019 
27588 74663 
57827 94082 
85104 39947 
33816 98982 
81874 97013 
1074 97556 
45839 27472 
95350 19411 
50623 41475 
83220 37891 
2725 29887 
34068 86827 
78070 26273 
25485 4699 
39322 23513 
46742 67502 
51431 73575 
2622 69361 
27029 35767 
35609 10794 
75580 28760 
78259 58556 
596 84715 
19598 48105 
87777 49 
19436 9989 
53567 26693 
32754 14845 
78449 50139 
12626 48181 
32157 56121 
44656 45775 
9056 96494 
28476 43229 
31101 26670 
62569 19156 
43039 1919 
7567 40425 
19970 87912 
107 50060 
30884 62067 
64432 73617 
53477 56590 
22180 58252 
15307 21515 
32104 206 
44294 66661 
971 61030 
47574 75054 
94476 20676 
1887 67243 
42728 66410 
30981 35826 
78715 70537 
65889 62605 
70127 67054 
32504 76958 
5010 97581 
87525 13350 
69965 60326 
28626 78327 
15914 62331 
37612 42924 
40974 44861 
76380 35097 
32551 24588 
44632 18597 
1485 69056 
25596 9677 
9947 3956 
91414 1047 
41739 31851 
13387 33723 
88757 27233 
23929 81700 
30598 61209 
6882 91846 
65645 572 
50715 51961 
11417 20678 
85225 43651 
29597 69289 
36449 73472 
46852 19418 
76848 65752 
36413 53219 
18180 43547 
97363 26104 
93047 20408 
18662 70500 
97747 74917 
43183 12069 
23859 82416 
53356 87684 
88878 33926 
84514 74108 
87277 80899 
34610 59069 
22513 6330 
79716 12300 
47796 37637 
23552 43123 
38837 84818 
6259 63271 
45325 8579 
72757 8920 
19567 97422 
54200 14262 
467 60172 
47457 70452 
38985 20927 
86947 48416 
87191 37154 
90809 11723 
37250 48453 
29088 96649 
88906 3445 
5464 90509 
44489 5325 
66033 96523 
78958 62788 
48734 33680 
9201 32384 
65255 83489 
91560 90762 
63588 61971 
9473 80872 
53871 64906 
74176 34830 
92771 7087 
50530 88043 
12358 52211 
37371 64044 
48298 9047 
77140 27631 
69140 51653 
43141 75055 
33584 6648 
54376 54312 
5836 38960 
97747 86075 
40494 58933 
95272 86317 
7916 68337 
40057 75418 
68556 60570 
38860 95320 
20549 91196 
41423 46271 
38620 39024 
7132 97748 
94386 84989 
58097 24333 
98221 46409 
94424 66659 
31065 17549 
2213 19957 
40913 83912 
67746 8317 
63194 97333 
22346 11453 
86839 21692 
81569 72615 
28573 84938 
9654 31164 
96802 2125 
35587 91481 
23436 66299 
70643 60983 
17110 39300 
28973 64411 
44455 12960 
32537 68940 
77444 52652 
89636 35265 
54297 79788 
72306 43492 
89033 97618 
82007 29471 
30482 15548 
85332 7177 
15395 81220 
21850 45778 
82316 86709 
34755 16250 
12899 75448 
51640 21693 
45661 39883 
47502 77958 
63433 66347 
55001 16750 
90308 53282 
48018 42083 
46428 1693 
13732 82743 
99720 52584 
45711 48408 
22509 25150 
35928 15078 
7914 91605 
17135 36731 
26046 9800 
8722 4363 
3234 23156 
48917 51075 
88850 28930 
54157 32397 
33800 10488 
32448 94739 
42308 26977 
91703 81691 
74385 54705 
26357 17818 
70194 78512 
35933 52656 
39489 38549 
27780 43848 
9448 48163 
82888 7607 
52377 11924 
18430 67208 
21169 89357 
63623 85719 
4843 69582 
76511 77912 
79089 44780 
68470 58080 
67474 96333 
70458 95455 
47814 36441 
70524 16974 
35173 80185 
75542 18325 
48072 58235 
1868 18543 
17697 18799 
79348 20843 
31242 8892 
61056 22963 
10004 69656 
67143 53965 
10444 28200 
55367 1277 
2143 19312 
3141 31679 
20433 24401 
6346 3025 
13471 72153 
48702 9655 
3578 5645 
72147 3812 
60960 84024 
83450 87766 
44185 53392 
65200 76956 
96356 91125 
20359 93141 
98433 653 
68704 58348 
71955 9569 
30791 25381 
92189 2964 
80474 98684 
19771 5997 
20531 70578 
83958 14983 
37656 22182 
53844 64628 
22805 15779 
15253 10592 
822 35957 
30477 1138 
99327 20541 
95632 9412 
954 59160 
26142 98776 
65366 27206 
94671 97600 
77852 66053 
17844 67075 
79858 16548 
38153 55837 
63462 62140 
75694 48587 
66587 40428 
30719 32392 
88654 37500 
2457 23990 
57431 88096 
52259 24143 
16950 66472 
79850 91006 
73711 67780 
305 53459 
33737 47813 
6351 17470 
86638 10213 
75693 53833 
44461 4493 
36275 93987 
22894 25722 
33753 2140 
60337 87247 
54902 36530 
6337 71533 
48308 60435 
75075 51037 
49402 14397 
51879 10925 
60727 15158 
61138 98565 
60343 3899 
52517 70878 
11317 26661 
39066 9964 
23526 93183 
25562 29856 
75302 26917 
98360 2827 
36934 88572 
9061 92358 
50674 28340 
73448 91699 
12542 97811 
24445 31891 
70164 31566 
3259 41184 
97766 90625 
46397 8988 
34607 45117 
27906 31792 
76315 61959 
45983 95936 
89966 54825 
1002 82695 
83203 48303 
98035 64821 
95283 5908 
21125 491 
93698 72492 
68821 20569 
53812 85586 
10940 48161 
70969 17365 
25005 85593 
4617 19136 
97507 53327 
82190 53685 
29920 67698 
96884 17268 
72273 99969 
17880 72699 
18172 67890 
94221 37719 
34281 72728 
74230 98729 
64576 9723 
81216 48946 
45099 47956 
83202 82202 
88457 96823 
69498 8829 
48994 50629 
138 98484 
59326 30234 
25602 96242 
36858 21286 
83669 2928 
94934 42226 
67865 58419 
57408 62114 
27687 17516 
67748 28205 
4648 61980 
4170 56343 
30124 49494 
60828 83363 
11131 60513 
31774 80065 
8332 67385 
39155 75715 
66962 16614 
80055 50643 
95811 84765 
27399 12155 
2007 41259 
9503 80830 
80059 27209 
10165 79182 
22487 38413 
76551 32756 
66305 82786 
95715 64922 
14755 67753 
2231 90907 
76893 61488 
9184 94109 
48975 63414 
12718 98250 
21082 14000 
6323 32639 
29987 71625 
55262 24639 
95032 85192 
23758 43355 
67598 95147 
18037 61642 
96730 2716 
6803 99708 
63593 57392 
7418 62931 
65635 26122 
80829 88909 
37703 24116 
61197 74374 
81801 6851 
57214 61249 
39820 45576 
1266 22978 
84241 34529 
89878 7189 
20708 7050 
54270 58801 
93304 69931 
23434 68899 
58484 589 
93747 69011 
46829 90005 
98957 17853 
63135 55922 
82283 8190 
84836 95368 
8390 55139 
6328 93379 
17181 14058 
42526 55633 
13614 16126 
48788 86732 
8174 2741 
36355 92991 
71174 86119 
62513 48851 
40682 62721 
52947 29407 
28706 58645 
70069 78052 
3145 91623 
75600 47850 
84054 93018 
48263 28042 
81942 44966 
8182 42919 
23107 52814 
68433 89341 
52400 91022 
81139 61284 
77375 31905 
70635 95072 
19427 90931 
49421 57306 
67301 99682 
93988 89024 
86275 48204 
17066 14252 
22351 22123 
10442 18853 
54946 96753 
48218 6469 
93870 40329 
34235 42339 
86764 21602 
49341 2934 
1745 13185 
4308 59568 
76623 31402 
32398 37551 
80870 55774 
61942 8943 
19427 26908 
93761 96594 
18443 30191 
70872 89912 
72248 34540 
68607 98688 
98101 70395 
52168 293 
40694 99189 
45582 67711 
91915 47749 
31122 1106 
43032 55388 
51492 24020 
66260 8867 
18423 46784 
30559 21011 
40775 44374 
92570 42431 
72881 43667 
67744 82614 
49540 65969 
78999 56610 
17965 24659 
664 66586 
98924 34943 
64002 73720 
9425 52949 
67237 15232 
57537 24783 
37854 73764 
76248 92679 
27775 11931 
97764 74977 
83119 43498 
82245 9450 
19372 24521 
5683 25348 
50084 12666 
80497 88564 
62643 61040 
29367 46424 
8178 84029 
57953 83882 
74326 56960 
75342 91260 
39387 88852 
92436 35197 
64266 38078 
87955 19083 
64690 24467 
69320 17010 
20296 28171 
71429 66169 
19512 55572 
30149 6595 
9530 95586 
39363 64324 
19235 85884 
50462 84253 
49587 57886 
1445 32382 
80762 31819 
69086 3639 
28252 88702 
22145 91081 
91159 54802 
16166 95052 
75100 95928 
11149 76739 
39388 33878 
12204 89582 
13600 65400 
30310 54102 
52155 85249 
35353 77005 
47199 89204 
26868 53750 
99869 60383 
79257 35312 
57921 22742 
27712 84475 
63750 79330 
48682 94767 
20981 39715 
54452 95995 
80088 80898 
65218 24385 
63942 79144 
44064 92412 
2670 96310 
80302 53714 
23924 3586 
84868 21798 
49397 78008 
17847 67822 
81375 12668 
2613 92300 
24100 40216 
93730 38372 
73937 81105 
56434 90157 
29571 92930 
84400 78676 
18903 15313 
29438 18 
12834 75952 
41888 35620 
97795 47782 
23694 52949 
8655 24633 
77473 56357 
81566 13336 
94394 52524 
72320 23933 
61265 92643 
99962 76424 
82934 54391 
17698 32481 
9992 30728 
83529 3583 
33705 99699 
1587 83230 
60227 59668 
31812 218 
4339 27778 
20383 92388 
49345 15969 
86243 55832 
4186 18466 
10069 33235 
51466 67450 
11234 66845 
20788 39473 
65546 56488 
40647 24198 
12003 31159 
19109 99165 
20321 63841 
78593 89536 
42632 33590 
23294 30173 
52576 66324 
49152 88866 
82887 66317 
15715 54202 
8617 84131 
86863 39290 
87310 53487 
13081 3441 
59726 69544 
71807 47912 
35093 74124 
4360 98960 
33448 59597 
88052 51678 
34258 2465 
60303 11492 
85293 90129 
67937 36688 
58660 9880 
49305 54975 
1908 27857 
69466 99829 
21315 97515 
19403 88262 
51702 2116 
59084 40649 
12587 53785 
31145 25379 
23966 42901 
97092 96353 
56734 55877 
51115 79726 
22477 56855 
47974 57803 
65338 59384 
40879 92608 
4634 97847 
62894 29429 
91132 45233 
1103 21492 
82102 13770 
6636 20932 
10737 18021 
55625 88375 
24023 76214 
26246 83661 
89832 74925 
85242 13657 
28772 24640 
83651 29580 
9259 89311 
45967 85910 
55294 81709 
99506 95690 
55597 78184 
31541 42930 
30037 21395 
80550 41804 
4703 47629 
64947 64467 
70489 96531 
27729 94582 
51749 35372 
28706 2019 
91336 57428 
47347 75686 
66263 94611 
68705 96090 
84265 18194 
12525 76978 
75688 88249 
31343 56285 
87418 52422 
47217 70622 
5988 87676 
18742 4655 
85514 24855 
30058 67007 
32794 95242 
71801 7660 
6661 90694 
40311 58363 
21630 34553 
15844 47165 
6868 19172 
93174 10968 
60719 77742 
28656 5833 
58273 23051 
36713 93835 
14886 3842 
15631 67326 
82104 665 
7688 56775 
54080 7413 
1839 56699 
92389 22167 
68539 95715 
35027 1568 
75752 71372 
41431 16603 
72797 68173 
39527 84511 
44400 78077 
83060 41471 
31176 46776 
97920 63770 
84727 76169 
94678 41394 
75638 23710 
51218 57225 
912 52689 
24126 27552 
43659 3997 
30443 15097 
22416 79575 
52360 34508 
29993 50484 
56668 32032 
2522 28408 
87987 36081 
78190 68440 
90283 43416 
2142 3077 
34644 26897 
9121 42650 
83005 25067 
68638 15773 
97260 1250 
8801 64893 
11136 40443 
44446 56679 
18203 85945 
22746 14699 
93604 4508 
65253 32764 
59328 8719 
29155 81275 
23283 58389 
32489 76067 
70957 8926 
88171 39491 
65118 73980 
69920 46850 
13779 22088 
89484 17810 
99572 32615 
99085 82036 
24714 94980 
45548 21065 
14899 46968 
93357 64293 
42737 12877 
2675 95964 
76778 20308 
95386 12181 
35689 45604 
67273 52212 
28805 62255 
7699 16730 
94083 44031 
69490 77154 
2365 5175 
91203 74859 
82925 43660 
11534 6809 
39407 90364 
31388 95010 
67566 56929 
72932 41211 
56625 18144 
56962 75405 
54596 60895 
69993 16921 
4574 81028 
20706 80299 
13805 11915 
91745 74622 
222 24089 
77310 64630 
72208 43983 
59608 84673 
36464 1666 
17945 22457 
96181 32350 
83065 18526 
97115 24567 
46356 59571 
2685 29077 
8604 78881 
30889 16881 
6220 15673 
65624 2164 
84197 26485 
62881 26571 
94553 86511 
8345 34877 
86572 66452 
47082 58965 
20922 21367 
98281 66942 
83550 82011 
88419 27298 
97225 96271 
84776 84217 
28719 28551 
87855 39435 
67815 88363 
46085 88511 
10696 25871 
89055 64934 
14726 1755 
36589 4165 
4255 11527 
30137 51566 
97767 20320 
50210 3054 
95581 43145 
29026 85453 
14249 87770 
41073 54641 
78917 62616 
55916 13953 
88123 40434 
67413 32728 
46871 60055 
71370 75435 
23269 43112 
49735 35544 
21642 399 
33562 5086 
80729 3405 
59275 808 
99443 566 
3187 10894 
64631 64910 
77731 22407 
5372 70030 
99543 38935 
26579 4666 
94326 341 
81010 52738 
86310 72125 
23274 85245 
31187 80554 
52004 33229 
90537 31556 
87119 36881 
13064 66317 
47897 94861 
83354 74570 
94601 70025 
22416 7780 
71482 43042 
75925 8713 
42181 43710 
5861 1356 
39942 31338 
9159 65694 
64487 40135 
23019 55550 
45026 53365 
40684 4512 
54561 20835 
53763 4910 
4555 88349 
57624 37875 
70926 64848 
4880 78703 
2501 13237 
68662 1054 
41241 14255 
82180 55982 
39908 19270 
53935 7320 
97318 77497 
19048 63680 
43934 95888 
76254 59100 
1245 65844 
77467 99357 
7262 69865 
82178 8986 
47405 63423 
62519 85267 
55162 12570 
46456 89754 
50140 56180 
16392 85354 
62448 53236 
38343 57519 
51836 70182 
82895 41850 
67627 61137 
13321 17166 
11180 94633 
58502 13088 
56473 84547 
58725 24215 
56380 90016 
70946 19188 
12311 59400 
46800 82238 
13083 6723 
51370 27253 
55277 25507 
73706 79987 
41779 64595 
91055 32703 
17806 13249 
87973 37361 
44453 68739 
98741 18416 
28629 88621 
36939 54357 
25237 62022 
99556 98280 
2534 69528 
84675 82154 
14848 39633 
41565 76831 
58162 51209 
79912 60454 
93557 76102 
962 81590 
11100 3695 
77504 90232 
72477 40167 
1918 49763 
14544 29184 
41908 36037 
17911 97879 
92088 75923 
44787 92228 
86234 76975 
28547 29336 
39821 52333 
53803 60607 
25355 50526 
255 9438 
44055 58540 
36196 19812 
46603 58326 
38248 28051 
72943 81878 
82776 48992 
26566 28056 
1386 49973 
72197 75538 
18022 71283 
47501 50594 
88375 40092 
9196 85821 
43712 16393 
91872 36538 
636 4121 
43846 5235 
35970 58341 
18547 61282 
41599 20318 
42224 33064 
68008 16243 
49142 92743 
37206 62556 
74018 50062 
55818 31026 
18056 20922 
87366 40156 
59776 38893 
49090 55969 
64693 33398 
83146 4860 
58983 6983 
14613 23962 
71394 5932 
49452 343 
14978 93398 
84430 79364 
75597 2297 
97972 54648 
97731 66417 
66012 87366 
9731 2486 
145 40940 
10490 43410 
36709 58732 
47373 3434 
14920 56965 
51321 89689 
69762 52825 
59173 61399 
31074 98611 
45552 77954 
64115 46794 
7068 70139 
8850 27951 
90130 14985 
75322 83831 
30298 94028 
30682 61169 
75928 67215 
69788 38361 
1739 245 
95781 26760 
78986 41830 
49627 61091 
58073 59191 
18331 69380 
36734 5026 
20399 91772 
32309 7257 
14074 99759 
50190 44079 
98984 52597 
42163 91099 
85051 16045 
78158 4859 
83873 60100 
12830 37547 
37250 46986 
14439 61425 
35123 18463 
37638 18304 
90938 92336 
64074 99350 
36257 82119 
5128 3557 
68450 60870 
59629 19418 
35374 528 
46057 23661 
69177 31406 
83542 93321 
87717 83043 
78839 83021 
66542 87222 
87549 28009 
46995 46724 
56957 95313 
86719 99258 
25200 20329 
77688 35025 
46838 34205 
53858 58492 
38477 8597 
85637 20210 
89724 18682 
11592 82885 
64550 52731 
89157 27423 
26054 77158 
55580 49285 
53652 99606 
77950 43270 
85856 59479 
36856 25674 
14130 15254 
32088 96834 
73687 90981 
20759 4155 
25646 90562 
98324 25983 
1619 87733 
11193 60072 
86580 52095 
45993 66892 
48799 77111 
74988 87647 
86623 34700 
49783 29646 
51089 92835 
26145 87524 
20595 97524 
71632 47829 
49309 38622 
54697 6622 
84490 90079 
39010 14979 
49592 39589 
9989 55672 
19773 14 
41869 45809 
74373 25540 
73105 54839 
96938 39212 
95511 25081 
7527 15293 
78250 82820 
54350 49874 
41652 32018 
62158 96174 
67803 29800 
33374 37213 
84931 53159 
24585 17823 
90860 79668 
75828 60410 
87150 21527 
53000 44461 
79982 71869 
74744 38465 
66496 45023 
34354 34739 
65955 18305 
94492 52593 
74016 11917 
27957 43333 
15300 75648 
1244 51794 
44608 86343 
49320 63406 
311 98477 
69820 93247 
44801 31672 
72758 54091 
36388 23625 
57924 74165 
64576 24674 
56255 22129 
46422 61113 
63779 36750 
25506 48337 
17131 51801 
37004 92085 
8186 52893 
2481 76249 
11995 2304 
96222 99116 
7017 20254 
81269 86436 
99531 16700 
47815 79288 
25163 26368 
99195 67528 
89610 11586 
21440 15430 
27942 62415 
41200 5167 
7255 41626 
23832 5908 
70999 93295 
88531 61528 
24968 58074 
20605 78357 
94695 15646 
42355 85854 
41946 5454 
63479 37744 
14014 60454 
69533 18902 
13682 25503 
22682 24155 
20006 21881 
42846 79165 
60492 62554 
9304 80693 
33760 18970 
72915 43797 
8455 89466 
97358 56889 
78953 21852 
54100 62098 
41312 98265 
80329 97991 
63967 99102 
71632 64471 
66811 24635 
21959 95557 
89601 67888 
42247 54734 
26036 378 
86046 99713 
23387 53547 
85593 98676 
99219 53015 
55017 18477 
6535 90228 
48661 46753 
86568 96641 
72045 54550 
84513 19259 
30524 53809 
67606 83198 
66471 54940 
77284 66846 
79634 83715 
67552 8280 
47294 73841 
30208 7785 
60955 11824 
84261 90643 
74511 74127 
11638 46792 
15190 63110 
54218 69529 
43047 17876 
48210 74115 
57365 48916 
61132 88968 
39064 21298 
13852 77056 
87047 90169 
15620 63184 
53401 74466 
13530 14049 
7453 39969 
59510 42256 
61917 51239 
27738 82936 
75712 43446 
73274 22165 
7494 59770 
8751 40076 
31560 97762 
90108 68379 
43483 8979 
44659 51933 
76717 161 
45173 47101 
23337 91400 
32200 85778 
2226 96951 
13521 83338 
46211 7772 
24398 71153 
86005 71312 
15202 89922 
93293 83782 
44029 88735 
7892 32813 
91092 36618 
14627 54342 
78932 68231 
54441 96548 
77940 53477 
51194 15789 
174 1961 
10734 64752 
36156 87555 
2025 71402 
69089 5762 
61479 48816 
8856 57157 
71099 20631 
24207 83845 
48652 94574 
15678 72726 
53798 67422 
64091 79261 
57960 98762 
9889 18541 
47691 48024 
67085 16610 
31383 29530 
52285 14347 
97400 3684 
14004 68626 
28055 88910 
80425 1058 
8320 48608 
4779 3292 
80768 80119 
76684 19692 
88961 8583 
85059 93120 
20344 67596 
63664 77655 
6677 30649 
23806 93230 
65154 42659 
80472 21527 
66537 89210 
7879 19877 
98043 32674 
18372 60494 
48122 38988 
44640 86070 
77934 16627 
19342 9555 
59997 90186 
88584 75908 
58364 34988 
66032 46655 
96636 6273 
33020 64292 
10234 6760 
16668 2882 
7557 49772 
32802 13639 
71022 91603 
63378 29860 
13432 26442 
49150 4247 
67737 59922 
17494 13497 
28952 3243 
32553 79953 
85876 58810 
50322 28207 
77190 481 
84784 15710 
81645 86739 
42902 50766 
5248 83519 
66037 38751 
59717 14889 
23277 77927 
35943 4444 
38204 59947 
63788 18000 
94780 16944 
15296 69079 
60307 97032 
52195 2647 
83862 43148 
40601 29740 
77095 96307 
55870 45820 
60973 43701 
78824 29119 
66834 84486 
40882 81709 
13005 91686 
10114 45684 
39296 7315 
22852 99572 
70830 19663 
56175 15995 
99961 36599 
5481 40588 
20430 86837 
78279 34315 
21459 52293 
40484 6581 
51141 58973 
54677 54918 
88251 31280 
31173 18508 
19539 45200 
72181 47477 
5584 99492 
26971 87592 
32458 60859 
91665 80924 
88719 29001 
81109 87006 
77685 10503 
72283 36173 
73455 86736 
68783 36990 
55819 10229 
64131 73102 
13965 66449 
88032 41286 
91834 93451 
4152 2173 
58960 60588 
90602 37799 
29848 69272 
75026 36093 
22188 53703 
15055 51349 
39616 27590 
11826 21898 
88303 44031 
19413 61438 
88262 10078 
66195 78854 
20094 24914 
35564 22883 
55771 91183 
62820 92566 
58112 82657 
92736 2246 
97751 38276 
7956 40685 
28698 92512 
82273 17920 
83981 45106 
34779 50601 
1429 19381 
60997 96776 
66263 57684 
95319 14520 
62008 54923 
15415 85262 
54095 36755 
33761 12309 
91596 47666 
34037 77842 
1673 25977 
845 17494 
68614 7799 
60072 50664 
34746 19972 
94172 86824 
34032 93261 
21767 13350 
70841 51369 
34146 58762 
86150 8774 
62651 16796 
11356 40987 
10337 11316 
95897 74466 
18961 79879 
9066 80310 
58028 54592 
58660 45722 
16496 22954 
39531 40370 
49705 58460 
23651 90896 
84189 21036 
29930 26203 
11267 40723 
66848 58540 
6641 14554 
23851 21007 
97707 66181 
98499 90773 
62893 40573 
85525 89134 
88039 31983 
21225 64446 
23705 72375 
72046 32085 
84243 39654 
79731 66731 
4597 80274 
27078 16612 
23975 79184 
68136 36787 
96928 51583 
74566 19098 
41822 75581 
85949 30132 
24270 32600 
15970 55336 
38868 73267 
58689 87369 
96349 80510 
59538 89861 
45327 58719 
64188 13905 
57817 38106 
35132 43966 
86017 46728 
30567 2299 
54118 69199 
73118 46548 
83436 80690 
96925 53893 
61716 17624 
50846 96921 
58210 22299 
52734 81344 
54954 77723 
35228 33742 
11673 31043 
96979 98723 
6798 89206 
74930 29182 
350 58897 
83031 30802 
45748 94263 
20693 52496 
37105 10590 
40302 98184 
16164 19840 
77310 72117 
78722 44847 
88662 59899 
14293 72950 
15756 90422 
84679 17002 
86663 20129 
97242 61922 
98995 30320 
56896 88354 
79571 30685 
87173 81476 
99993 17781 
95196 52676 
38219 45884 
17989 24506 
15425 29467 
28277 55257 
4710 11464 
96772 8475 
3617 99596 
4930 4866 
85975 94180 
77231 29306 
226 5182 
55292 4039 
61198 83723 
67443 80657 
90171 73785 
56885 48073 
94143 23594 
19139 1476 
39347 82929 
65216 68109 
66369 52589 
70803 39723 
14611 45301 
93696 18713 
72383 63515 
41856 45149 
45587 98907 
52646 35338 
42711 10798 
179 29032 
6779 46290 
82164 12041 
85938 23612 
50256 53741 
23520 11973 
38604 74878 
65699 6172 
14187 40043 
30274 12268 
19442 51340 
53662 31831 
2847 5022 
34801 56572 
36293 61232 
24510 62625 
99456 68517 
66704 24314 
70847 79386 
83932 50901 
2815 90956 
13870 86682 
73483 45596 
45644 4675 
2491 30490 
75330 67270 
89330 22167 
98458 23355 
83203 32303 
84040 60786 
21545 24466 
29414 35474 
80678 88005 
78110 53969 
66570 74873 
93980 95069 
36244 27983 
23987 17844 
81124 55511 
49350 18354 
22428 34615 
20122 65467 
65721 60153 
91853 67316 
36818 89218 
34617 94292 
74449 70706 
64476 11889 
86461 90649 
55384 57302 
85795 8634 
25532 27335 
10061 8422 
56329 32052 
94286 36744 
94484 8474 
10235 58246 
8063 81756 
7683 11706 
15934 7417 
93111 12875 
86675 27560 
59535 12698 
7801 26416 
37509 86151 
59073 76145 
71819 96577 
84702 22504 
40994 53146 
48402 71804 
27463 54956 
72544 5540 
15052 94277 
8070 67117 
37489 73588 
55356 36309 
26655 76297 
57885 31388 
12577 19428 
20363 56320 
8492 8041 
60826 40965 
73772 5797 
92330 5942 
85119 33838 
43958 20598 
62144 11003 
73181 12511 
87301 52450 
92009 29962 
32128 50830 
27911 55063 
51807 74459 
67129 14499 
38342 30286 
82818 37312 
28929 55969 
33337 64707 
50624 24990 
27053 25543 
44982 71524 
89186 53031 
57063 67596 
33512 33031 
92066 14141 
37137 42483 
39802 39643 
40095 57644 
42337 35325 
43197 86137 
33347 94223 
57325 4272 
9062 62984 
65286 61643 
186 59857 
93365 48710 
1730 60111 
53899 9894 
83457 964 
12440 24643 
47470 12145 
53542 71996 
21434 35322 
67672 40381 
76053 55878 
58476 43667 
33608 33910 
74357 56967 
90741 87824 
1277 91223 
13121 53518 
14692 84318 
72243 14921 
77731 98275 
85315 77512 
89967 77020 
88055 35463 
36583 37294 
17173 65163 
61243 36442 
4435 63159 
87644 85172 
87401 34902 
44525 50779 
23295 32199 
6785 26918 
51937 31920 
51451 29694 
91257 46223 
41326 16649 
64634 55484 
91511 15184 
53160 59085 
44334 89991 
37893 46369 
76808 75306 
47261 303 
91358 47048 
53010 59794 
95384 12422 
64418 83076 
58095 50073 
55002 74249 
44119 42588 
18499 57773 
62528 4985 
91674 11618 
37223 27724 
302 98777 
26 20871 
81702 68962 
31339 67234 
12238 37570 
24948 66605 
21484 87384 
33261 80672 
6045 79964 
57242 68747 
65539 8341 
81301 38142 
70812 70347 
17573 19835 
40211 92811 
16306 20030 
43554 90863 
19483 91234 
75442 3691 
83340 12745 
39626 8385 
72105 69665 
64388 76833 
30061 72083 
25230 7200 
71953 61570 
85636 31088 
92795 10867 
79285 70275 
87284 34438 
47791 92778 
86325 92502 
16922 97013 
63570 89247 
41197 34947 
38418 37086 
71874 70368 
3579 83157 
6562 56823 
35091 71712 
60026 11234 
590 46582 
55247 53853 
67657 81615 
71380 82979 
28258 63811 
982 53709 
97531 43785 
62725 34029 
15632 11289 
87792 18665 
79846 49704 
48245 91374 
60862 72714 
23870 39721 
11873 48843 
10364 42914 
62090 75086 
56196 72876 
97270 69550 
78067 71506 
69057 14855 
45634 92935 
42171 98983 
44975 28626 
83934 68299 
27300 65244 
24133 28723 
24443 60526 
64886 5275 
65956 60734 
99960 97708 
63933 24771 
10906 50495 
41181 64687 
43409 89120 
65945 60061 
31405 61447 
22123 54583 
28808 62885 
87757 97223 
29103 17123 
16548 47448 
1587 30412 
17246 24250 
49713 36680 
3996 42075 
1753 3210 
47055 43304 
76950 72177 
87781 6516 
31307 72033 
94377 82549 
76373 44537 
25615 86238 
81636 98190 
38603 50720 
16570 16865 
23614 33323 
61884 23660 
74132 47309 
21222 24267 
3456 82116 
94319 31646 
569 66266 
30534 4306 
77454 21701 
67723 14227 
97613 56104 
75573 97251 
91314 40604 
64799 28724 
56876 24293 
94013 10231 
19339 44104 
4631 49446 
67911 98841 
40807 64469 
21842 69556 
66206 46429 
80707 84948 
72310 69708 
99545 50100 
84007 47843 
91928 79626 
7353 94981 
4717 2162 
31702 67668 
27147 32172 
93794 29877 
93824 37125 
34937 5316 
16349 63394 
34064 55417 
31456 22577 
79258 48813 
84971 81466 
48213 68707 
80290 43502 
4167 38200 
7740 57315 
77981 30491 
36868 38832 
99333 70778 
97571 47427 
60406 29759 
97940 13729 
43976 54853 
26801 76956 
24484 84530 
67149 53001 
55435 43611 
3018 21042 
89401 22976 
36819 86033 
37935 5762 
46747 47211 
67842 14009 
4613 78634 
47577 14606 
43272 6756 
2908 41479 
9826 52182 
14555 62151 
65840 87998 
92144 41118 
99074 55459 
88625 29923 
92532 69296 
77198 44383 
56158 39572 
98833 73118 
64054 34722 
2628 98326 
55853 11346 
43531 99728 
54718 40270 
72373 55632 
26397 65576 
51679 51283 
53883 43503 
57398 53978 
30442 21541 
81464 16853 
80108 34524 
33034 28839 
99236 14156 
47242 36949 
75297 31165 
49529 28894 
79797 15163 
90824 78962 
51100 26274 
64325 28156 
79848 84746 
38120 90782 
84823 3 
89569 53992 
20276 78965 
7152 64238 
87128 34989 
33387 75145 
29889 63394 
58465 65003 
88780 97299 
38424 18923 
42218 8362 
3930 10591 
18710 71056 
46181 11677 
79154 66177 
14979 3105 
70653 59616 
40641 61723 
31162 55730 
96267 48367 
80641 91200 
49724 28839 
68860 4875 
15795 18068 
62599 91857 
8075 49481 
45706 25959 
7485 36588 
74324 13672 
9695 11859 
76579 24914 
87257 99112 
11103 31080 
3949 17 
2006 69282 
48584 52701 
49243 43204 
13445 51046 
72807 65577 
28581 96944 
86771 45088 
77312 94587 
14920 21367 
60607 85838 
53577 55729 
48395 68749 
59176 92473 
54419 37536 
88261 15785 
97872 31594 
45785 40670 
69889 83602 
3953 92866 
5820 12325 
38305 52281 
75297 14414 
90362 57287 
41234 71316 
6845 93060 
6206 2359 
24342 16172 
60029 63128 
65292 99751 
65961 9456 
86206 18813 
74523 21652 
72305 33708 
33799 11051 
4094 71157 
72933 11514 
30850 46978 
71602 92219 
73622 22330 
92393 14887 
46044 36234 
45306 98525 
25112 11069 
74003 47856 
26074 84936 
1976 47769 
35636 84971 
53439 25462 
35950 19134 
68573 34372 
8172 30439 
65623 19581 
38863 27280 
63414 83032 
65106 76214 
66986 78770 
84913 19460 
36359 33291 
28376 58396 
3826 4219 
31970 26417 
78722 61663 
83498 59827 
80278 963 
8441 63772 
68934 72956 
49754 61746 
4426 48470 
52696 11832 
44972 17426 
3807 70585 
16051 59776 
88933 86354 
19563 15413 
29000 7819 
24545 23282 
24233 694 
79185 96092 
87614 75743 
10504 46365 
76583 44692 
32883 81980 
38349 37076 
69516 44949 
68632 30716 
1902 75850 
46285 71280 
1653 48162 
46927 82229 
66174 31672 
57602 95486 
75194 12228 
11427 65289 
8649 16243 
36312 62911 
18082 62743 
65029 88368 
23514 93134 
85282 76670 
15645 9459 
17891 20871 
79287 85602 
98795 81858 
18080 2721 
6311 5759 
52829 97 
18937 23806 
86231 25714 
10932 66656 
75261 17016 
93057 85392 
29169 41637 
84023 34838 
55832 80341 
54579 41302 
12086 39957 
20634 46494 
74730 42799 
74415 92136 
38029 50886 
33350 85640 
60856 48185 
55270 66237 
31981 22214 
15441 73090 
95596 57490 
66075 2143 
80804 77645 
2162 26869 
8571 50480 
38841 49561 
7576 770 
64969 44456 
56420 59353 
75178 51726 
83805 13824 
98409 82246 
597 16128 
34759 97069 
8074 45369 
84473 32638 
25226 20401 
2985 53062 
4602 6028 
44146 24111 
61006 59109 
60127 20135 
20253 16439 
10948 94708 
6202 34939 
99198 68565 
23505 56536 
86211 14296 
60717 85031 
64832 46213 
33893 30330 
60870 56011 
14285 96611 
10428 70015 
35441 65300 
13532 42262 
54775 51188 
95829 39103 
52600 90566 
19580 15694 
87641 53973 
72799 32459 
92213 62952 
31087 10505 
82527 30140 
30566 78983 
80009 35113 
12305 24489 
88035 94581 
98695 12876 
45158 84832 
40490 17223 
80688 26802 
29554 52211 
31388 49664 
6828 84763 
39089 7583 
7646 63608 
38191 36031 
77233 86253 
59295 99058 
58068 882 
20626 96940 
97784 22838 
52433 74845 
51356 30559 
1239 97446 
54555 94266 
90552 31881 
27000 82163 
72614 12004 
22615 83572 
91749 40578 
82872 86150 
94070 22857 
63962 45239 
60568 14974 
2848 87386 
11020 13592 
59149 97213 
24699 9484 
19890 47056 
50509 77012 
82381 42184 
33982 73925 
36840 70906 
71446 81461 
54831 68504 
12747 23425 
52207 26690 
73044 64737 
35959 6144 
81483 4881 
63207 38731 
89984 49751 
37586 38074 
88877 66595 
43311 72470 
27825 1050 
70497 92460 
20218 62729 
16593 46911 
17160 66364 
58331 66074 
73193 49220 
76110 37838 
90055 72302 
78533 54293 
17088 52803 
18607 59698 
7266 68354 
15122 88094 
76410 19766 
92802 39052 
89766 38323 
33057 3423 
4942 76100 
83511 17465 
33086 23341 
8944 93338 
41248 55662 
78891 46743 
7992 25597 
77873 18309 
61654 78013 
93056 64397 
76012 86934 
81138 75068 
71699 82547 
41337 62234 
73327 61438 
24599 49409 
2095 50582 
90453 85948 
41547 26171 
82474 3309 
195 72023 
30849 28629 
8877 99188 
6303 71778 
32994 38258 
43484 6054 
50205 58974 
23863 69825 
42670 67926 
58317 26666 
79605 84439 
37793 34920 
20692 97183 
26763 94126 
53798 59625 
58705 55360 
91501 91121 
55392 5332 
90060 12253 
32532 59911 
21781 57984 
73124 31793 
27112 80250 
46886 69138 
96347 72798 
