34526 2215 
1473 25952 
67674 37843 
57665 20327 
85866 1213 
28089 19812 
58045 81972 
15455 25533 
72192 33155 
24653 22403 
30121 64321 
14425 71310 
51642 7137 
74335 99193 
36754 33017 
72226 27623 
59630 87742 
19003 4845 
71373 96313 
27399 83653 
69859 82825 
99270 18071 
54492 44773 
61989 35458 
21248 18943 
88699 77520 
69138 76931 
79450 93616 
83061 92338 
50655 12834 
29982 28810 
78844 17486 
55480 8347 
71350 90017 
95928 32698 
91345 7721 
27904 47137 
47566 15265 
60936 55570 
70074 13688 
42236 18661 
32603 66375 
82842 92543 
49276 37420 
33418 94709 
68941 45905 
34925 15755 
13852 40754 
44489 30968 
61144 75200 
90015 4067 
45267 87285 
38422 16958 
67527 73432 
71883 3965 
34846 75781 
54011 16753 
14084 90806 
33690 97067 
80474 46705 
78074 88365 
59213 90053 
48260 74612 
7715 68477 
31237 94692 
62739 95366 
19938 44334 
81371 35112 
89561 43909 
37755 52914 
52808 20100 
98490 31894 
89284 22206 
88802 72074 
35020 69712 
78838 50706 
86935 6754 
64891 41524 
24014 21261 
93856 61666 
72098 71787 
80901 39334 
42383 53421 
122 72710 
55080 25707 
85847 81198 
19165 20072 
68312 33763 
76750 42080 
81553 75953 
36304 84652 
23705 67132 
12829 72435 
20234 82511 
65066 64618 
39229 30769 
69870 53739 
34504 87360 
2169 11417 
47057 46045 
95221 48452 
78334 46769 
40386 76342 
59800 46667 
48219 80044 
82461 62831 
33399 37680 
17272 30387 
4888 51870 
52779 87500 
39654 89541 
99876 20143 
93405 62286 
65217 73739 
55006 17738 
74608 66266 
82596 53913 
35621 17953 
68889 13143 
64697 46406 
70739 59915 
68164 62810 
3803 97875 
58907 44796 
46921 35204 
10788 54621 
22875 64740 
1505 17524 
22234 85455 
71198 74403 
15245 55286 
28912 75429 
53062 31810 
71934 86770 
94076 26892 
44062 41273 
3734 74186 
48013 75799 
66912 84256 
44471 62825 
20799 41055 
15683 61995 
63190 75691 
45045 88504 
16200 38593 
65786 19514 
28636 79612 
61632 37217 
81596 37101 
60255 37778 
21343 31600 
46339 19026 
81123 57570 
35256 96615 
69267 67443 
90631 88305 
94831 46292 
39492 49078 
73930 82544 
37220 36001 
10085 50407 
61189 31067 
70079 33075 
66769 52663 
83182 32267 
22268 41920 
76083 29282 
50424 18861 
18457 85526 
43235 65081 
94815 96322 
84179 4654 
37142 40830 
7291 23013 
49798 3031 
46113 84732 
33240 73996 
77179 85486 
66378 84000 
42484 875 
38684 54597 
43298 75375 
32685 5367 
33728 28383 
45044 97803 
6576 41118 
156 49701 
56347 28100 
54055 7404 
24640 89976 
8373 20380 
81732 90684 
54212 22890 
74783 1219 
43996 90842 
77909 4756 
45726 8475 
12254 63402 
68544 49108 
65247 5581 
61079 46966 
27378 4853 
74805 12970 
82122 85903 
53467 26364 
30030 11524 
56616 16222 
1577 75590 
50375 32078 
14972 51340 
1808 91341 
64967 21730 
94573 82660 
86568 49192 
43061 98992 
23626 25801 
19771 71941 
46407 81706 
26436 79761 
4565 19578 
33228 5454 
72323 85940 
82369 28504 
41206 86402 
2558 44050 
42353 1143 
8857 16690 
35185 59460 
69008 92578 
82140 87710 
1647 13152 
40229 53715 
34475 96541 
39287 92493 
91147 78614 
84127 13118 
94524 34601 
13189 54586 
70864 34395 
69802 79757 
14672 19830 
93864 70741 
27105 30686 
21514 16575 
72210 47602 
88276 64549 
4731 64774 
67200 40298 
10818 53009 
37689 28526 
68705 24627 
72963 46217 
80249 65697 
54555 33246 
46226 58202 
70739 31458 
58344 75011 
32461 22665 
59189 93896 
45146 48388 
77637 43339 
7630 39772 
81758 62511 
70533 44798 
3831 30545 
75526 51703 
82803 96125 
14251 72493 
38391 17384 
91041 68474 
37973 4274 
47148 70942 
42539 40788 
5810 74460 
21172 52817 
27324 57625 
4899 78916 
21149 16763 
10198 95888 
48139 81708 
74 48850 
60144 19614 
66315 36316 
66507 22706 
10406 4844 
87403 18946 
72526 14918 
52485 40754 
8196 49998 
29982 36282 
40302 54034 
26165 10141 
20642 99262 
78008 36073 
19546 5717 
72909 92742 
24768 56653 
68509 35632 
71550 79952 
52904 32989 
44598 94578 
80973 61802 
89708 53303 
46094 81019 
47851 48149 
98140 73498 
77761 83380 
98476 75648 
64426 62399 
10558 94270 
20330 79506 
60784 43806 
73925 55254 
68405 24017 
5502 4989 
35583 98063 
34499 84195 
9104 23997 
84249 11377 
73779 38914 
50270 29462 
14233 94282 
76422 30099 
86564 93435 
99599 31719 
74262 87784 
58109 71867 
63819 46967 
71471 47051 
64619 30007 
90110 9246 
14975 49464 
82249 7197 
61607 38648 
72291 42770 
73364 3144 
70075 97901 
51686 62212 
33600 76003 
30061 63090 
89184 93278 
12641 81756 
92484 49929 
88252 7433 
51382 9082 
70137 44920 
47506 12070 
54115 58764 
86970 62761 
58196 26382 
82894 20711 
5264 63410 
22377 53208 
37094 33871 
98809 9634 
2735 60224 
96752 98074 
47213 3884 
1097 63746 
37566 95519 
64807 91555 
2334 56251 
10274 80989 
27959 65794 
58151 70529 
50927 1683 
74532 20932 
8050 94885 
2397 1944 
58910 21440 
96515 65424 
74306 77194 
12302 29337 
92432 63274 
8635 41707 
80560 43624 
12203 41389 
4165 22769 
56699 83377 
97697 31868 
54023 50390 
51640 4239 
76608 29583 
79014 67686 
30106 93516 
1137 80300 
73889 87854 
97267 88825 
3141 94810 
95634 94284 
40837 10949 
44413 68201 
456 50742 
90355 74614 
71026 63113 
10075 18002 
44939 27263 
84403 55290 
55947 76139 
79739 81346 
19844 81219 
2022 21626 
73560 20616 
18696 43132 
89762 44037 
1978 25376 
3496 42764 
32751 16729 
25019 30552 
18594 38397 
28709 42241 
21709 88141 
1752 60888 
62949 38979 
8310 91312 
66661 24286 
74953 8268 
37745 49987 
31372 20771 
17075 77045 
46726 10649 
44382 72957 
86462 23011 
68713 39691 
77033 9069 
85727 87295 
6669 47631 
48401 37378 
9196 607 
93119 8695 
74888 89961 
46639 58290 
7407 18833 
31112 25943 
99135 97911 
64103 57127 
28533 79646 
58472 60235 
92647 47526 
63019 87540 
75461 55392 
48942 16150 
18545 62637 
39453 45180 
4264 65150 
306 18421 
83815 79000 
57519 27975 
82441 94074 
85245 53643 
92382 78318 
11518 45302 
20512 79683 
22516 61059 
92030 42530 
7032 32676 
24214 28003 
71966 41567 
74949 3758 
76989 53609 
39584 47422 
81893 79087 
16666 90311 
73701 95266 
88175 13178 
42273 93422 
63119 94126 
2907 89575 
14689 360 
22374 68771 
658 10043 
90832 16416 
94282 48303 
96256 27010 
68722 22301 
268 70543 
71804 44283 
84695 39909 
99961 38653 
36706 98867 
30249 39393 
67025 99399 
97581 97478 
10529 39755 
10675 34498 
41428 90052 
84653 98290 
46274 20969 
30861 99145 
37187 32902 
85182 31038 
54999 97901 
74965 11339 
7405 94745 
21674 4573 
10744 38734 
51448 31064 
55722 82074 
38987 99688 
97125 88177 
41538 45432 
75536 63773 
89214 97115 
15061 66407 
85484 48372 
5246 91720 
37385 55865 
67661 84865 
78883 42726 
28026 13438 
72732 42312 
63276 85548 
76334 77665 
69665 95927 
35292 35403 
2739 35425 
24685 59293 
72964 4836 
92622 58389 
41806 32637 
73146 97351 
52222 8097 
26376 12468 
44817 6104 
32528 75892 
56322 98164 
13518 12722 
70584 15188 
80872 60839 
93930 52014 
11941 51759 
56532 81057 
37743 82294 
99331 73029 
85242 41420 
92101 6379 
54440 54507 
42401 83913 
26439 7975 
97431 64993 
92401 21384 
11254 64782 
65382 41171 
48337 68203 
87061 40429 
21058 55568 
69625 22544 
13600 39323 
19434 43014 
27550 66867 
73529 83363 
95583 53129 
42678 33862 
48751 68399 
95358 67623 
90184 21839 
35914 17634 
23423 49180 
27136 455 
7155 34284 
82559 65515 
59747 68591 
7033 87358 
16790 79892 
95455 59683 
52770 42447 
9032 94632 
13998 14141 
36025 78564 
74121 33230 
9665 86416 
15791 47103 
99769 10745 
62511 38620 
16565 18708 
33179 61738 
65320 10450 
68539 97456 
68605 15773 
83514 93573 
29357 32471 
32317 57286 
42396 79309 
34273 28395 
74626 9428 
97425 72628 
24898 5782 
94318 99621 
43338 59271 
89723 28092 
36925 12312 
93635 91961 
13213 35893 
14521 5506 
17288 96492 
17569 83035 
98426 60766 
50635 39181 
2367 80554 
86574 79569 
22735 98467 
44839 28453 
60854 15241 
97497 29830 
37040 64009 
35227 1655 
68454 43806 
67401 18909 
78659 74847 
57006 50645 
32291 51511 
45952 78535 
94560 85467 
9228 80043 
99796 51014 
87382 68016 
75844 67430 
85990 40305 
11838 79054 
98044 7986 
75721 22779 
599 38790 
84868 4800 
573 73572 
8254 43691 
56231 47944 
31834 75276 
80676 78637 
50147 56264 
41601 54757 
56643 48236 
7551 7730 
92814 11336 
55147 20622 
81925 87893 
43972 77391 
17030 10212 
86258 45744 
94870 23880 
87032 33445 
87404 78216 
7046 57230 
20907 98848 
5586 15936 
88945 23925 
53201 65020 
59982 55076 
65381 48326 
52999 47008 
97414 54775 
45209 35497 
57912 32612 
44805 82535 
43913 11879 
8654 99523 
74011 57003 
9946 94662 
97606 95693 
64021 79059 
88177 47779 
1962 57580 
86359 8197 
41000 25107 
44678 22007 
38380 86612 
39920 26168 
31057 20332 
61427 22709 
57443 7353 
54005 91021 
29406 58002 
92659 43171 
72785 75752 
93063 75475 
82962 12675 
16408 71991 
48333 87008 
10232 71161 
79008 53032 
37826 15539 
40692 36186 
88010 66333 
34363 72252 
24329 79451 
81287 18439 
28142 7805 
69810 36302 
13610 15799 
95518 81727 
44254 66273 
79549 75551 
60523 67592 
81200 69920 
35744 49146 
30440 70093 
13852 67225 
93550 19181 
46440 30030 
50805 4158 
38994 70542 
8998 95515 
36547 89024 
93551 90025 
27549 33135 
65064 86380 
21398 82937 
83381 86801 
59859 60526 
98590 84246 
55526 89591 
82858 64481 
11489 88873 
29585 24993 
65563 95346 
37096 88660 
19679 77845 
62940 69039 
60495 19978 
81820 26303 
50777 22295 
5293 38094 
72783 98061 
24595 97946 
34674 14380 
19296 45420 
8859 60992 
33957 26746 
57248 12776 
62564 82500 
12524 88787 
96236 59737 
26841 603 
83553 49992 
69760 25818 
24816 61707 
55778 38736 
71655 45875 
8460 79591 
31621 7085 
22952 46108 
83754 48664 
71615 46745 
95568 20209 
8479 63675 
94526 58595 
67452 35383 
87771 39393 
16450 83660 
42737 84659 
25047 77898 
38252 5160 
26787 50731 
70809 90387 
8930 53413 
53934 98048 
42228 66753 
79921 36273 
71199 63997 
22661 76370 
21441 55743 
47908 81722 
44648 33779 
63043 89324 
14306 70687 
82228 34416 
5444 25120 
4859 65841 
40354 48841 
5252 59988 
58844 90957 
9806 4558 
76397 47167 
94156 89902 
26488 7491 
67351 15317 
44368 14547 
22675 90413 
38780 56337 
25445 87574 
15358 82404 
76979 80518 
60857 50281 
40886 86102 
70910 80387 
42948 11767 
5684 21790 
59066 99393 
87539 8742 
87099 47850 
12777 18418 
57901 91141 
35532 24027 
78445 6821 
96071 74233 
15677 30194 
8018 19799 
23535 53879 
89451 51424 
87608 99374 
21339 8920 
11955 57575 
43462 71220 
846 8546 
52728 39122 
94549 47344 
51715 78258 
2724 62342 
6315 98468 
41625 35254 
10493 7551 
21996 57906 
23476 92356 
53417 89862 
40095 48182 
27831 13077 
78536 98700 
20057 75063 
21409 22886 
96342 50382 
25850 32933 
53341 91826 
26249 27635 
19392 87239 
89271 79470 
37534 85714 
44958 386 
15472 7760 
10020 71273 
71497 8060 
39802 13129 
27391 16534 
93980 24162 
99392 43715 
77666 6362 
16562 99800 
24424 57503 
52229 43239 
20568 10157 
88633 44384 
31195 57923 
47533 22429 
77509 20940 
10242 89795 
32351 67689 
19380 17084 
46170 28123 
1662 13876 
89297 4394 
76078 5889 
97975 9749 
15086 77395 
41411 43586 
7763 39309 
85040 41272 
33340 77967 
11186 20979 
91157 37390 
72512 86616 
48764 88700 
95898 35902 
63778 44347 
24822 65658 
7056 81957 
86829 62606 
64846 52842 
99372 17279 
25815 63616 
82039 1082 
65165 35832 
26154 2109 
22574 68230 
83718 24025 
33240 48885 
76844 14121 
12071 90474 
96137 1597 
9896 90851 
51851 95213 
57531 53260 
65198 10605 
88667 35776 
38876 71908 
85725 37925 
25609 59762 
24214 73960 
21466 58327 
567 26878 
46703 87655 
16046 25035 
41090 94559 
55024 34086 
92905 15062 
39805 10968 
41257 14591 
66095 23810 
39872 58264 
23380 1865 
47184 62915 
82624 42962 
12323 34991 
90119 72484 
59533 3966 
40724 17483 
34560 19643 
16397 32328 
65730 93534 
66567 88133 
9717 29417 
75822 17229 
97393 6278 
11306 86084 
68735 48000 
67323 55294 
87359 38499 
27906 73699 
55090 18450 
49401 45120 
4861 30291 
24633 901 
36277 61915 
27804 9154 
72335 76241 
54978 52503 
58083 3834 
68893 10108 
92403 18783 
28777 86917 
82650 14243 
35961 43295 
38524 43378 
54301 91605 
76349 93855 
70773 42796 
87843 19642 
46063 5678 
38482 62523 
67593 64344 
99751 57569 
58128 85035 
86825 31758 
11966 32808 
68664 72986 
27684 10420 
41026 67910 
81514 67178 
4550 81386 
38631 63803 
69884 77686 
31014 20935 
19702 64280 
39968 23465 
93510 72617 
9035 698 
25298 77197 
78731 53178 
56391 94133 
78373 51042 
66230 93490 
32265 85883 
12385 5877 
37586 18370 
47751 3071 
49566 27233 
87638 84908 
65855 31740 
32432 10235 
36495 29419 
12462 68417 
38476 63528 
10957 99692 
44600 10651 
38176 37622 
85211 57824 
75269 64966 
48325 20687 
79931 45451 
88796 39449 
47574 18292 
20374 77808 
51533 19687 
45851 41481 
43736 26154 
39987 27624 
83281 98187 
37464 14188 
74564 39603 
93897 99105 
38832 77831 
81714 3253 
13507 13499 
54742 58218 
72109 83845 
65405 10180 
84290 33816 
46678 84580 
90284 91124 
77265 72778 
46974 97149 
32982 21494 
13813 54205 
89880 28610 
85997 11565 
85394 74779 
49588 27531 
62641 49292 
28672 12939 
19970 60772 
18181 82649 
62946 58546 
47686 15918 
9208 28894 
1214 53968 
27942 71889 
26100 43644 
5224 9184 
99872 69740 
14066 20841 
88374 5392 
33720 60166 
20570 49882 
6648 49561 
25929 16247 
43541 17466 
28784 77301 
86851 96791 
70755 77976 
21558 68554 
37075 74343 
78194 992 
95602 65224 
7661 4004 
18312 41020 
19951 91576 
44239 86177 
69618 20669 
60109 36653 
39670 54120 
20326 11842 
22571 77154 
1501 11564 
22081 82447 
88391 93072 
2934 26977 
17862 20470 
96674 55471 
65449 9479 
31452 79824 
45088 74210 
91187 1694 
6756 19388 
25199 66263 
59065 11447 
23298 39249 
14235 4951 
43264 6327 
51428 96995 
27757 4373 
21076 31585 
75915 7360 
67626 78390 
41257 6203 
31027 65858 
11972 41489 
98325 57378 
92270 70795 
15899 20966 
44195 78152 
40140 57924 
68159 62243 
99794 23952 
97415 72033 
66736 97418 
56786 93791 
83574 23793 
89200 31832 
76298 92686 
84917 66841 
88083 84509 
57812 20225 
6384 57472 
675 731 
19644 32425 
17215 60434 
32192 73021 
72297 41185 
86345 51728 
23913 49781 
89243 38400 
490 60319 
18621 47468 
65369 5623 
86498 32206 
66611 86101 
72665 20134 
4785 94051 
929 42294 
63979 24146 
20161 20945 
41995 16758 
69558 45177 
84549 59743 
52877 82009 
75246 56454 
19974 41719 
58237 53009 
55619 40475 
73631 6217 
5354 80784 
67151 65046 
26067 830 
94932 33190 
34993 27468 
81997 78006 
45006 4474 
8656 51986 
16365 57554 
92922 96947 
25471 724 
9008 8216 
49736 84839 
32068 46379 
94324 38369 
27579 97518 
41322 52968 
10087 99371 
84765 21942 
80521 70479 
26042 48417 
13905 2139 
43308 1825 
9955 98851 
15849 16262 
37979 81978 
79737 92345 
4395 3428 
14674 85383 
46327 51448 
13540 36993 
7949 69003 
65996 34735 
87585 46687 
95362 64908 
53057 96777 
24046 57331 
10371 62767 
6968 7770 
76540 69618 
64668 3579 
51211 73952 
68255 71237 
3718 30551 
76847 10605 
92290 51774 
4809 80075 
10366 99889 
930 49219 
11307 18811 
54528 41107 
97280 81377 
4543 45147 
70686 1043 
16843 93142 
37205 32744 
12223 56176 
18418 66703 
73022 38006 
78899 1061 
29787 11863 
97792 64489 
31101 71827 
18104 48291 
29451 47434 
88288 99044 
73943 60707 
70173 17416 
86704 88512 
24888 6584 
13941 29932 
4142 14541 
84972 68337 
68090 18574 
82885 60845 
22983 7360 
29072 84092 
21860 26332 
10511 14542 
99837 65381 
33475 23991 
21815 84464 
70238 26513 
4965 92285 
76400 21764 
40897 16010 
95613 41383 
83195 25830 
35747 20184 
84784 7196 
95991 81880 
66632 5681 
47886 50274 
74336 4683 
24945 71189 
32394 34547 
55328 57827 
37310 53203 
79932 52813 
40132 83038 
34273 33900 
56637 36473 
36743 77092 
9116 13609 
18068 30900 
47502 9277 
47223 48524 
19640 24002 
57591 70914 
60511 33603 
53811 53017 
48512 35557 
84558 77925 
33202 56740 
99382 9227 
73405 76805 
68794 90552 
37173 94200 
35939 13106 
5817 37706 
85465 36949 
93072 5385 
60643 69817 
37426 94955 
33287 78512 
50752 74866 
32715 32147 
9592 33717 
69751 54038 
56812 37180 
49716 89556 
40773 16199 
54338 80956 
56830 8020 
86726 77020 
71624 72443 
15787 95299 
4526 9735 
26932 97781 
12547 13739 
84388 37035 
75130 3994 
37149 79169 
3450 94031 
55351 12407 
5227 69541 
66779 5626 
20485 69728 
74245 89926 
6334 87906 
73735 98073 
89533 33296 
60525 11649 
24479 24971 
5834 33761 
91197 21024 
10176 26388 
43052 21292 
91183 25747 
67073 20360 
43474 76490 
51183 29044 
16075 6140 
62055 27206 
88886 94828 
24928 58506 
93899 82248 
62460 28554 
19125 93646 
93507 21957 
53596 59775 
14711 10866 
80380 51890 
87885 87884 
1157 52207 
34370 19586 
80726 32681 
93943 83388 
32704 20520 
40266 20159 
28733 87552 
57511 7679 
2639 12367 
73498 35978 
38305 29111 
13527 44555 
75409 94866 
86071 63618 
40733 78745 
36590 86750 
14373 143 
8932 90767 
70015 21033 
35174 10046 
86308 27762 
34175 67240 
12425 21484 
36764 60032 
85058 73193 
71171 4467 
36371 89261 
36176 39415 
2851 76443 
61408 3835 
43543 91514 
4347 8757 
2783 10009 
61780 39303 
7374 50982 
79827 38542 
71010 50278 
31113 44638 
89831 83478 
90274 75453 
52133 1522 
79687 80709 
52535 56930 
76191 10759 
96325 66632 
66508 83190 
3257 78589 
14187 63698 
71686 83720 
54120 16090 
43774 42068 
62016 17742 
20356 72744 
55695 81485 
10118 90831 
72670 72647 
61904 61285 
34189 60850 
21229 79794 
49783 166 
72506 83623 
38312 88379 
77031 41664 
41618 16323 
93413 72247 
85099 81686 
71938 89659 
95897 8134 
47256 85952 
23819 80269 
14820 13254 
22748 77671 
65670 43645 
41015 67148 
71424 48595 
38022 91357 
56775 58018 
91426 74035 
70292 30210 
84255 47379 
66025 88217 
64558 95465 
38163 55672 
51548 99116 
8927 55652 
21670 62246 
55901 19844 
45602 97469 
79173 92093 
62948 49636 
50946 357 
75211 39979 
60668 14181 
9619 20637 
67308 944 
56452 39642 
96998 43510 
10784 29785 
79131 84298 
55844 51284 
96833 16404 
9728 37845 
38823 51060 
19749 18407 
78799 52545 
29469 12783 
75787 46616 
62271 28394 
84313 76579 
62330 17418 
86751 2308 
8926 88954 
11920 11855 
73269 9139 
83728 42722 
18342 63710 
51625 90424 
51768 2082 
90613 15691 
29263 29810 
22759 48444 
72016 67151 
4432 26639 
5112 45458 
43871 1137 
46170 70279 
62268 83933 
73387 40254 
88178 16431 
80456 74323 
79862 86849 
82154 66233 
3086 31430 
68864 54969 
52925 12831 
20901 72495 
97290 80852 
84230 6056 
37166 85648 
78018 91314 
23980 31581 
51430 34697 
48042 31119 
32170 48620 
13653 42461 
12500 71592 
46275 52023 
99829 36743 
35068 93494 
18398 46925 
115 78853 
86231 12306 
87840 53555 
7216 7233 
40393 78041 
12023 7170 
55194 80787 
53580 73634 
49363 24305 
12860 65298 
70409 74812 
99019 66821 
49365 68752 
34231 43463 
75440 24885 
98055 49185 
82299 59379 
68764 38652 
75261 23150 
39793 59487 
95955 95615 
8292 30087 
16428 37131 
29775 40450 
78192 23540 
7926 48741 
43385 60592 
41849 84664 
4996 3430 
84419 12240 
11020 86918 
74835 49209 
93423 6256 
96081 88037 
57001 74153 
73752 14363 
75446 20791 
76498 72765 
62394 95831 
360 86810 
33727 77959 
19343 642 
54086 96746 
62795 72719 
65321 24058 
36526 18823 
27525 97805 
39053 71096 
64330 99523 
36961 92601 
93297 19093 
54103 62799 
39530 4835 
98200 28329 
76047 15301 
95371 95598 
7972 60253 
28226 26969 
19277 42659 
76388 90681 
30593 90973 
39635 6156 
74510 1498 
83345 20991 
80826 94391 
83511 53652 
78362 23605 
64335 36789 
62254 71080 
15227 108 
46025 98496 
46042 38823 
16300 26142 
89457 24004 
34670 57747 
87638 24507 
85983 72560 
6660 26655 
55304 61539 
6667 57496 
26743 93209 
58297 40200 
36582 56536 
36668 36044 
80369 43149 
43050 56430 
69088 99256 
1307 60531 
53023 98849 
51317 89371 
83618 64058 
14788 25575 
63400 85984 
40228 9501 
41961 79907 
43308 87081 
52013 42441 
46468 12497 
43701 65037 
87306 79648 
67643 98177 
9166 10399 
77564 53660 
69305 84718 
71955 78572 
108 58079 
70808 33869 
37068 74846 
28302 62909 
83550 52918 
15192 40867 
16883 84491 
65725 54637 
52890 70566 
73019 74661 
76693 82725 
34179 45038 
16476 24681 
91787 36370 
83882 48235 
91980 76956 
29790 63552 
80950 2286 
67448 72018 
91515 40222 
96308 41465 
29314 79815 
19345 38161 
54200 55406 
84273 27739 
66579 14462 
94764 58094 
50731 27561 
31660 41296 
97540 41981 
96100 58701 
27620 76568 
36603 23665 
62467 4837 
50392 49694 
46051 75751 
55530 88314 
2187 77129 
14987 20623 
24052 55388 
56296 9195 
31360 67095 
71200 42928 
98021 52757 
98563 36395 
48494 91364 
90732 77413 
44598 15364 
38702 51782 
36191 40075 
84613 12537 
28919 88995 
81469 2542 
30154 77013 
69444 83916 
70255 47228 
25743 75490 
60467 43908 
10686 50420 
41053 44041 
76567 48 
93653 63019 
27774 27255 
40407 96168 
20780 92787 
29050 57169 
70827 1432 
7950 26841 
88482 81412 
27990 31348 
3698 79999 
69212 27546 
47627 71096 
79324 85043 
53156 46438 
28435 19453 
3974 41032 
29794 49419 
8947 25611 
49875 21143 
3701 84121 
32761 68509 
84505 82645 
93604 54289 
60911 27659 
93832 68538 
73082 6156 
96818 43914 
57320 97933 
16867 84535 
59057 51188 
16686 94884 
86384 16613 
78905 38360 
69198 42272 
75733 51262 
39130 41819 
87524 87298 
73630 61986 
75793 70174 
53959 91774 
99133 87357 
71284 75412 
71531 66824 
77684 13907 
1729 40408 
19595 65871 
19563 12295 
10072 87329 
90634 19308 
93207 82347 
44180 90780 
29155 71543 
90709 90155 
81446 23966 
85695 47890 
19568 39293 
3592 75799 
59350 11939 
22433 86665 
51195 56445 
83440 29770 
91994 24348 
82371 92941 
80372 96783 
69721 14745 
56887 94174 
85449 96710 
70925 4616 
30550 4705 
94218 95958 
82571 1109 
57305 43078 
95105 54922 
19692 71468 
82301 35690 
97078 91027 
78613 8917 
59746 69795 
81279 15594 
85048 76420 
28447 36519 
93896 2231 
39376 13292 
26272 59060 
44835 22184 
13981 37357 
65580 74509 
90232 604 
54697 47701 
35084 86700 
5668 34996 
93431 84725 
42134 38424 
17868 56367 
47642 19768 
82680 75316 
64073 67191 
87130 65042 
85961 31470 
16342 25631 
4599 35035 
56298 53743 
10597 59493 
65789 76246 
46473 72869 
92673 37713 
11898 66489 
84356 4736 
63358 33248 
83155 75856 
17309 33935 
16041 14963 
61279 66381 
85235 58092 
943 73360 
41226 78851 
22816 99501 
73008 36036 
32029 34911 
81674 68558 
32552 63770 
12980 47375 
53242 69865 
12089 41917 
87299 37821 
29433 9353 
4948 28754 
50474 69052 
19610 2117 
44110 81736 
36358 1725 
24586 13046 
88085 23229 
99987 24660 
69631 32785 
36721 2566 
13011 12205 
3905 1753 
7914 64574 
74126 59323 
60820 26153 
47814 3906 
3356 95293 
37271 68263 
5912 7185 
93405 94105 
26110 54448 
83285 3381 
23331 77863 
29896 98704 
324 29033 
6778 47048 
90828 37278 
39729 95524 
98149 96797 
5354 65737 
3825 26922 
31948 74180 
7780 48246 
2056 30044 
31779 60472 
28033 69022 
16536 4004 
22017 91894 
69485 36645 
9940 90076 
75008 59186 
45585 56821 
61822 79248 
65119 2383 
33278 11422 
85180 14210 
5450 73581 
88280 29121 
65229 54165 
58157 13401 
55989 93317 
24669 78910 
21972 41932 
52934 98532 
94187 37010 
64618 22672 
80382 59117 
10657 40025 
29594 18371 
24134 70456 
77785 49009 
69659 25594 
45256 79449 
71302 23613 
48795 84673 
44992 98681 
11950 20856 
83254 2701 
5321 88310 
40275 57186 
25466 68184 
43476 76528 
25757 30758 
14157 50409 
45466 18751 
14225 42709 
44382 67769 
48624 37078 
39419 37810 
43808 35136 
56966 94694 
91443 92357 
60139 98373 
93501 58746 
83618 26223 
69998 76724 
10442 83785 
93867 76987 
54878 32828 
98782 4616 
73430 97188 
65241 2358 
12070 90534 
27812 75720 
11921 47011 
62144 65431 
37943 25671 
4238 56813 
65544 2645 
26397 62727 
58598 61242 
44405 27032 
99010 39417 
58699 8852 
82733 96552 
38635 24470 
80082 17023 
43435 43279 
69208 76728 
35997 56988 
90744 60563 
86468 67159 
38957 33791 
81327 65132 
104 38292 
50708 10566 
72260 5892 
1772 50042 
52534 55266 
99191 55554 
57374 66384 
65108 4257 
49566 6991 
80461 65416 
81576 19345 
57116 8291 
29058 62231 
15999 95557 
80587 43207 
50264 80876 
70154 69121 
74482 86337 
87434 89125 
60980 95771 
77539 3705 
42627 63305 
46735 65732 
17761 3014 
23514 5060 
27388 95198 
85448 66916 
87399 17513 
51414 66140 
49275 85104 
56073 24261 
31583 62877 
68863 74478 
11556 95172 
93349 90795 
91141 83359 
84400 21883 
55110 30263 
50443 87678 
20198 61811 
65993 27287 
33695 30941 
5650 70485 
17499 6553 
24937 41867 
69403 51178 
55634 96708 
27178 95018 
53675 30592 
73054 21174 
36200 1129 
6229 87095 
71038 49330 
39314 20691 
36638 10702 
80949 46041 
53438 61663 
51279 13264 
98634 55579 
39619 29856 
55514 64541 
54314 16714 
15786 57933 
33684 41019 
48754 16924 
83897 10330 
74711 5200 
84707 47463 
31605 90549 
57243 4115 
3789 39404 
19346 12699 
89600 86957 
63458 20494 
20540 19185 
79639 97950 
8988 89940 
12018 63870 
93656 36181 
80853 24222 
72422 47517 
24303 78414 
60703 92399 
14159 7170 
90183 2616 
77978 19487 
67511 70228 
16405 2670 
45483 16570 
38978 89084 
20263 51719 
54252 25980 
57349 54588 
40860 10683 
66299 68775 
94934 32379 
89603 27340 
96291 43904 
44662 90908 
60915 72183 
59468 7780 
50436 64343 
72380 82183 
90704 58018 
24291 67376 
11009 59013 
57519 83997 
53084 7244 
49924 856 
14768 12730 
55016 5341 
87050 47433 
89263 33636 
15189 85887 
6304 27176 
64684 97765 
24466 31057 
1122 8967 
28749 52566 
99259 64262 
51361 53576 
81159 44204 
45915 59214 
45832 11730 
9570 27055 
93511 89786 
74668 36029 
66583 306 
86850 22273 
26133 26974 
10140 10384 
58177 99510 
51183 62827 
56883 35543 
74567 97686 
63407 17672 
89113 5542 
48470 27933 
21011 29910 
14383 9645 
53865 62536 
57952 77491 
7994 44736 
79545 50682 
51738 59088 
45572 41206 
86047 41925 
11744 89377 
20316 46436 
92664 2326 
62192 38585 
19683 17545 
76987 13662 
63425 83235 
33388 79948 
9952 19958 
41299 67788 
70305 4000 
4928 87330 
71961 91795 
59667 76237 
27775 86967 
34827 49875 
2996 36725 
85947 90792 
4256 32793 
70212 91760 
95698 83496 
96384 97196 
6953 18317 
66716 71483 
35207 83931 
42466 59535 
59381 91653 
6912 94870 
78250 80212 
70186 53542 
56331 64891 
58781 48460 
11438 54352 
59229 7959 
6057 29808 
40254 84891 
11021 97740 
60608 98115 
94430 46971 
80817 16936 
51394 63653 
36255 60835 
30850 83630 
96216 1833 
34599 90617 
29091 24837 
60656 776 
17273 22539 
38094 9524 
17084 75761 
53822 14780 
38810 97554 
3053 72379 
29809 99955 
4687 83978 
79734 75966 
10474 65577 
31041 76173 
2491 95610 
70255 99331 
17346 95600 
95871 9318 
57494 53492 
7291 37066 
50140 60015 
35889 25373 
92419 91827 
44046 26955 
77911 41685 
50924 71659 
34008 65523 
4798 77443 
12247 89057 
10877 91566 
64448 92434 
40902 13339 
6354 70438 
96145 67891 
17423 47890 
69023 71571 
50532 15141 
50171 53924 
28578 36929 
57619 78643 
86304 79389 
22617 36429 
75141 94604 
52691 66423 
86479 99879 
6685 99654 
64480 89767 
58804 7913 
73397 22886 
99106 84516 
56359 32716 
16415 79626 
72632 21793 
36296 62092 
28652 12096 
41500 82237 
24412 40961 
85219 65573 
21295 11439 
18517 76117 
37 28799 
92449 49803 
18219 80751 
62704 13416 
95534 47952 
19961 72559 
52057 63517 
92742 73324 
99840 75475 
21161 16703 
41367 4521 
79780 32150 
59767 30899 
35675 97350 
95149 88881 
63863 24864 
89012 95078 
6404 23196 
44423 87673 
53753 79741 
93487 7695 
47376 6136 
85620 10553 
51174 32747 
10223 56338 
15888 38326 
45574 90748 
65498 53310 
82129 95015 
67479 80823 
2854 52826 
9872 38107 
15852 55014 
97229 32940 
25227 38621 
94824 54530 
95023 35999 
95912 76464 
7999 91708 
60340 40440 
46141 90215 
74511 13874 
23008 25825 
12445 91879 
79366 37714 
35620 44698 
13037 27624 
55304 95363 
51488 75484 
95237 49153 
91402 69143 
34837 86400 
23333 68365 
83469 73207 
31496 30397 
34896 40884 
8879 34656 
77670 34201 
56038 57466 
91993 30984 
38334 64288 
46522 91182 
60803 6485 
19602 2194 
82464 32471 
8568 49072 
32605 48912 
58065 53165 
10408 96694 
33728 90821 
46273 38482 
91094 24968 
78273 89963 
41303 56696 
50421 65216 
94900 31432 
70756 48192 
72983 14823 
76744 46895 
10964 87185 
43068 34605 
44379 92142 
32632 33382 
58459 15056 
35421 49069 
3593 59909 
61850 24176 
27342 39463 
57343 35228 
50335 92887 
83059 24603 
18136 97435 
64099 23338 
94121 46359 
40937 91024 
19405 23911 
72458 71696 
55038 20118 
29678 40448 
38959 92949 
88102 94548 
35629 3560 
73614 24955 
29778 21494 
41917 89362 
17372 21032 
74749 96306 
76692 67336 
57452 1372 
60310 21570 
61952 11134 
34824 77914 
96790 88269 
9312 82164 
1582 52109 
35813 71582 
57122 72941 
35507 18702 
54318 65472 
2829 58010 
15265 97137 
66391 23723 
87941 40310 
40400 29327 
42411 13965 
83128 75120 
80853 79992 
90070 78671 
36352 82100 
88560 84947 
76091 41128 
67893 27782 
43468 49600 
74445 82449 
70589 40460 
24783 70263 
67722 40217 
41432 50477 
49487 55067 
95751 62172 
88949 80096 
50292 59408 
206 66279 
29012 16573 
37687 27749 
7924 67736 
66103 22688 
11009 83684 
98823 95201 
16646 83448 
24431 22650 
28354 23273 
41323 73194 
40287 5339 
98399 41659 
32707 935 
96305 98337 
65603 88415 
38078 55000 
99599 64892 
30727 25099 
62522 2502 
29932 31057 
97230 84957 
88946 90534 
71743 78224 
19727 95674 
6247 60308 
99427 84625 
73196 59479 
58603 92954 
56521 27696 
68853 64138 
13886 6550 
7044 92894 
71932 26755 
10917 72888 
98637 19010 
56552 21246 
39197 4025 
82050 56282 
72240 72534 
53744 11981 
41725 62348 
21349 83062 
46534 88786 
36687 7770 
24550 87276 
16987 12114 
50934 82503 
18191 58846 
81330 7119 
46349 67245 
9911 54924 
75858 95668 
79440 68288 
62179 7809 
75951 27709 
33639 75744 
64175 32569 
21988 8094 
71506 36469 
44665 30032 
8076 27963 
82998 83328 
18444 28083 
10118 59294 
96391 9741 
9886 25225 
58532 30900 
93916 55801 
64695 13349 
67592 34949 
93445 92003 
17958 50769 
29678 5804 
96456 66378 
97835 656 
47720 12935 
79120 67229 
91955 17575 
83965 42077 
2948 48642 
12066 59153 
36295 33346 
21433 50682 
53219 78846 
45220 61233 
54136 6784 
40485 56943 
83145 93409 
26568 83025 
89706 92675 
72456 46985 
36967 8101 
22255 82457 
27581 70671 
5835 79088 
77321 74669 
67719 47632 
4373 21121 
61474 26206 
17940 19387 
99112 23609 
83628 1434 
15468 38674 
15044 10472 
6007 90808 
91162 35884 
23207 46210 
27200 79743 
71430 26661 
33131 56738 
23122 43388 
78408 48937 
90198 7174 
44077 59595 
23640 27692 
84185 36055 
81621 30019 
37234 60840 
1870 84307 
25401 42130 
37546 65812 
54347 70080 
67518 36793 
79651 43821 
71778 69211 
37277 15483 
70569 7767 
44910 42207 
61898 6467 
68655 84881 
56233 58742 
15249 43181 
99472 81091 
53849 70550 
95687 3268 
93372 69831 
89690 64249 
41512 30547 
46107 12503 
49742 32206 
66441 61553 
4980 4491 
18533 57374 
63062 4843 
13830 72864 
31770 46692 
57058 56443 
1868 87463 
10173 26769 
93471 64506 
57871 23644 
32022 49209 
35471 96355 
93268 74813 
81665 35015 
59837 81837 
8377 27934 
13372 16505 
37926 58571 
45635 12225 
43685 39355 
9633 81880 
44617 16458 
47475 49622 
46341 69534 
25587 54825 
91780 73534 
79833 67994 
83009 85865 
23208 68687 
62555 71507 
97000 48882 
97186 81125 
52636 21715 
90159 52777 
35947 35160 
58903 16538 
8131 12969 
54304 43127 
78450 71066 
65010 92626 
42545 86587 
45612 87392 
17206 28919 
31079 54486 
37545 97291 
51498 57256 
35743 47901 
40919 63138 
51882 35037 
42079 75320 
36860 35288 
44737 89595 
94956 71691 
59591 24565 
79379 5544 
21953 13265 
97937 17620 
39850 37376 
7964 57638 
49680 31366 
79731 1099 
19264 83238 
85786 16001 
42898 10959 
30030 8406 
5915 99277 
64785 85499 
57323 40262 
56732 47518 
18221 32759 
53304 95813 
70994 60877 
69978 23285 
19703 89698 
65860 35627 
85597 87573 
94 36970 
3369 8724 
64809 2002 
13531 47260 
71684 48055 
4217 4331 
28689 15336 
41740 93803 
81146 61204 
43401 48663 
6980 75293 
88330 80315 
49883 26260 
32548 85971 
46075 58099 
92974 95562 
50465 64182 
91759 98879 
96204 80591 
7129 96128 
28014 56804 
59797 70611 
34096 81411 
75083 90982 
64077 63313 
99993 12302 
61126 94731 
21842 60080 
55246 51327 
30369 49554 
61727 16916 
88873 13648 
3801 55470 
31508 87359 
31831 91488 
83723 23786 
42635 1343 
10673 97543 
12093 62810 
34526 85036 
41724 57759 
25704 97863 
85679 73859 
65413 85547 
68422 5154 
97201 16902 
25371 8494 
33845 95482 
98824 33060 
62505 63908 
99769 3602 
95879 4316 
2483 4517 
50006 47699 
73331 81508 
90389 63649 
47734 50337 
77279 13795 
60050 78053 
58247 17185 
99902 81086 
1569 93915 
15508 66718 
37497 24523 
9642 29703 
76148 86957 
77074 4193 
517 10381 
13699 62614 
91048 15640 
87032 47776 
24205 95920 
95334 22262 
1690 27911 
58379 19996 
9182 93782 
76693 88924 
73932 37280 
68082 20847 
89054 73507 
40380 74710 
99033 21221 
87531 13031 
95724 28948 
2503 87645 
57074 21771 
84991 30592 
71786 4341 
84455 28703 
32332 17477 
59785 86336 
46009 60665 
55698 9712 
9123 60825 
92989 78429 
12931 88924 
44810 4991 
1647 294 
24406 21558 
82571 2010 
41075 74634 
96335 31180 
90582 53051 
91288 61769 
33868 22318 
10208 44318 
83620 89349 
89786 22924 
62094 75526 
93790 66865 
15580 33211 
49294 488 
70979 1086 
32062 14254 
98204 57046 
51933 92309 
98435 93903 
21988 97491 
72758 12775 
56281 13393 
38304 1787 
30126 54910 
49727 43595 
54155 23635 
52713 74252 
58839 2546 
43164 98043 
59630 55611 
30839 48200 
74619 22253 
9420 71759 
96301 74062 
16320 8353 
77045 31713 
25060 27326 
73811 23716 
50591 85350 
11888 5481 
63693 67581 
69662 47083 
4417 79379 
56873 41198 
56512 62797 
57314 78876 
94876 22241 
33627 90117 
46292 57113 
46601 48677 
10062 15753 
24313 96082 
69615 4609 
27471 48518 
88778 9344 
96481 12107 
27097 10420 
33067 46983 
27479 4777 
64636 88678 
26362 77271 
63170 56506 
11734 856 
42050 52945 
7557 82835 
34009 85481 
94470 16022 
61333 22914 
86148 38292 
45461 31836 
68267 51730 
67271 25809 
72772 3492 
81666 99703 
3964 84487 
10453 14722 
54921 59099 
86045 45843 
52853 99460 
95202 2707 
50206 61122 
76768 87441 
34708 3520 
60324 58450 
65975 28208 
93663 27932 
58938 80638 
96190 32653 
25054 37105 
92605 82488 
51103 77506 
26671 9287 
42372 26667 
28370 9814 
82088 32277 
9433 840 
62235 35805 
92005 81885 
22173 84324 
33121 31703 
91018 25768 
93700 48269 
67283 27896 
14931 78846 
85037 62152 
7194 76683 
9678 97567 
27101 63905 
78373 57016 
16727 76410 
50347 98374 
5826 15844 
60399 96506 
32547 36227 
75372 18524 
21122 48310 
37801 4372 
66006 33481 
43530 87568 
11138 20834 
40829 16774 
80231 95952 
57395 67932 
9460 78028 
58566 68757 
57417 23153 
15213 92695 
18885 85886 
12970 17800 
48738 98691 
65806 87497 
10223 9372 
6459 54820 
97891 50347 
13774 39485 
49599 401 
2801 78019 
54309 39505 
47266 1171 
82811 90372 
26077 29978 
17028 86571 
85577 42095 
30228 6390 
87484 23374 
75251 64028 
68845 86202 
70765 55310 
74737 5717 
36609 13765 
37109 97788 
18435 44762 
63846 38503 
59139 70320 
70988 3948 
20007 35272 
38025 91158 
27996 96673 
91263 66380 
27277 42639 
23503 75187 
42913 64245 
39607 40457 
22472 34708 
76999 68891 
7423 33721 
87750 84454 
291 91668 
84630 8068 
35864 18361 
47322 6810 
35128 24022 
57019 43073 
19176 36418 
77662 64336 
86952 67372 
30362 87630 
15512 84323 
13839 49233 
24392 98160 
8227 9794 
56671 87265 
62168 27838 
68533 39497 
3846 40445 
86375 8807 
35470 18969 
85928 51229 
67666 99708 
71408 26188 
25357 24768 
84357 23383 
9927 66689 
51622 2943 
33794 51928 
89842 17121 
53031 42923 
19834 15481 
11217 86204 
8431 22354 
73472 84914 
47629 15271 
73457 8086 
1270 26157 
18076 6168 
98081 33264 
94754 62535 
26479 11115 
4346 74101 
91412 58206 
99112 20663 
26347 27751 
39647 52219 
14602 45463 
97260 96264 
63358 10171 
19017 62961 
90963 38023 
41504 5060 
33575 29076 
86363 71588 
50700 6296 
95709 79583 
10874 1261 
68807 16516 
68468 38357 
42694 77561 
579 99765 
18942 36485 
58940 37284 
76304 46708 
5977 33802 
24782 69940 
46415 7214 
50417 33808 
36254 92609 
72151 27040 
49457 34773 
82159 50983 
9359 72359 
69287 59660 
46604 97508 
31590 37033 
28303 30282 
68421 79793 
14154 55972 
5124 76745 
34432 35121 
44111 1735 
52034 11098 
54955 66057 
66161 8079 
13077 8448 
38789 33504 
71749 35964 
76705 73394 
5309 67489 
81686 96359 
92867 73064 
89317 62669 
21229 46895 
52956 68479 
73392 99634 
93543 42118 
34646 6417 
28200 49254 
92216 1123 
11022 56860 
26293 64494 
67952 52080 
90462 13948 
84328 11389 
57697 66354 
8440 67925 
64496 11498 
67390 30389 
20155 3632 
52537 65658 
60808 51221 
20995 69003 
18578 60907 
76943 10807 
45013 70699 
41886 66719 
74975 89532 
96585 9356 
42247 45589 
78979 64010 
61325 34159 
52273 8250 
71229 47323 
15210 25854 
96634 62346 
12624 9233 
19230 63472 
18530 41295 
67906 72634 
6253 77657 
30254 68640 
90563 93170 
59821 81495 
25272 52917 
3652 58801 
66438 17158 
2877 14525 
66092 92140 
25474 86957 
44318 94265 
74756 52289 
98554 3769 
79799 63011 
48137 45925 
14684 6196 
79403 52694 
12320 5746 
52064 25817 
35560 24805 
51117 43556 
43444 59800 
20203 27568 
43596 55942 
92112 13879 
53179 15531 
40055 52466 
263 15032 
9335 93652 
85070 94654 
53245 6335 
86284 35020 
89259 13025 
41446 89551 
12043 19704 
52452 98286 
48302 64742 
67248 69136 
15182 10409 
67040 75939 
48682 52952 
44710 89177 
1501 32787 
94560 24879 
70718 85054 
46142 69944 
4915 82571 
65640 18023 
57603 88197 
17096 29105 
99240 51660 
22795 8072 
73660 57094 
87169 82729 
86385 51881 
51837 50235 
42094 64771 
30727 52310 
6416 51895 
33712 34273 
53257 92910 
24785 40686 
73029 96382 
76509 1270 
59444 63418 
76345 64762 
62923 1650 
12425 45518 
97237 77857 
16425 57903 
12616 46809 
69436 26907 
3404 96396 
83064 79916 
1184 4640 
52455 44207 
15381 12891 
40570 97483 
22484 81321 
93723 44637 
72337 7777 
7260 22961 
75327 59123 
57225 70110 
57858 85370 
88971 24423 
25161 61245 
6864 65546 
50246 27255 
40610 44836 
15752 82904 
73193 99637 
71457 18374 
2997 93269 
34381 57838 
78442 73470 
50700 27474 
87271 96015 
59094 54354 
4624 17375 
43700 48541 
4135 20527 
41486 20063 
14477 1415 
73649 34871 
60188 10051 
3569 19445 
60007 9889 
84858 82416 
68625 91847 
52220 33381 
38408 55243 
25128 44036 
46559 46894 
39719 14798 
80106 31790 
97849 81319 
96239 53966 
23919 19560 
78717 34616 
49854 85583 
92428 45967 
6536 56750 
97658 94069 
86029 24726 
23200 41423 
53086 27493 
13199 1221 
26711 97543 
56429 39012 
22989 46435 
78708 24695 
48875 2167 
29236 88034 
63352 65047 
19863 44244 
77130 50267 
82655 72701 
44937 40880 
95587 51478 
15554 83639 
88785 73140 
43844 21909 
84484 93121 
36352 74848 
42691 91010 
97425 40117 
81528 57200 
66390 18536 
16331 52608 
87925 33457 
14786 27549 
37590 45059 
96761 27364 
32387 40315 
16925 57014 
92219 13089 
55887 24614 
82333 35651 
11276 34767 
59079 62804 
24039 56542 
61722 2918 
97229 48099 
41624 36334 
64616 80179 
96717 60930 
44706 64097 
84009 97083 
72085 56351 
15773 89807 
32491 81591 
6083 4579 
40590 88472 
23550 25132 
90186 28756 
23364 26481 
75430 29062 
77190 14477 
28540 6775 
92984 94402 
44695 66888 
18444 55423 
67938 4930 
51637 35165 
93296 32619 
40191 59224 
99802 37542 
36544 34155 
66676 85881 
90849 9249 
40678 78116 
5442 12395 
16462 71606 
45201 8352 
63763 91114 
96621 23986 
85316 58565 
95145 34299 
17654 86726 
95019 5561 
93266 97980 
38894 47398 
67070 49033 
95402 34380 
72764 65088 
72126 19482 
15319 12963 
78623 76724 
24753 71578 
9620 78364 
93275 90415 
42000 33209 
92998 61760 
90873 86927 
24635 70956 
49810 12679 
78954 30379 
48226 974 
2213 47472 
94927 91305 
44431 24955 
41016 74990 
35038 42166 
87611 38535 
74320 20538 
84259 9943 
51032 33298 
12466 16543 
96659 79777 
25391 62282 
65022 8052 
19592 84803 
82282 36184 
47571 58257 
46853 91921 
40928 66443 
71344 63490 
3081 82711 
49378 30006 
47817 58008 
98961 18984 
5308 36479 
81075 20617 
90806 89284 
17247 73715 
32858 81541 
33070 26558 
87688 64811 
36014 67470 
24289 18060 
95323 14501 
50814 43739 
29390 51389 
67002 62461 
21748 97834 
69682 39653 
80627 6137 
8781 20670 
29030 83367 
89820 47021 
62369 48498 
45524 75679 
38906 47296 
53981 25903 
74637 64302 
63659 33549 
98670 90809 
96666 1547 
87801 30564 
40771 97025 
39679 50733 
7987 60537 
62808 14729 
32958 60866 
58617 65597 
7885 50114 
45917 63911 
2422 48069 
31280 22525 
96730 12319 
60237 22023 
63819 31096 
93660 35324 
73301 9597 
41289 37683 
52881 7262 
50079 29176 
36172 23506 
88907 50786 
45823 22419 
93148 32318 
9524 33160 
32702 70638 
83055 62080 
45319 101 
59387 5065 
33380 83539 
75712 54122 
56781 21817 
91336 50975 
67168 52703 
98521 52199 
19482 85690 
45652 35407 
65624 98413 
97510 94030 
82037 2414 
30968 39471 
8077 71294 
66092 53673 
75281 12634 
62410 12635 
88990 56601 
68023 31945 
83246 28762 
95260 69087 
7489 72405 
10763 54131 
19308 86513 
70136 10311 
51327 49579 
97741 69100 
92298 6552 
10726 80545 
72569 6461 
13057 68996 
72310 91654 
40085 86734 
77230 56093 
17121 73631 
90998 9748 
6495 39639 
76163 8932 
56755 48713 
36114 38255 
34938 97736 
69440 58906 
18268 52070 
25054 70095 
45152 20539 
61509 65724 
77021 26991 
67188 6768 
2335 62997 
29377 71319 
22001 86839 
49715 88887 
91466 67607 
91096 13321 
58914 60066 
6845 39558 
31297 35868 
46816 23448 
20315 89777 
57039 21006 
69008 85739 
89659 23706 
36294 6980 
18090 29819 
21544 26718 
8703 58281 
44227 21668 
34812 81222 
54664 9208 
31315 24038 
41115 868 
79096 57758 
15696 29786 
77115 87481 
7020 27796 
7099 22763 
61032 99036 
20841 1101 
53115 61270 
83338 24047 
44370 3565 
86355 56973 
72871 39507 
6444 38144 
56716 18873 
19093 40515 
99885 97454 
96356 30541 
34170 54683 
9190 72285 
875 91792 
27702 32269 
74506 39397 
62566 50714 
57345 52751 
19157 58252 
28560 75312 
42233 33660 
14455 6882 
13515 17795 
57450 21225 
27088 21686 
592 39915 
8268 92607 
71633 84089 
60458 30932 
46167 93862 
21435 82759 
92820 26340 
85665 68489 
55156 17488 
2422 45950 
4768 20552 
90867 48166 
7893 14300 
22676 80481 
83961 8043 
10460 9519 
98636 57192 
5884 27329 
26184 43093 
55283 28068 
36423 63889 
82514 91715 
10039 29403 
68914 29553 
62727 52325 
78422 9536 
63373 80427 
32299 46156 
64432 20105 
72330 9084 
23676 60241 
64008 77554 
85644 17179 
81915 43414 
8434 86570 
88355 44701 
66846 5885 
63284 93769 
36472 2617 
68666 49242 
64930 27477 
33604 69441 
66292 49346 
27961 76427 
32595 19315 
51640 54469 
42424 94839 
4298 4435 
60658 51816 
15984 76560 
65811 2395 
13065 7986 
11762 79340 
65725 98622 
29233 43983 
13480 69144 
99024 24134 
93334 58296 
83797 90710 
1552 33188 
88120 37480 
4530 5896 
27500 36935 
76787 72449 
26328 7188 
84887 16120 
31888 39676 
54892 46006 
27057 5571 
57954 73946 
47815 79941 
23748 68128 
63348 97051 
44647 60091 
56336 77636 
64920 23344 
48900 49520 
58687 86430 
55733 16678 
87959 91058 
10103 18622 
97839 56760 
689 61967 
49771 67564 
77619 99069 
15731 53301 
34647 74841 
56324 98383 
51009 62153 
84003 74334 
81344 58674 
68938 58789 
14930 23582 
79567 73351 
86547 91241 
62447 45438 
10422 10789 
56731 75118 
26012 25498 
7483 66963 
89783 23845 
88960 69039 
20669 65421 
74154 46452 
8575 9128 
90040 5210 
25060 48537 
79384 73682 
33245 89880 
49402 43563 
80037 91792 
25167 70008 
67905 22794 
41387 31469 
45745 82393 
24 53791 
28769 74778 
93199 10219 
55894 20275 
40906 19268 
19768 39026 
21327 75746 
59346 43819 
77821 66739 
87860 34546 
71197 44006 
40027 95470 
8445 46971 
61547 58282 
19811 96380 
31179 8896 
74993 7710 
1123 83967 
26154 5514 
64975 24329 
40597 55187 
14152 26858 
39121 66965 
23504 63718 
87474 68513 
14713 18480 
97741 87065 
82140 22354 
84146 29846 
29907 60528 
83449 2373 
61326 58591 
93962 58238 
82162 52072 
9193 31124 
27772 88309 
22220 60025 
829 9191 
55117 82051 
11086 15759 
24112 33682 
41608 21191 
85603 70980 
26864 57439 
20801 92006 
17299 12541 
7436 20582 
22238 40627 
95864 89535 
68410 4667 
53845 43683 
84918 83219 
69378 68093 
27124 96748 
4204 35507 
81720 86519 
71921 58336 
53153 9653 
74146 25258 
17618 97606 
65740 207 
44985 62157 
35852 62419 
31318 22937 
85362 70190 
55045 73583 
53301 38172 
68384 99812 
94910 28232 
62283 12003 
42220 67316 
97917 57346 
84391 22257 
80705 32144 
89521 81080 
63820 23594 
52219 13133 
7367 72139 
91980 6227 
86643 60465 
46238 8001 
38338 3261 
98926 30826 
57050 33059 
60520 14846 
6160 51783 
68703 82099 
86895 45084 
10188 56208 
17308 37102 
73678 66715 
8950 96978 
31546 4921 
93174 95275 
13554 48947 
41274 48386 
79764 29767 
43093 82095 
21755 67049 
57265 91627 
21404 63941 
22911 74860 
74646 13278 
27391 67795 
44036 34218 
57637 16966 
38365 27927 
23620 82135 
30214 13702 
31661 74474 
13016 82772 
2577 331 
68084 86067 
75090 98783 
59001 54318 
8420 32350 
95884 34158 
99685 14555 
15254 12236 
61477 35483 
2595 90865 
62938 77027 
44136 73386 
23640 93221 
32029 15136 
63793 67864 
62769 96813 
56537 51604 
62596 81050 
98526 23671 
45559 20098 
13508 19697 
60031 92809 
30311 16329 
7693 62473 
31381 65813 
25341 63563 
50970 29277 
4352 45079 
13080 66141 
85237 20945 
38439 98892 
5431 3754 
17076 87414 
97324 27217 
38458 15106 
30508 94750 
94696 10253 
67300 26910 
23997 387 
53846 18774 
41297 24836 
444 59847 
10946 11250 
14186 13719 
52342 55523 
34656 2448 
33567 31418 
89090 91514 
368 96087 
27303 25208 
8241 50776 
18615 19443 
73887 62185 
93152 79219 
39017 49270 
88070 71359 
44208 92715 
15648 49657 
43475 29880 
4628 99156 
51224 56694 
78801 39101 
2428 69816 
27558 99909 
24157 47298 
91954 68585 
61972 84067 
36842 79061 
78290 69717 
4689 9268 
41401 20457 
49943 35053 
53697 54441 
34147 82624 
25503 30339 
21484 15788 
86986 52644 
52017 92024 
44757 84068 
85621 22311 
32069 95289 
3466 73619 
71932 25402 
25846 60116 
70983 22603 
55281 79404 
88630 83961 
82024 63440 
80767 15560 
95468 30357 
255 89889 
29389 42967 
47418 86007 
31603 2544 
2953 59865 
89297 32307 
42936 7090 
60173 34075 
31025 48595 
56486 33657 
6483 90599 
4191 65816 
38325 84925 
52606 88025 
95654 42894 
41347 53724 
92174 36731 
40802 20416 
98903 56030 
69948 15725 
83281 73705 
61091 35359 
25107 15746 
84932 998 
80219 22194 
71322 63179 
11309 32937 
61212 94576 
81940 31223 
3466 82394 
14649 30266 
66608 95139 
46865 93850 
70013 68633 
79489 40546 
51651 28905 
2057 92987 
80244 45467 
95763 98536 
88505 87494 
60992 65833 
51128 37537 
89550 32793 
56287 2673 
3452 6055 
22623 51373 
11906 89220 
95045 95850 
96038 47862 
12150 34304 
16950 42948 
75660 65232 
56842 1110 
67991 86826 
45240 80201 
57935 98522 
92770 31575 
6385 28851 
53434 56768 
34144 24048 
63053 5546 
42091 45193 
56267 64743 
80295 38219 
47445 42867 
47179 60712 
71855 64158 
62391 72198 
22631 47574 
97812 20489 
86339 61158 
69927 85671 
75365 10264 
93793 75420 
78888 39352 
73923 627 
5840 1343 
60631 98642 
73073 75992 
31724 13013 
99822 99290 
68907 83150 
5633 99604 
85863 45173 
73049 23074 
30689 96023 
28645 70730 
29225 26952 
16426 62870 
57772 89632 
86111 92403 
33805 18359 
95512 28213 
91509 95234 
30983 82012 
65301 11683 
82835 57732 
38992 49327 
73643 61191 
30826 75945 
26537 59598 
75357 28174 
77844 45367 
31992 31581 
83869 76837 
96964 90871 
45135 39615 
20640 68252 
73052 96640 
35243 56361 
53788 72462 
79477 43654 
22017 47817 
65941 64781 
43236 24273 
74888 26248 
17547 55525 
73560 98525 
60038 31866 
54189 69763 
83329 47431 
55743 63430 
6397 75995 
84577 32402 
40427 30425 
77366 55460 
57231 83334 
56067 78608 
28710 82040 
9114 63287 
36822 99625 
95648 26302 
92733 25726 
10304 82154 
71062 15598 
64953 27477 
60592 84090 
40711 39420 
56301 52331 
38694 95037 
69274 29278 
11171 57168 
10819 37681 
86126 13768 
15008 74616 
7734 2270 
99940 30419 
2817 98348 
32139 76655 
49112 99298 
50802 73725 
64978 86264 
29044 41765 
62206 6682 
97784 84670 
3623 78545 
34596 56425 
85471 81487 
24642 11334 
20831 66187 
33697 85325 
34883 83213 
94322 14193 
95358 5182 
95396 6452 
92274 92012 
82506 53429 
49892 28009 
22108 77277 
808 41694 
55888 88786 
77185 4511 
73449 51196 
77351 92937 
61191 23627 
47354 90030 
43198 88360 
76510 97068 
15957 49825 
43604 23689 
92909 30039 
66106 25826 
17110 75129 
98634 64727 
70686 30655 
98839 67484 
8319 39654 
29011 79757 
68635 66627 
89921 14726 
72170 53123 
89749 18859 
97505 66177 
35438 94666 
38161 9506 
96394 43382 
82051 29219 
31202 16411 
22543 60708 
86839 93349 
5603 31491 
76868 36539 
41020 55925 
20178 7368 
57394 32060 
75070 67900 
60317 78329 
34825 32920 
61133 28339 
60360 82126 
79643 35713 
13200 89931 
88352 27769 
17687 81233 
58053 86732 
25211 75508 
85043 30285 
75216 38713 
28731 9394 
47835 22736 
65095 40736 
81224 35512 
66217 43428 
83026 51428 
49049 55370 
99849 41268 
97571 63182 
21254 73705 
51693 91543 
85471 16217 
73517 62677 
22905 42320 
46998 54791 
20461 34142 
40563 59478 
14831 54590 
63928 62395 
26091 51775 
80120 48992 
24311 49849 
91626 67593 
81362 75020 
5636 65876 
97681 63304 
97496 53569 
9504 97406 
33763 34148 
75903 24175 
86703 91369 
16936 11151 
70557 12684 
24346 11031 
56595 80876 
94425 16227 
78756 67713 
39033 2190 
24573 18987 
15239 77830 
17123 28964 
76622 84091 
32914 64142 
90030 7623 
67879 11100 
80397 5518 
59079 91327 
63241 69162 
93254 7086 
99520 90572 
85000 56707 
60774 32889 
87155 85121 
23817 48281 
3883 16030 
23712 31076 
12971 45793 
81371 41733 
68026 65929 
87839 88128 
43537 21069 
71166 4634 
6176 2273 
93741 26612 
44263 21793 
28077 18167 
63943 14713 
37234 74425 
65459 65308 
42439 86060 
45775 61547 
94906 23475 
34848 39855 
81494 70733 
62026 94057 
84523 15278 
66305 87384 
84954 78436 
9615 24461 
45073 53852 
25824 11426 
31961 6251 
39809 56606 
46206 71303 
20741 41649 
1705 88861 
91630 23557 
61845 96495 
3210 11764 
74966 7966 
94413 1223 
67729 2193 
3964 32398 
48848 52249 
68025 92140 
47647 31068 
37376 65587 
61960 40772 
74261 98584 
18146 25955 
43820 32528 
52330 47695 
97937 29124 
6454 14763 
60369 11231 
95298 91212 
61187 7779 
41412 25408 
35827 5706 
93661 74594 
99489 79899 
42154 31182 
31123 93334 
17338 92228 
52931 33932 
14322 51939 
71079 82058 
14819 38539 
51233 83201 
88563 61478 
38563 34030 
43664 82694 
96034 76839 
61091 76539 
27050 37369 
92308 96974 
68983 34016 
21066 27770 
92602 32654 
90461 51701 
19112 20616 
74568 38093 
71280 25804 
30342 14619 
8043 12480 
99913 58818 
53020 43976 
46028 17613 
16526 14371 
94101 38940 
27956 16137 
23184 78658 
40819 28808 
95143 27967 
46246 84934 
36428 91892 
32446 93883 
90035 37702 
57382 81506 
36614 23695 
59826 34236 
43157 13353 
20020 19896 
35281 77680 
95301 94300 
4850 89368 
98342 92673 
58545 16470 
56084 47975 
84932 30379 
85954 74432 
67699 53158 
52621 3857 
947 82656 
23353 64804 
68776 50348 
22909 50181 
35868 86452 
99972 27602 
58360 89656 
56268 8600 
65066 24635 
56805 7770 
77887 99569 
35085 90949 
37280 7992 
30656 32757 
73724 54546 
48059 78137 
19354 22609 
5995 29955 
85273 83263 
53437 65307 
39536 89697 
65469 16862 
8385 48883 
95784 42394 
89061 13274 
55052 45583 
6323 89237 
4787 4242 
66826 16084 
4878 8331 
65572 29827 
29607 9396 
76889 89138 
71751 35561 
18732 7517 
87306 31732 
13579 5289 
94362 43375 
81782 67820 
28859 74054 
93975 72201 
77218 11841 
77963 23665 
51255 37795 
22516 25134 
44312 871 
45560 88533 
9229 67977 
97516 84908 
28527 35290 
51841 21859 
5112 17554 
94345 31461 
87823 15743 
60416 49580 
60336 293 
85036 68368 
64184 37080 
24293 47736 
97097 26322 
79099 78732 
26377 20857 
1883 1993 
83699 39491 
95290 97828 
62507 93596 
18228 81002 
22086 693 
99112 52889 
13413 67441 
18718 86465 
81091 86271 
65813 45429 
62892 4856 
87555 67810 
3906 95661 
53636 76490 
25791 74006 
28240 14362 
43291 87417 
97106 40211 
99970 26447 
28342 62901 
3039 87741 
55098 36099 
73147 53795 
55813 83497 
89219 40683 
73468 75398 
660 4977 
59122 31512 
99697 94120 
47001 81951 
95135 70742 
68466 78666 
5469 40694 
90457 12937 
94104 67043 
20329 61046 
2304 57810 
53460 49879 
96562 73949 
52652 6960 
36227 15864 
39011 35311 
84501 11717 
42882 32515 
31354 48826 
10385 55502 
70417 60674 
86158 17829 
73582 6326 
96185 94611 
36825 56541 
35911 1740 
28674 31377 
28300 10688 
58782 17842 
54138 57928 
98228 32884 
72554 8882 
25439 87044 
43614 40325 
42066 47071 
36802 12278 
1643 92064 
59307 10711 
20553 6974 
66236 55724 
95594 59775 
21267 86388 
35347 64136 
60668 53069 
23585 38177 
76256 70807 
72126 31646 
73567 13169 
87825 8843 
80366 55066 
73774 42661 
77591 5079 
8380 96300 
99924 3145 
97569 43556 
6413 97813 
75230 5984 
52912 58780 
34866 65842 
7568 25057 
11468 47399 
38201 36863 
96816 45982 
66126 50227 
63651 24135 
24838 87267 
94609 87261 
83921 32277 
60324 97373 
98672 43968 
67775 82845 
24132 17620 
4730 54528 
88573 97379 
39059 44160 
55960 8586 
92718 39660 
19509 52766 
99368 3753 
59173 83776 
71871 27301 
64755 62646 
51331 86748 
73292 70725 
82866 46344 
94492 46060 
64967 70063 
1175 96255 
49082 85617 
43070 32604 
23982 73513 
1764 64908 
5472 37798 
42184 94114 
66222 51947 
31768 40856 
82714 63308 
92251 51894 
46778 82554 
21045 33671 
87658 80820 
69234 72378 
77277 66486 
91442 13352 
46085 16028 
89196 89117 
19861 88929 
53863 4992 
98789 65307 
77829 13980 
39378 6773 
43341 38487 
67002 55926 
17246 25463 
42299 58014 
76860 53664 
28181 9426 
67284 46989 
55871 12034 
43706 86235 
68163 39831 
83592 53104 
26031 4888 
63110 84945 
711 43312 
79771 66438 
37590 28762 
68948 35332 
70464 60956 
5825 33348 
85201 69717 
6262 90466 
80308 21277 
40193 91110 
48637 12872 
49370 34071 
9182 94112 
17630 64565 
50881 59172 
76330 26413 
11336 12537 
40194 55101 
2553 22865 
59525 8356 
13057 44448 
43616 9873 
61188 3849 
57126 63963 
47874 20451 
16310 84137 
58877 54010 
15216 67036 
96265 49694 
93290 34596 
76791 81710 
15324 61997 
20878 80282 
72265 6660 
70099 63547 
27139 54486 
13278 85928 
24170 3480 
71804 57543 
51178 12072 
93241 85463 
95405 49684 
29000 36896 
61162 472 
26613 26858 
24040 87678 
50077 88429 
80871 5661 
52738 92393 
17267 69413 
66386 44890 
55247 17269 
37482 6617 
62341 31507 
36872 45231 
504 73657 
92865 53736 
68301 66620 
49210 42017 
43015 94050 
29316 36072 
60712 28957 
95932 97 
81736 48143 
31567 30239 
76721 36804 
29088 55684 
33945 38538 
74198 22656 
32662 59980 
21938 29981 
49049 96431 
17859 31072 
61503 5099 
91200 16493 
224 15926 
52172 43707 
42386 36532 
58364 86174 
88670 77363 
76335 32676 
69522 95957 
53589 79532 
20225 35064 
33448 23328 
32725 8393 
90710 79855 
39121 69876 
39566 26130 
6828 87597 
66844 86682 
28637 31905 
73502 62761 
72262 78740 
65141 33659 
13417 23837 
18396 43031 
14064 1213 
64176 19942 
23227 224 
71059 74279 
71562 79497 
82502 49253 
2900 83143 
60119 9894 
36029 74952 
11886 95767 
78250 19599 
38970 68586 
18548 56441 
17734 40938 
12716 31083 
44555 81064 
35370 72660 
10224 50426 
14494 30657 
37983 45744 
83022 14082 
14673 85258 
78935 7969 
68011 146 
429 77391 
94634 66365 
75966 7588 
23396 39606 
40328 70303 
6251 36631 
17305 51034 
65135 39949 
97220 19676 
87394 89600 
63225 77923 
54611 65768 
64149 70767 
10071 58988 
53653 6587 
18660 70943 
15550 90570 
49647 88116 
73346 39579 
17571 23040 
38451 13089 
49387 23438 
85925 64447 
7041 8240 
59281 89455 
83820 1280 
96532 25167 
10092 98426 
38563 30777 
49469 21939 
27863 64631 
39977 87082 
30736 56611 
36433 30283 
19363 63569 
40079 25627 
31403 86937 
59359 46991 
84326 26313 
31829 16849 
59237 40551 
51304 19578 
84688 88777 
86646 47051 
44838 27738 
49015 87339 
8255 49050 
62929 63580 
23790 50131 
23136 79353 
58156 46001 
74108 29348 
56190 45652 
31852 89698 
89268 36269 
78772 11015 
19913 41408 
1504 99003 
51387 45043 
8884 82453 
49881 2453 
62666 36489 
23908 91021 
77110 50144 
20596 89283 
95226 1631 
51785 10929 
29270 32147 
94215 61985 
60957 89591 
17525 34005 
32925 47279 
81411 93895 
27127 89555 
8994 81820 
18121 96140 
87310 82693 
9633 50114 
67795 93852 
11303 40641 
39753 71789 
89195 30838 
27985 4174 
28414 13656 
22157 19922 
79114 84177 
79891 19676 
18192 15456 
58232 81844 
48122 36827 
18800 75186 
71697 78547 
20834 87981 
26821 64712 
63283 65897 
39051 7575 
62199 35973 
51245 80711 
52918 82485 
19445 25915 
87849 31970 
22054 79279 
60184 99314 
15394 85605 
21412 44582 
82869 7098 
76277 91103 
67287 22252 
32632 59376 
46270 53898 
55638 78465 
9219 61557 
25845 46800 
20982 82598 
28928 27702 
12141 9097 
11161 81436 
18739 42892 
19246 55234 
5333 80007 
5643 75470 
44369 37434 
21331 12076 
92223 50203 
36733 14260 
97600 34754 
28531 48733 
1562 35779 
45201 6909 
40104 48056 
17295 85912 
39966 32229 
9873 89721 
6303 24023 
23951 41447 
36859 70133 
41408 45434 
61441 10784 
73554 88816 
97809 68938 
17390 26119 
35446 99177 
45542 47648 
7293 95484 
56005 92648 
86095 56452 
85989 31612 
46891 58917 
50559 8598 
69996 96545 
1210 4069 
19937 98619 
12108 51502 
24909 56080 
92483 16896 
98633 46809 
92464 29335 
91907 70226 
16660 32848 
34646 72443 
84852 15110 
30916 67555 
82424 56868 
99206 38065 
24463 37498 
8124 28038 
16967 26733 
43716 26237 
36190 90341 
58792 73330 
62847 38416 
96892 17205 
1803 48964 
53980 83468 
89789 6563 
39448 24425 
43823 6168 
24696 59138 
31211 85477 
22339 19601 
48377 65801 
21987 73645 
80215 997 
19589 3869 
74278 56789 
16501 83721 
4827 68658 
31701 6773 
20616 55525 
66008 93328 
67256 98530 
80678 19669 
50116 29509 
4422 89576 
56914 12124 
62672 95199 
90525 40114 
30828 94911 
71987 21755 
49266 69481 
61298 67391 
2026 4713 
9308 47751 
53411 88643 
97858 44787 
57115 4437 
47308 73903 
1040 46357 
70672 16671 
27635 85438 
31801 66544 
74356 63999 
21436 56559 
11767 3637 
99370 7646 
17834 70091 
63613 8937 
16127 50139 
98130 17327 
22929 60648 
19603 42550 
93654 27976 
90620 66161 
32526 47088 
91803 28077 
31116 54094 
48599 2684 
31131 23333 
89826 78062 
64747 30724 
74504 46467 
11831 8747 
61145 11992 
27531 55298 
9347 22184 
36030 48549 
97429 34430 
56643 63029 
11799 35021 
26983 78352 
13826 39071 
14581 21302 
18250 12857 
63137 84447 
23477 76629 
2474 20023 
18588 65581 
62306 16495 
54510 49436 
69115 27061 
7475 36945 
72675 34257 
81791 20649 
44210 2926 
95884 49343 
11678 94998 
70686 50951 
49369 93814 
92662 66911 
18736 13222 
55114 640 
65355 47181 
90881 27327 
12887 49357 
97143 59997 
59104 18961 
18753 17719 
71329 9053 
405 95817 
99030 66593 
39857 95047 
69870 59709 
74591 27008 
12138 46971 
12464 76380 
51323 95897 
73286 67131 
61447 63490 
42710 49432 
12851 10299 
52427 96784 
47261 31294 
91390 78760 
28274 51816 
21623 53715 
60774 54898 
19140 8019 
46367 77477 
85633 53557 
43552 37299 
79760 83653 
31148 29793 
98245 79078 
31392 64733 
96469 50417 
35184 96203 
75824 829 
86076 36216 
80824 94127 
21930 32241 
42813 17085 
43542 32003 
79102 32022 
78102 55072 
6427 25975 
31977 40107 
55885 76126 
82128 39037 
82822 67683 
38361 85033 
49628 20013 
19655 69846 
22005 99613 
26961 27841 
59972 24346 
62166 39064 
3741 92411 
38310 31704 
51563 1605 
49694 85516 
1728 59734 
22167 12089 
84153 25369 
43665 15278 
38308 59659 
82993 15701 
3734 14567 
40874 56866 
76974 30608 
41436 97338 
54487 68069 
64620 33283 
24945 49706 
40368 88787 
96298 50015 
74014 57558 
43073 26440 
48960 78915 
37618 51280 
57463 83420 
85334 69516 
43341 49083 
18414 77454 
1365 67737 
15200 89810 
67328 33030 
3010 38732 
50017 26382 
71117 27299 
1764 95370 
67540 42107 
97755 90143 
78397 14863 
95966 47833 
91822 11251 
79344 92334 
29749 16845 
39809 47405 
90383 84486 
49632 44743 
81746 5274 
79956 45489 
42425 66221 
68481 83554 
39481 61616 
8745 82251 
5483 32253 
31996 91884 
26673 16975 
79261 45266 
22554 14323 
16064 30588 
63496 68605 
25096 36626 
57443 14323 
23220 33950 
99400 35648 
88325 17638 
18112 23526 
48852 51922 
73172 41967 
84197 25261 
52790 47252 
7766 45542 
97533 38985 
56077 79409 
28600 60351 
87128 67167 
90497 6406 
99136 25282 
27489 43881 
16787 82175 
797 93712 
56317 79844 
19202 78402 
73006 13763 
99616 90334 
15087 76603 
96090 94244 
56618 17488 
35901 37376 
58495 27826 
79499 4159 
11611 17196 
77525 18794 
49039 48335 
32516 68747 
75167 58966 
85555 94907 
48882 10018 
38831 70035 
75169 64730 
93904 66150 
4906 21208 
32491 93613 
16187 92185 
91621 79935 
52133 50050 
88296 44706 
19969 32661 
30089 18539 
14035 36019 
7616 48585 
11440 3568 
2403 30878 
3232 58714 
59391 10696 
66232 17076 
67181 96091 
51106 58078 
61075 36903 
60760 31656 
14085 31794 
19841 25179 
9295 39239 
90859 18136 
93308 84917 
75413 7690 
94988 77545 
49995 96899 
56303 68001 
25028 99222 
62787 12401 
83073 27873 
80013 28856 
47547 6635 
99407 69728 
56846 59956 
71863 66460 
70392 14473 
60815 42462 
12954 71501 
77793 30997 
71463 90673 
72941 79680 
94597 58520 
40590 70924 
9575 2672 
65692 38576 
62864 52241 
80774 14955 
11936 38065 
25038 99677 
43734 72648 
97331 1854 
72170 48952 
72944 70687 
71759 49667 
10527 95926 
37417 64107 
9894 29347 
21454 68613 
94090 51100 
88012 38126 
79796 80713 
42397 21563 
69024 11493 
38266 31675 
42010 29231 
39067 71272 
56303 61345 
11865 41996 
60291 91000 
61430 59297 
10738 62213 
70391 27797 
43385 96624 
97286 14947 
83258 40322 
98502 97678 
97063 60033 
82395 46713 
83882 11956 
74263 56230 
72355 13668 
69406 22821 
42654 59785 
78164 26940 
19740 35421 
21587 72532 
90785 98016 
19329 96059 
84070 17719 
22384 64854 
9299 89259 
82427 46554 
99988 54143 
16829 46278 
17414 993 
23819 76307 
72606 43976 
25794 44210 
97953 14543 
70441 19672 
53205 40061 
99130 67711 
82033 24426 
99937 16566 
44731 90377 
98686 62203 
40304 90989 
5576 98206 
96845 48699 
27236 99780 
53004 34207 
74444 83640 
75296 54760 
44326 11754 
56093 81541 
32448 6232 
15385 9285 
35062 95092 
85731 7751 
34634 14202 
94279 94293 
22836 49371 
68373 29539 
4340 14408 
81942 14064 
42033 25896 
28738 42935 
49699 53471 
55462 57158 
11714 95635 
12916 16292 
11010 55407 
86515 4870 
76297 67580 
48894 76803 
17485 59902 
36755 36521 
4254 14213 
91749 53414 
56897 30362 
20881 6970 
60838 85687 
25779 64035 
86639 25893 
22153 96745 
95851 19377 
20845 59929 
39710 56334 
70122 60168 
12480 76444 
65181 65183 
4147 64504 
15338 21886 
8201 62041 
21942 74137 
79412 4787 
60802 97178 
3780 10812 
81750 94672 
38259 12200 
34927 36445 
1383 44319 
8512 50247 
47589 81090 
15777 19263 
37807 32043 
773 78567 
26810 97596 
41347 48391 
23845 12591 
15862 89781 
47220 95020 
65648 19136 
85820 56760 
29109 72103 
929 26235 
45364 64444 
50269 79089 
25386 57733 
92829 72296 
66853 1132 
37833 29549 
45250 86987 
34137 31364 
48244 27630 
57331 21999 
32946 33506 
41025 57114 
76407 48640 
16067 81066 
58531 78458 
66840 40739 
63561 27096 
87353 14073 
11403 46603 
21448 55712 
33273 88807 
1297 39665 
87476 42120 
56207 9438 
70639 30196 
49842 29769 
17286 47093 
18086 70937 
96378 4498 
22091 46535 
7286 70533 
1445 68695 
49641 86836 
10926 80891 
91596 60838 
50995 77836 
89270 43534 
56934 24356 
