15303 20345 
12953 51086 
22740 33696 
27809 85139 
38187 73075 
23796 64968 
93993 67193 
95152 8673 
11382 99885 
18530 44467 
55097 29246 
59157 90478 
52933 84734 
87954 56455 
46946 29136 
13614 80839 
99540 38733 
66503 22238 
12062 24701 
32349 83067 
26144 91473 
22770 54882 
68773 3724 
87043 39919 
70884 12585 
14878 21397 
36274 73886 
53531 26331 
62708 76420 
64215 48929 
20339 86648 
72601 80094 
73877 7740 
26050 19081 
94450 45476 
56312 27116 
44661 71317 
60548 19524 
36110 73780 
55831 82915 
52456 93318 
32695 47025 
3097 42973 
31825 36970 
22622 27378 
94654 81044 
59438 86028 
93409 51588 
3283 3247 
29061 72030 
85858 46938 
96670 31921 
51365 20903 
56780 13558 
34478 41455 
18788 48764 
2140 78014 
37642 92456 
12512 29506 
48755 20791 
19533 43662 
17657 36058 
4755 24675 
60730 87856 
49466 16181 
1251 719 
69599 91148 
61022 32009 
23498 28047 
52011 70734 
68365 3499 
24733 27863 
85032 85666 
50476 61814 
12700 69714 
63069 28949 
35353 56985 
62473 48239 
39819 42855 
87340 21712 
21757 44794 
96531 57847 
50347 71730 
60658 3777 
15050 8621 
53869 3988 
68529 65978 
53352 68123 
48665 23109 
99494 48587 
9580 75965 
43118 99823 
16679 85761 
7907 15462 
63932 12855 
25916 16974 
52984 11952 
61943 98029 
33144 59272 
28631 12460 
38885 80088 
8257 30536 
77254 45940 
39515 78198 
11384 14809 
97972 16976 
58319 94675 
97420 18498 
69425 21135 
66010 36810 
89920 53142 
5846 84184 
355 7419 
27607 71639 
27402 71745 
62816 84106 
73871 60034 
95544 21974 
58599 98066 
22587 55702 
75727 57651 
46606 8243 
79825 89219 
30227 1231 
78447 38021 
90769 75169 
66891 67528 
95055 21335 
71331 55143 
21657 43662 
75909 69906 
93983 2550 
97009 89709 
51762 79377 
33656 66337 
20752 40435 
66802 715 
60956 72057 
2263 47841 
22091 4926 
52171 31134 
11802 44824 
27985 9330 
86812 79589 
74513 5538 
10186 37540 
8828 77715 
78860 31384 
40561 82556 
14787 33393 
40803 60692 
30323 92603 
95667 50072 
23884 22843 
27551 16566 
35432 61605 
92228 76032 
93046 24061 
63129 70524 
11554 54003 
95514 52773 
62189 4017 
22708 27737 
18199 60931 
74180 97751 
95539 69344 
20956 58688 
50062 96045 
47712 98561 
62999 21130 
22865 57105 
45104 37885 
88075 15141 
16451 92763 
16792 95911 
73696 99250 
97839 77055 
39499 14992 
84481 31561 
99844 80216 
12038 38734 
74171 77322 
27826 32160 
30493 86449 
96031 80578 
53096 79895 
37147 29772 
93957 19446 
36631 68801 
90670 95004 
10740 22277 
13454 70343 
48770 11916 
11732 82362 
60471 75200 
66797 73942 
44956 76749 
21259 27285 
63169 98883 
48224 4582 
39808 51860 
43598 95918 
42602 1389 
73410 20504 
86902 71291 
84750 26654 
91786 42549 
93655 88356 
70235 36496 
96228 1873 
70395 39514 
10285 44461 
97532 99373 
43995 69159 
37044 99228 
5259 74507 
67689 94272 
10997 6122 
1210 78200 
29014 18289 
9610 31872 
86825 47968 
4547 94959 
11557 31147 
14697 92828 
22993 21963 
66367 45606 
87825 58743 
10269 84058 
57376 57934 
53065 97828 
53314 6807 
46168 45588 
36297 68926 
56224 63775 
91019 12508 
91822 20820 
87805 21191 
89196 77203 
35666 49083 
66024 28125 
24639 37617 
36906 25245 
66290 20357 
46707 96661 
80399 3757 
18655 10231 
43137 26812 
32962 54282 
7453 70588 
48675 41929 
29939 9830 
56581 80457 
90072 73152 
4218 85600 
67550 5758 
65374 62066 
51324 9207 
35934 16266 
89978 66433 
25548 14981 
57251 47037 
80298 54568 
98821 27814 
15389 59307 
46816 56557 
58877 84624 
37122 33346 
7532 61192 
41164 82862 
74164 79255 
28655 43720 
62072 79077 
10700 6344 
36781 82986 
73676 89646 
77789 77293 
3499 58538 
83798 28207 
17122 49296 
73750 94884 
63569 87820 
72932 84885 
30311 57051 
98555 82553 
92474 94113 
62401 69216 
72127 75192 
89488 45621 
32845 76726 
11195 61615 
20728 85178 
28846 55888 
77282 64478 
59527 9416 
91776 80152 
69704 20288 
31173 22246 
74230 14705 
84217 65313 
28388 19222 
82936 53074 
68870 32636 
19621 97795 
65918 52478 
60211 39982 
33338 30659 
66101 22699 
5689 55600 
75503 96626 
32682 84024 
62812 86910 
59652 74628 
89807 20938 
59957 7960 
86078 37344 
60260 12073 
47722 70889 
52839 51932 
23122 35270 
20460 82035 
62566 6524 
8794 6340 
44449 43336 
68965 37348 
55021 67402 
58541 97076 
90875 66955 
33110 56639 
73810 79578 
82597 68317 
16233 56678 
66521 4203 
51924 11275 
80656 78947 
51760 3200 
43895 570 
76929 21393 
28572 62997 
83184 81643 
70131 66668 
78842 69971 
82710 29501 
56535 26751 
76093 29463 
64120 84775 
16436 2143 
53683 45637 
98266 1971 
49258 3121 
98504 24107 
3626 99736 
64566 75535 
72518 33104 
48111 78503 
20538 12581 
33580 87249 
87308 3343 
26385 99766 
84608 85063 
59493 50432 
65718 95415 
49065 76417 
6659 24809 
79969 61029 
65743 78084 
30152 70586 
42589 21316 
49255 17841 
40688 87497 
91283 4671 
48634 23483 
63772 19468 
94292 22470 
96601 90538 
93472 1183 
52453 25860 
10070 49005 
97887 1639 
68189 97518 
29109 97362 
8402 33184 
99714 13461 
60114 3388 
29066 49147 
9874 46585 
79396 62667 
81545 11030 
77362 83924 
8387 13345 
21488 345 
69380 28148 
60753 90822 
82564 93023 
51618 39742 
96662 59296 
799 23320 
98948 18410 
79399 23874 
62075 86136 
50298 94142 
85530 32400 
85198 63416 
48371 3226 
60331 49977 
79100 93096 
10521 20236 
65781 90967 
90185 13941 
74956 41267 
36791 36999 
21401 32358 
57417 8654 
32477 49307 
62266 38196 
80574 5198 
50328 97832 
15074 95838 
11884 53017 
11295 6366 
50109 9278 
68039 35088 
39781 35440 
27635 89840 
34931 27176 
62810 55197 
9260 81936 
73219 25075 
63233 66550 
61159 44583 
59977 72180 
10756 7392 
58490 67821 
77825 10514 
97097 83151 
8656 77011 
42712 74308 
45109 19019 
62202 52027 
40728 28383 
90944 80601 
7939 50289 
70708 88242 
39995 16443 
4037 64666 
2931 88700 
25553 60127 
72627 91438 
21953 41602 
99951 91602 
41931 6492 
23012 18962 
24865 1911 
9701 6016 
42829 48567 
5988 66851 
94328 22197 
85846 27380 
10144 2676 
47236 65559 
31771 61167 
75186 19475 
1127 19043 
97868 73680 
56597 78839 
94401 39687 
64938 97113 
74210 5230 
31133 41830 
36884 38736 
19071 52793 
38803 357 
84713 2632 
38167 29016 
70412 37982 
63642 46092 
34156 65759 
53466 40677 
90695 37801 
41654 78809 
22898 78652 
25856 9612 
81129 95904 
37448 25011 
26048 10242 
48596 66460 
85953 43258 
93340 62099 
93637 5049 
50110 20798 
39693 30794 
31677 5755 
29320 25723 
55153 59626 
57877 91300 
19469 55584 
26802 21903 
664 4324 
5981 80973 
86344 55655 
11242 88295 
9835 95194 
6373 75998 
11854 51582 
57924 99852 
52899 97732 
68009 24551 
23132 50782 
85429 36956 
48160 49786 
48662 79626 
68922 17560 
45605 38481 
81784 93726 
84439 63066 
61003 59645 
57574 45638 
49853 62762 
46354 36188 
99012 87837 
58064 24485 
51213 15575 
8728 77403 
19690 55396 
65315 79997 
84624 38370 
39169 92211 
36565 8803 
78833 99586 
28727 58517 
44917 5967 
61082 6561 
62254 88963 
8343 38911 
35297 14806 
21205 87649 
81588 88226 
75630 47185 
85064 95125 
18498 96281 
96103 81070 
59595 18929 
8398 96994 
89708 94619 
24121 35017 
62496 59048 
78310 71916 
63856 20063 
30981 35535 
6635 50402 
51239 10294 
30865 68774 
11453 1965 
60066 63866 
81589 89024 
62728 12059 
63845 98117 
94729 88958 
35982 54582 
53235 77272 
78090 75453 
55532 29164 
41987 92016 
67286 49853 
85065 11729 
43885 31108 
31101 55213 
15784 78166 
39416 32993 
44217 41716 
60728 58850 
97144 87762 
33142 31830 
46978 12488 
24946 57408 
71423 36712 
62228 19743 
46647 95053 
88807 61643 
58084 68657 
93559 76566 
18265 97119 
5947 67907 
73427 45199 
4414 84787 
1003 92977 
4267 708 
48674 64299 
91779 61690 
42285 7686 
49456 93892 
94754 96292 
73767 27187 
80976 19096 
21112 60856 
4781 94190 
30385 70245 
73158 46829 
61235 29164 
10249 59888 
55944 1793 
89005 22378 
79858 39965 
31968 72936 
20352 7002 
34270 59452 
27576 37602 
91738 13494 
61564 34823 
74909 68712 
69737 99810 
75791 36134 
56467 87682 
68348 86043 
22072 83873 
66015 76112 
42443 99211 
29909 8491 
32522 89163 
79972 94764 
86892 12926 
87926 57017 
19020 61416 
85721 95650 
26978 99713 
6039 10207 
98013 89161 
82479 68108 
26858 77044 
76208 78068 
63469 67687 
63111 39839 
24663 17786 
10948 10067 
1149 30929 
99487 45174 
66505 61518 
88308 56540 
47907 76675 
16710 40668 
49751 66226 
28098 27619 
30770 35481 
47230 24643 
22866 63282 
2897 18814 
45591 58679 
80865 42344 
14053 3583 
12342 97394 
60010 25880 
51744 83329 
85987 7759 
74225 68707 
50514 97352 
28183 2750 
38884 58325 
10903 66570 
8342 61666 
96508 23152 
9188 96669 
34547 36891 
74016 54009 
54860 98436 
36138 12782 
59739 8641 
85253 45543 
57963 46634 
93466 40597 
96931 71327 
48032 29206 
78906 83116 
8518 96850 
5296 3111 
65569 52345 
78931 10902 
16037 26334 
8459 18708 
84985 71577 
1253 49681 
18895 41458 
1658 31202 
46411 30255 
29923 10213 
53022 68977 
3819 46930 
44316 83945 
79756 45731 
78813 41806 
33083 37571 
35803 24294 
8332 36991 
46268 98797 
9289 58568 
55658 76689 
66089 92620 
6135 80366 
11930 8050 
22906 72080 
25526 71380 
64318 32876 
47107 45368 
48644 18385 
55528 58019 
1826 59648 
1979 13400 
79910 21842 
31826 49317 
7512 81504 
90241 33765 
39367 33711 
99621 31995 
95881 94730 
17139 69080 
45551 22715 
29369 59111 
7233 39343 
17536 71406 
23467 98612 
31757 56596 
12391 15561 
45547 61026 
40277 37283 
22878 16552 
69299 11362 
19263 4689 
25870 82736 
55621 58971 
3747 29021 
49062 87459 
63055 26404 
58303 68517 
11485 23528 
3055 97325 
57163 89138 
46536 37985 
3995 90753 
88141 66693 
19812 56287 
99368 75113 
45194 68275 
50231 39912 
26606 41240 
15702 54362 
51317 36752 
22115 60972 
33527 77844 
92003 20316 
51264 34723 
72517 519 
61793 67067 
87325 74340 
29662 24733 
34846 66314 
85951 28307 
66661 1138 
99919 73679 
19148 66296 
84947 30742 
38632 16845 
79520 35254 
35787 18372 
40979 5100 
28537 45306 
64858 47392 
84370 26090 
95856 61249 
52777 54172 
27827 82603 
86419 64317 
99658 61993 
85667 7455 
81486 14078 
65327 44085 
11453 28465 
34647 16192 
87018 85465 
2089 50726 
36832 77509 
64926 93840 
99285 97210 
20344 74449 
12036 16446 
39546 48068 
73218 47336 
79234 77494 
69435 45601 
65911 65559 
78325 89575 
77592 67005 
44126 43997 
64776 71487 
93575 96718 
97992 67760 
6418 38596 
2717 70295 
79919 42095 
44151 13911 
29966 82488 
54109 99415 
52732 37067 
50217 3847 
30321 92402 
83603 52578 
1414 87413 
65460 87360 
33664 20950 
65147 54352 
28442 56520 
42867 79215 
60484 63981 
78546 92548 
5123 48247 
85165 18293 
33973 28433 
49578 40123 
66318 47375 
26795 16436 
47897 11091 
24695 23252 
91403 80507 
55340 66131 
53714 63623 
96313 17167 
43733 85343 
928 1183 
51696 44290 
19704 76444 
65870 1180 
47123 29515 
95837 81732 
87522 31349 
52852 18568 
41832 82228 
47291 1203 
52959 6903 
50751 50979 
11720 48073 
36126 88655 
17559 46292 
52807 16405 
8674 87466 
16144 93064 
24703 45274 
90383 41757 
41814 45193 
22543 92383 
24777 29216 
41018 27970 
73571 5944 
67180 73515 
3043 29409 
848 38692 
83358 61814 
31209 1694 
86229 40295 
93644 456 
27330 85915 
39845 79672 
68848 64245 
13753 27228 
47765 31238 
29035 22096 
25268 75537 
25187 7208 
10579 98904 
38797 95462 
98544 60174 
64146 14790 
74478 44949 
92983 99051 
82032 13168 
17224 35567 
20288 19784 
50247 87219 
34795 99952 
72575 17262 
93942 59456 
35973 58449 
96822 13541 
66294 84489 
41682 72879 
89931 61547 
95073 84102 
71289 80229 
40957 94143 
89432 94363 
56366 22555 
908 21910 
55547 94072 
32732 95454 
68123 4852 
24576 84985 
68432 70144 
92480 54053 
52984 28591 
17719 51895 
70915 58936 
73935 88746 
48318 98572 
93243 89311 
11518 40224 
37759 70252 
6631 22969 
86815 41543 
33158 26876 
72123 88686 
57899 26738 
93240 53012 
52140 59686 
23902 90706 
99838 13910 
76166 57662 
57455 51287 
23725 36924 
7116 35406 
98420 98224 
33920 48283 
64642 54985 
75544 44022 
45202 63202 
37663 5734 
19185 88689 
42245 43207 
37441 54485 
77480 93153 
4562 68559 
47817 61300 
57540 23467 
80567 76136 
30789 54244 
31514 7847 
34811 38573 
46152 42770 
91485 24137 
75461 93641 
62842 72078 
15535 68976 
82127 12614 
38903 21137 
46070 19108 
12064 41902 
55509 20275 
48524 76870 
97826 86714 
29546 85524 
49189 47574 
35842 82526 
37116 15918 
72624 57595 
44673 27246 
37687 86293 
56404 24608 
77623 12071 
43112 55901 
801 1158 
57666 84179 
67394 46168 
67275 50184 
56548 21754 
78972 67817 
18654 76183 
24562 77899 
56769 76439 
58868 33307 
45355 11222 
90824 39478 
86796 96211 
10831 28255 
26592 18973 
99756 184 
96623 7125 
5041 30629 
32557 2668 
47631 98450 
16277 77835 
79760 62488 
27066 33378 
48129 80733 
46383 78919 
29567 39810 
50169 6768 
97047 38283 
39946 35611 
42719 46299 
9362 18469 
31634 46207 
16370 80590 
84913 44054 
32911 77195 
94336 30227 
73718 38468 
51695 59018 
63810 99757 
35694 11527 
90244 98606 
36804 4060 
97883 57102 
16192 5060 
31198 57917 
