67397 44417 
65483 44883 
7834 47849 
72521 4653 
13272 37548 
23779 5908 
76547 84137 
31366 89666 
59044 51706 
68564 99414 
7537 53949 
19 3710 
17790 11183 
52436 67490 
69548 65427 
12575 80848 
63895 27218 
22253 9676 
78460 47490 
51093 41188 
18499 30580 
66924 59210 
82646 30297 
91005 99039 
80957 21 
20686 99749 
39838 99894 
25627 92997 
3559 99456 
75362 41728 
95273 52418 
35799 69594 
31791 61800 
80126 2471 
95879 98273 
95659 77169 
57384 82315 
32298 59219 
267 91638 
30576 51585 
56441 9389 
87665 69201 
69295 85722 
68251 438 
9883 45613 
43863 75895 
46972 39151 
49001 17401 
28499 97067 
75328 45612 
66463 23865 
86249 83343 
29853 33688 
23319 3554 
40969 9934 
93233 35855 
39316 48624 
69563 63481 
24231 27674 
16935 13844 
12501 29458 
46990 70129 
50451 32447 
45277 8807 
1343 79191 
66122 98513 
88362 22555 
78564 79453 
11115 49881 
60591 79270 
69242 85597 
81217 11301 
20624 76829 
80332 44168 
73620 73694 
54799 27884 
62872 26186 
85944 10929 
86448 32970 
98345 85227 
88426 93898 
22755 51507 
55499 37672 
47032 6212 
58788 18860 
78087 12962 
12760 4330 
5177 36488 
42005 98175 
50248 85058 
43588 86343 
14600 28557 
7807 17414 
82770 33754 
13387 74380 
24361 85686 
44519 33754 
42397 44691 
86581 52986 
52883 22274 
45031 74904 
44346 45853 
97637 88791 
58479 22326 
34076 41694 
53358 3512 
58921 50707 
59303 2666 
34093 27221 
14049 10620 
15132 87497 
68734 12533 
91931 90449 
89080 11774 
79096 13125 
37209 26207 
13668 47147 
8664 33901 
8674 75253 
16530 10287 
79810 66056 
59919 16802 
9563 7307 
87648 72287 
38126 83179 
69589 62701 
73739 89462 
17946 22169 
96393 72084 
58645 48929 
88322 68981 
39036 3465 
62322 33110 
72283 72892 
74622 15264 
61091 75629 
2917 89361 
13838 23459 
42126 10010 
64712 54246 
20536 2389 
36114 97919 
67214 97893 
36364 40765 
67936 45453 
68676 8634 
31332 48125 
38386 98365 
49541 97235 
84585 48538 
78429 2303 
29592 55620 
81218 43921 
35115 9623 
76392 8938 
77479 44592 
5821 2521 
5961 73551 
92263 70049 
28062 4991 
86771 3331 
73451 18525 
15991 50209 
24346 11053 
26927 94423 
64281 11576 
92498 23447 
89450 2760 
85029 56044 
47286 80388 
46814 58382 
15404 28063 
86971 37839 
10764 83818 
12048 66989 
23632 27733 
54164 56758 
3873 25241 
94966 67386 
88133 19481 
96266 18566 
45604 77864 
38939 36028 
37388 63002 
40540 50824 
29861 16149 
69023 49706 
75983 12568 
95100 60248 
80153 72490 
28940 42731 
92001 88817 
68318 52325 
32420 63273 
44729 29712 
41161 26379 
91656 76086 
49501 53481 
74824 69292 
23744 78977 
18188 81920 
95768 53954 
31332 69261 
95316 88652 
94072 5319 
25439 70477 
82275 58415 
77253 50735 
25252 14456 
63080 48810 
69559 75560 
58107 31227 
86637 84466 
79822 84821 
2438 51060 
1798 18216 
46042 86344 
93794 93847 
11237 81296 
3673 13972 
134 3332 
48310 58433 
71104 21458 
60439 99361 
44679 12699 
46299 98588 
30547 47031 
44978 27228 
26319 95788 
44513 33694 
4537 59388 
2077 26372 
48179 64248 
36024 30217 
16925 35865 
6064 22770 
26543 15306 
74518 54350 
1949 49721 
46394 9682 
20886 54005 
18913 73738 
99600 10361 
32178 23280 
84511 45268 
1809 77423 
4601 99229 
31681 5441 
8064 83706 
50287 8148 
53774 1740 
87803 60344 
53191 94036 
12577 26154 
61559 60663 
75560 36513 
98611 17 
69102 48631 
38444 1335 
92572 90951 
45850 24790 
31422 33940 
52084 4091 
98594 16990 
56928 10502 
57593 4762 
15860 24319 
45075 42522 
21241 70128 
37446 29308 
14660 85506 
60792 30225 
73922 9356 
26318 4730 
2630 95692 
84555 36447 
12929 81440 
30734 11886 
32672 62698 
61001 10375 
87148 62911 
74577 35573 
2459 8537 
40500 40135 
52752 63035 
99228 69404 
26713 8391 
49185 77465 
20098 4901 
76236 49435 
70535 4541 
20117 97590 
38429 41045 
35990 85705 
3538 70649 
1606 75963 
90625 91490 
40937 85829 
59551 26778 
83704 88488 
95306 17090 
56857 89767 
11663 30541 
8882 66878 
38509 66078 
694 59928 
97369 94767 
57909 65787 
82243 56706 
68486 95748 
53591 7080 
26948 23360 
22164 83858 
71883 66861 
46325 51782 
36882 21834 
91641 62544 
36789 84044 
4697 59420 
40896 79833 
34488 46147 
42628 52028 
94176 34442 
21313 33004 
93610 82331 
5762 73362 
88734 36324 
91716 84628 
87850 94483 
35569 97433 
26683 14556 
45366 32845 
74278 1598 
16698 33810 
59996 22894 
15922 6143 
18218 14483 
96023 74031 
31840 63238 
41501 63740 
18241 71174 
77797 90997 
42114 34569 
48068 42510 
58430 99469 
55540 10088 
85742 87287 
93189 57087 
85151 19443 
34163 71161 
73491 8388 
36158 84787 
30606 23862 
20846 25562 
70088 87833 
25510 91995 
30448 99368 
88193 37297 
9382 41520 
19944 83653 
7694 76337 
38174 82495 
71338 91247 
83655 82491 
20231 20287 
20359 66313 
30614 27053 
22117 69635 
94164 2748 
82992 1421 
11494 2322 
49303 43248 
90272 14461 
60374 17198 
8942 37059 
2385 76832 
75845 8815 
25118 93796 
60535 29709 
44903 83827 
99164 88400 
58754 40201 
79053 2918 
24446 20170 
88888 72578 
19224 60433 
80483 33631 
75836 81429 
25617 8949 
8771 77031 
67204 42906 
85849 76167 
57889 16619 
70736 5959 
51120 45852 
60475 82174 
59891 74141 
68793 2072 
26506 87056 
60744 17209 
53135 90045 
27117 19291 
27335 11921 
98127 80886 
39371 18815 
35018 54613 
28843 49277 
5527 49352 
17005 10240 
44547 70118 
78116 5674 
24878 29397 
78281 4999 
14595 12090 
63437 96742 
77372 3628 
9502 14385 
79993 71408 
57187 66005 
7318 23365 
41542 47061 
49141 54349 
92049 66544 
15658 30876 
22930 70732 
58666 57926 
55279 5902 
24158 17614 
12763 21623 
38642 68925 
10826 79612 
36278 50083 
15709 99661 
66870 30765 
84043 43751 
85746 19979 
6383 12244 
15750 47328 
68781 1899 
88849 244 
15335 54490 
20246 17900 
41606 6902 
41460 13676 
73946 38862 
20470 22358 
92924 2827 
26807 45734 
40473 12051 
57399 753 
9769 57499 
25007 58180 
54521 22011 
25233 96422 
70023 61009 
40389 85199 
92202 23041 
8921 56772 
32838 90587 
87598 18630 
19258 31797 
60363 10877 
35012 67228 
2518 13964 
64389 72129 
91805 68028 
28104 54466 
69023 73734 
60088 71637 
89940 6381 
16037 74682 
77564 89949 
23210 97830 
79244 45831 
77961 43331 
56617 52202 
72567 46776 
88041 24269 
86146 46500 
43005 53108 
5809 22151 
95831 21353 
53661 12159 
82108 47691 
82850 67555 
65384 98933 
71615 50519 
73976 48384 
88104 39998 
88133 52276 
20715 63876 
6365 62263 
68816 37453 
96354 91227 
66918 51330 
40708 2171 
71721 18345 
20678 95449 
75931 58782 
42034 28360 
25330 75894 
96426 12882 
6336 49584 
68859 2303 
40083 55176 
47308 95562 
66094 96244 
64058 59301 
23646 25817 
99972 91940 
42206 18571 
12733 31550 
33627 48189 
7946 39840 
38287 18653 
58098 78281 
14947 96014 
88467 29203 
79817 88057 
91394 4635 
94172 23264 
734 28746 
71851 87647 
56841 75900 
28032 88233 
19077 95694 
18933 25396 
37666 58762 
28422 72701 
79577 12704 
41988 82604 
14191 46197 
11136 59044 
3643 21142 
51970 63896 
10027 47663 
40607 53218 
27065 44837 
65003 71394 
67363 51207 
67903 66475 
88054 23470 
68812 28462 
17391 89160 
84274 93722 
52795 99718 
75185 3401 
36859 64027 
37482 51411 
82012 29312 
18254 8497 
6785 16242 
83208 62837 
67080 8141 
83334 74807 
14337 40405 
68780 3759 
89183 35539 
76108 28071 
63907 81660 
71502 46204 
80047 57905 
66921 16147 
88373 68839 
38845 63379 
87747 61795 
69929 63356 
76590 66030 
2762 83545 
76129 10613 
41897 52126 
58109 49190 
65397 5780 
11330 44062 
10391 57328 
11141 39462 
78456 15491 
13945 84486 
66136 83698 
84795 49821 
63494 62584 
80330 19231 
79308 81728 
51581 26700 
45401 90178 
1573 53198 
24522 42421 
31222 93238 
96338 26749 
33638 50689 
24285 96301 
51769 25774 
12394 79606 
97210 10721 
45674 67067 
39043 20257 
70230 92569 
10740 44926 
10016 55286 
50424 30174 
35980 55768 
85226 52187 
317 52504 
93987 82681 
23657 80426 
34220 9153 
76225 11183 
99028 4534 
25362 76538 
77608 20765 
31284 20840 
28961 14496 
60522 96319 
42645 99940 
52240 65782 
52632 63837 
16456 31330 
90793 70557 
65172 64836 
15046 31580 
77515 76154 
23848 12869 
78213 18452 
73537 6130 
65075 96524 
47896 95506 
55624 13581 
90381 9928 
35628 64796 
98595 63194 
82982 61708 
97882 48762 
9268 50647 
56318 74323 
8264 70438 
76938 92395 
25803 79896 
4647 7532 
68568 74029 
15109 18128 
50790 99336 
10761 81422 
37265 73247 
35190 73953 
78729 10474 
31212 56558 
51318 59955 
10328 42937 
5715 60053 
71618 13884 
3561 26803 
6667 15462 
68774 271 
53784 28717 
9683 87439 
19569 990 
74191 56568 
68764 84423 
84697 57594 
94401 35958 
62058 65873 
19381 94956 
88645 72473 
47922 69479 
79335 73218 
80730 30373 
26324 40805 
31268 33460 
58671 99588 
32161 64471 
10776 60973 
572 28798 
25267 18916 
39277 88698 
25329 49590 
86214 84286 
79027 7099 
89443 61463 
43941 57934 
76726 69867 
24285 50937 
9349 87001 
94613 76608 
58374 70888 
44357 29879 
18106 42917 
75645 53847 
76419 54979 
43186 8467 
94428 567 
59498 77824 
9084 88208 
1354 2372 
61387 7397 
44016 98387 
70231 82156 
18718 5912 
17272 25406 
35790 88578 
81780 78537 
