90797 59097 
59644 46633 
16707 85166 
47618 73021 
95545 57454 
27714 51775 
55390 52267 
79899 94951 
87465 28868 
22430 22384 
9940 25557 
80305 37238 
24219 36778 
13866 42611 
94015 23184 
40666 68350 
15121 4296 
97820 14020 
59475 84309 
34382 3947 
71023 65585 
93690 93285 
62778 11514 
44139 60281 
14660 30655 
43532 69203 
99839 67474 
76927 90853 
73716 1492 
90798 23155 
44115 76264 
57393 62971 
3867 2402 
42299 42170 
47687 4704 
15535 55845 
14095 12458 
41886 78714 
90103 24137 
9744 86862 
91498 12941 
9364 76359 
84742 78011 
51235 97684 
47904 87675 
23181 5471 
77474 5680 
20850 56803 
35517 39138 
50368 78044 
97372 97796 
94282 60204 
3889 8230 
52278 35845 
44254 83693 
16706 36764 
95465 10619 
19629 30983 
22806 76146 
92853 90035 
1982 27521 
15358 43071 
58061 23906 
83531 33057 
28970 13825 
28815 2089 
51999 47390 
24620 97828 
40640 11451 
69807 11126 
66030 57924 
9540 26082 
82404 80828 
56002 88109 
39129 85928 
1227 73013 
3314 88381 
72223 70674 
76385 68432 
64613 80582 
25671 12925 
5128 53326 
67737 71318 
35647 2057 
34066 58849 
81812 51014 
21649 46670 
67850 84413 
81144 88986 
65831 8272 
23509 50636 
22438 40247 
32319 15055 
89173 98060 
53496 72173 
93019 65836 
96740 8572 
23685 79456 
23700 48095 
80882 86988 
16753 20113 
20477 8323 
19245 64776 
61895 39321 
13131 19824 
70820 20110 
53194 71937 
11022 14612 
8341 97069 
67039 28915 
69990 58881 
75487 29861 
75104 82106 
66940 11952 
57208 68581 
12583 704 
82526 77680 
90270 73571 
50376 50001 
33158 25815 
37054 13425 
725 7959 
40637 74049 
16787 13949 
40533 60966 
52034 4678 
20013 63553 
89636 10251 
12622 72611 
1624 66161 
24038 12643 
81059 3487 
49833 31521 
20384 31329 
56529 95933 
99911 20820 
18473 26259 
52045 24449 
6254 92900 
96623 41791 
3735 87591 
693 73387 
90267 77843 
2031 88131 
62215 50447 
49927 66397 
83679 50809 
58989 71052 
50125 28922 
42178 41568 
20620 9894 
87780 2652 
24454 17211 
71711 28103 
76169 90288 
51328 3086 
39350 54370 
69812 83534 
64010 20470 
11251 60124 
84996 15789 
85695 96043 
9583 70936 
90741 22758 
41231 19275 
91624 46009 
83501 95855 
85312 35486 
43189 58628 
65782 45938 
4977 93042 
87416 44915 
81228 2604 
31393 2904 
50062 32632 
15954 35325 
82399 22160 
55619 72646 
24424 29865 
66681 74840 
45738 33859 
36738 99464 
85461 62342 
24543 78832 
28634 72343 
33130 61057 
23492 57179 
3939 22219 
6540 29748 
12583 62427 
36810 98413 
7945 57278 
53305 24965 
25429 48015 
60347 30081 
22498 18626 
14373 90626 
30031 26193 
32736 55348 
86563 22007 
70130 90717 
24138 25250 
11506 57069 
4298 88521 
11661 6698 
60616 25024 
71210 90191 
90241 50942 
76175 55029 
51082 33322 
44225 21378 
63515 23763 
14377 23988 
85948 1244 
89003 16243 
32083 43608 
87039 42672 
24387 96590 
95535 99592 
33067 11646 
13045 20076 
32754 79459 
62791 39056 
20138 94669 
16176 17129 
74956 49192 
7911 27513 
14005 66439 
42888 39598 
83303 56802 
91895 64685 
57000 95983 
48365 64726 
63348 2034 
71582 63299 
37800 14449 
73107 39514 
11229 59180 
12662 30211 
77278 17173 
57311 13532 
47039 809 
23492 97869 
91512 82602 
65317 94140 
92732 13543 
94495 6527 
72968 14707 
17391 37027 
48076 25017 
52886 62572 
55858 40531 
51101 9944 
43185 86171 
67511 23388 
56713 19505 
59547 92529 
71124 78010 
63547 84118 
6164 46188 
78729 112 
29122 36972 
31847 66732 
12955 53050 
21304 44392 
21899 18049 
42674 36784 
26214 44966 
78997 68876 
5619 39798 
98611 98257 
86975 22025 
40946 21969 
75996 80380 
86395 41875 
84987 72340 
222 55610 
29063 18777 
12458 47279 
61822 41455 
45821 62338 
48108 40318 
31921 64460 
26281 10022 
62364 88688 
95320 50659 
5826 24836 
73140 36374 
84791 87797 
11629 67356 
46350 57364 
21230 45633 
80303 99115 
53282 83177 
34798 10076 
11877 72004 
54824 68119 
18654 20283 
22099 2435 
33717 85887 
6244 43911 
43814 19428 
46612 58898 
64894 62448 
71719 17585 
70369 33319 
28981 99073 
48670 73296 
41271 89276 
14088 18265 
28810 84867 
43452 7899 
34984 76762 
87832 43270 
72930 50018 
13251 56386 
66036 3510 
57305 60705 
90023 62387 
49602 10368 
36844 29071 
33136 7693 
11357 94419 
40939 63432 
40593 9700 
27813 32358 
22409 2147 
30460 17926 
65394 2100 
30979 64077 
75147 38149 
28495 29707 
23370 48176 
81613 71864 
95714 48825 
70372 47457 
51893 3694 
40606 80045 
47306 31405 
35832 28245 
59282 98730 
92253 35349 
32990 51066 
70971 35935 
12195 42808 
28161 44565 
48239 43558 
78759 54123 
86988 12604 
92118 26899 
17944 53720 
69123 70209 
32327 85125 
89409 50181 
77671 85281 
84629 12259 
15281 4237 
89108 45047 
83929 62345 
42768 45308 
48203 93440 
72867 16257 
63211 27931 
60870 58718 
18626 52784 
8703 95273 
34580 29980 
54648 1261 
69477 2807 
53315 3242 
65557 70205 
26409 45544 
1837 63399 
11427 18529 
46086 16181 
83924 88432 
97543 80461 
5699 67939 
90336 2062 
55989 19102 
83888 38281 
35693 85765 
1104 68322 
95687 11370 
87670 20489 
29430 9805 
56591 15902 
87368 21935 
50879 7491 
16046 8488 
4313 75162 
98359 1176 
5277 23285 
73064 58253 
71907 15021 
41424 48141 
28127 69527 
26794 15318 
29612 42681 
38985 66383 
26356 9757 
9385 50979 
64175 69324 
5132 2258 
21404 91670 
1030 44579 
48955 42174 
86413 72356 
32027 20309 
10865 53298 
19997 68309 
27450 11676 
77323 20097 
75042 2887 
92824 80621 
52367 99207 
47240 48577 
75528 68501 
79736 21312 
78078 42551 
12848 49755 
8117 39767 
92353 43312 
410 28217 
73613 59946 
53192 89225 
39203 55020 
19123 69247 
63964 4002 
27736 88284 
53081 58746 
92798 6788 
66411 44821 
22115 39837 
7984 58253 
39645 47285 
3470 74018 
50156 21677 
10352 35790 
25223 41898 
5672 56665 
66016 59838 
74410 24001 
3098 39814 
77924 67972 
26385 76029 
16354 23107 
99451 72078 
11467 84810 
1503 78278 
27165 38743 
57657 47591 
13726 19966 
63549 88937 
8800 40850 
83843 67906 
53298 12022 
5877 29189 
83538 69012 
59444 92482 
42340 8738 
71646 4199 
11246 34617 
11775 11010 
3647 6845 
95338 58036 
74314 95246 
58634 4478 
94656 36129 
85695 92529 
15054 1677 
67944 1593 
85659 697 
3576 69177 
35301 42887 
98462 62222 
14494 15321 
13269 38269 
92995 39457 
12562 44471 
64962 99743 
10751 64345 
55509 60756 
77111 37060 
41253 18839 
57429 42136 
94486 66302 
93449 63625 
35637 81527 
72870 22143 
31955 96692 
22499 90595 
11690 36315 
65036 89967 
72480 64489 
96009 95273 
50319 26373 
1545 68555 
81125 20453 
29952 75774 
30850 92023 
50465 37492 
91984 95518 
81098 9454 
44448 33546 
44157 88473 
57058 43887 
12767 91472 
62132 72175 
44701 61116 
70226 37662 
60788 10128 
4652 72189 
14390 28235 
26089 88367 
15670 40607 
86494 11984 
19834 24723 
98457 95786 
62013 63793 
31276 17015 
23174 39189 
48220 49488 
41159 41760 
80805 92497 
38934 12485 
95401 33429 
28114 6617 
45052 18769 
60010 12263 
15134 9036 
38742 44316 
65328 97185 
81330 77701 
42338 77150 
8266 80087 
87903 59458 
74685 53553 
94857 44221 
7064 97122 
70353 78308 
93264 57637 
49829 43149 
84806 45168 
67895 42344 
9381 50931 
33049 84168 
58923 20653 
71967 83038 
13949 4392 
6089 36142 
88441 24988 
98330 66701 
31173 81660 
60947 63688 
99182 32702 
46959 89350 
27013 81774 
56988 70506 
51357 26025 
80972 37341 
14916 11038 
59939 24300 
65565 77582 
96879 1684 
87330 78196 
67706 63694 
48208 87824 
83418 58904 
26529 32039 
32784 12527 
82347 8844 
91222 56362 
73247 85585 
16016 51910 
75003 11219 
60614 64912 
56659 95990 
31473 25456 
76933 75510 
79765 86783 
14199 94305 
67220 78051 
15882 15075 
70505 31594 
54748 84247 
91729 53566 
9334 61821 
24037 98371 
43712 54098 
80714 1914 
47782 71545 
33827 26471 
13479 70896 
24144 70814 
64522 30504 
97934 3298 
27805 51042 
98203 82676 
32994 69844 
88043 41706 
53619 26469 
11966 21993 
57685 19550 
7472 64971 
18773 50521 
63550 83623 
49608 58533 
85415 62229 
59254 12669 
65516 57356 
2370 42514 
79684 2278 
84367 56214 
24271 49164 
9854 16329 
85222 18614 
13412 18118 
83255 64505 
91517 42320 
70651 3612 
62362 35095 
64664 4099 
16331 1420 
90114 74732 
84072 85117 
69484 47539 
41380 48597 
42683 645 
90515 58457 
20588 25152 
6123 29299 
76605 166 
10576 77426 
58688 3478 
48344 88514 
60630 51885 
61915 8939 
25872 34778 
32810 29120 
69716 77391 
40416 39049 
96524 45946 
8631 1142 
57345 85980 
55726 3585 
40372 67227 
36371 28561 
11748 93722 
66426 94049 
27441 26122 
50892 5328 
18276 54805 
93315 82899 
9667 56878 
50973 17204 
75202 68022 
14355 37366 
38950 953 
31698 71086 
35209 46303 
69773 15936 
6395 98838 
652 38438 
69837 62185 
30836 66659 
12527 98640 
43914 44499 
79146 7098 
10831 71394 
3227 31806 
32888 59867 
93870 27376 
21741 5161 
31164 31383 
87968 76143 
42321 24867 
5159 4724 
27489 93204 
40065 72240 
79313 35041 
90931 65546 
93552 5393 
56007 3023 
99366 20486 
62063 11264 
47415 96572 
18827 66899 
81461 42681 
29395 4819 
84914 78172 
78952 34024 
37608 99935 
44565 95379 
40050 81228 
17321 41735 
62502 44391 
4776 20212 
54469 13056 
86430 88881 
6512 15972 
27881 5621 
90787 84198 
20333 85665 
19291 56170 
1298 36110 
49545 81026 
29609 40660 
36262 89570 
33285 85903 
74544 84403 
22312 91623 
5243 85987 
60070 31972 
56329 59781 
16918 11760 
75485 41123 
87367 92692 
68591 69126 
38288 48070 
96381 38621 
69789 61290 
97255 80081 
12657 73425 
98114 81416 
56675 28212 
47006 72725 
2675 59010 
51517 5266 
57835 11548 
35038 69353 
48501 98776 
29393 12360 
7756 39668 
6777 37632 
5975 42536 
16580 87892 
31750 55200 
33346 42563 
97890 19357 
41018 87490 
42586 34485 
75547 47602 
19360 57877 
23077 8387 
21111 41669 
24111 90356 
63317 35196 
65428 82237 
59380 61555 
50995 83235 
57151 10973 
30702 52451 
69798 80357 
31482 14453 
26497 28383 
79225 23958 
88812 8513 
21859 49763 
27193 88556 
64078 98266 
28644 64670 
2422 60328 
11433 30162 
5747 31732 
55605 65015 
20601 27103 
19107 70754 
93647 79919 
98481 87060 
93939 97138 
10373 91540 
86767 15928 
15528 2045 
57715 92171 
80448 72203 
10700 35609 
73578 95086 
66963 94924 
22656 7412 
73348 87529 
17775 17222 
87665 63469 
30739 61683 
46537 90599 
35464 38483 
36861 49079 
56444 44200 
85829 27232 
42734 96138 
56477 17931 
63408 10265 
85785 24950 
47147 57252 
30595 2076 
43354 21006 
92953 64303 
65153 39701 
80966 30039 
85610 17973 
23840 76012 
97722 60770 
514 12468 
15975 94288 
60137 15210 
92692 7501 
9599 83201 
45937 68963 
18461 25684 
47368 47902 
44800 21151 
98271 96043 
16882 32007 
29865 27183 
15005 3400 
22 65216 
85499 22437 
22735 18141 
84539 64890 
58890 75510 
93327 10497 
17373 19846 
68127 65101 
64038 88752 
88770 88104 
12728 23761 
47442 87114 
77342 94389 
75936 8154 
96834 91448 
44005 19433 
6078 42353 
74065 59439 
14674 12982 
8206 95979 
73089 25573 
32333 21808 
50894 40234 
9210 94626 
25430 18804 
97302 14435 
80882 14151 
35512 19687 
47510 5397 
55273 75106 
68732 30175 
40913 18723 
69749 48653 
96821 33411 
15596 10945 
95668 9083 
88765 89406 
75759 65723 
86960 80423 
27596 14552 
40106 76478 
59817 44867 
72337 58581 
62888 37507 
89544 61631 
95290 22357 
55911 20788 
1406 16966 
33942 15680 
32915 6102 
1635 91048 
86216 47921 
27716 47387 
87262 21471 
81310 63217 
52143 62349 
75903 31786 
26882 68596 
99150 69349 
63088 97291 
59854 79585 
17498 13817 
91351 39305 
72897 384 
86567 4269 
65486 78159 
4190 20768 
69532 48245 
77667 68561 
33929 10716 
79151 53810 
87318 78092 
39067 16878 
28492 59852 
98613 19140 
97020 57991 
77308 25413 
75405 80103 
70601 4186 
8534 46131 
53599 26496 
38795 37660 
56122 56145 
45942 14500 
91582 88866 
49656 2343 
67605 16137 
79703 37367 
79822 60502 
43703 38942 
91951 53618 
25741 69958 
35046 5643 
30390 35813 
16715 45178 
46209 67705 
17150 92654 
40351 33644 
62941 66872 
11672 21481 
11985 14356 
23529 42243 
53149 94221 
9498 9187 
22933 47486 
95262 58276 
68009 29033 
8210 89099 
37300 82907 
52589 21825 
70203 97167 
12557 85359 
58531 83222 
8045 74655 
99000 86399 
69099 40999 
20270 49418 
13201 8095 
64055 18521 
7028 38897 
23276 3205 
69233 13412 
91943 74810 
24037 16041 
61211 16659 
46767 72570 
3960 19020 
51966 21508 
26323 45840 
62271 52270 
28684 87029 
62008 93536 
11024 50004 
83268 89156 
77833 37277 
94240 56086 
46399 3057 
59628 79082 
38917 81150 
21244 60287 
43639 28898 
3200 8324 
63220 37439 
80573 21143 
29436 17282 
63064 89638 
52604 80012 
35844 24906 
91340 1844 
68656 91044 
73671 72861 
51216 7498 
74096 6934 
38033 70234 
52787 11631 
89014 29380 
92987 94895 
73553 52492 
30489 15802 
65275 97239 
55185 70427 
92223 15014 
78787 40649 
22967 7918 
5131 23676 
62991 65521 
9880 3124 
7668 14942 
34965 18695 
48241 28065 
29797 40799 
55447 43058 
26013 58910 
71760 73893 
15488 48018 
27729 1165 
12348 86231 
60440 60293 
18866 58384 
52905 69035 
82454 95465 
31984 65282 
26328 67741 
59448 58201 
59983 70639 
25879 31053 
27269 16771 
10311 72421 
29646 74917 
99904 54043 
70098 77368 
73358 18096 
99238 50704 
39433 84548 
9275 11905 
87608 40031 
13818 11625 
51807 23738 
71891 99561 
10052 82941 
63065 32978 
43035 30996 
97296 48830 
52802 4086 
47807 72328 
99091 79442 
28296 40356 
45353 87420 
96765 76878 
19069 22561 
57437 69239 
81703 34655 
49507 59246 
72473 59801 
56886 80957 
37117 33627 
46634 48306 
77891 14048 
45429 20024 
64292 29349 
93220 46714 
25335 58862 
71101 35556 
3679 48151 
86507 51780 
89500 58364 
12957 12854 
67745 50290 
23890 21312 
6215 7669 
30517 25166 
83935 11425 
32188 91079 
9348 86749 
14375 24762 
6085 58344 
84231 75528 
50433 65625 
16513 17462 
29075 9339 
93773 8408 
48285 23768 
63815 89752 
66476 94613 
4744 4925 
40864 71614 
83316 82646 
75948 57119 
15863 52079 
36656 87067 
92683 31415 
42170 59205 
6625 58828 
87844 4895 
34455 15329 
52065 45477 
55670 22702 
32523 21902 
57553 86568 
22074 37255 
67565 94529 
78228 5762 
74583 72418 
62257 59017 
49005 47896 
24045 20425 
48438 69908 
86978 22225 
441 84999 
43571 5961 
86714 77029 
6954 16916 
14170 35515 
75981 75746 
47469 29671 
62409 86460 
94890 30130 
97472 18884 
84828 38413 
82124 85863 
43730 55390 
70351 20745 
87951 44323 
78134 49016 
71788 21477 
92036 39519 
91884 37893 
10837 15271 
34179 99587 
91223 1668 
63812 10255 
84297 90748 
607 10525 
43496 4176 
93213 30824 
56479 44748 
3496 71174 
3648 36476 
39450 70496 
74207 66670 
29665 30469 
76962 59963 
15305 14560 
67601 33835 
46595 51518 
76737 7960 
9965 34444 
63753 65574 
79275 21514 
40316 94047 
79991 12449 
4416 64015 
78664 96080 
873 41632 
61776 38611 
77471 66919 
47773 9679 
37249 72665 
84006 23827 
96929 62983 
16387 8740 
49068 18369 
83644 98384 
91246 44986 
80442 89132 
29437 39905 
53953 90043 
84708 1178 
47070 44632 
32459 71830 
78069 801 
81655 70294 
51331 58028 
57855 26262 
26647 26492 
88304 10590 
35648 91492 
99943 20636 
23087 88344 
31952 58287 
7957 57869 
33239 16940 
4862 70662 
62301 75823 
19587 79524 
31959 85318 
34459 83746 
44695 15285 
28899 66379 
45677 29942 
38457 96206 
80015 47434 
41673 69787 
78402 40029 
78244 5812 
11009 31698 
44289 93891 
43353 53908 
80901 43014 
99825 27526 
70695 71087 
90682 49018 
83764 26265 
86494 72506 
69187 33256 
30423 95729 
71180 13318 
63156 77614 
60017 35392 
97925 37879 
6968 17594 
23771 15011 
99846 13262 
34038 87921 
91109 83801 
74092 98756 
94043 81762 
77314 49556 
94175 41924 
11669 83846 
22875 5572 
90499 5767 
48014 83725 
10636 33950 
72567 98793 
68565 35117 
96212 30908 
71058 33255 
87284 35172 
563 44226 
32827 89075 
17606 42791 
83020 75576 
82553 29298 
82948 6623 
57310 26638 
89428 44346 
3881 4605 
3552 82718 
31177 98403 
10604 11175 
54071 60806 
8211 93488 
19416 63357 
20833 60153 
22584 40997 
44137 30578 
85060 56626 
36318 52614 
88734 47388 
75099 71200 
65731 2816 
28916 15429 
24000 16485 
48724 23829 
48323 47479 
72874 11389 
54021 25676 
51683 18677 
86367 35797 
40604 73305 
52524 19114 
81302 37095 
44848 38880 
88501 8488 
64461 65780 
87095 99027 
82225 53071 
98825 5228 
80616 87623 
60739 52679 
4440 22640 
68649 97928 
10952 20663 
78014 35525 
50664 61270 
61912 72519 
28951 96950 
21212 797 
95562 72713 
65570 18813 
84233 60273 
35539 28608 
77818 96020 
15876 61425 
5700 53497 
98025 65829 
89722 25719 
85799 25899 
42484 40441 
2451 63887 
87545 82349 
49590 21700 
14957 50160 
88820 8593 
7497 33730 
65527 48681 
73075 56549 
70870 61174 
97023 92357 
42843 58699 
84310 31132 
40172 54624 
96195 39322 
83854 28994 
98453 31957 
50296 14523 
28985 50144 
17305 28986 
61539 16461 
9587 98475 
89161 22894 
63947 87129 
76166 91205 
36050 73287 
30593 34018 
367 89456 
30473 36383 
52874 74038 
96721 72246 
12074 66464 
43038 67969 
28094 14192 
48954 25958 
51877 49976 
95973 25418 
86923 40867 
78770 24434 
44541 6615 
53469 97793 
50254 54429 
13276 58343 
3771 79542 
88063 26224 
77865 36531 
48998 29882 
52512 95093 
61892 45578 
19824 55753 
73666 7953 
62590 15948 
35199 53232 
4626 44972 
60758 88761 
54722 47489 
99357 17847 
17566 69608 
46568 87231 
24884 28973 
56679 66029 
47869 30887 
24571 9633 
88081 66166 
94268 9764 
8096 73259 
16838 82808 
55515 87084 
24195 2523 
54329 90118 
7279 40369 
86171 27469 
87246 36927 
60666 46949 
46468 91302 
78846 77653 
42523 21860 
26535 66066 
62830 21318 
95625 47449 
90150 1923 
20334 42059 
39940 2376 
32821 30693 
99358 7116 
87932 82110 
44711 10753 
80407 76108 
39221 45648 
79524 90297 
16230 79060 
35935 96101 
34283 77751 
73380 40052 
50016 32582 
63978 70153 
92381 33399 
99976 3892 
37449 85349 
17096 24431 
76885 61825 
95053 34573 
45159 96316 
59350 94272 
20664 25718 
35091 16811 
44120 11051 
58377 1169 
4007 77992 
33730 33701 
23225 39312 
37036 916 
43792 84021 
2659 16986 
47106 43916 
658 84529 
66147 77240 
5466 75303 
42962 41278 
80888 38609 
59888 60973 
57988 19562 
26167 39021 
62163 96768 
32986 94417 
53664 29585 
99413 61042 
81822 38766 
19332 25641 
17412 31155 
85167 35423 
19877 19009 
8071 59509 
16537 77612 
76193 45589 
19444 31026 
92760 73410 
82201 55133 
13917 70080 
3869 39588 
62628 18688 
19953 55843 
29398 61363 
81552 37102 
83196 70662 
12851 87900 
6659 39034 
54488 5911 
38520 15127 
45677 16679 
53164 97836 
71542 93154 
32333 84225 
3772 56214 
87190 55861 
92468 29825 
70343 79579 
25001 55030 
76863 93338 
53699 50662 
70951 45581 
8365 45502 
90631 57389 
51908 96514 
76668 80720 
7770 50894 
43933 33157 
86375 5830 
63475 99847 
64487 69203 
51830 6678 
26151 26899 
70417 85262 
56789 77958 
22363 69905 
93064 7495 
96673 89517 
70310 29121 
50411 43267 
76553 43560 
38384 77827 
17626 28208 
96803 16147 
21367 93562 
62497 22972 
60570 16798 
62461 30688 
54139 90177 
39894 90591 
13811 2554 
92328 59295 
39841 5939 
85066 77753 
33203 5896 
68858 51244 
84154 54476 
74606 92690 
17415 17479 
79830 48772 
22747 34006 
41782 88601 
76376 85601 
70242 98053 
63501 44701 
69452 89392 
45025 77696 
13065 5436 
72681 36586 
28597 70265 
45907 85040 
58618 14355 
21073 69596 
34723 81036 
29111 64822 
47325 3276 
31106 92438 
19413 25072 
43077 38712 
95617 30095 
90972 71904 
39286 31740 
14783 92070 
89764 73366 
26761 29262 
69625 85262 
42829 42939 
47375 45753 
48621 65383 
54953 97863 
31934 74955 
31356 80092 
11971 81225 
13805 40096 
22361 53327 
26073 13461 
59767 25336 
19981 66250 
92781 68014 
10500 19642 
36847 24995 
7527 97719 
40108 73249 
88106 65369 
92372 82655 
71721 52226 
64791 17546 
58258 90755 
11369 44299 
63331 31796 
15116 83337 
38894 39283 
41399 71386 
98398 7364 
68998 80364 
75240 87750 
5367 72989 
30829 62911 
56805 61994 
94337 51571 
16482 79803 
60041 87019 
53715 58563 
90130 65807 
36391 66630 
70951 24734 
95125 46923 
48909 67333 
42495 55005 
28547 27627 
93633 305 
49844 28519 
95470 52597 
74333 64950 
61099 87664 
393 17829 
23004 11019 
96890 83765 
64311 16619 
91342 87712 
60763 8697 
73843 30955 
67760 39157 
81253 15189 
16612 90430 
7469 74983 
42054 64217 
45069 45525 
49097 20293 
1249 90319 
41475 46312 
46655 14370 
76202 29514 
49592 92398 
79192 44322 
20041 48762 
55406 65961 
38029 36016 
53666 69598 
69118 72393 
1055 76901 
76113 15053 
4735 67520 
20574 65505 
30046 81646 
10320 26410 
2915 1651 
89815 54838 
51873 15742 
89193 86047 
427 34620 
44650 33992 
44012 53342 
78007 10024 
97461 24889 
76506 39610 
78689 39393 
45217 98423 
2195 83529 
13925 33767 
92039 88290 
67955 85055 
88092 60154 
38124 67960 
11660 30624 
28842 40826 
76976 52152 
85377 29085 
83599 14684 
1379 43671 
1421 56357 
45985 92789 
64762 94330 
46187 52928 
24946 7294 
94596 34598 
71785 59899 
65355 51063 
23559 71149 
11653 74200 
2367 93769 
87168 40614 
57135 89593 
80714 53286 
70086 57233 
78476 9268 
84174 92606 
71439 72326 
18716 40311 
6971 938 
98430 24451 
42976 36677 
7054 31160 
642 55755 
90942 51920 
27542 87421 
80279 86699 
76663 6843 
65975 49002 
78947 17310 
68857 11109 
36994 46781 
64391 77120 
95828 97217 
81006 73834 
52947 1644 
72959 5071 
54369 63483 
79734 23744 
85990 75502 
23131 37799 
10256 41547 
60474 81069 
17056 53281 
7788 48171 
54652 6253 
70325 13776 
81617 74865 
69479 30859 
33937 4228 
34916 30018 
32791 18339 
38661 22503 
68003 88707 
83906 43278 
79751 55254 
25471 57271 
26840 42220 
91145 91889 
73695 65822 
93523 51972 
50206 87502 
70502 19521 
38649 26903 
69268 39854 
20132 12044 
93373 48322 
69367 10708 
65418 97227 
21030 56661 
18903 1322 
43588 57081 
21952 32065 
47168 43464 
52912 55751 
20924 7263 
93229 28705 
42288 43645 
76562 33916 
25641 12035 
34709 67807 
81112 10440 
10770 63274 
35595 52113 
67809 65699 
27530 27686 
7384 62335 
24598 33704 
26406 2255 
29204 49343 
83139 34048 
30464 47098 
13500 31443 
33382 30383 
37410 73302 
46021 1198 
21559 93690 
33666 74434 
19773 20189 
55340 71874 
95050 74200 
82518 48567 
38392 15653 
62447 27035 
38690 76359 
29250 40618 
25252 41197 
84789 16297 
99912 4383 
68282 59435 
99249 49255 
8724 38158 
79076 74340 
7424 3449 
93145 15892 
29284 22557 
45937 97679 
90944 47940 
35427 72460 
21496 91706 
65885 6432 
37202 26414 
3055 97864 
15510 87093 
64464 14194 
75598 6456 
86142 78060 
72819 75551 
83709 32056 
92612 85474 
30561 64444 
85807 72260 
8787 83609 
21701 56703 
49511 87762 
47928 43609 
68482 88169 
36806 20875 
20046 9184 
66748 77770 
38025 6361 
34255 43939 
5583 15183 
17137 35908 
97791 67201 
12808 86223 
70420 87860 
56866 21895 
26377 20827 
86625 53423 
77252 7354 
51881 33428 
31577 85999 
90908 44825 
83731 67983 
83515 82441 
47769 86535 
65001 99132 
79063 14746 
34903 97701 
53229 95796 
22691 63296 
26666 31835 
78875 47477 
85890 33384 
44500 34753 
3911 39802 
14575 45178 
61062 83184 
51710 52431 
54946 83006 
25095 25842 
19621 26882 
46909 36942 
97632 13998 
53365 6370 
60195 12117 
30800 5341 
50605 6466 
18582 67406 
33852 99396 
30065 10837 
71473 53407 
20440 19737 
4812 56916 
96026 82859 
22169 32133 
3421 43109 
5695 97427 
58882 67851 
2471 42787 
78417 10363 
40819 76297 
47284 96208 
17716 51974 
23948 34754 
16077 94888 
8013 25720 
71706 98182 
14245 3380 
98884 78415 
85530 36936 
836 40606 
46454 84572 
36737 22406 
46157 80822 
90455 58035 
64236 22169 
87879 26919 
56659 4116 
39473 29426 
30 54550 
42604 62640 
52000 2761 
64233 52824 
83230 21318 
38702 38027 
52017 78812 
57663 84249 
86561 45529 
99569 61610 
11807 1212 
44722 3207 
7906 4353 
48494 18616 
15561 95811 
159 36460 
9852 26063 
77645 6042 
48643 15040 
19596 96687 
64230 76231 
75250 95323 
7652 62618 
59953 17692 
73898 21042 
39524 16734 
33246 73679 
90234 92789 
69047 80595 
32814 84668 
75497 75723 
18682 48006 
292 10090 
54518 7932 
26530 80773 
87323 6755 
75808 71803 
36267 54192 
80224 84125 
49923 27596 
14782 85716 
87894 62724 
3735 70094 
74352 21754 
14446 71717 
47710 24601 
30603 50130 
35391 82008 
52956 21241 
15597 74451 
10219 83715 
88995 79611 
75383 61258 
72432 62943 
73404 57408 
44012 10871 
35077 98485 
14367 4129 
98882 22453 
72393 41 
87684 56727 
55469 16783 
90397 16318 
23897 90148 
60058 45222 
77246 3890 
99245 18577 
36312 78414 
41355 20894 
28561 39404 
51994 16502 
57202 77901 
68569 32398 
4471 56440 
68150 80783 
18205 12023 
3768 58848 
57485 56021 
77530 76738 
27882 73569 
25299 81120 
19766 80531 
72123 61432 
74157 4871 
80241 48619 
39796 21013 
52185 42066 
52333 80767 
70345 29404 
62014 52447 
51357 96055 
59726 981 
68753 56558 
2945 16162 
50545 78170 
22922 23595 
89748 8693 
2333 93505 
15351 65127 
48667 96209 
58798 87488 
52796 39921 
16807 13039 
14418 66469 
55172 80139 
36526 73579 
20181 28096 
39556 78580 
24380 19620 
22528 37686 
51624 75879 
3299 87458 
82717 80649 
2940 80630 
77416 79692 
297 47144 
61154 74233 
71931 23090 
55586 83304 
49962 55149 
60878 28705 
75700 6257 
44668 78492 
521 59337 
17699 70121 
87092 40308 
79349 22780 
93819 59016 
97642 39934 
83342 97264 
47795 97752 
81884 56862 
70939 12804 
30469 17386 
30397 83346 
11279 43314 
36728 2463 
2834 23240 
84729 48507 
16239 20093 
95699 68506 
91364 60574 
86452 83594 
86629 94480 
92963 62018 
78989 10154 
60961 24935 
1718 983 
78408 72900 
86772 39684 
65518 46914 
45803 32057 
56806 66813 
19270 89970 
6650 21986 
46687 84493 
24937 24613 
62637 14458 
2570 74010 
3034 53132 
18002 22179 
13979 16277 
25388 75282 
91606 28539 
12578 13506 
45485 51956 
82882 62677 
70411 80283 
58390 4981 
31842 95925 
24593 73271 
18768 32450 
36168 33708 
94456 84958 
81997 24846 
80311 63052 
63840 87787 
40987 86694 
77551 91661 
99938 83945 
98349 31428 
3725 61378 
62335 50890 
70735 82926 
5335 22805 
5308 10962 
67097 106 
31876 34623 
93972 37520 
5311 34700 
76442 71206 
83525 11838 
39198 35591 
6218 35397 
60933 91172 
9754 53972 
38638 34828 
22280 45423 
26884 65050 
25480 74179 
76449 78516 
39799 66665 
68590 81551 
88463 11888 
91384 10278 
22332 43528 
32777 66645 
42352 62330 
71316 94004 
39338 13151 
30029 35560 
81811 39718 
21507 41758 
21791 1957 
52958 18557 
55742 55709 
78874 37530 
73256 62696 
85885 60889 
49608 19809 
69526 69743 
89972 71107 
15798 22325 
12885 93332 
31832 10389 
68425 26350 
79349 26626 
22649 53583 
52290 3699 
3950 24341 
5657 36374 
99320 49888 
86461 52227 
8876 98140 
39689 53539 
15579 58115 
62227 13246 
3710 44517 
55973 71176 
64459 65334 
87658 43340 
59902 80857 
97419 26634 
77656 41241 
10726 54090 
97691 1527 
99005 31689 
10038 78006 
3155 66738 
67547 27854 
81102 79966 
31401 5169 
65664 78721 
68730 70855 
22199 57057 
91465 11237 
76864 79972 
83485 50859 
45792 3725 
49137 28613 
33080 81870 
30377 43153 
81209 7573 
82056 63502 
51368 46732 
65294 43812 
83126 23586 
17424 77440 
32979 30742 
83622 74828 
19553 48916 
50162 52072 
9551 78204 
2119 72706 
63046 2323 
39379 93836 
19283 30007 
23995 29645 
44909 83642 
99189 60184 
85364 34200 
15721 81455 
57167 13686 
24889 13981 
93918 71558 
49070 61353 
12052 79952 
20502 37727 
93736 34044 
86924 63768 
93788 38549 
18716 64243 
65050 19038 
16348 87312 
62433 47715 
9226 5448 
29630 27238 
57448 51041 
94537 33323 
16492 85893 
99453 77126 
1542 3154 
70398 11769 
92938 12666 
86226 73875 
57134 66274 
42662 20629 
18600 38327 
19018 95599 
7242 88443 
46049 32475 
23241 98507 
42262 84836 
6558 93986 
32961 52243 
71953 30808 
91412 58148 
71982 53362 
44741 23544 
80244 6653 
68500 71739 
45038 16166 
53350 94304 
49659 32722 
64867 5968 
29684 76408 
33224 17130 
39914 3608 
3342 56661 
34033 64219 
48078 84787 
18580 12352 
97114 46107 
69505 83109 
62426 26183 
54334 50476 
47585 91623 
85924 36945 
12576 13242 
44775 54168 
28456 94590 
46067 15752 
96872 54073 
94844 78258 
28314 37842 
68198 34523 
69948 72801 
86841 4625 
48987 4299 
90083 44128 
50750 1479 
8073 16666 
81937 54745 
33015 58515 
79109 34446 
27140 96489 
9945 27623 
69366 67295 
80612 20541 
34867 26446 
6365 48755 
22165 27887 
24553 93548 
90921 1668 
29208 63872 
50239 56350 
84717 66278 
42098 85225 
32322 31837 
97418 61038 
37770 38666 
3327 62565 
40932 41462 
9326 88227 
59018 95276 
17374 76866 
63807 39810 
46268 73854 
301 92617 
34297 51941 
39325 84858 
45740 20501 
59788 61635 
76632 34343 
37690 60431 
13060 43774 
78434 75807 
81356 11302 
66573 16285 
43657 57211 
22879 60187 
34624 86136 
52450 21234 
5512 89866 
39535 41832 
40300 17791 
94888 42209 
35285 55701 
89638 66975 
88299 56126 
16056 87145 
26630 18932 
33 35341 
13763 29606 
52717 74579 
14221 24473 
89447 27004 
63064 67026 
62984 17857 
82007 87612 
55029 22166 
7683 59926 
45077 36835 
49199 62060 
28912 39252 
71946 97313 
90380 34970 
12521 30520 
39561 41717 
65659 29357 
18035 4683 
48229 86908 
37692 88946 
37642 41680 
63359 48898 
2416 4379 
71498 31646 
91188 46891 
17333 31635 
23124 8279 
20971 77112 
27454 25005 
39446 95548 
12775 98188 
26080 74770 
7805 69381 
91145 9315 
4426 88170 
68560 97377 
51125 19833 
62161 32749 
90390 59393 
92098 18268 
7108 89536 
86984 12532 
56709 44243 
70655 10051 
71555 17380 
73739 46465 
2016 86079 
59717 15133 
34673 2421 
92743 79115 
44287 43775 
90222 63465 
78416 2041 
96995 16760 
44016 35175 
89934 37903 
63861 489 
71878 74515 
97302 38621 
42032 12577 
74651 79425 
36326 93534 
77400 96676 
15678 14645 
7515 47112 
42733 91175 
28208 91195 
28330 84845 
25870 7899 
47858 32025 
38253 83882 
24559 37212 
17548 78635 
52006 32664 
48644 41465 
81151 43367 
22630 83650 
28731 38076 
73552 89648 
73244 91763 
22425 84950 
92353 32576 
36696 64961 
61271 97279 
5610 29264 
75524 73166 
52376 58658 
83483 61550 
52527 18578 
14137 58194 
4555 71805 
63801 9430 
3678 35815 
61821 69211 
2508 25701 
69776 51970 
3414 82271 
81309 48923 
16559 96753 
80421 51313 
34843 8479 
84919 3122 
22419 69980 
48673 87882 
86974 45125 
21442 39485 
7631 30250 
68258 55266 
20103 65653 
31677 81140 
18657 35421 
79723 33188 
20467 37217 
19897 17880 
52102 40505 
75398 13940 
60178 41598 
13502 82927 
18611 67007 
88058 82688 
3452 72749 
8129 68118 
32932 36580 
73045 77028 
25144 42591 
20479 15430 
8681 13126 
18621 76187 
32615 51712 
96138 47706 
61314 22496 
44317 95261 
6941 6602 
44642 26502 
47824 43928 
72034 84878 
4477 90068 
99063 49913 
96675 92351 
79683 61677 
84791 16473 
22381 28300 
6500 35711 
72102 19992 
56000 28436 
7904 789 
17062 16455 
29042 142 
53491 16628 
45998 80437 
81008 71307 
14967 13700 
93082 69314 
54403 40960 
89924 68486 
60444 51148 
64604 83283 
94392 82907 
33208 6497 
49892 22299 
56941 92794 
20047 42180 
93280 43652 
75444 4875 
30539 98188 
32898 28776 
5638 52433 
41696 1648 
78390 809 
39227 8656 
37282 17877 
31108 31509 
41523 75868 
32255 66630 
62019 24079 
64820 4881 
70003 39890 
46527 13132 
36164 97998 
18650 58841 
45461 94394 
56720 22802 
3153 4668 
79040 52376 
6172 52435 
18161 17743 
80585 12981 
48714 47118 
40689 79660 
71323 33354 
8207 76172 
36818 23999 
41057 6502 
57545 29632 
60360 96146 
93299 11168 
31617 93179 
18264 35826 
51395 65791 
72297 23605 
14419 54108 
75011 41337 
87587 8417 
34316 39786 
97260 73397 
12443 70758 
44045 58458 
21929 65813 
95354 68051 
11667 5937 
70156 52582 
68797 62390 
22665 80520 
6139 42966 
52056 25352 
26754 35037 
13907 7247 
57387 96969 
85659 28567 
20735 12936 
43225 94852 
72829 92597 
38751 18438 
66308 66792 
30586 60577 
12955 3109 
5677 79730 
9570 41108 
51882 18661 
60138 25937 
83115 81014 
74185 1260 
93762 19255 
46336 7617 
20475 80169 
25315 20763 
19224 31547 
61946 55991 
23426 24276 
85225 59122 
34957 27710 
93097 2551 
14070 13043 
60318 5652 
76473 49335 
59618 2832 
76278 19902 
64358 89661 
52029 62982 
50967 87742 
39705 89916 
47673 82396 
11361 36481 
82387 3707 
80995 58646 
67073 41120 
30244 92640 
18535 4540 
45701 61105 
56266 70739 
26896 21989 
36875 82913 
19427 24952 
81540 3338 
51237 61205 
28086 54322 
1709 67056 
92460 21055 
13023 68853 
55750 31444 
61152 37582 
2367 72642 
39868 55096 
22591 51766 
75344 80727 
58425 59133 
81171 47003 
15530 46390 
84053 6259 
85998 89007 
98964 96095 
26819 62890 
9222 90989 
17107 28216 
11694 59781 
73521 80120 
20297 54326 
37752 95490 
81958 13314 
62602 77862 
48373 77045 
13839 78309 
64201 73915 
73902 49210 
77701 57422 
80504 69914 
53407 43695 
58241 68567 
68054 23862 
4585 52764 
775 3028 
72947 53157 
86482 48173 
55004 78830 
87417 11010 
2044 80945 
51952 28619 
40840 22108 
72086 94644 
33390 52841 
21412 36895 
1840 3742 
53943 33389 
90012 12096 
70774 48170 
61154 15159 
16394 70723 
37923 58766 
49348 98321 
75037 89594 
42991 9353 
17663 22146 
11230 37526 
39307 97397 
21440 71709 
71849 79057 
52164 74332 
37302 65526 
76703 32375 
65996 30881 
5405 29350 
39121 46597 
99230 54086 
24862 77230 
75069 42716 
86903 87896 
59335 83940 
31601 49148 
10526 4464 
25913 75737 
23710 91459 
61974 89723 
50313 1935 
66200 55562 
15129 55139 
50898 95018 
89113 3382 
84591 53164 
81326 29145 
13582 53193 
46292 21905 
1799 47438 
64074 46765 
68531 44720 
39528 28846 
94385 70033 
84487 42286 
34674 91581 
92034 10802 
26367 32311 
85551 97928 
99888 68333 
26904 89386 
10224 5001 
97903 47466 
83178 12941 
27081 47876 
32070 924 
19878 93193 
37779 253 
64479 33896 
753 36200 
27828 17857 
67451 66034 
26763 32278 
5661 70320 
57743 98221 
53233 94416 
95308 27219 
92986 50463 
24181 51871 
12906 6690 
52855 97912 
95211 10466 
67522 73935 
40457 14295 
24371 16753 
73606 99824 
45568 45331 
97783 23932 
79637 44295 
58469 43123 
10497 19200 
55922 7657 
51075 40071 
96902 55279 
37191 17160 
8060 75871 
45331 33436 
42875 62998 
93955 92017 
1593 16086 
52136 23560 
49347 7817 
71641 38582 
61500 85358 
78940 2728 
47208 31153 
12186 59229 
2300 69278 
64865 22067 
20815 66712 
2594 15838 
50849 45414 
52467 43859 
14873 90684 
25365 24755 
27254 14092 
20835 49570 
32444 5083 
81390 76423 
56162 84411 
8537 97737 
8834 54658 
26331 86321 
5694 28374 
79940 50860 
71135 2720 
86499 8834 
76280 41033 
13400 15429 
18181 16328 
45248 70726 
86682 69542 
14852 64238 
80689 36174 
15890 5831 
29441 98992 
85324 35118 
46343 31602 
42167 97610 
93040 7942 
95857 25231 
59595 66115 
92276 61224 
73034 31514 
48389 25074 
30941 23786 
37471 21744 
19419 94962 
26088 61320 
15446 71952 
31261 70163 
92496 5590 
61660 42646 
45276 60584 
30212 3830 
24517 15920 
77153 27687 
26005 83723 
22372 82955 
9345 95995 
73759 59257 
31466 53373 
54341 59827 
67434 77712 
75145 33973 
56907 61247 
72984 62386 
58357 59067 
52818 1430 
15219 28740 
22828 38781 
38171 81223 
87045 12058 
86004 70545 
65133 94568 
83880 16257 
41837 57817 
52245 22279 
9670 79176 
32259 28517 
57523 74850 
84348 7522 
75220 3294 
5298 97443 
89418 2253 
56314 44661 
19794 93804 
19547 14773 
46116 16095 
3817 18919 
6612 17917 
1618 94005 
5900 82820 
58947 69970 
96843 33143 
57110 55007 
14811 1198 
21381 70528 
85123 44735 
65220 71678 
94875 26927 
50757 96297 
18866 77256 
96316 95540 
16007 99065 
90007 12676 
67393 91899 
74727 93154 
10108 12407 
54422 28608 
31882 6205 
34020 60249 
30876 4956 
46207 92967 
12159 97831 
37030 463 
87835 54632 
79304 33870 
71349 98979 
57906 81573 
8110 4354 
24228 66302 
64405 13166 
48445 7115 
4456 59638 
7708 18453 
21515 10939 
35968 66285 
53058 27853 
26874 52151 
2421 86200 
25017 50002 
9621 93272 
62776 77784 
62660 79775 
129 46036 
17258 47060 
2982 89101 
97735 1859 
51958 51079 
84704 16346 
8033 68280 
56239 9989 
74006 62662 
38357 61508 
81525 36663 
37948 24182 
2233 38797 
76671 35818 
28561 51535 
17896 85877 
94810 38248 
80418 26592 
12368 74349 
62450 92322 
74279 79306 
57329 21978 
43822 60783 
28391 63045 
79390 79973 
24627 72520 
63656 48015 
61036 20058 
98872 67432 
57981 41657 
2119 39619 
32398 88424 
84417 69708 
60380 64271 
25843 13462 
85407 48829 
65128 27404 
29457 57447 
6696 2990 
75210 98812 
10708 88389 
26768 52576 
72369 27312 
23561 4276 
15648 73361 
77547 42939 
23484 70448 
27321 47930 
1689 25142 
54450 65919 
26969 35147 
87078 6306 
60807 79617 
23813 63978 
20480 21671 
46908 11985 
86007 21194 
57917 93540 
87626 6909 
61291 82670 
62175 10692 
41804 75927 
88772 24251 
30198 23761 
14267 98529 
28143 9468 
57169 69572 
68357 36053 
35086 61113 
18655 86955 
95204 83747 
99730 85217 
39926 23323 
75636 87556 
30503 87073 
93203 14686 
20344 54973 
92072 37339 
16680 65995 
80506 8605 
94318 54140 
73869 57548 
88485 37517 
22382 36467 
75073 55264 
12720 44772 
6110 41702 
14028 36098 
5822 24893 
53109 52143 
48441 37641 
45801 16604 
32704 32973 
81990 65702 
39995 3286 
60234 87944 
13171 12573 
94632 95090 
21324 64542 
71352 48765 
82102 45936 
15164 22676 
97654 3995 
37320 89123 
22899 39741 
75331 80292 
25507 24681 
2431 89756 
15839 77473 
79966 47698 
22092 69284 
49450 24530 
60938 61788 
12714 91923 
7221 20141 
28340 97704 
97604 84770 
60505 91617 
12509 30464 
52363 72666 
68338 88959 
60296 15567 
17638 62155 
77596 73758 
98750 7047 
96611 49509 
98444 30611 
6865 67853 
91149 93142 
3373 90370 
96586 81905 
84111 57309 
53991 83470 
48559 52096 
45571 52743 
70215 40954 
14425 49427 
5195 52201 
12906 88575 
16278 24724 
86230 30850 
37185 73166 
43122 20263 
75400 88618 
90380 62423 
53527 17845 
11459 24683 
18940 41591 
50533 31087 
9390 3014 
22962 19667 
48302 21036 
10680 27351 
57601 60192 
16761 68666 
18249 18491 
47244 78400 
79038 37898 
60298 95519 
12754 38215 
72878 75889 
45454 24456 
43268 34740 
39423 20272 
54238 36304 
93243 35514 
6033 67687 
33487 84762 
90987 56797 
11666 35403 
62294 20023 
87387 78846 
28312 54367 
74049 86479 
754 20851 
46969 33193 
195 1297 
65477 45596 
75577 48919 
40302 59505 
25728 94722 
85492 51837 
20370 16274 
30133 45749 
5722 23225 
29307 74658 
45484 64776 
5996 30742 
91882 18354 
76068 16575 
3381 75836 
56997 64732 
25813 3944 
37657 89544 
31847 18800 
91274 87600 
70122 81144 
46575 9161 
9796 88336 
93172 81356 
78880 12026 
86403 75839 
85457 6245 
34123 78526 
79710 89685 
93360 37091 
61685 88062 
78266 33114 
64775 7699 
82485 50062 
48182 99859 
48811 85747 
12913 66861 
76943 88456 
15376 55622 
46171 79659 
90209 82057 
43981 62989 
9737 30604 
33869 9158 
1245 77190 
66044 49521 
15290 91043 
33247 7201 
88313 81039 
574 43994 
71088 65633 
92974 3732 
846 61938 
6994 88326 
79419 9137 
24395 11421 
82334 64174 
44411 36402 
64501 33540 
18711 20436 
46999 33990 
68536 54294 
66443 7127 
87019 8901 
43478 48085 
81349 73861 
80227 46873 
89233 670 
27796 82497 
12020 43862 
74486 54548 
42880 27066 
92888 84769 
32597 47726 
49832 71912 
27813 74218 
26933 37279 
36987 82122 
21517 55405 
27839 22645 
97768 24633 
36740 15462 
36168 95711 
75280 10718 
85653 43003 
52144 70484 
57389 32598 
89493 78649 
11641 14305 
2166 58 
79975 40412 
25349 74643 
33830 93115 
21729 50347 
57516 84622 
72702 29858 
8756 79198 
59871 30467 
53142 74815 
72846 33803 
40192 73550 
37266 32793 
48198 64515 
43002 66833 
62628 40852 
66662 73044 
68588 73225 
24815 71358 
31681 66200 
64714 44290 
13577 31089 
97914 68433 
18721 19037 
8753 4019 
96799 71552 
24520 51346 
31960 62147 
17001 38416 
34245 22418 
16140 12858 
11278 68620 
55739 72973 
38998 70690 
38344 87734 
69056 34668 
1954 23597 
7477 1591 
94655 17201 
74276 1196 
14976 7332 
6957 37148 
55563 66977 
2148 21999 
95619 56857 
99125 24734 
23677 55516 
96544 41495 
36345 7880 
59453 50959 
51027 74096 
17490 69869 
90967 53589 
77133 81298 
49545 5407 
70997 68538 
17401 85284 
45359 50847 
60723 72268 
43477 83797 
71993 63339 
76705 56605 
75477 73123 
88031 91575 
58923 87637 
3379 26659 
20227 85940 
34856 41155 
63212 61607 
47109 66674 
50215 47180 
23049 10778 
20847 69018 
68426 9071 
16056 37448 
76070 13000 
4533 7659 
30122 15296 
94572 30489 
68127 12705 
28595 49058 
34632 6549 
99896 87159 
53749 45664 
1537 18362 
20117 23388 
15864 1007 
57822 50524 
79788 13539 
25011 39582 
15737 27127 
48336 52121 
1132 8029 
55791 80607 
60228 50896 
39126 59011 
1357 5991 
17750 22182 
89887 78263 
94860 63106 
42615 44281 
93526 69227 
52837 54206 
35552 54305 
7040 60314 
79153 40642 
33882 41022 
62846 88013 
34106 69927 
12407 10287 
76006 13066 
55365 68436 
5269 24416 
53211 79567 
10280 49604 
5361 35548 
4389 40855 
860 82000 
35183 32397 
93954 68612 
7455 24864 
57830 45169 
11359 79676 
27213 44154 
80134 29945 
74950 60435 
62834 73136 
80346 11277 
86650 22547 
37684 35825 
689 59599 
22276 72200 
38512 46988 
78305 32454 
10223 33976 
17853 80929 
36613 9367 
23717 9903 
67609 35182 
29971 97932 
85202 24633 
13689 30921 
77071 11628 
68869 63714 
81261 95926 
49283 853 
44584 37948 
60868 79197 
7788 20341 
56213 42179 
29120 89588 
33806 5770 
84511 40253 
72931 29563 
37459 6908 
41453 22926 
54544 84353 
98185 35787 
53573 5427 
74161 6353 
10508 67521 
57823 63982 
18603 13863 
28012 14388 
88614 43684 
75605 66524 
2441 46597 
29739 95715 
84254 30803 
57797 76007 
32940 42214 
39673 56201 
67581 52121 
26295 98663 
73761 24748 
80001 47757 
2621 62825 
60071 45637 
66874 69287 
60577 67120 
98422 56243 
29675 2502 
80726 78563 
99569 77443 
45751 68746 
34589 62393 
30103 2180 
61199 90582 
17864 27457 
78176 73173 
58686 55111 
57853 72980 
38857 9950 
40003 74000 
327 17117 
88803 63022 
48119 10045 
30295 21703 
60055 19711 
12837 12768 
14402 28855 
36296 32340 
80837 52326 
77039 91948 
78017 35232 
95290 88350 
87096 44315 
48993 17106 
24682 64733 
54054 86667 
21011 4427 
24682 93790 
19529 51267 
99516 28203 
12610 24405 
9338 84676 
54789 10550 
70367 74086 
49682 78336 
93513 41510 
89676 19517 
84405 19042 
38502 74407 
71638 63780 
85969 60823 
41377 57307 
71412 40690 
75335 71976 
67835 26583 
86077 41474 
42248 51620 
18744 8357 
59372 487 
41469 59650 
75648 26780 
78137 3104 
78430 62428 
46604 81323 
61246 58659 
53076 68747 
90187 84786 
59093 47328 
8770 51004 
81392 10766 
49019 14516 
6904 4296 
65062 74417 
5240 67242 
82175 60166 
99240 8990 
59031 70836 
10500 15466 
93766 27977 
31283 52905 
65564 63539 
86794 8384 
92589 76200 
42545 82531 
4391 54309 
80371 28773 
72307 81778 
13615 15665 
14948 14413 
37147 74040 
97482 38518 
11043 79166 
73230 1014 
58144 9529 
74006 30916 
15159 18546 
41656 55680 
14605 53237 
7411 52754 
90555 54774 
67968 66614 
95055 79817 
77604 64624 
84026 88703 
74177 1254 
81555 56768 
83526 9512 
59721 78500 
1561 40877 
77439 50698 
36252 30590 
6273 40461 
2751 73859 
33783 66556 
4055 60344 
75673 48630 
96897 29218 
46874 7712 
37942 75197 
38653 33572 
28953 57088 
23949 69791 
31179 34747 
66348 5731 
99076 87765 
39468 6141 
91325 49777 
72993 53734 
53172 25966 
29184 27828 
28288 48172 
79437 93049 
50589 61934 
94282 26049 
86918 32877 
82218 65378 
49985 6040 
12842 29854 
77647 51051 
37985 14182 
79378 78519 
80901 37072 
83707 18544 
98018 86723 
81407 10976 
30381 81317 
48428 68841 
52621 38016 
49794 41307 
96136 22986 
71135 20626 
70149 37087 
98052 8679 
29397 77121 
65158 83080 
40435 918 
26439 80199 
79876 16035 
56483 43087 
57383 6476 
78168 65923 
93789 9593 
26537 3458 
493 56212 
908 3846 
75 91028 
27645 66338 
88 97430 
54570 21498 
82065 61205 
24658 80913 
95994 20903 
31413 5811 
56878 69194 
41283 99584 
24461 89139 
79464 37874 
9797 32072 
14614 11727 
93067 69677 
45299 74236 
55898 81815 
86389 49187 
28392 73819 
77158 81380 
26205 52207 
84496 82652 
6208 26164 
54455 55029 
618 43613 
73222 53042 
98971 15363 
34665 80899 
34894 28549 
75783 7046 
358 1465 
33615 18568 
53947 85908 
97642 30973 
11639 80250 
80202 15076 
8719 76750 
4120 2020 
99624 29948 
11541 79916 
18909 99542 
30840 1141 
60976 90721 
99568 78045 
48801 87734 
30489 56610 
52635 52308 
25107 22558 
88479 37569 
84448 12470 
73131 50221 
40425 73672 
37678 79014 
32769 40957 
4545 95887 
86274 75648 
14550 27705 
1048 43086 
49892 91111 
54462 88308 
36598 80785 
27686 6504 
25674 2273 
11942 94773 
46052 44552 
20066 14775 
94397 94636 
27452 92067 
76952 6772 
93159 27216 
46786 52152 
66712 96235 
86201 91582 
69065 73452 
68488 33170 
47200 18608 
95851 59849 
41028 31802 
51015 37428 
68520 94849 
18898 42887 
30413 85653 
31699 84718 
59378 73443 
65838 22423 
90180 76966 
72424 30617 
7177 95247 
54262 94697 
33362 1034 
11894 69685 
61258 20756 
68746 81587 
90063 11664 
51212 1495 
25789 86717 
43307 76662 
21499 30890 
57534 59917 
83329 98738 
63691 39030 
44587 82384 
95555 31019 
15073 91534 
11756 72900 
45602 92691 
21600 9999 
8807 13436 
99213 55721 
86423 29435 
91 72514 
70564 16826 
63002 2811 
31875 70632 
27140 60824 
81035 61119 
19550 81353 
51687 24257 
71047 10118 
62706 59946 
202 11655 
75583 42198 
64466 65426 
48776 29166 
15059 18559 
5016 97743 
8001 64503 
69844 17363 
17519 20898 
10071 20742 
69995 87078 
99394 25455 
66770 71885 
65036 9578 
92293 95854 
24095 47064 
10498 88323 
1177 64089 
36720 19657 
29923 86282 
35091 31537 
80216 8594 
32068 54118 
20123 34478 
55587 27904 
17036 99141 
6329 80276 
6035 12787 
42646 41887 
5124 34141 
13966 26513 
36791 11914 
8799 39449 
23273 12509 
92965 24175 
58893 85902 
1253 4751 
27056 8471 
11450 32311 
21713 81507 
73508 98009 
53584 57158 
88620 31886 
69892 9805 
33049 67424 
93073 70143 
99773 14881 
88693 91693 
87395 53047 
5718 25060 
181 18659 
93295 33903 
35748 45492 
87417 98435 
27591 80996 
78056 17190 
78529 87380 
12833 35878 
68104 16154 
66762 3318 
42049 30399 
9324 78780 
95209 37410 
29867 92495 
40591 85882 
40259 91648 
16734 76399 
59760 87894 
23171 31784 
1224 59216 
89474 74700 
20044 48901 
77232 63953 
57643 47490 
86272 48016 
9876 39725 
86546 4587 
77332 47845 
25308 48372 
9358 5027 
65585 5759 
36485 48330 
96372 74705 
97010 29186 
17635 10915 
2633 1316 
43876 7233 
55330 60864 
88903 62224 
23065 81633 
91383 66006 
5466 9493 
15899 66675 
72252 54322 
17402 19026 
37009 45337 
88348 58807 
36765 96163 
17235 90315 
23927 59766 
74902 22975 
41223 40106 
10621 43340 
42650 67380 
83916 63026 
43775 36746 
79960 40171 
33328 56623 
56556 32290 
54637 51991 
48872 1772 
70276 20534 
14502 61763 
56194 45054 
35857 19809 
32615 24271 
9511 49391 
28191 95920 
42833 95367 
91136 91048 
47110 98322 
6520 76412 
63298 4976 
52394 13129 
81680 17042 
29123 84017 
19899 19315 
26048 19511 
5198 19261 
47531 82603 
66170 25015 
6472 56957 
76908 86461 
7539 19157 
12193 24918 
84636 65987 
66170 80984 
27556 10709 
58965 17214 
31291 58505 
5780 22551 
28126 20556 
51225 78823 
17458 28671 
77999 66109 
91140 67952 
83506 3422 
63248 53676 
80572 43890 
52266 40377 
19189 69516 
31024 66060 
45003 59583 
55094 2557 
7310 38923 
3912 4203 
4340 47491 
20529 21347 
6900 11088 
15702 72642 
32753 34583 
9938 50634 
53604 83590 
23122 68847 
4150 68325 
85564 45397 
28373 94262 
36522 58096 
42120 98170 
96736 99066 
12965 45288 
49984 3102 
58448 23616 
45377 23311 
42041 34687 
36859 80009 
2475 46709 
9325 14421 
86613 45559 
1759 37426 
68577 91890 
27002 75393 
28614 68498 
5017 80113 
34013 81064 
71922 87880 
11345 57556 
631 83980 
24423 76802 
70564 53150 
75582 45141 
53700 74029 
29229 31546 
42137 46171 
16096 66258 
28381 21883 
14213 5720 
63726 51991 
18352 67465 
62372 44539 
3533 42636 
89365 78531 
60159 942 
68940 10990 
28445 13080 
76531 64942 
88031 29076 
32510 88358 
65000 67472 
98579 29673 
3030 89921 
88834 84173 
7967 58500 
46641 27372 
15850 98962 
5747 66438 
53270 22096 
49500 8780 
55908 87547 
5529 68131 
86186 29670 
64951 2743 
44222 3381 
94903 7773 
97579 49473 
21171 64500 
64818 23488 
93653 82706 
75429 79995 
11610 59366 
94450 55011 
77913 16730 
43935 43274 
71917 75970 
75393 24258 
79117 68720 
47435 51017 
92422 88180 
41069 79372 
4638 33891 
1437 81422 
44688 9850 
29284 57023 
71127 94324 
57996 29589 
25642 11546 
42828 88510 
66571 413 
57732 19409 
47809 93371 
42216 45666 
82082 89866 
65731 89828 
29162 33051 
80321 51948 
79435 75899 
13610 93370 
61102 53402 
13683 9121 
85367 61271 
95004 69819 
58085 78334 
50245 14900 
28665 59790 
86744 82933 
17413 71529 
18285 71972 
61035 31941 
92987 33103 
42696 76923 
66315 13755 
27792 66269 
34571 83827 
9521 5155 
28704 97317 
79375 63165 
30854 64909 
76815 35092 
16802 38822 
39702 2685 
46308 40257 
72445 24610 
20320 91900 
72382 3053 
99125 53174 
6550 49729 
28730 94343 
10802 1486 
54114 87048 
91134 16281 
7471 33501 
43105 13975 
47143 4308 
69430 13223 
88695 5775 
68065 55673 
13393 51552 
83550 1753 
61351 70604 
62893 28522 
16699 43739 
33940 59365 
70342 24328 
28969 7767 
2231 65320 
9149 22972 
59549 44320 
6532 83987 
19791 51220 
89438 265 
18468 78780 
74331 42296 
89983 35541 
52738 43415 
17229 82581 
75267 85348 
10528 80896 
36467 4287 
39776 24551 
34024 31787 
24991 26246 
33737 15286 
49950 16596 
57720 46782 
1173 16146 
27454 64994 
50265 40041 
35589 86290 
91451 99279 
90825 62718 
18126 69579 
78698 61685 
72324 9180 
7804 11113 
29261 20239 
65740 56399 
85417 65029 
91974 30997 
3131 67733 
85888 51208 
27243 55413 
7385 7517 
30088 17598 
94753 39806 
59944 92938 
19879 51798 
65038 23509 
24444 41315 
40318 52596 
32393 97216 
97384 80166 
13752 41357 
89371 31760 
82777 74439 
32005 41126 
49471 18349 
49669 94714 
7626 34372 
41049 36996 
34881 36634 
2753 89597 
657 13151 
71293 94355 
26390 13119 
43893 50656 
19131 58323 
16844 80810 
4370 89041 
36424 23699 
16854 60358 
91938 26573 
69196 63502 
92956 77640 
7251 58626 
63622 97939 
78491 70422 
55703 90022 
85047 15983 
29050 23080 
66615 5553 
73213 19414 
60063 81114 
47205 95518 
12399 35177 
95744 2564 
81637 82757 
59761 5684 
46139 43147 
36580 39215 
57201 24970 
60899 75954 
11876 97905 
71523 52454 
93514 77556 
808 99544 
25962 46116 
73845 37500 
14075 80816 
32651 8660 
97951 64560 
6967 36815 
31228 8743 
37764 22292 
4799 26921 
22113 4434 
76478 59818 
88845 49048 
34422 67121 
33227 47392 
17534 69536 
35903 45407 
39601 45825 
66399 57155 
15585 63807 
24739 54795 
68264 51778 
6082 68939 
1340 97378 
82709 77864 
61158 94590 
85355 11795 
73338 46409 
31548 49370 
32924 70637 
92496 37380 
47040 49340 
12021 22042 
77594 8688 
91146 40270 
8232 15206 
30155 82828 
64518 26934 
76306 7733 
49238 43523 
59828 51907 
15752 58023 
13458 61837 
91479 24896 
61477 39871 
80903 23772 
33055 81793 
22865 16486 
1694 63447 
50466 66176 
77654 19415 
3571 11478 
83463 45171 
73653 66368 
23965 45594 
18681 46688 
21830 47385 
71735 8160 
27063 90673 
81233 17451 
24734 15964 
62919 67818 
59050 66620 
14177 93939 
63806 34151 
39769 36695 
39415 83879 
64762 58027 
44866 11903 
65182 8380 
79371 799 
29860 4878 
12903 61122 
77947 86993 
87420 68525 
95760 78360 
51308 32183 
23893 98266 
8430 59248 
20929 34456 
60102 12127 
53647 10062 
93474 90703 
15261 51793 
22952 9929 
53010 93955 
22704 84794 
94345 33442 
97720 79218 
96979 84529 
28523 23261 
12238 69119 
90328 53847 
43419 18023 
91324 88252 
1291 51939 
96684 96703 
7404 56972 
5055 714 
72514 68855 
22455 87144 
82250 32481 
34888 94477 
55021 8921 
15442 97454 
98241 60771 
14238 88929 
78053 58535 
70320 33714 
35081 15639 
53420 48175 
24100 77780 
90520 41468 
29071 63476 
57195 39565 
6646 77021 
17005 1587 
41037 92475 
73470 29484 
51035 37894 
58718 66707 
76026 92685 
20428 79293 
81991 47821 
84456 13646 
70773 68529 
64347 29317 
46297 42206 
60945 12188 
89972 90449 
45370 83765 
24154 73433 
46883 35608 
97351 17306 
73502 34474 
7732 50826 
77697 63356 
92579 46177 
42088 86366 
50431 20696 
812 51269 
30010 71196 
31047 72517 
15367 80633 
46170 69710 
60288 58069 
97123 71716 
76596 47162 
41773 35022 
60823 65914 
73416 66413 
51599 20917 
9025 84697 
46161 73060 
25468 3948 
68536 18480 
97623 71630 
74248 88450 
36162 48941 
96784 65008 
44779 77876 
89627 55281 
16695 39748 
94285 66801 
68520 73274 
69562 78537 
65905 86863 
50207 7948 
29851 69347 
64117 33033 
25207 76160 
26442 40193 
23531 43860 
46199 33636 
1407 64866 
26451 60158 
82238 36435 
12589 74279 
54652 83156 
44980 93071 
3881 40596 
1965 67432 
73801 79262 
77151 27131 
36834 42658 
20944 40650 
86458 70977 
90451 67653 
82844 82833 
94150 71853 
75951 91463 
88140 5139 
2395 38946 
79332 69971 
2518 42232 
17576 16414 
32277 58169 
13534 32597 
50956 91212 
1991 42954 
50140 87130 
81352 37293 
52018 78768 
99226 15573 
45789 75825 
21275 48179 
49797 19586 
15937 19584 
83990 55697 
11138 44455 
12397 13303 
30797 19588 
68553 17281 
98696 2494 
8119 1764 
5197 88029 
42454 37812 
68337 88145 
94458 35825 
84974 6660 
83763 34178 
59955 40891 
92159 39556 
21679 35048 
82151 41606 
80981 56492 
41609 84762 
66886 65270 
5725 43490 
77614 99771 
63814 13704 
18085 6942 
92976 2723 
56243 4163 
73252 72905 
19647 71711 
29592 69956 
71091 39690 
14843 45943 
47397 51358 
94904 69141 
19091 55979 
22313 98110 
30297 8652 
87739 85782 
8008 31987 
20220 70835 
87762 25099 
66433 8255 
88828 89050 
16905 88759 
86125 74710 
62780 97607 
68425 48922 
60622 67356 
42760 17959 
54675 86222 
43523 43420 
56140 33985 
31388 35038 
7223 30733 
21970 7332 
64053 265 
67069 42571 
17076 69583 
22335 11229 
30080 48670 
74414 62929 
19766 60623 
67854 15802 
16620 21224 
67514 40265 
44792 99135 
15724 54397 
33821 23199 
95108 22439 
28239 41666 
87780 75352 
92438 79693 
29515 52949 
17688 86081 
93554 813 
25731 7989 
2833 42021 
29177 83201 
61743 83637 
52687 93584 
18921 11001 
40992 80441 
21093 69048 
79815 82774 
94694 29177 
34041 22815 
96721 92669 
63795 29689 
9229 87183 
13584 61726 
12890 71580 
82230 60668 
64207 76123 
72080 46901 
18250 70046 
84780 43865 
84206 66557 
77923 1887 
74557 46536 
21938 76978 
10359 6477 
99826 8483 
74899 13705 
73714 30987 
65891 82435 
1621 50513 
82429 67947 
25495 12797 
97059 12950 
67240 92308 
5632 70184 
63342 34673 
17995 68330 
40650 92315 
51129 84522 
85991 3356 
12983 36067 
90489 77202 
20056 6405 
55833 66763 
74682 75927 
34196 26860 
39006 36936 
36119 81139 
81801 33892 
81371 45692 
41569 84968 
86678 86576 
44755 9075 
81154 20575 
41480 3637 
15393 3770 
72807 92775 
83376 90893 
63388 92962 
7721 89923 
41219 23785 
48254 81022 
22268 25157 
81501 16663 
61925 29114 
64390 70666 
67478 74294 
39338 57891 
86241 44253 
59842 3431 
32502 56957 
15805 432 
93122 32129 
16038 59029 
56362 15532 
41752 15389 
41500 44890 
19289 39501 
67743 771 
72973 53081 
90194 97654 
9671 44850 
47830 35264 
55493 49466 
13929 48375 
12047 38473 
12877 64474 
24761 56939 
68961 2950 
58987 27791 
82531 26967 
60990 37384 
86844 89722 
40348 10455 
24909 467 
47928 80383 
99835 72519 
39300 61528 
94464 5405 
7315 34468 
26466 96356 
39534 62029 
3642 72569 
6297 64308 
70792 84953 
13446 94231 
94350 6527 
60060 71715 
13834 34213 
26039 54108 
252 1436 
76953 43373 
728 70782 
14328 56310 
15905 90895 
18357 13167 
52106 69854 
27002 32072 
13753 38484 
70581 52011 
53208 51346 
34107 45431 
74995 613 
51035 23059 
99256 98590 
41529 78160 
25343 18340 
95952 65202 
601 68682 
70026 58791 
91683 19785 
1928 92721 
76153 88627 
83589 36132 
20657 39796 
18540 24013 
88616 56424 
76883 22663 
25176 88482 
14309 77252 
42 91225 
56553 58198 
49895 25288 
63282 95904 
51217 1720 
76137 69210 
71646 20221 
24478 91961 
93403 66873 
9375 24207 
75854 8887 
11487 19802 
25935 48167 
71661 10552 
74957 72971 
74479 18568 
18211 77481 
24414 83108 
59837 2806 
41874 85933 
19569 89757 
22131 60114 
275 23664 
93970 71177 
85583 94583 
86890 66671 
35465 92421 
65757 430 
74280 5842 
20058 51230 
20570 96225 
1222 72008 
90811 73561 
85990 25479 
20373 9812 
6370 84696 
84070 87112 
27459 3014 
66007 93119 
73265 86902 
23796 43884 
97609 37184 
15798 35814 
72329 59543 
11659 2594 
18172 83502 
86231 80412 
35175 70584 
4860 65357 
98735 37021 
44056 80588 
75243 64088 
55744 57660 
76807 20049 
75543 76350 
18497 71699 
95960 392 
63467 20605 
73914 92705 
41456 59420 
18660 93052 
4341 7005 
10959 93451 
38815 47605 
37285 52292 
90686 68970 
83849 46750 
67935 67029 
24419 74928 
80350 60643 
53172 84111 
42454 38943 
59249 19553 
13355 45899 
13197 59432 
72297 92005 
37147 25917 
31889 71365 
60390 39732 
72335 53961 
19869 16176 
39465 17499 
51194 84224 
86979 80997 
29914 47194 
59004 3165 
65081 93361 
2956 12612 
17538 7999 
74625 44052 
13912 34503 
47544 64944 
53947 81567 
66889 90361 
63594 75842 
94526 410 
29187 15046 
76283 94129 
59076 85219 
25132 36565 
58238 67585 
54684 81592 
68678 75491 
16233 82063 
23839 29888 
89597 30973 
88781 3069 
53051 12620 
9545 34653 
10910 81083 
74892 51281 
88654 24859 
1550 2019 
14943 21139 
90093 55195 
97503 30935 
62775 89174 
65552 37169 
86902 49545 
95306 81826 
7746 38255 
57061 15411 
63544 46395 
22462 32189 
31771 41694 
48774 28093 
60671 74192 
13339 84655 
72945 69136 
5847 51975 
89519 34842 
98679 76474 
10477 25076 
6278 95064 
7542 60444 
13365 96386 
27876 31359 
98781 31864 
82527 76335 
6841 44613 
94499 53678 
21308 72584 
11204 2081 
78434 73865 
43980 16212 
14997 16664 
83372 47048 
84858 74249 
53057 73551 
93288 66035 
7556 82209 
92147 89965 
49310 34034 
50997 98488 
39207 94806 
69302 80696 
1328 53657 
23102 26542 
77461 57537 
45906 65566 
69819 44683 
28000 92217 
21481 68873 
80976 12561 
23178 68095 
55019 73087 
2384 46179 
15315 61312 
46034 4030 
80934 5 
31779 78256 
4635 92121 
94284 19347 
25256 11904 
32929 68959 
55711 79124 
75130 76453 
79071 98047 
45550 28522 
12836 90481 
55648 52540 
67178 3130 
20264 94241 
66840 23486 
28382 63366 
28300 95619 
43725 87138 
83938 87482 
87502 10723 
23143 24722 
60430 36274 
76676 72486 
94022 97743 
5040 16375 
82228 27318 
64236 66387 
33606 81156 
12987 83643 
1552 57046 
94375 8639 
95475 54676 
71795 51920 
49376 388 
24243 93322 
25926 82621 
9152 24316 
63931 21664 
82376 59460 
34989 27936 
24351 37639 
61172 86672 
59101 31495 
59719 43742 
68446 84333 
23034 57238 
97637 97808 
12663 22557 
20611 798 
44483 74889 
83148 40166 
68994 22329 
70454 47443 
5368 65288 
52016 52001 
70850 13429 
41070 30907 
58115 20061 
68608 8397 
52371 15728 
12581 43794 
47248 37668 
41787 75690 
13968 19915 
30936 22351 
1778 29950 
78442 73557 
99331 12192 
11744 47451 
66457 26001 
96305 27500 
53689 46476 
73886 39287 
62933 29996 
43318 74598 
66852 33269 
62698 21168 
96794 14627 
95805 10437 
29525 39316 
47464 52799 
51545 56778 
32738 90093 
56442 17203 
3004 58439 
35513 47079 
8340 21063 
54802 9040 
10119 334 
72710 29994 
70301 11045 
41554 93349 
34641 72804 
53655 56061 
95871 58434 
38023 69329 
69889 17388 
87186 52947 
43100 98457 
95402 97607 
52254 84424 
19266 46946 
39481 42803 
29630 41635 
84718 91465 
9805 91556 
55271 75669 
69159 78871 
28044 53921 
83511 84795 
33746 94090 
44144 75880 
44417 88305 
95784 81875 
75671 5459 
70550 46493 
3302 13490 
79675 34886 
233 20118 
7708 37181 
84270 366 
64919 16134 
29709 1915 
92833 8761 
36580 45265 
85057 6760 
70148 64617 
81009 8591 
80268 67586 
13674 57293 
85304 27066 
44175 52395 
58504 56960 
95750 51779 
86120 64983 
7603 59846 
76001 20400 
65159 32108 
82996 22282 
27413 13060 
83225 4772 
64318 64209 
73130 69820 
37617 32138 
91177 95027 
7004 52721 
60189 24440 
20212 86890 
26515 13548 
50361 35810 
28572 66229 
76854 88895 
61783 71023 
67110 16756 
19539 16853 
5605 33028 
80502 44224 
33968 13946 
81464 66880 
11284 82588 
61899 81095 
77307 35938 
91482 64970 
2933 17191 
95042 58521 
42062 13205 
70795 6833 
56918 87539 
57134 43189 
74893 43225 
40901 86834 
49169 46235 
15740 30914 
37641 30544 
93014 140 
85089 48756 
39717 64836 
92065 28455 
67936 8311 
80637 43751 
28601 57862 
21901 13942 
68657 6201 
73106 96781 
95224 69764 
83241 52510 
52931 53086 
65115 16664 
61329 14304 
99255 34570 
78118 55891 
30314 78547 
50941 96785 
40273 89992 
95528 17416 
34340 62857 
91266 7426 
55240 12481 
16561 87452 
49529 54264 
55878 20934 
45555 50420 
97892 79663 
66891 69806 
9968 77684 
97321 45807 
17968 42152 
33882 10305 
42413 46881 
13010 27941 
42089 94575 
71472 54229 
94428 97103 
8572 93484 
98331 69706 
49036 38121 
19582 24613 
66981 29554 
11589 22347 
20578 92757 
34928 14834 
64264 61478 
67986 93464 
50804 29161 
48012 37371 
9002 31850 
6930 42444 
84561 93615 
69546 99978 
61333 42538 
63083 85367 
38157 35818 
46486 11859 
22468 16273 
5500 2181 
16077 59320 
75295 31682 
10740 59464 
46204 667 
81616 48381 
80158 722 
65190 32888 
15476 50086 
34930 90394 
65902 86491 
42724 61879 
26110 22409 
77044 38008 
80404 87279 
99840 42673 
73901 4007 
63305 80096 
46234 72969 
74947 26534 
46643 65689 
74821 15713 
46314 62533 
12294 88320 
38892 4004 
61387 50167 
73355 63593 
93523 11112 
94757 91662 
34414 57370 
77825 24440 
67857 43556 
26001 99996 
13382 77588 
74236 73902 
96947 11560 
77694 81332 
54334 44734 
90493 49445 
55384 90979 
38709 24175 
13915 62359 
70093 38915 
52905 72934 
19303 19094 
27487 72467 
61911 86283 
69288 78406 
43065 98190 
4827 86293 
57375 36819 
17981 3748 
25493 36053 
71917 71199 
59760 22049 
79443 3741 
36459 25088 
12363 12818 
95389 9918 
70254 43859 
68836 63100 
86932 96585 
1505 70528 
38972 78358 
60547 16033 
34746 77805 
50563 32849 
4782 35851 
42302 43756 
84629 34390 
95734 32797 
79933 18996 
8301 1776 
30142 21407 
47356 78063 
41984 49941 
32138 56785 
46804 71585 
15130 80087 
46886 18173 
75216 78906 
55023 10910 
75800 28572 
98898 12400 
59889 98568 
57257 83459 
51095 8914 
18362 43118 
4646 40853 
2910 4606 
5696 87962 
73352 87492 
43558 75249 
59486 86748 
99999 18474 
66213 13209 
77287 43666 
93515 6681 
57432 37675 
91002 62923 
27905 54634 
89768 8780 
31088 60305 
2855 5942 
94795 56549 
62269 63111 
79459 91546 
65278 88809 
33892 27873 
35635 22628 
86014 10214 
66406 41396 
7549 47174 
241 48582 
82400 97618 
20212 20165 
77263 30894 
69742 98294 
60024 12468 
93711 95235 
36557 51744 
94452 94425 
79796 37218 
26157 12896 
6266 75606 
9118 19893 
14773 46254 
31256 90207 
39495 79838 
18573 7561 
85500 71292 
98404 23318 
8518 40873 
49817 18860 
72788 64401 
33978 16169 
70889 4005 
24018 30465 
17709 84020 
8679 61185 
37009 73245 
26955 73175 
43570 54373 
1959 28628 
86447 84142 
81427 92147 
59633 73678 
59535 46237 
5246 47464 
50133 22598 
31337 71518 
5016 75792 
41515 76620 
22540 149 
26810 40787 
71642 18260 
1538 36725 
64262 49922 
74405 94594 
45179 4139 
33690 78187 
32457 23552 
91059 23508 
33953 50664 
72422 42714 
85767 78241 
66212 53552 
7061 92502 
39562 54633 
42299 17004 
11072 30314 
66773 17578 
25230 35402 
64190 34238 
7982 79589 
46119 64675 
95600 4220 
72246 35764 
19653 19925 
47713 64454 
99797 52611 
19180 27480 
43033 27468 
64799 30521 
73184 5880 
74976 91757 
17585 78508 
50539 32195 
59307 9339 
2870 95736 
22717 20096 
26583 5610 
97769 2174 
29492 649 
24156 44143 
46902 84794 
50283 66863 
37656 66311 
54010 65377 
57921 59364 
62195 67023 
35339 69934 
34306 28555 
20969 90486 
81714 11590 
79351 83386 
78739 95323 
88048 41722 
84137 8200 
57209 78043 
32431 86109 
46943 6426 
73326 93690 
55743 51386 
34444 77439 
76701 38316 
57695 54587 
69940 94459 
12817 80076 
79467 16868 
22993 75485 
30540 44357 
46895 48363 
79723 4168 
49123 78203 
53909 90857 
56718 96160 
6923 74872 
43286 39607 
42697 31358 
4230 19780 
2554 25901 
86700 992 
90803 93252 
16077 53291 
17627 97522 
17167 6919 
71149 67873 
62755 6599 
91621 62459 
94747 36380 
9799 25168 
53884 61686 
28901 64656 
22818 14207 
74921 3231 
34363 27396 
13608 14356 
21772 15593 
34116 91823 
91176 78174 
29053 71118 
77618 1631 
58633 54052 
5614 27121 
72626 71427 
12768 48750 
77972 55321 
10680 8787 
82230 82523 
51251 59948 
13404 93702 
38440 72070 
15266 89104 
75644 70710 
43922 50874 
67090 8617 
46175 44536 
97965 87495 
83131 7762 
2499 67128 
73553 43204 
91804 21694 
70595 94024 
53994 28938 
52868 95667 
57963 6940 
6170 65517 
89165 45274 
95776 13229 
20855 12666 
80813 28894 
77433 61591 
2061 33587 
77941 91800 
82407 57461 
57167 79347 
15222 44191 
49468 25486 
80105 67446 
86106 30643 
17700 84951 
764 52724 
15712 48812 
59855 66088 
6793 36942 
34372 97821 
55616 69758 
8213 81302 
17241 28741 
74278 33539 
81794 99049 
4117 32436 
81519 17030 
89493 42831 
25397 15317 
44940 16101 
43852 23128 
29273 67065 
71437 97463 
90937 14101 
68952 32061 
67226 53610 
88092 15324 
70584 28354 
11514 85843 
76578 40694 
59134 64718 
87587 56396 
37466 27582 
83861 42402 
23016 16023 
89319 82863 
13005 78068 
73299 21732 
47107 70435 
81462 87331 
2429 51479 
39135 64574 
90620 43032 
98601 93909 
40774 41840 
8198 92516 
34719 16792 
65560 12983 
72284 36890 
79935 77367 
83349 36705 
9218 50492 
70715 40976 
56215 45285 
63279 38128 
5598 85125 
82508 13637 
58136 83398 
76892 28499 
71974 38847 
58820 55504 
52126 86820 
86232 66581 
38770 91119 
67463 98163 
32583 8935 
31818 8357 
61020 12223 
730 79619 
33343 2858 
14748 13724 
54145 16078 
20148 12000 
65213 66943 
95607 33117 
63821 57926 
4174 73150 
1860 32258 
88691 18227 
4705 27296 
89826 78740 
61312 54883 
55069 25922 
27768 11627 
24300 16544 
55330 947 
22988 9535 
1028 30937 
67554 49527 
3926 37287 
89155 16655 
13423 68941 
11897 19365 
37290 65616 
79386 37553 
36607 50994 
9596 7066 
32394 63094 
72162 73390 
4418 44265 
24503 32306 
56525 17196 
13594 18354 
94809 80514 
48734 98142 
15039 67754 
77317 74851 
23978 26886 
50409 12725 
25572 94090 
47825 45905 
87481 55086 
43462 44664 
65993 10094 
30768 73898 
8097 84353 
95552 93685 
68362 55176 
18721 19798 
75189 98597 
15074 83212 
56153 93953 
65950 2014 
85352 63114 
83299 6521 
47010 62575 
50673 39008 
19099 91251 
22646 83110 
68299 24582 
28354 64824 
13352 36420 
17118 6914 
57735 24178 
4528 11658 
14507 9857 
25900 93013 
46329 49810 
80680 78617 
21837 49496 
56147 54482 
45934 45951 
51692 30806 
55999 90380 
85969 66003 
88654 35972 
58379 97888 
12408 11970 
53644 95896 
90381 43993 
23618 66246 
84253 62760 
54045 13208 
35720 28608 
25595 83900 
64904 87581 
8337 1495 
6580 66368 
86687 22317 
64492 7992 
97920 35936 
1680 47922 
81485 64249 
419 31139 
78660 5433 
19253 74698 
92481 11743 
46563 87478 
16417 86318 
200 69016 
66938 33463 
50955 22758 
9877 99329 
53968 35528 
53443 95473 
56668 94640 
91716 6474 
14410 36874 
21683 44600 
85722 49357 
24104 29443 
97907 71444 
93933 38547 
70729 78799 
29564 96193 
60993 66130 
41791 41869 
44076 83415 
23212 47359 
79780 21973 
26668 31973 
19396 91322 
37377 59123 
98416 75585 
87554 84268 
25094 9009 
54631 64187 
18873 64236 
4559 30620 
74698 4034 
90239 77486 
29301 7503 
91774 10234 
83796 45099 
90039 58285 
93241 43370 
97935 57128 
68329 49892 
34783 65302 
46937 81664 
18430 93312 
84002 16094 
66938 86489 
77039 62722 
47155 21835 
91581 35932 
80970 50127 
75933 34185 
21735 38833 
57836 19675 
43129 48861 
96996 83797 
40621 8713 
26910 78470 
31750 33317 
57010 91109 
55593 71619 
21861 41886 
14073 56958 
58027 85980 
68168 77327 
61153 10585 
624 78794 
25934 26755 
83438 64692 
99865 69490 
43141 55610 
87990 36023 
99853 30807 
30374 11851 
67088 80337 
36595 56839 
38464 59004 
2282 49593 
54757 48214 
51575 17296 
40136 99835 
46359 10344 
19974 57385 
78216 16356 
84256 24186 
12254 46529 
40434 75552 
83346 68802 
7445 92648 
54751 6916 
38674 29358 
36711 72231 
25794 10304 
28333 46017 
27696 98109 
89912 83958 
89135 61055 
74818 71724 
62265 18491 
50182 20732 
20865 40640 
13829 56577 
61891 31924 
71247 19148 
21841 32476 
70873 63042 
96513 31185 
8556 19654 
41855 95480 
2788 58216 
50900 87946 
11141 62033 
47214 57986 
5324 18317 
8780 67872 
47361 5262 
37933 36924 
12625 48378 
22729 64907 
86808 9629 
93056 26384 
23374 67513 
60809 11400 
85644 44006 
47631 24710 
13382 35162 
45999 45710 
47614 6158 
29840 94274 
19354 18701 
29410 43925 
58031 68996 
11810 73052 
3640 27800 
63319 47340 
12964 90648 
52620 82162 
34699 65929 
65028 42333 
90927 51247 
37014 98492 
43065 74404 
87559 74281 
39314 4322 
38338 86566 
37569 69350 
38213 2159 
72853 55688 
59222 8777 
91592 96986 
11002 25453 
6341 7727 
28514 58148 
34102 57617 
23966 40039 
68930 31936 
57987 82738 
5257 73726 
77399 4664 
72233 57653 
87334 95853 
61319 2546 
73989 24666 
29497 89835 
70963 91194 
38666 18523 
66903 84581 
48139 93795 
85118 7074 
11655 16040 
26816 86268 
42876 9765 
58825 8870 
4101 7804 
43906 74209 
41748 85202 
57194 83820 
39146 19286 
5840 54598 
82271 37709 
70583 67330 
37274 4598 
17752 39892 
20011 86472 
88146 44914 
97247 34208 
55231 75439 
96816 15094 
59278 98923 
19717 29875 
66353 29832 
41005 53728 
71468 94192 
58291 47196 
63740 55633 
96752 93392 
98081 21750 
7809 31158 
72693 52109 
4939 70353 
94593 44732 
64593 95089 
26397 86611 
82757 83487 
46769 15640 
18454 98389 
24216 56240 
74296 32486 
99329 59083 
61193 23437 
94100 96453 
69410 89812 
18600 39148 
21392 77071 
25111 68230 
13118 44295 
67672 55528 
60236 67017 
61092 80456 
52794 79247 
97580 37566 
88149 28671 
71487 29155 
95435 73006 
83017 30343 
86997 2620 
40332 60216 
72245 34782 
56112 91948 
47634 88287 
39437 87252 
32828 13702 
16759 46088 
57547 24104 
76756 21233 
16235 43950 
23046 59153 
98374 69585 
35993 93531 
71140 13885 
90279 35904 
38056 89710 
48423 79025 
22407 72026 
52113 52902 
27387 66996 
62973 50895 
6320 7808 
62330 73830 
35737 91649 
5560 23760 
21733 69983 
40749 15852 
85698 5188 
43714 66783 
69412 10568 
91807 61133 
71435 97943 
97492 93405 
76831 67225 
49315 32684 
70496 85791 
62704 59324 
30688 21966 
25908 78654 
83852 16549 
37466 25386 
64411 99076 
70704 34211 
63932 81397 
68095 67007 
72913 90135 
63687 55172 
15415 31730 
55362 36772 
51865 19043 
336 42493 
78555 26824 
87116 11869 
83756 84929 
45000 1784 
29784 62709 
88299 82965 
17997 45837 
56553 6978 
59390 57643 
4367 66199 
17343 31083 
14835 62294 
10999 94572 
59126 44911 
67895 95167 
1392 81647 
92659 45972 
53012 72753 
74948 51137 
13040 29625 
94271 31452 
92811 94827 
91946 46292 
11759 93190 
71139 83535 
68858 68487 
54823 68118 
39438 78243 
78411 21967 
20712 90441 
18980 93343 
50988 50181 
66162 61990 
57328 61808 
21174 18003 
44331 62600 
69902 6930 
22748 47751 
13574 31413 
90793 43279 
56256 518 
23317 13342 
42271 21931 
94399 31586 
8605 39321 
57450 42295 
67476 27406 
33609 86444 
62427 70678 
13951 70206 
47705 68197 
63985 9005 
25120 26530 
29915 88940 
35186 25659 
85326 49164 
40078 68534 
24223 3811 
54781 53992 
1775 90060 
79767 44859 
47639 50187 
63667 38322 
28413 29701 
77579 84038 
15533 1171 
14054 36931 
22865 3856 
33229 76292 
14246 22990 
66202 70510 
45426 19352 
51460 17685 
97106 59732 
24004 46328 
76220 91920 
98817 17534 
11111 54089 
90392 30217 
42920 7726 
88263 94433 
20309 35713 
64853 4247 
37526 52733 
26393 11310 
16866 33864 
30290 72999 
25740 79034 
83024 24887 
35859 95964 
1524 6314 
77428 2284 
67917 49937 
14802 18701 
32679 31416 
71707 49400 
24397 63748 
63914 23341 
5734 12297 
55160 631 
74646 1152 
38159 31869 
47491 79250 
56694 95181 
76419 15534 
27061 25600 
47239 96452 
87570 94485 
75969 6211 
3312 92924 
72367 80476 
80096 22311 
66922 37554 
96196 97794 
4206 7631 
43530 25806 
89888 259 
80837 25619 
41352 73013 
40681 26647 
32571 90160 
99288 88199 
42739 89162 
13739 56415 
15127 4955 
54479 94334 
7739 37224 
12845 95350 
70560 84260 
43039 17754 
15535 8485 
5918 58623 
54898 43366 
18003 19018 
71050 99198 
73249 99262 
46935 76094 
97431 3005 
29686 46564 
15392 21874 
22293 27137 
59939 18653 
98152 18787 
27845 26311 
11567 59281 
93170 32580 
33623 97060 
21065 25404 
77330 65906 
86218 33226 
88525 12411 
89300 5929 
69756 4126 
82013 47168 
73192 25265 
56787 26918 
45625 49005 
30695 74224 
33662 60633 
54804 74483 
60485 94196 
9986 73020 
66885 36812 
8109 17276 
68721 49418 
3569 53635 
20609 50491 
34274 31726 
91313 10162 
53503 58967 
50197 6141 
84430 91205 
36042 99999 
27684 41479 
29655 2604 
78943 38256 
79901 10904 
68361 66943 
39132 14736 
16532 84017 
48496 91966 
12733 1838 
76151 33039 
60345 4000 
52184 61886 
1637 66036 
62849 49126 
29512 24347 
63722 45655 
17342 57417 
46478 99948 
49687 17710 
47192 60790 
16469 80052 
15445 8650 
41096 52906 
72968 3539 
49048 32607 
78150 84961 
47611 67468 
78491 10423 
79731 38585 
76883 72993 
35353 57251 
59615 95519 
52171 25074 
34063 59359 
14354 2219 
2288 88882 
62596 81616 
53058 79481 
61788 72568 
89343 26470 
33573 55860 
20880 84998 
50285 84310 
42157 66993 
3996 67620 
85002 60144 
9841 98473 
81937 36060 
76307 47996 
1561 9 
76849 83047 
20421 23010 
86961 35188 
77234 88550 
8759 81825 
14729 80837 
91159 83639 
52025 39261 
67887 59270 
46161 4579 
77860 68168 
95249 86392 
2876 15561 
7684 88574 
56082 89712 
11966 39586 
81355 90943 
9880 87971 
78526 14324 
82145 39857 
52269 3540 
40131 34884 
93515 2077 
79800 79772 
41434 89754 
34792 84580 
41277 7501 
44394 75745 
8812 41406 
49126 92099 
35596 58206 
1751 5324 
21023 58742 
34765 44684 
96820 43316 
56752 47367 
17622 63467 
59462 420 
27271 68377 
5086 87990 
74634 40926 
28899 8475 
45052 58356 
36309 80195 
93892 5587 
95318 11323 
17280 15388 
25487 70046 
71666 8961 
62741 54352 
58749 62903 
35682 27294 
25115 34098 
23545 53238 
87048 32779 
78557 43355 
80077 45805 
86150 94482 
50147 77159 
5347 84501 
48699 90722 
78601 69493 
67461 11573 
25480 13189 
50446 66398 
37792 67623 
50415 21002 
75109 15388 
54975 3511 
19116 78521 
93526 85535 
82808 96816 
50422 30365 
86284 79218 
52009 7247 
4720 35973 
65590 13810 
66106 6330 
46933 44945 
26399 6850 
99569 95727 
77974 38750 
63934 88427 
53630 9216 
37300 69218 
72827 41250 
36503 28883 
39486 69372 
54596 63632 
41363 44362 
29877 7091 
19881 99260 
41141 32585 
76260 60933 
66521 46037 
54899 26813 
94978 64099 
98169 64750 
59248 99612 
98146 35453 
67002 57010 
80253 81622 
42970 74018 
41415 75604 
58977 32781 
31029 68310 
21102 3519 
6901 36131 
3585 76861 
20287 79693 
67646 87198 
84257 88589 
80038 28737 
57841 49564 
50949 18335 
34742 42163 
43750 64808 
59894 35451 
70171 63063 
9730 72209 
73592 43232 
62755 2839 
20464 69939 
55846 10266 
65258 4877 
68711 49202 
27892 17072 
3998 8446 
24235 49535 
33788 93220 
20084 28439 
64563 16084 
36906 31510 
32177 79583 
23673 16046 
76002 31538 
23307 43751 
57101 74766 
4490 29560 
79160 17035 
39 84650 
42867 54164 
91575 20063 
14522 89452 
6860 26655 
17895 5990 
50984 49555 
64695 24917 
75472 30837 
23466 2308 
431 2869 
89370 40131 
44015 76548 
57967 12608 
80763 83617 
25040 38288 
45787 319 
31395 60304 
25306 813 
46736 32502 
25708 63126 
39891 47550 
93071 77825 
14041 84607 
63029 90181 
95059 98763 
56855 40283 
48665 22249 
3831 52369 
67848 98242 
62249 64590 
15819 22138 
31790 83491 
31752 22278 
98561 93674 
6681 72358 
30762 52439 
15099 91145 
47678 51626 
44207 51629 
17680 34455 
97194 91351 
1877 13858 
59546 88414 
49283 50600 
8087 43567 
66605 14431 
11340 87746 
31198 69595 
16712 16586 
89244 97180 
45163 38683 
82891 91148 
17194 12741 
79866 42290 
15371 40277 
36986 54937 
48057 75146 
15014 24959 
16622 8939 
76500 44362 
4127 92161 
40499 87784 
97339 55105 
38473 79223 
25870 99477 
14253 33518 
52379 42076 
37536 16465 
75953 5193 
55240 69828 
17169 64942 
87916 3123 
37780 88301 
89440 62715 
10585 12467 
27411 50607 
95769 45944 
8925 80209 
98822 99829 
71824 24481 
82147 89864 
85052 33003 
77547 85106 
53405 68858 
13 17402 
1764 43654 
94574 7404 
21781 9566 
57447 7465 
46 995 
60338 9504 
10925 5220 
72422 16837 
49522 81402 
18445 32935 
651 40338 
33294 77233 
88229 43551 
73538 98352 
26163 79651 
24622 18473 
96579 28304 
98768 9115 
14179 27734 
53102 68187 
96514 20378 
70124 40956 
49135 63112 
33362 3421 
91887 53422 
99891 5628 
97985 40969 
18394 54550 
91072 65149 
66498 1430 
47123 83619 
84392 86879 
77818 34163 
63029 88480 
29937 2850 
4745 10330 
21375 55129 
11654 51661 
48499 23320 
72977 92599 
41895 33910 
16251 39090 
17931 1108 
59369 76175 
72126 9329 
50486 89035 
86940 56585 
11055 24618 
81424 33185 
3608 83150 
13049 65743 
30344 48479 
53082 65167 
31237 88929 
96038 79106 
91032 86255 
31010 64313 
83402 79258 
98110 62390 
77481 40771 
76766 83643 
7093 41973 
4297 78023 
56219 96375 
2965 99615 
45601 17301 
1620 51694 
14832 67352 
74073 33041 
81908 26073 
80524 93052 
27914 52916 
90608 43106 
98385 76617 
87098 64704 
34838 99213 
97762 1131 
50079 63199 
79603 18647 
39117 93684 
84453 75715 
73839 93919 
67808 44285 
64117 42209 
63840 85902 
80558 10945 
38672 97159 
24891 4410 
51290 4016 
2786 90980 
96869 2539 
896 87501 
80841 14798 
94999 38848 
73679 53019 
19363 24081 
26156 62483 
8759 12091 
82763 44247 
84080 84265 
16990 42476 
90061 39473 
26334 17942 
9363 97526 
67196 19245 
71114 21276 
80234 6328 
43965 84665 
55261 77083 
53831 24272 
11452 97137 
94707 25274 
23417 35378 
7285 9283 
6571 63307 
84585 11096 
86320 85036 
26405 54194 
14686 26535 
5118 60676 
65327 27690 
24177 60331 
33289 48803 
47710 95682 
89371 24335 
54604 55077 
90648 71038 
23788 4295 
28472 85041 
88706 28630 
3194 43033 
8476 42054 
50876 56374 
90822 67791 
11424 13778 
67584 45555 
19857 88166 
67468 74660 
22846 76333 
52659 59380 
71181 86283 
86031 83156 
15478 86395 
73888 1664 
37263 83020 
85559 11221 
80409 98687 
85589 18673 
9021 81775 
26911 11625 
6950 90325 
44085 3798 
51450 57633 
54534 9246 
38886 65282 
22704 81352 
13926 20512 
67134 37725 
55337 59114 
93685 80549 
1257 72490 
19502 13381 
54755 88069 
11748 50080 
96505 15988 
2774 9275 
45570 11735 
59093 88645 
51581 94414 
75366 17327 
71990 3349 
36605 91863 
86635 71930 
41875 11358 
28486 46932 
11010 40926 
64261 83977 
2199 48957 
41471 5365 
52775 83409 
29527 15203 
18141 75069 
21680 28571 
24484 81598 
31844 86418 
69768 15183 
15788 95919 
4493 28764 
69695 57246 
98784 71021 
10754 12014 
55596 58738 
24240 76081 
61192 56607 
69435 99996 
73489 99204 
72804 34016 
36499 37621 
959 61500 
74789 44081 
98275 4366 
65742 61919 
94395 97409 
9380 45399 
35419 74442 
15589 94109 
69221 8551 
6836 50056 
20130 1198 
90786 92079 
21112 20462 
91714 31837 
32636 47409 
42222 88366 
66562 1387 
27451 94102 
50668 80010 
42866 64250 
14858 67619 
73652 43518 
53612 37242 
28842 29481 
20913 95359 
66536 60239 
43659 96242 
27925 45503 
97489 83198 
57282 14912 
74974 97719 
22701 55094 
90310 34396 
68075 7911 
6888 9357 
20669 6289 
44591 53075 
50585 31183 
22136 34588 
28552 83494 
16492 73473 
56666 78094 
76160 98370 
53071 83670 
8019 66410 
56034 51678 
68485 66611 
75468 488 
28880 92087 
60688 46664 
52189 80893 
72016 4328 
13821 93380 
40839 5682 
22479 15113 
77811 31037 
48950 48751 
42119 75038 
50388 85701 
16085 17321 
85563 28933 
38827 10440 
52618 72052 
40332 45655 
44999 26511 
82986 8077 
13533 28804 
61483 86626 
43030 52559 
33968 61439 
319 96609 
57423 51572 
87298 19465 
78461 69255 
37338 43043 
87103 93430 
26331 54073 
75538 44965 
30673 90282 
56502 18666 
53636 10310 
86594 3092 
58902 11198 
8735 98195 
95391 75412 
74922 22919 
71094 507 
35537 90161 
35258 88900 
84687 14858 
58059 52613 
32414 12490 
54824 18455 
34064 39899 
87864 2788 
44719 28087 
93189 61816 
82314 57534 
21616 13331 
76908 30582 
54214 68853 
55549 2547 
50561 11343 
62268 43507 
14953 2957 
40972 16049 
20475 9758 
15346 70799 
13772 85874 
84332 81169 
34387 68274 
14383 61515 
21680 95145 
50384 38773 
49653 75825 
85988 76656 
25389 8267 
31103 83610 
10373 61235 
89333 70988 
75603 12744 
11429 66280 
81193 63682 
22136 27745 
79080 26139 
27297 51401 
73489 19637 
95685 9115 
37948 95297 
75729 7380 
79959 47895 
51185 10393 
64820 68851 
61743 28171 
58635 39352 
14678 30689 
27211 62177 
91860 12410 
32328 83167 
12814 98088 
99767 58922 
48951 50324 
94529 85941 
96732 12155 
27834 18254 
8217 93795 
37770 65569 
46318 91662 
30876 81963 
79043 9980 
45478 26391 
52105 40442 
99257 577 
82511 43870 
13316 47292 
97081 69251 
62907 22607 
99323 40184 
91048 39381 
85679 36539 
35379 16075 
47910 99978 
60925 54910 
92191 96009 
61823 16472 
77489 72380 
93620 54046 
25902 63857 
24390 20268 
85824 6819 
47729 61161 
35189 43598 
83573 68133 
96483 16151 
3836 67268 
97855 71343 
59012 86999 
55322 26076 
49183 60243 
69970 69440 
78273 85105 
30988 11223 
53938 89481 
90473 21362 
47117 19175 
29196 43304 
5093 96624 
63815 5728 
19775 77850 
55551 1734 
88996 68990 
67896 52351 
72743 50535 
86668 22081 
38542 97372 
59567 8212 
10622 75792 
34369 82774 
86029 44806 
74967 26232 
57498 88419 
12727 55426 
87705 57996 
46948 14749 
12403 9357 
42694 69185 
11012 77994 
86869 10590 
72354 47567 
54121 64488 
552 31806 
3015 63613 
51490 8017 
69891 36627 
63779 11545 
52903 45627 
49833 24919 
81976 94493 
42447 72786 
51760 21575 
50170 64358 
54135 84914 
60814 8753 
84406 45866 
46586 65447 
11066 57959 
66632 81983 
92846 71749 
33165 14162 
98742 73610 
5930 20113 
36805 86631 
6357 68986 
25716 75182 
97605 7415 
49489 11202 
59549 82503 
20152 79896 
98846 28738 
35827 25294 
73341 88094 
62353 61980 
77389 47489 
85474 8330 
30045 45859 
77544 28699 
31645 24285 
97826 7280 
5931 66921 
98688 14705 
24686 7939 
41319 69998 
19721 60241 
34090 45086 
23131 55397 
94275 6842 
40861 71093 
99551 42523 
56931 62281 
39571 68452 
86076 5335 
99859 78927 
41074 10670 
10379 52602 
57731 58616 
69354 96959 
25229 65775 
9255 77987 
2510 94664 
6354 51821 
62341 78122 
47841 87858 
93928 41791 
61203 48705 
12186 72913 
79447 71387 
67195 1759 
62692 76292 
20924 33186 
21765 15651 
59941 90148 
92649 61696 
42629 8418 
92005 26132 
37327 52356 
43424 97239 
93856 5221 
1695 78609 
5054 24394 
18077 14449 
57218 41757 
83427 90363 
38774 32593 
57995 5669 
75019 72529 
46803 23543 
83445 51377 
7738 18675 
98947 15171 
85858 58624 
1113 63241 
51850 74682 
86839 35896 
85212 818 
70667 90067 
83423 85144 
62540 75224 
97233 7354 
68058 89935 
89170 67724 
79874 20646 
87459 48489 
80518 38548 
60771 86829 
56730 57860 
70563 40164 
33278 39430 
67261 69111 
70295 57211 
84105 11195 
32309 32031 
48226 69305 
29436 76987 
72360 92862 
51607 91870 
12573 86815 
65254 90212 
77474 43830 
18517 41881 
52631 58421 
5826 66563 
60207 48252 
75643 19070 
8366 77513 
26144 66066 
97549 49972 
22827 65658 
41459 15232 
89273 26208 
29459 10702 
67738 38818 
4018 43910 
19747 49098 
51992 5077 
38572 58175 
11694 88204 
75202 20328 
79095 90467 
37381 35189 
55963 54315 
7281 16172 
20316 14443 
37557 53572 
15339 12674 
27821 80754 
46709 47789 
53968 94878 
50283 34495 
21326 79843 
42192 55939 
39278 28404 
91580 7584 
69757 62898 
62630 46754 
84962 9546 
56935 81788 
80649 90018 
49898 57496 
30526 55747 
55577 19482 
34565 5425 
73202 68922 
9451 94181 
65612 51483 
92916 64133 
94913 59366 
85387 314 
93907 63779 
32143 43435 
83188 36713 
57088 71478 
53260 65465 
95298 95850 
18640 11147 
35634 4599 
16636 13279 
77026 25172 
67322 96569 
22426 72232 
33218 93125 
82963 92266 
17286 53575 
41499 16020 
16045 83976 
29578 82238 
1001 11878 
4641 1747 
36013 54543 
75459 89639 
50866 35077 
12852 5092 
81984 68111 
72 3326 
60118 15655 
22651 22261 
71788 95921 
70996 97630 
46362 13094 
30752 24606 
23873 64496 
65662 61471 
40033 73007 
55618 1388 
24371 87299 
38605 22057 
45011 90168 
19409 59829 
49345 56111 
50242 44813 
43689 3342 
58849 76572 
26988 92527 
98199 16173 
43741 34793 
18517 19719 
49526 84953 
17199 40881 
88862 12365 
5079 85559 
69613 61500 
38520 10448 
80746 37035 
5988 19152 
40957 74162 
25055 24384 
84561 83818 
1150 12886 
87964 94669 
22973 70877 
15199 48917 
21083 2170 
14157 47410 
96004 98526 
26557 81008 
30082 2384 
84131 29808 
33362 35799 
51110 59564 
37913 56241 
38824 95551 
47330 39832 
62064 8081 
68530 85694 
28851 1052 
1503 81230 
55320 55125 
39355 67532 
75683 40544 
35728 96492 
73554 81073 
29631 76804 
95425 20196 
78736 64716 
19640 13447 
41341 67209 
44968 46634 
64503 90218 
31713 58724 
81251 82599 
75270 30268 
93327 97699 
17124 83525 
17545 18735 
1546 28805 
3670 71618 
67542 83057 
89610 79424 
25115 81355 
45755 96396 
2494 99714 
74457 96201 
66686 8495 
72940 79090 
13588 79721 
38308 5669 
95838 78709 
91898 61201 
6693 80706 
26856 3663 
66463 66576 
37595 51221 
64334 68105 
72732 20361 
92940 53105 
64105 34596 
75587 63273 
23661 85494 
26804 43604 
67259 42713 
5709 31210 
19864 77782 
18667 3476 
80156 87579 
2804 20776 
74184 77757 
75179 37331 
7550 93815 
63754 95296 
33474 68091 
45764 61805 
90118 84610 
6715 16441 
24763 50589 
98927 47481 
14639 3282 
22419 69283 
14698 73973 
72875 30289 
11090 77072 
1556 41397 
35799 91605 
10226 17798 
2680 54835 
60508 93928 
58022 93295 
11580 40764 
99834 75242 
12687 87482 
9170 80314 
67699 25352 
54144 47151 
57759 50763 
72640 77783 
55079 86398 
13305 48788 
85999 4817 
16045 3549 
4670 67117 
43043 77360 
20067 80800 
29213 37711 
78510 75649 
7066 5772 
41452 94140 
75084 61919 
14049 93812 
21035 28057 
73850 62999 
82016 62607 
20910 58490 
21591 177 
20762 83911 
31028 17273 
39870 41004 
16431 7836 
79548 2503 
16474 7977 
98817 74897 
6469 17938 
79227 42176 
83686 31175 
25454 7485 
96086 95335 
14273 78642 
72089 98040 
1511 75604 
32487 91505 
71685 73208 
17304 44406 
68230 30906 
40182 36798 
73588 2699 
90762 94482 
17899 65125 
41608 92902 
82629 48901 
80333 47469 
31185 10683 
79902 47150 
42441 35438 
40499 81226 
45040 17039 
84846 55323 
50444 24937 
65578 92120 
60955 28164 
47997 64592 
85226 14409 
64512 15213 
28303 11541 
98021 73225 
35801 91714 
40747 93907 
62564 14066 
92237 8711 
4989 41006 
5707 93206 
83178 45262 
65408 30946 
84182 10050 
79386 75727 
80799 13173 
1760 92100 
21780 77300 
56570 84601 
48719 63350 
21285 9838 
32545 81635 
42206 2404 
38221 96303 
96307 35501 
20140 2630 
84434 80263 
22630 63821 
39357 23916 
10137 4267 
58797 56273 
79827 69541 
28349 36460 
15729 79967 
82143 7369 
27992 24170 
60086 34019 
83443 61840 
59738 3789 
74343 30734 
48107 41495 
91096 82038 
94104 60274 
61631 255 
5896 90486 
95274 99105 
9095 3142 
22164 23253 
81457 71788 
50590 27218 
67732 97383 
74122 47439 
34283 54359 
47996 31197 
87308 2899 
19930 37025 
70730 52384 
44409 75191 
80283 54053 
31445 14003 
78807 47084 
80908 37919 
74475 81649 
31748 6824 
28405 94907 
11794 32364 
91079 21494 
8268 56824 
27976 78742 
91746 92803 
84015 78676 
17048 57832 
53682 83798 
93361 17067 
69124 41702 
62878 29314 
92022 4788 
52339 76929 
96734 65638 
65087 48466 
61960 16060 
62571 34498 
46108 68391 
43752 91633 
7569 61311 
68405 27515 
45277 9267 
86085 60463 
77196 44528 
26347 11447 
44805 43957 
77770 93159 
30186 28802 
33477 71264 
98964 75083 
9012 86245 
37154 74642 
44825 40782 
32862 42445 
90065 77227 
64840 74445 
26987 92488 
99029 22121 
36004 63533 
61553 64750 
20250 85699 
51974 28538 
5512 58137 
84226 22923 
6473 85989 
94239 38681 
3431 7242 
33095 79915 
5012 93737 
72452 82559 
81867 20424 
85006 5731 
43937 44710 
26909 69085 
99595 88627 
41393 49246 
78820 70563 
23186 41493 
24537 90392 
31916 39019 
56345 32147 
19309 81454 
89080 11711 
39786 76737 
45022 63519 
46991 6015 
32996 29916 
39789 79935 
80257 89536 
10453 26503 
93732 36961 
65038 55628 
96056 4937 
31348 63547 
28836 2515 
43444 11498 
40611 27792 
93292 37344 
80283 2244 
69943 36278 
98056 65214 
64538 77318 
15467 61677 
5485 5975 
63637 54225 
2285 20313 
4623 91041 
18803 97558 
44582 65662 
67159 91451 
19450 11463 
11977 16782 
83916 84019 
1366 86810 
62699 97926 
95810 71751 
29505 1115 
49042 2052 
63478 89369 
6025 48895 
95582 86473 
22306 76148 
98068 41321 
76312 72976 
89025 22308 
41551 44330 
20986 21460 
9230 57780 
97659 16009 
3457 19429 
16080 73498 
10974 79125 
62830 28013 
55279 45720 
2415 99759 
81047 26837 
83543 77949 
78892 94427 
54711 37867 
72821 17316 
24399 16956 
13131 95028 
23110 31915 
66029 73360 
24624 79055 
67934 21491 
62026 23515 
17184 2857 
30440 49479 
8798 77593 
2855 13124 
78960 33013 
98046 12832 
15077 50459 
30295 67017 
4527 81735 
39478 68987 
40623 26457 
47058 70327 
77881 72822 
8610 29602 
30297 88596 
36735 51511 
36167 26608 
49570 33148 
70858 39561 
59568 28663 
75009 82680 
54819 41341 
79752 19537 
40912 53038 
52887 36329 
5178 4865 
60309 12946 
37138 50197 
35540 95371 
89058 11281 
76874 63255 
88760 84151 
46440 88969 
23163 53010 
28374 39979 
95525 94907 
14346 85108 
21923 78278 
23851 27037 
73262 84787 
33937 98364 
87937 12924 
88469 26587 
77233 53939 
80568 94588 
20680 65945 
53504 97484 
1760 10401 
45134 24180 
65744 56687 
8852 72513 
90896 5129 
80089 40559 
51877 26555 
21546 23517 
19905 67373 
72605 85489 
