75816 98897 
72079 45963 
4950 71237 
99564 54554 
66795 48129 
28502 71659 
32535 30691 
30443 14915 
24520 56643 
53651 85408 
20270 28482 
30711 93850 
47358 61034 
28480 64019 
57698 11624 
62939 75166 
69816 16345 
78131 4441 
45950 19296 
93177 82808 
27136 48175 
54247 83499 
83928 59200 
89436 20746 
53004 47141 
53613 48341 
20606 92083 
67628 12524 
82640 93555 
1657 31752 
58218 24807 
25997 47116 
58521 25233 
54307 11462 
16095 37363 
34036 62730 
61023 86311 
96734 57600 
89918 94215 
66933 25193 
11231 19966 
42491 37429 
66156 15370 
1533 82565 
18190 92932 
61564 71496 
76447 7554 
14855 2622 
67862 64690 
90852 60356 
1695 80904 
51166 24846 
76053 39248 
5588 25990 
60646 1544 
48627 83564 
52579 62371 
55220 37072 
42706 55455 
41541 83874 
48927 52177 
92272 12220 
69769 24009 
79199 37003 
86697 75976 
47688 20368 
96828 96589 
27355 86738 
89063 11243 
31184 22413 
86116 70643 
43338 83562 
62542 53625 
60127 23257 
14559 14604 
40819 88147 
1325 59860 
45446 28407 
99305 94044 
85248 10838 
11440 38508 
88095 24252 
51088 86449 
85975 18769 
77008 26379 
64589 26181 
90191 35024 
76078 67255 
15862 13557 
5124 63656 
84788 16905 
95899 37094 
96793 4899 
92790 96407 
96414 26168 
21323 84430 
15693 30904 
37411 80870 
42339 97039 
2798 34805 
52846 45851 
2505 31018 
9602 17672 
6118 78054 
58655 76084 
88896 42720 
80491 9918 
70995 45669 
40054 6340 
3489 75783 
54201 75440 
28414 77288 
44868 17016 
66721 12791 
74473 33594 
42809 7939 
66408 10255 
37209 38911 
97952 1449 
70056 32680 
15542 87748 
57098 11784 
63041 91346 
47319 30283 
32521 68146 
46647 15658 
44015 26378 
55743 52592 
35824 56962 
1546 18887 
162 99195 
22026 11211 
30286 6866 
71494 78956 
54717 24505 
49882 18143 
21774 31252 
23541 64158 
63346 60685 
97399 62035 
10680 58979 
18732 86061 
56959 869 
41333 26670 
61490 43163 
55536 61929 
68611 58924 
94317 83333 
70705 61930 
58611 51206 
79250 692 
66043 13707 
80367 73996 
16388 35225 
42096 95893 
84396 44932 
9468 16988 
96014 34280 
70391 91078 
17574 3470 
499 61381 
89162 81191 
98311 29025 
63212 19410 
3406 57947 
67213 95517 
49789 64968 
95514 37869 
44224 41610 
49341 27545 
75023 55044 
86415 19109 
50648 79594 
12012 66204 
39427 17362 
41790 34029 
31809 76748 
93407 30040 
74796 91069 
18724 86665 
34522 75952 
71290 85399 
27456 43813 
14859 20329 
23271 16491 
17835 60945 
63153 2991 
45828 89054 
56194 38273 
59927 52673 
13447 11176 
51803 954 
54342 44807 
98457 38539 
73395 31107 
99163 65158 
86460 62808 
65119 46860 
85265 50635 
68302 98964 
16579 61335 
20231 47621 
68055 63025 
43589 76833 
86665 18341 
20091 60827 
77598 22985 
46504 27884 
31604 47545 
7392 1041 
6987 3834 
77953 13513 
48777 23485 
3196 2257 
62121 6184 
60788 41798 
69498 67676 
4002 92235 
72104 93537 
98545 308 
4586 83744 
12405 10451 
19297 55174 
91412 13971 
61321 54427 
54879 88790 
98753 21751 
75446 59636 
54060 38346 
65186 39141 
41829 83959 
76056 93977 
55785 29421 
36930 17011 
63728 89675 
91760 76361 
62827 66836 
73780 55324 
19738 19958 
49249 93349 
70061 8433 
90863 87516 
79930 69320 
95745 16444 
78808 5435 
45859 4106 
57095 80618 
19700 49741 
84730 41382 
3296 11836 
47663 10007 
15827 49119 
17982 23169 
60580 89567 
70390 22293 
35501 19608 
32870 37091 
89256 60036 
12569 42129 
88513 22579 
69303 7760 
70032 21637 
18533 11391 
87238 49397 
33288 22812 
25068 9353 
80210 28180 
49185 43175 
68745 11279 
76063 78990 
14508 67785 
98983 75264 
17894 88515 
81633 33846 
37283 11049 
35794 8138 
92497 5577 
32513 37956 
68662 30488 
57179 1292 
3208 65944 
8097 85062 
29484 9580 
55436 41810 
19294 97466 
22822 17441 
13632 95599 
27413 6237 
56014 92438 
15917 13723 
46005 11396 
63826 85394 
11889 53679 
63040 89871 
60918 76509 
9086 28783 
3158 9520 
13306 82419 
60675 12993 
7660 90217 
67667 85585 
80225 8150 
39093 36373 
77969 81316 
35472 46248 
40077 19325 
79741 57091 
79862 64515 
88400 43677 
16224 98625 
63654 42854 
66648 42213 
55858 37332 
52880 62929 
46293 17264 
37734 23723 
19140 71825 
6859 70081 
88516 95125 
32863 76641 
21498 26022 
10817 47781 
51322 79819 
33982 94291 
6255 71289 
86489 88740 
89143 73138 
65739 35882 
30210 1754 
11462 81247 
1429 72958 
10646 21010 
24607 24502 
67972 69279 
27323 59163 
79903 85165 
943 22564 
27264 61294 
93162 93190 
5912 27855 
23863 28620 
48014 31867 
47583 81592 
47493 10019 
98420 72275 
92340 85275 
44006 79020 
23815 82343 
43960 88835 
87910 75213 
55241 30999 
18060 51137 
51906 2437 
89665 99741 
30006 81898 
16838 13407 
49694 21453 
19675 15634 
26103 98481 
76361 17759 
18135 9041 
88641 41260 
80033 84435 
31400 32786 
34466 16740 
27563 42131 
97801 86253 
88037 29568 
38361 93999 
83074 18262 
76690 15883 
66227 9932 
43157 11531 
54984 37492 
92764 40512 
83187 37107 
39566 61384 
79521 83889 
13860 14887 
93625 50428 
64148 21609 
86802 15401 
22843 56569 
27831 70705 
29791 98440 
86046 49868 
60891 89492 
93637 27928 
40481 83843 
57034 23565 
25563 6242 
33266 67921 
37621 91357 
51355 91392 
83430 24423 
51090 19606 
50161 58097 
31927 62862 
82024 37520 
53305 29506 
45809 25813 
4327 93030 
70884 85633 
65539 95127 
5594 38906 
18439 72496 
66440 96490 
19417 53876 
69032 22276 
43934 85634 
20535 72109 
24090 9128 
22173 26909 
48101 31173 
77317 21524 
63749 108 
25796 56076 
29548 24281 
28290 64945 
87130 47218 
6000 10056 
86274 24294 
277 59747 
80044 29442 
54481 12247 
21649 57216 
36068 23690 
36929 75492 
10745 4580 
16796 27157 
52516 55750 
72449 75306 
23523 25121 
22911 35816 
85837 79949 
39151 43565 
13659 5730 
52018 54183 
58906 62587 
42208 91855 
85737 52705 
69688 15572 
30280 78255 
67239 91114 
60708 98269 
18232 24150 
9740 25027 
62254 31021 
26783 35809 
23886 98083 
50111 14212 
39704 7940 
30866 76748 
66493 91449 
50112 85075 
89687 98087 
57775 91949 
15225 64066 
28028 19892 
20295 97546 
69539 25534 
58823 93351 
50941 59758 
66141 35771 
2020 94011 
83899 47384 
29308 46510 
31066 94233 
41130 8606 
79811 63290 
11636 41179 
56048 86825 
25913 83679 
73613 90 
39037 94351 
28331 83702 
50748 19124 
23610 60166 
44401 68829 
72783 85152 
63956 69637 
25026 98477 
5990 39981 
91507 77184 
85053 38753 
6309 63659 
90179 24179 
42710 25438 
87935 60527 
19573 40162 
43145 10703 
74856 89078 
22249 56762 
53711 85559 
16241 97518 
57113 61300 
70222 82676 
23682 82166 
34840 56294 
72107 68103 
61208 98882 
14493 47115 
45407 77078 
62013 81950 
91226 32594 
83386 70024 
566 68000 
43975 31976 
19744 15931 
48758 72396 
66921 10405 
35891 17372 
40985 14226 
19314 7902 
65412 94801 
58571 55592 
52019 82211 
41980 47670 
78953 88012 
5282 22018 
64895 10985 
72086 19737 
87137 6936 
94699 62729 
35097 53658 
94338 96797 
12750 99284 
48274 87015 
3579 42535 
48090 51384 
89890 56702 
58046 71267 
74637 35771 
35440 22638 
88424 10660 
35894 30896 
76905 56348 
15652 63784 
54573 86508 
60264 41918 
79720 11297 
14437 64480 
52382 16072 
61378 18837 
62132 4030 
1595 67151 
15837 34204 
10938 80481 
56825 77690 
15534 21478 
46400 9654 
7345 60417 
16207 52402 
38195 46162 
15725 85672 
72449 43600 
72944 44322 
48880 92110 
58327 30718 
845 35885 
92197 79358 
10518 26182 
63953 24680 
27727 98049 
37832 39478 
66861 79648 
4443 30989 
6316 957 
99863 4478 
54154 30483 
54830 30008 
10891 83527 
55404 77102 
55772 13647 
93449 14115 
6413 20113 
60378 4416 
53344 78495 
90825 69832 
50785 28968 
94271 33314 
52892 37448 
22099 97433 
20741 78416 
5177 63050 
89486 75069 
62765 43380 
77400 72371 
27414 82694 
38938 11694 
52475 46010 
12476 21854 
68960 6392 
90048 40745 
36684 19848 
41191 34141 
91002 44328 
55919 83869 
20901 28940 
32871 76184 
26825 72274 
27856 33053 
97304 24591 
95279 93947 
12348 87624 
370 73843 
28496 47914 
53659 94299 
25542 64793 
20785 8816 
98160 22564 
90549 21099 
57008 47888 
41991 25441 
63373 88054 
37342 82115 
58981 43522 
81831 77475 
68367 49047 
33636 8433 
45019 1674 
17661 74024 
4472 41011 
95375 52963 
37659 97487 
69581 95426 
26029 37622 
57802 59722 
86277 51886 
50858 80082 
57036 50327 
84238 60504 
2449 53913 
89068 51379 
48280 95420 
56704 80594 
85057 72665 
46453 78852 
69733 29069 
89399 60159 
32415 71733 
93023 92722 
47976 75635 
31052 22967 
63676 64022 
10912 95942 
83409 99721 
47165 49054 
96792 69856 
33509 42912 
7023 97302 
98157 33005 
55288 66247 
47873 78977 
61489 6350 
54430 34475 
1112 40218 
13954 59874 
16343 62341 
14372 52584 
15833 84087 
79127 95254 
52015 49026 
16309 80851 
77458 95578 
91569 85420 
72487 19867 
60423 24276 
5113 70677 
40978 45426 
31327 90521 
81660 85240 
68876 2095 
80162 35679 
80883 27767 
39627 49845 
87018 21253 
6004 43180 
79384 85264 
16507 31338 
57911 46663 
3332 82547 
15729 61536 
39005 52267 
98887 26611 
80196 10957 
36721 80564 
65339 72002 
89292 89014 
48071 76153 
86519 20389 
3286 91259 
40015 36354 
25506 41660 
93057 40102 
50313 90286 
36758 48586 
68737 58334 
61222 80630 
71795 82322 
29297 81885 
57765 76403 
57532 39685 
58340 88998 
64024 76157 
91434 17133 
96091 46291 
28241 69304 
82011 9175 
70008 48257 
60591 85263 
66063 58766 
29882 60247 
68773 32311 
22114 47035 
13389 480 
55745 71300 
31178 42021 
37511 3223 
52729 74628 
87452 18278 
35025 61871 
38114 33325 
50624 58141 
15464 30733 
10230 20007 
43560 52933 
50944 71125 
27567 22510 
11668 19603 
60477 18859 
34407 91706 
67719 21411 
75619 63839 
50807 11564 
85328 45926 
16298 10733 
13325 93636 
79532 20272 
31621 4343 
13991 20564 
20184 82268 
76563 81173 
49056 41954 
76626 31733 
4085 56020 
72564 44097 
45807 43110 
73181 80308 
61413 35005 
93469 68049 
68285 58036 
64251 75517 
54223 13306 
23471 71002 
94290 42613 
23240 69008 
67113 22564 
71224 84331 
4483 38064 
87537 38308 
47307 48159 
99061 87285 
48201 72172 
11939 72403 
56458 92131 
99950 21885 
44636 88679 
21604 72302 
87697 1971 
31991 13636 
85379 36511 
86775 4496 
26433 9434 
45199 48450 
29357 75458 
66561 70193 
58432 48502 
60343 81165 
6174 79960 
94029 78215 
53672 46645 
84608 76051 
68875 47631 
99875 34465 
79512 8527 
73845 4699 
62137 44172 
96950 85832 
21676 36282 
76178 51676 
96924 41302 
72882 81447 
16566 55509 
16727 3341 
47598 29358 
63093 39156 
23434 41137 
8215 20216 
12518 11194 
1442 30132 
89912 62276 
97227 18292 
4137 9033 
70789 19481 
89427 90220 
80889 9674 
59614 40901 
729 25767 
34011 38723 
53725 77944 
87948 48285 
84759 87314 
91024 30707 
69457 88641 
94672 81666 
14167 48206 
57306 10523 
27530 60239 
50088 75553 
50868 1852 
69270 45920 
19104 46032 
92101 69668 
86504 55024 
52457 88859 
92298 2288 
79622 57922 
60020 240 
39064 89310 
21441 43095 
37598 71820 
31027 9406 
6963 81171 
90098 7259 
59653 29936 
31191 86584 
18727 84461 
22638 87676 
59375 10098 
40917 42794 
64176 92911 
24111 98533 
86252 25927 
63609 80733 
34962 41108 
13195 80762 
47281 14369 
94746 2301 
84705 70324 
57980 71118 
266 65855 
8068 76830 
53201 37173 
49359 85277 
9808 53743 
6112 32896 
58211 34240 
71788 90342 
82026 44667 
7384 61623 
83349 16814 
56177 67154 
18995 96442 
67418 44346 
15593 54880 
24687 87793 
58944 75172 
55996 42546 
10915 54490 
62190 58663 
93216 48181 
37791 12930 
91566 17679 
74162 4544 
76000 34432 
28702 35561 
3527 35043 
15773 94016 
67866 19061 
25139 67916 
87625 30130 
1939 31630 
79113 63664 
28538 62771 
42855 99794 
33108 67227 
3930 68990 
12352 12804 
85404 19630 
96532 97795 
61416 71665 
3801 9797 
31904 8656 
27805 62244 
84446 81606 
77639 31339 
60423 72358 
42428 54506 
22413 91744 
84202 92917 
27713 68262 
72156 5341 
48861 16722 
59011 28279 
46229 63156 
65917 8233 
90022 42180 
86177 85973 
49437 76110 
40036 89786 
15272 91291 
12902 54939 
98924 26434 
87562 49989 
55522 40183 
37318 57049 
11824 30718 
81441 22761 
40564 38875 
16932 69496 
12085 18085 
31307 32144 
71380 19385 
69963 64903 
34077 57805 
78668 44559 
68435 97640 
66806 82061 
32074 18417 
40228 42497 
61970 833 
33917 65175 
74112 2477 
34138 70042 
15309 76863 
17360 34515 
23743 26103 
48922 25619 
97190 67507 
78311 76357 
38206 37433 
39853 2359 
44148 51953 
17744 65113 
36521 93147 
62541 1459 
78957 92349 
52612 55528 
16030 37192 
78500 68944 
76144 37992 
90746 7851 
20897 50857 
92461 31215 
90604 69812 
76765 33853 
91081 68324 
6192 29765 
90312 91786 
6255 76600 
45299 76848 
98597 80474 
59165 917 
30477 61853 
76498 45706 
66853 7847 
60963 92433 
98874 84007 
63349 53047 
88356 29614 
80542 81832 
11646 14435 
26274 4792 
88240 92057 
83079 50416 
79655 45157 
81527 64723 
22230 81473 
57579 45967 
13923 5691 
71850 39895 
9607 62156 
35570 95192 
91995 16009 
77206 90527 
76031 16285 
1009 9580 
73426 63462 
34114 58488 
91011 86119 
32423 91319 
61661 16587 
17097 33550 
9766 43878 
43303 70904 
34580 13665 
60772 1519 
54257 39714 
11748 33083 
90956 88944 
26069 43400 
93152 3144 
15408 12782 
85111 24392 
39128 79742 
5483 98355 
12705 67643 
47028 39892 
56367 79284 
37773 58764 
36373 58827 
10174 59764 
34243 76065 
89387 51213 
90327 96702 
94322 18492 
7223 64120 
85878 45212 
65864 33090 
15618 93566 
2485 63913 
25096 87597 
18236 6677 
21168 78314 
44850 79651 
5818 8014 
69577 73251 
70405 32629 
30478 91603 
73673 5601 
29243 77400 
10512 74463 
72833 52586 
44123 92277 
47534 47315 
18152 99996 
49433 82739 
87265 93013 
43847 19326 
4787 45366 
2907 81747 
84222 28485 
75271 23833 
7830 27839 
74870 2624 
89891 30495 
36615 89255 
14925 29331 
76130 56239 
61803 65555 
7922 45639 
93589 10149 
21742 40681 
39876 67021 
90458 34581 
23509 65866 
84439 14635 
86811 1166 
97191 57092 
53738 65194 
44930 58895 
23915 17589 
88800 16043 
32069 31769 
42605 95166 
22092 59347 
71205 34846 
78852 57731 
55148 56271 
32793 33195 
95635 58998 
2510 61977 
60576 26944 
68671 65337 
27275 72130 
79030 31001 
60226 99303 
68726 93068 
73471 83213 
42691 5187 
66203 12187 
7677 67703 
87537 66542 
60289 98472 
81791 68463 
34362 69180 
89169 61164 
86139 64239 
28371 49466 
48903 57731 
67480 61361 
20098 45361 
97332 70703 
53411 13013 
57673 54858 
15903 71264 
30509 47963 
36010 36079 
7375 90375 
12056 89913 
57660 67975 
72917 14597 
73630 81171 
82554 47603 
44492 82753 
58374 76694 
16590 76225 
29706 54452 
29760 71766 
97174 83813 
80897 55691 
66316 98484 
54942 41089 
19564 37998 
80791 32261 
59493 96191 
15028 53645 
3279 3958 
29943 65092 
33349 92469 
83909 9715 
12474 71341 
82042 17919 
52864 47814 
92907 21829 
88331 7579 
73141 18012 
36164 75670 
65949 53189 
51085 76712 
81789 97606 
67502 17822 
39903 13768 
98263 24573 
47949 24450 
8182 70721 
23591 33219 
8871 55725 
16737 53112 
27711 637 
73999 54737 
88321 52548 
97981 53684 
2435 10524 
93192 19020 
13847 11861 
57621 99527 
53929 46487 
74459 32453 
65181 99459 
81973 20694 
24403 56758 
51191 38683 
50258 47986 
80859 54677 
11393 41042 
27023 37698 
60708 48497 
20634 51109 
8999 53155 
90742 21564 
16906 11129 
3106 12077 
27939 44821 
44486 20967 
87349 95256 
31391 74667 
91685 63535 
98745 81680 
92116 34522 
28690 67402 
30942 42369 
12678 15124 
25182 7153 
1026 97193 
23739 44620 
83268 92130 
55353 26914 
59943 48465 
53400 51191 
11826 74080 
90586 55129 
46196 1084 
81653 3595 
1357 528 
15462 59142 
20425 98722 
59154 40462 
63312 77482 
36568 67601 
11857 24324 
20678 90456 
37234 35449 
95568 97977 
41030 64282 
37256 9488 
51817 51418 
34720 56686 
57564 68000 
22510 75104 
80893 53894 
24602 37226 
58992 34440 
15468 75952 
72863 55141 
88824 66696 
81671 82344 
87109 59217 
57082 79770 
85476 76109 
79777 85721 
42911 23907 
55734 83807 
30092 94884 
33419 81285 
18669 72885 
54674 83387 
69891 94892 
51866 79445 
91847 61546 
11801 37222 
44051 34473 
62917 35520 
55722 6008 
6432 51964 
89797 77792 
4428 62800 
28605 38735 
58228 4620 
79063 89938 
59005 94098 
95382 24459 
69164 1160 
95482 33148 
97885 23439 
3652 74308 
67072 15440 
86492 14557 
25020 84520 
61735 21019 
54267 77613 
50305 60853 
37370 47585 
10794 43135 
89773 6130 
42510 20234 
42444 41357 
68365 51072 
58663 2503 
12079 17057 
99069 31659 
65528 72948 
7035 52958 
1539 9574 
72445 13380 
25022 3065 
46127 6117 
71077 26130 
19459 97414 
52529 934 
54100 20850 
31339 80238 
45309 99211 
38431 53737 
28999 3445 
94695 89896 
97434 60598 
92277 40103 
71406 78230 
79735 51557 
87764 61483 
57242 58113 
300 60783 
28749 44129 
59325 3117 
76833 5404 
30645 27887 
22982 63407 
38190 69519 
11118 24264 
66220 3350 
5405 12316 
36808 98729 
24740 49625 
86201 3850 
45778 97362 
99724 20527 
93969 22826 
29015 13928 
7770 6685 
7699 42241 
5082 59047 
1987 84285 
2906 70098 
81255 89312 
41317 81299 
70282 72512 
41097 26501 
49649 32229 
80672 58867 
3672 70402 
12527 49075 
76309 56499 
51817 13093 
84631 86977 
60656 3624 
56722 57272 
20385 78386 
6290 81379 
31112 40477 
29822 65276 
2902 31357 
13745 64758 
6228 45332 
68863 35698 
30629 25965 
67254 15304 
60005 99422 
42811 56649 
10576 97563 
30830 75555 
93245 24418 
64265 58855 
55959 23743 
14745 26133 
33642 12434 
64925 33218 
83355 54859 
25460 55041 
10577 66542 
64616 87885 
98836 52125 
1504 66659 
39400 2181 
24896 1462 
20334 96186 
38806 99592 
74948 84853 
3245 54023 
8512 54030 
34009 47498 
19085 4486 
48876 42544 
3403 17164 
99263 2038 
92002 11879 
6154 12409 
89076 48910 
27042 62098 
2072 67590 
16666 61629 
33607 3741 
8461 78416 
74005 78680 
35941 99413 
76619 6530 
33650 27752 
20075 23694 
5836 65724 
61639 4608 
27668 35752 
64189 91267 
48616 43481 
35562 30520 
493 92635 
53558 82758 
73732 20022 
62474 38378 
14591 30851 
17737 54285 
13308 79491 
24102 1684 
98587 58852 
59798 98569 
27379 32773 
4153 85536 
60554 70106 
89409 91965 
44856 16629 
78819 31083 
79431 71507 
32573 57075 
31273 18665 
60697 15147 
78082 317 
77805 16339 
99300 9777 
68409 72876 
6531 23779 
43500 36983 
3060 90719 
19166 96338 
88860 40539 
76272 92725 
82254 84420 
66564 46936 
12313 28025 
15014 92624 
47110 30707 
30858 44538 
62098 4925 
80455 52467 
20178 65065 
93992 21218 
30425 2888 
74983 9081 
75980 88076 
56650 52487 
53274 66608 
2480 2956 
44533 57180 
79580 3911 
53429 26425 
42966 79588 
69766 57395 
56480 56013 
93275 12577 
41783 84903 
38833 32644 
90689 95336 
65888 5253 
98113 55188 
23352 84317 
72965 84569 
77926 39584 
62580 26884 
98580 68719 
82601 49623 
2838 9708 
78704 16662 
31538 50048 
59164 46543 
7910 41060 
27978 47151 
54100 90528 
17099 96152 
83656 25017 
63327 18721 
62070 84348 
483 99323 
29080 35047 
40720 52707 
6257 67056 
187 70752 
71313 68494 
83699 56463 
66557 57027 
80712 54141 
23156 83149 
40583 85646 
25073 10668 
88961 6674 
7022 22740 
19130 4100 
79274 97978 
42218 65672 
98822 50490 
8403 66761 
61220 30135 
17604 35327 
70278 34869 
22620 75942 
53861 95709 
90259 56402 
33207 56700 
26748 86414 
20423 87183 
92537 46778 
14279 31743 
28605 59656 
87913 24396 
91458 25762 
13757 67908 
47236 92677 
50736 6554 
6702 60017 
26752 1228 
92338 71788 
85457 49459 
16400 94030 
30498 79750 
14481 26732 
92717 89582 
22987 52993 
66158 89460 
10913 85544 
7319 61638 
76388 30995 
68694 41402 
96692 55544 
42496 81286 
76796 2410 
23293 64129 
75931 80847 
59388 89603 
4320 19383 
51889 70615 
72905 51789 
77727 40980 
47750 83289 
58276 93783 
7800 66650 
68764 41064 
29724 3063 
85343 9777 
26857 71064 
96436 66398 
50543 78300 
62934 93137 
21686 25523 
97801 22404 
97922 69999 
49859 72986 
97508 76344 
18755 21330 
94922 46856 
98569 84410 
75097 30502 
46036 86828 
83340 19986 
96002 34136 
36188 59719 
1551 16780 
64822 3974 
59127 24669 
47108 84197 
90014 61027 
46958 67138 
88701 6025 
20403 11388 
15943 95637 
66633 58899 
9742 49193 
99229 30182 
10999 353 
87897 27147 
52252 60477 
74265 85924 
37710 70861 
96612 63496 
50687 80850 
67915 86630 
60579 22519 
39155 39312 
65706 39470 
45576 15802 
593 67187 
77431 20412 
56703 55488 
38714 52234 
14160 69803 
57472 73324 
58646 7296 
89543 22193 
62477 16338 
13872 992 
41728 13351 
52052 34377 
62350 49778 
57346 70825 
57361 93724 
9143 73023 
34481 55766 
17656 22972 
99009 6498 
90669 49577 
90237 4553 
39185 71727 
31401 78181 
2113 38297 
22922 80894 
51419 37934 
66610 72245 
98685 46195 
94552 58527 
61599 75303 
90536 64956 
64603 92695 
34177 885 
41821 78521 
68306 22623 
82315 99410 
88728 94665 
7833 86036 
82091 99409 
1447 15422 
92439 47921 
11806 15427 
79875 99848 
42215 28456 
45844 9286 
96344 94236 
38681 75203 
93092 37337 
20357 90000 
81991 74148 
70770 47809 
87480 86129 
29469 95361 
85513 41429 
26335 82546 
69158 85334 
32567 97246 
91205 61495 
71193 49571 
81273 70555 
62386 4343 
22503 20504 
43009 47459 
38639 74000 
92121 11738 
86161 51879 
14550 80894 
68101 9230 
83211 36492 
86254 60627 
17492 12044 
26751 94533 
79799 70851 
30279 83361 
5301 29766 
32729 65319 
40906 9731 
74620 46921 
58696 5781 
68414 50926 
26313 34117 
81637 13461 
62205 31955 
40732 16225 
77178 57013 
85647 24919 
5349 57835 
8378 93419 
57404 63595 
90070 84741 
86945 72573 
10695 54422 
46768 2197 
42989 39765 
26066 380 
57989 99212 
1830 7768 
63410 50145 
8153 3657 
68044 60550 
25637 64455 
15470 60204 
19816 12936 
58594 50449 
12241 38940 
52867 8118 
50821 27769 
30527 98788 
57036 41177 
80781 37315 
66785 57724 
1588 59465 
48946 94163 
7543 97473 
81105 97603 
75330 84474 
85466 19401 
83321 48025 
79616 56039 
55105 91298 
76575 69670 
48096 2038 
76517 81616 
37833 74008 
28540 65764 
36177 73383 
5055 55632 
47341 33466 
23624 18830 
9541 15062 
71510 45674 
92011 27010 
36717 44953 
17245 61601 
25975 39115 
56528 63017 
54896 3615 
3190 13388 
28454 707 
62472 90746 
90945 16687 
9493 25857 
13799 23375 
57539 60830 
6833 49581 
47736 91392 
83997 66385 
18137 56825 
88183 61207 
35362 26867 
81313 7 
75142 23198 
35733 54374 
19474 4685 
20827 813 
97561 40151 
64816 83281 
35311 90225 
85860 66767 
93887 20664 
28865 99734 
71664 73586 
14814 46230 
15893 30152 
7966 44728 
40498 8504 
32940 30 
74641 54130 
28470 17037 
73039 96356 
7549 40736 
3478 64266 
4684 75457 
89607 78122 
30186 18273 
27759 58228 
18653 56333 
15444 22200 
54271 46027 
26100 73698 
79044 13020 
39812 20978 
41742 86568 
92893 1960 
25165 8911 
40625 34031 
97188 41149 
36866 51439 
67114 20680 
21881 40854 
93023 12097 
75451 36597 
78082 33375 
36155 91007 
14182 32267 
9725 92554 
79833 33999 
89426 64574 
75875 80672 
89686 40853 
87364 35236 
50499 80822 
92912 28449 
4637 56733 
3767 85937 
12286 17942 
4111 84285 
58435 13318 
81313 50026 
77220 31779 
80304 33464 
14377 3107 
89760 60466 
64056 86431 
69457 89657 
19489 62155 
57919 79914 
58331 34610 
57429 3603 
42977 47335 
79474 24710 
53754 10652 
47869 97821 
88613 42073 
99094 33852 
56779 24077 
89780 21501 
65817 90949 
19824 89581 
51634 66577 
6258 44701 
29201 88550 
97802 21227 
48077 70330 
2929 35995 
21347 72969 
15296 48952 
59129 80533 
59590 92725 
78572 99337 
48077 49035 
81071 30034 
33582 17977 
84458 93785 
68163 47332 
72946 28963 
28391 63440 
80908 13219 
47927 72564 
57854 7258 
6023 82276 
71489 61302 
56591 26059 
93293 72949 
46632 61150 
76834 36040 
65137 49599 
82813 74136 
83948 25554 
26873 9349 
625 98012 
26254 77502 
70007 37568 
99636 64004 
15957 48139 
30824 1291 
47689 30209 
41429 38359 
66084 837 
30296 65619 
34607 47482 
28117 54227 
6685 57632 
84579 48017 
46829 84307 
52294 28308 
56328 78688 
56927 57101 
15979 45436 
46104 92567 
88131 53719 
91065 62240 
78210 67517 
74485 73929 
41931 42483 
35484 42145 
38577 73434 
58582 8714 
72987 66507 
87175 40234 
39326 53071 
14120 92177 
78231 58677 
52072 39694 
85603 89646 
14480 88548 
66073 2341 
44460 96108 
7115 75733 
13263 51976 
60785 16552 
72631 90555 
59242 88145 
86090 33756 
57481 69107 
83026 91057 
92132 15789 
76419 76223 
68699 24017 
60159 35283 
41282 59649 
55132 18727 
28610 55039 
4568 72379 
18122 49045 
28666 66054 
45864 81931 
36063 26833 
4131 43282 
55455 94700 
21089 11048 
94546 72256 
76976 12855 
55432 97383 
70068 86937 
35655 27970 
22220 19348 
22383 91185 
18591 86564 
43504 16302 
9082 38145 
73901 39707 
60015 12812 
7790 43456 
33796 93128 
98699 64648 
91539 68897 
37523 91880 
59063 97470 
86077 47169 
70215 20335 
8646 36991 
3113 19687 
47269 44461 
54701 76108 
67822 26176 
56912 19076 
63474 71891 
23783 45666 
39637 82929 
33002 19691 
20307 26118 
87677 53402 
9495 24049 
74512 16983 
13453 49578 
33119 17247 
79474 2754 
77843 36256 
35285 61716 
68277 23028 
19391 15636 
7547 87080 
77202 7375 
58478 51213 
60366 36321 
6918 82793 
7476 97703 
68786 37707 
3131 63734 
32805 19240 
9346 44004 
54434 75321 
38358 97869 
68164 31886 
89144 9891 
65126 87564 
1273 80937 
90873 75446 
89213 32155 
54235 31395 
7813 66795 
2308 95172 
65374 85732 
8901 10581 
44607 6546 
44220 83935 
13727 93150 
42049 6288 
10030 63192 
57399 44246 
56534 3866 
12341 56566 
28603 93241 
60672 99357 
21951 93866 
63091 41352 
86010 58153 
53725 22577 
77391 60927 
96128 54637 
56988 53518 
72278 78952 
1263 15932 
21658 70437 
23357 68850 
49128 98441 
2862 95622 
50118 34217 
4470 15899 
59565 24738 
25180 47186 
17041 36391 
47320 88362 
54700 8870 
90397 60069 
56955 49555 
48604 40893 
11185 41719 
72816 45396 
67328 36087 
5978 285 
50879 44612 
9018 88403 
28570 57752 
20792 46739 
8950 62105 
79987 24253 
71110 43959 
99562 28094 
53932 26117 
24989 12652 
5574 307 
26432 94905 
88266 85550 
71950 11624 
57061 64057 
3923 69282 
82824 20528 
94124 75871 
69545 38182 
84199 85352 
23945 85408 
27788 30073 
71420 60617 
38138 64258 
76485 49693 
10750 92548 
18195 90376 
34473 11569 
91416 30996 
26432 49645 
53362 17144 
26252 50009 
11465 39191 
63289 6270 
53443 26019 
66906 25372 
53328 75885 
24328 62925 
48253 74014 
3169 48538 
69974 58374 
46502 94664 
32363 59982 
17130 61464 
21536 62193 
14738 32346 
8807 94590 
14677 40052 
8326 1426 
80360 71587 
31033 1997 
82600 71768 
44483 90905 
18688 59780 
34121 9855 
61617 70928 
75758 59437 
85560 36603 
71273 9302 
7589 19518 
69974 8205 
57556 28382 
96609 91559 
38193 46444 
33650 33487 
65682 21708 
60267 92793 
87312 83123 
33335 57819 
57291 66705 
6828 3879 
14417 58266 
25133 38758 
45986 85327 
93087 26696 
41197 19791 
20968 49379 
34290 85083 
66183 83605 
12707 96711 
45084 49647 
18847 3581 
68097 11753 
5299 38923 
59295 92803 
12900 34274 
57541 98828 
28607 97769 
60519 35909 
45839 8812 
65253 41926 
93842 35266 
79089 48686 
24566 36371 
23714 36152 
45668 74895 
31372 39800 
66449 25377 
37293 24611 
79922 31841 
5203 44711 
38626 37981 
83853 66420 
94453 85566 
81659 44254 
63437 52710 
63817 4379 
45329 82628 
21680 8073 
74733 35664 
37720 38957 
5693 82600 
71048 82058 
34838 45647 
18258 40216 
49526 85022 
62264 63920 
46931 23645 
7853 54324 
7581 241 
16803 36052 
22602 42014 
97743 86294 
67761 52053 
76295 49808 
89365 13787 
69624 65592 
17200 25019 
16129 80346 
47875 87486 
65845 26250 
48318 94369 
19996 96176 
13632 77827 
19187 58131 
76106 1359 
18903 12548 
2922 7709 
58227 10980 
38918 61991 
23149 22829 
47773 61885 
29316 57911 
80034 21974 
799 27005 
49686 77689 
1174 49954 
32247 95827 
81166 1445 
6905 23233 
43131 18325 
52760 53007 
86803 79073 
74997 38442 
93016 6040 
80637 38954 
22548 34092 
45499 39332 
55721 35523 
14094 43949 
75111 90385 
52412 10916 
98446 43849 
29880 57668 
1733 97760 
41288 39131 
33651 42260 
92020 72324 
11432 45147 
60699 57174 
5721 81593 
22187 22297 
67340 4916 
60828 6639 
22365 30267 
28968 73127 
63668 27444 
8968 38847 
96762 96460 
18284 97778 
55793 30066 
56687 6755 
91475 51128 
32239 3044 
46994 49566 
18426 22845 
80137 33500 
88652 94006 
60351 52335 
46287 83368 
67943 45683 
18556 89423 
49322 21345 
10794 84345 
36940 68036 
23905 25941 
25514 64070 
22377 79719 
7155 51935 
2772 14023 
7161 10510 
53349 57033 
29557 71582 
14308 33484 
16829 95443 
45151 31037 
51882 41486 
80703 81519 
81863 44056 
10611 80618 
23326 31277 
48442 11122 
16083 5089 
66007 79427 
29135 34473 
56110 22779 
86262 634 
52674 95612 
71087 72845 
81002 97332 
91884 86741 
32945 61036 
34910 43036 
61824 82902 
11707 43947 
70172 35373 
10619 37053 
19735 73757 
95643 41896 
27606 15479 
56819 93289 
25002 44025 
5477 47170 
45891 65416 
24969 59704 
81530 24140 
32930 68485 
83951 67533 
84622 75814 
26536 32896 
48594 58383 
33018 19985 
15678 5128 
67634 3033 
60239 15568 
38584 31089 
58637 74665 
4590 63207 
84025 57020 
90032 85897 
38888 3203 
8019 64266 
57126 54036 
62710 85385 
6048 24892 
52288 62701 
45274 51330 
22232 83648 
54347 39881 
24885 99178 
23755 13336 
25739 73488 
15106 48583 
59534 35035 
35361 66859 
79918 95785 
37298 51238 
65303 34626 
53818 34206 
40526 73051 
97215 19408 
48984 6422 
6200 75945 
63192 92542 
3265 71033 
53005 40743 
32858 87429 
40256 89335 
86907 5702 
56143 7021 
88361 18228 
83420 4747 
95729 81783 
9303 98477 
11979 8604 
36968 20496 
29716 42036 
3619 37110 
21221 62178 
31324 93989 
86687 19363 
93163 76886 
6940 98925 
11716 45133 
7939 79330 
19504 68013 
33517 57634 
1711 70051 
40112 81108 
10405 70203 
72652 41986 
86378 82108 
54280 63461 
49904 27797 
24271 29368 
24858 5615 
88296 87439 
42057 44662 
3056 86594 
27098 72631 
3397 92398 
15608 21732 
94128 61649 
54518 98223 
71089 47004 
41840 45098 
6393 45602 
29373 34604 
31331 1849 
62894 37525 
77062 23841 
62582 29512 
88023 75332 
52797 11302 
5869 60752 
34781 39241 
32829 29427 
58482 85304 
22492 87002 
90376 71708 
13333 17005 
93063 54154 
15707 83544 
29348 59942 
86559 7324 
78621 22387 
77775 81508 
6594 91392 
23863 21345 
60777 41505 
42590 22105 
73552 43444 
58210 33509 
42319 12799 
21096 45685 
21883 528 
89864 21614 
8131 43845 
62494 4092 
13979 53228 
91488 71436 
38717 71563 
94750 15463 
10057 4755 
78688 67733 
34561 89717 
22918 5595 
26606 35201 
37002 28272 
98601 43760 
88807 5043 
85956 98948 
21363 62518 
49082 80912 
20491 96065 
41732 55632 
69038 61636 
60051 68349 
25180 28579 
89952 60044 
92068 51426 
51758 17419 
3984 49252 
551 61366 
40225 64857 
78236 76748 
92067 12876 
29081 87131 
50491 15820 
84316 82147 
52707 70164 
93360 12293 
24093 80748 
29349 76197 
78801 51106 
24833 38806 
97085 19751 
99900 35412 
80293 88037 
29413 36091 
95520 93892 
58679 67867 
61078 47536 
17568 17797 
91206 60254 
1969 69182 
13874 65324 
88413 55230 
99070 51444 
22828 49750 
86583 3273 
77582 52852 
82149 71157 
2325 71102 
98659 72695 
3641 36240 
55219 62457 
76067 54305 
11001 93024 
72807 27889 
3075 30412 
48298 48270 
77881 80059 
26737 11254 
54481 25712 
50827 70875 
34423 82877 
43159 8420 
77817 20934 
69053 60786 
98155 13596 
24107 21800 
89410 36068 
82344 2867 
88141 39088 
31520 15230 
90595 94965 
91055 15071 
90216 28810 
54982 34877 
74504 19333 
27429 9700 
21834 77890 
21361 95332 
68605 91940 
72663 66936 
75049 49591 
81112 81285 
3999 45640 
27392 83513 
41142 6319 
31014 40180 
27508 59885 
7870 84438 
45411 23296 
58103 66223 
97546 71351 
65097 10648 
45638 4049 
14572 1154 
29808 30319 
49178 20483 
72746 41850 
58392 2155 
83785 59463 
66161 67888 
17178 96251 
19438 52302 
6118 96672 
99625 45205 
89483 78855 
75866 13937 
71810 28546 
94296 3472 
8657 67459 
50517 50359 
89317 46227 
23938 88106 
96733 92718 
62118 66218 
60520 80178 
90792 52863 
83143 66459 
91035 42019 
11604 95569 
28838 39966 
47372 45797 
44348 63096 
35863 54910 
8130 39292 
53407 52189 
30018 68484 
14432 79554 
62481 64512 
54515 89559 
74902 70047 
5975 66742 
87754 9064 
71844 30655 
46394 17272 
21341 43792 
83039 69863 
75383 65752 
62448 8117 
24200 66113 
31964 51628 
20783 32866 
99748 71293 
23679 90647 
46423 89727 
20559 73602 
34802 70383 
50011 81409 
19968 54414 
53190 83784 
77709 5187 
29213 28749 
63148 24374 
38632 53013 
83383 10672 
97813 88983 
18056 42437 
33757 12281 
49983 78935 
23631 76030 
74336 91375 
26237 33792 
39323 54553 
23643 61698 
33935 52663 
30387 52126 
79027 78727 
94933 66263 
96858 36095 
13482 887 
31199 82593 
99756 45974 
65185 93146 
6066 83978 
37357 55104 
70718 9130 
87626 51968 
74765 25638 
74424 35874 
27105 17365 
91870 36924 
61126 68392 
81507 8358 
18355 53794 
77010 60525 
14987 13044 
42267 93784 
35710 64639 
63281 688 
75903 19855 
32616 71202 
58049 5997 
21413 1191 
81146 15054 
68519 74065 
22919 52380 
28826 58210 
3778 71819 
13669 38706 
38794 48664 
24972 80851 
49333 59861 
31795 5132 
79554 12104 
63053 38540 
64613 82765 
93370 95496 
27222 16030 
80410 33181 
37110 47218 
71484 20658 
53959 11893 
34824 58968 
88580 33271 
86654 90220 
59339 71279 
79021 37737 
91280 59771 
85328 26419 
3926 54541 
70618 42753 
60377 64107 
61850 7280 
5149 37697 
39801 48821 
1055 40407 
58658 89410 
86519 54215 
61984 71614 
13833 5335 
4472 85829 
96175 33348 
7719 84104 
86603 85613 
75251 99226 
35791 41639 
67129 22992 
26910 46430 
87661 36033 
65864 59256 
71122 23020 
12993 4856 
59848 51707 
78380 47783 
56651 42069 
67088 97419 
99260 2603 
52891 91111 
48293 64919 
79531 95976 
2294 4849 
37011 16077 
53407 98566 
37148 91027 
75534 25584 
17345 24483 
93137 96996 
34483 86597 
13334 56980 
71874 93136 
16527 78292 
71340 75849 
91532 48416 
19807 23559 
70015 21976 
65192 91549 
62038 97205 
9907 47999 
19566 59470 
31944 50532 
58082 23264 
13327 23390 
47718 95569 
13582 36312 
44872 78113 
11953 69889 
72797 23819 
56220 88970 
75437 63602 
98279 35656 
62579 23688 
67054 96469 
36413 60748 
27826 94484 
39645 52413 
3753 6522 
93552 94076 
90120 7948 
725 69437 
74778 3179 
71697 81854 
89252 8704 
97260 56294 
54182 17239 
29010 47619 
50025 86563 
49479 19863 
39365 64665 
10211 93373 
90711 84017 
91235 91859 
5329 32110 
88582 59846 
28427 32815 
67884 62469 
33938 53718 
31528 24222 
8161 88260 
34457 11007 
21703 48324 
49430 10704 
71436 42861 
26391 21498 
94593 11211 
12580 14327 
5662 25968 
107 96058 
83414 79545 
45952 63391 
40157 21049 
65666 3983 
38245 15641 
36572 70923 
79884 57232 
58798 29428 
85464 77204 
13266 50540 
92894 56771 
24553 5558 
55871 68671 
83536 97123 
92507 45059 
9846 48082 
37431 92809 
37338 57672 
80244 54841 
87166 26039 
31140 46700 
52528 42753 
40513 81259 
56696 32742 
13549 31264 
61740 53911 
3087 69381 
99136 44765 
34436 68444 
65462 27448 
14367 40838 
76474 81864 
3172 45214 
1067 19961 
83461 91229 
2981 5716 
42267 28532 
2589 86016 
94089 14916 
33691 20384 
11634 20394 
10975 23362 
98329 38863 
42632 62381 
32072 47118 
19613 86072 
33220 72153 
88081 93227 
61494 2003 
64873 90995 
26240 2829 
87091 32404 
2410 85509 
96449 67927 
80671 98692 
46581 93577 
44178 12087 
87250 28865 
56873 93701 
23230 11992 
68549 77810 
67621 56758 
90471 66622 
9454 75924 
72007 7942 
93645 39141 
13484 43548 
67735 84 
83436 28583 
84304 97027 
69401 80954 
60551 3862 
80615 31534 
87256 84470 
38228 10913 
48190 82296 
34066 26521 
58000 59176 
12517 55110 
51709 82670 
31765 99924 
62188 49552 
90387 39316 
3294 24618 
63236 24139 
35859 68589 
76570 64931 
31300 26638 
66544 86725 
63347 49975 
7476 19268 
52230 26889 
66693 33479 
57644 6810 
41311 31198 
66913 11180 
58961 44561 
52971 38331 
79250 3801 
83165 86030 
15670 87835 
44329 35034 
8688 80674 
12175 59694 
19923 18546 
33797 57578 
84590 27516 
10898 19046 
54813 19487 
68340 89865 
89934 35655 
67719 15202 
1615 784 
78883 91688 
41294 79139 
53644 95792 
25501 3456 
55442 1335 
30547 82040 
86291 46746 
52259 75875 
18051 63542 
18746 77606 
78957 31508 
64558 17273 
68262 83187 
23156 65915 
71993 40554 
71268 7443 
30989 30104 
63481 1650 
68801 89112 
28345 66761 
21450 45431 
58286 68656 
23671 25970 
14797 15680 
96981 24853 
87643 22911 
53757 41268 
92258 27836 
78485 79160 
63005 10545 
72442 86155 
1671 95901 
51282 97486 
70328 92563 
66365 42214 
75605 54325 
80123 63635 
77464 32899 
63364 3541 
69717 28118 
98137 881 
21821 31450 
63620 59357 
41878 1794 
54480 45629 
19332 8722 
31243 90066 
32477 27632 
30435 75331 
60723 73742 
68595 14630 
24417 17395 
58760 41047 
86117 31863 
20583 52163 
86320 86633 
6007 80040 
53971 14108 
81216 85626 
27460 45730 
2622 8801 
45379 34700 
99675 40522 
17935 56822 
30560 21886 
69743 8403 
8166 16479 
52590 730 
3190 46961 
62833 84332 
18828 34610 
62223 23050 
97262 31448 
93258 77865 
61943 88533 
565 53544 
21696 61160 
18345 7289 
62741 11966 
60576 17963 
32955 36305 
55468 66840 
79044 755 
98547 86453 
31776 55276 
59815 92758 
47016 52255 
69547 27676 
1018 81588 
24634 4011 
7304 9930 
2714 62795 
69396 94373 
44952 24324 
8807 26087 
69911 38452 
10866 47813 
10800 17149 
12364 80612 
26267 62900 
14423 89908 
20944 90227 
41614 18610 
26114 74400 
84087 15966 
33154 51375 
53288 94844 
42829 36053 
53834 57206 
92011 22136 
24219 37854 
46117 76190 
27232 29865 
279 40945 
77314 71647 
15227 18462 
76573 95199 
24853 12436 
93761 57859 
91630 70783 
61229 5775 
53296 84543 
83749 46266 
99675 67246 
50038 38429 
41989 60031 
12944 46550 
88731 82176 
57449 39303 
21898 74093 
7007 59191 
75340 60438 
28217 31324 
52986 94664 
81402 28394 
88885 33162 
30408 59549 
43274 27085 
68782 4934 
49302 13005 
41462 74729 
73576 29755 
41189 31808 
30342 88109 
37113 80522 
93921 72422 
49366 90585 
86902 58881 
17898 94709 
82669 93746 
26418 71348 
49939 86748 
33045 99830 
84353 39773 
28106 54118 
17486 49016 
86486 83618 
67250 89972 
7036 14648 
95280 18983 
34783 94625 
66696 2453 
43000 92475 
65530 15443 
11710 63431 
5173 35041 
76747 84135 
87316 90717 
39272 64824 
5171 23808 
19440 49407 
57168 51361 
9921 21344 
35843 25734 
35068 43507 
83309 30686 
49730 73586 
59476 57122 
18084 13090 
52101 57228 
97306 67637 
68785 84413 
13524 18978 
90193 88316 
58189 35062 
31051 49039 
51882 73493 
50900 2875 
19513 65804 
80111 32956 
95998 5282 
78319 72596 
34692 99409 
22234 96499 
22234 89529 
27700 55634 
12902 84950 
46871 45197 
83201 6451 
45594 81956 
73113 85062 
58317 7189 
24290 15955 
38283 24484 
47448 24450 
69297 27887 
51300 61357 
82014 75179 
43629 8287 
22478 13513 
71393 40049 
53555 70205 
1278 60879 
30941 80172 
54678 4012 
84580 33309 
1832 59985 
53615 90075 
88660 78047 
68409 31560 
16852 67200 
46698 81581 
22836 8644 
72610 62590 
4475 79768 
57068 24675 
25704 81347 
35983 17477 
88785 54229 
48720 58536 
1437 69534 
53441 88409 
81865 77299 
78225 92830 
38502 2480 
77304 15264 
33302 84351 
60230 79373 
87487 65615 
88519 90265 
16894 50905 
89032 85800 
90392 70845 
16327 64825 
89347 7515 
7212 27880 
8663 59846 
9885 27746 
80709 53439 
37378 42132 
22224 28210 
90365 48898 
1321 69485 
18001 5352 
96777 83340 
37045 7523 
75031 55425 
9383 32728 
41641 73978 
85903 49310 
33466 42365 
60764 11157 
5380 54266 
44235 41366 
31098 55462 
54573 49417 
81507 70221 
49809 19246 
65889 27383 
68867 51827 
21509 81517 
28075 45163 
15269 87888 
23938 47050 
77473 56476 
25936 21531 
22225 79939 
4136 28655 
21574 3136 
25614 28969 
91252 77717 
70896 89109 
14685 24310 
67107 82930 
78944 6932 
8007 53810 
21387 9514 
32767 28060 
88982 92840 
65129 46829 
93630 1651 
72503 14466 
6293 86332 
90567 44973 
70326 1355 
73140 25006 
30135 43493 
69331 1840 
65125 96876 
429 47750 
90886 59038 
7487 48480 
39650 32399 
67247 12762 
60288 78984 
28824 2321 
84449 52681 
6478 37327 
89928 42986 
74841 40989 
54940 86918 
52117 48774 
37709 31692 
24082 22672 
34606 59700 
57085 79038 
67082 19533 
71823 59659 
22698 41976 
1295 50093 
28802 58330 
36139 76701 
68742 79899 
68469 94400 
59980 42102 
81350 10839 
1071 64450 
95227 79518 
60183 28476 
74885 34323 
21693 29733 
20966 31000 
29368 17090 
18554 7285 
64724 92823 
92041 72743 
77395 10363 
20260 91783 
40677 73070 
98759 28901 
39898 7049 
97167 83882 
13854 53739 
48718 56526 
60273 3939 
26328 45385 
85124 73880 
4986 3069 
22555 6126 
83800 41885 
77338 63324 
42652 7872 
44940 71197 
38254 18744 
45653 58686 
2252 91814 
68730 37773 
90105 71678 
60032 63274 
43600 4229 
2452 13760 
72163 93549 
32183 38787 
28523 21247 
5930 24719 
52836 4045 
84200 41705 
86027 14705 
24073 47741 
7891 93846 
81185 42243 
38412 35749 
5131 81211 
51791 39959 
75090 88777 
91835 82295 
63205 25864 
44628 73829 
32080 5625 
19859 44460 
69765 77515 
15656 8886 
40649 37071 
93487 47128 
83943 56853 
69454 59158 
22775 75532 
36201 33781 
56362 26695 
65727 5603 
95377 36743 
7524 60729 
66284 72085 
88759 91782 
54333 69873 
43625 95896 
76816 43638 
47536 55534 
78327 15438 
8466 41290 
17967 89507 
72560 28281 
74797 48918 
34026 23302 
32301 26368 
357 58603 
15238 72970 
53107 19971 
42960 24823 
61707 41731 
32141 46108 
53239 19362 
28827 9601 
14606 61595 
74815 60769 
5202 28197 
16584 99945 
87976 77069 
46373 8634 
44677 74869 
24437 40590 
27135 9044 
69145 96096 
10545 75992 
17279 98707 
57057 9991 
50770 97785 
68349 60627 
58039 27215 
4412 22626 
48256 61013 
72431 71311 
65009 19846 
44432 59351 
52255 99056 
45271 86049 
9885 8353 
63592 59074 
38821 36136 
77519 30395 
16312 77253 
54141 3087 
60924 92025 
77273 73769 
43688 96502 
81484 96607 
76989 19135 
22076 29146 
65986 97480 
90442 47654 
38700 29996 
92189 269 
80380 42684 
41400 99875 
85373 78015 
88618 45508 
5416 64523 
92358 980 
17133 79402 
64442 52524 
53511 73600 
67903 13417 
44171 89153 
22938 42870 
87543 61868 
81118 98929 
34349 68984 
61021 50662 
96288 51062 
99440 33638 
6422 10104 
61528 44484 
48478 61792 
70488 35288 
41124 98723 
62843 86636 
10253 3680 
48868 9301 
7414 37174 
59389 48897 
35746 11947 
89987 45267 
26112 58552 
11509 28917 
65606 80824 
1869 20533 
18225 97755 
68231 36400 
93180 69197 
71006 92510 
10204 6818 
31455 43200 
83165 78849 
3258 86349 
93407 27429 
15065 16490 
52452 30725 
45805 9628 
60037 58522 
77483 79124 
47967 89579 
81182 50687 
62811 81835 
31187 66352 
81244 12408 
9406 42246 
70637 33321 
57695 73012 
4513 21066 
59205 96965 
17551 33306 
81551 10354 
38062 24447 
94378 46561 
67200 13290 
81806 16623 
83646 40612 
6287 41149 
40109 2265 
44532 90555 
83690 94281 
8509 90423 
76024 60459 
84859 41918 
11079 90050 
74655 53340 
28582 73390 
92080 78236 
99279 86747 
85373 7926 
14573 44110 
76316 71850 
47559 23301 
75561 57870 
65071 46549 
20267 76439 
61089 71522 
97785 57516 
50684 27836 
64560 87159 
10668 16188 
42937 61924 
78204 72491 
80220 63525 
21856 87816 
84142 33618 
80912 66379 
6765 59189 
28272 98521 
34927 62670 
49808 23314 
59451 27747 
48817 56345 
37667 81770 
78027 62216 
34175 98720 
73606 58447 
23329 82903 
15716 47687 
63568 42843 
68356 88557 
8529 67287 
57631 31925 
2762 70814 
32002 69061 
20910 85214 
10716 60846 
48389 34634 
67310 43133 
68867 47424 
13939 32310 
19282 25679 
49252 87287 
96625 14665 
7642 19353 
52436 88650 
901 79748 
90694 97067 
74681 96291 
92714 95542 
11621 75027 
28713 19984 
604 30619 
79827 48762 
57316 60099 
86696 37933 
25157 28563 
61101 7551 
7494 92567 
45699 3277 
82359 47198 
83550 56837 
28927 46201 
63924 21291 
51430 11018 
43767 62676 
20663 14257 
5274 48251 
65824 95838 
99141 83401 
40150 45945 
40374 14191 
52652 67934 
68939 30639 
5258 16454 
61074 76957 
99728 91303 
78737 99325 
81942 55923 
74455 39217 
72543 40931 
26748 10855 
92321 87729 
67342 85048 
28401 84966 
75532 38523 
2947 51521 
57353 17752 
1 23687 
97629 9382 
78012 11341 
71489 5547 
45717 98153 
28616 1663 
7274 74273 
18283 66754 
88859 6427 
6107 81901 
43461 69974 
44536 51141 
93159 90267 
98211 50902 
8918 66487 
92630 99056 
46774 80171 
49973 92698 
56265 22746 
99460 84982 
52040 11670 
1291 45626 
92827 3129 
2984 77177 
43270 50756 
54856 39669 
3616 4479 
47415 70007 
79853 91335 
97598 69213 
32602 70976 
3064 70648 
86907 12610 
4180 95338 
7076 97233 
41855 46770 
40774 9257 
76043 96810 
14839 45039 
34529 66856 
21602 32309 
94514 13891 
68995 24108 
60543 89799 
80295 3635 
91506 54125 
20119 12246 
46690 85404 
92084 91884 
66312 54228 
558 15314 
75452 92456 
93999 62821 
2018 17234 
10629 92390 
29100 45979 
28492 41904 
60044 69026 
81487 96503 
60556 30325 
40485 52030 
56338 3404 
74427 6348 
7042 39750 
114 14317 
47721 9821 
1376 49364 
87511 53103 
48420 24818 
81922 2934 
76354 41561 
49907 54269 
88266 45066 
89800 98106 
32665 94496 
59229 55018 
67740 69325 
23277 2007 
65574 64783 
42461 1890 
28311 56460 
67494 12442 
85258 46529 
31339 73757 
14995 39285 
80712 46562 
89767 32089 
69004 1710 
70820 49318 
40462 41586 
92785 91525 
71541 67908 
62822 19798 
99476 97181 
65952 46161 
60418 65021 
11872 54877 
79894 53637 
80496 36636 
6853 22925 
23571 77873 
59286 24985 
57963 10825 
54108 34273 
42498 96464 
26983 31190 
64799 82035 
8742 35597 
77066 47732 
14249 98559 
10550 32864 
16829 25563 
67259 10932 
26797 22518 
34447 65105 
66153 27045 
92507 883 
33173 11879 
90138 21095 
80411 24632 
41973 79872 
87527 58757 
63350 26897 
96421 34228 
94512 50957 
90267 3262 
82211 32705 
40367 86378 
80573 20572 
15139 87116 
5042 50857 
44082 29962 
23303 43306 
56230 15331 
95345 16862 
67398 87891 
81120 86762 
73411 70094 
18780 23811 
17569 21462 
39029 79379 
39742 45992 
21882 5585 
81784 84993 
20937 29111 
19356 723 
77287 69225 
13797 77395 
20232 25851 
29328 40433 
5240 1884 
40667 22306 
70903 65492 
64048 83818 
6135 2722 
80648 33448 
6450 58521 
85626 74132 
63870 15160 
88226 46824 
78872 11019 
8823 33244 
4768 59866 
67333 26415 
34967 90983 
34043 76883 
21844 93876 
18740 75007 
72246 17839 
6886 35206 
99167 46223 
12657 6795 
21696 38051 
7796 47842 
96096 5493 
2546 63394 
29678 74703 
297 27542 
76153 59668 
21168 79914 
36210 63960 
91352 11579 
90292 13668 
24882 32721 
71919 16288 
82353 45043 
49337 34974 
77199 25548 
20907 65324 
14251 65158 
45350 2722 
87625 95565 
21811 92296 
35359 80784 
6699 60661 
46795 46080 
4321 38867 
45323 66221 
96591 99369 
23918 37495 
83412 46314 
93793 13470 
89822 18106 
17544 93157 
58570 83914 
37299 12092 
87541 41714 
75686 1750 
90266 54439 
82855 50796 
54753 92929 
26283 22870 
50947 89650 
71803 59903 
90367 45520 
84048 27417 
72815 73671 
82413 38829 
64516 8633 
24702 29451 
39650 57148 
54749 37724 
82954 17730 
42611 91143 
94949 50069 
66336 87401 
63258 32519 
32843 7479 
63651 6152 
12113 96716 
32627 67263 
63664 2342 
9698 36674 
67220 61515 
82037 3860 
30482 92611 
76714 16642 
36107 54303 
36506 63079 
7257 1938 
84063 71200 
16502 88774 
26254 34349 
36401 30818 
75542 55148 
31738 78345 
68509 89495 
23168 14610 
42990 63485 
9965 32819 
94725 30799 
25562 26144 
72069 35841 
13760 62345 
82993 48785 
55772 4555 
82482 42713 
48640 82787 
80387 90123 
34156 16980 
59899 66382 
4017 41661 
25034 61030 
61785 84772 
1855 14399 
5086 8780 
2654 16572 
2557 30852 
24879 28544 
79174 732 
97350 11244 
90912 29858 
5132 77138 
65071 33355 
21407 11237 
6153 67721 
49809 43596 
18840 21327 
33864 93760 
79381 42315 
21576 49127 
94642 69028 
82629 83825 
24082 61808 
63304 72450 
4082 21805 
29905 3883 
6360 22381 
95369 54441 
82584 71787 
45677 36691 
95845 71925 
82786 576 
16331 37389 
79053 26813 
63281 91376 
94429 19084 
8265 60635 
42195 71140 
15821 50327 
1623 57685 
86675 91464 
66627 73822 
86037 18552 
88361 26806 
84883 53132 
16673 65997 
15663 40080 
70407 22175 
45547 7877 
69803 15714 
84 1475 
45564 84674 
28092 66964 
98637 78440 
84593 50940 
22367 60342 
22797 14268 
14386 63534 
28423 49910 
99461 48425 
27 37525 
56490 17094 
77579 63752 
92936 50358 
48164 86402 
38215 46549 
12479 23230 
33885 57571 
78713 1512 
82986 37402 
61415 13364 
83444 41014 
2131 83530 
11206 37503 
95869 71334 
37592 30279 
2870 96538 
62346 9252 
48675 55 
18959 95230 
67172 24753 
62046 75119 
21061 29084 
77927 68009 
42107 26761 
69021 6870 
69575 79478 
50270 68329 
29395 56415 
61516 33887 
88920 14260 
43621 19925 
42505 44526 
48085 70986 
31709 81124 
50006 71076 
80565 60496 
12461 91103 
31150 79025 
6735 57065 
97589 98025 
27277 93258 
17691 5294 
52898 67487 
70532 54038 
96404 41178 
45624 64910 
53741 6282 
94701 94973 
10681 72967 
70678 48590 
90183 57395 
60033 29570 
26789 7219 
44605 11312 
35745 93945 
86747 32297 
4044 95969 
17784 7928 
68146 93793 
23900 86561 
58876 99861 
65854 67509 
87850 49413 
39350 41843 
21742 85927 
81390 13051 
40804 84933 
54650 3885 
6272 73382 
96640 58192 
67660 18267 
3384 2097 
25375 77796 
28340 37576 
26728 31195 
16466 3294 
14103 29071 
60622 52509 
62927 35313 
62904 65924 
44015 63577 
7028 38543 
20012 46720 
99571 53921 
38826 15867 
17643 86629 
18332 7348 
8463 54320 
26086 60341 
22378 74485 
45378 15814 
24994 67786 
84681 78261 
26396 89815 
31414 55694 
85821 66180 
72889 50510 
98713 52015 
7419 34106 
49721 36325 
46788 1467 
19991 64022 
67637 68491 
70044 54085 
3764 44416 
80516 50926 
83986 84485 
22241 57929 
10880 3856 
44413 67003 
44594 12769 
14998 16096 
2897 15114 
21078 77803 
13722 97793 
38484 6507 
59677 26654 
9865 48932 
35358 56267 
28227 53577 
97766 55463 
9039 98164 
27722 48289 
48143 91053 
35902 70913 
5003 92545 
40969 49037 
21223 45023 
19224 7482 
82824 97099 
75344 33875 
61397 56241 
11940 31738 
24068 6798 
82062 14799 
85094 85904 
93229 13957 
82962 18436 
94164 91089 
6012 74024 
16132 79785 
56899 24033 
59639 2070 
41610 44532 
14208 42324 
92298 32424 
74055 94867 
84843 76259 
65712 40028 
91842 50668 
34977 45052 
19651 83936 
50068 30816 
14100 81920 
65430 93064 
83722 78341 
56391 17780 
81554 21399 
78682 84296 
7039 99756 
28844 6873 
38050 57104 
81604 25746 
79737 43852 
58569 21993 
21684 6915 
38877 97116 
27766 24155 
56985 27818 
44132 48706 
45309 79246 
99904 40234 
70196 35817 
92461 25137 
78534 87785 
94604 45741 
19288 93800 
94405 29741 
29347 24983 
80223 35465 
76277 84421 
13160 5962 
31951 87487 
87116 95508 
10468 83003 
62670 15774 
41382 93053 
75136 85762 
65006 50092 
59465 59531 
30363 14036 
5048 48793 
48365 59120 
52027 53684 
2876 30578 
67363 64295 
50553 84581 
93724 98006 
46694 41361 
47122 93247 
18799 1089 
50321 88961 
72159 94827 
28137 80912 
52481 68735 
58084 60871 
9454 28758 
65208 12823 
2064 5104 
73484 61503 
61648 31097 
77828 42890 
81814 69378 
80534 93738 
35774 59909 
43896 37780 
31056 8879 
46759 79939 
99202 85366 
96954 6693 
83735 43470 
43821 30680 
33582 41659 
55454 10699 
31052 88190 
73820 24463 
83616 1706 
37588 70748 
86934 39521 
67269 30068 
22920 12570 
40179 18520 
91117 75672 
43785 28183 
84259 54463 
85155 59238 
9589 46277 
51483 13936 
26398 11230 
62133 40591 
17169 51891 
26114 86993 
34853 65206 
20610 46910 
71994 38675 
35944 60847 
78796 54334 
90282 62732 
16665 58673 
3401 47946 
71389 54436 
33023 74898 
65824 71052 
19497 2292 
5800 74528 
55010 7319 
64940 84707 
92053 26162 
64186 78067 
32540 7561 
30041 67629 
93727 72588 
21882 68023 
30033 29378 
3188 73405 
869 232 
94092 98667 
13744 80341 
83439 60262 
39226 62303 
97319 1966 
89705 28700 
18072 3035 
77495 36152 
22822 41468 
19402 88627 
63836 23450 
34754 25191 
44353 31584 
91710 27967 
52989 89116 
92782 89767 
7440 85138 
54602 67650 
23899 56614 
29285 88645 
72492 77092 
35143 66898 
963 59078 
13033 37728 
8978 37325 
1285 13374 
33614 63645 
26948 17664 
62954 10366 
43988 62404 
29187 49190 
10130 86973 
45202 44961 
83165 94422 
39395 79709 
34858 82339 
12245 1380 
25985 84769 
85202 73755 
59568 12712 
37509 89333 
31037 5002 
29834 95324 
23835 78847 
94885 74411 
56880 99835 
34718 16561 
76364 74939 
1976 15920 
98482 8862 
58092 27702 
52016 53973 
95271 24010 
40079 27210 
81074 94614 
38870 63454 
34538 48996 
77955 24247 
70933 89355 
1358 83134 
58677 40737 
91677 64493 
16343 44118 
50465 21398 
40317 40999 
67272 99884 
94389 3966 
77030 51928 
11406 96659 
894 27507 
54069 78738 
89147 97309 
57083 6664 
36477 31975 
26081 19528 
19696 91195 
69 40622 
15889 56554 
93652 70116 
95009 75693 
22865 91924 
45114 72207 
84167 68748 
80690 15595 
13 53280 
4968 38682 
66376 659 
45610 36106 
37690 27571 
59872 76782 
62937 26715 
10080 15700 
42890 11892 
43188 95973 
13065 38590 
69233 90755 
69476 17693 
22640 46454 
45047 15835 
7621 53602 
13358 14891 
74343 89839 
43395 85265 
46039 50619 
54057 12865 
18934 7591 
20397 8029 
86606 12039 
64936 16204 
98348 91341 
26836 44760 
47104 70075 
39350 18114 
96729 84247 
61643 74205 
598 47034 
4987 19358 
34010 67517 
65239 65713 
61353 20047 
23665 85645 
85672 11250 
6354 30983 
83058 94050 
98850 81331 
7189 33729 
97062 5446 
60382 39673 
38156 42338 
66692 38308 
95814 34696 
49864 77660 
43108 76184 
14351 22030 
83236 66337 
51171 16478 
23409 2001 
42000 75128 
20450 72652 
14718 74736 
58000 68449 
11514 15535 
24679 54474 
66688 45074 
50170 12398 
55470 27554 
21920 1662 
67446 81149 
48970 46288 
78579 98821 
61435 10559 
44382 14366 
34222 87040 
13430 74715 
1826 83834 
65186 31989 
87360 64419 
9055 74333 
3472 63089 
42571 73280 
95393 71739 
55821 37196 
87076 69633 
86470 25298 
60241 46797 
75177 94808 
43107 53798 
44712 25004 
10710 95930 
27765 86218 
1883 78207 
98195 99316 
39385 99077 
18410 61720 
99078 85364 
1574 99744 
11689 58757 
1513 43837 
96406 24977 
85481 13252 
19384 80826 
15346 39730 
42254 41384 
61288 55996 
75775 99928 
98787 24159 
82030 46493 
94428 81558 
74894 87514 
68990 37163 
52987 28611 
37300 60338 
61909 5332 
63515 65569 
23292 72558 
37755 11729 
87041 92264 
75439 2495 
60107 91462 
64204 95729 
40249 97421 
34951 3974 
36440 95614 
13335 95614 
88946 97366 
15953 86850 
11549 48788 
91477 48332 
66020 60364 
71190 37069 
44637 87398 
85618 4241 
80409 45561 
24408 22529 
26634 2908 
65091 22846 
47518 49958 
73073 29609 
39806 12857 
79947 36163 
61721 41093 
80153 67533 
79976 70914 
47029 36361 
58237 38311 
58484 9701 
1112 91336 
39763 69315 
36621 30514 
76243 66123 
67043 88235 
22681 40719 
43155 43286 
37028 6116 
20090 55028 
96697 66388 
34396 93271 
13076 75379 
1347 34475 
46137 23401 
69147 92717 
35118 76609 
82409 54689 
3562 83719 
1120 92047 
67411 7782 
93285 31507 
73371 36921 
69548 73383 
21434 77257 
56281 62619 
80229 33697 
10028 32873 
86784 39815 
60612 63839 
33310 6741 
32845 14754 
82783 22816 
37503 22911 
22390 50683 
41043 85003 
59305 36570 
20559 71245 
86796 67700 
85526 57497 
347 88093 
1149 98963 
23223 10448 
79430 10555 
8856 42379 
13593 63659 
23446 78956 
19054 56754 
76324 326 
9896 68255 
57935 53122 
83600 53922 
65675 87458 
8814 8339 
46388 67450 
10993 70180 
60953 72590 
28995 14395 
81205 59668 
72050 40941 
62329 60564 
40993 39291 
94904 49878 
90263 80747 
29939 28213 
97879 66430 
87515 31859 
79448 37833 
5079 97674 
29255 38961 
54948 83184 
96551 4320 
62259 66210 
8411 35416 
84367 25780 
31852 19909 
70639 36670 
27397 42196 
7568 93569 
83848 31990 
68366 17728 
39779 98266 
28398 88845 
91075 35 
78318 88049 
55848 12469 
65210 34009 
18135 57179 
18781 43513 
26 78848 
74381 50322 
18191 66874 
87563 71645 
65274 40360 
45914 20297 
19206 37509 
23075 22389 
24220 76368 
87117 15385 
6177 82883 
70881 69365 
81818 14322 
35405 95594 
96637 41430 
9241 80753 
79269 90998 
66218 12672 
31697 92078 
12161 43942 
83985 13694 
87073 73503 
29883 29630 
53461 13085 
25371 96783 
33783 45361 
76034 87572 
80383 73703 
61162 73991 
9835 9648 
42536 21188 
10255 43476 
84113 11813 
34960 95768 
65150 88869 
28717 53357 
3785 74452 
93903 51779 
20701 94516 
93033 78168 
63202 15654 
1405 33451 
78896 78927 
69011 10790 
75144 97863 
24429 18387 
25530 73047 
55025 99115 
87839 64049 
27623 76836 
79360 50989 
71679 89883 
14826 12635 
33051 55837 
49889 45702 
20610 48554 
88739 50885 
10207 58355 
8354 15180 
40962 49345 
23804 27158 
37320 24014 
69162 72115 
17031 54593 
96783 67422 
99967 43105 
4046 14862 
15602 27556 
81161 66408 
18023 60485 
36209 22629 
56505 47820 
94317 8796 
16943 51015 
86725 2764 
44885 23432 
42460 20835 
84401 73182 
70448 3051 
18719 18917 
73091 77774 
78316 32536 
63716 26874 
90090 43302 
69751 17503 
77247 11594 
91090 14180 
83722 67302 
48834 35788 
89210 47841 
3427 76092 
1321 63802 
43216 63503 
59902 66476 
44509 96096 
65200 90776 
82475 51229 
46374 99543 
28543 35660 
19735 60784 
4464 11633 
47141 48078 
75753 7215 
94149 66192 
58003 95003 
4771 68930 
78359 2344 
55150 54243 
81457 98334 
21948 92881 
94197 88112 
2933 71138 
66965 33358 
57041 5713 
90249 9392 
89060 19253 
45083 3904 
90180 48861 
83339 60107 
59741 96636 
49610 67979 
75867 21291 
50282 11253 
53025 12928 
47363 84968 
23128 89254 
4727 8617 
3422 852 
42665 73336 
69227 35533 
62977 78061 
32462 67391 
91308 29220 
37960 4852 
46041 1276 
28722 53830 
83764 81315 
98535 27069 
90195 49888 
45819 98763 
82406 82427 
66063 24799 
63302 90817 
71904 23237 
22505 63100 
9675 37108 
9176 761 
49149 82163 
11761 97698 
59269 15917 
67232 52723 
46767 51122 
88154 58330 
26924 76762 
39715 62442 
16064 42731 
20858 57023 
83973 10538 
3746 7643 
81044 71691 
63993 1515 
59769 87888 
90476 57979 
43086 12661 
97987 15074 
53147 12854 
78593 78570 
3201 20104 
18300 95723 
72610 7449 
74455 95016 
30391 4247 
56291 15271 
46238 33785 
76129 32789 
29622 82279 
41976 83530 
67356 85388 
43571 68876 
87933 48954 
43463 28117 
66959 4360 
22241 58588 
2185 35715 
42809 65233 
28915 6013 
92407 25403 
16974 52496 
33084 61797 
88971 17617 
41400 26740 
26228 31334 
46385 14338 
83564 62911 
81092 33573 
16989 15935 
47597 95038 
39456 49011 
57863 86740 
58910 66334 
53629 40299 
20222 37359 
27315 17873 
67973 72791 
62926 82246 
70581 5348 
91012 47817 
97953 98058 
4996 48539 
24610 30271 
17491 438 
38132 92170 
44734 80897 
68846 52228 
94837 94708 
20788 48882 
1300 47721 
76292 97641 
87058 2961 
66970 97911 
66320 51199 
52338 70003 
91553 88201 
24078 52114 
31180 54297 
58625 39516 
19919 58368 
73760 53742 
58161 78018 
5857 88254 
49367 436 
13642 88914 
55211 44317 
31580 92481 
17026 82250 
41413 64455 
39088 65074 
3945 48785 
54376 34979 
94767 66226 
96657 2503 
17467 75651 
84101 54077 
25733 43101 
79109 51396 
71803 47125 
26611 81659 
12902 85725 
88855 18589 
49549 40195 
88502 58157 
40061 94190 
43870 45 
34097 2555 
30224 56170 
94759 53780 
29253 80932 
33538 72359 
35222 34380 
65315 62915 
70757 9107 
1654 6642 
27808 74441 
39789 82438 
90078 17379 
71992 16 
12039 88716 
35419 392 
26636 94946 
46053 299 
28864 11767 
12058 31415 
35650 33407 
1598 52725 
53798 13479 
48116 94910 
97238 97722 
12100 29347 
82407 96711 
82512 41110 
96336 97528 
93344 25311 
75840 67366 
51183 19201 
58182 59184 
18201 28606 
63711 89768 
71628 6627 
49143 23955 
65585 94957 
26562 65247 
54029 43724 
77640 22713 
94618 84491 
5197 96797 
42460 42823 
54951 2540 
59999 41811 
9134 27734 
14684 65965 
640 5647 
9622 26133 
21460 67214 
94077 90362 
2391 25971 
30430 23112 
22337 40511 
52179 5753 
65012 93862 
33536 95008 
78437 26958 
5388 12789 
8360 64240 
94628 50829 
70559 73423 
34322 16590 
98976 8618 
90662 43086 
56715 96219 
79357 34617 
25175 36375 
98872 22816 
92920 9343 
90856 62997 
50367 95677 
49105 9492 
58982 41927 
37613 70438 
4373 29435 
45493 57483 
61540 32794 
2014 13882 
97501 86682 
98490 25687 
11616 15014 
15448 95036 
67147 14774 
33277 81986 
98956 28342 
12463 1910 
91687 82799 
65560 99163 
10415 22438 
7204 4526 
31425 11572 
60767 23922 
64665 38753 
20635 98904 
81370 10635 
17673 25649 
60470 83973 
12056 18506 
45588 47623 
42452 56555 
60821 32916 
93454 57247 
67925 409 
4187 79843 
60173 23765 
30175 73224 
78831 67401 
87846 47544 
7065 33534 
56453 67313 
43084 36398 
85736 34648 
79376 46654 
59299 55759 
18159 37382 
93462 61194 
34499 54573 
9277 80908 
58010 29643 
1394 58932 
81678 49258 
41673 29222 
22036 98634 
97669 64221 
48797 98487 
16579 50719 
74002 62925 
23734 43796 
40861 15831 
11401 98967 
80658 16678 
48449 85033 
12461 63202 
24313 35792 
44852 58001 
51772 7372 
1465 48876 
92172 69823 
32877 78604 
34033 76524 
96216 8864 
51404 23020 
80835 15113 
91812 28114 
33501 84532 
95384 44338 
89768 87466 
26443 32386 
49544 34359 
6821 14642 
44343 74756 
76165 56628 
31310 42723 
68662 12041 
14828 3928 
87909 6940 
40361 13597 
82038 31762 
27158 51713 
69777 56002 
6555 62072 
44758 79717 
10821 85189 
90186 88472 
13831 41555 
68878 83889 
59365 91362 
14733 20657 
25362 69583 
40846 92700 
63261 71164 
96759 76099 
20328 40094 
52757 54479 
99909 98239 
62661 23716 
39593 35088 
58212 97182 
90540 67936 
57940 10138 
62528 73537 
31316 52506 
58789 86871 
45022 42882 
62268 60456 
32324 93532 
50693 78472 
68852 5998 
11652 24014 
8441 80041 
895 4879 
31290 14838 
37123 53575 
83307 30641 
54803 30604 
40309 41582 
42844 76574 
13673 65850 
81483 78337 
25028 68161 
52306 37093 
16790 91272 
37048 52277 
32581 48216 
39687 64058 
97015 15005 
63296 29405 
47848 84748 
48222 41924 
25166 18432 
31390 44059 
2055 55076 
17869 21745 
49124 24514 
65316 16226 
61266 39764 
69510 35529 
39220 32758 
4903 98925 
10780 37147 
17979 1754 
96893 14962 
93168 45084 
76445 70099 
11165 34950 
80166 90917 
97741 19294 
48911 16687 
17454 97222 
24430 28173 
1156 4832 
1832 21345 
8800 54620 
62065 35027 
19748 81345 
20037 68214 
11654 26239 
69417 40882 
35946 73586 
78682 23288 
23050 38933 
94632 83085 
53709 96589 
39401 77002 
14091 25554 
44874 44429 
11882 47681 
54474 43913 
68113 29581 
36443 10417 
15237 20711 
95015 1098 
25789 4046 
36299 40462 
67952 42896 
44219 71928 
34435 17654 
48522 72143 
19311 59674 
21656 86849 
23789 5957 
24208 2663 
56383 17944 
29655 77804 
55531 30513 
98328 16656 
3441 23097 
37766 87954 
18795 33892 
82063 54479 
12893 70225 
46340 3324 
68957 3423 
64125 40119 
57487 74887 
95228 38020 
31955 81590 
99589 12881 
58563 53847 
8623 29658 
21407 85948 
89746 31970 
10105 31145 
92047 26642 
40793 26456 
81486 48129 
83370 69915 
22521 73942 
67968 33123 
39748 61457 
21849 55334 
97909 28994 
44271 31852 
71524 9560 
61344 79081 
36473 64385 
15498 31377 
4959 55173 
34899 716 
42638 38941 
96998 9171 
52040 67383 
47379 86358 
79994 43882 
60162 9238 
8410 15616 
29439 50050 
17544 55660 
62576 89658 
68810 20499 
5672 48211 
40216 52144 
69092 82788 
61664 30766 
36673 2559 
39656 73779 
36091 56008 
31331 20329 
19816 51898 
26317 36353 
56203 85894 
21533 24668 
58480 58160 
28853 27037 
85741 83726 
38475 60664 
34520 17089 
71847 40314 
2136 35201 
97181 99039 
43712 48963 
47876 35450 
63605 42256 
79545 83522 
78981 69744 
24937 22144 
68354 79890 
57631 15892 
71131 68035 
55242 6001 
35553 5867 
60720 51034 
21890 38260 
76406 50462 
55367 86203 
89643 71164 
88988 45425 
21040 36840 
80298 24315 
6886 33331 
8081 21881 
75756 29098 
55108 6733 
56005 9376 
61242 21459 
55622 75004 
7587 3263 
88862 62456 
26820 81376 
85053 321 
47440 84482 
4191 29294 
70416 67302 
1181 77649 
45535 44473 
26016 2287 
61735 1980 
20703 76581 
90813 41677 
75432 30614 
27103 2782 
36225 26800 
47093 95757 
14271 84482 
72387 78605 
33124 50763 
57055 3365 
64161 51661 
36104 61480 
42936 47614 
65666 60699 
29500 60431 
57478 73308 
74294 34961 
60305 5755 
77857 48101 
69207 53087 
87421 80164 
49866 18139 
56316 19228 
49708 95039 
3205 77767 
30090 39349 
47279 62674 
94612 73027 
62860 54730 
7406 1423 
92247 21660 
92263 51638 
79199 10074 
78536 76815 
37086 35934 
12994 9343 
45533 20616 
88134 87424 
77305 211 
46949 24109 
93197 69396 
11727 35642 
6853 8016 
50204 96855 
13748 78473 
36212 45321 
98948 75077 
83966 13156 
86816 52701 
35199 25554 
72474 61406 
56613 68572 
79653 66145 
61431 95148 
22426 36205 
3324 7988 
9380 47766 
3580 30691 
17959 54741 
63098 54382 
83946 48025 
79665 26105 
96522 41338 
37893 27379 
62825 93038 
64362 76556 
7618 97608 
43669 77003 
3463 57931 
72475 24642 
84686 80084 
88103 83009 
84482 16022 
45826 31724 
48639 16374 
34728 95192 
21671 45494 
15843 62301 
71554 53996 
38277 15057 
17766 172 
39095 94324 
54051 61022 
60983 44237 
12044 76066 
28053 93327 
94859 22671 
4612 50069 
20744 30310 
24336 13279 
56088 3006 
17990 23693 
84327 34139 
86708 12042 
52737 65857 
64790 31087 
62599 66550 
91098 94318 
19930 74122 
61342 82405 
43699 80280 
64894 19991 
36418 11586 
19241 70043 
57985 96746 
2796 40745 
7847 96393 
52499 50779 
12819 11589 
36478 52846 
38314 80318 
34039 72423 
89271 17453 
55330 78987 
43727 52972 
11255 70329 
66766 75660 
551 17080 
85487 95094 
15443 84192 
66674 93396 
79846 18892 
27996 50055 
24846 70489 
30871 88070 
75010 86406 
48521 7720 
66076 10986 
76285 45470 
39641 98807 
52925 19819 
63703 42681 
91435 3374 
9279 7980 
75774 90950 
72745 59574 
65988 17240 
71202 65410 
68340 14369 
53844 61666 
69343 89624 
66176 68373 
3025 46697 
75900 51575 
19263 69969 
19396 38316 
47704 40698 
55901 4143 
6565 56396 
22913 69304 
88515 80251 
70743 59454 
66886 56151 
16787 9442 
4608 86672 
793 14624 
15547 86336 
41244 63143 
23369 90519 
89960 14774 
86516 21570 
57107 27146 
9636 88022 
32042 68569 
41499 20225 
56749 98175 
67418 26279 
18113 38715 
40172 85866 
12858 15120 
57637 86357 
4722 82796 
87564 45551 
37258 23637 
60408 58444 
87658 44864 
99607 51619 
47062 76061 
35374 28186 
91058 23144 
52883 38609 
60422 4513 
58601 18352 
6613 64266 
9561 91956 
69141 30099 
39570 54968 
42653 59408 
33556 10102 
60414 96095 
46759 52062 
67857 42737 
38919 66659 
84953 37994 
95345 34161 
59371 17543 
36480 4270 
93783 28319 
75534 40671 
90084 60455 
69747 16803 
90952 59096 
25042 81301 
14847 79128 
56091 1528 
74438 49853 
74233 36646 
40381 23800 
74223 87902 
62504 94076 
17442 23091 
88648 78095 
63987 74622 
27781 81963 
88983 66167 
88459 79475 
29466 31570 
86331 62417 
47374 51501 
55065 44730 
61450 48299 
13971 32133 
96283 47496 
42519 886 
20242 35703 
87103 64676 
95713 18893 
78555 46937 
44851 12497 
70340 17463 
41948 75348 
16762 96781 
79569 33173 
98169 79503 
19766 24157 
65816 78759 
33951 39042 
22940 47823 
55443 21290 
80533 92170 
17216 39035 
26427 45437 
24055 39857 
24509 46180 
13088 51870 
17238 18777 
89606 149 
39115 31493 
86082 66256 
61337 77457 
81484 30404 
78614 182 
35261 757 
17944 64270 
35768 52432 
96156 54072 
36474 69956 
78074 68307 
54903 11236 
90433 67067 
39096 88573 
27988 19085 
64254 92776 
47741 91810 
8274 70163 
84818 24581 
69056 99017 
39230 26055 
28713 2043 
76629 41059 
40280 74396 
58101 39171 
10995 3087 
64190 87577 
82924 2851 
6512 84133 
66473 96028 
26713 43073 
65245 19559 
66967 45418 
41727 50908 
58828 88913 
12459 6511 
17950 98182 
28624 81322 
51066 84799 
93404 66075 
78562 79115 
90977 81 
51099 90915 
53705 91685 
91943 94363 
73833 65962 
28028 74220 
73938 79794 
82231 14903 
86397 78153 
86955 61761 
56314 52236 
44823 34772 
74610 58 
6132 28910 
68412 83131 
54718 92531 
24402 19098 
93932 35402 
97449 49481 
2693 81357 
61624 74134 
87919 47083 
93630 49595 
94081 98160 
39684 7173 
43281 6238 
6078 58479 
69919 7104 
30904 20986 
82891 38407 
39866 14341 
35240 17932 
62605 49277 
6254 8567 
87662 55341 
4250 4486 
63941 71056 
79618 64582 
14504 50737 
97182 13801 
14497 25838 
54513 30797 
99229 95556 
48583 41182 
10670 11326 
86968 39685 
61055 62943 
11790 71633 
90837 70208 
54696 14422 
24846 33323 
69376 13054 
85347 97716 
94489 40284 
3570 44510 
84322 71569 
82322 26577 
7111 87767 
1467 31914 
51686 44399 
25320 71012 
1930 75307 
66442 52988 
35529 30656 
83833 36404 
78581 84496 
45192 15038 
865 85458 
62684 26299 
67900 65690 
19601 50560 
75411 67744 
41287 3357 
79419 96887 
27897 9229 
882 57196 
58832 85913 
27667 83782 
99099 60682 
58618 40644 
86380 86777 
34555 13873 
54269 27247 
79294 93347 
51894 25913 
30104 2519 
53081 90743 
71487 5556 
9226 73651 
98792 93844 
89224 42498 
28859 29722 
67067 6057 
43767 4360 
63155 70739 
725 48766 
18880 79106 
66214 22223 
85717 4463 
35778 90785 
39834 53308 
82121 99994 
91143 57966 
33723 40596 
41752 25414 
23726 3802 
62945 45146 
64595 23494 
2081 48848 
97899 6808 
1232 57725 
40525 61634 
7919 49514 
98736 39842 
84938 26541 
49721 28408 
81092 68603 
96612 37125 
7510 10041 
87425 51222 
75317 89053 
50985 39945 
89541 79112 
43612 38057 
61447 27296 
19189 46201 
96891 92407 
32209 28208 
41832 96938 
58506 18684 
17787 81285 
71576 92585 
59802 76004 
43763 89997 
77438 88529 
51040 33973 
95280 34404 
47733 27006 
93663 29959 
43230 62645 
62566 3237 
56599 42706 
2068 73101 
46982 47708 
51273 92602 
17747 68396 
4263 52036 
70592 69578 
76463 89530 
42158 24054 
17656 62587 
90161 23977 
28978 92698 
8661 49806 
30332 6961 
42818 52840 
41988 65553 
42308 86364 
89522 82019 
39572 2524 
14774 14491 
64149 17354 
77202 30279 
7573 34706 
59754 23733 
34665 11384 
51311 97818 
96526 40364 
63785 3541 
38115 26785 
56121 68208 
9051 32234 
79727 33397 
80088 66881 
30270 66618 
39731 16126 
89319 6821 
95499 98699 
65967 53232 
32628 66499 
3352 9424 
89307 73003 
97903 50119 
92025 56672 
90184 86879 
57227 8543 
25356 70700 
6163 19086 
48575 84418 
58688 28406 
96032 45945 
68739 35974 
65905 64515 
39305 61371 
5141 66450 
7930 85860 
27746 34392 
25148 46143 
88232 84525 
57706 96261 
69829 39978 
36044 1370 
11299 45444 
31202 77987 
88422 7976 
90205 49323 
86672 41986 
80910 41429 
50115 42674 
97432 6145 
68215 11420 
55465 20230 
67054 9130 
63167 76535 
4337 19062 
87775 52720 
28619 59392 
50652 15783 
52345 97557 
74281 96514 
5569 83376 
73470 47033 
82640 36017 
30094 76662 
67674 91048 
15726 46665 
26283 38159 
29786 92742 
80840 57554 
2142 35694 
44437 93588 
68600 35280 
74753 87937 
65314 40062 
23210 31356 
3834 86895 
97048 83079 
82423 7736 
22412 49943 
61180 8565 
95026 13511 
78644 95480 
31733 42812 
15773 36383 
90932 32729 
19520 63205 
12874 63648 
82720 39221 
41808 86664 
39589 38784 
31124 461 
76871 12669 
99935 934 
79496 41224 
4930 52658 
26604 9661 
14895 52535 
28882 75079 
26937 30248 
51379 33156 
43235 57592 
97308 34009 
35054 19316 
37842 41286 
56796 31830 
60469 76359 
37025 82892 
74230 40343 
65670 5394 
53984 60657 
17047 91379 
27848 66014 
96850 98657 
12008 53925 
77942 1661 
75388 78239 
94551 90669 
72940 50687 
97387 29045 
20849 20088 
33237 36874 
99503 65564 
1743 81166 
60829 16053 
59369 17742 
85434 87357 
85968 48006 
81947 10138 
2877 24958 
46085 7494 
33163 67165 
169 69142 
24391 16806 
15166 60744 
12231 8514 
76805 1521 
89223 99387 
94927 41079 
57199 47392 
70926 67227 
84144 15315 
32016 80586 
56688 20462 
12992 78911 
17941 46533 
16304 4305 
7073 83391 
9430 19874 
71795 62885 
24923 98896 
7830 14477 
12954 29171 
90483 73083 
58793 58022 
2593 33373 
18368 29243 
30418 59721 
43905 92335 
94435 29041 
68634 96480 
5552 4962 
94613 16957 
88897 16087 
80970 98 
97149 38549 
61219 54355 
43258 63609 
27729 59726 
18451 64777 
9101 15485 
25595 65703 
31844 97088 
50241 50069 
1660 47108 
12115 47761 
61589 82174 
88334 77784 
84342 58169 
76299 27715 
34435 99291 
68998 1924 
92009 63115 
48360 76355 
64754 83385 
63333 56354 
26922 5067 
48539 45861 
15143 2022 
56609 1185 
79604 46708 
22748 60705 
36137 83415 
53591 12972 
89837 41805 
34078 90049 
4069 15908 
75865 50346 
70075 25233 
88692 45774 
91845 69269 
42172 51740 
38532 84411 
99611 75312 
32407 13232 
47775 46841 
34199 21 
16912 43375 
59635 33627 
83872 88402 
11085 68919 
77857 21769 
36473 71537 
63066 36075 
33908 47120 
55466 31395 
5020 35832 
41915 48879 
22536 75739 
9042 5604 
18381 64499 
56573 67970 
17430 77801 
65184 69033 
39011 35145 
12539 96328 
63346 38786 
82774 51064 
13352 50064 
94527 7026 
33579 8821 
80485 78054 
57498 46267 
87478 36704 
42004 89386 
30302 13466 
13671 5853 
24726 45897 
15178 92456 
45583 40054 
62275 67125 
4330 52853 
21777 84936 
17174 3228 
99277 61831 
39601 72486 
81626 56303 
76091 59750 
13704 28924 
34817 17106 
1593 72337 
86284 905 
24999 80238 
2169 40555 
10606 2836 
96008 44273 
65019 18460 
60932 32403 
