25237 1760 
36314 57943 
84758 80659 
83814 10344 
73525 33216 
96545 71445 
85125 52676 
1766 73291 
42090 67535 
34173 23732 
82220 62743 
58726 14932 
54627 16759 
34162 52285 
94879 7919 
14336 99437 
36177 91353 
48702 21945 
79278 98551 
35517 52038 
87673 65675 
1780 89997 
96542 53866 
32437 3891 
24068 85022 
48047 88702 
51955 79932 
34906 98310 
98306 52117 
64499 69404 
40515 80396 
231 15030 
58408 55933 
78505 77356 
58610 75376 
68535 94130 
9932 30760 
60672 51405 
66583 28909 
6555 66270 
81075 58380 
36083 67679 
11939 10336 
5945 20861 
12690 51259 
92414 71413 
47981 40026 
27085 68830 
20467 79648 
88447 66060 
7615 94818 
4430 81612 
1565 30463 
91498 53816 
17109 73573 
54392 13001 
82939 10867 
97269 46718 
59568 48240 
51794 35521 
33645 34406 
10644 92440 
22880 50810 
65893 47933 
88378 52629 
90953 83932 
91912 71554 
71995 35546 
54513 20052 
90194 47047 
69715 68944 
79685 89943 
99915 5372 
37764 25288 
37502 16632 
43671 19784 
43781 86818 
50181 5829 
88173 37895 
48276 9328 
97782 94530 
69339 55935 
93140 2921 
81574 6290 
29770 87853 
57791 63932 
87228 89336 
40206 45708 
47312 80446 
4591 3867 
81418 31362 
30875 41427 
23325 51085 
20207 67990 
38183 7990 
59550 1871 
11069 3058 
24007 36213 
69204 45573 
24377 51718 
20769 60039 
52857 76671 
40219 35203 
53329 66140 
55129 11338 
44329 96543 
92766 90301 
52605 49227 
26004 44409 
73039 87249 
17600 94772 
56790 13258 
99499 27511 
43635 33194 
39537 17140 
96796 40443 
41751 30412 
68944 78177 
98500 91047 
26596 33783 
62675 96028 
86801 68608 
36522 87506 
74774 88689 
79925 889 
94069 17691 
25485 29295 
11895 42000 
50340 67313 
1365 59686 
95347 22892 
49721 80040 
41154 15190 
37020 88420 
47630 8329 
13283 12354 
38206 66267 
53769 99160 
63941 52374 
51829 42765 
13447 38809 
16705 78012 
44274 35405 
79658 94391 
98992 95548 
76000 7974 
34873 7395 
62857 70271 
39985 32793 
52918 85781 
30421 13380 
92965 56220 
23547 23607 
92623 68694 
60312 13805 
13564 97579 
6068 52919 
62314 95364 
93779 50144 
90830 6485 
86113 7495 
98193 49918 
23642 31174 
44042 81303 
95199 8626 
29775 63397 
13439 40308 
77085 44863 
3726 438 
35074 71709 
17711 89364 
76938 33149 
64302 31724 
5164 74204 
10196 69166 
70187 91065 
39757 94167 
21636 62049 
79719 72372 
53562 56933 
88085 4863 
75473 10507 
78510 88914 
39520 42361 
1599 46027 
80846 54296 
32754 99437 
82891 39109 
22551 99768 
62360 90141 
50107 17143 
79597 9618 
82493 40840 
19254 75670 
83962 53411 
53464 42814 
37636 75238 
95079 18799 
39223 7595 
72145 81854 
97485 37545 
6365 76743 
29357 6396 
58161 55433 
68996 84917 
8794 8782 
19484 43179 
86085 69308 
63540 50593 
4399 51952 
15278 92649 
81879 39672 
38933 44823 
18291 13765 
82433 1260 
65401 75022 
73785 16111 
98451 1127 
6480 78753 
2098 38155 
96463 10648 
17078 29584 
27692 41214 
54901 44946 
15896 92839 
77034 82031 
10872 81046 
52334 81530 
26522 14818 
51875 11037 
34767 64238 
13864 46551 
84622 47821 
13012 3918 
10889 80327 
98486 50095 
78313 13329 
22492 54698 
66495 95441 
67585 25965 
38461 76867 
94931 12107 
51508 83818 
78070 38935 
62795 92335 
57106 97746 
54127 38187 
46805 93615 
50462 9784 
58732 13570 
34906 84400 
52351 76579 
69313 84511 
12920 82817 
14058 50713 
65035 88393 
3175 50369 
69860 93539 
71756 67103 
21357 47174 
51367 45182 
52215 38862 
46192 95006 
83764 70338 
77744 1162 
5764 73123 
39165 12876 
51787 66165 
31520 38208 
43796 28026 
63952 7951 
15571 91824 
87137 22979 
88782 57947 
95250 49614 
67812 59503 
75454 81648 
39824 8543 
5926 44743 
15111 97276 
3514 79198 
19422 27800 
363 447 
54764 96360 
85157 3181 
78043 63646 
79158 44561 
8005 1391 
29743 14812 
60036 17305 
94941 79307 
25715 25364 
61256 55292 
59392 46488 
84077 68510 
7613 95883 
65049 20255 
18872 37602 
84017 83747 
949 64348 
84493 40229 
51014 91087 
71069 59834 
69703 34738 
14808 29989 
84535 89043 
78350 35035 
50323 93614 
66332 94722 
64651 39277 
78685 76385 
35004 47988 
94485 5854 
60822 14910 
42217 15513 
48521 2712 
18720 84469 
60434 33688 
3497 45366 
9655 33997 
77700 55185 
51956 46141 
97824 53213 
93193 40740 
92978 58386 
26056 26724 
51585 90331 
33546 80266 
38450 33701 
48214 87079 
36378 3750 
35990 20152 
37837 12624 
81344 55572 
21674 80462 
86541 62754 
37464 83152 
61932 92229 
85786 79473 
76489 24088 
26612 14353 
58217 33221 
69908 52100 
82601 73709 
2693 53732 
63918 84037 
84998 75886 
69008 67214 
3522 35307 
6037 5491 
6259 52549 
1794 28025 
53955 61263 
70241 61683 
14994 45329 
92307 60084 
99146 45100 
72346 24089 
72589 56145 
10193 98102 
21707 29140 
29419 50884 
36407 67934 
32189 27009 
65018 14305 
9004 85671 
52338 2585 
17671 27232 
9965 65043 
59999 44724 
83790 69834 
26985 27454 
77369 77298 
53699 86924 
61868 7531 
23577 71493 
53364 22415 
88514 85487 
66523 38652 
25928 30935 
60005 4868 
36873 45663 
73431 95469 
316 20168 
18354 96704 
37852 37516 
26359 86242 
10424 95449 
76325 36594 
64014 37945 
19795 4844 
64804 44667 
98542 6376 
15996 1079 
1609 8704 
28211 99403 
40483 22989 
23353 1192 
30495 15452 
87829 25976 
54174 8683 
55168 17261 
47977 93666 
90403 77070 
97690 27401 
68952 53340 
49735 48103 
91289 10617 
45752 210 
51353 13858 
66022 24820 
81436 7556 
23653 37693 
29173 77998 
85928 86547 
83330 45121 
11803 52174 
54225 42300 
85271 33740 
31893 7285 
93156 37677 
90545 25618 
42871 71668 
81374 39020 
40772 30503 
57454 55581 
54969 48953 
4229 75995 
67788 88321 
7021 80691 
82571 17939 
73028 6358 
87072 50665 
39407 77208 
91468 92280 
41378 46255 
52803 68716 
84627 44950 
69704 2150 
64898 35707 
81267 17277 
4243 11165 
32261 72445 
28258 86497 
73122 26815 
91494 86595 
47716 74393 
69284 38710 
84394 98471 
73391 42893 
46651 25942 
16165 7557 
18483 89930 
43287 5525 
96565 41322 
78764 27134 
36429 85028 
77429 81285 
53067 55181 
60052 22744 
7721 85003 
14028 64596 
22106 71669 
78680 68438 
48893 84275 
98342 91696 
93014 13883 
18707 11407 
22197 18635 
22301 36888 
27113 74032 
47501 69860 
91598 98754 
12180 69969 
11668 89754 
67817 36040 
58365 66885 
42850 18989 
13942 96928 
95086 41015 
23532 39653 
82102 7481 
95113 34419 
75918 62880 
49475 24835 
93577 60297 
68839 1109 
88834 85014 
17891 24999 
51811 97197 
14211 90623 
93249 36037 
6427 65917 
47913 58330 
77883 54144 
17724 68096 
31242 12621 
89382 30743 
25123 66692 
3484 55134 
27753 61009 
22597 70063 
24573 97272 
44249 17773 
66836 17880 
31477 36497 
76461 8272 
88358 6457 
28751 7296 
90837 89275 
19054 34512 
94235 99495 
82053 66160 
77954 8696 
73090 17322 
55187 97634 
39753 16895 
70859 39905 
8985 94047 
34560 21828 
89997 30127 
86865 77548 
46558 68374 
77275 45814 
23534 15247 
39856 35438 
22047 11863 
88748 20152 
5222 1757 
19844 70378 
82184 72070 
97215 69374 
61863 99276 
23316 54291 
90092 87669 
40475 68865 
83605 49119 
87885 13771 
52768 35947 
43076 33135 
61198 5308 
9753 81229 
4928 63068 
74943 72112 
6359 7938 
47517 26745 
8957 72502 
7483 97097 
27514 36764 
40818 64788 
55757 72000 
8163 83028 
58184 57914 
97360 54930 
76240 4515 
39593 18687 
60278 1612 
26807 40711 
98237 13453 
54119 1493 
49560 33806 
25078 95769 
8592 17643 
99948 58523 
15560 9586 
37556 71411 
5199 96432 
79821 402 
33183 21289 
54721 64730 
48755 10272 
28235 39696 
88292 79175 
18729 51438 
48995 7205 
98259 30459 
64534 87571 
44455 52536 
45160 90642 
73924 10566 
63657 4369 
83499 28970 
65492 48802 
49236 53477 
56602 96774 
84692 23413 
75488 71235 
39802 61072 
87627 31181 
29609 93312 
49705 2788 
18100 54197 
78732 60089 
46595 4345 
26873 10428 
88399 42561 
6641 93925 
31839 78417 
33071 63300 
42358 80625 
49625 70685 
30989 15356 
82751 51412 
61301 41129 
26415 61267 
59851 32422 
92361 93347 
56195 62883 
74475 73396 
67654 90801 
66338 8376 
61353 54482 
39907 42036 
71431 3195 
40236 53379 
22863 60572 
76245 19162 
15008 41671 
90758 49957 
47762 22310 
74409 806 
31121 89900 
47445 52121 
4982 88660 
71085 54245 
10187 8920 
65809 29959 
94073 60172 
7789 33239 
4236 10582 
46656 69668 
22717 71871 
37894 94203 
19513 57800 
11371 15332 
59057 46908 
3868 51196 
76283 35760 
67937 2854 
49851 77608 
32013 32636 
39344 63220 
27447 61417 
20470 15557 
16940 27613 
47759 38043 
55871 82878 
97749 77373 
93072 34697 
97332 36113 
70857 84465 
21716 97792 
15432 51142 
54345 7754 
18315 15202 
37208 86718 
96967 65359 
4056 40822 
88564 81410 
81394 71875 
74705 40561 
62493 84577 
56798 91714 
8209 33701 
1979 2464 
5050 53506 
57642 46916 
15739 64124 
88999 68943 
90397 55215 
28561 25149 
67543 5864 
39042 84522 
83229 11549 
81888 37683 
23951 53896 
52509 47598 
4361 67063 
90236 55787 
24342 25723 
96138 43286 
61693 3999 
95066 34028 
86418 32087 
59611 19776 
40553 7903 
73165 80409 
13495 4775 
46847 71089 
56935 53017 
20807 48722 
25823 63146 
74227 14135 
2155 1606 
40365 53521 
56951 26023 
73027 72944 
32427 36335 
39132 33096 
81151 605 
18325 7981 
81894 69858 
75126 10843 
62921 5010 
31639 53416 
2606 742 
9630 30418 
44578 6126 
29569 50264 
59979 9891 
51255 65066 
12962 79376 
15711 88253 
37245 16575 
1266 26523 
11258 22064 
38098 94347 
27408 38243 
34959 23868 
86960 76927 
59445 30786 
16219 23231 
78838 47725 
91992 47541 
12456 90542 
84689 50522 
68368 80205 
75994 12219 
37463 3095 
84659 15695 
96067 55979 
38798 68041 
24659 88399 
65932 47194 
84699 24862 
33101 61659 
8195 21941 
58495 22080 
45337 91320 
33361 88517 
84400 98779 
38339 75379 
5062 31268 
11922 67123 
51402 9458 
30393 22187 
14063 11563 
88384 20019 
92397 65678 
27091 36668 
66903 62581 
43247 18085 
49850 38621 
26084 57076 
97714 79265 
11821 69827 
62883 97822 
15615 10957 
34093 51037 
99445 62268 
65116 63469 
61074 79657 
19463 45963 
84004 85113 
65233 10031 
71246 46289 
38654 99565 
96785 94803 
57534 84100 
47761 96291 
6489 83666 
97663 110 
34735 24339 
46282 64720 
4124 55664 
85653 75913 
291 96428 
2923 49417 
72913 13619 
10831 36796 
2500 80893 
4426 34195 
567 7551 
78650 27103 
37655 76714 
5614 91180 
59373 82332 
62648 9099 
94513 8605 
22623 56444 
81222 52571 
66592 55872 
37344 50847 
55443 98088 
79247 34875 
2045 80615 
49824 5576 
18279 20890 
50791 87878 
72391 58938 
87042 98405 
81240 76679 
21513 35436 
79326 25840 
7881 79286 
51882 74570 
15369 73370 
92832 53982 
85048 41479 
50118 10198 
60245 85148 
50643 44919 
15003 96548 
55005 58085 
64013 16904 
78239 89901 
75071 68252 
26929 96303 
20758 87178 
45352 81913 
99989 93227 
33704 57547 
31959 31767 
31 85581 
75162 41360 
34099 25775 
52384 9084 
46265 96578 
68881 93726 
97304 22554 
95464 16412 
56172 47190 
50791 41004 
61864 52245 
57902 92439 
32798 39661 
68850 90236 
62577 179 
48307 6472 
64505 13976 
82061 92839 
78894 2947 
29592 59718 
36999 81710 
71235 31754 
83313 34972 
9918 49020 
93984 82590 
75060 30619 
93305 80471 
41944 68448 
62476 45406 
23720 72865 
55274 84978 
15152 49114 
83791 59919 
67362 43616 
14065 5544 
51002 62634 
16208 91399 
21647 32292 
46549 3772 
35703 38593 
347 94438 
77664 58799 
62786 50819 
50342 71436 
3252 7674 
48477 11204 
3291 38507 
83159 17148 
82213 36076 
49559 7777 
85914 15686 
33707 5127 
34338 52419 
35386 21300 
80851 93985 
43698 15652 
22881 74599 
39456 28520 
17303 92095 
14264 98302 
96358 420 
90001 72655 
50296 12730 
94424 31762 
41454 6505 
98643 51828 
41180 71392 
50514 50364 
35740 42961 
44285 71325 
30322 21093 
51342 87783 
91220 80440 
99479 22576 
5506 42176 
28841 13268 
4717 91248 
71551 76728 
94560 91359 
98979 60795 
56116 71124 
55739 5728 
35722 29168 
52696 76538 
20484 33347 
22624 68783 
4266 69875 
51636 35051 
85077 31799 
87094 27105 
98891 23099 
88427 99542 
87250 94633 
31143 74819 
16408 21199 
96293 26639 
14288 75185 
77731 98931 
68221 51609 
17748 41037 
31175 51761 
38003 6246 
17136 38252 
67145 30407 
27312 32960 
79115 80131 
37992 41167 
46847 35978 
98201 50147 
84934 54997 
30654 68500 
1781 39156 
3117 43747 
6891 21413 
38863 19999 
22139 69595 
64771 74968 
27227 99728 
53470 6139 
29005 85098 
1995 19625 
81930 45095 
3572 12042 
2654 98735 
11446 25678 
15596 71790 
64047 305 
38301 53582 
39366 41149 
65508 9714 
33032 71903 
39068 70462 
9399 44037 
97181 30967 
57836 29291 
80926 19079 
97478 30889 
38636 9392 
12812 10843 
9379 87937 
69814 45656 
85694 971 
57708 90790 
52663 53441 
24990 55482 
75520 57969 
30007 63769 
61216 73554 
6169 5062 
50707 14714 
49770 58147 
8195 56421 
74456 6207 
61167 7905 
40506 47247 
10792 79338 
59405 44272 
76072 19339 
94575 52623 
57133 58456 
27693 8063 
3136 53944 
36645 58525 
48501 94620 
35994 74887 
37491 91017 
63721 81685 
91679 45723 
59039 7373 
87419 71544 
65251 65580 
1149 972 
8898 43703 
49223 9510 
51842 93302 
95933 57455 
86503 87903 
28473 40073 
46080 38173 
832 24402 
31406 31830 
29931 42503 
13989 96262 
86833 5523 
60811 65489 
63384 773 
40638 69923 
10448 34825 
13878 57336 
37674 89696 
78402 96506 
36748 66286 
42331 11188 
40180 99489 
21407 41393 
55861 42791 
13368 31401 
24027 36668 
84670 99469 
27700 94705 
15903 52939 
50276 64156 
91443 74202 
14686 43486 
86145 17987 
57363 68497 
97287 28447 
87231 10723 
93544 5743 
55067 67064 
4382 26136 
11740 57990 
53097 47028 
65251 93158 
44594 8972 
55915 7910 
55057 80359 
56658 21881 
34821 77291 
71109 21811 
28034 31127 
46017 24679 
33112 69209 
36503 34377 
76524 20510 
62735 65442 
49104 57221 
74873 70675 
58874 35779 
99430 76059 
87269 6364 
74712 95950 
96692 18614 
95577 74305 
26492 63107 
78466 73585 
31728 53101 
26534 11964 
64512 69105 
21659 31611 
71243 60020 
95207 66073 
80717 18938 
32671 63151 
87866 29085 
48624 11176 
95819 6009 
27925 11211 
64970 45769 
66687 35482 
31939 25710 
62266 13178 
3580 94357 
95357 88815 
1589 30015 
19273 5441 
31823 43863 
21552 75250 
79089 52639 
51303 13519 
82938 48462 
12007 28323 
32931 48895 
3994 78072 
32865 19058 
63382 31701 
22596 19395 
85029 92206 
13424 47659 
35858 73217 
88347 11743 
61901 50456 
42103 91164 
67518 45144 
87515 19342 
98453 34829 
34472 46233 
91742 28606 
55792 21477 
64965 88306 
90225 71864 
4920 25023 
97039 33799 
81543 51195 
68892 41320 
56713 22469 
30139 63358 
79584 60721 
96210 30053 
60159 9836 
46402 87321 
91075 39244 
67183 71253 
43864 76708 
56029 99525 
500 21497 
36844 35684 
93558 61813 
27177 93989 
19114 96236 
14736 17419 
55283 37961 
46107 79545 
66352 62690 
4119 32139 
97466 46359 
51960 44714 
68141 27201 
51934 59630 
54155 18177 
24657 16975 
6875 90449 
524 87107 
96678 46275 
29447 85566 
82821 650 
57136 35021 
5993 94967 
46621 81951 
71730 73116 
22225 71983 
42992 60726 
39898 37110 
88403 1567 
42555 50446 
39025 21707 
42013 59774 
90988 11592 
80141 19783 
53912 38990 
61001 4760 
85773 31644 
13024 98407 
73708 97423 
35721 25534 
17240 81962 
8906 11570 
45484 98968 
94112 30153 
53139 6804 
37657 26484 
71392 46426 
92702 84727 
99361 396 
13717 41400 
9279 80451 
40900 33530 
4360 1973 
84395 10292 
52117 57720 
38563 29909 
37904 60308 
5089 9781 
83513 83170 
80375 97139 
53913 93126 
67449 79946 
31559 34179 
5538 63347 
72144 91782 
71480 95652 
68308 39594 
96305 39656 
38506 46599 
57626 50047 
27108 1481 
53854 35698 
48752 93265 
39822 56868 
35098 72506 
5032 31613 
45326 5661 
5554 3179 
83094 26816 
18484 50700 
22121 85528 
73934 9213 
80168 87337 
33669 1846 
96927 24356 
27792 76925 
65148 97352 
31297 85875 
36321 37884 
60831 33922 
72340 49272 
98691 84964 
42768 98609 
5829 4397 
73707 8475 
68593 79256 
38708 16683 
34923 63714 
44797 95115 
34924 59824 
7380 44601 
47982 58281 
26661 11785 
74031 32117 
75161 6063 
90096 97352 
81048 29925 
24911 29028 
45179 74404 
64176 48402 
61133 72867 
6950 77733 
16966 50975 
29700 92709 
45034 58413 
78680 89433 
51921 18884 
3617 22796 
4409 88822 
66075 66146 
69341 72463 
4411 88353 
5371 1113 
13897 43680 
82794 47873 
5361 22307 
64004 15564 
38617 14948 
11597 5222 
87994 3651 
3742 45304 
86411 2733 
27155 37601 
11763 38697 
86869 54884 
24765 76083 
18948 7413 
40953 67380 
17421 80715 
21190 29438 
89903 35398 
94831 26263 
37737 51279 
87568 68662 
15951 92743 
12071 24865 
65942 69981 
93647 73096 
29495 71659 
45452 16984 
46613 48550 
78201 27792 
11596 34821 
27846 73621 
11908 3874 
11358 45053 
2603 69074 
75529 89173 
75405 56158 
86634 19429 
66030 93766 
19807 77520 
5940 91295 
46167 85305 
65411 99131 
82993 39650 
53688 75350 
67681 71230 
38927 15089 
39733 9468 
25766 34032 
66688 70114 
81552 35870 
29713 9425 
33620 35057 
92445 69443 
69493 50839 
12751 72601 
59455 36288 
21189 10651 
86686 56921 
82294 12903 
13990 87543 
75151 71791 
38116 53016 
78335 49993 
82783 98965 
20877 92641 
59721 41790 
65768 20605 
83410 13835 
25371 86388 
59656 89242 
69189 32884 
80749 48729 
73563 7033 
50670 17423 
80173 45392 
32648 88906 
75639 66658 
58373 30712 
78023 77418 
63228 51820 
17725 21684 
15152 1031 
30026 82226 
86100 56634 
34460 72281 
74501 62395 
62218 39904 
24758 62650 
6960 44053 
5534 90179 
16681 51425 
2403 64519 
14702 46146 
52452 65510 
36384 40587 
98482 57147 
94825 24920 
68710 50146 
43583 95450 
94190 8167 
87385 57324 
60675 22267 
2805 5934 
54215 879 
70067 53113 
524 48541 
84411 79196 
16983 35547 
10862 60055 
93146 92871 
69781 39441 
90666 1937 
92251 91254 
6833 87200 
64111 43807 
77231 61001 
85382 18750 
2499 14791 
7855 70952 
71786 98580 
77772 2517 
21212 81331 
2820 64003 
9485 39030 
83053 49012 
14801 74298 
93930 34491 
57270 31656 
86258 18410 
29294 35937 
72679 58921 
72710 47843 
3191 24669 
75967 269 
93281 24617 
77193 51780 
57366 97563 
49757 69501 
17541 6476 
15751 32666 
3058 824 
79813 30247 
29456 81287 
783 11281 
47966 25537 
21947 34933 
85566 11233 
61923 58826 
53998 2920 
27753 98784 
92067 53240 
49346 90912 
19721 5646 
50149 87791 
24705 75796 
62753 24594 
72954 31823 
70134 98033 
32468 89893 
3319 11333 
27052 90799 
54487 51759 
91081 25719 
70857 83794 
79380 34915 
79213 60614 
97334 11757 
53472 79346 
55494 6351 
78473 31395 
20252 37920 
81964 28181 
27549 93211 
3776 14744 
50119 9362 
46249 18914 
60446 13977 
3198 22144 
11375 22620 
96069 79584 
64240 74485 
55392 61634 
30410 20704 
73244 36926 
56310 66555 
18155 67615 
74251 8799 
47741 41810 
61828 2414 
76316 25148 
1175 37204 
54828 73743 
6019 4067 
98712 14128 
89263 83158 
55562 62318 
76753 91735 
39024 23732 
33893 88185 
67906 88502 
60957 40520 
40220 12523 
30212 32607 
40707 53659 
83391 99424 
27397 14606 
81583 53861 
67824 29188 
1273 91874 
98762 17231 
34 40261 
64669 24679 
33305 41883 
49538 60220 
89718 56848 
54408 37470 
26577 94995 
88545 32622 
29410 84959 
36122 71491 
89896 28149 
32235 66981 
95034 82181 
32150 38304 
47037 67614 
85932 56607 
88271 94289 
36926 78206 
88437 59114 
47062 46240 
62225 75857 
14532 64303 
24857 59311 
90113 71508 
60192 1138 
17269 77438 
71502 42762 
18121 47548 
8533 71887 
22488 64868 
16153 43508 
90417 32204 
29670 53751 
9956 20571 
49785 75424 
61426 14177 
66224 97866 
27017 50089 
63218 480 
90267 1526 
32302 29311 
13830 7786 
38307 39045 
5926 10905 
32961 9055 
85921 19411 
87173 41382 
37771 82930 
17850 1030 
96344 27867 
18018 64470 
46168 74068 
60061 987 
24697 25065 
31013 23292 
12962 432 
76192 8758 
65265 57759 
72789 10740 
76603 33880 
28646 50580 
11561 20259 
3046 5265 
21666 75806 
76174 83108 
59521 71897 
51788 10414 
57534 59012 
63686 35769 
76621 42150 
70712 95411 
46023 53054 
67340 73093 
9191 11305 
7254 30895 
62695 73446 
35927 83655 
25179 79562 
54810 38983 
1641 20131 
94564 27285 
14635 62453 
57661 1778 
58486 95583 
1718 97167 
95186 75485 
74096 97478 
51394 77951 
75566 78483 
94761 95883 
26268 58212 
64833 49628 
30720 10240 
8831 14331 
90287 68761 
25860 6640 
91319 81903 
54438 14603 
5066 50282 
47703 99234 
71513 21512 
68268 43963 
3447 98201 
397 79074 
39350 56877 
21044 62244 
94107 68396 
93246 53414 
5087 56534 
45491 82478 
47770 30819 
78865 71664 
99928 82072 
159 40980 
66234 34699 
13587 94715 
36228 8491 
16345 59769 
37743 54459 
33982 22425 
65147 94223 
400 89220 
7193 10498 
34259 79665 
72797 7451 
88677 43843 
14716 83969 
54327 86293 
80891 40384 
77388 69062 
81139 69700 
13267 61476 
42891 68113 
74631 1910 
43845 36398 
47981 37720 
51702 33692 
46865 13509 
71536 88270 
41803 85024 
99901 66090 
57081 46236 
11438 47213 
52805 70532 
58529 62647 
16949 83460 
47439 99702 
76598 4082 
65462 92686 
203 14756 
72690 77527 
3365 45046 
39370 3906 
89525 84457 
5178 66507 
53913 70830 
60289 38209 
54196 36467 
99798 62342 
4494 32463 
82808 88598 
80784 93203 
35420 17715 
35173 47622 
72905 53785 
4130 31569 
80484 49815 
61495 6520 
84430 72150 
10897 43845 
65632 2396 
34237 91024 
16262 41696 
12949 96386 
16893 81531 
16985 32407 
16149 57631 
12831 24022 
27932 9191 
76320 58116 
22251 24230 
8603 23044 
74891 63794 
44378 2954 
58402 22607 
10307 30676 
2325 1864 
38537 85060 
24100 41045 
65327 3916 
33751 79939 
48013 72081 
45249 99519 
14899 35635 
85337 20869 
22110 87930 
76666 25055 
29060 70838 
86227 93650 
19917 35512 
72362 59570 
92270 10956 
34037 927 
6193 35816 
64621 6824 
37004 19084 
39023 93305 
3215 8760 
17895 50133 
47553 64035 
35447 54626 
33359 46184 
48517 97481 
81321 66111 
63650 27325 
12172 52371 
26260 35671 
79868 32484 
51347 72034 
76708 52506 
98756 151 
66975 95065 
47671 80548 
58884 94438 
4780 92171 
55987 88772 
88465 86323 
38632 94160 
67437 99892 
13711 33059 
96348 41614 
36606 380 
83239 5101 
53129 4633 
44068 55419 
31210 78587 
48108 82165 
52180 14210 
34661 11363 
9720 39986 
86321 20875 
20907 25238 
76928 9653 
88249 65717 
73394 29803 
64195 77447 
59738 2259 
60344 1722 
68944 1835 
12406 3137 
53694 15446 
58960 24668 
526 48502 
17138 49082 
93655 78817 
41585 4312 
64474 34756 
34408 41956 
20645 4989 
33284 12697 
34755 70834 
42501 60147 
86650 89053 
87426 55572 
95845 42853 
66756 99876 
50838 21957 
48850 26426 
40663 88763 
8570 48496 
20702 36949 
29259 8523 
99553 51317 
855 2862 
16644 33228 
29576 75335 
91354 64686 
37250 95673 
63524 45932 
69059 64759 
12553 56360 
47320 17664 
37677 56620 
5913 27512 
5549 70987 
15031 48547 
22928 63369 
59192 75086 
72042 47775 
62759 34588 
54110 54645 
66727 77674 
22558 8108 
48091 75712 
51597 56077 
38873 87426 
78132 35015 
45699 10026 
75387 44277 
92822 87459 
65155 51130 
11542 8651 
52231 46852 
77256 91985 
69415 26784 
51656 18753 
54324 72737 
22106 47970 
40333 74876 
42820 17667 
33097 42008 
73174 13689 
61418 14148 
77337 65993 
36593 9292 
96396 14597 
27958 7528 
29212 72578 
63967 99937 
61505 1883 
97951 7157 
63990 9245 
35611 3070 
39859 64103 
7310 62759 
39519 38183 
82435 90683 
76198 67297 
65339 74986 
69895 39880 
82803 56895 
19105 23963 
71511 379 
49872 54487 
646 96528 
19922 16281 
19552 39589 
61988 74504 
3274 67129 
34906 23989 
79853 65498 
13676 51691 
62394 3597 
90366 32295 
76224 72873 
76634 6076 
66854 79536 
95571 20205 
98006 56208 
25703 49960 
624 34484 
13177 54680 
13557 47380 
99538 64810 
64543 11163 
21949 40992 
76125 69773 
30321 93937 
45321 71879 
31536 4681 
38125 90495 
14793 38825 
60348 88227 
34076 5500 
14842 77345 
23864 72040 
31789 23226 
2380 8741 
63560 92158 
73073 4570 
68508 50034 
69472 64327 
69152 77181 
1149 70517 
59321 76387 
49257 69066 
52132 16102 
28965 17014 
6103 68893 
83062 12459 
40190 76394 
96122 12265 
50258 96327 
21833 31444 
69225 64600 
97444 9598 
71068 36066 
78751 24478 
4893 51204 
66654 30419 
59443 12810 
12025 338 
689 46730 
79481 53957 
95584 63718 
22635 62038 
33562 35710 
73477 26702 
84064 49114 
76788 51246 
83103 156 
6804 29404 
24867 52892 
87852 3603 
45305 89184 
3255 64548 
23879 41762 
17535 90318 
96910 16424 
55785 52181 
71349 77493 
81073 46451 
51376 91867 
85800 46982 
41850 1265 
66198 11247 
72452 19772 
80483 14477 
94241 34298 
638 30946 
36406 19295 
55426 29271 
75149 63883 
27935 99422 
58896 49461 
14814 83209 
54494 8965 
76327 37075 
27521 45132 
6450 16338 
46563 84404 
30471 33346 
6047 95612 
93870 8571 
95151 8076 
40773 3249 
1348 22518 
92824 94945 
26293 19934 
30082 33321 
9052 38571 
44377 92349 
97087 7182 
82522 17367 
78925 93939 
21913 50637 
94138 54703 
24224 7400 
66000 41779 
94289 65994 
60135 64869 
30723 30157 
58479 79609 
92417 19455 
52068 15893 
20793 44601 
98403 48163 
51533 28474 
59614 52843 
21468 40768 
36121 94362 
26425 24416 
37196 30475 
14037 5388 
84577 30041 
1880 93884 
28238 52020 
95765 4636 
64410 43075 
45617 46752 
85132 73060 
17100 59422 
55908 42545 
75972 98814 
13420 64644 
79157 13615 
98816 44586 
41603 81920 
93733 54775 
1210 20569 
6012 30553 
35477 19503 
59965 92415 
92984 98373 
82080 34147 
90405 30381 
37240 3146 
91506 29182 
62781 39147 
28393 48734 
68152 30629 
47273 3052 
16451 94379 
61075 73133 
80811 82998 
69510 31643 
73327 77576 
63487 82517 
77212 28339 
65284 82196 
73827 64751 
68460 82022 
45435 8376 
32234 7173 
51805 86743 
53881 66523 
24193 64531 
89689 69942 
93775 79567 
20105 14813 
73250 95473 
57932 91909 
40143 60204 
79770 52286 
28215 90315 
20388 71479 
19450 84480 
7292 45025 
43238 6584 
28487 50242 
31646 68678 
20289 13179 
50115 87128 
33977 26772 
21404 81506 
90227 76533 
87320 35065 
58448 43428 
7503 38084 
4516 70143 
77487 90958 
34843 96552 
59278 52570 
27364 92941 
56840 81314 
80698 45454 
36175 31083 
31615 77194 
85109 32583 
87909 20568 
31395 11554 
98869 91710 
89432 69769 
38765 56181 
85682 82141 
10124 16683 
20761 43820 
83021 98113 
62234 34869 
74227 53062 
26293 56914 
35782 61747 
98777 36105 
66380 54337 
66435 79797 
80963 40803 
77805 20541 
73987 93642 
29828 80310 
90075 92232 
81009 40298 
72085 4048 
24932 7237 
91128 47636 
18904 25811 
75648 54952 
51702 98634 
47397 26597 
51677 40126 
41011 52444 
81858 8755 
30822 52306 
42264 33250 
13689 76545 
1273 72739 
99809 94883 
7679 28201 
44853 93211 
92998 53178 
16205 92785 
59601 95391 
23735 3986 
64418 37726 
61191 27677 
50246 96985 
98214 21197 
47092 81873 
34884 53175 
64537 7880 
80866 81585 
22750 16034 
49398 2841 
24572 44940 
62733 36262 
53998 61093 
50132 27820 
97432 61133 
82069 79882 
23226 21541 
25059 39515 
22326 86203 
20357 6914 
8242 50344 
86763 57686 
98091 20523 
22824 7916 
48146 4692 
37015 89372 
97068 13772 
65752 43693 
77961 36759 
48632 89009 
96368 85067 
17836 60238 
35538 88626 
24396 75155 
42541 66205 
67850 32333 
69242 85492 
17791 4203 
90664 74639 
15906 48713 
99945 46332 
25339 26465 
83865 47844 
50545 76683 
15840 56129 
85275 75038 
64305 95698 
58947 69067 
3586 68819 
42351 62821 
31616 52541 
42520 1395 
44300 35111 
63528 88085 
89827 35525 
35128 52210 
27922 74291 
14306 73989 
48794 40915 
46226 64382 
64457 34178 
30481 92422 
71133 34982 
76175 50329 
95609 8353 
45084 47570 
80691 21111 
75991 29032 
35337 4820 
55258 19604 
73556 89787 
48802 7732 
92833 85220 
38859 93858 
97635 83082 
15275 46199 
56443 18753 
55528 25912 
91803 30297 
90282 66472 
42050 19948 
92013 17959 
641 36386 
43065 95950 
34431 64406 
36498 6848 
5793 29816 
38169 56730 
75104 1682 
91707 89185 
39936 1496 
79411 39085 
75182 9421 
61549 33910 
74391 91414 
4146 21964 
56744 57911 
71075 57701 
96390 4631 
100 28416 
51256 79175 
4503 63631 
17017 63260 
42027 28821 
8527 59752 
71077 68448 
75826 26092 
70473 29818 
94748 1312 
33542 68876 
33167 32475 
59891 11826 
83111 18234 
58976 22327 
66228 52128 
48386 3042 
65523 66296 
76763 42411 
9806 47495 
26359 2817 
38945 21613 
53468 34646 
7834 80305 
6301 92290 
44851 53972 
19371 22738 
66662 18958 
21015 95170 
65344 63690 
6445 40843 
26126 28399 
22530 76569 
4425 76152 
82516 92191 
89407 49098 
78962 92765 
7952 13154 
91403 99461 
77704 96798 
91610 29790 
776 85208 
33771 97303 
730 39657 
79522 93735 
44605 73933 
48489 42398 
59055 34428 
3827 40655 
45075 98686 
79246 41435 
19300 28319 
29077 58977 
61575 86566 
36187 22418 
28212 58183 
43873 42291 
98324 89935 
87350 99668 
56620 3650 
88047 15420 
80213 20592 
39648 7933 
89301 75883 
58648 1659 
41946 94749 
94187 5973 
1767 48558 
92015 44071 
83974 7944 
85658 75043 
89983 62740 
44200 18732 
73754 84027 
40595 62629 
44036 62273 
16987 2818 
95839 67373 
14247 46850 
81781 41341 
1809 85425 
79319 52448 
90829 21919 
83456 10832 
38792 34003 
56127 69878 
56940 30029 
93305 15146 
13212 54308 
28726 73161 
82877 90089 
79211 56092 
36630 6756 
50693 95155 
71648 98671 
66360 5508 
84960 67069 
48718 68493 
60423 3572 
85947 13250 
90750 44102 
39525 29058 
84200 75389 
4949 42194 
11927 92752 
20239 46667 
36450 27475 
27967 86879 
24282 84825 
35719 52085 
86511 59692 
87167 57442 
9955 25761 
51354 54543 
38481 26334 
61321 35486 
39193 30106 
84860 68866 
41399 53620 
89982 33515 
67635 93621 
75576 96372 
85461 57139 
73785 14580 
96399 24918 
94783 28680 
44039 34650 
76912 53780 
67236 24514 
25566 68560 
46282 34615 
72726 48253 
90010 24196 
65723 86977 
90050 25864 
98586 7302 
24774 24579 
32242 60456 
29948 18777 
10869 79289 
65714 93764 
70868 57922 
238 13382 
56203 96952 
99212 14968 
99262 71149 
57377 74746 
99940 47772 
33308 96033 
37287 7953 
51965 61065 
77873 1032 
20816 78686 
2910 92287 
64849 54832 
62214 48223 
23365 10463 
77263 40355 
67169 72480 
57859 38413 
88636 67174 
67362 6908 
89091 52886 
69942 15246 
38041 38792 
20004 20847 
7016 50132 
8701 87191 
87140 16680 
65356 54283 
84004 80909 
22674 87693 
46027 45025 
93756 94187 
23201 1959 
76233 6860 
71982 24379 
94238 10780 
19028 17937 
12475 1337 
71635 80197 
8296 41793 
15885 45097 
67493 13994 
74913 34265 
77408 36746 
9156 81182 
27025 60075 
28036 41898 
87825 30380 
48269 56909 
41520 61455 
77830 82812 
41155 39395 
26575 69449 
40615 35631 
44621 18558 
4244 1610 
67819 23278 
13048 71106 
5970 54393 
16880 1720 
43961 28807 
43031 45786 
38523 68508 
60827 52757 
84121 34164 
19081 70050 
90240 96471 
18713 27419 
59404 90535 
56333 61117 
80262 83801 
76280 58395 
53383 76435 
98365 80371 
48692 44552 
46518 51834 
52985 31329 
89516 90255 
3542 88795 
19192 83092 
19576 73954 
33753 12408 
37132 6904 
64289 68906 
24980 5776 
81069 93657 
9182 23511 
42880 35125 
62216 24935 
7453 11528 
18882 59047 
3940 24149 
65715 1094 
79424 75894 
13194 61746 
70616 11210 
781 86569 
19172 8426 
3665 97998 
44479 23638 
7060 64136 
11291 6458 
88995 13961 
81256 82250 
5782 56908 
17150 22936 
5649 6292 
16579 9009 
5557 50661 
87889 19074 
53763 64928 
45248 70088 
66459 4020 
92083 71358 
70617 75762 
82536 48480 
7199 46870 
99065 39546 
48935 96148 
61043 65294 
65127 92408 
83940 27300 
22285 41089 
41620 93885 
43842 13208 
45301 92096 
64840 43028 
41884 35948 
8164 56696 
51662 86038 
77761 73113 
10816 53723 
11257 432 
57620 34239 
59482 36831 
2995 77452 
63631 72577 
55767 82388 
82142 81914 
30949 32225 
78831 87944 
55371 70161 
21453 81386 
99157 53355 
55540 75029 
3828 12100 
12249 79659 
48215 84434 
80897 94390 
91916 92618 
26994 14565 
62675 77188 
64761 73798 
8855 6757 
99512 53207 
21085 37301 
39717 10522 
38198 3348 
41196 4528 
91733 85320 
86569 16147 
10561 12204 
21984 96489 
2614 26801 
70094 4331 
54209 62001 
13336 30733 
39145 50830 
94828 46864 
9521 20476 
15507 52650 
48130 1057 
15632 48443 
98338 13583 
16361 99706 
51495 88390 
62826 15544 
64220 5257 
54006 15953 
98319 39485 
66636 19777 
24619 44416 
80506 45586 
8661 171 
90737 81130 
993 10846 
48937 43458 
87703 37956 
9647 21473 
17865 16613 
71060 65428 
13740 12753 
89736 63728 
86856 44637 
17866 26452 
28502 9964 
58628 77088 
16694 31071 
60266 39276 
83358 55065 
72746 93678 
15226 23125 
72191 71661 
19889 53827 
17778 47049 
74443 68978 
43362 84997 
88368 27328 
1827 7894 
54533 21414 
74006 42216 
32642 35882 
25998 17379 
7978 61831 
48770 97888 
94948 11024 
42213 43475 
9720 76251 
12109 8390 
19174 39715 
32990 10687 
84389 39983 
92415 25042 
56076 69871 
72979 78573 
46639 92572 
47141 58098 
98968 31395 
56999 69425 
95578 9686 
26194 24482 
3408 91820 
4357 70534 
29332 3563 
75872 17164 
69389 90727 
74200 61401 
70740 8672 
30580 59060 
89544 22065 
51685 41299 
20207 34235 
64631 29353 
91899 58522 
89714 57574 
76729 90228 
1365 75123 
30674 37074 
16007 60074 
93099 18522 
1869 46171 
3652 49879 
40281 32101 
56321 85802 
80555 15943 
99632 9624 
21301 73267 
9230 19886 
19868 76425 
4487 83489 
78558 34657 
54361 96118 
81388 19916 
19328 14864 
58359 31683 
6049 5440 
35586 45556 
69308 76947 
89069 85015 
81808 60810 
57509 53519 
6571 27385 
85299 64994 
48975 23592 
60649 14732 
35857 58082 
85785 39898 
67664 56567 
66275 29044 
16292 59313 
34727 53470 
96019 35197 
30478 9708 
17872 42308 
41360 82090 
48798 73794 
76208 57086 
36149 89411 
77526 46977 
25303 48227 
2559 9453 
93647 25986 
97990 81821 
47659 21799 
68579 83803 
81522 33196 
93299 81236 
75471 5963 
73853 44540 
19969 45797 
9923 80408 
87876 12479 
83144 62944 
40908 4083 
97449 41356 
48984 78691 
67346 55308 
21455 54141 
67611 46167 
97757 72533 
58014 12634 
21694 15529 
74892 22625 
28312 8925 
37744 59778 
5275 60545 
53495 52593 
51674 34190 
13665 6934 
46334 74204 
70420 38571 
55012 60137 
46302 81349 
51272 89086 
79437 28797 
99334 54448 
31092 52161 
48901 14172 
85701 26288 
21703 19008 
54798 86246 
27461 1833 
55790 32221 
32949 12830 
74103 97973 
22046 22091 
32920 99026 
26923 1192 
88644 80744 
80932 38306 
42110 93606 
42291 37659 
5749 33225 
64338 3426 
95059 96047 
42884 10597 
19144 18150 
54132 20940 
29504 84234 
7639 10846 
48902 16586 
77992 39677 
42820 79746 
46113 2179 
14887 65558 
76547 76582 
4628 55432 
80620 1192 
40970 91920 
66999 86628 
58186 30045 
60985 98258 
12281 80362 
81768 23986 
45315 345 
2934 76207 
32751 38443 
85636 63604 
14629 86039 
66149 8341 
55230 46543 
99951 77336 
97850 87968 
12977 42451 
81427 5628 
87368 83752 
63947 84918 
13841 2466 
53950 20709 
75667 15781 
85887 19452 
90345 64374 
87706 82895 
24150 75326 
79754 48154 
12091 88061 
12928 37919 
61143 68982 
1000 56670 
88241 11695 
27097 54051 
46107 44004 
7602 64946 
19815 40319 
78018 27254 
34889 68678 
24879 73047 
3763 85273 
25327 86508 
51610 26203 
71748 22943 
4806 36088 
52679 87166 
95724 16269 
33170 76666 
36085 71510 
27901 5253 
37748 83423 
88562 36218 
14608 41272 
33355 70584 
82189 16412 
30944 55625 
82533 75266 
13800 1599 
1181 87600 
36570 20522 
10286 1758 
13994 29799 
67344 26633 
69824 95671 
22542 81282 
3324 26688 
39388 47474 
33144 65790 
13080 87849 
9710 71094 
78968 72955 
96734 20095 
39516 94128 
10069 19770 
2311 25982 
67832 55928 
13959 42217 
49582 69162 
95138 81543 
84304 1892 
30569 6665 
87051 21239 
44378 98650 
42323 85847 
96061 81372 
88596 91271 
65208 76360 
92905 98190 
54158 47016 
16966 20444 
26926 3017 
67060 25782 
20015 644 
88727 81209 
6171 92848 
14331 56941 
65614 54062 
96593 88254 
21012 29066 
64486 82862 
22173 32681 
19164 52983 
24416 57610 
47119 45879 
90554 31443 
65338 44400 
60614 670 
28941 9950 
75712 9470 
25668 44291 
12877 84126 
53510 53745 
86186 30089 
27915 9577 
96223 98059 
93186 11754 
64644 77859 
19082 79758 
73566 34464 
48051 13775 
40513 9250 
21175 92309 
98824 71300 
51583 98197 
20701 18608 
32973 93938 
15504 97029 
67836 99455 
59416 26054 
75066 60588 
64272 94787 
89898 35053 
73124 18951 
418 64077 
78038 30307 
74390 42544 
91632 3578 
17742 48267 
68053 12760 
71765 41855 
61335 48669 
99927 2649 
29551 22637 
37192 23357 
41627 27428 
74807 46233 
20439 25823 
31770 87058 
60502 89690 
20515 59651 
91561 17995 
48843 83318 
20354 20845 
12705 28332 
72036 68493 
25193 30478 
69993 69188 
95903 84671 
38212 57796 
21862 9781 
83901 48316 
76243 62066 
19716 27753 
84378 62993 
14723 46218 
57871 98713 
21154 88705 
17141 43106 
10037 97711 
70263 54058 
62944 52630 
31752 93506 
9390 1846 
58743 25792 
69817 86473 
54026 56014 
62641 90929 
35448 80277 
60497 4779 
99480 33176 
35603 82810 
13019 34298 
17070 45782 
52043 55198 
94023 73059 
68274 51032 
37568 90 
5762 26919 
81897 48690 
8140 38119 
274 86104 
54268 55206 
35142 30061 
35096 60731 
93268 91309 
37770 82170 
96645 72594 
34403 7532 
87731 23585 
82335 74584 
23702 84961 
30383 72407 
58514 41673 
91230 44906 
3855 45362 
84011 39865 
80509 58936 
73082 4285 
20155 22558 
29088 87004 
54305 39561 
16634 72948 
31859 33279 
69261 39915 
39676 31339 
46842 98355 
61579 92654 
83156 47437 
396 4161 
22106 56516 
4895 39314 
9882 60138 
88908 88378 
57372 36863 
3456 41792 
12184 27414 
24356 32156 
82898 36054 
47574 17869 
39502 50605 
42499 21976 
73424 11120 
99338 23513 
38205 55016 
21022 35416 
7534 67325 
52249 93038 
81264 68721 
8758 20351 
41957 81147 
68407 37131 
14629 21061 
12339 19719 
10588 83761 
59258 30394 
42582 98709 
18792 85989 
82985 55415 
915 45021 
99316 22209 
57592 54475 
42109 6092 
73 12281 
79031 30861 
30690 69631 
66075 42851 
51529 18419 
21786 88859 
64032 83474 
23681 49230 
53331 66629 
77387 50559 
59085 70275 
18475 27109 
70557 61745 
94581 47788 
47885 26649 
41129 76422 
63758 99276 
7801 87052 
80119 51199 
14889 13105 
23065 65438 
18757 69572 
95762 22846 
43860 50673 
73984 79817 
95113 72006 
61788 21988 
98893 95819 
45891 37305 
33525 50767 
76451 63623 
849 33425 
19248 30957 
59314 57820 
69685 36590 
85988 1365 
92544 62390 
60022 80851 
53102 68053 
63266 80512 
34994 71390 
75139 45700 
98131 57379 
98295 50319 
15994 41351 
89236 43940 
45804 48549 
83737 85374 
27358 62186 
809 73509 
76696 35237 
80892 93323 
39353 57364 
64060 5265 
94554 17706 
42255 19539 
56543 6697 
25910 13375 
2111 55651 
49792 68947 
64453 21531 
5493 32413 
72612 86148 
28724 20370 
83088 53976 
88408 29067 
45569 824 
21557 33818 
68300 46812 
32981 1339 
250 1408 
32148 76077 
27029 55719 
10816 43137 
85424 77803 
74558 15019 
37437 467 
28895 37139 
8889 77806 
86460 57998 
89942 26711 
5489 63829 
15270 62627 
91875 34745 
90180 85019 
97155 39591 
5634 67352 
22990 50139 
89889 58798 
99070 21749 
77416 10478 
35834 57237 
36760 97727 
65990 43457 
88186 21668 
79572 25987 
59242 38369 
26069 66306 
71756 81866 
4185 7968 
27342 18578 
84841 63561 
60160 94915 
16298 22586 
55410 17356 
41588 71913 
90018 34811 
17928 15103 
37948 76796 
65404 74622 
96783 37744 
87908 61875 
34446 87748 
3182 3963 
25417 33054 
90769 23224 
44258 45861 
16814 75855 
10983 32259 
22820 69295 
37549 9621 
71864 94558 
7688 20277 
30224 29321 
33309 17050 
24970 90343 
69879 17998 
58803 39664 
40462 42685 
82254 78013 
13518 10341 
20361 91041 
3085 1491 
25998 49171 
11646 58928 
85287 310 
15748 31345 
31856 36124 
2358 43537 
36183 57215 
99993 10730 
23858 10320 
12786 1452 
42321 21481 
57968 93280 
39490 3196 
27638 58861 
39651 70642 
44234 65818 
2090 62339 
55776 73443 
26164 24007 
21748 61532 
22856 80846 
73367 32289 
7348 93138 
93062 84912 
79701 62773 
47118 74280 
51519 34240 
22728 30119 
45244 12565 
66116 31085 
39784 2858 
91936 99390 
61192 61358 
35773 5906 
20409 36253 
51411 53155 
81378 68044 
12409 34112 
2344 13876 
63559 48482 
30727 57985 
81984 94906 
47694 71303 
49902 47495 
52406 87274 
11486 68164 
47871 68037 
84810 2421 
40439 45426 
26500 55590 
93224 34567 
1532 48884 
80030 34401 
93472 10315 
70891 49067 
1568 64105 
42885 86831 
10178 44103 
50641 19136 
83373 71634 
9775 11359 
32924 6278 
43485 68957 
31424 99273 
17628 77980 
93981 53541 
42810 57280 
31655 21806 
53397 81255 
87779 54787 
82796 76605 
4286 45202 
41976 44315 
29370 90 
73904 8973 
70055 13914 
438 51529 
13685 7985 
174 38732 
90870 47919 
55847 22727 
29083 50176 
88119 47693 
50894 41146 
48916 66878 
3729 37840 
81968 43052 
69088 77922 
70783 78109 
88302 38632 
85033 93474 
59213 49091 
5155 61944 
3549 18565 
51956 73723 
78322 74424 
73104 4682 
6215 27879 
41610 43240 
29745 62993 
2761 23767 
51842 75060 
65414 9048 
11591 68111 
71197 62080 
57971 58131 
90835 48387 
26777 18516 
90731 14006 
96259 47371 
84829 91452 
95607 32412 
36954 96202 
67017 38599 
7002 89647 
36903 46022 
40714 925 
34695 21156 
87248 19722 
8722 13289 
91346 94833 
27830 29731 
47630 99205 
24662 58367 
23399 51142 
31963 74177 
53272 13508 
86770 87540 
84133 28023 
29047 66448 
2029 80092 
1080 92214 
4052 31147 
61867 88802 
87690 100 
66788 99619 
17727 23242 
26972 72412 
96502 72831 
55083 52861 
7195 68586 
24656 80523 
21750 73458 
18642 26971 
65181 25292 
19482 15298 
6191 19365 
97821 12582 
419 23306 
89879 92491 
47076 75518 
14535 23883 
32332 90987 
70325 53089 
23557 74234 
69868 12486 
47343 18171 
14622 6065 
31218 49758 
86405 93849 
14074 68603 
33800 21380 
33511 13029 
61320 17892 
79710 79639 
87138 17378 
64855 17031 
21220 40453 
94778 12087 
29841 11707 
45174 88110 
94780 77218 
38627 38108 
45874 29920 
90624 23663 
44158 46767 
42852 80036 
19477 90881 
30288 81580 
21236 34385 
34946 38029 
23875 13131 
63600 11821 
39677 33263 
49437 69438 
30692 11344 
18260 5543 
78829 44743 
78777 7776 
68595 77017 
93413 62138 
60483 44243 
61249 34185 
84675 62540 
97851 99606 
64510 44501 
28156 39293 
87086 12776 
18006 58612 
74380 12782 
57561 38345 
72456 13301 
75504 75665 
68591 23685 
6841 27501 
66582 49442 
59033 25766 
99015 54191 
21321 94201 
31936 95249 
40312 59947 
22182 52601 
41255 19468 
20477 76546 
8898 88075 
74513 37989 
54416 35060 
75310 77208 
85629 82318 
7523 11824 
66568 23349 
9687 82788 
99436 1659 
24003 88396 
87075 72821 
16874 80646 
37319 62858 
81205 75691 
51921 27091 
89405 60729 
2232 8241 
52034 63342 
31408 90316 
51226 86115 
38648 45708 
60280 99320 
94787 76904 
31253 27498 
10582 61369 
30882 61985 
29097 18407 
31862 80720 
41814 30168 
21265 59141 
34477 65491 
70815 11514 
53099 74909 
24745 10753 
43212 47861 
154 96594 
56120 49073 
62032 96938 
34784 80056 
30564 55221 
88948 43798 
1835 77897 
44184 25979 
14727 90399 
2784 44435 
76594 17413 
85767 60068 
68185 83842 
34734 87062 
84353 66560 
39902 87997 
31221 13833 
26397 90339 
92779 89264 
74681 14790 
280 90149 
73023 63107 
86361 36361 
99968 73250 
82444 25157 
13012 13116 
22790 99778 
76038 50582 
51469 85248 
92511 7268 
89540 3499 
24078 76108 
8918 91738 
64884 58778 
76667 12937 
10818 57963 
78881 65375 
9821 41627 
6842 69366 
4551 81664 
89818 33605 
81839 57717 
88629 81044 
24815 8438 
22034 44716 
22956 7098 
84029 27679 
32997 36204 
24293 58026 
99293 36673 
6308 59863 
36127 11096 
28107 4234 
46379 67771 
89109 131 
1127 2428 
13187 35092 
32909 27962 
92884 77274 
1783 78969 
2603 6520 
77744 37532 
39651 50552 
45701 49449 
91143 64325 
79893 25977 
92093 5444 
53515 55157 
35401 26651 
46262 78939 
18007 27585 
87618 27548 
59105 82300 
26930 40947 
6142 86513 
52666 48723 
52200 49074 
92708 24370 
24409 85886 
15146 77700 
67204 61275 
14765 99969 
36507 61796 
14242 30345 
41351 80493 
31069 69434 
17965 35830 
61296 25865 
98037 48846 
9421 45301 
37620 54505 
50104 37746 
6085 28783 
41838 88645 
95546 71739 
25331 12041 
342 98617 
30058 79920 
33452 55976 
81298 40876 
92127 97913 
46936 23368 
58558 28622 
88418 4089 
23050 41876 
83474 10350 
46980 65423 
69532 16871 
40702 48886 
16289 92026 
17612 17432 
73426 46318 
99746 50300 
55243 36750 
92555 33201 
17785 84770 
16929 76697 
56036 72575 
85077 88839 
98852 92837 
33504 39664 
7501 40273 
81146 57585 
90062 50000 
63614 53303 
28383 7238 
5530 75519 
76903 75674 
32121 64573 
33363 17686 
88491 85071 
291 8631 
30422 86614 
53091 79519 
74092 62955 
5704 57663 
43742 54207 
17991 13263 
36122 64180 
20356 61389 
28449 45490 
40613 13464 
92660 38762 
5662 20086 
42874 39083 
56291 97929 
35296 2794 
57275 87439 
60181 765 
6868 45205 
14022 70514 
49952 35097 
16786 18829 
77264 45689 
43806 78991 
49512 27935 
74842 32278 
19649 16757 
23870 62102 
39162 72897 
2310 20977 
24983 57306 
85686 55409 
32441 29331 
99134 51925 
26687 42090 
10699 38598 
70068 93682 
23023 771 
46223 81255 
83808 47116 
22938 96461 
93371 92725 
15337 95455 
73599 9635 
48551 74354 
76823 31993 
34729 81936 
55369 93004 
73122 5385 
82998 13897 
53924 71991 
17936 61307 
96655 20002 
23898 38796 
82113 5160 
20266 80690 
43233 25998 
15504 71963 
64709 70584 
88925 26580 
3791 10141 
25084 18563 
85411 90889 
72367 74943 
43652 4408 
92725 7855 
78516 48998 
93091 84224 
72070 29724 
80609 5778 
61266 83257 
63663 99612 
96063 55076 
28538 47 
20982 1272 
57628 36255 
5790 34916 
19237 26909 
16755 87843 
51326 23087 
63750 12723 
81943 33695 
80462 7382 
77636 13894 
95054 3631 
87794 96310 
26863 26217 
57642 97261 
1044 94004 
15540 35800 
7564 5162 
1262 62047 
43531 20845 
91088 3140 
68586 37748 
92841 18 
71900 18947 
29394 26380 
96330 34505 
2722 52292 
90362 48657 
32223 39293 
61686 78684 
90822 31227 
87620 42156 
20289 35662 
97058 3815 
93218 74389 
76199 31137 
3296 18349 
66078 68485 
7763 12260 
13723 43782 
16379 37288 
10760 28733 
19746 56299 
3392 83920 
76491 35537 
85868 33439 
33619 39023 
95939 30258 
37219 47537 
15266 93125 
1791 62727 
40311 18580 
45564 18714 
30014 97526 
66521 38501 
55363 94800 
29198 40563 
72966 82341 
55916 22172 
19813 51761 
67711 20361 
79651 70559 
55 78819 
2735 87674 
26357 29644 
70193 38730 
58244 32498 
81846 49078 
55834 592 
12035 83591 
73438 82820 
21865 46226 
86593 64458 
38244 89430 
94821 95019 
10195 53778 
71199 51185 
31141 21578 
34582 95157 
72204 34686 
53266 94359 
6048 96419 
49881 27099 
13370 50179 
66475 10619 
54896 3316 
66047 52903 
60549 43724 
92185 47685 
34470 78831 
81993 3269 
99635 11858 
29173 20134 
9056 58643 
23892 9676 
31888 99785 
53989 77067 
82253 57542 
38106 74860 
96171 84620 
75473 70805 
77719 52904 
39405 63273 
29393 34181 
11921 20763 
53610 72018 
55476 18148 
62391 54218 
44439 91630 
60485 8680 
33737 36833 
73547 61953 
24987 30007 
77444 19425 
1493 61019 
47383 48854 
42628 28635 
86249 74791 
95414 63505 
10412 20496 
76511 12366 
68220 66017 
1391 38148 
41506 26433 
89087 64994 
33642 92553 
70747 24632 
79043 17949 
38080 41122 
18473 80775 
3852 24693 
72115 96590 
10741 32165 
8106 9307 
17132 91456 
48036 41359 
8873 80667 
72952 41320 
34503 98503 
93439 27478 
38175 62042 
25615 89218 
69240 20336 
71219 74594 
80392 77906 
34416 62091 
87297 80849 
20585 87326 
51804 30120 
53037 71329 
68095 51481 
12487 76042 
76571 69690 
51057 94788 
3791 5660 
57695 70759 
28431 39680 
55127 24892 
3046 61200 
89773 66056 
19289 56251 
35574 51077 
90310 67282 
70241 59885 
38199 96989 
98175 51951 
16629 17663 
88162 74181 
69259 90658 
65886 97568 
23006 96751 
51452 70149 
41934 27508 
60283 87207 
22317 90187 
92144 96135 
92322 34293 
17480 73049 
90806 16580 
32897 30950 
38879 83128 
98290 45135 
85167 62028 
87008 10562 
1120 28334 
77402 77999 
26246 24066 
89191 51025 
14813 90410 
21329 64373 
15349 96694 
79382 5549 
22169 31263 
89897 86348 
74204 53105 
86858 18599 
40568 89852 
21040 99377 
24570 7772 
86904 64907 
38311 72378 
83675 29524 
48517 64528 
27323 86300 
70932 16159 
8403 9338 
95392 82272 
47038 64220 
56573 71334 
30829 2747 
26491 14957 
34051 90839 
93947 69539 
7232 94366 
13436 7484 
95036 26657 
51401 73688 
87389 43600 
31302 54163 
33822 57460 
80590 28009 
54291 28944 
12475 51353 
61032 88554 
33290 52467 
65519 32863 
52287 954 
82152 39145 
84851 50720 
56068 42642 
82423 46367 
36282 24758 
92812 25749 
87350 67608 
53126 47572 
82850 40599 
44202 22295 
52177 98096 
90213 26967 
58540 83734 
70023 40258 
70459 56567 
17914 42603 
51716 76989 
30453 88183 
35406 16259 
63561 70461 
66584 82448 
99266 70981 
94985 87762 
85125 2407 
74386 17455 
999 31031 
78403 98912 
87630 91468 
73868 11000 
79368 86790 
2387 18396 
19462 1067 
8306 63382 
461 38068 
17009 98443 
64572 39865 
11332 97039 
19219 32090 
75845 37020 
71607 88841 
78858 11443 
62714 9507 
40219 84891 
85973 52257 
89334 79933 
8753 74476 
52296 47958 
75851 89146 
19620 51403 
63308 57964 
36800 60254 
68181 6962 
28740 44706 
65307 68410 
16114 27996 
35624 24041 
6770 48692 
72278 48888 
48535 70068 
528 32505 
11143 65745 
5382 84909 
24435 5347 
46906 18243 
37624 61739 
57344 32009 
80117 62245 
56440 19639 
98227 10269 
91787 57253 
14110 10868 
9537 31642 
3329 44079 
87505 13807 
15680 43179 
17439 86871 
70271 51561 
6175 92708 
40315 51553 
76414 70343 
5678 81217 
87023 20986 
91968 81120 
60038 49511 
33794 41977 
96975 260 
96788 56287 
90580 26218 
68079 12266 
89791 4970 
78151 6814 
55520 42231 
48341 95705 
52708 84369 
67713 43867 
60199 94978 
90663 86342 
44102 37419 
12280 61401 
32619 45145 
22405 31300 
50694 54741 
61246 63290 
21428 22756 
99525 3733 
17800 46748 
44373 41586 
53076 63397 
28501 23983 
31157 2108 
74674 56299 
39179 31207 
40115 91828 
53827 45675 
36159 92079 
50101 10278 
87364 17705 
46709 90031 
41226 92209 
95766 71126 
64763 65814 
26158 99776 
67445 95285 
79716 43841 
71305 46973 
37237 12713 
8514 24982 
17444 54582 
64349 24137 
46125 87059 
99139 8281 
34991 7046 
76694 18448 
80171 68832 
98622 22581 
88848 15559 
94110 28731 
69141 98552 
42901 97040 
73171 21415 
15591 2305 
66147 1388 
99829 18583 
5311 49126 
43591 20012 
51797 29910 
87441 17930 
5697 84202 
76517 83356 
50059 53564 
39981 36058 
13074 79114 
734 16633 
9371 14033 
31458 96478 
1111 19079 
4361 21948 
27505 90605 
91494 33716 
87397 4305 
60107 50014 
23708 44703 
73220 53398 
50853 30339 
49433 74614 
86620 37710 
58007 24318 
98547 73153 
25280 83627 
51505 41234 
6776 27886 
47958 10617 
35656 24499 
85298 83946 
92668 15351 
15686 36997 
55330 67056 
82980 4142 
74824 48176 
28628 52116 
97898 71548 
3811 2166 
98065 21973 
98644 31814 
5500 74814 
928 11825 
28207 99371 
26709 11365 
38442 32460 
22815 34955 
57799 2221 
27589 38468 
11988 79936 
90180 8262 
42050 38528 
91046 77476 
52603 410 
76742 96585 
49689 64484 
20581 71485 
70883 12326 
47440 31728 
38550 7019 
15744 93932 
73480 14532 
32594 40985 
90629 97239 
89019 46343 
61238 51878 
41518 34522 
66390 90151 
33302 83874 
85852 89168 
44114 45731 
63077 71063 
80981 75273 
62284 6359 
73953 43716 
86807 74055 
20650 28921 
59213 52892 
31361 62045 
73193 62899 
62451 41580 
14789 24060 
90030 12909 
16291 49838 
68076 51493 
49946 47285 
35663 80820 
90605 52593 
86439 2478 
76550 91210 
90179 15010 
75934 15005 
61034 50654 
22641 35487 
99973 64647 
19829 41696 
99990 70441 
22034 64156 
91775 26027 
97410 22138 
24853 41473 
40553 70507 
24602 95871 
53323 44530 
39088 23069 
36152 86310 
91322 49876 
35600 24854 
82336 47895 
75199 73309 
48357 90654 
56179 1526 
61440 91468 
52180 39864 
77028 34204 
37861 71014 
74239 99131 
85096 70648 
5059 29055 
32463 64818 
67166 77151 
83814 82263 
41771 27225 
19931 93208 
92653 79568 
13639 42689 
5455 51129 
23190 6107 
57366 47449 
1373 17449 
46463 25581 
98476 46503 
77273 82183 
56124 30376 
94522 69038 
85942 96795 
80584 59442 
2137 51875 
83789 63207 
30277 43452 
24551 15485 
45905 52578 
34160 45180 
6124 10379 
17163 62400 
24830 85272 
92354 91218 
8056 36379 
59749 13966 
9698 82995 
61278 86333 
89866 97109 
51489 28746 
58237 86195 
71206 98812 
62953 96914 
21878 2067 
42018 36832 
71264 3812 
88559 80921 
82125 63529 
93968 2327 
44761 25184 
23625 42811 
11528 61665 
48765 17236 
76856 89647 
5035 28624 
19835 42419 
73364 55548 
28109 12465 
82003 62019 
51589 53066 
9946 71499 
92394 58770 
31389 41359 
23504 28213 
78532 71777 
42722 49661 
15682 84023 
10860 39529 
11538 7034 
93468 7225 
68442 18328 
23943 15852 
17537 95570 
32537 57626 
16950 48455 
40555 65288 
96492 17102 
1956 36388 
76837 42775 
85585 55970 
53722 39490 
30446 65036 
78460 20957 
73692 37102 
84877 66321 
46450 93204 
9785 40249 
56075 6936 
29173 18241 
25165 25386 
85546 6331 
37381 59315 
13167 85926 
48075 76440 
77448 59119 
53747 65432 
32326 17570 
78503 25003 
65174 8929 
27993 72436 
42665 28806 
81702 58954 
92963 23363 
42994 25534 
59712 47926 
43006 32067 
41534 90336 
99227 45228 
87071 34301 
62540 75982 
50103 7619 
47529 16316 
21846 32897 
30016 36659 
48279 74292 
13065 70321 
9189 52764 
8133 29431 
82586 84501 
51534 67962 
43250 82403 
78093 31815 
47395 48901 
3618 13332 
36773 79891 
25739 58203 
55016 94187 
38701 56401 
6626 660 
71852 85601 
4722 16094 
3861 65506 
47517 50817 
75100 24521 
35474 86263 
19164 76452 
91164 78904 
61173 54202 
72106 38359 
85263 49874 
73186 43975 
56607 66275 
99740 83838 
94325 93493 
54986 22891 
30814 86026 
26198 32741 
60302 30920 
72880 44723 
74849 65390 
17165 19926 
9559 23631 
11744 65148 
70403 66824 
13891 62103 
97874 77770 
25450 18734 
27562 82196 
68173 96090 
44826 92405 
51345 12003 
94833 55826 
54400 73655 
1592 30895 
91047 45157 
69958 5829 
43416 13355 
93159 21991 
54823 75373 
65036 62893 
47978 34749 
977 22326 
91811 59537 
4452 70637 
74558 25383 
77055 96927 
53352 39322 
59156 16686 
41277 15936 
5536 99390 
61706 56502 
45777 88606 
46709 63915 
52743 58360 
81400 11378 
44112 73843 
99349 71294 
71734 1959 
15494 2223 
11491 47797 
42491 86482 
52358 76797 
74017 8625 
97543 19183 
34285 66018 
32855 43213 
86844 6628 
87871 26809 
67752 96376 
13991 53380 
58275 28553 
30155 6919 
40499 1276 
41755 43922 
85590 5391 
21202 75243 
8920 84891 
49640 99676 
88838 54674 
58452 92885 
86644 86334 
76504 70243 
24124 1682 
84458 10197 
71988 45828 
1049 45976 
77676 46913 
77860 7782 
14184 7939 
58918 25028 
62931 17682 
69362 78761 
53155 12264 
33433 28119 
67927 66749 
86237 21442 
92589 46975 
35986 42654 
25265 5868 
53856 36544 
91093 65591 
17101 2826 
1887 87138 
7784 48102 
81181 92385 
74183 37366 
30966 70062 
94939 92203 
50866 66813 
46963 41550 
33147 37188 
67334 42694 
47623 2349 
16672 55135 
99418 46239 
96918 67993 
89483 60120 
49932 52841 
32876 31607 
65040 38157 
93037 62740 
53407 79032 
71646 93113 
5034 26336 
53093 98717 
30215 83232 
40232 34917 
1454 73759 
33775 92839 
54113 38118 
1551 42476 
74481 12397 
55819 42923 
2493 46631 
6927 10429 
2989 64432 
89825 48314 
14167 69847 
66297 59313 
64824 62686 
90242 80536 
62997 32240 
85921 3989 
97778 61135 
29853 71470 
63361 85993 
45823 61676 
9798 29668 
19509 19464 
48469 40980 
14267 12483 
91926 52215 
22897 38759 
87566 92080 
21506 50325 
12503 72391 
1097 2619 
33014 437 
40086 87116 
96142 55799 
46692 55561 
13279 10338 
43963 98137 
15987 63129 
92210 95078 
12847 8320 
43695 21450 
52777 53194 
2640 48228 
5061 56170 
19991 49278 
99223 60044 
86818 93512 
28926 54441 
2861 74209 
13234 13302 
87418 3392 
25867 18137 
68650 78142 
48471 95858 
34337 7877 
77479 71202 
52211 76851 
15788 58057 
71229 4540 
10270 91453 
96487 58056 
54037 32543 
89950 65373 
58420 62603 
86769 75906 
13781 18869 
32693 15859 
569 15005 
41895 89747 
82417 32034 
46564 86665 
11653 61767 
59645 60078 
4218 34089 
378 63336 
95793 61878 
38622 39581 
73836 92939 
98420 84378 
91273 66976 
23855 22114 
6746 37492 
50972 63137 
63594 33408 
48413 37562 
15177 3289 
86328 33845 
27653 6224 
68286 5435 
43028 87767 
14097 47240 
65029 6736 
12796 85100 
38295 59281 
74550 66134 
27421 80290 
97808 85540 
66511 89033 
33760 36340 
42233 85890 
74008 22540 
93733 53 
9330 33329 
61332 34318 
7511 36168 
92575 52362 
36448 10019 
18988 6378 
15061 6466 
49814 8467 
9052 96086 
90024 7923 
1099 30228 
79078 48322 
55861 24180 
64173 43292 
68950 46758 
67137 27904 
36046 83449 
77673 13803 
3413 25500 
7299 533 
64292 25747 
68113 72939 
46999 53428 
98455 45088 
37 74931 
43532 94874 
17102 85093 
13254 70247 
60635 14629 
81814 37975 
36353 43209 
63950 88910 
43225 54867 
1362 9917 
73431 82673 
19421 81927 
65050 2957 
69092 66063 
16601 55916 
51890 95280 
57018 89025 
36754 97738 
27228 42458 
16844 39861 
70251 21576 
21588 92044 
45553 30577 
94687 87985 
80394 73487 
72345 69852 
45978 63974 
47630 85775 
99452 23811 
86677 33622 
64145 91320 
70337 25569 
29914 5794 
70919 81674 
43051 81585 
37842 47475 
20940 36491 
58270 70570 
70491 93033 
79256 64229 
11365 28361 
26403 32231 
5072 8777 
30774 28491 
69294 8251 
80500 77442 
13077 76784 
46503 86718 
63053 94147 
92749 42383 
63437 17218 
70624 88754 
23249 5082 
14302 59813 
53088 85013 
99399 47279 
80733 4603 
714 61573 
59961 575 
86553 66268 
90191 3166 
16887 44023 
45888 86484 
70528 82577 
74176 69879 
12522 53076 
