67260 44967 
23348 60785 
46919 5568 
43158 25234 
30483 61332 
41240 60597 
55241 97517 
15595 99941 
69520 16039 
14003 36 
85738 87351 
21309 29643 
83558 33172 
36373 95536 
87205 35701 
65500 19167 
78581 66753 
73368 13657 
23565 31088 
74709 802 
82694 22230 
20461 50771 
49446 96209 
30582 23442 
9388 78893 
52443 39570 
41716 35967 
78448 12485 
91041 51122 
39472 26521 
21752 77646 
1726 57132 
29893 51345 
33833 89414 
28197 78631 
78166 6726 
38783 42601 
55926 89155 
24987 2043 
58960 82769 
68897 93606 
32992 74916 
54390 85696 
36713 38259 
46802 74199 
69093 86822 
69852 54758 
93312 20994 
68031 54065 
49867 25276 
8384 53520 
43696 22468 
19477 92634 
10571 81093 
87284 96635 
16548 19019 
27874 33033 
20923 45568 
34941 65256 
37921 36853 
56622 37985 
65267 44620 
90492 98429 
8815 97599 
98219 30557 
21567 66160 
32106 55157 
92722 26019 
34576 27628 
67759 74812 
18640 47504 
54157 26530 
62472 78989 
68956 33143 
54459 70153 
14180 60171 
6419 49943 
24051 73525 
12165 76785 
13940 78650 
66197 10321 
75198 89783 
73006 78691 
2240 97128 
71337 17780 
8723 42767 
69739 65986 
88154 12362 
39799 8291 
947 98982 
41705 76841 
24705 97858 
63129 31699 
87465 46423 
36874 65097 
14612 32676 
65348 95248 
59381 56758 
20646 41671 
54136 45520 
7848 2967 
15009 87988 
76156 90140 
56035 80761 
37546 3789 
20580 46742 
5857 81882 
17632 18027 
587 86327 
58441 54325 
69138 41189 
25035 2010 
68830 83156 
66286 85688 
15760 35713 
9502 64122 
51408 72531 
95916 75429 
99856 92659 
96982 42635 
88618 90402 
45059 9998 
84268 66108 
16835 32973 
50404 90635 
40755 50215 
69996 5853 
60764 24757 
86701 16322 
77824 53268 
10511 3153 
7951 7281 
1909 70067 
40937 88316 
95700 13784 
57438 50030 
50762 96151 
63801 64841 
15219 83777 
33747 89904 
77846 12452 
3976 17897 
36009 28254 
56770 81769 
48052 55022 
36837 19383 
53737 38715 
91935 93994 
40212 23208 
97200 9492 
2950 19207 
21669 55598 
1194 38199 
22122 67472 
35675 76739 
4169 86658 
82712 52908 
73404 65843 
3263 16342 
10506 68616 
8133 76063 
43293 77202 
1214 16162 
56061 36124 
41525 98405 
71912 27769 
61770 82989 
67330 97071 
56229 33881 
29935 16803 
4035 13592 
50092 12429 
25216 13725 
45012 46039 
76379 12263 
49972 92560 
80484 96319 
75470 28277 
50904 39965 
21407 91624 
13785 80720 
59797 69271 
54734 95465 
46035 6734 
15914 36743 
95435 42052 
47887 53841 
66510 13488 
76862 89498 
25386 97835 
82507 12768 
26784 94528 
94063 21266 
36155 82643 
3211 21958 
34840 42764 
61034 78605 
95541 53785 
73325 96154 
88919 45899 
33651 97576 
83798 15343 
36765 37063 
33241 83906 
96325 84983 
96671 16793 
50340 14624 
34240 96085 
75372 18517 
23832 83913 
46236 82999 
93329 99348 
71802 53689 
31230 76109 
9443 31673 
37207 64375 
10826 50449 
864 89303 
79899 97064 
51737 81277 
30332 57380 
6505 48531 
14112 85025 
50385 71403 
55592 16358 
28874 59376 
66028 79631 
93265 26939 
32479 75564 
38793 12394 
71907 38643 
97782 84943 
16444 23746 
1835 59658 
48971 1039 
6906 67440 
39535 83618 
82969 7574 
42602 56998 
6078 44237 
2707 27281 
54733 95096 
81841 55742 
4775 83 
65701 1569 
37445 51501 
27958 51604 
23745 12825 
31752 76205 
24963 52835 
25869 13733 
53924 74202 
49397 52643 
74520 21201 
93140 49819 
78058 9899 
78635 96522 
64133 36009 
6383 19224 
71042 80529 
93725 81578 
46123 51340 
69767 35918 
19991 70164 
19871 57943 
50243 38553 
75439 86601 
30056 94061 
26065 82701 
14940 98292 
90611 14419 
7012 82226 
21356 75596 
50263 11020 
31079 43636 
32615 20454 
26810 87779 
60936 20222 
5933 45686 
73764 55487 
20423 96503 
83103 67426 
43243 71969 
91468 95928 
77252 63623 
13271 23177 
31458 3794 
40639 65557 
52042 20828 
32964 83101 
36314 94859 
76732 90685 
76594 69467 
57598 23206 
77992 6656 
10236 28185 
69160 7880 
63095 33559 
78306 62192 
75047 65850 
78115 24110 
68761 74481 
12683 68420 
1720 51703 
7183 16893 
79924 24388 
26694 82763 
11631 33920 
94472 32822 
18874 13446 
1917 24131 
73062 17984 
42595 32562 
97591 62147 
80879 53816 
85214 72733 
22136 24019 
10802 68974 
85858 76657 
81179 41921 
95722 25351 
52868 16283 
91300 37860 
65872 42952 
34979 45700 
87021 88541 
34626 15881 
29954 59415 
27630 96562 
20468 22067 
75184 36738 
5744 59064 
96996 71650 
63875 30418 
36121 60162 
56155 93886 
81176 58176 
78749 74543 
88937 12971 
12648 63894 
44166 67413 
41227 71878 
65482 70055 
3243 51291 
16183 97453 
75803 63486 
7173 8365 
36580 56635 
85459 66026 
37489 83415 
86187 84301 
33065 93664 
88772 76299 
45941 99387 
58392 9881 
19106 24397 
72979 3519 
56 18984 
32799 28086 
25448 41173 
24819 15405 
26564 80447 
67283 12775 
55648 27263 
91248 64183 
41121 72253 
25346 43556 
15672 52685 
37570 13140 
25429 50588 
53686 31001 
20658 86875 
15637 85603 
48887 48872 
65345 92606 
19843 34852 
39379 49221 
88301 98476 
38184 4878 
5679 28516 
89926 73454 
24162 4757 
63470 81935 
98150 29714 
97598 23142 
17001 47571 
4332 56028 
20304 26728 
73015 76065 
92355 390 
48849 60356 
6019 30813 
84606 77369 
87838 87175 
67539 39574 
6019 4431 
4772 68751 
40853 21133 
10016 38385 
83151 77826 
71975 55305 
20440 94513 
580 43606 
12943 35565 
41019 97904 
31795 13564 
17498 80090 
30456 79712 
18779 44017 
46964 97818 
65755 85915 
89450 1244 
7663 34856 
40232 87818 
78033 17202 
24873 16377 
4044 51727 
31713 30439 
3682 57986 
34692 49426 
23964 89503 
67681 35952 
70448 35496 
22085 68849 
53337 70073 
91124 25956 
28738 66264 
64003 8104 
44949 33700 
81069 16325 
13160 83437 
97122 27977 
9499 71134 
64166 4320 
81136 20683 
37201 2003 
72958 84414 
27067 53988 
13326 53093 
72857 31638 
97511 89216 
83111 99005 
85645 20457 
99777 22803 
88338 96652 
71814 7096 
47633 83310 
86385 80463 
33513 37415 
94711 75172 
66947 87142 
86972 2866 
49276 16145 
16033 49331 
24730 35155 
43308 82081 
27951 8931 
81756 88853 
71640 94961 
40754 42493 
10770 41805 
35535 18343 
79292 89621 
9891 73873 
32871 13160 
35024 37150 
46877 48394 
89673 40682 
12741 47943 
97119 80209 
47738 17608 
93127 74243 
83356 96545 
25623 49450 
25648 57035 
41617 79414 
87294 16257 
99857 59901 
75578 72156 
58679 12414 
83095 98195 
27727 69650 
68701 57715 
39454 11442 
35104 27580 
91772 87775 
6409 52951 
36721 86721 
84102 90266 
41696 79409 
13107 33889 
29564 1611 
20955 63399 
11909 12073 
2544 93099 
65666 1439 
10572 53114 
67590 12404 
77459 82291 
93265 71678 
