49637 20963 
11737 51035 
88252 20805 
66398 58481 
37898 60493 
54624 18742 
35526 71981 
80853 22968 
92697 36002 
17338 69415 
61563 86585 
65754 98344 
66054 4444 
48069 46419 
88550 47030 
29118 70016 
8620 79576 
56203 42427 
74942 91055 
12078 38641 
54054 1752 
16859 83178 
40365 95026 
81653 51428 
30653 34823 
12145 82976 
63291 62663 
83877 86618 
97505 3037 
62660 91062 
61228 44578 
23297 22780 
27417 5820 
27748 73001 
88212 39031 
59865 49575 
83898 73342 
78025 96222 
9344 49270 
39231 1618 
64457 50743 
68697 13867 
37158 97869 
97456 22077 
7475 23925 
67174 66063 
39578 23448 
6167 87672 
84934 24790 
13507 42780 
54221 10149 
49150 51676 
28245 78816 
17162 77412 
68825 25287 
46429 86597 
59460 82869 
18635 65206 
52561 65545 
66808 33155 
25130 26133 
69442 25704 
47998 37112 
94926 87213 
55065 92052 
8985 53315 
58478 20150 
43818 81284 
93267 4176 
41815 25176 
90679 92990 
29008 42275 
73314 3798 
43810 60434 
37122 16439 
45151 32093 
35434 72276 
50775 50084 
8395 3587 
11225 2755 
7561 35932 
7994 1523 
49847 25517 
75312 22660 
97627 16411 
84235 66932 
2539 28289 
94962 55634 
69345 14402 
78732 49659 
93198 61617 
34172 99416 
98777 39597 
74657 7715 
62940 44592 
42980 15213 
33920 24795 
17598 98542 
69550 18878 
10704 4962 
4602 87030 
22562 34184 
23055 64751 
8834 17947 
54936 23616 
38006 41010 
39378 80374 
64594 93407 
95607 56004 
20435 43119 
21823 49705 
31190 70780 
98254 59337 
98056 13577 
5172 49422 
45758 24215 
79217 40594 
27022 62622 
22144 70258 
91031 3007 
44904 53215 
68777 56979 
76993 53144 
1739 84576 
96058 61099 
42012 89425 
36006 65531 
81752 71651 
13179 89865 
27757 42744 
69666 68305 
22998 90284 
70372 28258 
31116 17215 
6249 48674 
42146 70346 
49880 67609 
28167 15771 
81618 19410 
76098 15136 
54578 92221 
51535 5970 
94975 9854 
2281 91749 
40686 58584 
93168 2924 
5354 99065 
74773 98845 
17969 26300 
27813 42315 
28591 66497 
92268 93456 
89685 28620 
85720 37650 
19574 60612 
38896 83471 
29557 95473 
28090 40892 
49499 10803 
63921 17444 
18024 66882 
3772 50604 
12932 33024 
91326 28362 
85045 59661 
90738 36748 
24422 4524 
75302 13017 
31715 75275 
50845 76291 
89434 8063 
42658 53616 
27958 61765 
51393 18733 
59376 71009 
88165 13279 
8576 67617 
32010 25729 
5476 49708 
13856 62056 
14897 50475 
20369 53919 
71278 34511 
28284 15114 
54312 28581 
25251 75122 
88526 75851 
46776 89723 
74946 87841 
60477 53031 
66195 56766 
58673 12689 
77740 82398 
78222 20549 
87443 62250 
52588 34879 
13213 91610 
15222 26901 
74237 20831 
15698 34464 
35150 21322 
80395 48675 
4438 18757 
48076 15535 
8514 62324 
37392 83923 
91086 12192 
58082 33726 
93810 43874 
60591 73466 
58677 87804 
29840 5485 
55200 45197 
68047 18541 
76170 47136 
78793 82634 
64610 52835 
59918 88933 
31520 15160 
36382 98862 
99116 76741 
15887 40738 
57474 98388 
29831 19781 
53849 63017 
30080 87881 
43410 42951 
48086 53206 
17714 66171 
87018 96552 
92993 68016 
9898 1270 
84160 68797 
7093 96679 
12390 74948 
75085 61050 
94292 61566 
15107 29598 
38831 57598 
64969 5308 
34574 21410 
10378 76043 
44271 64115 
83025 21 
36388 50802 
41924 33613 
73926 85660 
51740 40314 
49732 66015 
17258 37839 
4436 72430 
6709 11456 
88300 47249 
98283 46013 
31435 2371 
13978 6544 
68229 88526 
62836 27896 
21285 52968 
1646 57532 
87761 10232 
35362 32467 
86742 51515 
21757 61229 
20104 22205 
15265 24837 
71321 4246 
83477 6919 
16743 50258 
56425 12483 
52120 29719 
23585 37234 
43470 64022 
76414 4927 
95878 46843 
5297 98935 
96408 69010 
98926 76016 
28024 92949 
61420 65222 
70279 50781 
57918 22935 
99487 72275 
22874 36232 
76198 84106 
17009 41089 
61031 60277 
98582 49351 
31239 45015 
82621 59012 
79883 14143 
97747 55990 
67066 88626 
14398 2424 
58417 64906 
10546 46466 
29860 80639 
61413 81586 
39658 91546 
88222 29620 
68846 95395 
77674 21097 
9378 2467 
88638 98823 
35647 18375 
95452 76267 
29543 74752 
78257 40999 
41766 16047 
59945 5207 
62885 26573 
6611 70321 
46433 60941 
53782 90779 
73345 23149 
94237 93204 
72101 24843 
64909 31553 
12189 41652 
120 36251 
69849 78004 
76336 45893 
24513 45444 
59642 93775 
81962 57255 
81303 58337 
35959 43033 
9076 76560 
73943 90902 
52335 62389 
4351 32145 
37602 68482 
33237 93324 
17746 78879 
46065 54303 
32906 22635 
56926 67127 
24073 54024 
71867 10295 
11343 53616 
75657 75775 
87973 66339 
91998 11931 
48692 7592 
86074 74575 
66097 36522 
75270 70477 
52528 16795 
89018 12903 
96454 59473 
71934 47153 
42204 70094 
55760 45569 
89776 2575 
35098 16089 
27485 56277 
69533 16218 
74412 39385 
438 15130 
1826 61678 
14630 635 
23255 12864 
8996 84877 
91326 28804 
10329 22868 
16224 47307 
82805 21361 
25367 7593 
11918 82051 
16813 53091 
88126 92735 
19955 55944 
26082 52812 
66222 93393 
46048 95374 
89771 71163 
12909 47164 
23595 7029 
75225 49778 
29970 58962 
71800 50770 
5869 6524 
76520 61671 
33709 71659 
33529 71465 
5749 95590 
94300 98671 
36456 72203 
5734 62936 
91344 75129 
14182 57947 
3067 5690 
44089 11438 
15946 31905 
81961 25227 
98663 84985 
46441 98453 
91505 29032 
53509 50570 
9322 22109 
92160 77166 
4288 42418 
10401 91276 
3583 62018 
73982 25659 
76248 12299 
1036 97332 
50811 430 
94598 64710 
619 4004 
92014 39790 
37407 92326 
25265 53093 
5254 97109 
39545 7455 
46891 82771 
48699 98252 
22212 47091 
15648 22282 
94884 16699 
33519 45272 
67126 88647 
48898 48874 
34983 9300 
12502 31998 
56853 74809 
64510 98465 
76564 83647 
61921 23230 
18925 70995 
33499 52783 
80515 7207 
4231 61855 
71322 48144 
65700 58182 
23929 83878 
81358 99825 
76082 44058 
6407 65439 
49753 83186 
70876 96867 
95251 87118 
21394 15594 
42426 13291 
42323 99808 
2713 1491 
80088 97240 
95518 69435 
75918 40421 
30385 37978 
71662 25641 
62376 14479 
90966 14662 
52321 99650 
13802 19070 
5803 73168 
56189 31215 
35224 56399 
38930 72767 
87784 46757 
79273 42204 
8885 67557 
67636 55898 
65269 79651 
97879 93996 
35067 56711 
4085 81907 
83035 34694 
19393 60954 
78346 7875 
13177 27655 
79641 58742 
81680 50059 
7432 77131 
64211 1740 
47486 45171 
32100 89268 
80476 38909 
50823 87373 
12994 24955 
47068 37515 
92882 11022 
21976 10217 
27938 42950 
39400 79238 
91146 27614 
83738 6582 
87920 1039 
25735 91322 
81227 54155 
56655 92340 
19012 74758 
51279 95356 
84977 63619 
98443 57987 
98598 35068 
94151 33083 
23130 17999 
26795 40215 
1404 31889 
96587 27947 
28387 24276 
2053 45398 
86749 21053 
95272 20612 
17092 59018 
54517 25374 
68036 41317 
48066 91364 
73027 80711 
66152 30930 
30479 73062 
79388 7261 
21837 73989 
41465 93354 
88103 35334 
91521 56950 
99605 94899 
27308 9473 
96018 2862 
14113 61015 
44082 11329 
66388 30546 
58994 49691 
89125 70767 
62105 57756 
94229 80418 
2344 51074 
13511 93353 
51700 48444 
14372 53311 
96127 266 
86870 6086 
82396 18240 
11561 66659 
48705 21847 
36367 47874 
62270 85095 
87701 69360 
10649 88240 
16157 650 
45224 53474 
30325 30852 
55024 71038 
3600 98689 
57024 2769 
48370 61396 
25052 83794 
39526 28697 
43608 29879 
34995 38948 
65199 97920 
84810 8577 
70181 40079 
42232 43032 
76659 38317 
90529 57747 
24616 5330 
77218 20982 
63293 90398 
3969 96910 
3669 34169 
54786 36961 
59009 75131 
57737 40164 
85534 22316 
66172 79136 
52613 73743 
14257 67341 
17243 78142 
48608 25403 
51140 8735 
62901 89472 
70430 42131 
65568 93062 
47684 12840 
92035 45257 
43987 44497 
32422 22812 
84746 42562 
83236 91445 
17101 70066 
47288 72478 
29104 17953 
99951 75000 
81217 24591 
11809 20848 
99239 95247 
67860 99958 
4419 21625 
51669 7016 
11305 4007 
69205 26851 
6763 34103 
71561 55618 
34695 5420 
98367 67606 
50062 79757 
4424 63353 
73185 53382 
50934 63785 
70649 34529 
39671 47182 
12693 65010 
43543 61088 
8635 93097 
40205 79593 
1653 32227 
86753 17982 
12161 20679 
82968 61322 
55042 31059 
58219 11358 
20187 65231 
82805 6923 
98044 10283 
48428 27114 
52305 24201 
84391 43578 
90401 66065 
76269 48536 
59115 84968 
32003 48531 
97436 34232 
96695 80390 
11660 83110 
51898 75550 
98789 56824 
47749 71594 
33457 47637 
7049 45791 
50859 4550 
9216 24374 
3615 27342 
9029 3467 
43987 61805 
70170 2797 
84579 17391 
96787 61713 
20384 5884 
27675 78557 
53000 30318 
17095 89021 
43825 37026 
63917 76920 
37252 80533 
66424 11661 
37117 40941 
74019 10709 
90111 76524 
79017 32460 
28368 90452 
41813 15223 
50117 39852 
70932 91332 
72068 17894 
85836 21984 
70119 95112 
74801 17960 
35987 14912 
22810 34194 
16544 99981 
25099 52004 
69927 41302 
20874 91801 
67875 9506 
78657 31248 
97321 49524 
39836 39061 
65881 93764 
80215 73049 
95715 56547 
80704 32483 
98100 53037 
7756 99504 
57131 19642 
91772 52060 
15090 99645 
57401 81711 
44339 97787 
3516 3661 
10974 579 
52628 3517 
84046 5313 
89574 25484 
20779 66 
87575 70150 
63026 89424 
76066 36456 
13106 66217 
39203 12115 
18196 88257 
46535 89481 
81621 30889 
8067 59755 
36659 51086 
14755 17409 
63904 16914 
72489 88858 
6737 27354 
62688 84631 
41163 71822 
65863 62713 
85993 56127 
65850 82188 
97326 52207 
11893 20991 
77271 12654 
53347 29278 
41032 27874 
77499 90854 
28768 93642 
74852 69060 
19032 99910 
28183 20675 
99146 47899 
71793 71638 
74522 51815 
95594 61760 
53711 83996 
74999 82124 
28915 77839 
92088 48472 
82661 11561 
76098 76662 
90578 57658 
32017 52131 
57432 97874 
44906 14312 
19036 71544 
44541 9099 
66149 46392 
90089 97675 
98172 75151 
87705 48426 
94201 28838 
85356 80158 
96935 78070 
98564 69453 
40956 27503 
8453 82770 
21063 95291 
39113 44768 
88627 69405 
65223 8328 
84347 65716 
22788 48894 
64313 58937 
95987 65980 
52952 56849 
31308 38111 
61220 40644 
86539 43920 
41297 99828 
56619 31796 
10092 48781 
30980 93202 
63029 23913 
27706 70674 
16848 25279 
18702 10524 
65592 84594 
7043 52369 
7462 12774 
42744 32897 
1909 4445 
66442 69645 
46082 54318 
51822 82057 
17702 70863 
77070 1736 
17424 56442 
93277 21552 
57953 59853 
73393 34142 
89432 97187 
19212 14352 
21032 79971 
75824 7288 
97246 85749 
53081 93907 
13993 55584 
81828 19447 
14473 5392 
39013 86522 
87582 93592 
60263 34294 
2785 96253 
21102 47948 
54433 2726 
8708 68506 
55866 59686 
24969 2084 
19005 59600 
58554 59782 
78702 90791 
38825 94667 
72750 40626 
37623 40686 
68264 70757 
16332 99854 
33044 63946 
25075 68686 
86562 75671 
48503 42585 
29383 10529 
58371 87807 
42112 83427 
76918 24602 
65370 18553 
77064 22256 
20828 85381 
45527 67043 
10009 70232 
13174 27437 
32336 34377 
13293 7472 
96807 15222 
62914 48734 
62751 85817 
74943 14258 
34220 99744 
99543 63449 
49920 13374 
62109 6177 
55945 95562 
12096 6299 
22141 6024 
22098 90144 
64577 47973 
79772 3848 
66385 78021 
96577 54949 
47148 86925 
16732 68275 
17034 48451 
47436 83901 
66063 70426 
47083 25861 
81142 72025 
2079 74260 
53948 54368 
94807 80599 
41249 27726 
15432 76363 
65927 7920 
98405 38295 
1749 96976 
70919 90307 
67838 18620 
85019 41571 
69837 87942 
67668 83120 
63916 56313 
63798 91157 
87052 87640 
66226 14264 
92442 90072 
23274 53848 
52417 48462 
90043 82402 
42895 77247 
42514 82543 
3217 40777 
4981 31296 
73091 68777 
50814 98723 
44404 28240 
24132 77728 
29864 99912 
95699 12793 
42659 47460 
10195 49347 
1774 60475 
3996 82654 
26130 98652 
72684 45319 
57364 63822 
45742 35907 
55850 78927 
82230 57682 
47497 58620 
35703 6074 
59856 14851 
49254 16282 
75266 52605 
32255 58233 
46029 75930 
39251 45203 
62015 42435 
18401 4452 
34665 75631 
21984 43554 
62963 68812 
74696 34414 
76794 91618 
76824 28529 
10969 40975 
78830 11628 
49262 61809 
1520 3615 
91942 99741 
91644 10606 
42593 37921 
96658 39841 
80405 13209 
14346 95412 
82650 3124 
23073 82967 
88752 24276 
26694 64959 
52099 85458 
54482 24490 
8685 94116 
40894 15450 
2705 23647 
72612 99374 
48365 10740 
31012 95364 
74474 66955 
77064 98376 
93792 56800 
22626 53352 
62638 15716 
7211 7875 
47918 55765 
52519 4467 
98533 34188 
98371 15087 
26023 40614 
33158 65087 
35348 92372 
19527 41555 
10857 14182 
81723 31945 
54791 18427 
64872 92809 
96073 95308 
98471 5645 
35668 68328 
96420 37086 
71463 69917 
4180 84054 
50402 44410 
59977 50997 
28510 91184 
71448 75968 
80499 19437 
21715 95036 
89775 97913 
9613 10435 
66988 47825 
97624 6816 
90639 45276 
88056 42133 
36835 70687 
73108 24934 
66899 67058 
7657 78189 
71362 46307 
34993 81340 
26759 13534 
55163 76822 
7679 62710 
63203 25113 
10707 34137 
248 93222 
89140 13956 
54378 65529 
67810 99038 
20003 73034 
5852 46800 
74701 47311 
1934 78796 
60659 18848 
91239 9365 
64188 95959 
66410 26211 
71274 80083 
65688 58455 
39723 96037 
10657 29518 
69171 41662 
43276 7167 
69090 90325 
7283 31066 
21884 11851 
42622 19426 
13273 12709 
13170 30623 
55381 34679 
67844 83096 
59295 92710 
43075 17449 
23329 77305 
50670 18295 
90845 94548 
59245 274 
97162 67737 
69693 2567 
68985 78612 
5569 29317 
61724 83288 
87800 19549 
20171 98249 
39790 29508 
26252 15164 
73789 62764 
53882 69747 
42278 89017 
85459 59567 
99185 51192 
57104 78409 
4891 72275 
90490 10715 
26272 38253 
37947 8609 
28438 51585 
14509 56154 
28361 20850 
15649 10721 
82250 76498 
22692 99771 
8303 80103 
79238 42803 
4391 25067 
81379 62886 
6266 10415 
62127 49942 
46010 6144 
66165 38809 
12796 18527 
4889 69135 
88356 6843 
53686 1276 
28168 99181 
3490 72614 
85972 4315 
6866 92125 
34050 19041 
65246 87479 
14586 85980 
88393 38626 
68493 65516 
19764 54563 
27203 47351 
62195 75840 
20263 42126 
57134 14394 
46929 61592 
67668 74409 
83534 17036 
90643 33155 
50034 39953 
76437 99158 
38945 56424 
66267 6527 
17767 27217 
66400 48911 
52057 99301 
66217 4319 
60448 1313 
72837 52895 
5209 55436 
78798 43759 
42347 71213 
1339 24146 
3793 33025 
31846 4342 
60861 92274 
12321 95276 
22969 27740 
12014 22136 
58514 43163 
11894 87030 
85826 29802 
17169 26420 
71291 33490 
8853 84989 
89016 30723 
14164 6556 
41820 36308 
22555 24827 
16866 36346 
99258 21983 
50919 64611 
51439 11516 
9989 17835 
83435 93220 
46029 35977 
36971 22854 
79413 57250 
49910 36777 
70039 94483 
82764 72721 
82235 69350 
56063 31854 
19021 84053 
13653 34453 
99821 6258 
77084 31725 
82402 92360 
84474 49708 
84568 76645 
13589 57696 
44071 9438 
73332 73238 
66239 36051 
10470 38535 
47949 70134 
19101 28941 
33900 30001 
59252 83245 
56532 74544 
87949 77590 
34451 96553 
81209 94 
55929 5580 
78622 21633 
53787 59911 
13526 99777 
85901 87794 
1287 97438 
71604 71752 
45746 45609 
98421 56618 
89664 30402 
5844 81907 
78795 38630 
73279 32143 
31246 53285 
87828 45030 
3826 50528 
44230 16590 
25347 13185 
34062 94904 
23168 42251 
14221 59610 
3757 17519 
5748 43019 
60631 31219 
63190 60549 
73769 94427 
72015 83062 
33439 95008 
76976 1828 
68336 67973 
17879 7966 
83059 24414 
50842 32569 
13133 73530 
62954 71152 
87183 63771 
46119 46612 
45282 63763 
81923 48610 
141 1426 
3516 24069 
43510 80567 
42794 83453 
93996 98256 
41570 30539 
54507 93386 
3947 19589 
97600 67121 
93795 93150 
25244 29267 
35992 56154 
55870 41136 
63008 97542 
76020 45082 
59456 79343 
56549 93666 
96375 74951 
74005 17260 
14312 53277 
96718 97918 
9675 73527 
92041 49467 
2359 76552 
86332 39035 
14310 33020 
62470 23589 
68486 36111 
11032 16580 
25567 6997 
60756 44427 
11817 15073 
1508 286 
55653 1697 
78657 53491 
42762 36167 
81681 26987 
20019 25700 
71723 12279 
26993 47405 
92963 51599 
10485 69519 
90887 80439 
82345 81643 
16858 90055 
13683 59283 
32902 39198 
19683 46662 
43183 17080 
78335 53632 
69401 35453 
43723 27412 
56159 6694 
59886 77972 
39343 46911 
54843 7067 
35649 28339 
95990 15232 
14606 93675 
17892 38516 
95804 36514 
91393 97260 
73502 46655 
89006 22954 
8382 16820 
15697 66004 
41965 8209 
16466 77184 
83006 76290 
42551 98612 
87201 65396 
56588 96298 
1628 90909 
83755 15594 
73532 41228 
70681 43361 
29467 48202 
96825 16190 
15235 94326 
94083 22745 
49680 47797 
69498 10082 
86119 42349 
93282 18754 
94032 47832 
9728 39587 
70609 9612 
52154 6174 
66845 70119 
94665 11482 
66113 24264 
53314 64397 
84467 1935 
57139 82584 
71423 15420 
45613 51759 
77550 57351 
13170 68251 
20928 85651 
13790 21722 
28387 85969 
59011 67915 
49396 59200 
91286 87558 
40585 41975 
91249 26816 
97098 31339 
82257 67157 
63325 51390 
28470 78053 
90030 69237 
83775 64615 
17493 40410 
38011 34114 
55011 39743 
24255 70233 
95935 12724 
96310 22009 
54413 64470 
59109 85573 
35098 88710 
36371 81154 
50288 27566 
89656 5208 
80343 44388 
60867 68150 
32668 86574 
96285 11808 
92168 13024 
24377 37586 
71792 61762 
1907 66206 
65633 37286 
13297 93026 
79035 4311 
6698 99076 
60230 84823 
76925 27293 
86292 68770 
60154 35874 
62481 65176 
88235 96222 
78600 40141 
61467 11675 
28516 10898 
37869 94994 
39752 91011 
4257 57551 
78915 10787 
89848 31215 
95665 69104 
6644 65126 
43053 8112 
52520 13863 
65278 40650 
92706 60957 
75237 1719 
43278 2256 
53748 39966 
16319 47367 
89894 12930 
50532 84171 
47687 626 
43410 91394 
88065 6093 
21480 77263 
97239 68629 
33618 68463 
72490 75707 
29180 72928 
94732 22942 
87397 92463 
73528 37980 
97440 66729 
84688 53809 
49579 88830 
33200 89744 
87037 44558 
64958 74230 
85386 92301 
19599 22586 
71796 18647 
63732 64978 
69939 75977 
68947 5111 
58027 32580 
2206 78572 
57261 43324 
77565 71208 
25844 79452 
77665 52571 
19790 39766 
91007 77229 
95882 2302 
26748 7595 
74432 65499 
62643 15951 
49928 70975 
53655 30462 
36143 96180 
78943 230 
58978 54540 
33075 67824 
65089 43118 
73732 54219 
97236 33418 
22589 80702 
98370 9616 
78684 75068 
45575 20347 
44314 35305 
82342 25099 
82312 52960 
12973 84339 
20567 30524 
46545 63682 
94735 62410 
29434 96755 
73293 87495 
85254 78795 
40471 62687 
88928 43654 
22039 51615 
37672 10526 
26534 70279 
45833 73539 
40242 82412 
82770 47319 
58090 91258 
93437 74660 
54574 31648 
89806 48661 
98949 26473 
77972 993 
97140 35057 
90525 60395 
99153 87425 
26732 91064 
45274 68092 
64060 79323 
36916 85745 
93767 48721 
8699 41097 
50552 48706 
47207 84147 
51679 80037 
48832 34269 
34505 91334 
34212 21751 
83035 5445 
39985 97817 
63880 11777 
89960 51671 
49911 91278 
7228 67698 
95965 24485 
66377 53756 
45075 69830 
690 72333 
86016 89359 
73019 10373 
53348 42095 
91058 30684 
59696 61435 
97773 58120 
76628 82319 
96033 67078 
35326 86337 
72768 53373 
1113 88502 
72519 93189 
86959 98119 
32781 14536 
10238 47994 
34309 32543 
64301 1151 
38388 28908 
71829 12330 
80024 87959 
10483 42683 
61141 37039 
53002 439 
41080 77297 
43715 7732 
53019 32476 
41318 74360 
84455 87921 
93819 92926 
47436 39784 
75706 56632 
29996 25259 
9675 40954 
64058 58740 
15680 83461 
67068 55845 
78582 42257 
14708 87581 
2353 12842 
80271 70247 
23559 35602 
32604 63204 
89773 31750 
19029 16265 
69591 64178 
72225 81206 
50089 31550 
70787 77785 
94849 68858 
52037 83653 
81075 45771 
22596 99682 
7888 25268 
37379 27470 
69508 69378 
20849 84177 
16848 56296 
85742 71350 
88940 3683 
63935 9012 
81660 76693 
1733 44055 
35355 96040 
87571 42854 
65294 51398 
73973 82015 
29247 68464 
27585 58315 
25042 74230 
91202 49117 
37619 54305 
69911 67972 
9864 98588 
59856 76555 
94434 87136 
22560 33783 
54815 76802 
70378 85658 
23014 10976 
69342 25291 
88561 89772 
84535 81565 
88928 6003 
90089 26997 
94997 73535 
40996 30653 
36854 48888 
57163 20311 
95001 74406 
1455 59597 
89963 51900 
42998 90445 
39316 89326 
84539 38958 
15314 49913 
98454 33673 
28589 73067 
59791 39192 
83790 29464 
86738 65308 
1584 18927 
98982 71967 
78087 18995 
82670 53831 
57579 44552 
7013 54677 
27274 84422 
72047 31515 
3957 39547 
79684 61048 
71429 99183 
10876 56985 
45031 56481 
60590 45727 
84887 82883 
29250 30058 
53081 51968 
94408 55738 
11593 27697 
89617 84284 
87658 9426 
98844 66700 
91090 56660 
34215 7574 
54138 180 
2499 6704 
78655 82995 
81443 66287 
17563 64545 
20934 55724 
88098 64600 
55928 33197 
12776 19521 
68182 33471 
10734 72865 
62055 44700 
16862 24745 
25985 13564 
89052 19927 
35726 37673 
74928 63348 
18019 26919 
48596 13530 
34111 41369 
95207 19345 
61363 42246 
16564 33610 
48164 24734 
54533 58211 
92496 36536 
80655 49766 
47659 24544 
80188 42270 
90075 93445 
66665 23737 
93521 4749 
99131 37552 
41755 92446 
38360 66041 
77215 22411 
70639 93747 
27331 76650 
48135 40911 
71950 635 
43363 3908 
15462 12197 
91974 38664 
5482 33879 
2823 75527 
96230 77080 
47232 59656 
89264 76030 
354 69645 
96823 42321 
96747 78951 
63714 86646 
79514 89617 
52589 33375 
67805 85847 
44372 35741 
40987 26192 
30733 84651 
39473 17412 
78709 92522 
11967 90529 
28924 25052 
96802 30147 
48344 48448 
11072 91805 
96073 57410 
35443 78946 
76454 50020 
24778 41046 
47557 19722 
45162 97464 
25123 41679 
36402 87831 
72139 41063 
25788 99057 
92407 44211 
73641 21500 
52871 30078 
14107 42421 
43880 19049 
65697 93506 
49220 58936 
25210 31080 
38417 93850 
25984 42570 
12707 30644 
36819 40848 
33001 49765 
1449 29251 
33310 42600 
70105 94431 
76287 95759 
54509 11595 
38898 84292 
45507 27280 
25724 80399 
68642 18494 
94968 32018 
17078 13865 
47976 16485 
93611 2397 
76944 28526 
13866 48480 
87414 18921 
71378 78008 
12309 60465 
41847 99753 
12448 81216 
8693 78626 
14830 71530 
24928 82969 
74469 41003 
87385 86755 
58145 74205 
88536 19375 
39149 9967 
28376 20623 
60981 47978 
14302 76581 
74885 68583 
50417 83262 
81259 36937 
19365 9225 
8139 51031 
89588 5785 
41363 84618 
38805 44022 
80445 70705 
70544 41492 
31827 69011 
14723 78339 
66852 61691 
45556 92462 
65718 25612 
20483 86457 
40558 36609 
42335 75251 
80972 71401 
73634 52630 
93509 86208 
86679 57360 
12947 67651 
16023 75106 
47732 71105 
90933 21094 
84469 84451 
64619 10243 
17156 81063 
24300 36463 
85625 54830 
61560 50853 
4695 62193 
6012 49760 
40579 31384 
76941 57928 
44360 37472 
87361 19467 
83665 83287 
42861 89878 
23155 70967 
13635 56112 
92035 96576 
22241 98424 
42535 51163 
81950 47736 
47117 65612 
40921 85295 
4189 93771 
35999 77598 
22158 88594 
36575 38858 
29906 89423 
63747 65766 
18110 5023 
2929 94821 
50295 46630 
89067 91228 
95124 38007 
32827 90168 
22127 5404 
73350 76173 
71933 29298 
88636 4440 
59061 21936 
68095 39066 
90363 79951 
53523 7529 
85521 49702 
84496 48186 
67262 34487 
42112 58102 
48490 67415 
71046 32233 
81102 71471 
74033 21809 
46982 29193 
15171 29671 
65518 88374 
38891 3423 
63964 37343 
9902 83434 
7052 93622 
6158 12026 
10496 63146 
51617 12649 
69373 43719 
58510 3412 
16840 66040 
59855 17994 
91229 88337 
52121 68829 
30320 86589 
35221 2355 
30398 11256 
32436 64205 
4694 13623 
96400 13411 
50919 80061 
58931 98998 
90792 50951 
62296 39789 
75841 42460 
17383 28818 
63207 34026 
70310 17429 
52786 32149 
23154 20949 
42783 71964 
46763 27801 
4562 72079 
44024 86920 
99684 15291 
70508 94618 
62118 88037 
96063 1265 
46794 74832 
95706 10678 
2090 70432 
91087 50611 
58224 42111 
24825 51480 
36210 47164 
39185 82234 
72689 86665 
47835 57257 
24839 55476 
34851 46225 
66518 30657 
88653 90061 
11897 25677 
80235 50409 
6067 26182 
24826 97546 
3449 14629 
24020 72149 
14298 85656 
71482 40086 
37217 51885 
19447 96184 
11284 40674 
45561 62867 
15278 86369 
30001 72645 
13424 29738 
51337 19604 
97223 46494 
36283 14376 
1106 40235 
53255 79508 
76031 51596 
22562 77709 
89610 55057 
27094 74155 
83932 37595 
46548 95837 
63002 79263 
5471 65895 
527 84752 
20885 58922 
55789 47163 
58701 44442 
60415 60427 
59883 60070 
92092 35220 
77032 83281 
82613 14720 
70012 51334 
17123 31156 
45273 12535 
69023 91897 
87659 78865 
80712 34662 
25817 89944 
44211 45475 
92680 91360 
57654 90090 
91093 76573 
33767 69874 
51251 40952 
14646 76530 
71450 48910 
3513 86512 
66539 20681 
58586 5652 
9494 3991 
6821 47243 
40710 7669 
25976 2713 
36886 39182 
12311 43030 
76776 6177 
98223 71108 
14634 13268 
9183 30728 
73825 9641 
52585 65873 
2873 20491 
12470 15891 
94115 25864 
83534 26508 
51165 34174 
15458 54475 
5574 34481 
54300 44534 
25322 1562 
61543 61336 
28214 70851 
63366 66157 
11785 96549 
32801 38411 
37965 55505 
35670 55439 
65553 61893 
77523 60473 
6458 13310 
73295 68361 
92691 97592 
23988 81356 
80267 51459 
25392 13175 
83439 77049 
52739 48527 
28127 90465 
62121 97428 
36913 97659 
24627 38911 
9638 67265 
62367 87058 
43443 97478 
86889 53854 
43976 54598 
49995 27939 
15543 94589 
4521 36106 
82133 65784 
38411 5285 
83537 30835 
89221 96730 
11183 39060 
68199 41282 
96856 26534 
23159 64815 
44113 20590 
47594 56358 
97019 77828 
99843 97893 
73708 90313 
30558 44461 
53319 53312 
29352 15939 
94037 99761 
92226 37763 
77220 71572 
80186 46859 
18026 15976 
86491 61154 
56492 66275 
55017 96347 
44651 90691 
95481 1927 
75094 70466 
22597 80001 
54263 98892 
5713 45055 
9817 76687 
53087 80595 
35559 15912 
70666 49428 
19711 54584 
29080 18393 
72715 27206 
44565 65465 
69303 32624 
29576 47399 
46197 89928 
97121 19477 
51630 75577 
9176 15424 
25763 90468 
43997 15164 
2096 14388 
19773 50879 
59183 67078 
52774 27669 
19170 10097 
46980 64167 
85171 91739 
9178 90535 
32944 58433 
58588 76570 
24070 30398 
53323 994 
87564 66732 
87303 14528 
24785 25723 
20759 93960 
28548 59814 
95028 32193 
71486 71514 
48065 60115 
11010 96460 
90971 50151 
78612 72910 
27772 8487 
69807 3140 
819 23200 
27659 11537 
22368 98910 
17614 56613 
9269 75087 
24300 59733 
72164 94749 
61957 72058 
23168 63074 
79337 12987 
56775 11287 
57213 78365 
27524 60239 
41999 34747 
94984 60164 
32589 87238 
31669 68404 
39106 32720 
92761 15255 
62102 87730 
27823 99563 
98619 10816 
74196 50386 
67572 22882 
9339 88724 
61081 65877 
55117 24265 
70644 30074 
20880 26037 
7475 23320 
44147 13034 
34856 51750 
37808 21110 
57006 30851 
80987 15819 
63769 48149 
97040 37397 
13328 54378 
46664 83680 
46171 68691 
26642 59552 
62732 45267 
5535 47341 
64372 63638 
46423 81639 
52807 73086 
63796 44103 
6613 42702 
36803 29089 
5093 42972 
54263 69315 
49591 12213 
98208 52288 
40235 41765 
82202 2811 
2126 47499 
48264 54704 
19167 82050 
91959 85687 
25984 82119 
29061 43423 
28829 38238 
39168 47825 
74868 20595 
21745 14995 
65934 93848 
78294 11536 
17594 6263 
90702 14484 
97309 44106 
278 21734 
36473 909 
4608 30601 
317 23019 
80056 78009 
16902 57819 
6607 14828 
11880 49054 
18711 69010 
69199 94876 
30879 37400 
39619 8575 
90024 34517 
48674 99361 
87864 18063 
13621 21163 
26194 5592 
64973 21084 
65420 94472 
82354 55969 
2486 98208 
96698 35495 
18155 16142 
81249 93243 
5583 60736 
52320 83415 
42234 76826 
27455 50173 
95393 692 
43409 19017 
57886 23222 
19287 15178 
95092 41126 
61185 22715 
46917 2892 
43888 59793 
69156 82044 
72411 60585 
17460 39290 
21613 22292 
74159 67259 
75648 96970 
93250 46782 
40651 82182 
92088 82060 
83880 91905 
49683 23557 
60408 69722 
80956 32085 
24526 40001 
43922 85313 
87157 79581 
2474 78792 
72865 32432 
11317 27613 
50483 82815 
11535 31923 
59869 48670 
25409 29798 
34019 56265 
17298 24339 
20482 9591 
43773 38352 
39011 73539 
50619 19635 
73343 48614 
86982 92603 
84215 26716 
97600 27905 
47985 82505 
22940 80659 
70639 72903 
84030 30069 
506 88479 
53861 38464 
64655 24801 
20472 36130 
83746 19252 
28160 29864 
77994 29400 
42763 27770 
62975 12680 
24508 70579 
48128 3972 
7704 60673 
93110 77621 
80341 83965 
47578 23466 
28691 26949 
98481 62672 
62059 1459 
75641 78482 
61064 3075 
21152 39401 
99209 45608 
11061 47945 
71925 33725 
28821 56742 
29898 58545 
29161 55612 
54218 26881 
98315 48170 
29707 63842 
11951 4583 
69798 60630 
15688 98308 
21378 74593 
4727 8918 
31295 27021 
58946 610 
87527 85638 
97670 66530 
57503 63380 
54407 62742 
33667 12822 
35973 42488 
62089 46473 
22721 41334 
73784 67164 
87007 56855 
60365 49909 
55552 12703 
35752 76834 
18028 96224 
3903 90174 
88957 11228 
8839 94839 
62970 93082 
77755 11675 
64454 91988 
80574 55289 
81809 42132 
20035 86210 
93819 99313 
35249 66146 
41030 47742 
48646 27223 
68603 47899 
11303 51353 
68713 21628 
4900 44264 
80413 48112 
39871 80209 
62746 74937 
48807 88020 
42940 32127 
11757 46912 
55687 73862 
65798 61331 
31778 62547 
45095 88138 
64789 52922 
69640 96555 
83036 30143 
50963 51549 
80699 5060 
11320 24703 
16758 72341 
19226 53141 
73355 92697 
28656 86702 
76169 69120 
71854 86286 
18592 48874 
96396 62212 
98770 97939 
56004 70400 
73968 62629 
61592 16350 
60281 54353 
74110 52094 
57337 67756 
73980 89746 
57466 69945 
73263 96713 
6673 79071 
46171 82298 
20838 84213 
41138 33165 
24669 45341 
3381 6027 
73278 52074 
80733 39899 
36619 13009 
7498 7419 
75568 93597 
61193 84958 
15113 19851 
65229 84652 
24861 17622 
66978 57973 
50035 62723 
55102 50084 
97102 75910 
92642 56999 
67410 8512 
33088 13408 
49420 29447 
55486 18083 
25594 42460 
1612 85855 
23495 33558 
23363 454 
42327 72982 
51704 30842 
15932 73468 
79882 65218 
31172 37124 
13080 11446 
6643 6947 
74290 10468 
50852 75807 
71894 10106 
61259 95682 
28298 50673 
95992 72985 
40943 20940 
48591 32014 
97099 53265 
82794 77878 
92082 40061 
39148 92692 
6876 70288 
8160 54397 
85622 4288 
75731 76261 
16028 28019 
85761 26918 
56467 53649 
32124 5756 
72411 62446 
87597 16539 
41767 18055 
887 3309 
63842 13486 
44534 86967 
59838 53535 
76275 68344 
84137 15844 
84355 44164 
75136 78445 
23297 15968 
61945 49402 
10830 58904 
9025 85005 
48925 57221 
24654 37020 
52324 6373 
81124 26589 
16479 27821 
94619 2653 
33458 41965 
90994 6138 
69195 97035 
39992 27657 
48337 57394 
74923 16093 
53994 13329 
27413 68200 
38864 86290 
97583 5239 
61467 68429 
48822 21641 
6655 53386 
63327 72855 
23095 86441 
19672 54782 
12066 86478 
56876 15543 
31719 69662 
70798 31892 
38852 35253 
48181 77154 
76268 57730 
81206 5371 
27978 66163 
21216 77177 
6770 81750 
24054 56963 
9084 27472 
11463 17993 
70663 20040 
23093 2404 
83132 3601 
61866 96391 
86404 87125 
41822 97393 
34752 2946 
32012 69716 
45419 12648 
52634 7777 
77783 48274 
20304 52061 
58385 91800 
58212 31841 
62556 63863 
83897 40885 
86875 13945 
62443 87599 
98404 78513 
66159 99444 
26371 1059 
13117 2969 
69936 88573 
66422 45431 
31674 12629 
63673 71723 
50580 50130 
11792 21214 
708 98659 
26263 63109 
41911 94484 
15778 46061 
57756 7414 
13391 98031 
92285 86073 
33513 75749 
2121 79548 
90404 29677 
73296 66969 
48328 19937 
13246 85258 
86090 91491 
17553 57093 
49441 92698 
28297 86097 
33653 369 
46324 4294 
85540 96615 
33228 28102 
39337 27983 
40534 3424 
4005 65799 
33350 97852 
951 78110 
33650 28556 
10558 18258 
94408 98130 
23573 32877 
29955 47483 
9084 92975 
70190 24795 
4688 55777 
76746 12639 
6409 72108 
57678 51538 
86040 64394 
43951 47583 
91786 13689 
45767 54129 
94449 10681 
89691 73188 
25860 45223 
48554 30826 
18862 31720 
15305 42667 
98876 93566 
39221 568 
95915 58824 
38346 79595 
42905 51485 
25524 85599 
1253 97893 
37069 38046 
7832 6281 
32909 10156 
68893 18907 
44925 29002 
35901 80869 
86267 71885 
85877 17447 
98577 82165 
94553 62711 
6335 67588 
34497 36123 
67953 37319 
52344 20980 
61781 79977 
79345 58833 
21851 84378 
7700 37359 
42960 57056 
21461 15696 
7614 96261 
5276 855 
48385 40776 
66846 61597 
48392 23741 
99682 42032 
99907 26606 
81596 16199 
86496 46396 
51347 7030 
27627 60660 
30933 78328 
26373 98818 
64281 96795 
90562 6015 
24392 52631 
55715 16208 
506 21872 
24070 34868 
14434 51368 
48208 68505 
30917 48188 
30055 28175 
20749 59265 
76445 77184 
7340 34182 
50973 89396 
77513 74289 
88523 33871 
65555 84704 
93639 4007 
25865 62255 
26824 64907 
94048 72052 
93869 1409 
98872 88140 
92512 11010 
28252 99540 
37959 873 
71248 12014 
84257 16168 
55059 8003 
82023 48171 
71086 62454 
64687 44910 
37344 50608 
35207 74520 
75879 25357 
33114 72095 
93292 86377 
97787 34491 
40087 11021 
8014 14346 
90275 67811 
70176 4525 
26516 87403 
47810 97298 
38053 22996 
73846 48681 
38785 92430 
63445 77771 
91066 57592 
50193 83272 
77131 63256 
1281 65027 
94573 27093 
28349 97031 
64830 45374 
99835 10242 
34422 54741 
77957 8427 
17494 69437 
48851 58346 
75190 95502 
87939 66802 
52511 8722 
4256 81350 
96488 71470 
37252 28941 
60895 55090 
37484 37326 
62169 29117 
48666 67734 
88805 76357 
22698 24164 
82232 93754 
41565 94565 
1009 42954 
90433 22249 
52160 21615 
24796 2066 
23554 36775 
1158 45203 
79482 74939 
95582 58881 
87900 80095 
17281 42830 
32305 70447 
35505 13076 
23797 47456 
77124 25408 
69597 76612 
19587 85844 
73163 48410 
99361 3457 
37977 60092 
79472 62133 
22227 94000 
71451 62142 
44779 6742 
86741 9849 
74211 84893 
580 14439 
42162 67576 
47353 84268 
9803 84022 
30619 2201 
82023 5080 
23256 99304 
7703 61666 
53626 39281 
26485 40261 
22153 72260 
22493 25820 
69394 15836 
23718 25830 
21463 73725 
42107 75779 
71571 7962 
83873 95897 
17483 39234 
72160 41804 
63867 61799 
14876 67583 
15763 24346 
19408 98772 
34856 46241 
2862 94934 
3716 9779 
71594 66695 
44894 93401 
47008 518 
71476 88239 
95958 36005 
3675 70967 
83536 35115 
72022 89581 
3673 80485 
41921 55583 
58642 40868 
36576 25956 
52462 45751 
5748 1413 
35123 18314 
86303 63568 
84679 26164 
27199 23007 
42475 22650 
6317 52687 
23107 68062 
49480 36625 
5211 39659 
73015 72573 
71743 62217 
10395 29158 
9176 16664 
50754 72925 
93835 13387 
12516 48779 
90624 48907 
98882 18518 
64437 99877 
33587 36469 
57818 46754 
55147 68659 
19748 60971 
55685 42563 
79924 34092 
86495 48103 
50501 75157 
16655 97450 
2960 53339 
23266 91072 
11663 17008 
12331 30570 
77566 77434 
17815 65017 
45719 5632 
3060 56847 
8365 54205 
93572 5761 
41802 82564 
3042 74706 
59678 33517 
75547 20666 
77930 82001 
56011 44803 
77356 52566 
18305 41468 
18625 81269 
25760 43618 
11500 79735 
72425 33411 
65175 44407 
55032 11045 
49824 42387 
55452 92333 
80801 96768 
71294 36129 
96447 88993 
18373 86330 
37999 93521 
42907 50078 
55858 60978 
23608 23657 
60323 69943 
14210 20701 
6828 74687 
75562 53485 
55876 86400 
73026 67405 
76038 38849 
69727 31179 
64762 5896 
29121 40901 
46189 57940 
51361 4713 
67790 67098 
7114 36750 
58348 96831 
99768 3880 
28661 40703 
82367 36892 
93311 7109 
79171 38931 
66945 82059 
13359 98308 
41741 40467 
22224 40285 
84070 17926 
49078 32936 
97843 99553 
37153 95951 
89626 30258 
14921 48005 
36347 1663 
54552 68298 
224 24904 
5640 40909 
57570 55673 
54853 96821 
8189 98122 
38839 67772 
10308 77606 
42481 18540 
42354 38790 
47538 29839 
27336 95211 
57706 62671 
68203 29207 
15325 46839 
33273 16953 
42220 1212 
99653 32374 
82601 11455 
9590 65816 
99439 62083 
19724 78647 
77451 44045 
26512 3278 
15557 36465 
32367 89656 
49632 91753 
76588 93883 
32363 36969 
92716 2366 
11223 41155 
69692 85786 
87839 88290 
88033 81195 
12427 38575 
74224 7647 
65551 56971 
66606 31053 
6053 37208 
14275 7300 
18854 51928 
36864 49216 
79192 15208 
57513 82548 
60916 52375 
83987 78908 
55608 33862 
53572 79505 
36597 44786 
76262 52490 
97341 29997 
7700 58861 
17170 75537 
58457 37149 
59065 61770 
99426 55461 
83929 50874 
54483 20971 
73692 51969 
81026 81594 
91677 40831 
26599 2290 
72750 97967 
15541 49380 
28124 68762 
63436 70208 
70052 42482 
39120 12646 
10202 93106 
94100 89176 
62163 24267 
57451 53675 
83313 13042 
50623 25515 
24189 52881 
11044 65235 
14540 54663 
26018 78791 
4400 76682 
69132 3263 
95808 19315 
224 5909 
46200 38174 
36967 10594 
98045 746 
31181 50833 
90965 35857 
86249 37145 
42328 2690 
33320 17819 
40264 36720 
43491 6921 
79048 13550 
90730 51046 
80970 8514 
96048 7246 
91107 19797 
77253 8549 
1793 65941 
608 612 
62157 64743 
80802 43324 
54728 49920 
3886 84522 
75900 84319 
54133 29518 
39964 84039 
10303 49743 
37462 76503 
39360 96580 
17734 77365 
56406 12330 
32870 86037 
38479 59263 
75652 67732 
76798 19831 
67619 11073 
27150 56381 
5038 24656 
71347 57067 
50378 63392 
34012 36198 
64745 56014 
8432 1850 
12827 38831 
32811 51345 
36012 87631 
23998 6074 
81651 79564 
19572 51155 
96853 9916 
1185 2520 
43702 34874 
72122 84308 
69499 10682 
40292 62806 
70351 52061 
14190 49676 
19409 38296 
53846 56855 
92034 54118 
31386 58254 
9364 64299 
46541 89264 
39027 85831 
11292 94080 
37161 39635 
64812 12987 
89438 34918 
4959 87013 
10426 63628 
25809 45698 
90462 59884 
32050 35289 
37051 9854 
60538 39244 
43893 81195 
76919 40718 
34785 78043 
30932 77570 
71912 17436 
47868 44428 
88483 66148 
5621 3501 
4178 73087 
96872 76041 
8538 81736 
4169 99788 
52227 9556 
22012 54179 
68995 36826 
44528 74791 
62193 56110 
99905 1179 
28889 95322 
53502 28203 
61876 42346 
20379 59913 
65300 67182 
24960 97192 
43168 58840 
20672 25614 
71646 68459 
35576 8370 
45849 77622 
41408 30577 
99740 91365 
52865 85964 
33774 89104 
51627 44644 
49109 53483 
95272 91580 
79461 37119 
15130 79355 
32112 20279 
29083 95967 
98108 58693 
95397 8663 
68349 20058 
11928 8150 
97037 60207 
21361 44088 
86898 95487 
17634 12336 
31589 86583 
61288 27224 
39880 60848 
2201 87984 
83495 65127 
77033 27466 
55879 59141 
95654 13421 
2722 30684 
55943 57861 
86720 38196 
29563 78400 
78818 63737 
42667 46977 
26138 89919 
34959 55997 
32774 98089 
18134 29669 
3837 21823 
70446 9219 
45412 79778 
97985 44634 
83462 54982 
65257 32739 
63323 83852 
47694 51663 
18000 67542 
87019 55123 
48360 20657 
36669 6454 
41126 27945 
69003 51961 
61711 88273 
78591 55897 
98003 86988 
56613 45276 
98564 52739 
30248 41713 
44068 22869 
57890 89618 
14379 62705 
46146 25341 
65293 58363 
7784 70212 
8781 30161 
11141 71959 
98465 94258 
80979 63579 
58097 33870 
98386 56537 
54981 28198 
13013 35990 
12543 27159 
24827 79800 
76685 53079 
14478 80166 
99083 56696 
1541 7012 
77250 54126 
88053 15610 
95974 23909 
1164 67447 
47640 48801 
83149 2950 
70011 45668 
89681 77459 
29146 38679 
47913 47700 
92493 95890 
94846 75028 
82527 67438 
63371 93821 
74914 34694 
8493 78682 
6767 4092 
69480 32468 
90413 56753 
45003 8672 
85957 95620 
17829 76325 
71976 15485 
3200 33311 
67836 58128 
10790 74912 
3426 4714 
3935 28348 
2478 673 
11852 71256 
44208 4456 
619 62277 
94671 916 
36930 25309 
53979 22458 
84992 45477 
48484 76712 
61392 54525 
8029 88137 
35360 6056 
7542 22807 
2588 66956 
19543 80560 
79598 80311 
19526 6759 
62638 87289 
9722 97102 
70166 30678 
78417 43244 
41239 1186 
91771 94424 
93407 29072 
22995 90868 
53274 68345 
59789 58414 
60396 68502 
95103 40645 
10971 79647 
98547 84731 
51604 90859 
86213 90267 
55383 58796 
55199 76585 
12641 43757 
25775 23310 
46960 33843 
38924 91410 
23348 4324 
89906 37523 
49978 28970 
39519 93052 
87493 32843 
33895 91333 
70575 51946 
80958 91123 
15354 44107 
77070 62710 
33187 77621 
50940 74166 
96439 9411 
93524 39536 
5126 52872 
72425 68258 
84615 27043 
87224 85606 
4073 73379 
8195 77703 
42913 24190 
55021 51420 
48261 7620 
14434 89451 
20268 78128 
66062 23893 
34095 68483 
84363 47884 
57473 69598 
11140 34126 
50993 57879 
47929 31611 
44593 6261 
483 67385 
68206 34759 
18571 88913 
77127 79107 
13506 44416 
53374 81902 
3083 13471 
83162 39738 
29027 68259 
7602 71888 
15577 67032 
18801 11375 
89492 55667 
26805 57640 
61577 80642 
54123 71524 
77687 97313 
24098 37915 
83249 91089 
96941 69149 
9484 15884 
72992 73150 
81781 94200 
26625 64282 
71121 16235 
56158 52042 
57940 21626 
35259 2928 
54531 46725 
29539 34260 
36812 72771 
98387 65174 
69250 15882 
36554 19677 
67741 58477 
22624 49393 
34395 33542 
32182 19508 
15491 38142 
42400 80421 
79253 70586 
1674 29755 
83635 56883 
63085 54608 
5982 56441 
83665 32338 
36192 14389 
72782 59635 
92941 58464 
32463 74315 
8537 22128 
70042 31977 
42171 12356 
79255 568 
23575 30510 
79762 39913 
99534 97755 
77018 40356 
54227 32685 
54551 4972 
1032 78134 
38897 73123 
98213 76585 
83806 99697 
23820 49161 
4804 23946 
56171 41878 
57779 84630 
45430 64644 
96015 64028 
29112 63446 
58896 72400 
39712 34215 
42528 16604 
76235 8061 
77590 31809 
63027 11893 
92946 93675 
99118 35863 
74929 69801 
9186 19654 
41647 13944 
43290 3315 
39276 54214 
36668 75166 
33020 77350 
33216 89247 
9278 65196 
96620 17816 
27512 96591 
81700 50654 
60428 88184 
15162 52176 
39277 11027 
39720 39867 
77476 86327 
8513 53049 
80162 33352 
77716 39754 
59949 15253 
34449 1230 
69830 4427 
14351 98585 
33053 68067 
8608 44133 
96751 56662 
33745 71195 
61208 63467 
39167 412 
39861 11344 
57213 98103 
86505 14876 
58393 52725 
85619 60291 
60518 79212 
39328 43473 
54597 97782 
264 7235 
52648 23732 
93413 23020 
32996 47812 
42004 69317 
57147 82976 
62624 69371 
59007 2591 
22928 64081 
61993 97665 
61689 12556 
62478 36183 
55392 32369 
29071 16375 
78177 14332 
6386 67509 
42654 72501 
79220 66780 
27977 19086 
48505 8918 
98511 86126 
93899 86323 
91546 50985 
49566 11870 
5723 61147 
99471 43951 
53187 95269 
6422 53891 
47964 42094 
25131 9575 
90629 26562 
13735 35933 
75096 63355 
50481 52869 
87170 72107 
82705 84285 
86500 45637 
83782 78067 
63653 22814 
70343 76162 
42259 81063 
36891 26392 
52534 29993 
97820 33133 
36932 57282 
87893 2761 
61314 50695 
61396 51513 
95707 95997 
47458 8401 
97601 29521 
64454 63862 
77687 6286 
69927 86018 
53056 29807 
24142 50743 
96071 78122 
75146 9172 
68508 52070 
31152 46860 
90008 66468 
72064 72474 
27486 2608 
66146 10736 
7879 41355 
114 64270 
50442 144 
1338 52059 
86782 4309 
29382 28440 
86933 33398 
40761 35841 
37969 96550 
85594 46951 
28020 7489 
77724 7531 
73025 49316 
90927 99815 
86151 42052 
72980 8223 
30530 51742 
36658 84083 
14808 8960 
82116 74098 
87992 36651 
28679 98516 
65155 22538 
85688 39239 
68794 9665 
71876 25585 
1984 20172 
607 85965 
78940 72028 
84405 67422 
26201 96187 
76300 11820 
33360 12523 
57865 17379 
76134 76902 
4159 7358 
56526 68875 
4401 73831 
4913 49734 
93790 63872 
67168 84040 
56730 27856 
56201 84261 
94581 55189 
81841 7757 
12131 81441 
85538 8122 
66110 62697 
97104 18767 
36392 77858 
99558 25639 
25892 37724 
35097 68074 
68748 50836 
10352 92077 
28003 20422 
62254 68659 
93810 24184 
27237 81400 
51076 59282 
15944 82014 
71513 18498 
33203 10443 
99202 448 
98789 76913 
41092 46598 
18293 7362 
44233 40934 
25429 60781 
40102 4326 
67194 37284 
63025 64918 
31503 9079 
4499 88361 
23302 23022 
48112 7229 
79604 43080 
40801 97674 
76509 23755 
95353 13189 
21982 31429 
86335 279 
47012 59567 
97041 88928 
4759 15877 
98596 71909 
62374 94732 
94008 61334 
23414 86593 
39731 38264 
50125 17634 
65242 91761 
64314 57416 
47152 77474 
93166 80215 
58514 12650 
92049 16469 
6319 64409 
20225 84843 
90548 81193 
67339 52505 
66680 63481 
28660 31490 
70250 69185 
5284 82385 
66800 1584 
61841 63100 
23493 33208 
8715 30072 
59698 77803 
88411 72063 
22999 34280 
36407 32539 
54392 91542 
55658 55654 
51810 1112 
90943 72977 
14683 95698 
14289 33355 
53881 56126 
35964 66695 
81183 6545 
36862 63931 
50306 48346 
77590 50099 
7610 26937 
77139 25164 
24681 62339 
69778 48151 
27362 64503 
42630 44126 
6140 97315 
28371 20684 
91385 51450 
77595 90891 
3564 35548 
63609 12973 
43352 97629 
78760 73565 
69480 44241 
65878 60958 
23168 33495 
91027 97537 
97182 79999 
4444 26488 
14821 24612 
55436 76832 
79558 90021 
23949 63008 
79583 64331 
6634 10459 
83175 29178 
48439 37048 
40594 76299 
42144 61656 
16112 37103 
27673 55929 
9825 83416 
10669 2896 
93060 44441 
85497 77061 
73453 24903 
91720 14576 
26222 2387 
55039 99232 
76653 28113 
63816 50257 
95505 54674 
10487 61280 
73824 66718 
83541 6356 
76536 96128 
30227 98525 
35273 61923 
22700 59179 
30007 86951 
51099 32369 
26359 8351 
35860 57180 
80880 16861 
98536 93450 
119 31219 
55535 81349 
40945 38225 
2353 3724 
69404 6475 
37275 11603 
53270 12346 
32957 67897 
49512 507 
1926 62088 
62037 38020 
17731 49564 
87365 11090 
47344 73270 
36304 56522 
22379 32474 
18222 16195 
26795 73707 
1179 52149 
6964 92290 
15957 62307 
16341 49403 
54952 92475 
91446 29248 
27912 48888 
18457 83622 
75677 77440 
90449 37104 
10346 90640 
74148 55055 
45733 91431 
2047 8750 
5481 64184 
80838 7241 
47874 77486 
60319 3902 
26185 70821 
38291 27120 
11285 77759 
86450 29243 
39285 71997 
69829 95612 
11160 9401 
98138 6419 
63537 79126 
91117 98121 
50319 69983 
62072 28263 
23265 4395 
23780 7838 
76376 91601 
99250 28659 
23687 4217 
76109 79755 
12976 87824 
77898 16417 
38947 71945 
38139 18258 
8614 62593 
53763 48568 
28852 61504 
63344 6209 
31561 75245 
42534 43451 
25354 48582 
34230 8394 
64397 80781 
34173 58995 
54772 61012 
34089 87237 
76679 89521 
83901 86586 
86786 34992 
72170 93662 
79257 15297 
39629 35900 
26200 78780 
34544 21004 
88752 6314 
90573 11111 
88510 50509 
57927 34850 
55706 77829 
46842 3840 
25277 81760 
48716 16702 
34935 90776 
84751 53257 
90328 3528 
94521 84363 
1586 45487 
17629 48715 
62801 56238 
40441 76919 
41418 84656 
76885 75314 
68042 90431 
27364 17228 
68825 24665 
13103 27778 
62384 89775 
14545 89786 
51116 59435 
51926 43039 
72805 73037 
33738 96874 
42568 5930 
64500 26921 
7501 56656 
47141 80880 
56760 85461 
37232 75311 
78370 84558 
6420 25667 
30715 59923 
50648 15210 
1434 56857 
35077 74902 
59364 67115 
2098 16055 
66219 14076 
81439 30218 
3833 24276 
32078 46700 
90093 58533 
14512 17111 
2095 93983 
38944 78444 
98594 19534 
59986 31455 
35473 31546 
91770 59510 
97748 94011 
98643 4531 
29531 58048 
76130 11347 
29409 19244 
74447 49459 
92865 28163 
32550 22162 
25629 59311 
84565 76921 
22300 86895 
72421 38060 
3061 11908 
48597 93067 
28016 34390 
81115 77190 
63438 67171 
79278 17506 
57124 42934 
43086 17290 
91121 75157 
1916 84241 
19191 95310 
48710 32010 
63736 3598 
94830 13484 
42247 38634 
67641 76415 
16928 92604 
48059 67200 
12782 72814 
98438 47057 
29228 37924 
62602 26292 
78247 17781 
29233 67001 
18066 59418 
37459 52321 
15577 28618 
69211 71195 
62937 36388 
16736 21633 
94252 52744 
35660 92589 
96733 16400 
94077 44805 
87411 48283 
6352 74376 
31268 29228 
96699 9280 
9536 7760 
72041 58749 
7998 62592 
96283 8105 
84215 56265 
48820 27582 
89963 81288 
18992 42637 
70512 18232 
35117 95395 
35957 96391 
51887 12126 
1446 71964 
23091 80024 
22949 16142 
67996 28066 
13108 36048 
99195 1368 
7769 35179 
17309 16184 
67918 56805 
93671 83606 
44071 43736 
55963 93988 
546 90909 
63739 61286 
95593 63472 
10883 36735 
40017 2323 
20255 14659 
11723 41542 
2142 69737 
86498 17679 
32592 84661 
56404 59583 
70309 49868 
46308 9266 
71520 42934 
6362 39228 
81050 24190 
53641 99742 
74844 17271 
59712 50802 
4244 78564 
32536 7722 
45567 97872 
20918 56846 
89884 14157 
77601 78387 
17345 74815 
53161 47090 
88030 14720 
57011 68247 
46998 82124 
14094 46536 
85069 92539 
66287 78197 
18846 48819 
16029 3285 
53567 25941 
86389 54021 
70631 82353 
76553 87739 
37952 26252 
24615 98460 
75793 34813 
50604 59835 
23324 97095 
41844 64014 
41865 27287 
60001 85936 
59631 73914 
94623 20593 
9756 32774 
61469 12034 
38492 56630 
45625 17170 
63678 43048 
19156 24892 
44931 73297 
20979 81582 
86498 69837 
72662 57780 
31278 37669 
18010 27602 
20266 55743 
16609 22426 
85517 88555 
91877 63441 
16690 95263 
32736 73849 
91336 23858 
74648 20810 
87327 91319 
40578 39687 
2146 67198 
5321 48683 
88255 97684 
57703 70682 
76343 29983 
74290 40908 
98981 22688 
85550 93952 
46063 56853 
10807 91802 
80369 94605 
61875 75689 
16714 67357 
66912 98870 
21334 14108 
45814 24937 
19536 31777 
76390 56786 
9088 44175 
26592 95070 
64459 43969 
92231 11791 
82682 12847 
71884 64627 
65532 79136 
31143 70627 
54626 29224 
56842 4145 
36176 49397 
78606 83164 
10351 38092 
39815 60614 
76535 95060 
33006 42858 
20264 63564 
75767 16213 
191 74490 
92339 74171 
24185 17139 
83409 2959 
72500 40450 
12028 1106 
72909 70557 
7069 79910 
57832 15818 
87351 15990 
36672 18845 
39308 4565 
97953 6562 
38997 92652 
15288 83948 
95297 55097 
68850 14876 
5270 13123 
9707 34336 
54981 85067 
88229 40348 
69461 2018 
39783 20965 
14031 17254 
70979 82070 
75888 87727 
17998 55000 
9606 8239 
54851 79569 
13141 34558 
13911 77680 
11953 40395 
43630 55455 
68024 14977 
69115 97722 
97831 22911 
40050 47672 
78735 16077 
47437 96643 
46811 8496 
65735 44247 
40771 99430 
30178 27407 
26435 57409 
90423 58427 
44108 58451 
91135 56775 
57272 5440 
17729 7093 
45134 42416 
11184 26753 
73878 17507 
99737 80340 
1881 41280 
17185 35531 
22668 33478 
77665 15118 
26059 50434 
54975 63296 
62739 37893 
70871 10823 
30401 59538 
31214 93324 
60628 10200 
61483 49725 
74855 34573 
83850 3720 
95048 37156 
46894 10133 
40110 87254 
65973 30221 
12604 94034 
57408 85170 
82004 50944 
52813 25432 
505 26280 
61290 45074 
45299 7203 
6659 64900 
67290 88246 
4494 5894 
40361 32128 
59463 75405 
47591 20663 
57324 92474 
11253 56607 
97879 85872 
71927 73467 
65309 8633 
48748 59639 
60529 26280 
67574 5647 
26541 52411 
26793 38860 
82244 24973 
81499 18729 
42758 39282 
65933 27406 
45040 79745 
41396 5562 
16416 21221 
52201 51268 
20620 3116 
95822 21020 
91048 14526 
65009 46267 
14136 67164 
99461 6288 
57134 74263 
92537 78797 
44005 98316 
34524 23351 
70794 78248 
38150 39477 
17523 97489 
84306 81336 
57521 8447 
46350 3845 
87056 85971 
99913 61346 
98266 42684 
1775 79241 
96567 2424 
26169 71434 
20105 94541 
79778 82024 
53250 1418 
77736 88338 
38773 64362 
52083 14249 
84028 28862 
81439 67642 
25328 89226 
76039 33963 
61691 74749 
25832 28986 
94196 4795 
20996 38240 
10434 28582 
84007 47973 
34892 56929 
10308 3120 
25557 87893 
671 11410 
34650 25943 
82483 49570 
67101 95220 
59499 17533 
64248 51418 
99994 29618 
12182 3967 
71786 27836 
24294 70440 
59274 51804 
75783 98497 
52405 2176 
74222 7162 
80398 90085 
34784 18889 
74097 73760 
91285 76589 
79974 45322 
14974 65716 
16096 45679 
31790 90457 
55768 53522 
25835 85258 
48121 15625 
91862 78120 
36555 59935 
52843 60527 
15732 60421 
89983 60317 
75742 3180 
42066 58500 
18080 37018 
18581 38716 
92247 78523 
36814 8953 
94061 81592 
36940 89132 
87182 74452 
51117 15280 
57890 13381 
2683 71299 
89820 1689 
89785 22689 
50110 74910 
64103 93092 
11399 58783 
49826 94176 
95052 65233 
60608 92091 
10248 3421 
62983 69653 
80764 47849 
3542 22375 
96768 23596 
64156 8626 
2421 39913 
