56675 73107 
27138 89818 
47300 28958 
84102 70445 
91626 61005 
76137 38659 
5386 41297 
64422 7774 
39757 53015 
95212 32678 
89330 96548 
5679 40263 
4995 93916 
19922 63928 
58443 66090 
47136 36448 
67605 80556 
33096 57341 
33034 92284 
83383 65771 
54125 30335 
72206 18124 
91006 14409 
74199 90576 
13059 20934 
8228 1268 
28224 56656 
62043 74180 
18617 39181 
74509 47334 
17434 28590 
88182 61654 
49746 1946 
49166 53643 
25475 13450 
23474 14952 
16723 36952 
19505 75007 
73572 44694 
54817 9036 
32587 36396 
82005 73156 
50468 96170 
93293 20636 
51657 21272 
56370 58989 
13155 36308 
95004 66277 
22425 79278 
17161 96792 
34977 21721 
10627 71230 
27057 64211 
71529 64571 
85867 30611 
4711 76006 
4808 69723 
36565 89635 
54490 61359 
10705 12057 
81579 15355 
94780 3560 
47039 46707 
12767 3304 
52906 7707 
31233 85699 
22480 58906 
70344 75149 
92638 64661 
80819 89354 
48979 6227 
26545 77601 
84568 15534 
39238 69762 
91306 46234 
66331 54159 
99286 15058 
16153 58041 
63955 66190 
15528 13095 
63522 34074 
34063 50221 
9765 6010 
96684 82777 
94232 14830 
1398 5514 
88806 24134 
82780 57672 
94716 3778 
13354 72963 
87276 31712 
14818 66668 
35002 99754 
58981 90596 
81206 45512 
74295 20359 
63798 80444 
38053 26251 
14709 34903 
26586 18928 
24240 95008 
16215 54184 
77559 63352 
76242 27279 
70736 35768 
71934 86625 
91855 49778 
225 49045 
9148 26846 
13779 4408 
42539 189 
50099 56127 
7584 92641 
71518 55820 
11534 84973 
39182 55389 
50073 94034 
89582 17810 
269 62247 
55683 99164 
30378 45222 
76384 38699 
50348 72640 
67837 71206 
8223 49055 
88021 6529 
97143 55909 
12059 4722 
75185 13780 
49875 12197 
16066 64788 
80115 14137 
2536 39080 
44624 1509 
46286 76433 
46353 47225 
68282 84291 
20183 35293 
1663 26891 
984 89246 
85681 56701 
96088 1722 
3656 18945 
80446 75732 
80485 82808 
71838 49981 
95985 78758 
10853 95566 
89203 50435 
65711 39407 
25788 61689 
5563 90986 
75611 34596 
37575 23272 
1067 32672 
82854 86162 
87811 44991 
74203 11317 
59171 71557 
94752 985 
3082 58033 
40605 80201 
6082 78794 
83011 31707 
32798 21296 
25905 25994 
11280 81865 
3254 5070 
84676 43269 
37263 77856 
67939 67830 
83312 37575 
4616 6303 
20377 17049 
53234 92411 
6758 56520 
45410 65663 
10056 70417 
48513 40968 
37659 64451 
34574 22546 
39400 72467 
4103 41792 
27560 53674 
38569 83978 
61097 15216 
58523 57077 
70717 2454 
45692 47474 
59347 29915 
46853 1985 
98595 9559 
14875 73342 
55935 69811 
58048 67173 
29647 48775 
62688 32542 
38963 88081 
25934 45197 
15378 50040 
85791 42973 
67767 30073 
63682 86152 
48736 38836 
41106 32078 
32521 84014 
76501 32979 
25816 90481 
30978 88679 
72050 59292 
12331 11785 
76914 80959 
65586 91902 
78377 86493 
35290 77606 
7932 40927 
99878 30111 
41496 58297 
31653 40981 
18162 44551 
67276 47721 
12915 55400 
83118 25725 
85459 89795 
57448 82791 
91461 26589 
67132 33318 
34811 51812 
10379 83287 
59879 17114 
69036 14262 
31340 16086 
24032 14900 
25728 64498 
15801 71835 
63731 22945 
97849 98318 
45100 5925 
66116 48601 
9113 80110 
59370 38834 
32671 66347 
16598 71091 
95412 24896 
46220 36188 
86607 21453 
8883 53028 
2182 42729 
40751 87527 
81822 54634 
47371 82494 
65935 73600 
79581 21381 
10137 52093 
62384 43435 
80988 63111 
85310 25537 
70818 5232 
78512 46885 
11833 39746 
92686 56711 
40033 14467 
72898 72300 
58062 25005 
66457 44898 
72743 13601 
33244 44403 
37843 8058 
33213 30306 
15526 58900 
50289 95920 
80978 41530 
74452 95740 
33865 52020 
4540 91602 
47549 40092 
53155 82361 
82415 90906 
32001 13920 
13182 88473 
71123 1672 
71753 67831 
78689 35837 
86916 90545 
79355 81655 
10138 58689 
78685 31022 
52729 16117 
88718 9929 
23795 72700 
15494 96924 
50710 27085 
53185 61830 
84228 56664 
51476 91081 
38899 89570 
22904 26294 
96100 72894 
35120 6055 
1819 3693 
89361 67444 
24165 94990 
20910 33390 
96705 7618 
69903 84769 
62798 90572 
61577 91981 
53453 37519 
3896 59779 
76614 85124 
57471 21242 
69298 50089 
57767 2032 
65716 26093 
72845 64466 
64244 39260 
61207 32425 
34058 91377 
53796 92767 
88255 3740 
21801 66640 
64466 11341 
7642 45000 
96228 47048 
90344 86624 
28817 98507 
28501 84033 
31759 16649 
74116 13013 
86901 4061 
78826 94784 
85724 13857 
20375 16376 
52466 45306 
61669 74402 
20677 31131 
17335 30173 
29982 73217 
43446 89974 
77103 98419 
84903 53322 
50629 74220 
11956 4170 
2518 45167 
52426 55257 
61019 25359 
79427 94194 
69446 9667 
45727 21380 
43181 46970 
65356 14455 
73288 52348 
30686 1786 
69313 22013 
18901 78318 
26091 54684 
85642 51155 
19827 76202 
65599 59362 
87237 10334 
99865 72710 
18187 38076 
88172 37507 
97073 40171 
20385 4114 
61079 23142 
76186 40411 
4489 87831 
94423 8215 
47402 11241 
4330 55529 
4458 77430 
79708 56519 
34619 11273 
24076 13225 
26570 40082 
19932 18286 
75969 32423 
78497 66323 
40557 40866 
7612 93135 
17059 6025 
74997 16491 
69828 62876 
81626 50054 
55354 27211 
75721 62848 
29044 29999 
31699 60701 
91083 10481 
90416 73185 
26731 75064 
7078 39892 
23065 78333 
81504 3188 
98955 84994 
51688 31162 
67987 27100 
16135 14059 
65073 79606 
13025 287 
6636 39130 
24979 63921 
21579 5709 
97048 24672 
85607 35451 
52536 73397 
15056 53120 
66338 91473 
28003 88058 
8717 90760 
60247 24258 
3792 42363 
31636 35971 
56464 7035 
94272 13949 
89120 27827 
58262 74195 
95183 96455 
82998 81082 
60399 58871 
42335 9730 
24747 82648 
20573 18752 
57960 69040 
72830 3768 
99832 55963 
88152 54549 
72879 24640 
26629 44217 
9365 92302 
62825 37602 
47314 46045 
56986 17695 
40838 48881 
92758 94059 
98985 27985 
65602 75138 
14253 37271 
79568 57601 
67035 71711 
11807 10145 
95474 99149 
33946 6668 
1557 66916 
37376 94234 
23744 35120 
95547 65012 
44041 86309 
10495 38108 
13127 62015 
33156 47229 
71012 80739 
17382 73112 
12659 99054 
66150 55910 
98123 87740 
55094 71986 
34951 8263 
73273 62047 
66971 91414 
4022 53088 
88031 39533 
79732 25342 
61895 96522 
83598 37197 
70169 55716 
38641 36049 
29032 4681 
19724 51057 
12474 38150 
47820 85006 
94884 5557 
77447 96795 
79006 97995 
67969 93474 
6677 20950 
37383 31361 
59189 43780 
33226 59448 
41759 64650 
19419 25108 
12271 80548 
70135 2069 
58325 5964 
82197 93691 
48614 40987 
66034 10769 
84706 49802 
51906 22386 
57572 73945 
52872 30813 
69523 71214 
58890 26994 
16714 40706 
97489 41852 
39935 67263 
85588 20469 
42179 94438 
14349 11148 
40278 14134 
54330 79396 
64907 43180 
41771 28103 
48336 42358 
8490 29475 
42524 21784 
47643 51729 
91529 68053 
65531 94144 
41641 23173 
55662 27710 
10270 43068 
45434 75488 
50339 64338 
8097 56687 
40763 11915 
3052 61562 
5597 87439 
6100 20412 
14505 88389 
17883 79282 
45438 21410 
93577 97410 
96765 89763 
19788 37022 
20548 54466 
75633 24790 
11288 91445 
54172 26047 
25143 92886 
87612 87842 
23515 89992 
15138 74935 
31846 6478 
55747 44069 
79561 87374 
131 76130 
40340 86114 
15427 13289 
23226 34367 
64584 28749 
74558 63708 
78105 90440 
38316 95979 
80098 66803 
88188 70062 
62867 62751 
88515 26799 
24644 66969 
63240 30931 
33659 37893 
52094 69142 
58328 55036 
11460 26733 
8212 14765 
73720 11903 
63223 55195 
13346 66268 
29662 53566 
80617 73002 
50782 51287 
54529 49853 
16885 26760 
35361 93302 
65354 54168 
44291 22254 
34571 57616 
22569 54906 
37315 94315 
25990 40817 
49041 77932 
91737 61712 
64328 83835 
14140 9171 
60834 61599 
3513 45119 
24254 16997 
17931 51910 
30062 15638 
51658 82784 
48218 3436 
35945 30643 
35574 35363 
57951 43302 
7362 53174 
31833 26785 
33925 55294 
62333 94718 
91786 57593 
25724 41507 
9164 52470 
55521 39752 
85199 35499 
61124 88211 
29477 83805 
26385 65633 
63794 38427 
32079 77937 
51682 64118 
21338 21418 
72867 34313 
80361 23086 
39592 16492 
38011 60716 
59689 13687 
97448 9844 
87275 51586 
476 12669 
66150 87524 
91060 14716 
63216 57553 
88284 69123 
9692 70889 
1012 65535 
16395 7199 
16586 837 
6043 71518 
74165 72359 
10309 14025 
89595 40657 
12272 27481 
33225 78638 
75938 93797 
74662 96522 
93674 63065 
99160 8034 
99679 13271 
69232 82203 
43011 57013 
52004 7300 
87268 32732 
57940 78665 
5613 42263 
39814 10596 
69694 73975 
82110 63935 
88860 81331 
70539 75639 
42133 70371 
68942 74381 
59570 86476 
46575 67078 
51904 80663 
92624 85281 
57785 78781 
26762 87474 
76476 73122 
64661 23569 
80496 5305 
25602 81297 
57534 11726 
75664 50666 
13806 58432 
84446 62307 
82123 969 
35885 78271 
17055 66567 
74435 39726 
26881 70974 
86750 5006 
87421 50314 
15945 43585 
6381 9528 
80659 86813 
58505 63285 
24309 74633 
91599 72690 
51324 78980 
11430 61668 
16581 29216 
89512 30614 
21896 12703 
1957 71705 
39107 74484 
99867 30213 
23173 94059 
32141 49218 
665 74358 
90102 81330 
19119 38293 
20034 50320 
20951 91610 
54462 98028 
61995 77304 
45967 57455 
29161 16470 
48320 51664 
24347 3214 
78909 29910 
72443 97143 
13706 17374 
80110 35932 
11424 72934 
18992 72627 
37073 20609 
32127 27571 
56749 44605 
65534 33219 
5315 15372 
8303 41644 
86503 44594 
83986 59109 
51042 50789 
73699 69901 
12536 53953 
67042 12441 
3139 7659 
30813 74718 
41449 20084 
57460 83243 
83617 11615 
5306 69909 
55285 6012 
70808 14608 
16782 54549 
39465 77874 
96918 48115 
46447 57522 
41719 80939 
40640 25954 
63651 91452 
86496 30720 
44127 20701 
56939 69895 
37533 96818 
67567 85983 
48511 75240 
77439 57310 
5929 38680 
35024 4234 
36739 88305 
79179 69021 
50827 38126 
14528 72854 
84003 58316 
68208 1191 
10441 99972 
648 19593 
28166 73787 
86941 76108 
41576 48165 
7283 3464 
13547 78494 
85099 94544 
36317 78624 
89681 88024 
75129 98024 
76493 67548 
71524 73662 
72810 47420 
54222 84353 
28920 90597 
94664 47122 
45848 80596 
61600 60080 
59438 47959 
74499 14375 
7551 34051 
29107 68972 
32282 60191 
70127 6322 
72288 58541 
15777 64453 
81691 12640 
96918 71529 
71475 50112 
59450 92679 
6903 27856 
92838 35652 
10200 50853 
89940 51841 
11595 69789 
13687 12274 
63793 9765 
44723 34332 
85030 92673 
10764 84320 
24114 29137 
53209 83424 
47169 72489 
69481 156 
30309 46811 
80571 21098 
5023 83886 
12432 53550 
43823 29736 
47181 28655 
92508 10462 
95431 41605 
52412 79199 
64646 86764 
91064 1289 
50057 19824 
12939 73117 
54467 6577 
53313 11580 
51185 98438 
67708 95795 
40342 8555 
77013 90376 
13055 49143 
94101 30524 
30116 30648 
1574 3154 
42370 16379 
72296 15420 
28410 72466 
24410 2252 
1947 52303 
80814 87898 
45927 7083 
59380 82977 
63442 19589 
54680 68152 
96468 17116 
84602 88319 
52654 31190 
65939 57062 
97656 36715 
51879 50137 
15928 21221 
11324 48889 
16403 6112 
55030 79720 
61182 66084 
16811 84169 
25112 70366 
79375 45603 
52052 99984 
93849 93188 
59660 78935 
79642 1550 
58699 93984 
7014 5423 
95143 67740 
58568 52563 
93762 92722 
37868 25361 
80428 30331 
43452 71836 
87004 27948 
54777 54 
97512 9825 
82931 6534 
77139 53012 
23461 28838 
36706 68231 
11241 35279 
24379 67446 
18031 90570 
3666 14819 
52231 65246 
72199 25779 
17297 88802 
99274 173 
60396 81761 
11843 49731 
96090 40268 
38397 7560 
21189 88276 
28091 87920 
46386 57078 
98537 98255 
57889 99625 
29789 92226 
87979 98011 
14383 92483 
17279 76456 
93677 4951 
53482 89298 
59279 92587 
31403 13709 
75011 75921 
57409 40277 
79637 80088 
77673 21053 
63508 53662 
84121 4329 
73291 43270 
84588 58156 
88126 19796 
54380 60464 
27830 16921 
55322 12696 
99189 60798 
55300 15963 
59900 40889 
6467 33982 
81385 96252 
43435 55465 
21516 69074 
44175 60093 
76137 7746 
55797 86876 
64382 85516 
24979 1418 
16876 37555 
88547 59513 
78242 9201 
73549 68490 
5724 51239 
28135 54852 
44274 94238 
54661 57006 
85110 83306 
44655 75284 
69550 57047 
21628 27914 
82818 10082 
82180 81271 
93566 87190 
88474 45474 
34009 18918 
5834 52272 
82869 23495 
98108 61169 
8707 67889 
90386 71867 
54791 2110 
83767 56365 
98278 55111 
60106 62424 
96301 8126 
45987 81606 
39421 41831 
14676 19745 
69004 87411 
92383 55439 
79169 98421 
895 23044 
16291 299 
12484 10655 
9440 67413 
14968 20672 
13654 23765 
84905 838 
24632 62732 
45121 16965 
28196 33741 
39111 5119 
80792 49251 
89336 10622 
78336 24200 
19043 94014 
59864 71814 
7934 59980 
9735 44658 
20876 44245 
67545 27875 
95817 75600 
28450 62724 
2162 15431 
18245 2879 
84089 65543 
57341 83357 
84636 26546 
85690 12544 
5857 83723 
6739 81449 
97948 95022 
22661 21160 
85960 56738 
75392 29388 
36579 26401 
78407 30078 
39395 89565 
22716 26243 
27219 67418 
67223 55496 
88202 75506 
78342 60197 
28859 60410 
66732 39705 
31590 60780 
79997 60892 
12874 61942 
49373 64935 
29041 39147 
55733 23299 
95361 13528 
75610 63921 
81190 76971 
91503 9780 
18983 77368 
2386 46360 
18217 94079 
50113 61963 
6614 74949 
85334 85371 
30539 50845 
32570 79082 
34016 91444 
78254 33121 
1558 16866 
97825 44415 
93842 33767 
58384 59741 
27226 21621 
81943 6473 
48215 55186 
30968 34685 
32204 12517 
82703 46558 
92154 84398 
91649 94666 
17371 70703 
657 89359 
75108 21929 
50188 67307 
98459 60041 
52648 38201 
52875 91772 
44043 44659 
20561 9630 
98816 41610 
67157 61149 
95303 25711 
58301 55273 
49102 22812 
75024 66280 
89512 72049 
36414 90277 
40261 28826 
75556 7055 
79883 45788 
30512 968 
99409 80782 
5922 98501 
45429 23935 
32794 87333 
35119 32103 
4162 91935 
56519 8308 
92470 94153 
22066 66202 
60947 3685 
26381 75162 
65663 3040 
70260 90323 
7569 14281 
52058 33656 
34561 60753 
94865 7166 
12433 26001 
73349 87308 
80570 44197 
27628 70958 
83324 91665 
3226 17571 
21249 87478 
35928 59576 
97699 52560 
8275 33682 
45786 21429 
40472 19393 
8283 48397 
42640 57908 
8776 973 
47631 64472 
96228 87190 
64022 40348 
67078 20728 
37465 36753 
69105 87934 
85214 22416 
69507 44243 
73417 58874 
25986 33991 
39721 93158 
34124 97250 
24717 36262 
36894 62 
64952 7532 
72912 332 
17503 90143 
8874 40643 
31516 60803 
48565 41385 
55669 28104 
35967 52846 
72137 38184 
73196 13278 
77473 83851 
55330 51489 
88692 83872 
83701 67091 
38891 82807 
56784 19337 
40904 58615 
53559 56327 
39768 15177 
18063 20379 
45194 79944 
25829 72489 
33757 23142 
62997 89052 
37209 64229 
77108 97411 
88063 33804 
64938 33278 
76546 14676 
47219 22731 
84025 94532 
42655 14220 
97186 24434 
94398 11902 
74530 92347 
20991 90645 
32148 88919 
60731 5129 
39292 63985 
53539 40784 
65894 46524 
57626 92621 
4000 28286 
29591 99574 
92974 91845 
6071 6551 
14356 97537 
12649 74183 
86458 30556 
91453 7115 
81015 49421 
82740 25701 
4650 70092 
17694 63080 
36452 66211 
79819 29888 
89597 65257 
70479 52205 
69758 72838 
70515 54876 
35935 62922 
24338 31944 
30392 30494 
85485 18708 
33545 14936 
53347 55793 
16895 67391 
99652 14605 
12583 53397 
30210 35705 
91592 53328 
52580 16862 
44358 47424 
23497 75936 
87287 49704 
31264 5249 
76601 85569 
27798 28723 
96981 91617 
62585 70817 
6622 53014 
86555 47192 
62605 83686 
87712 90999 
20892 97685 
92342 35872 
3814 16249 
15706 86890 
54539 4432 
74363 24221 
52831 33560 
78599 608 
49297 21411 
7926 13536 
86369 10637 
35203 55615 
13412 7812 
5656 72660 
70652 20406 
95925 87894 
12020 97068 
75229 82859 
60533 97767 
65852 60877 
41519 94693 
53369 57263 
18743 32230 
28365 2005 
66445 54886 
50900 85271 
46279 45773 
16553 23816 
22373 5033 
68592 77298 
39941 37535 
44696 17454 
13349 12271 
68589 10267 
18041 2020 
97074 31485 
57382 11227 
11167 99223 
80305 52417 
96369 73913 
58500 37091 
91605 45469 
92967 5705 
98939 287 
8891 33158 
36917 36616 
15082 11170 
89208 75782 
49646 26976 
47224 98931 
7075 28972 
70456 24166 
43615 94251 
91525 27377 
87540 90416 
74264 1513 
38897 54633 
92634 43733 
29292 96547 
35884 57576 
26471 68545 
61050 58194 
10714 36739 
7800 72706 
20498 29174 
62523 34825 
63385 33882 
8741 83200 
14791 68784 
29082 86276 
82029 47845 
30422 32974 
93989 23471 
48299 48141 
87785 93821 
49258 14452 
2930 25523 
90537 8347 
60819 57228 
15347 86563 
2759 17508 
58965 91979 
83298 11776 
15960 82729 
67266 7243 
72098 26911 
58732 72362 
35816 46746 
97989 7769 
13625 40650 
98710 39425 
61408 59439 
61586 31494 
9294 63779 
93035 16401 
1641 43983 
77988 32624 
15627 40385 
4283 6920 
22058 62791 
12868 17039 
30214 70866 
52798 23393 
14900 43840 
52914 63741 
58362 37514 
83136 63612 
52285 99349 
67450 27027 
95870 88248 
27977 37022 
94767 24678 
84893 13515 
12683 78908 
10523 47294 
52526 90356 
37590 53175 
47198 99485 
51386 62848 
21485 65112 
53523 8500 
45985 34687 
70999 31957 
41578 32819 
98419 90960 
8695 34220 
3553 24080 
49480 91224 
96770 78874 
22909 93194 
63476 4064 
23029 45363 
85281 55844 
98705 68027 
30478 70850 
39618 33553 
77259 13903 
37700 78237 
44171 17334 
95834 48847 
41466 90493 
96338 69537 
24275 93012 
60592 43845 
23946 33436 
28191 38587 
57443 76053 
59032 31751 
66336 13029 
15031 44827 
16701 86453 
9464 21569 
99192 25403 
21444 59757 
4525 96886 
60597 50324 
13832 56288 
32756 29072 
35584 22921 
1340 202 
41218 99332 
61022 48031 
138 99217 
40436 13499 
91388 48097 
28861 75461 
74135 73367 
78183 43272 
31959 5891 
65896 36772 
67004 73998 
17527 2574 
9217 82566 
77555 91389 
23158 34804 
86774 176 
40299 72429 
71011 64985 
18246 81115 
71198 75658 
30001 32397 
48031 71900 
16139 10680 
75808 71758 
90707 4549 
99473 78152 
77682 25271 
66539 6884 
68970 52206 
61236 80408 
37236 94772 
62131 35654 
7255 3684 
16388 1331 
88000 60382 
73967 10386 
94361 22862 
53274 26673 
42157 8583 
16124 81400 
83032 50696 
14339 34519 
56837 72493 
32922 99042 
78283 86841 
95455 92057 
41927 42273 
16216 5311 
24948 5489 
80502 20285 
90738 91203 
9710 27984 
47964 24599 
20981 52027 
99544 49088 
22550 15124 
23923 72634 
95407 33661 
67012 79613 
99477 72872 
87384 21956 
8274 45941 
89533 43315 
19780 94401 
477 83018 
13331 44309 
93475 52784 
22340 92934 
39312 78496 
70948 44087 
70378 51753 
79015 76705 
75701 41497 
74343 940 
6086 74713 
63639 28770 
57721 6987 
4416 61996 
19860 68690 
88899 79537 
17622 90577 
97980 88016 
54469 83825 
8347 84927 
60602 73812 
39138 72015 
83274 64407 
5835 48042 
12962 40099 
8571 4702 
25335 96980 
19609 47235 
33161 30417 
50517 62151 
84540 97191 
73351 58478 
14281 12949 
42192 16088 
53784 41994 
11427 84907 
31417 85777 
75426 92173 
50206 78868 
60599 31450 
12518 56779 
85275 26686 
72504 68680 
65483 87410 
36179 69874 
85383 96989 
96341 43844 
70001 4914 
84915 71744 
94846 26177 
48859 88399 
42107 86098 
7421 38192 
66360 87281 
28318 71670 
64039 16941 
68338 4254 
50407 57438 
59869 92131 
35379 10613 
89047 67229 
55241 97408 
3488 13121 
61173 48252 
7987 56745 
87462 56823 
55076 97059 
22379 30046 
14044 91023 
82912 30576 
6745 69784 
50915 74513 
31492 63462 
62683 16719 
57307 71672 
56569 28873 
60028 28695 
73996 51275 
88980 77170 
78032 78401 
98405 82257 
709 20359 
51323 89379 
55326 67648 
5179 53003 
53230 74976 
18427 41338 
45894 71432 
75086 52410 
72596 98912 
10360 60642 
31605 78467 
34568 49920 
8480 5097 
94901 79034 
88963 75555 
84964 68453 
55902 60825 
10562 93622 
19752 45193 
46872 19223 
60397 67236 
76924 11345 
64423 14517 
84211 20023 
26414 43439 
83302 33345 
45450 18453 
11485 66092 
88713 90670 
71743 60873 
12949 64982 
12784 47722 
31514 36874 
55395 29379 
89811 15393 
26012 33738 
65180 87112 
38237 2420 
38616 17428 
70879 64994 
95187 30165 
27204 82030 
97605 54205 
24162 27030 
43149 76745 
52717 17190 
57952 96804 
70756 96019 
4671 29685 
38631 17048 
79633 73418 
84024 77157 
53786 11516 
87618 508 
68127 92950 
13969 79626 
28746 99812 
73004 38858 
59238 85950 
86738 97285 
58935 45691 
53074 73052 
84288 50787 
43979 89211 
17664 75875 
48852 12299 
12957 17935 
75558 79246 
10616 3683 
51392 45603 
96030 70275 
24162 18683 
34716 99364 
49571 22880 
55316 82303 
65299 81235 
67166 95146 
94416 87310 
93010 66126 
91205 84421 
69447 25403 
40980 65552 
17760 37140 
52183 56523 
16020 27326 
33773 47470 
9701 37293 
33890 93240 
82509 52486 
26771 12002 
71731 78800 
74070 73188 
53134 64687 
54020 80826 
39285 96224 
47278 26384 
32147 24487 
91843 6449 
45881 19794 
71080 74858 
69047 85797 
78675 26373 
66692 7872 
12271 89525 
32337 54926 
83534 39967 
87428 1436 
96607 32473 
91585 87482 
39145 89692 
70773 88485 
50577 78786 
92559 23509 
80740 53322 
17654 91258 
28726 37065 
35203 86248 
56535 78791 
45615 14146 
5054 12772 
89210 94928 
921 18320 
31538 15196 
31986 83544 
6972 66958 
86358 43458 
91004 89095 
95456 80619 
18659 9928 
95009 47673 
91537 74529 
19595 95509 
19203 28792 
76126 68144 
22016 23799 
99560 56064 
81944 98642 
80190 83384 
65503 97596 
65998 41071 
58711 78454 
85842 68347 
47762 72807 
9687 27521 
51104 66189 
60595 13642 
58739 76272 
19842 89693 
62726 20661 
21372 40517 
69259 82351 
14621 94184 
67161 537 
85863 68234 
90205 37212 
67337 60043 
51433 95884 
30718 15483 
46458 97728 
56901 78132 
19733 52634 
97612 42479 
62850 97860 
95999 8865 
67167 15368 
13170 65381 
84399 80441 
15525 2463 
58295 38806 
13788 99666 
78098 57222 
8793 10865 
70235 43400 
91359 14113 
88514 85103 
64027 85435 
85077 15412 
913 2020 
44469 71407 
38661 79610 
41392 76866 
96199 1312 
39067 46115 
53955 625 
79599 75779 
84215 20172 
30336 63934 
13443 79451 
40942 72048 
14709 49828 
34739 24100 
73736 53106 
4858 19387 
45657 71156 
10834 20801 
21186 78450 
74494 68709 
50743 86723 
55345 62110 
32932 21635 
45142 43334 
59852 34913 
58899 20325 
25845 92329 
15351 61429 
48594 67788 
93706 1596 
21884 16862 
25495 6053 
17870 99311 
30451 47742 
83377 69439 
33543 68212 
29502 55576 
6646 8140 
96753 5550 
62818 13305 
88937 83690 
93724 44577 
8223 66733 
81494 46360 
91044 942 
35138 56961 
39947 50811 
98608 76437 
70019 90908 
52722 42776 
40181 66765 
86342 5609 
19415 78112 
43592 28178 
45937 18362 
63348 92895 
73305 37917 
14835 33609 
61667 85701 
98885 68535 
64607 23253 
28278 61844 
82470 98793 
22522 99017 
1573 14845 
52575 21331 
15374 22344 
49181 28219 
28468 26572 
44894 22744 
77165 95850 
54286 45081 
61451 22597 
9470 11616 
72315 98176 
58778 53184 
15664 27919 
5274 24959 
79504 30735 
8769 42626 
64569 38970 
89 84751 
258 38419 
59591 89598 
97518 65916 
93233 66192 
48217 12424 
99020 34032 
66598 63288 
54211 3601 
82554 44103 
69419 10733 
38750 30595 
49557 21868 
14049 23994 
73593 34367 
94184 89548 
55131 6332 
37350 5158 
74097 63705 
37104 69552 
76133 48989 
67922 74974 
20777 95510 
9766 58083 
22112 33910 
87203 4522 
66300 63464 
25865 97619 
9218 49767 
24492 69706 
54457 42519 
64295 35740 
86976 42356 
29072 63252 
90973 84062 
89268 60052 
11847 45007 
11090 41720 
31628 32288 
87833 74576 
14830 49771 
54710 76670 
47415 97176 
40794 99232 
35387 7273 
32055 4133 
51540 84449 
68049 99070 
18942 68128 
71444 91510 
97995 7910 
14365 74882 
229 3804 
58460 66055 
86490 34556 
66605 71841 
19751 69825 
73342 74081 
33511 37845 
18421 87801 
45616 99206 
93230 65014 
94249 59522 
23430 87901 
98017 39009 
12776 19459 
45194 5374 
2889 57116 
98618 67908 
61641 65397 
62134 25332 
98884 47400 
92119 57662 
22374 51676 
53344 53284 
89048 1042 
12250 66377 
77224 72908 
32717 7012 
3821 56907 
89485 76454 
37359 64942 
42613 73620 
12279 71167 
22717 15108 
33047 15035 
61181 30872 
67530 9195 
62169 20359 
68284 55867 
53930 79803 
27709 90243 
75815 40372 
68399 37543 
54309 89010 
93576 91546 
96561 79044 
74154 96714 
83059 76017 
28743 43503 
72465 25733 
60849 66974 
41115 76082 
53530 72567 
67251 32012 
85941 99654 
35805 73867 
28488 73484 
83390 23334 
93714 89167 
25125 98338 
68584 17530 
5015 58522 
30487 22043 
89856 6295 
54070 28374 
82927 74941 
48905 93789 
68281 4925 
29064 82221 
8962 82270 
4801 62718 
13270 88763 
3836 13866 
51990 92756 
75167 34890 
56505 91454 
1832 35303 
52803 832 
50739 99301 
89599 77708 
17450 98534 
163 50001 
81711 57465 
96890 25834 
75573 59204 
35274 49877 
80091 16524 
99654 76252 
8883 22724 
56942 31259 
7234 40036 
96534 46367 
93978 79508 
24694 52147 
37 75569 
9912 37191 
12287 60960 
82112 92583 
14335 3251 
73024 82118 
26820 72874 
47662 1198 
89010 74418 
17562 13234 
90762 87861 
45267 81378 
59314 34491 
46544 45543 
28913 3462 
71901 29911 
72944 49230 
2195 4523 
58017 97581 
24470 66037 
87366 78505 
63640 47380 
36966 37877 
33235 13762 
51912 66722 
34131 53406 
62917 26761 
74055 25351 
3167 44047 
2616 83818 
54328 88631 
56710 58869 
27154 57570 
89385 36485 
86924 30995 
11567 47682 
66847 76540 
10572 45918 
73624 36116 
21861 24792 
78501 40831 
21281 3924 
4426 64816 
73847 89902 
65356 46751 
22088 1308 
87280 79097 
22107 32106 
42182 89371 
38702 16023 
55958 15194 
92251 46093 
9222 5476 
9539 98141 
35938 63722 
68301 4741 
39025 86315 
40977 27062 
84315 38550 
37015 76024 
4692 54255 
15059 41318 
44762 41038 
86409 97081 
3052 22513 
59413 66404 
83550 51287 
80760 43380 
51276 82084 
14143 90978 
97639 3034 
59336 55832 
60460 85015 
55471 66871 
10872 23837 
31135 13767 
14671 18161 
60888 33253 
99264 47193 
62891 66659 
8994 86570 
25575 90379 
11426 28222 
82605 62479 
25078 50633 
64877 73287 
75119 19564 
45892 35584 
47710 86137 
62567 843 
5968 89129 
37374 42025 
50916 61369 
49702 526 
59343 86341 
4415 55152 
7131 50408 
23799 34344 
91428 88508 
45451 59433 
97918 26742 
43128 76266 
20492 83973 
176 5358 
29791 6355 
55869 16567 
4370 73675 
13861 13313 
83622 34428 
48899 93473 
75188 97770 
73062 39348 
51173 34783 
25995 77497 
97330 18940 
34989 40683 
37253 66224 
50182 58863 
39664 19044 
97798 3881 
31030 54906 
10033 13391 
78059 90745 
84071 23564 
74993 96878 
94653 47256 
69189 30751 
34756 44553 
85107 49936 
87132 46001 
61648 66319 
35822 5344 
646 58935 
11226 78186 
35397 71655 
24905 45792 
67248 83687 
91029 29081 
85546 55851 
50205 66902 
81687 23601 
8415 64782 
91498 29009 
78898 55618 
51890 58195 
67991 52142 
37466 78175 
77341 12499 
50708 47621 
4351 84914 
75378 9748 
10308 45168 
66957 62354 
91387 91484 
46188 39974 
31562 15436 
82252 36170 
38419 24604 
601 40198 
62991 52982 
27137 61568 
82915 58491 
85244 68493 
84601 73479 
95038 71766 
14559 43705 
85283 44306 
82609 64065 
17552 78419 
90453 95186 
39504 47780 
27925 24043 
29576 59193 
26186 13839 
68880 50375 
82271 73702 
77817 14346 
72567 67063 
84641 8430 
54206 69150 
51170 36441 
12767 78610 
66845 76325 
52334 86050 
36497 62348 
39646 3171 
29494 20851 
7937 60149 
28320 1663 
98028 86073 
13185 43465 
64333 97490 
45941 60695 
1685 33478 
71324 42043 
55184 92199 
36505 6148 
59807 43479 
40917 68783 
19058 14740 
67522 37659 
72708 73484 
13952 65899 
22481 58521 
37364 63306 
81548 44273 
50394 85745 
88765 57747 
57255 97258 
81830 6119 
98794 27009 
54866 14416 
83261 23673 
35433 17373 
15544 43618 
3537 97331 
1812 96018 
40960 10889 
98785 7994 
43056 1045 
97248 65927 
47152 48697 
77983 35305 
31774 77602 
54929 60750 
19145 90297 
25193 346 
69764 78982 
78411 53928 
92324 24974 
79026 3696 
4834 73139 
24199 97340 
73555 43530 
97327 68786 
25158 21519 
82612 9759 
74545 49805 
79591 76530 
35811 30941 
58254 40558 
87107 37405 
25128 69140 
41455 17753 
28621 52802 
35089 81998 
17985 79786 
82451 47132 
84351 94881 
62733 24590 
54658 69727 
96662 35429 
79638 54810 
44239 46167 
55589 79569 
4210 28447 
46327 16335 
24283 59082 
26479 26265 
37454 93547 
50200 61009 
24269 65598 
60430 2533 
63455 88467 
92967 85344 
74074 58955 
96919 60293 
71194 94743 
88491 27210 
54056 67376 
78643 84804 
20805 28634 
66746 20603 
57079 66374 
72227 91106 
77094 67427 
84032 22934 
5342 9782 
43825 99429 
74609 54022 
42968 83967 
81752 54870 
5627 71207 
86516 67691 
50763 50560 
60631 81955 
74282 12331 
94568 73881 
69299 26346 
47500 33889 
7257 75280 
82410 90984 
35524 30481 
62728 25818 
8157 16788 
99499 36936 
55685 24628 
28790 598 
16996 92664 
67901 43550 
1911 2281 
45918 30270 
26465 96423 
29234 51467 
64660 59608 
65900 88963 
90187 73362 
54010 23629 
39543 91922 
98790 47646 
13999 66715 
60665 40140 
52053 84939 
12311 66087 
46249 77549 
16516 62432 
48699 94956 
8693 82439 
8146 45013 
17929 79610 
8075 37095 
88736 25819 
30175 78605 
71961 74871 
50362 25743 
37841 2289 
85578 99083 
26730 74892 
48803 36347 
93794 29623 
36933 69663 
22795 70067 
71642 82686 
81055 21241 
36843 24156 
62803 18495 
8055 28766 
21323 44722 
48741 23666 
21663 71608 
56597 79491 
55146 5262 
78841 98502 
44525 84318 
79653 19227 
34331 29494 
35243 56947 
4825 97590 
52443 92429 
69936 50030 
55199 67511 
19654 6318 
60072 45439 
45590 16146 
66578 46323 
44730 50407 
21151 73625 
30925 80982 
74524 6295 
96223 91939 
41496 42984 
54873 40648 
89331 49700 
71717 66323 
26439 80354 
23598 25638 
36556 10806 
67560 20312 
5243 51378 
92828 69931 
15377 80202 
14869 74793 
46154 70360 
29362 8178 
96212 67466 
81464 75213 
65598 11146 
21493 76356 
73624 83806 
11994 17564 
60041 13185 
23142 16294 
15515 51317 
3508 62791 
14027 1902 
41451 9443 
74634 70500 
38759 77531 
62907 67518 
2601 90302 
53414 2679 
24488 64064 
13784 71466 
55632 14870 
38144 48954 
6960 67369 
53173 74552 
99011 84527 
43504 32336 
62019 72177 
94912 5975 
39744 50734 
33473 14705 
81929 27916 
46819 17372 
19758 50940 
9622 5225 
6259 64424 
99629 91020 
69357 51082 
82820 41862 
69088 86339 
66715 96336 
72492 95079 
69348 52648 
59784 59041 
28111 13804 
53620 86703 
77458 28321 
19638 24051 
57352 70496 
20918 54219 
75383 62997 
21598 6762 
34656 56300 
25617 73188 
56808 44499 
5392 4404 
74947 15016 
22221 47818 
44830 997 
65286 67137 
24250 29442 
39373 76256 
413 35586 
12751 10140 
2961 44614 
96143 50221 
26359 5462 
61309 19622 
99518 98316 
23491 64345 
82802 27308 
5812 40611 
42986 53019 
75687 35641 
55261 15566 
93433 59433 
8063 48380 
41434 58467 
41238 85204 
8624 18767 
31037 18443 
89475 45390 
46400 75635 
19309 28160 
40199 42690 
8447 29332 
6359 77428 
56585 57904 
29229 25067 
25736 27391 
75047 68447 
25184 29153 
27077 20147 
15120 91735 
45720 91057 
66975 38183 
42845 50546 
27941 97944 
95608 27052 
24759 77674 
89196 84757 
7592 46209 
70207 51919 
78633 42913 
12796 69525 
72075 75764 
48250 75110 
52183 35807 
85310 35908 
74394 17947 
53358 97935 
10771 4595 
33470 23175 
75554 38284 
3402 45738 
99190 82145 
11720 89662 
89931 42982 
13566 55980 
90935 10739 
45971 4745 
87775 50221 
94161 28881 
46379 66229 
1961 41062 
64613 51640 
9174 72256 
2100 19444 
56753 11124 
12318 14407 
86584 97187 
38631 97766 
76879 17457 
51615 99256 
96463 46178 
98909 34738 
31640 10421 
10776 94893 
37864 60413 
54666 20607 
95097 72838 
60287 94155 
528 17787 
43053 91696 
15238 75569 
38235 62310 
92409 98329 
20744 21485 
53873 73196 
26199 72899 
49048 58664 
7791 1307 
25738 33929 
60391 11499 
65801 22155 
18503 23528 
90349 22892 
87830 72802 
18940 16370 
1605 5124 
75109 82924 
2305 1407 
66649 14503 
36944 14532 
33188 82039 
19894 51704 
45913 62400 
61011 89667 
64685 21680 
78807 67250 
6338 97832 
18547 60002 
54604 24909 
73314 5021 
46902 93645 
62490 10596 
6135 48684 
56531 54936 
46658 81432 
49536 50959 
72782 89344 
71823 30047 
5404 37381 
3576 76652 
17831 75463 
97594 27763 
35335 36910 
44280 36506 
54691 67195 
15224 87537 
69696 9767 
3080 43357 
46607 6271 
34922 95369 
79443 52198 
73838 91174 
69281 85767 
39272 10543 
13943 77857 
70448 66490 
64897 33798 
29206 14967 
6711 14074 
88641 67014 
41078 30281 
82211 10525 
12208 75134 
94269 65316 
93283 888 
57502 14822 
64723 69205 
85316 80476 
54167 57358 
7944 30716 
75338 20555 
99919 45592 
98414 78280 
83482 90018 
8006 13697 
67652 84033 
56562 49512 
35847 96768 
751 91110 
26345 32330 
16330 8360 
59307 20467 
23005 61164 
51705 72590 
14972 60662 
27219 14650 
85105 97903 
71994 62334 
51167 64927 
9157 61205 
40955 39316 
65047 74641 
69957 2655 
78378 65818 
49872 15744 
59876 86492 
99261 78984 
44392 54939 
88641 65057 
90146 78204 
41469 22813 
70398 49653 
29782 16253 
71771 31844 
48635 80530 
60359 16864 
27048 48103 
1902 41517 
34791 22488 
25478 23156 
74176 54493 
1580 73411 
3882 6380 
64836 41749 
27901 73112 
49308 38500 
96861 66635 
19965 87918 
11243 59102 
77813 65788 
86434 23996 
88118 83283 
38099 10335 
31264 88982 
72992 34403 
4003 74350 
25140 75950 
5214 84503 
60228 21333 
24744 55693 
82036 4777 
16523 23695 
13975 60737 
77837 73181 
96019 15313 
75535 27150 
32756 12702 
56866 7619 
51814 93874 
57780 34031 
83583 19000 
74745 64219 
52928 52559 
97445 24272 
81509 10645 
9252 18264 
35346 3691 
49909 56569 
16453 94610 
619 92382 
89614 32345 
95580 10025 
55812 13836 
85942 65802 
32354 73630 
82325 42366 
76373 99688 
80185 40990 
93210 26343 
28734 2597 
4048 60981 
38531 18058 
8247 59657 
35504 61008 
64944 78728 
59859 52326 
35816 94467 
77194 44399 
76274 749 
16100 95447 
35903 66042 
71630 89436 
30646 55279 
17249 45461 
78973 99626 
49210 52016 
52225 27714 
46789 56187 
75333 55617 
69392 35532 
28290 69644 
27298 81343 
41020 25986 
56611 25933 
44714 34304 
1005 53767 
41237 88547 
52914 46470 
78857 57591 
35060 25157 
77347 50752 
9555 70013 
28416 28780 
86277 16691 
8450 39621 
64833 51836 
79728 20087 
85128 55945 
23540 19466 
80428 70753 
44048 69218 
23745 479 
5284 44052 
33510 91510 
15316 34039 
57693 73494 
51412 74814 
86877 86301 
27936 63517 
56294 61943 
44754 21800 
84391 78320 
18071 54060 
61247 52491 
87928 88956 
43986 95233 
16976 85413 
38328 5717 
43697 30407 
45497 45450 
29888 55238 
31928 93940 
47018 49370 
35592 55107 
78981 56518 
57186 53064 
79784 96344 
97064 28629 
13904 66937 
89506 23845 
24288 48208 
54746 20776 
18424 44366 
36193 82941 
36418 74880 
15323 33069 
66679 47598 
4 89168 
4605 25170 
63304 72462 
7567 26479 
69356 95332 
85526 88466 
60413 35184 
80776 50565 
94969 1035 
32595 13899 
20672 3607 
92984 70452 
37706 46847 
58242 93627 
58442 69064 
7728 30923 
97375 75226 
96012 41878 
31681 18479 
27473 80043 
57264 8588 
53478 26382 
27689 47720 
71392 43353 
4168 19915 
72009 33858 
63607 89552 
77359 57294 
8670 96277 
34387 76166 
98937 69091 
81700 81006 
75459 20689 
86298 68791 
82335 24643 
55184 30650 
98431 22653 
62718 38280 
79963 56821 
98798 5380 
80350 72822 
35195 40285 
57653 93825 
27799 99111 
1827 22132 
21059 94849 
14150 85795 
97576 17230 
49399 10824 
20562 70569 
87701 66095 
49829 42384 
37446 97734 
72972 74295 
83256 42452 
82583 18483 
83737 85243 
47635 27977 
92548 5815 
72547 47065 
23362 40277 
11018 39334 
4313 69848 
3345 15166 
70810 36748 
35749 97950 
26918 78917 
78124 98823 
64964 69833 
42675 53477 
70668 47498 
20060 11362 
56778 17467 
91945 57547 
62049 18868 
89278 90610 
24406 49455 
64143 76059 
87174 55980 
69696 44167 
25538 9590 
97477 3478 
86703 2415 
4313 96882 
21717 21162 
72044 35771 
49505 76298 
82466 9673 
34402 91249 
57197 83648 
77307 85074 
7543 63836 
17540 14197 
63005 32717 
17628 74021 
98708 29966 
56409 99649 
61847 82221 
87236 46409 
5113 65664 
27514 75547 
71140 18983 
33407 18180 
36145 11130 
79275 41473 
13227 8196 
5246 95053 
36206 76820 
18300 72730 
93422 7721 
32346 84931 
57542 42279 
10989 554 
62262 37500 
33033 83514 
9648 10307 
35244 18845 
52937 60754 
99481 95993 
88749 85597 
42048 92806 
9957 58595 
31946 82736 
15890 71974 
11681 69890 
50038 4686 
19402 41836 
37135 7396 
14332 18427 
21243 71605 
88830 66427 
64397 80834 
9883 44346 
51386 25538 
70427 39648 
60419 190 
46618 61362 
1712 90953 
51017 55156 
96415 5391 
43640 15028 
66880 91894 
12905 76063 
35885 45784 
66738 86040 
87245 1521 
80457 70211 
23133 65994 
32494 23193 
64481 56566 
21668 84650 
79987 69375 
377 81363 
96532 18314 
76982 47229 
39241 53192 
37600 64925 
72927 86771 
12623 8178 
68349 34679 
66506 1977 
96474 99652 
20721 59583 
61865 12117 
29236 99782 
22331 72826 
13478 95633 
6157 30061 
29466 56796 
30491 63870 
83651 1542 
44910 42875 
35954 31700 
72681 65359 
28617 84017 
98932 95690 
57685 94795 
59703 59539 
60284 81194 
18777 66957 
25364 12179 
80220 91032 
48111 14896 
73705 41703 
39033 38075 
67014 39195 
67506 73134 
5485 9662 
66569 15719 
51726 96787 
50868 35724 
576 7392 
2831 12182 
74086 86589 
63541 80919 
59173 48542 
24232 37529 
36674 72598 
51931 35935 
64665 11397 
98483 23701 
21194 47457 
36074 59286 
81996 77850 
34290 63506 
7299 2747 
43905 67786 
38456 42925 
80763 35116 
59981 13792 
9498 46140 
65416 39020 
11302 62465 
76534 95609 
82539 1985 
4525 43978 
51733 86924 
9104 11648 
21311 54302 
6876 67151 
37445 50654 
3856 41961 
66435 68066 
78668 32594 
9310 17029 
22760 42446 
17652 73031 
51870 3510 
83143 78517 
39012 51796 
60905 29548 
83412 17116 
52465 27397 
22118 27804 
17977 29299 
11404 24049 
9345 89734 
53638 19661 
15970 43841 
21921 51461 
93071 47967 
39627 7880 
98873 58845 
4843 33943 
1436 2524 
10768 68506 
28493 56933 
2290 81417 
24383 47844 
26226 43228 
47017 36986 
78150 78139 
84793 63207 
22236 22054 
98460 82834 
62230 31949 
96167 43746 
71437 70176 
31276 19197 
47524 17918 
71980 22045 
43968 55678 
29394 17788 
44146 85520 
46464 55717 
86351 59712 
43940 41455 
18412 23481 
91585 81332 
59160 75802 
22917 39253 
70604 1436 
39995 60114 
99508 29892 
61106 30349 
29930 32543 
48695 65767 
99355 77812 
17450 39638 
70187 26192 
63211 89852 
15662 61760 
72196 72961 
74659 24945 
67015 65077 
53403 32488 
21049 44822 
3743 44852 
25980 31914 
87442 68785 
28615 96498 
43843 63285 
62624 98917 
14315 50944 
88388 67418 
41026 23427 
19911 72136 
49897 69812 
61556 7711 
47972 49559 
99376 54028 
14008 78093 
91883 44820 
37723 92281 
83331 37242 
67939 15532 
18939 42058 
62755 47820 
75938 43669 
95941 64619 
36947 12007 
62877 20546 
22887 84163 
46672 18464 
71494 72649 
50487 22856 
94469 39303 
75636 67469 
71399 59114 
26693 31554 
41797 86605 
54613 36454 
37981 28946 
6806 44876 
60942 24559 
39102 28861 
39003 23768 
58744 9289 
24748 68895 
9802 59692 
79559 75238 
82835 10222 
67103 21457 
29132 83807 
27156 68193 
86560 45848 
29416 37085 
78809 51240 
13284 98869 
32727 28085 
4075 38892 
69509 46150 
58706 91078 
64614 79921 
34649 57323 
38618 91077 
94760 58248 
36584 23245 
57600 93395 
77088 23116 
77923 24208 
3689 76286 
95271 31496 
51420 73665 
19917 40607 
48782 4827 
34918 52150 
11780 8388 
80602 63866 
50649 96322 
53542 20126 
2279 9023 
95943 79541 
21678 51062 
73298 48283 
14415 3689 
38307 87000 
68587 9531 
57246 62547 
49702 77320 
31348 82299 
54709 60081 
80195 18409 
82507 18880 
66763 2148 
67375 96086 
34430 44332 
39092 86985 
95170 16854 
18884 16705 
55059 12456 
33903 581 
88379 85141 
34597 90386 
74776 62000 
29094 86328 
95325 8728 
6661 25270 
42779 25743 
8323 39300 
38919 49561 
16876 15625 
67621 34978 
80829 78684 
26095 97588 
57225 58450 
68767 3330 
56794 5080 
68309 1969 
1590 59390 
46606 14832 
60028 91068 
34757 3606 
7146 72110 
5691 66635 
68970 61666 
85586 31898 
48982 40258 
90981 41767 
2040 46340 
57350 53588 
16432 36165 
21836 12310 
88345 9179 
97989 86617 
24656 15420 
33538 98391 
89751 88900 
73589 16860 
19973 31459 
61113 33390 
65359 5313 
94191 80646 
82466 79315 
25191 10737 
94373 13885 
30915 933 
54375 62658 
4710 12702 
98392 15047 
21666 90055 
47795 3282 
6193 46563 
29140 49888 
87684 56916 
10187 37161 
64382 38543 
12646 38866 
8206 81516 
51229 66229 
33997 60909 
65887 45192 
25503 44717 
59512 60022 
57375 92622 
26922 69507 
77568 26124 
62610 26313 
17757 38926 
64518 7519 
80701 7985 
9017 94895 
13001 60270 
58289 27212 
9274 47985 
75495 83640 
9467 85959 
65371 47294 
44939 8839 
28326 40986 
60851 12909 
14636 23503 
92536 57568 
91994 83979 
1741 14912 
94468 74427 
84972 72347 
3811 76026 
50641 12797 
25122 3470 
24339 19824 
58003 13489 
82241 80867 
31660 98608 
31535 90783 
67768 15261 
53707 90029 
58514 16575 
1649 7070 
98828 34469 
94733 12971 
91655 83119 
87384 37639 
52984 36449 
96141 41811 
79415 65970 
57774 86638 
5197 12115 
56791 93588 
67950 2160 
4471 41408 
22699 20886 
73559 3993 
92385 86333 
92857 93290 
19667 82298 
84148 34724 
89637 51693 
80257 69135 
25954 60437 
97518 44872 
23947 220 
48512 36400 
73416 10354 
71670 1704 
41116 63802 
23175 69728 
28331 80582 
23573 31260 
92491 2928 
76606 91898 
23433 90898 
80989 34129 
94685 74564 
37222 27038 
68085 29489 
10968 16818 
16066 25880 
52172 28985 
40089 38638 
84766 14087 
6028 95441 
75701 72702 
87666 83090 
63974 2652 
8056 28523 
80470 21609 
95109 20223 
17597 31639 
22595 38184 
14099 8758 
90630 16180 
4868 20181 
10759 68737 
48189 94707 
99924 77090 
83560 97560 
54867 43257 
92106 90016 
73943 89527 
28546 86263 
16847 1770 
68780 55218 
44425 89340 
70403 53361 
60512 61768 
74778 16202 
85672 3004 
88785 80594 
28719 57676 
71944 57853 
86098 30622 
20373 28557 
91440 40927 
82834 83869 
58072 64729 
66137 95367 
5747 47279 
87248 55637 
39555 64032 
7685 95219 
53738 63011 
42099 48060 
66061 26227 
67473 7201 
49409 46649 
71892 85217 
16453 29035 
72628 69781 
30501 87849 
2088 43759 
61083 33602 
7160 21332 
76317 10092 
32604 36928 
65805 69392 
62321 12113 
17554 48819 
73726 17085 
30364 44730 
19884 38069 
29130 61656 
91691 59637 
64682 52114 
28099 71866 
22061 52364 
36214 16267 
31561 62465 
55105 91525 
75364 15156 
47217 50339 
9305 27422 
29545 32076 
74033 31023 
63031 92381 
52797 33859 
3166 10596 
44087 72710 
77331 78531 
56526 79728 
95164 37 
712 99977 
17079 59845 
48091 65402 
3033 52227 
50507 51795 
38730 95341 
65702 19631 
89695 95440 
13860 67109 
64970 66690 
98175 4273 
81673 56923 
58454 90814 
9263 77430 
90960 66926 
38063 85772 
59934 46582 
60449 24594 
46701 35609 
75086 76542 
30744 83182 
24683 55658 
73849 74632 
55974 18991 
83146 25934 
46963 48675 
61845 45791 
80962 24342 
17443 89930 
59527 78512 
86387 44034 
37149 3457 
51421 36683 
29368 57058 
73296 1740 
92990 97305 
32017 80815 
2149 60308 
74497 80740 
47198 85132 
95243 78454 
64773 80205 
34635 96238 
66802 20710 
65371 53957 
73882 64143 
51831 41755 
74141 72050 
9391 46617 
22536 30005 
61109 9254 
67558 64993 
87781 83984 
42355 69635 
93990 23569 
85555 56044 
67565 13444 
63384 78640 
92791 35295 
49175 84854 
88720 48697 
78935 75405 
83126 41265 
42381 81743 
99905 12778 
87691 97210 
33135 26766 
15194 30639 
4566 84248 
10320 86345 
52949 48632 
19355 12841 
83399 78221 
2881 4120 
12919 3347 
11284 81986 
84211 18835 
14269 35636 
84107 49310 
82087 45617 
95183 84837 
59985 73243 
29577 77392 
99396 53735 
42550 34909 
9475 91542 
99972 48935 
70785 19736 
78726 44368 
9327 51842 
11927 45329 
63550 24108 
51869 9904 
89573 98963 
12804 98307 
40606 76304 
72918 3969 
25363 38256 
60284 95096 
97263 35149 
21119 85477 
51296 5759 
70318 77577 
8664 13198 
54034 98455 
50646 69355 
11967 79574 
22623 15430 
13083 15265 
66768 23837 
52631 71438 
57666 87652 
40599 6069 
8945 67763 
82195 6043 
90997 75030 
49435 41154 
49935 75000 
69604 85347 
46195 16115 
11137 57761 
37497 98838 
30375 91659 
15383 22770 
53682 48073 
67142 71570 
8577 52749 
75634 21377 
84818 49982 
88400 87429 
1779 34938 
84404 55722 
82007 47294 
41845 81769 
82492 83324 
63723 76950 
14989 10999 
49154 44388 
94614 53259 
7941 70974 
91994 38255 
3471 29870 
28403 2247 
74769 98728 
45596 70721 
32330 52854 
2478 36382 
44404 49671 
99250 98888 
30411 81109 
6384 30469 
56483 33903 
80503 84039 
84391 64303 
82213 65985 
59648 63317 
71915 54479 
37156 61372 
48824 56001 
33472 97149 
15693 57689 
63645 54359 
97145 51213 
67529 52339 
13059 75027 
55578 61635 
10110 46229 
7358 4074 
84365 30626 
37349 88372 
85712 30241 
2096 26922 
80976 51130 
60345 77179 
66708 51233 
13546 51934 
64924 57908 
47943 46769 
5489 87859 
71432 40110 
97367 98380 
88480 31569 
17624 48130 
84631 97618 
1853 48108 
98429 60155 
2599 39065 
43124 83164 
93410 40278 
3065 35394 
35266 76424 
70444 82891 
89482 4232 
6891 4200 
56516 28682 
11386 53201 
43721 19664 
51072 29779 
16691 14378 
64740 56909 
68649 18156 
80157 4270 
50256 96980 
95816 43082 
38214 88657 
65352 64656 
85241 46403 
88527 45998 
86247 68578 
56600 99844 
15967 61327 
21793 3577 
41840 27119 
60752 61808 
92578 71454 
80033 20699 
67662 72487 
68075 18679 
5896 63842 
32515 27790 
92222 39630 
74377 12673 
71100 2453 
41318 10071 
52106 40145 
71007 10754 
38763 35071 
82683 7853 
85185 80979 
99996 60914 
86752 6714 
91519 13277 
40837 83587 
96611 91971 
71509 23683 
63817 13885 
98167 60169 
66580 19760 
42228 37401 
76750 58416 
8270 28636 
70255 47628 
46447 42169 
11221 45212 
1528 72944 
10987 74104 
80563 5984 
86624 58633 
25978 80433 
49964 45651 
63798 78566 
42581 3860 
7747 12822 
94790 17375 
39116 45722 
27430 15492 
49587 92483 
34067 9597 
29620 24199 
78211 40309 
8512 10655 
15239 73168 
3941 16160 
1943 19612 
18560 89218 
87978 1421 
29126 67427 
92931 21512 
49695 52691 
60364 51649 
14554 98634 
45882 98572 
18865 92069 
40128 64007 
75390 3417 
49597 71184 
94224 27165 
58229 90715 
69085 32804 
70997 62079 
58547 99069 
97025 73467 
83453 9924 
64259 32353 
22841 49398 
70310 31927 
79824 44192 
64810 94404 
6179 67949 
27466 51205 
19807 39096 
52970 2175 
22756 15412 
79027 81207 
29156 12743 
96985 44079 
42209 52774 
65882 85745 
77280 75286 
10230 89020 
14184 34064 
19414 4300 
75889 32394 
82346 60868 
73196 44073 
84827 14327 
25307 8883 
69071 41820 
64777 87691 
4924 6998 
61967 11666 
50536 29995 
58937 62502 
86609 14265 
85590 76159 
92787 1685 
41950 71278 
97378 50139 
69583 65270 
72308 53640 
2486 56011 
64056 54077 
83154 15136 
48296 25778 
53093 60130 
71058 49362 
78674 46723 
92467 29707 
53060 50530 
80430 54374 
22789 87455 
11152 33465 
23669 56071 
20937 9634 
74809 71987 
19448 77848 
71842 4174 
18474 8519 
40881 16280 
52194 24728 
63218 62156 
65048 44537 
57469 84119 
21534 62758 
10664 14958 
48609 13048 
82645 90199 
55833 20835 
69232 35889 
90998 30327 
98721 8940 
79715 64735 
53593 32035 
66261 57859 
54730 83153 
19981 77288 
18940 70974 
96619 44752 
2272 51715 
47187 47506 
71401 20439 
48335 26168 
3235 40377 
87626 19032 
98964 57564 
74763 40645 
12924 84855 
65499 73318 
38924 29355 
78830 54228 
67096 80351 
60036 47922 
22885 71037 
92232 4269 
26418 76626 
87324 15293 
65315 13897 
93592 813 
56881 62781 
41618 72470 
86684 39286 
12859 48441 
49662 10884 
55892 17051 
87189 60405 
94209 76472 
8965 72577 
66406 9846 
12086 38520 
14715 90413 
61355 47815 
91044 49598 
74652 65253 
81046 82542 
65096 69863 
56195 10150 
27780 67582 
51470 64522 
23005 75702 
31940 15479 
229 17184 
55419 9933 
27358 55990 
60313 52947 
38547 50789 
7887 19608 
90330 3696 
86401 50199 
20677 33145 
40917 47676 
38520 5575 
27040 66070 
32266 19279 
99461 51190 
75051 45608 
36894 70905 
21690 97650 
73854 51236 
37773 14549 
56657 16685 
74813 20878 
66192 18416 
7082 44724 
53159 22337 
75494 55652 
12866 20591 
41866 14223 
86144 24630 
42856 8484 
10510 95774 
47104 89620 
61470 70045 
61336 8934 
17656 38075 
1624 1367 
55516 48007 
44532 56960 
29327 9569 
99534 71003 
20545 90870 
98858 66016 
46865 15994 
83860 34311 
5801 91051 
78025 58554 
90238 9166 
75879 29571 
54095 10692 
44368 95570 
25099 3995 
28683 45052 
58656 84257 
78025 46820 
1866 23002 
58486 44874 
90005 39439 
99994 33365 
29084 6215 
32183 17388 
27622 86778 
80 99070 
28335 49356 
14682 15210 
56168 53373 
85739 92712 
42967 58181 
4523 81058 
11029 61085 
92848 67326 
97896 31893 
11302 78519 
82952 74624 
24414 28436 
32762 13490 
53409 71901 
16530 69894 
8223 87806 
55689 69967 
79609 24301 
62310 98010 
89472 4359 
89928 90241 
42958 8033 
67283 45359 
99366 18904 
10641 13695 
80605 46553 
13528 15105 
65729 14298 
94093 27244 
77952 32035 
39770 80528 
56618 57706 
26517 93792 
20733 87714 
5620 85583 
72974 6580 
44919 99990 
63486 69164 
83261 93072 
31310 85008 
7094 36174 
67967 23629 
86353 5824 
2472 62072 
13102 46381 
90003 51568 
70910 11267 
97459 88855 
25493 11327 
18298 39530 
67925 24786 
16355 75731 
60522 52238 
93726 58529 
32505 32255 
1353 16595 
47642 68439 
62602 47030 
19277 57143 
59909 91658 
79523 46564 
42472 22712 
18845 2564 
49034 5451 
99878 4305 
3910 92133 
15041 43689 
36743 41683 
1343 56575 
96865 52439 
47764 70889 
81666 41599 
30698 16983 
75055 4266 
91141 9006 
96858 37454 
23678 72503 
96932 19967 
81801 63150 
88795 97777 
16645 94235 
6726 36313 
57020 66399 
87600 66044 
7391 72153 
24097 65793 
87495 29807 
9495 99398 
62332 86714 
95895 45677 
14523 20097 
17505 39079 
92358 55239 
88558 68964 
26341 15443 
71419 69178 
44613 15934 
24649 66357 
33406 14719 
83039 45376 
82458 37473 
92063 33416 
27366 614 
17720 292 
50893 66993 
79405 22027 
33497 82004 
8221 57098 
49700 54430 
16069 40314 
91366 65961 
71881 8028 
61573 16065 
20517 30153 
23491 34808 
47142 39426 
7496 25172 
85295 16417 
76763 28592 
90423 9974 
26644 42666 
52276 47102 
46387 58372 
99375 13744 
3067 25638 
56669 68457 
17120 726 
53514 84706 
86417 76669 
43296 4285 
81567 48843 
88272 24342 
78997 21805 
83656 33530 
20289 20608 
43458 59002 
86390 30102 
47296 85306 
53516 49072 
52156 58637 
53925 12609 
5990 95507 
99196 5681 
61081 73566 
36266 63700 
74268 94130 
97180 31675 
98396 70901 
72373 32632 
14782 17461 
84275 78032 
30011 77272 
63103 38227 
62041 64263 
29966 79355 
70384 59513 
73725 64562 
43032 40103 
67536 12097 
38837 99916 
8604 564 
98228 58956 
80384 12495 
77394 47725 
30333 11404 
31521 96241 
28278 54637 
71172 53492 
20556 54561 
42570 12412 
23328 14014 
37332 17940 
4778 78474 
20103 91253 
90437 66980 
73598 11980 
88400 66653 
99670 62021 
71996 1490 
82381 49511 
76262 15145 
14379 99571 
61585 39519 
11501 19651 
72949 56248 
92113 21603 
76457 96545 
77535 10047 
86140 66365 
77765 27185 
3556 28489 
62805 77883 
80242 20875 
83983 45670 
78848 41503 
2020 50248 
52601 83939 
98956 90166 
84722 64999 
99589 60497 
29539 46098 
4763 34699 
75226 13305 
43614 52241 
4482 47581 
84771 59193 
63910 86338 
7595 7612 
65461 50197 
23637 31430 
34043 84696 
55843 81444 
84226 45718 
28394 20110 
55953 39539 
93631 48006 
64266 13617 
24168 58169 
21280 82674 
28087 91934 
69979 66081 
3008 485 
28887 7213 
30861 99999 
84267 43175 
29379 45113 
82207 94207 
18561 35344 
66827 46042 
30811 12196 
82786 5648 
91988 853 
10389 21043 
27221 99689 
29791 69215 
190 23263 
17179 32725 
77437 60028 
60241 5175 
20325 14684 
42870 88489 
46426 66908 
89743 70814 
69384 93157 
80283 2885 
21749 66281 
38476 22796 
88758 68890 
80105 14385 
32756 30738 
52208 22834 
67689 27812 
30890 92551 
51038 61402 
53104 37078 
96600 69096 
45616 98482 
75647 6484 
80088 4592 
66339 78277 
27049 86427 
31609 90627 
3529 75320 
54335 42615 
9186 59453 
35233 74196 
24016 42939 
63697 40339 
97054 17070 
4749 86641 
89983 22973 
6256 60421 
52111 57692 
19767 3082 
93962 51571 
45583 34504 
95526 23828 
58098 58253 
32207 5338 
40984 87644 
26606 2895 
63433 16943 
37485 67602 
58495 39494 
78630 21543 
22405 45085 
19770 91520 
39890 12575 
59350 96387 
54548 50619 
74625 35404 
45721 29268 
48445 29023 
43670 88281 
44032 70657 
13400 4187 
49167 58234 
64151 47455 
39430 87718 
96343 63545 
16466 7273 
80685 67225 
61742 50401 
75191 48178 
8851 89103 
24987 47779 
78133 74020 
57124 81854 
36247 57501 
77962 52284 
40287 27683 
4279 11518 
1131 16902 
10881 18400 
53959 86164 
57298 51097 
55187 28883 
64049 23553 
34566 81725 
45003 85526 
18777 78175 
66503 73116 
8585 31285 
96240 16622 
35458 86094 
25242 5633 
45523 39333 
94885 57448 
58846 84273 
37516 34240 
30228 1964 
44032 6818 
94067 86607 
4681 68407 
10303 62442 
30397 60564 
41069 22277 
51131 85148 
78384 93667 
4918 41227 
12069 17758 
76845 43846 
74062 7942 
20610 52799 
20379 40702 
97033 63827 
15199 19442 
93649 92161 
62909 43574 
47429 8821 
93411 9753 
78733 73858 
43577 69952 
58714 47458 
93488 71890 
74719 49848 
9917 11364 
28618 83936 
21502 33178 
1548 30873 
142 27556 
45187 77998 
51389 82389 
14495 41084 
22928 68089 
39749 98372 
24752 51517 
46730 62567 
17182 58152 
73093 78790 
63662 27598 
96233 51407 
64062 36478 
83362 70754 
81216 94946 
98059 31931 
48521 58254 
49201 12176 
99626 33216 
47984 778 
92625 925 
46646 56026 
10591 21665 
68528 97419 
7931 35770 
3296 28144 
37736 25014 
33397 22791 
39167 53146 
78269 8345 
85865 61304 
91333 12660 
96504 54297 
21459 53966 
86804 77123 
55406 97383 
98668 47602 
90611 9989 
76605 80607 
48759 4680 
74164 12175 
29735 74878 
63857 7601 
22812 87076 
92876 16685 
37368 16286 
73891 21369 
88957 80648 
25315 6307 
78197 55754 
78636 71252 
29750 26717 
51772 95676 
16568 66551 
46882 60647 
80610 13128 
68642 30749 
75393 53805 
74740 99720 
98056 16750 
64192 7461 
48963 11043 
81030 43230 
55486 53855 
61036 60061 
23193 72300 
77405 38848 
32514 69993 
47575 57022 
81815 3937 
47930 36385 
88890 26024 
45677 67423 
2018 5288 
97927 33294 
39004 61935 
86860 85680 
68077 12311 
56812 56855 
68002 45090 
94241 27525 
56462 23345 
44723 8423 
55528 34547 
92520 35120 
70959 91150 
37676 20135 
98100 18090 
93261 54209 
31311 50339 
91037 99462 
46142 3610 
27739 71169 
43891 74366 
6064 62005 
96687 71478 
24621 22890 
7942 81200 
49282 77914 
7765 19556 
54731 17342 
35867 31826 
59473 82332 
25494 57475 
90193 27735 
91121 90717 
2024 25246 
39886 31831 
50190 48162 
72189 42411 
55415 61141 
10386 88936 
30616 23609 
96189 83345 
39608 3841 
27160 6764 
39895 92233 
60598 33074 
21104 96942 
99149 52731 
88212 2786 
86635 34027 
54425 75208 
84895 48959 
2445 95088 
72795 33926 
44801 17335 
7173 51645 
64045 56429 
12069 70032 
41816 15470 
17427 76202 
92139 91799 
51353 99329 
98784 11871 
1028 24787 
19121 70831 
96571 43813 
57620 78108 
39390 97878 
30994 39353 
92018 45012 
43968 37183 
69921 96523 
69729 8427 
27447 46876 
82362 53973 
9872 46913 
19908 58792 
51408 51195 
66165 44379 
35054 3918 
26919 23565 
94364 14663 
42080 78568 
29469 15220 
18960 37125 
30091 81740 
93976 78709 
46864 52696 
30126 63048 
28880 72457 
35798 36587 
50215 42674 
46848 38995 
81063 69299 
48339 1486 
20165 51719 
24930 1440 
94365 72299 
19628 13730 
48424 9588 
49477 78123 
93613 16501 
73701 84281 
57165 75974 
34957 61136 
76309 70917 
97527 45774 
10401 82717 
87678 98507 
2579 63132 
845 25384 
8390 8082 
77928 67200 
23026 98679 
68686 14917 
81059 64774 
94072 15397 
72992 69350 
91344 38520 
21484 8320 
75836 86970 
86747 69555 
81557 43383 
25419 97455 
49075 66027 
10119 64900 
13668 63847 
27912 63160 
9273 4421 
15096 82096 
44532 34293 
53003 67989 
26043 20118 
44885 14357 
927 51206 
17543 62323 
65897 79304 
42973 61429 
43251 9807 
55118 69200 
55553 142 
44694 48374 
40248 65643 
51133 54348 
33034 41041 
34810 92269 
14555 96523 
5029 63081 
58835 61358 
99638 10952 
43806 65194 
60691 30676 
84426 67395 
27227 92948 
27085 8148 
71024 97890 
336 81608 
34098 72730 
51480 940 
87742 88251 
11118 97896 
22079 80450 
18508 75432 
92369 28758 
9425 10880 
93731 60275 
15167 89321 
9475 20640 
46486 32042 
79892 76476 
39401 73370 
68155 91811 
21243 30639 
57855 51406 
14720 6720 
2783 87658 
35403 62258 
63687 4513 
53760 95667 
9032 81811 
86692 72921 
27216 86521 
55536 56314 
96200 13523 
97550 91623 
83196 27925 
46160 26468 
1839 83315 
1563 49192 
37156 45944 
97786 57187 
59717 63514 
34864 86367 
89474 79058 
85551 59358 
37118 5339 
4805 38977 
46161 43289 
67278 5707 
82500 49153 
33129 13125 
69894 29356 
95697 13621 
49528 69550 
95937 88249 
49805 84838 
97967 59177 
88492 11895 
7703 10967 
93536 50503 
82250 97773 
21137 1966 
21597 67588 
70088 44931 
56104 91743 
39906 35344 
43396 48183 
56967 16571 
66474 70354 
97618 78176 
81235 40104 
70156 7382 
96024 72572 
78609 35975 
78475 13843 
80411 97188 
75601 47986 
67325 72071 
1944 89124 
44419 22898 
97575 16292 
55404 82377 
82822 94115 
4309 91720 
39834 10701 
53264 58093 
32435 55649 
34057 32521 
35192 55703 
97188 93007 
80222 83354 
36272 54468 
45984 54531 
67957 17004 
6146 35570 
17914 7087 
28604 86752 
62012 62466 
64801 79955 
98420 60888 
97755 41362 
81192 95161 
23502 86658 
28790 52693 
25187 35768 
32032 66288 
61598 16969 
25118 64812 
32665 96062 
50667 67314 
3303 95311 
45113 32191 
63959 98970 
94340 94237 
81280 77490 
61097 96701 
45605 864 
65523 52920 
53267 53073 
8014 52682 
71209 4236 
59697 62136 
18999 44802 
9966 52900 
69050 37019 
52767 35967 
9698 92916 
13779 69044 
37772 45142 
69155 52193 
47387 37295 
83123 25919 
59895 23720 
96585 38318 
96307 35288 
31705 53461 
27944 37261 
38559 31861 
53692 78146 
99043 25722 
42943 4282 
20554 96571 
52170 93926 
97337 80972 
70037 46731 
90954 1195 
71059 49767 
82966 42037 
61030 29594 
82729 92432 
78822 91435 
31100 81042 
78573 41090 
26875 18739 
53944 83012 
16974 97676 
81793 88834 
33636 86602 
56499 34635 
32318 5137 
58120 12372 
82525 55925 
47675 31161 
90460 42879 
11071 37454 
87147 6187 
79515 99669 
98631 60325 
38769 22473 
25854 29983 
2151 78660 
979 40663 
62955 72422 
54245 35618 
60782 76880 
20797 58886 
93254 20784 
40515 65370 
79681 34627 
55504 93198 
36478 4738 
89687 61084 
55471 25453 
2879 33943 
85707 84078 
47723 33717 
6966 61134 
22059 59188 
48939 79214 
1550 18490 
53812 87822 
57837 71101 
2054 28680 
15997 22285 
21220 86240 
81752 12274 
75873 91512 
73672 94919 
93036 13843 
28501 6111 
12063 44892 
8793 80946 
60430 51802 
31192 90453 
47665 52461 
50980 33621 
38457 44733 
83933 38543 
13012 3680 
20034 97670 
47762 46041 
85301 86509 
52791 49628 
37714 92507 
83694 6775 
41184 11475 
5021 85639 
47523 52534 
20099 70886 
30519 29461 
97719 56159 
58535 6169 
20038 64783 
62445 7201 
48005 82214 
54250 244 
50730 94068 
78388 7028 
73431 36888 
32530 1405 
24950 85346 
77579 8955 
50278 19189 
67591 31171 
16171 35999 
69541 79108 
78604 1707 
10104 16270 
