4807 68620 
30359 71215 
40551 34049 
41883 2156 
11326 48398 
57703 53312 
29514 69833 
42796 29390 
58184 96364 
59446 80209 
29509 6887 
64323 61143 
40995 80118 
72523 87327 
46545 48777 
95898 43758 
71975 19174 
52127 25189 
75322 62197 
58273 44721 
41132 60708 
67997 67997 
44893 80497 
85110 1153 
48854 17193 
87822 84952 
93737 59890 
27827 24996 
32146 3790 
26275 18469 
8988 38748 
74703 21542 
31802 38393 
63194 38422 
89607 75366 
263 2927 
72760 92212 
59430 66561 
18240 64600 
85958 3256 
54915 3802 
23865 90241 
51548 58742 
78163 26976 
76649 94404 
10128 9608 
63761 43060 
74487 87153 
38354 47504 
46523 87372 
3232 41353 
54439 15285 
98203 40505 
27674 95323 
46739 51949 
95444 49298 
77436 41387 
21420 76716 
61329 39509 
40236 31360 
37440 8257 
69458 68676 
8439 33046 
6635 72157 
75863 54677 
85263 53755 
50083 5532 
55735 63273 
14057 68661 
77792 34789 
41857 35504 
59505 44307 
73092 98225 
54492 52196 
22532 76041 
33836 56381 
60620 41399 
82129 87843 
35006 81520 
28027 38661 
15850 3561 
8947 24644 
38366 67519 
86747 49557 
84899 10023 
76683 56005 
95847 4285 
25476 19211 
23787 86718 
75937 64281 
48429 69133 
85446 64944 
51338 46911 
23434 12365 
8859 8185 
59095 26283 
99262 46815 
64680 17565 
35856 82828 
2049 1214 
31668 97986 
30524 1898 
73252 1282 
72654 90310 
31287 49417 
1155 37948 
63861 60683 
65061 80354 
74666 77198 
56042 34431 
72815 50047 
26895 24124 
43594 44645 
13329 30598 
80153 89532 
77514 97957 
45041 20781 
87208 93630 
27412 6368 
67871 43752 
36851 70067 
16782 38151 
28000 72854 
48006 27036 
81479 51266 
44934 12009 
76110 56820 
33173 67744 
75021 88342 
50718 17469 
13935 59925 
84622 25352 
23812 1264 
63788 61942 
41960 44204 
46053 45002 
65853 9637 
14376 57416 
82096 72237 
1750 96257 
59337 47014 
97344 12700 
28405 11343 
47429 61134 
85526 48811 
53817 87652 
45213 77181 
89786 53049 
38273 1697 
98918 3502 
97337 17154 
15791 73317 
97418 67357 
49116 28439 
22232 59002 
97726 36850 
8359 18515 
27705 82578 
78792 74982 
24987 23685 
15031 50114 
51934 31466 
32583 37012 
78660 37996 
18591 53535 
30294 62253 
62286 63194 
89907 81219 
59046 66750 
23488 61685 
97083 81071 
48143 70938 
42105 38302 
47587 40042 
19793 58047 
50056 62165 
58523 67998 
22906 70171 
95485 74333 
5463 52668 
68191 12211 
97096 35762 
10361 38819 
41018 78964 
46243 66672 
95978 7986 
30664 73265 
67803 34652 
13456 64654 
80639 94662 
16370 15200 
3804 67691 
98185 53435 
14292 31069 
49448 14917 
67288 38286 
2127 36922 
67427 6565 
61431 26958 
82104 44019 
67151 97344 
14765 46136 
70085 21474 
60922 43859 
65488 33882 
2532 91029 
59925 65863 
57416 37696 
60524 81153 
89562 47598 
66353 52059 
3423 83042 
10468 95413 
90758 98518 
48182 69881 
72076 55533 
12173 21388 
76409 95491 
58308 51814 
32941 84882 
7357 77612 
5896 77599 
47303 39631 
90168 22912 
98498 23177 
99291 84430 
59680 48235 
19669 25321 
46675 93762 
75369 58141 
7620 27110 
46339 53809 
48608 19861 
9546 53566 
31899 44784 
27345 30222 
15173 65071 
90268 543 
84799 46681 
32488 99333 
98651 47357 
77348 87572 
94768 61759 
37649 81921 
40979 31167 
90786 60968 
97580 58329 
72360 24778 
40274 3293 
83577 58633 
43779 74432 
87480 79283 
57882 70371 
77028 22596 
17161 73181 
34024 65193 
13233 40909 
62088 59460 
24063 98450 
69134 1281 
38759 79727 
95227 42894 
38223 31294 
30237 9469 
92138 47719 
42360 77316 
10984 72509 
43368 24091 
48142 64799 
49342 66901 
81593 1704 
56711 62937 
17338 58947 
42545 59059 
47376 88285 
15352 41699 
63924 89234 
88044 56524 
78547 54744 
18260 38485 
19950 55717 
62902 17195 
87414 17635 
23522 40022 
18206 34094 
17104 85859 
86758 56632 
92840 26193 
91027 98020 
29623 26958 
97135 87064 
91307 74555 
7289 16950 
87159 52518 
87883 36311 
83482 91475 
44865 42439 
39050 64395 
61590 49455 
91766 1520 
20797 20741 
6878 54977 
16786 74572 
8117 51747 
26457 94645 
52284 35472 
48641 3068 
75097 12538 
39955 82400 
31511 85940 
72407 65429 
77283 81604 
13076 46651 
90182 46192 
79403 7800 
9050 22820 
54990 91249 
76837 91714 
60272 99765 
9736 96514 
60013 48844 
78744 63735 
55317 48719 
82226 62863 
51689 47151 
8494 47606 
16639 21244 
35939 65029 
40443 66767 
94898 18605 
91874 96850 
20265 23674 
17087 28439 
56707 99330 
64286 4491 
39446 99509 
29437 72679 
62663 97801 
8970 17242 
64926 5498 
14301 19600 
6401 20432 
49946 5527 
86183 75368 
82118 21879 
49715 78996 
27907 74289 
66060 20071 
76500 48731 
12708 35733 
13372 34486 
91610 28824 
55952 63787 
14335 55740 
25035 84323 
36470 96383 
70023 84760 
91862 60781 
38051 582 
75779 83177 
27180 37801 
52753 3668 
92036 65469 
19661 39959 
76629 44427 
37492 7328 
33554 79350 
56280 53596 
51395 3913 
96879 37735 
52839 34770 
20488 95655 
44891 59042 
12290 4810 
99531 52154 
29082 80420 
18258 58096 
12429 10459 
87189 2571 
48683 63971 
60737 50995 
65089 87861 
21341 67954 
87257 40983 
50348 82450 
47434 1181 
10847 14174 
25285 20873 
87120 70043 
23317 99819 
47327 77345 
27607 89942 
96164 80117 
81150 46345 
62434 88760 
1950 91143 
22836 39357 
10848 62271 
97729 88855 
95163 78134 
