17786 31104 
35387 24847 
81645 35518 
97751 79258 
41678 56383 
29016 60855 
35857 96992 
20242 82876 
78713 42224 
3989 57253 
51820 62903 
89439 84950 
66182 52686 
76570 81422 
36990 15780 
55102 35253 
73793 46571 
33117 59840 
29866 68112 
7548 12923 
73404 25396 
84131 26842 
40132 61531 
77938 13584 
2030 40115 
77304 83003 
40090 15548 
33700 40031 
40377 94481 
48062 7285 
42121 76255 
60082 53126 
54184 7929 
11143 92096 
21962 40368 
43873 64548 
70622 25882 
21695 95391 
72554 55014 
273 78035 
87024 90361 
59444 28960 
98218 18644 
8973 10756 
34218 8802 
14423 27053 
83953 33468 
50417 51465 
41711 83958 
77780 64462 
99585 84799 
58288 37056 
77009 92780 
66197 18221 
23566 47698 
29234 54187 
56324 27172 
33417 92053 
96163 46310 
55829 97591 
48947 34510 
47404 47711 
36818 16287 
73807 41722 
22532 20810 
36649 12345 
85439 45673 
39572 7387 
1587 4442 
34140 56044 
52390 94668 
79006 29984 
36401 33274 
72507 58695 
86941 19632 
73583 61008 
4711 3143 
8867 10286 
98951 51742 
74814 59447 
93341 40544 
82871 13814 
93539 5680 
63033 54726 
32101 37418 
36476 84916 
3523 18752 
91539 87823 
77201 50942 
48966 67385 
29378 45818 
82112 62211 
66448 6206 
65720 8697 
21490 60434 
62919 61256 
93495 64659 
24254 64698 
64462 37588 
64824 13726 
73401 46236 
6054 27579 
48247 18426 
17116 14031 
96775 18037 
67708 96304 
35866 82361 
8676 28854 
94762 87451 
29859 33600 
62485 76944 
5597 46803 
62144 62633 
27488 78680 
25602 80903 
41262 52726 
10816 68195 
50055 9815 
51128 728 
19916 33334 
50906 29036 
24998 75913 
45115 26197 
99729 45769 
21803 60167 
23112 41236 
65898 95244 
46375 5754 
20360 25455 
89337 12398 
76424 43534 
73142 76976 
98534 53144 
27440 41788 
61526 39165 
8584 68332 
27736 21073 
92143 26552 
19907 27869 
57737 70683 
52144 49462 
67181 47281 
65608 39105 
47907 89762 
78265 64164 
32825 15543 
98718 28445 
75057 56864 
72986 18271 
51384 24397 
30092 56627 
91797 23970 
67399 84974 
24187 21035 
69852 30681 
2995 74945 
88664 59549 
98578 45692 
14416 57511 
60032 9434 
67162 33377 
28436 5952 
91850 85323 
69710 81130 
91217 27885 
16725 80617 
50278 33294 
58827 97014 
6649 1286 
93597 72250 
99140 34866 
60445 9245 
83424 66029 
8573 52552 
38050 45067 
12848 56309 
96661 79833 
40297 69711 
33022 87235 
87232 35096 
94271 98203 
52398 11854 
24835 39547 
85111 10519 
48486 1319 
48960 45753 
79295 86739 
71487 94342 
13545 33182 
8131 74924 
14163 87407 
34773 49829 
36811 15922 
97375 86250 
62520 32285 
89499 3886 
95570 27137 
98883 79287 
57323 93879 
62815 73305 
56787 53178 
98670 97372 
46929 92861 
30803 36780 
82089 56247 
17856 4692 
76344 31610 
95613 9310 
25225 18221 
89665 78441 
93970 70281 
19449 647 
94286 49074 
10644 10219 
68610 45803 
56403 64428 
75937 72797 
19622 35799 
26497 59199 
48165 69617 
43939 28707 
82929 37414 
43118 81604 
74631 50915 
99214 51033 
89383 87697 
49594 54388 
75399 19776 
13728 14666 
83566 29424 
38379 83766 
83201 42654 
75452 59979 
90902 10191 
78050 55284 
35261 18141 
56672 34578 
13054 16165 
71952 18579 
53608 9631 
52910 14916 
97159 74065 
20461 17795 
10355 15138 
64716 95614 
7405 15492 
71630 68056 
18964 80929 
19615 59424 
52479 22763 
69988 3374 
17501 90601 
56448 65691 
47397 389 
38256 46397 
34915 86235 
19401 20223 
13225 41332 
51741 75368 
56340 3290 
33964 14449 
43222 82180 
90185 88711 
28444 25857 
62099 46771 
88897 66393 
76816 92613 
70842 93920 
58877 63979 
44524 59744 
39388 62003 
84575 19270 
77855 85637 
33608 87114 
52962 50316 
73697 91706 
97454 99326 
25827 84759 
49192 48433 
20955 82166 
65600 39629 
37965 87213 
1897 18188 
83599 74427 
84907 88758 
97351 92950 
23662 50833 
334 82021 
85652 61702 
71323 77960 
33260 25849 
25418 31999 
58817 63798 
91223 51361 
78628 70497 
30938 22185 
46463 33614 
24449 72210 
25204 45496 
43266 83572 
11699 9020 
73076 71636 
44346 7227 
4723 4480 
35510 79363 
2561 49444 
61634 21838 
76452 98138 
12714 11613 
29042 39325 
49804 31658 
23530 20316 
44314 63382 
18765 61824 
76078 99298 
48327 68654 
48508 20711 
78128 9191 
38667 79835 
63125 20325 
37618 23499 
37883 31269 
52203 96475 
18023 89680 
33212 66488 
59992 16549 
66866 20066 
25130 12506 
16686 88668 
20667 87543 
30977 77881 
45076 88540 
37559 89018 
48102 54607 
31820 42033 
26845 38890 
26760 31457 
18411 97359 
74457 72933 
16949 59987 
87164 26902 
38293 67833 
83305 18173 
78963 80719 
58648 5316 
67943 34502 
36234 92220 
89434 54391 
79928 15657 
62706 11329 
65964 87325 
1173 42139 
94450 16590 
37019 40961 
88509 91027 
89957 69446 
72590 45877 
79124 26229 
43453 10642 
25651 62410 
47436 81319 
70100 29083 
55810 30135 
33763 95382 
86419 31154 
85698 81104 
54233 49764 
38451 6636 
46053 16789 
84524 74739 
5353 83875 
2998 63701 
82050 35767 
11061 29390 
48995 17262 
8774 84999 
12081 17853 
67063 51509 
44045 45456 
38682 49425 
53447 12135 
29831 32827 
59736 49351 
56139 50521 
82922 68021 
20879 55875 
72117 79555 
95567 76865 
91029 98038 
53516 915 
50466 50854 
5439 25337 
28037 35309 
12861 73443 
43416 72176 
9888 78894 
63913 23604 
46792 96388 
99562 62452 
79885 5481 
9520 2861 
71362 36164 
82315 27768 
30013 59749 
71315 78058 
19185 56697 
63759 182 
81848 94189 
36812 84331 
84319 20586 
7288 63617 
59967 11343 
13083 86237 
42142 81520 
73784 17209 
11586 13722 
65555 74032 
47769 37112 
11102 51497 
65863 33086 
29374 44878 
41486 36273 
11628 37864 
73863 45698 
90594 81852 
14752 60276 
47670 56590 
95213 5234 
59469 68660 
15264 21649 
19462 13944 
22459 49944 
83105 2935 
94606 50036 
75529 23669 
59134 65746 
69732 96021 
26996 59167 
90191 53280 
92570 11862 
21881 72126 
52654 14082 
7967 60550 
27444 40656 
707 4737 
24296 42738 
89648 70573 
71102 68310 
68746 53186 
60279 61159 
19793 68810 
86650 77967 
83356 87265 
32901 6245 
60434 10488 
54849 62003 
38113 12767 
45391 95405 
60736 71763 
10820 35051 
74436 35856 
76079 57138 
57389 93020 
46568 74422 
10686 29154 
93286 1708 
25497 89712 
95358 69573 
61025 87429 
69432 26054 
64716 31125 
38940 87246 
41296 85779 
47891 72075 
30436 12460 
3655 83930 
84176 78212 
41093 82434 
44733 70617 
36425 22293 
10888 99491 
63407 23015 
46899 19088 
76645 73199 
31720 58155 
27306 66176 
68275 2326 
65006 9984 
72634 33598 
56336 53946 
41187 95001 
55239 26605 
50208 15095 
93403 85291 
76730 96526 
19824 36317 
42203 45671 
7899 96609 
71167 96236 
65657 32510 
25994 58700 
30170 29575 
25724 9628 
704 18357 
82156 20120 
66853 5499 
89521 11036 
17651 36904 
85453 14171 
75599 50306 
60436 13139 
85569 58246 
30497 35524 
2685 39317 
3636 68695 
65611 5428 
64353 75713 
12041 55942 
72564 94884 
91748 25721 
23348 16741 
59208 83433 
42137 45660 
82574 38898 
96350 69771 
88736 73850 
88922 82495 
75176 19159 
61781 21771 
58543 63364 
78057 18908 
97112 92353 
70638 78028 
19747 28042 
41684 39170 
17478 55122 
72778 13392 
5492 99269 
58652 16579 
43116 47619 
8734 70175 
7276 82923 
70269 81687 
50949 36436 
14339 65559 
42302 51464 
91853 15882 
72472 89384 
10402 96442 
40371 3066 
4862 70698 
71423 48769 
74727 54571 
3819 6943 
39360 38265 
80624 34791 
18720 89896 
19030 78994 
81581 23274 
89036 35732 
15857 84997 
23032 56924 
66375 91848 
95027 66546 
54287 28505 
53688 68977 
39276 97725 
66871 2503 
10819 380 
37011 15406 
97981 11122 
76498 19543 
68573 6967 
90100 6852 
47983 687 
97505 97948 
25552 28691 
43232 28740 
32152 43919 
83448 71005 
66406 68304 
9611 25854 
19001 66463 
67434 25277 
94648 12561 
56295 26222 
59417 35641 
49012 84137 
47597 45224 
54819 48457 
46627 58644 
59403 31202 
41302 74276 
15028 61692 
39150 60755 
21064 55300 
17719 61247 
30629 92244 
31517 43988 
42613 23621 
91406 65531 
89991 96162 
82509 51560 
15127 14692 
18007 41594 
30694 41781 
35696 88560 
828 67806 
31774 51958 
41358 71444 
92019 74216 
30173 30558 
24415 83849 
39250 36510 
19209 26153 
48367 11120 
62516 82415 
77203 24807 
7785 2031 
77309 66902 
65808 38378 
58344 24661 
8407 48954 
83991 86236 
93550 93042 
62166 94642 
10354 36030 
71362 44722 
11289 48519 
10443 33174 
45878 70495 
32677 42883 
35256 96083 
26514 67143 
30216 22772 
35345 56762 
76678 535 
66445 3643 
72016 10859 
25285 58103 
33264 3471 
25594 14009 
13944 19447 
67822 85771 
121 33339 
49076 44269 
88236 54149 
66115 75020 
97392 35185 
99673 71157 
96973 56230 
23158 76289 
36845 57972 
61672 47834 
51822 28236 
38351 20131 
74720 62362 
84173 8448 
33028 45904 
54664 9941 
23055 36858 
92363 25685 
52418 56755 
97406 49109 
16803 35186 
20290 40437 
30178 90745 
70627 34246 
58965 72822 
43636 7743 
20167 33381 
2144 71123 
91030 45537 
16013 28133 
43548 36680 
53236 94951 
60978 57870 
37300 58517 
15480 68366 
34001 1672 
86115 74402 
7526 21771 
74657 24703 
90399 21865 
33000 31737 
44829 59138 
50448 57337 
53998 93938 
61739 74062 
70999 94610 
27405 89560 
70441 18226 
6900 202 
93110 5412 
91905 22366 
47637 98649 
92325 35033 
34782 17739 
70697 55702 
89709 3568 
2101 63166 
95566 71884 
96113 75303 
7696 2464 
54954 87781 
41975 25897 
57710 80496 
23050 60115 
54329 2499 
58683 91918 
25108 53372 
4908 94869 
11431 89199 
13396 24317 
51797 94710 
7194 32688 
63483 79647 
13921 3796 
94669 77042 
96534 13589 
34474 43851 
60941 86577 
9039 90261 
87020 32120 
10657 93011 
25017 12829 
3939 80150 
22827 18520 
28064 9977 
1329 93471 
67425 5226 
74712 92197 
94304 45086 
20676 19486 
96683 62298 
41386 44171 
91917 40276 
20243 62898 
92688 56118 
71811 30112 
35532 69372 
2660 63537 
4187 13519 
49398 80626 
80113 7435 
36859 20757 
30769 67437 
4155 60426 
2548 67045 
79257 34212 
19792 61199 
43775 33017 
3851 64444 
18765 62871 
16926 48472 
19704 12558 
4240 3394 
74152 96376 
55082 89269 
69178 9518 
28356 89664 
97272 57915 
91490 67383 
99267 1784 
2899 14028 
60677 82721 
27698 79669 
3933 87851 
13922 66663 
33118 41367 
72248 72536 
30112 3745 
96083 70844 
71465 1970 
30803 26064 
33842 10307 
51090 48820 
82554 50470 
33481 11114 
92463 82486 
17621 57764 
33479 13101 
34180 69841 
63875 57287 
39981 58692 
13834 50215 
41631 94987 
8901 21997 
7759 6234 
78445 15583 
66978 8357 
17758 49354 
63755 72152 
24081 330 
97617 63851 
6641 11276 
2442 40494 
78672 5628 
32092 25464 
75457 27804 
6219 37281 
6556 13299 
35786 95629 
42707 32904 
91741 82606 
58256 48463 
2190 94296 
98542 63748 
63570 78042 
18311 53380 
29509 14145 
42000 5142 
97423 67255 
29682 16611 
47373 2317 
93450 45717 
287 32703 
98232 26656 
53413 44053 
98249 27538 
19654 16313 
5815 44194 
44481 48640 
62634 95773 
99155 77039 
85476 12084 
52259 63040 
87859 80049 
2849 23167 
37282 47244 
18042 63612 
93603 64148 
55434 82289 
88300 83574 
66454 1294 
46647 25683 
70657 96811 
25240 60040 
62855 661 
35857 52384 
65166 57891 
53273 73078 
64213 38230 
59469 66653 
80095 15713 
59543 37449 
98213 50412 
15707 15003 
57628 28967 
84888 24690 
30349 46495 
12738 4051 
44816 41437 
32289 73294 
3780 27063 
38989 89680 
21918 98587 
65555 89772 
61716 33222 
59832 51029 
77517 42033 
76769 84728 
87090 77036 
31666 5941 
77690 44791 
25998 13086 
19286 28566 
49394 49509 
1492 75198 
81799 12627 
32698 59886 
68326 22373 
40020 2384 
16024 59947 
86866 71492 
66519 40392 
81322 81199 
31443 88006 
82973 51474 
38563 42347 
28421 79483 
25702 34389 
86460 42842 
36837 37300 
22711 35558 
20132 14434 
523 19417 
1252 58265 
69998 58848 
6919 38349 
266 95652 
43482 53819 
91453 11509 
93165 16483 
62266 20790 
76720 74308 
46733 33962 
45333 21866 
49321 32747 
6955 34267 
1549 2218 
62612 4180 
35145 72103 
26799 57718 
36928 29887 
32712 74291 
78779 81601 
77874 37972 
22461 52766 
48596 3480 
83476 41539 
72774 68580 
774 58883 
89673 6523 
99835 16452 
92619 27072 
55507 51904 
95971 2753 
57940 13460 
1221 18129 
60065 60788 
88796 74248 
38284 77694 
41864 7822 
29393 33567 
16395 65286 
16219 75175 
7736 5566 
22058 78171 
28147 92204 
39730 38533 
2001 75424 
64893 38156 
5785 57805 
25267 75979 
28554 83399 
97468 16247 
5176 89455 
81425 68898 
79454 12369 
58663 83586 
87167 45006 
95224 8457 
10061 1286 
62600 37557 
41016 55686 
40757 46635 
17887 90296 
36199 96103 
28920 106 
94974 62044 
66188 78409 
15633 41412 
5164 28507 
70371 65950 
18295 25367 
23934 50859 
88400 81409 
99336 98867 
73712 54349 
77034 78110 
90564 71780 
29939 93130 
21996 37153 
90480 72260 
30970 24887 
17905 1835 
55429 68491 
84119 47910 
89068 94954 
24564 19522 
6503 61046 
6999 44072 
74406 2775 
55522 45013 
1230 17929 
29751 34777 
17295 63424 
99828 61780 
44295 64172 
76733 79304 
8702 98189 
54399 36242 
77066 43901 
95181 24890 
42882 49898 
43478 59378 
74476 14834 
83655 99842 
41265 45745 
67871 82043 
71797 96732 
27026 59915 
61119 76784 
43756 19391 
37318 55462 
10277 75864 
17495 88212 
15799 24774 
31940 29293 
8393 75050 
71980 99594 
54368 58535 
21710 29081 
74586 75006 
66764 99165 
71603 2056 
34303 68976 
74141 71826 
7545 81354 
16093 92479 
75479 9293 
36131 71305 
23781 21662 
30950 78469 
46510 18188 
20282 75680 
59807 8045 
85030 22422 
28617 83780 
21241 63902 
75342 72935 
12068 99507 
25415 33357 
57523 28294 
58876 95046 
17496 68929 
79389 41314 
17392 55512 
82487 65096 
37710 17805 
3414 32452 
58954 64692 
51570 34600 
61549 3043 
93338 12291 
86711 40660 
28026 91859 
48753 41624 
12639 81025 
51866 25117 
30396 34295 
5166 24654 
65176 12775 
48617 53679 
39477 31275 
99446 55609 
97045 6763 
3724 51657 
62928 96554 
31054 38136 
93565 42062 
81611 26481 
37378 14489 
84285 63811 
62391 92557 
52264 19647 
71563 89153 
28102 75253 
18795 83754 
94198 6087 
58995 10506 
46545 4969 
14108 98088 
29746 53838 
13684 56742 
9477 15329 
73349 60355 
14956 81926 
7430 76976 
18436 90065 
33060 59927 
31337 79322 
12200 23390 
87355 52678 
95352 91376 
51742 72897 
76102 26994 
42914 12142 
39192 20153 
77639 57231 
86481 36139 
54300 61308 
54925 4964 
70041 24200 
98634 61915 
27124 78383 
93075 33482 
21360 55200 
33687 99585 
21278 6885 
43415 53036 
40453 63929 
74121 20187 
77485 14464 
85335 2917 
48119 2593 
10485 51457 
62313 55969 
75524 79941 
5322 69437 
17795 92195 
66419 91169 
63975 93912 
21397 80497 
65153 29230 
15785 32504 
54330 94625 
14507 93453 
87077 51125 
80717 23264 
49590 77046 
21626 96481 
70083 77742 
92367 71585 
49190 96319 
80291 99985 
33018 49842 
1548 90650 
88469 49224 
29421 94120 
4665 47828 
39603 20489 
36542 3746 
1433 59968 
27138 33786 
66104 31769 
93592 83382 
2952 47286 
38572 35974 
13128 36962 
53596 37832 
6358 56693 
13646 19875 
60896 59283 
23509 56715 
99452 89204 
65424 14984 
4526 34787 
14908 7945 
65491 50992 
37058 91437 
96676 48018 
49123 7417 
90873 26271 
36851 5661 
75831 26601 
41860 51639 
22727 56194 
95203 59146 
15013 45167 
58350 69942 
23679 86646 
46949 39509 
50668 13993 
55014 77926 
96050 72843 
67618 37978 
76502 52769 
48680 38769 
72776 53601 
17112 62441 
12033 74856 
79365 64048 
97280 33189 
69336 90189 
80616 32448 
57622 10699 
39593 33641 
31276 29515 
56717 98012 
12490 55779 
20972 5430 
80065 84293 
67197 82413 
81043 55650 
44288 9383 
71532 40676 
56367 15097 
5571 21235 
52449 7736 
98755 20072 
49592 36736 
29394 65985 
62114 27214 
4146 67515 
75191 79718 
7330 8201 
44982 82030 
73558 69592 
29423 36881 
71836 34341 
53906 69698 
65962 21050 
94299 43869 
20834 54972 
16101 77534 
57176 84239 
43004 25512 
18240 9982 
40722 62761 
1195 10516 
92689 81617 
23206 4716 
13056 94083 
37605 17767 
89395 12556 
89098 83665 
72622 67637 
98622 43171 
34875 10051 
98220 73345 
97414 35205 
94261 15363 
90095 63537 
23306 51021 
41582 7578 
79149 15122 
15148 57501 
31785 20903 
98795 20966 
29505 18732 
30383 60179 
73849 4457 
88557 79336 
83790 43162 
8484 29017 
20325 76478 
87755 10582 
25557 37189 
32289 83265 
41375 3561 
54677 99402 
12013 87626 
78093 19116 
42044 66614 
17802 84790 
76794 34776 
9218 67768 
95655 74040 
26589 35015 
60495 16263 
89605 21798 
41088 97256 
86561 37994 
47445 83384 
52200 80249 
34938 85158 
25935 69940 
12260 59115 
81896 87818 
74588 39198 
66068 30174 
4679 31906 
97795 68518 
33195 55698 
92978 55005 
26207 4427 
44561 79238 
72608 67050 
52218 48553 
77074 41386 
27629 33557 
25253 38438 
14358 93409 
77030 85560 
52023 71231 
60967 1724 
83343 29039 
88486 36200 
49575 73718 
79825 33143 
44998 10792 
95529 8922 
4280 51159 
96965 6434 
77938 87432 
17305 21246 
10574 51177 
10420 78071 
74149 60071 
59312 72919 
24297 64912 
67990 86206 
41521 10388 
31098 15150 
91094 30659 
74152 69994 
85568 11045 
83888 27919 
62039 60517 
3027 40913 
92639 56160 
46653 49484 
31232 40428 
8439 62742 
61847 74762 
64144 27231 
55142 79008 
47044 21820 
58014 15093 
65398 84011 
38459 5543 
55589 94248 
82876 12655 
16227 19100 
96225 42565 
48278 41644 
86825 79898 
34227 87930 
27001 3374 
25282 92126 
68448 80437 
69799 29718 
56845 89917 
8408 88133 
34135 75679 
81707 37151 
38861 91395 
44933 7749 
15010 56771 
60697 87251 
18087 9011 
45623 91156 
63461 99733 
79674 77574 
96486 57229 
47958 28857 
76541 6697 
73976 36879 
57805 16948 
20572 93319 
18476 21112 
80230 4395 
37072 40972 
49922 20667 
39588 29831 
87346 96857 
44490 37180 
75213 74078 
13859 89954 
78118 7415 
78504 79771 
62579 45506 
42430 43327 
64996 5587 
87790 23982 
34550 77388 
95284 6579 
48497 32375 
66950 24675 
95807 10964 
88387 49602 
51813 9705 
95666 84175 
21258 92855 
18549 345 
10101 8305 
56083 79750 
97427 96548 
3270 38833 
17989 43190 
88188 46131 
33201 40406 
97843 68279 
63798 90878 
67948 13456 
80917 8871 
86970 76211 
4018 47479 
17973 26031 
33842 8478 
73162 23466 
56526 71800 
85472 92298 
91019 15338 
9190 23973 
16087 82608 
47264 41398 
5540 95717 
46852 3205 
20634 4191 
26611 86731 
57226 6361 
99316 48184 
21855 79358 
31646 21885 
15742 6200 
39309 86937 
38599 94007 
50141 99341 
85174 36082 
80426 60298 
96618 82427 
60410 67339 
46060 48165 
13804 73929 
83151 7452 
43085 65288 
35915 91618 
97448 43477 
69880 34612 
3549 3126 
34245 86263 
20460 70729 
82768 44430 
39785 75010 
43082 40812 
89448 13680 
22293 52003 
15403 82721 
79044 97320 
9364 38387 
62584 27995 
22616 69199 
17946 8512 
56065 65514 
83006 40203 
44934 87565 
57960 79619 
62822 49441 
10667 59822 
54331 56045 
92365 31356 
68087 52853 
77397 1553 
2656 74184 
7884 65697 
96750 4667 
19700 91698 
92060 731 
49622 41074 
72166 54221 
75193 83380 
34191 18585 
18639 88653 
81216 59594 
54053 63024 
32938 37212 
93151 26312 
39670 72945 
88987 17256 
50475 7899 
89395 51980 
30109 10790 
92237 54333 
41382 52250 
3158 22963 
9683 22065 
73140 99277 
64602 29310 
97991 52905 
9960 91907 
94756 6824 
8004 91712 
31131 83021 
76141 44016 
73077 61352 
85309 6231 
33134 9247 
17898 29498 
47346 57912 
90163 39140 
82242 71943 
69109 15080 
74974 83513 
17098 31760 
39499 39793 
78747 8591 
29609 42795 
84166 16586 
35634 44538 
80197 84590 
5832 97237 
17006 49395 
25715 48188 
11263 98039 
59031 12034 
79101 57708 
52607 49355 
82124 98913 
33945 29787 
58008 31013 
85238 60337 
13519 85628 
60399 15148 
42311 3133 
22689 11606 
92413 60191 
19758 39562 
49067 2121 
80126 65332 
17417 72952 
10596 232 
86517 68093 
97596 44588 
31230 69851 
67114 92474 
61818 64366 
37689 9881 
62354 80057 
8804 79578 
68571 32313 
63091 39630 
23369 6879 
24894 29329 
13900 65312 
10044 96266 
38019 9849 
22079 11324 
69858 2180 
98724 84554 
94372 90861 
89047 74229 
58922 65490 
46554 33811 
46337 22263 
56334 47111 
8334 95162 
75469 60647 
10786 79786 
55007 33992 
33073 52702 
29154 93862 
32552 68205 
2699 95759 
32203 96507 
41250 68158 
14574 52622 
70507 38579 
8375 53599 
20577 18288 
35446 33257 
9276 52954 
45244 38199 
44355 30299 
1648 26649 
38777 72551 
2569 92520 
75463 31495 
6705 41142 
28293 46961 
13764 50179 
44742 25772 
94563 59563 
22140 47523 
95651 47602 
64359 5959 
49424 66965 
88631 50340 
5206 33839 
63242 99807 
59333 86345 
95992 65651 
3039 54148 
60617 31269 
25750 10210 
43761 7684 
8389 7773 
18641 3711 
16402 40895 
3175 24127 
55392 5268 
40171 36689 
83665 77511 
45058 29376 
85391 75800 
2661 12943 
95744 12430 
58740 10683 
35056 99781 
44218 17237 
52917 25179 
90508 1353 
5072 67251 
42830 73697 
86114 86650 
55106 40126 
19165 87384 
54776 13277 
60085 11504 
98813 60893 
8239 99517 
3240 28003 
28434 21669 
17599 81875 
79370 61087 
33141 93627 
12782 8817 
58879 88415 
54450 12871 
73198 67341 
3318 8712 
60391 28520 
88217 46915 
71238 92183 
3009 25320 
4695 65292 
461 27549 
93771 64778 
62740 67575 
92827 55395 
82160 40870 
5849 48061 
79638 86680 
65609 47686 
60310 73097 
72211 35611 
55848 26855 
26140 21168 
31223 43166 
45746 99249 
40044 27391 
41984 6391 
97047 39989 
34282 76531 
98907 38942 
30559 59446 
65290 39726 
61708 79781 
90875 41898 
56258 82698 
96095 3505 
64471 33305 
39393 79777 
92807 11392 
7047 80941 
89427 70422 
27960 45489 
29381 10273 
70266 69877 
84095 46964 
64220 83381 
23991 49366 
61560 7705 
95309 52870 
85363 94954 
32655 53049 
46403 94699 
17291 28522 
2116 61137 
67880 41570 
12493 74703 
55162 17475 
3571 19008 
64954 9136 
83673 23607 
94902 12194 
70130 55855 
59576 7723 
74965 20974 
95778 74473 
66828 8476 
5340 30747 
73494 5218 
46254 37141 
14290 80587 
84575 15735 
55056 37734 
49402 18732 
59608 16253 
91074 10136 
71109 26341 
28821 7725 
94388 92216 
88216 69413 
65943 83470 
71095 98022 
92230 17018 
71004 81559 
8795 19448 
45783 82285 
62923 49809 
85526 37172 
50682 96295 
68985 34790 
45606 76725 
84362 89240 
40712 92415 
1472 40421 
88167 7736 
21450 71762 
61632 53568 
97412 51460 
85144 81848 
14931 71362 
69400 30527 
44709 78801 
71388 93550 
31476 71018 
46517 28788 
62957 49241 
93775 78403 
70625 10069 
3911 20750 
50036 85478 
8198 20644 
52648 29617 
91125 95738 
93368 90459 
74137 70728 
38439 97485 
99578 48263 
86833 42727 
44054 85659 
34970 31856 
68661 29914 
19378 34395 
69885 30032 
64803 67748 
29438 15265 
26327 8396 
73893 666 
3201 35447 
45721 57202 
19404 76647 
56150 62707 
11322 45061 
37275 32039 
36495 25770 
35910 10116 
19043 96317 
94925 99834 
77149 42003 
49140 88408 
35905 57755 
22328 30286 
14853 11955 
49477 42550 
93713 84442 
64180 69600 
2082 80830 
84874 77899 
49290 68373 
5618 48723 
9141 74774 
47200 47076 
916 40674 
52585 58330 
62822 18979 
17063 661 
96954 69765 
27927 40952 
75889 8183 
51118 64612 
40194 24608 
42979 75644 
83400 11210 
84129 32272 
16414 97201 
29417 55582 
26888 16195 
43045 83896 
684 3441 
41130 83963 
52419 48123 
95366 71544 
19926 6500 
60888 38631 
13537 15331 
79051 32262 
75248 31866 
71562 80786 
95107 66615 
86243 17433 
52563 68172 
76674 8186 
99091 65574 
98079 51177 
75010 72970 
80024 78235 
58249 13844 
92840 55713 
75694 27578 
59184 51329 
68795 79848 
74713 6548 
94268 10151 
92598 29868 
58023 14716 
95434 5411 
25848 81106 
25081 93327 
27910 62008 
66074 83794 
75812 51 
81453 54750 
40720 92882 
81223 75016 
98968 18358 
63105 89095 
37626 23349 
2867 17682 
26623 16506 
87232 8793 
6353 95253 
76186 78444 
10062 80361 
53529 86918 
38874 27624 
74567 6932 
33961 35507 
48084 53369 
45161 70031 
96088 60777 
78236 83786 
19266 14439 
14019 14589 
58735 63583 
31854 11182 
85339 71176 
37003 48255 
66626 83763 
87123 61186 
58607 36915 
36451 52051 
44494 47125 
67966 92791 
95816 79378 
63637 78862 
62714 21083 
70705 67249 
9609 37736 
58061 66440 
123 33405 
20864 32737 
781 90009 
83897 67265 
16907 13380 
74515 1067 
96112 71216 
84612 1893 
34815 68286 
17670 35589 
1535 67642 
21760 67445 
46972 33064 
42245 94418 
5408 37639 
88998 57857 
4553 56081 
2108 98131 
91656 34322 
17296 77560 
52587 8869 
77728 16071 
47545 30580 
12397 55202 
12145 32746 
2938 90411 
75867 71768 
90516 89071 
31198 60185 
32327 42096 
46272 6487 
3307 80855 
51389 73848 
52784 27824 
45556 70838 
68109 39378 
63002 91153 
67700 42198 
11624 26532 
44483 60948 
45382 87286 
7350 84192 
60932 78263 
23069 17977 
15078 94526 
43968 32065 
44150 20720 
17758 12481 
28970 40791 
15028 95876 
89820 90639 
77213 76134 
14653 15291 
83261 41727 
20779 24275 
56752 23498 
25336 74177 
86895 6890 
53100 45697 
16589 90068 
41520 24068 
58668 49938 
12331 36283 
37481 11785 
66734 46372 
17102 5042 
26787 60823 
69772 27652 
89579 50260 
58569 34564 
82663 50602 
56851 12080 
9357 67207 
3656 99082 
50744 68861 
99058 68635 
47538 24981 
76357 89000 
19456 9040 
49036 41795 
92350 63969 
19587 86871 
94049 1165 
54545 28376 
48738 83742 
75557 54588 
46651 26800 
89765 95263 
90965 32726 
84508 64564 
26990 67929 
41097 35087 
40129 78906 
80330 19062 
68514 40183 
38476 16489 
13848 24410 
86572 26805 
49707 85776 
48212 10604 
20385 51908 
41371 31002 
95348 26566 
68381 426 
94479 15674 
4806 7945 
27476 2615 
92771 4664 
97153 15241 
27194 80305 
848 46642 
34411 72764 
26744 14507 
81850 14271 
82626 69764 
24684 32703 
13453 94205 
90813 94676 
61089 58918 
29054 98231 
94648 50619 
97076 97249 
93106 11337 
45416 67166 
93209 78428 
61807 2128 
25162 56496 
76082 67415 
46172 591 
90105 17786 
47684 40897 
89421 32335 
55930 33141 
13782 9501 
67445 76099 
12174 12097 
61273 97790 
84708 51509 
7798 75374 
18449 52672 
50519 20235 
57218 46997 
71521 29382 
6422 99103 
64013 77050 
63105 85052 
26031 96256 
78752 4678 
58239 79067 
7714 28729 
95728 6492 
67732 52671 
28843 4117 
40648 53367 
71245 8029 
71184 22266 
14802 17044 
79612 79290 
70359 1907 
90120 55330 
31020 39863 
90896 68049 
10340 43902 
84184 5651 
1615 59965 
55025 76329 
76493 12529 
85887 77302 
91162 89260 
71086 86671 
96664 68785 
39654 83756 
56155 12134 
78247 59150 
56477 58055 
56696 84410 
