39303 33822 
59048 73337 
44046 94000 
62369 12060 
58256 74601 
52135 44590 
37787 66470 
54327 91328 
7642 8677 
54569 44730 
84188 70315 
1383 30452 
57207 90929 
73879 63139 
76543 49068 
92654 64815 
88178 88703 
29358 13174 
42832 96610 
75138 39494 
56496 90373 
61139 1474 
36790 46222 
85197 14973 
1657 68740 
88099 40477 
7584 80303 
40008 85007 
73432 87158 
43106 98306 
32894 61135 
29999 13302 
73729 61287 
39144 5148 
25121 8090 
78279 20636 
35861 14359 
44810 60274 
45534 71673 
58086 79069 
88491 88836 
72710 8846 
86083 79785 
84262 94873 
76521 2377 
9271 82642 
3666 56595 
19773 86838 
36171 60973 
39473 23844 
16607 39427 
63294 91580 
46552 67171 
45034 36028 
98117 44034 
8862 52501 
4950 86250 
79548 31506 
26495 53656 
93630 74037 
98138 58262 
49098 69139 
76837 32260 
74727 47837 
66930 68815 
51864 1788 
64030 87343 
1231 82508 
86292 16496 
55232 77524 
71775 32695 
72297 93578 
8236 39816 
13928 63744 
27427 26502 
97429 35310 
39785 91580 
57688 88341 
7404 85202 
99924 80999 
53267 73562 
1980 17053 
82930 98453 
29503 83415 
51207 69379 
60297 11145 
40888 95636 
75142 72012 
33079 38457 
61535 34562 
39540 39258 
94123 68552 
36180 58977 
963 4685 
83882 45662 
98315 27786 
47912 32693 
78321 5845 
30398 58424 
63704 34832 
11702 89509 
1539 9722 
55984 24837 
54185 15881 
73863 54715 
59607 71776 
50797 50865 
75638 43892 
43636 66757 
93104 97855 
19813 34961 
1296 45892 
63689 58449 
15915 113 
2836 6139 
34423 43545 
13340 39506 
66623 86376 
47743 16689 
99323 83612 
91761 43291 
93132 52111 
96721 64937 
76682 39954 
53437 25673 
98997 69125 
70266 48413 
24279 93714 
93149 28872 
5007 90137 
58702 72854 
49065 23319 
2724 48201 
4512 13371 
56001 67403 
21625 60944 
46856 64577 
16038 76304 
95649 81413 
49057 97078 
30223 30710 
61669 72708 
73343 63228 
47259 39831 
53192 23839 
24753 12130 
66272 46359 
78661 60625 
78373 2927 
65410 65958 
83752 93420 
46403 82910 
55278 33192 
97382 69196 
8982 73223 
60981 95543 
75362 65869 
54734 72104 
16684 71429 
20378 97469 
54704 86094 
1913 60836 
76390 60141 
69691 5355 
66600 66801 
65700 91223 
76157 76822 
31271 80801 
71324 91516 
92547 4831 
26446 87948 
21398 58787 
15334 33954 
59830 21448 
28967 37761 
94492 83980 
97182 7289 
94537 27126 
20223 7537 
80894 86551 
22397 21010 
77889 1936 
24539 35742 
9219 54145 
94595 8229 
39425 56557 
76338 74477 
29299 81636 
15108 11356 
69066 71858 
96417 82598 
76739 5310 
88362 39015 
661 60597 
32014 80902 
45092 53125 
55305 32096 
45545 95398 
95398 19773 
56674 67677 
2122 1842 
79618 72119 
60784 34668 
48037 83519 
16521 27839 
12459 2779 
4306 89854 
11104 65475 
88849 28835 
91997 57169 
96835 35765 
55998 39582 
80300 44242 
23244 97289 
84405 30379 
86570 73310 
5491 89233 
4621 73760 
15994 10 
4643 86697 
1656 71325 
10376 78337 
3456 39897 
83985 1032 
81746 81328 
72623 71681 
23347 79990 
80039 56742 
93670 96554 
41506 30515 
95411 66308 
66413 57113 
32979 59184 
27019 83317 
97512 33282 
14142 19481 
81225 17678 
50977 28681 
1749 67455 
54761 40550 
67283 44113 
62677 55492 
41543 87935 
93170 7465 
73891 65350 
96741 9056 
44452 93996 
61345 11277 
36677 70916 
76675 72320 
90476 55213 
28873 44458 
7940 85491 
92656 56334 
80624 44527 
11357 89089 
82446 18893 
7048 19077 
25514 39614 
42690 27370 
7510 31443 
66185 56813 
88749 42982 
2215 31093 
24623 77620 
21925 37088 
44863 96143 
12799 11712 
14901 15870 
91480 67537 
36586 88293 
50812 37663 
45607 97485 
9063 19624 
41193 84859 
34057 50561 
40022 72429 
47850 51457 
80713 26317 
78644 36921 
17928 74998 
15765 98827 
35753 72682 
40829 37047 
78968 77217 
53634 28603 
47705 94028 
84842 97722 
26148 22858 
89187 73633 
19116 32472 
42709 348 
51748 79967 
25454 93277 
46953 85975 
57087 21167 
32905 74795 
67046 28729 
48574 89369 
23132 5210 
9143 95022 
12860 47258 
65126 93006 
70412 60619 
39097 75167 
68705 94511 
52169 64397 
50876 4970 
58716 2068 
58372 99024 
92273 63259 
23905 20249 
88202 3333 
36663 98069 
89363 65338 
54454 98112 
59949 6640 
32901 78991 
29567 35414 
65296 82083 
64750 82787 
78420 55175 
18350 74869 
9398 38318 
38538 10381 
96573 20764 
28682 94216 
53431 11576 
36925 25051 
58749 53301 
20014 85969 
88434 48053 
69809 41081 
34937 58405 
12826 98260 
8648 91695 
93308 58349 
92342 75642 
28517 34582 
24543 85655 
81291 92473 
20563 89721 
29395 30046 
1032 35519 
23770 91033 
86863 16159 
18537 79557 
36920 15944 
24422 23794 
50034 55560 
84285 18288 
26568 27357 
94496 59779 
86379 35636 
99142 79845 
69819 34344 
65394 69120 
6325 85128 
7835 82510 
21180 42380 
67154 12551 
65186 8752 
64308 18966 
94287 94528 
45145 6453 
96578 57321 
2413 49882 
62665 94767 
12201 76327 
22028 12175 
50070 26743 
22796 89567 
58486 36590 
15261 28071 
21643 94343 
10515 64369 
66339 59593 
24706 3662 
48325 48294 
86753 36605 
2372 21740 
82722 73709 
31271 47977 
33628 51890 
84095 39603 
55070 42179 
27266 10299 
26917 15046 
43310 33926 
9134 342 
1676 34662 
75914 12577 
33564 84403 
4416 99041 
8462 34528 
46692 8253 
53912 63132 
33824 69247 
82014 75975 
9788 18433 
86267 59619 
69257 10060 
50574 48632 
78320 98770 
68585 35234 
90007 88282 
6012 19377 
27556 98944 
51174 70014 
97501 18713 
89721 44207 
11957 67052 
8366 89685 
44891 19307 
79396 38649 
20689 10315 
2849 85814 
35006 60324 
86470 32117 
37649 43716 
24891 66969 
65189 51629 
98959 56602 
96990 83235 
53748 3785 
22532 37265 
29488 45084 
50189 65305 
13510 55821 
58016 91456 
53274 40054 
85651 99141 
20649 93097 
93088 35167 
45814 37547 
66874 83570 
45542 50215 
37173 17369 
55049 17063 
80198 45013 
35228 75934 
19656 30150 
67786 32782 
8140 78262 
69669 66111 
64826 51808 
55113 66440 
69335 96675 
48775 92881 
63322 37071 
6604 67291 
91105 23450 
32471 67975 
18577 98580 
88054 29511 
5666 80612 
81049 3073 
71787 48782 
82529 82457 
85985 57342 
68101 55061 
33918 96370 
99488 94161 
62317 64310 
63271 69112 
78268 16407 
61733 13458 
85413 5632 
7104 57456 
72087 38282 
4978 1130 
27446 25105 
25265 76745 
50798 20634 
49777 25458 
36640 8356 
54373 91898 
63302 7386 
30587 22583 
86644 47546 
76736 39313 
41910 84026 
91740 47052 
86638 268 
86244 27351 
75398 78284 
85071 62946 
43225 99282 
32682 36960 
88714 74337 
28986 50985 
90079 94729 
16739 10353 
57844 34690 
13719 31998 
26408 35457 
32961 40613 
13360 48861 
62565 32135 
30215 21112 
82942 125 
11157 53030 
83827 40241 
37391 81623 
5984 70725 
73901 89776 
73267 32753 
2648 65724 
99521 63449 
31704 2051 
51815 66529 
83311 45168 
26557 40784 
15537 80524 
48303 64987 
11983 66242 
32386 79305 
81899 8450 
61988 47961 
49100 5263 
17862 35586 
72257 73188 
64637 80648 
31384 9664 
41489 3284 
35781 38520 
26931 42045 
57228 31323 
47579 74278 
68867 96902 
78956 38266 
75006 83780 
42770 41758 
49995 45805 
39551 11125 
65340 79976 
68145 8159 
73409 57261 
74275 17389 
33332 32153 
39235 85818 
10153 34780 
66755 79071 
51779 20563 
51160 3257 
49971 76758 
13190 30168 
21387 62619 
71181 54980 
2590 90536 
74770 10238 
39001 39138 
65926 57664 
61894 26230 
47771 80190 
89857 59302 
35557 654 
61516 24491 
36107 60693 
4888 70995 
52136 3636 
75357 97323 
36088 18588 
49085 48143 
24472 19381 
41546 86109 
68159 51698 
31938 11704 
36694 44464 
13362 65974 
15387 47416 
55966 65948 
32835 25830 
65631 90639 
53447 15473 
44357 56666 
44680 76109 
10110 96901 
81901 20279 
13731 82949 
85145 35570 
98379 12868 
91499 63209 
83038 19181 
54459 43598 
15760 39117 
27304 90246 
34620 28881 
31412 7598 
94760 96886 
32377 25359 
68429 77035 
46925 82193 
1586 62458 
81806 55012 
15446 72572 
62227 96639 
74208 31877 
41838 14189 
1291 97599 
98886 93317 
15523 85123 
13883 49335 
76052 5060 
92969 65211 
70110 43912 
48143 58593 
51352 91447 
70596 5256 
38102 42230 
36657 34737 
10656 76207 
67152 5450 
4689 53771 
20498 61181 
83847 44485 
37420 68617 
88772 45394 
70911 36469 
2085 34844 
28911 20711 
39273 50768 
29143 27622 
73950 78602 
15641 36557 
32626 83311 
14742 77743 
48908 22428 
14636 16920 
49961 32602 
37077 18263 
59094 90833 
32415 79777 
37499 13368 
69861 61229 
55446 70208 
13737 53709 
78670 61219 
73427 72008 
79187 21034 
89855 86279 
31472 94257 
74532 47818 
34688 49917 
48559 5302 
9585 84689 
38455 52460 
54715 98081 
73266 95892 
10760 9616 
93146 82650 
74083 27969 
23427 81175 
20989 75099 
90204 66338 
52733 14578 
53513 19564 
47988 32678 
12441 18409 
14236 73182 
92843 56478 
62488 32463 
62794 4151 
90757 80081 
33534 93411 
50867 81941 
94366 85882 
90483 68008 
98815 62222 
7629 4649 
66344 53137 
28532 2844 
88994 17548 
21249 17844 
35574 61784 
87364 73282 
27331 85236 
31902 73315 
18547 32479 
97702 50071 
53078 29668 
64582 30474 
83570 83849 
55985 96490 
33971 27886 
66140 55871 
57881 773 
19366 36692 
95419 63398 
99749 68274 
59485 63187 
44269 13548 
88664 77560 
75306 73446 
88459 85767 
59526 92649 
45181 41419 
19303 57774 
37506 43908 
90100 94093 
89579 35920 
12667 34877 
6521 86371 
72424 58702 
8269 53347 
50089 64339 
30930 60005 
27355 80305 
96164 57915 
99367 86712 
58570 96921 
81771 60745 
28683 68381 
64259 43924 
34875 39513 
54827 69224 
31317 50571 
79385 79230 
81141 3722 
49867 12647 
44021 32725 
90674 35856 
75619 5924 
18042 48599 
2708 81531 
99883 98472 
72220 3843 
84610 97595 
85106 1761 
76701 46626 
16587 26872 
53965 36245 
93234 47373 
66948 14296 
44296 96192 
34396 77968 
69775 56999 
50398 74692 
70973 60088 
48592 72915 
70613 51687 
26724 94438 
9056 94843 
20912 83712 
40785 57793 
33093 26305 
71010 46609 
57437 18694 
66129 42923 
21928 34595 
43723 14637 
59815 29244 
97883 77808 
52343 72351 
43874 1264 
38914 2901 
72507 61998 
73771 54520 
89030 79046 
19308 8859 
73995 76276 
5302 96202 
44231 50421 
50599 77511 
10933 49674 
39252 10140 
28842 304 
66601 20665 
5577 53994 
22462 82585 
93425 66997 
58392 24091 
17215 63700 
93860 71675 
1407 81803 
52262 69022 
47083 44106 
81794 97472 
75304 52742 
8561 64256 
97085 55718 
89651 17791 
92262 92752 
82467 95506 
79599 87640 
23277 8979 
38695 17775 
12690 23630 
636 57935 
38724 95754 
58768 65105 
29131 88382 
63594 43814 
13819 99283 
56506 7401 
95502 99335 
65909 29567 
72093 97604 
36288 62753 
27934 20599 
85831 85107 
12567 17556 
91482 26183 
55580 80990 
81617 13035 
23932 2349 
76012 72985 
14236 66291 
50402 27098 
86608 23913 
18592 9284 
88985 75223 
19000 49944 
91232 34171 
64417 70208 
46889 45805 
63919 43065 
27061 74375 
54062 91070 
25749 83702 
82840 6809 
18830 86645 
74365 1938 
69928 49237 
64836 13359 
15560 96849 
41047 20990 
29276 84683 
31595 60565 
59845 62976 
97850 47054 
62161 88487 
46910 59531 
91128 8124 
41943 76705 
8619 68069 
16694 93827 
61487 82259 
10378 96322 
24650 27826 
26812 13238 
67437 21882 
87341 24497 
93659 73991 
90957 49926 
26275 1739 
16991 5176 
56078 42984 
5871 69903 
50469 97722 
31621 76936 
23166 84897 
36160 97705 
98630 5098 
29933 68775 
66010 58749 
75962 77150 
6554 81206 
65183 97817 
95754 21161 
59750 56084 
26871 6760 
27953 69317 
76042 15082 
19529 7996 
30810 84913 
33329 4356 
33730 90211 
10684 28390 
50591 22199 
47250 45623 
58844 11754 
53759 68818 
65968 60516 
11774 16660 
9828 39163 
64423 96449 
63432 54276 
54060 34986 
65089 81487 
68888 92076 
21591 11868 
88801 4457 
86838 60982 
27058 24448 
1245 45580 
48885 37286 
88279 41622 
10651 63811 
43675 99107 
4061 81091 
20121 4149 
8584 22562 
5645 46798 
52355 51370 
17457 74297 
56870 35897 
84657 83778 
94012 94791 
73018 35849 
