14279 14371 
59554 44732 
94294 53213 
95177 34088 
6153 35289 
4907 68691 
21871 76485 
44273 63561 
46138 18767 
75563 30214 
87384 70956 
43594 232 
78163 14573 
76418 54493 
92561 51864 
89529 5527 
52140 27109 
92577 73538 
33940 9450 
46143 42800 
94125 85729 
92747 84480 
99105 75203 
91099 84353 
12314 44510 
15456 19466 
19268 70880 
43046 86481 
86167 74361 
41609 96260 
37987 15676 
86469 14176 
10894 35364 
81883 43717 
80748 91958 
35018 22141 
94593 42236 
32501 21243 
35221 94929 
99342 23748 
30293 60801 
77874 76409 
76908 16630 
50433 4579 
90173 98370 
43651 9837 
99995 39668 
94499 62201 
14217 75906 
28673 41514 
38135 41049 
385 78799 
90580 94880 
69360 97665 
84951 31522 
45549 58327 
49919 36701 
15039 62331 
49023 80814 
71627 84798 
20964 57604 
17734 62791 
3107 4156 
65573 83373 
19591 66903 
64927 82971 
12373 10477 
7419 90871 
68663 1484 
8811 23969 
51418 37669 
50656 67355 
70903 34436 
70552 55862 
44817 25311 
26250 5428 
82065 80713 
23068 29901 
90982 239 
86315 18882 
56675 87712 
80851 45268 
54097 75350 
28458 17334 
63598 23656 
50332 89514 
33884 87046 
66807 98502 
93699 1685 
19330 96823 
47980 21685 
40742 14752 
6872 2526 
89070 93253 
86678 6456 
77341 95559 
90690 83657 
77310 23079 
24807 65040 
48562 32519 
27952 87831 
46079 75390 
512 63473 
89169 58567 
95387 88865 
32550 55075 
95695 96594 
66428 78019 
40781 37587 
86558 67344 
77898 90452 
17575 29100 
10793 95819 
43276 9914 
88370 21092 
96085 85585 
26732 71297 
84579 92021 
86113 75082 
92751 29198 
30549 91417 
67589 24365 
82642 2199 
22584 49413 
48316 78692 
23942 49171 
27250 35633 
93564 52288 
43460 15819 
58268 4469 
27526 80136 
98243 84988 
57014 13240 
99423 41756 
14903 93469 
94218 7619 
57149 17089 
82965 41173 
89997 11574 
64503 69031 
45261 20421 
68414 93337 
7498 92828 
73796 68217 
90863 65603 
19789 41971 
85391 81796 
61672 7957 
92569 50770 
2954 6473 
48259 17861 
38708 72349 
87412 78222 
78280 28562 
39442 39120 
76561 84853 
55784 7676 
92144 12143 
61818 56948 
8014 28511 
94249 2230 
95775 50529 
31963 1599 
78005 34965 
53495 79962 
44963 60173 
57467 64269 
11650 73924 
63700 9037 
59161 65025 
72165 85971 
90285 99713 
94570 9215 
43466 688 
89048 68648 
51536 36551 
22318 47653 
2028 32482 
55621 8889 
54430 9203 
845 41891 
96377 6577 
21482 79657 
75578 50625 
59396 7917 
27199 78331 
52866 10406 
27418 43274 
73948 16186 
43071 86968 
53945 40988 
14566 75696 
84604 43506 
4665 70742 
79636 49732 
69262 21049 
56258 33665 
57949 41727 
49678 81094 
31949 69195 
4781 4694 
94895 64374 
98758 23257 
67987 69002 
36019 65664 
5200 6969 
22440 11089 
36517 62505 
69853 30891 
47554 60146 
3667 54831 
52504 17547 
46582 44458 
93955 41581 
29603 19919 
7959 90563 
37909 52935 
25597 31020 
33575 8323 
43366 76135 
9790 89186 
83834 4769 
21888 16797 
85322 24960 
9401 55161 
4759 63802 
70272 72432 
91419 36873 
73509 16552 
90881 74612 
99735 70900 
68358 60569 
80493 47225 
98442 66957 
66574 67776 
54345 56656 
93294 86285 
43887 57636 
26325 98340 
81755 5687 
65553 95704 
57980 94438 
56407 26237 
61093 67812 
8201 31367 
41113 39404 
47232 46393 
52269 25685 
38777 65453 
98302 35538 
96537 92576 
14199 67269 
60729 23026 
57393 26120 
66721 24994 
48742 90184 
44964 20732 
98991 20747 
89933 98314 
80002 34231 
10919 20495 
51635 27251 
30688 35503 
35004 73738 
29420 36098 
30720 93634 
40778 57876 
16748 26371 
94579 55539 
24705 29158 
66235 46734 
85681 60038 
37015 67062 
57090 98737 
91117 37004 
90580 4546 
75655 1741 
77713 9755 
27889 68246 
14877 99630 
30372 30514 
61853 35476 
89146 43434 
29429 36019 
42746 78560 
20678 44167 
465 70903 
67759 71149 
77196 44906 
51530 28077 
39139 89837 
64783 26201 
99754 40152 
81591 51422 
8562 4704 
25025 96067 
56753 80213 
83415 61510 
83026 79027 
11359 28910 
680 98958 
65866 32143 
82707 63868 
70267 56956 
35479 67649 
68969 33447 
63594 61436 
34656 85140 
78552 34056 
16182 47263 
32133 49192 
70222 69273 
61734 19154 
2615 72236 
19348 14853 
56403 40351 
18505 34278 
22713 87757 
74206 77677 
17915 56654 
29701 6643 
65907 70883 
60996 96430 
47900 90275 
24995 26096 
33757 85386 
70480 89413 
88695 79722 
62415 51024 
57104 87062 
79587 16950 
61242 5230 
33152 36271 
16742 14457 
19410 1729 
59152 68421 
63944 70983 
96127 59127 
36282 87366 
48440 82962 
14278 39265 
19638 34600 
55686 60619 
38941 7853 
90702 41527 
54910 88151 
83768 87601 
18434 79990 
25484 39429 
82747 24560 
6225 39422 
65479 27641 
91909 12301 
63139 35973 
69316 7616 
81988 71476 
53466 37941 
50891 57008 
52792 34773 
11545 44798 
69188 35666 
39384 89265 
69472 10744 
34486 89603 
2425 34524 
35986 64356 
51268 9822 
55766 10122 
5301 54544 
97620 39613 
6395 69288 
26612 90477 
76126 13922 
80013 45606 
57554 34710 
65994 8099 
12031 30 
79140 29615 
95836 22385 
72920 99539 
4093 67141 
68372 64198 
10122 74320 
45572 60324 
47202 48764 
59856 14991 
76749 6136 
48301 85490 
61956 97462 
43629 86883 
19196 73291 
92494 82437 
50835 90077 
82995 92711 
72558 6005 
22334 12742 
35925 61213 
69662 13607 
12588 88292 
21455 44578 
50454 52898 
67181 45143 
34048 81473 
81531 22373 
81415 93307 
96179 48415 
88160 17571 
98788 85351 
85525 42424 
39912 50206 
13906 12973 
89474 91603 
25806 67554 
73651 61365 
22940 77759 
40295 29311 
1037 36561 
46423 7550 
22902 21076 
34835 21789 
65349 41727 
68611 91465 
88866 77953 
21970 57961 
60229 92127 
83942 30744 
17712 7955 
17299 4929 
6202 37401 
29364 40615 
25181 41050 
53606 84267 
26447 10823 
11340 55483 
70373 71101 
21365 18684 
99621 4554 
52073 8578 
17461 22355 
65303 80690 
64155 14968 
84164 13809 
69387 39322 
28047 99918 
21282 20940 
97244 18956 
33292 75456 
56855 10730 
9075 82999 
65067 24351 
2467 80991 
14460 46753 
44743 76216 
6602 86184 
64576 15360 
60035 13989 
57473 94739 
59626 48574 
70916 34566 
91300 99134 
59054 90848 
70347 73545 
26491 28897 
63774 94748 
24586 36432 
27553 63051 
85651 11384 
28212 47919 
80500 19772 
94819 92190 
63078 82387 
52216 64059 
22189 15532 
19289 97745 
94867 20703 
17052 22475 
8490 90827 
20532 91189 
9482 76578 
5683 85354 
5300 35279 
88003 90311 
93345 67028 
23035 6799 
75582 27949 
40618 88581 
60824 98844 
14513 73570 
38029 79018 
26965 6411 
63393 69688 
73778 34148 
41654 9136 
69651 93450 
97716 22651 
55802 97788 
28567 54299 
82322 76043 
97435 54688 
36228 10184 
82211 9173 
12859 69015 
18418 4291 
83028 37390 
83315 46735 
91260 95892 
52236 68822 
31493 14642 
20835 77129 
85741 86733 
27636 26874 
78568 41724 
30150 33631 
95555 47687 
84771 66055 
37543 31505 
55773 98610 
34057 21423 
31959 41598 
19112 43301 
60843 7372 
80518 82585 
19731 16167 
29826 57700 
30671 92789 
4220 37395 
91937 56271 
3953 74487 
42601 58585 
89328 21559 
98674 85662 
9751 40309 
99443 94195 
14074 15607 
80801 21109 
96184 37728 
48765 69058 
62757 21812 
60811 40950 
71083 92292 
35283 69265 
74069 71831 
99820 61794 
26777 79279 
58639 64428 
54287 59200 
5439 23785 
54209 36732 
33817 17672 
8814 15835 
303 9799 
11548 16456 
76465 76641 
70614 76671 
86009 48977 
38313 29588 
60399 8405 
29034 1582 
62241 79981 
31028 68400 
19535 66164 
87545 48724 
85839 74362 
21426 10970 
91539 627 
3909 18442 
79585 45434 
23206 40357 
25442 53977 
91287 11878 
25464 93043 
38376 34929 
486 99291 
83809 73425 
2171 59617 
39178 11474 
28482 13322 
95121 11163 
51629 97897 
66628 27754 
36932 95524 
23415 14424 
84280 75734 
11677 76111 
55182 71217 
81474 12619 
57922 68342 
70008 24800 
50878 41776 
55232 44475 
89845 13395 
86497 88667 
88982 69742 
19377 31817 
87048 29374 
30328 35818 
10624 11737 
63499 77037 
4290 22530 
66811 61926 
54045 37086 
7315 28394 
64743 32874 
16889 88807 
64906 95017 
8475 82281 
3018 94576 
20371 68912 
68220 18359 
91467 16602 
15327 11166 
43889 2378 
99178 76592 
51135 74399 
26537 70926 
99609 98266 
15136 16174 
9336 41871 
8903 52860 
65707 36642 
36025 51014 
28236 89925 
12222 98646 
24619 13133 
85444 90989 
8773 73395 
90190 50943 
60091 72600 
29723 21394 
27793 7079 
32722 83457 
79037 63570 
37192 71219 
92386 62725 
39000 73149 
49226 70063 
4943 33140 
14929 56117 
91011 89981 
68808 2465 
25346 23112 
37347 18384 
12357 4586 
8700 54075 
89581 92468 
58129 70702 
22073 39254 
93843 54974 
50453 30391 
40582 46494 
18254 12630 
14354 79861 
91751 19678 
5876 30294 
51227 53505 
82571 91477 
76437 33661 
39357 7416 
71051 84093 
77030 26288 
70896 87192 
63680 43545 
59102 98198 
39373 54038 
67546 79580 
57250 38419 
78514 84641 
15205 67836 
53054 92360 
21500 22721 
3242 71347 
54920 86397 
94430 29802 
25520 92343 
10499 90493 
15514 75096 
40262 15033 
81552 99132 
46359 90085 
29388 17464 
59364 79677 
29863 42298 
99264 42378 
31170 93770 
64094 9897 
36515 29583 
41221 24509 
58569 48334 
90615 36724 
32553 2368 
21439 71755 
68268 52199 
33353 83579 
48115 43835 
22185 28784 
32879 92820 
55941 8864 
19986 14331 
11620 49307 
9981 47396 
25886 6515 
76116 83086 
53371 19517 
99243 21497 
45241 52422 
25606 50399 
57619 5695 
28655 59608 
74554 9581 
7689 79467 
83468 51395 
35886 59264 
72336 29895 
78219 81968 
27341 74576 
35778 45375 
97339 15495 
37175 26553 
57196 40088 
89999 86422 
45895 27482 
25708 64389 
77308 7892 
19857 59125 
21586 54980 
46241 90887 
33392 82415 
28311 93265 
59506 82384 
84131 87754 
92828 13420 
22175 53266 
52393 17699 
34426 14524 
59752 23786 
50540 38193 
50878 69866 
62210 43690 
9793 64592 
438 6810 
35137 87948 
50074 58590 
54198 22894 
15739 59329 
80192 88 
11211 58182 
68130 32576 
30325 32499 
62143 15116 
71662 37852 
42899 63685 
31535 89665 
77587 74698 
50220 40397 
46886 90624 
94910 12456 
73491 68920 
89517 96311 
4929 64593 
56250 25716 
9790 53194 
16801 97536 
30950 40689 
11991 12347 
1968 29389 
37923 73801 
73558 35029 
63929 99687 
15889 79050 
93051 65695 
59428 12304 
49301 24062 
12156 61631 
27620 13616 
44195 29150 
22237 5166 
62238 15605 
57042 6741 
5645 83726 
77609 86903 
83662 25352 
28690 61142 
38961 46887 
33267 26322 
66509 41723 
9658 21210 
38794 75351 
11719 37304 
88493 69151 
53841 3508 
77915 32237 
87224 20624 
40887 57219 
26816 27211 
17230 65385 
89352 37047 
12563 59569 
92073 255 
6907 18823 
79006 5074 
4399 48039 
87083 55354 
63394 77793 
37922 30009 
71347 94919 
42741 55016 
32081 72720 
37678 95958 
14388 61223 
24683 9693 
70386 92503 
79203 77420 
69677 53864 
6 78220 
11016 82545 
18830 52107 
67123 39619 
57893 44675 
90178 27881 
21883 21629 
55672 28778 
37675 90799 
50506 46817 
9831 71683 
17562 66372 
42828 8120 
53462 45469 
92015 28400 
18815 93859 
44436 18923 
60983 8575 
97970 92470 
68234 69173 
2623 202 
71142 26993 
51353 57709 
82165 58013 
59480 29741 
17579 87265 
51493 45687 
77287 34276 
81998 98455 
67474 73632 
53582 13070 
38715 52508 
58516 58146 
77831 57901 
63521 13317 
35653 80283 
77218 98793 
94830 77552 
88434 19365 
81888 3383 
40172 74548 
6021 27473 
8869 38949 
63373 41686 
91444 22540 
80118 15713 
63702 79196 
80174 38634 
62795 43668 
54165 58643 
63752 42134 
75048 12188 
65473 39485 
52836 15930 
75138 57753 
45905 80157 
81632 24347 
49635 90686 
38376 86263 
64440 97778 
33867 56943 
4766 45213 
14245 46193 
48177 70461 
36409 60365 
39427 7712 
72430 49956 
58212 29573 
56476 24840 
31312 70361 
63960 53542 
19905 84149 
39299 12285 
41065 4144 
43459 51965 
88800 86437 
75352 6806 
4474 40827 
32222 77104 
9025 74154 
13276 80303 
50150 97467 
38133 79596 
36443 77347 
47048 67292 
27469 43849 
73440 1391 
23832 2754 
30866 68122 
54545 38241 
36406 70647 
90334 33545 
315 24693 
20986 81848 
47844 75569 
22463 7347 
3284 37837 
5209 67378 
58564 98861 
78925 60436 
69184 20496 
91084 22083 
68732 19415 
96516 50985 
69964 5835 
93657 70688 
25167 12889 
19369 99265 
51443 54437 
28734 68584 
87598 7798 
98812 7686 
38481 29713 
86079 80686 
79874 78780 
36102 48560 
42498 35675 
90999 6340 
67167 83663 
65300 32502 
24858 36210 
64082 75671 
25170 75975 
98562 95326 
94634 99987 
13848 67762 
92305 49544 
81096 66358 
44270 40157 
22086 26063 
20971 96824 
28060 6026 
51658 42968 
6628 71402 
68826 87586 
40670 25653 
2137 4442 
71353 38012 
96134 99618 
23775 27308 
8940 19259 
78155 82945 
60191 58078 
52168 26630 
35601 90984 
662 44271 
22842 65130 
57905 46509 
48835 57778 
44463 48462 
12098 26514 
35882 94508 
55407 52734 
43615 92330 
3891 6684 
89952 61925 
1508 42979 
68184 49933 
14954 69158 
66846 7383 
38159 16683 
2598 79823 
22864 83723 
50145 12837 
81139 12117 
79573 33034 
54252 7128 
11593 24892 
18980 7891 
79371 87197 
7197 68911 
42006 19315 
47522 18534 
29171 57183 
98826 19002 
9035 51645 
34555 64526 
62301 57644 
54129 18737 
14062 81778 
43060 10958 
22111 17866 
77003 81929 
45491 85422 
66567 93923 
20242 74304 
69552 97637 
50689 90323 
55142 78818 
84063 91212 
90644 91264 
73858 131 
35522 19659 
53044 84730 
69749 5640 
32099 93822 
53915 13579 
8818 50848 
17076 8715 
26919 13542 
94969 69638 
48716 22618 
96016 59517 
13474 78783 
55447 36082 
37520 7010 
48914 89005 
74789 89774 
76103 55200 
97220 76808 
92183 77457 
73233 7972 
60282 39913 
19526 17924 
21774 35051 
76509 26557 
32768 91240 
10907 57541 
95022 17250 
80438 68808 
17379 777 
4921 23451 
79878 31662 
75775 77259 
36842 7341 
1600 9996 
87546 17991 
31355 81521 
63449 1895 
18661 50999 
29545 7743 
90809 57670 
74019 99929 
64306 25074 
65198 95298 
5135 17073 
87679 25408 
66367 43700 
30580 77026 
48371 87564 
89978 75439 
17583 97465 
64930 40046 
88653 74846 
71849 59807 
21750 60852 
75547 7309 
11911 17016 
36942 34498 
50533 80972 
7178 70613 
20477 70099 
55834 73374 
45685 627 
6934 68213 
53863 87490 
70633 47122 
26450 91098 
719 88649 
3984 81185 
78504 3632 
86921 95045 
22214 7454 
22080 77696 
47612 68930 
93096 4909 
60423 88355 
39613 6540 
44013 12823 
14431 27214 
16788 5634 
50404 84199 
73008 48378 
49623 8150 
87902 69276 
26260 81429 
63469 59394 
31409 20834 
14826 59541 
63385 86814 
48649 74996 
20140 39637 
65034 2617 
81811 4467 
22012 35496 
20896 51968 
37993 43972 
25136 48747 
71570 18658 
83911 82907 
10396 1069 
32821 23901 
21267 20511 
73061 33077 
62070 2065 
82326 1514 
32916 9852 
12203 55142 
48570 42150 
23330 33655 
47196 576 
44109 19327 
11465 14152 
51323 64620 
67244 10973 
61769 43349 
42356 95065 
92819 29147 
13337 4141 
96838 87148 
41611 95124 
99465 50009 
2201 28636 
74972 37811 
37863 1081 
73307 72866 
29438 3531 
72838 35076 
59259 70313 
70480 1271 
58607 16991 
36552 12807 
72497 57413 
55591 19717 
45473 32529 
46320 56843 
30657 79891 
4050 17623 
50917 22070 
37033 4587 
95837 54637 
74627 52134 
21060 69970 
9599 36751 
27626 61782 
99500 12651 
38080 17134 
92767 36626 
53405 17602 
64045 74952 
70262 39357 
40208 17293 
61522 63091 
73649 57820 
74787 79051 
72626 42131 
83323 99871 
29812 20052 
31778 74484 
99657 89054 
55087 30048 
62783 60748 
13112 55676 
81327 33824 
75859 81677 
93032 10768 
14530 1087 
13831 52871 
2198 26469 
18779 28246 
4539 74255 
49402 70982 
45873 21382 
51890 36057 
68639 84497 
85030 4260 
65497 30731 
49367 64123 
52382 40841 
79807 73750 
68141 10468 
12730 84443 
31784 93315 
85648 90108 
61920 61264 
52531 51757 
64597 80730 
1172 34716 
25581 82034 
40281 87714 
966 29109 
83493 87631 
86110 80557 
95054 71438 
56983 69903 
77694 77749 
20359 22811 
77020 24399 
79649 72113 
48750 55597 
21728 27683 
85200 2461 
56772 7496 
25665 14110 
97897 38688 
81674 33000 
50299 92953 
92582 7819 
90646 29333 
89541 60000 
56614 79277 
86646 45818 
33759 23767 
36867 84992 
22311 80380 
87370 58905 
90038 39373 
43917 16745 
68951 62142 
7279 66295 
33442 82915 
75904 67593 
5332 35031 
18599 92284 
67359 56913 
8549 59292 
30776 19625 
75742 8266 
95042 57850 
78697 26293 
57961 79188 
18379 487 
83209 72892 
17276 29319 
8794 38425 
64839 88926 
84826 6725 
86833 17154 
61860 32571 
30613 47701 
12101 95177 
70950 99508 
54959 55948 
31737 2378 
75682 87245 
87777 18873 
71234 4130 
57797 4589 
31104 2184 
24960 34245 
62419 28864 
24344 9333 
98467 93286 
18226 54612 
87718 49869 
39469 5369 
46391 75003 
20899 85086 
71834 92683 
44317 74073 
56242 95035 
36593 73591 
10649 46670 
12292 77164 
7663 58051 
12375 70976 
78098 62342 
16728 98685 
51402 32649 
14636 42452 
12723 32141 
1785 91621 
60479 98234 
34959 93250 
87445 23808 
16351 4560 
75689 13420 
98230 96380 
91055 60485 
95687 88782 
86464 12624 
70276 35387 
74948 66701 
609 11152 
13106 62469 
87276 99998 
43615 24367 
48963 23237 
81415 34657 
54234 97538 
92404 7929 
99146 62008 
5712 76941 
84751 68025 
21068 92819 
70460 82534 
21293 88839 
79396 15814 
76618 56340 
10048 48062 
32311 33729 
64902 95697 
3996 15140 
41188 27854 
66111 43974 
41493 16341 
8074 68388 
52702 78195 
50036 704 
10575 48957 
55514 40827 
14254 6952 
51708 94906 
80075 54086 
69988 44815 
27296 47062 
48817 1463 
69690 64408 
99277 5513 
46432 89370 
19414 22773 
63305 86438 
57769 18352 
30962 50177 
68743 83599 
80855 9033 
72873 32923 
11375 73908 
33608 83783 
66891 31565 
88853 82431 
80554 96279 
30313 40475 
18117 49682 
6614 2849 
44463 18363 
37166 76501 
97162 61529 
62940 10917 
92072 66943 
27583 36527 
4859 82322 
77713 35131 
69299 41535 
94797 37651 
8284 80174 
22618 18848 
66723 73479 
34192 86068 
46837 71054 
89853 39666 
55841 47496 
74274 16438 
63613 35772 
64370 14202 
33629 61077 
72294 35620 
34350 46892 
28142 82425 
60176 22128 
15551 77383 
91192 18440 
49989 90670 
99162 10230 
94366 99759 
63562 16319 
39469 17486 
95931 51926 
37775 81670 
83389 92319 
68362 11449 
52938 85418 
27918 466 
26959 29593 
88240 35086 
87332 15061 
34185 97018 
90672 12522 
97665 34049 
80436 81057 
33085 60009 
22943 58828 
37510 75683 
53897 94719 
4903 86059 
59532 76847 
17932 26118 
32266 14719 
23116 97327 
34572 35841 
5505 60042 
76774 64694 
77619 23235 
64536 62251 
24028 22279 
75 17607 
97751 77941 
