73385 83758 
58013 94397 
35053 99834 
62725 59136 
16257 8406 
8179 35556 
62002 201 
36319 21822 
92487 85107 
47710 30329 
72467 9515 
18924 86040 
99214 40070 
39600 58105 
90550 38818 
72184 35708 
29519 89919 
89015 33392 
75501 76555 
21208 38562 
82893 48080 
61703 94436 
77992 62175 
864 45392 
32261 34443 
37194 58490 
35950 78830 
97999 74881 
19814 76197 
25273 37881 
94713 65561 
30559 90686 
78927 12715 
99266 36014 
61270 74367 
29655 2403 
4419 42401 
24638 67460 
27358 22537 
15580 47055 
18426 74364 
86427 71254 
21182 15653 
83791 32744 
4154 72831 
44030 11560 
72510 41630 
41875 51111 
4768 7181 
66854 84834 
928 61212 
63510 90233 
9696 45487 
29344 77625 
62008 45288 
50444 4619 
75603 54461 
68914 44162 
11157 34443 
18505 23922 
54309 93699 
35283 97861 
69913 21109 
48648 7023 
24907 17101 
84750 35893 
4459 79730 
69071 73120 
52356 19368 
97897 40958 
51108 95323 
59403 66476 
19807 90469 
24267 29405 
48537 65812 
92988 36437 
6937 65959 
82507 39829 
61536 78555 
58270 39402 
11543 86041 
69505 81301 
6018 86422 
25310 94346 
36678 1274 
57029 85361 
10090 33840 
48434 48563 
90577 87797 
79399 30914 
70908 8187 
21039 35261 
71657 59983 
40679 36183 
92131 16912 
23572 29642 
35837 93389 
94939 36837 
11685 15803 
30688 35128 
