98756 32967 
59577 35169 
71204 88284 
45216 53972 
21353 18570 
73431 28980 
69333 41482 
13157 57515 
37906 6414 
87094 94124 
70061 51339 
72472 55437 
75201 53299 
83532 853 
97302 48486 
91267 16623 
4786 14331 
18884 86424 
86319 25675 
62474 40225 
99322 19846 
25534 35061 
58739 31323 
23287 36281 
72435 85695 
8149 35882 
26561 74749 
91197 65756 
99343 69763 
86221 37970 
34955 68466 
82650 71663 
40502 12638 
61605 46697 
78590 57936 
5353 57887 
15571 25300 
14581 30463 
51281 14168 
40223 97361 
99920 11728 
56952 31976 
13698 89563 
54013 76245 
40988 39321 
95704 3221 
88920 62378 
8625 5723 
16723 95015 
85717 8262 
20586 20216 
58117 58084 
83390 89986 
75080 63010 
53425 57926 
49434 8713 
85006 846 
71494 6093 
20913 90302 
67871 90642 
21662 60196 
83288 19994 
49831 4975 
93279 93288 
99017 34448 
13579 46559 
16495 5885 
58042 62033 
6197 51803 
11066 66055 
14413 22733 
22827 80283 
94402 68265 
5991 33887 
18140 86785 
11137 40637 
53455 84592 
84781 94134 
53098 98440 
68663 36821 
8579 52074 
81879 14038 
6124 36940 
38477 33016 
84661 30021 
92288 8583 
36511 87612 
68054 92230 
10261 82862 
33333 49318 
72310 87040 
89161 70344 
58648 29733 
9174 76539 
1661 11553 
36611 7483 
48113 84462 
56569 59007 
93906 59418 
96916 73348 
48834 48825 
75404 70306 
10270 2135 
2834 48147 
68556 46968 
72521 76005 
88859 5216 
14845 45772 
14346 13895 
72341 50759 
13743 43843 
55555 10855 
52706 75900 
72809 69485 
2901 63806 
88059 46351 
15281 85842 
50174 41760 
74776 63082 
54266 53285 
22459 1149 
41111 83574 
78223 94488 
14206 89302 
22106 17442 
55723 45591 
95605 14755 
52342 77663 
65711 95677 
99911 42041 
53801 30447 
41884 23330 
69205 45682 
10646 49403 
2902 16101 
83148 17775 
30723 53992 
32653 69004 
47352 4975 
56947 39155 
2562 68864 
90025 72680 
39300 77805 
59048 79499 
39624 80375 
31275 75649 
68937 99959 
6707 55544 
71582 58472 
51353 5717 
11568 82367 
33292 84851 
71057 36889 
19136 62973 
16205 66640 
12018 33868 
15059 55807 
63905 89115 
45424 59743 
74801 69546 
61963 1144 
99335 90532 
1275 68634 
17255 71174 
91283 3387 
88501 84297 
96988 10246 
5841 84073 
78509 83826 
78423 61210 
59260 97212 
28185 21766 
2280 61111 
57665 85026 
70875 24715 
52588 48294 
6149 55998 
15499 72008 
88430 8858 
87727 97305 
62207 57192 
6162 19956 
94930 51950 
58584 9548 
8840 36164 
46701 80839 
72017 35085 
39599 95431 
59874 23848 
1943 96183 
1602 63416 
11080 54273 
7382 87093 
35089 39345 
31661 14516 
29864 6889 
65412 67771 
27463 33821 
65964 65202 
30274 23153 
26909 72424 
95915 41728 
62498 97235 
96358 51181 
31085 25350 
61405 41593 
50363 7259 
71441 79767 
63519 23014 
47285 39599 
99882 71401 
96014 90725 
36237 52667 
10782 83430 
5721 39893 
89946 82762 
20044 63076 
36213 72837 
67756 62128 
20074 73537 
26382 252 
43437 86097 
79474 67530 
19153 11540 
60959 46061 
90064 66470 
58660 52630 
47197 54426 
96437 22613 
70933 37826 
80145 49743 
11228 95461 
36431 50322 
43387 43565 
95376 77631 
84444 44700 
68089 72521 
31833 27969 
48569 99547 
90823 96559 
25515 84532 
90141 4143 
24222 39047 
46174 40397 
11310 30070 
25365 77663 
85746 28961 
71662 95777 
48482 52879 
11313 20098 
89979 93921 
20811 79021 
60009 16495 
45490 11515 
87348 91826 
86007 32715 
98296 30012 
27916 96141 
42460 64639 
75514 74803 
71825 42761 
65346 20296 
34855 73906 
77021 48897 
41223 95769 
29395 46755 
24726 21396 
48733 82472 
82059 42915 
22097 64664 
93337 80235 
4021 84549 
36588 79655 
27408 39169 
92932 86943 
80655 39544 
1752 42206 
52160 69883 
65878 69747 
10621 78895 
25668 65099 
85005 52340 
17824 13585 
31547 37124 
9895 9966 
26830 61575 
54636 87158 
5762 23970 
39728 3469 
71199 1964 
17868 82456 
37978 69228 
89791 47259 
38295 92479 
78548 42122 
7640 21948 
77198 87851 
90922 81485 
74027 75056 
56941 10616 
59543 59302 
86039 10227 
97674 85652 
520 95981 
99986 36602 
40378 69140 
76173 67049 
47866 73144 
46699 62640 
13637 16138 
94182 33799 
54437 4564 
98941 36662 
37778 51000 
51141 94332 
42514 90628 
57025 77094 
45941 65022 
59969 88610 
57798 9402 
78445 96630 
79479 10041 
22430 41370 
52776 82230 
87423 52473 
76657 56007 
40933 6336 
12863 46804 
10154 59614 
71498 31220 
51530 1794 
66346 44352 
32992 80052 
56312 64378 
87874 62921 
44127 52588 
5876 25836 
86426 72580 
10907 61263 
80302 21052 
38225 38818 
30610 64427 
64044 66742 
69582 90501 
59594 35015 
95736 52353 
38615 52596 
22564 2970 
42349 26472 
79180 93330 
59334 68628 
84881 34157 
8621 58502 
27470 2095 
24557 33169 
11246 4774 
68810 25211 
4717 6028 
61102 19135 
10384 52489 
63906 51190 
99326 35827 
78382 34574 
1905 71121 
8888 52263 
22512 71128 
31641 23091 
51097 48713 
59470 13188 
77133 85194 
29026 34545 
72676 61130 
49461 45195 
366 57826 
42291 41404 
19504 2818 
70995 11258 
8716 50639 
5887 1154 
97290 61376 
94911 31984 
98909 63832 
14188 90143 
71287 67562 
53539 10020 
83151 18598 
51652 59267 
56001 77396 
33161 35856 
62294 34324 
15651 86870 
3937 67984 
48407 62923 
65412 94701 
16753 29266 
34383 53711 
95865 64883 
9296 21910 
66219 94255 
68258 54441 
9151 12978 
56410 2997 
85473 88044 
60034 72366 
62727 36359 
74787 37607 
97322 10943 
42756 59147 
96712 53260 
28418 1189 
83684 2252 
27160 79980 
59968 85927 
51616 42837 
19590 59694 
20926 6239 
93713 97175 
85893 61890 
18231 83827 
59057 93321 
2935 11483 
82866 32440 
46809 22786 
61424 25354 
87876 8494 
1682 69889 
97959 17774 
58476 33386 
32839 1839 
54515 58695 
26514 74682 
51134 18719 
74596 41148 
78621 85438 
86372 12220 
95889 38005 
97652 156 
38478 46367 
27227 61970 
31118 31764 
28643 38792 
86529 23548 
35942 20729 
85632 2955 
27125 52136 
36041 48764 
32324 80557 
35468 77241 
95014 44137 
24588 99308 
54053 86889 
99952 1593 
51963 88989 
71691 94808 
90560 140 
93038 62868 
48917 68043 
59112 89217 
50586 61156 
70938 33006 
17130 95159 
87331 77126 
73219 85934 
42073 72484 
74903 68378 
86712 58525 
17147 39973 
30340 48669 
39301 10814 
86885 31155 
87914 67672 
7727 50715 
15135 88647 
72847 4602 
87933 77146 
37284 7629 
58449 19112 
81303 55260 
99023 5865 
92470 41169 
36798 6381 
15768 66312 
32242 17493 
43879 10196 
33576 68217 
83941 21872 
4770 5333 
29387 28131 
68651 41297 
85855 49411 
28620 2753 
48704 60153 
32588 78096 
6347 29638 
20938 25997 
48370 31783 
56715 73219 
90335 17948 
70651 99763 
88200 5486 
66301 82072 
4431 46591 
21237 40942 
5196 6942 
89111 19767 
13406 1701 
54385 904 
15941 7620 
16601 53145 
25020 94328 
84296 91736 
23496 95301 
40027 23813 
81735 69607 
97411 46802 
19802 89180 
8727 65080 
2816 23212 
97310 91030 
99621 81201 
82836 696 
5359 19227 
39567 21310 
27016 10259 
77715 38259 
57732 28585 
66315 22405 
20393 907 
22345 95213 
43972 32210 
75290 68741 
47120 23212 
78964 20300 
42631 57998 
83118 87500 
43742 55405 
96197 98369 
48603 45787 
67612 83376 
2794 55955 
92959 51440 
91441 59454 
98851 50401 
92247 76717 
95396 73891 
28681 90270 
93790 21233 
98589 73788 
74118 64686 
17678 20672 
54182 29288 
9558 97722 
53995 44512 
94498 42573 
72579 84107 
77548 69727 
93795 70729 
13343 49363 
16154 85361 
29705 75505 
57902 88019 
25059 45743 
23149 25867 
15714 33357 
27413 77625 
98221 44520 
71670 59021 
9312 18210 
22843 93067 
11320 44515 
5638 31027 
4530 48196 
35743 95240 
69565 8726 
27621 3320 
72685 65421 
91459 24758 
24818 86873 
93348 15575 
71133 67581 
90324 74465 
2172 51481 
67647 64680 
19804 72044 
99541 49983 
61696 41633 
26580 79 
86532 19060 
93016 31193 
48853 33537 
15548 60870 
47196 45718 
61414 72539 
12114 82041 
98114 5043 
11685 87310 
39705 5058 
91286 2252 
55329 6257 
31706 87733 
24455 27999 
5052 85382 
20319 18542 
31456 25565 
78141 2952 
91267 67967 
57888 34318 
27154 87470 
42749 88356 
78500 98611 
23921 86119 
26476 45557 
9918 77291 
92350 71381 
64343 67418 
23883 20349 
19898 26431 
25049 19997 
38394 72941 
32880 35981 
86595 89061 
21872 91964 
76001 83854 
21199 99299 
70955 90043 
62860 46780 
4000 48229 
39946 59466 
49961 5620 
43378 47366 
972 32163 
62704 29743 
53510 35953 
82029 38848 
65473 41951 
75622 78070 
66431 83274 
9427 33851 
7411 42701 
84511 18095 
17911 73562 
16351 48425 
97335 23780 
29937 57286 
5597 84609 
64798 57751 
33416 86483 
26361 83775 
26632 68387 
90454 65780 
10861 54316 
66311 98564 
12905 80597 
50079 7922 
3556 31285 
55623 24741 
92768 55292 
92348 30947 
92675 58576 
70754 50347 
26485 87463 
55648 19228 
2043 45023 
54187 86531 
87689 11488 
21345 61465 
24999 71751 
88949 47631 
88109 88318 
76051 77037 
52546 96387 
18245 84831 
67821 39306 
61383 46126 
37532 7225 
1236 30027 
98306 89561 
14762 12731 
54643 2743 
20969 31546 
70570 8723 
29730 54748 
40972 96859 
85478 88353 
65597 62043 
89338 40228 
26916 75308 
88072 14398 
29393 9664 
51088 13961 
92186 53548 
17822 89730 
99893 16996 
86966 83533 
6683 11576 
36267 80031 
58001 64064 
7079 98998 
41009 6035 
61350 31199 
14 66733 
20396 45288 
56377 85026 
24607 70635 
53711 47696 
11131 91522 
8692 55994 
92617 71855 
85362 20107 
34269 66348 
26558 82086 
68729 64090 
69930 71768 
58748 53450 
47989 7380 
16089 93493 
21727 62740 
11832 26372 
25573 36361 
67974 67616 
7788 74283 
3167 66799 
34881 18045 
16457 39771 
91237 72014 
32050 35424 
45850 10135 
95409 14947 
76904 71164 
6420 89555 
41945 23612 
98860 83890 
56451 16836 
27098 66596 
96835 73130 
734 17019 
75298 17148 
15770 77545 
43364 83629 
66977 74788 
68583 92155 
90255 79643 
94576 28538 
76081 16167 
38444 26439 
15549 22331 
1569 99972 
89034 11849 
69880 38257 
84181 85634 
57933 36310 
34704 93851 
7458 3137 
4381 55125 
85537 57530 
1677 98131 
40130 94819 
99586 2618 
61445 83722 
52558 81879 
66432 31421 
47797 66707 
70712 37139 
1756 22104 
37316 39730 
14294 52312 
94829 53195 
22771 27168 
98906 75506 
56244 93368 
70584 50796 
75987 17911 
82408 62682 
2692 47792 
79115 37390 
73005 59998 
13481 39364 
38477 18870 
49893 49134 
18510 54136 
38297 23515 
45570 22212 
89435 51562 
95709 15799 
88578 36207 
80352 42410 
69483 51154 
86337 1098 
32870 45344 
90359 48532 
34439 93182 
41260 60447 
86322 17738 
98998 62615 
12798 46238 
42687 26650 
76225 92435 
11750 265 
42364 98826 
23998 69070 
85590 13170 
22388 27541 
44007 18414 
38219 70498 
22025 82861 
22707 3233 
3728 48328 
91147 8382 
84177 28007 
44299 693 
47787 42895 
80148 47041 
22997 85913 
85875 28349 
20683 66201 
4635 72521 
20116 52592 
4661 93057 
729 4882 
39256 26717 
30566 54282 
75374 75408 
12996 70317 
85793 22413 
62138 30421 
45298 11156 
24398 90628 
44794 45873 
88633 41007 
38981 97891 
30672 17863 
72956 78638 
19266 36220 
91056 71106 
70026 772 
17270 95143 
71496 51185 
10712 18792 
23222 98551 
41945 17827 
19553 13794 
6329 28707 
84850 35943 
89132 36348 
15905 78448 
23785 87457 
15570 25105 
39449 22565 
7964 23634 
76967 75532 
10085 4615 
63342 97911 
97262 76210 
73980 27436 
40598 71007 
79287 34811 
13394 50296 
67584 51046 
60545 3245 
59839 98780 
99964 13670 
83382 25356 
78336 5505 
51571 62836 
34829 19539 
4246 20728 
35901 18665 
99888 50880 
31880 66594 
14528 10806 
51787 75898 
94753 91674 
96646 75235 
32557 70220 
13576 2745 
78331 90066 
32974 92849 
84931 77237 
29398 87077 
80565 47092 
23055 66042 
1136 65481 
73288 69317 
73716 85605 
28065 42710 
31999 93881 
84172 28333 
61850 63070 
81680 91841 
20481 28968 
3228 63371 
46327 78162 
73734 53935 
78349 58683 
59411 97437 
33278 2805 
46285 59942 
47222 81820 
37880 52510 
74098 96309 
49361 81598 
47509 42249 
91116 71976 
54966 83221 
28634 1054 
43772 2069 
77483 90677 
76419 1550 
42312 12692 
80005 72812 
37008 77963 
88973 53002 
29495 95016 
63363 48862 
39133 4141 
75835 11856 
77266 15501 
99848 12208 
62211 5707 
98695 74138 
58789 56305 
10472 2693 
89523 49755 
47634 53719 
39674 73728 
81406 72874 
31555 22952 
61149 56986 
74870 29299 
26641 71663 
9330 95474 
7323 92724 
43368 55401 
66667 25859 
58535 35282 
42146 98847 
92955 43308 
51687 13743 
39234 73144 
86003 92630 
92308 66533 
82893 49848 
60904 43785 
84356 76060 
12685 77375 
10299 25063 
57587 53551 
43621 52975 
86467 39556 
10667 71207 
72905 49993 
58264 39608 
14840 84838 
74030 44208 
39712 93741 
70128 75190 
21859 6514 
52328 45039 
64148 58080 
26014 64247 
77180 27659 
48680 22536 
48855 6601 
24515 7232 
34707 7030 
50797 27258 
15128 24329 
68145 1140 
59437 70519 
37063 10508 
8765 2710 
61747 16730 
39754 81029 
8792 87677 
99375 3860 
23223 84017 
7444 84681 
27174 10035 
7924 54451 
97585 42650 
12706 96234 
58439 14115 
22260 44634 
90352 38842 
26401 11611 
55738 42841 
85415 32392 
61300 75472 
66831 60423 
31269 57516 
66422 78708 
44588 47005 
73291 36375 
97156 84840 
48427 63934 
86274 15886 
73681 68456 
78604 68081 
93856 60770 
15233 12019 
18425 20793 
27837 16533 
71406 64218 
88496 62002 
77971 34063 
92341 72426 
54626 3929 
77028 79739 
26139 46361 
15926 39410 
26844 89305 
82949 75075 
56582 56401 
76120 41747 
52226 62775 
4234 62099 
4621 16946 
86416 8383 
97707 61615 
87882 73747 
71723 71373 
16882 1000 
15582 13709 
37598 14356 
74889 71232 
11655 30222 
21508 17642 
66976 6802 
68216 37721 
6825 29100 
27689 82525 
14219 15860 
8899 54945 
77243 78014 
16013 27920 
59403 54442 
64936 7870 
65744 141 
60895 69277 
10299 4331 
86805 2838 
73321 71629 
36602 39266 
47775 8073 
90380 33555 
13760 15615 
68824 20392 
46786 13654 
23347 80438 
61245 74217 
15252 89286 
13976 78608 
12386 56198 
44451 77667 
84935 98064 
7903 65195 
13391 35569 
65656 54700 
31174 43144 
32898 83289 
11986 32062 
48357 53351 
77727 96906 
22580 62624 
46605 9632 
41941 66301 
63086 2597 
54052 61021 
51405 42163 
36892 79907 
12587 57864 
58762 40260 
41273 58648 
69081 91070 
73129 37301 
21086 66220 
86195 36954 
16633 61055 
70265 29412 
80615 14931 
47252 34080 
17892 439 
72419 88375 
79181 91185 
71512 65770 
64010 4299 
72010 25992 
18626 91343 
68073 73405 
44655 81788 
18243 94233 
20343 66974 
12539 41037 
50379 49254 
61327 33737 
2585 70975 
52177 50466 
60138 81020 
92897 88689 
16583 92806 
9039 87255 
67493 36983 
92389 13447 
7463 14483 
3294 35573 
24009 11165 
14160 21313 
90995 43973 
44057 24739 
3356 70354 
75081 50841 
62183 7620 
59963 15389 
14639 76989 
27413 50069 
76712 8265 
66761 38125 
18470 15407 
26689 4069 
71272 80672 
94194 22564 
24293 65621 
29398 56204 
13764 923 
19420 79650 
72479 93741 
80227 98486 
99417 31413 
79264 25148 
29717 53201 
73614 31415 
33821 8090 
58527 57188 
51195 15918 
99406 18703 
68899 1570 
76665 25761 
88113 77533 
7357 87269 
82827 8791 
20060 57057 
44018 5874 
50248 47889 
19927 56809 
92182 20531 
8500 26767 
90399 36903 
31530 25425 
78886 51591 
21746 66360 
79327 4355 
83856 20232 
51117 67799 
48475 94083 
45314 98977 
23890 52771 
52300 41476 
64779 35384 
48669 25387 
19300 9394 
42652 16592 
86359 48401 
89429 73901 
13394 15510 
97715 82854 
91709 83678 
77277 48357 
61136 26830 
83352 44853 
18729 71102 
98435 42322 
37247 4263 
54481 49190 
38304 3174 
39307 39094 
32390 54104 
49813 57446 
33353 8767 
51625 35878 
78465 40147 
79854 77906 
36877 36506 
68879 17522 
69029 99372 
30444 93920 
7504 91925 
8777 30222 
65851 17843 
29095 51783 
46057 97514 
21528 30563 
7628 48455 
46393 96045 
81669 69828 
68679 10308 
61864 77178 
29726 65122 
80937 32774 
42303 22308 
85940 69433 
91617 85107 
58653 11232 
59290 57939 
88380 53234 
99909 24677 
93620 74140 
90497 51447 
6345 20756 
42085 98971 
78063 21196 
9549 11589 
40343 54954 
60976 35352 
54159 32300 
71025 5975 
12202 12868 
84128 38915 
16195 23898 
52819 48483 
37302 22281 
94097 20662 
81878 81351 
22436 65155 
27083 73342 
11927 76217 
61302 61471 
11972 38948 
62851 11806 
91090 27963 
77094 84387 
11575 58749 
6898 65541 
44141 68523 
14257 58843 
16116 23025 
41943 60925 
49368 68440 
3218 10106 
84874 73517 
54916 10786 
9680 35970 
64605 4601 
98962 59352 
6106 80524 
61030 41871 
69260 90426 
26295 56979 
49671 64045 
52609 47077 
92011 97874 
28835 96306 
96549 26170 
46094 96150 
62714 69124 
71904 68442 
35764 93132 
6207 64402 
43086 11220 
20316 15418 
55155 97824 
79863 71576 
82837 91488 
31093 27298 
27546 11427 
86152 99969 
33620 19538 
77539 97048 
53361 18063 
64442 79910 
24321 84980 
64436 8578 
75708 14110 
52855 30452 
26193 44997 
19116 58325 
8943 38824 
94387 68197 
61354 80925 
68194 35783 
46742 67908 
92934 22130 
33179 67969 
34708 13362 
40674 26661 
66499 17351 
82069 27203 
15450 20972 
65310 4361 
69828 15609 
95149 53990 
23237 5722 
10882 76514 
83760 25510 
23386 41967 
3897 2118 
69492 66605 
93546 20306 
84653 46731 
62737 63162 
5903 4004 
3404 26151 
56248 58372 
60252 27731 
28928 59662 
59570 68702 
85398 76986 
61846 24637 
4413 66231 
79132 90978 
71241 10318 
51326 38748 
75856 54258 
6882 80353 
96821 37672 
42941 89571 
83657 61094 
47473 67569 
14607 9216 
51724 97682 
99030 94146 
45145 85680 
14042 74852 
6910 39392 
13573 55130 
8272 1792 
24652 61758 
18188 15045 
50540 56950 
1017 59512 
33219 44767 
29564 81335 
88798 89859 
49334 94984 
18539 78713 
20583 23031 
15513 18524 
33611 14402 
32284 86885 
39696 64508 
48566 16656 
65196 45900 
79472 24734 
79522 46466 
94712 70827 
69089 3703 
77077 62968 
28775 18229 
34508 10130 
20050 27426 
94276 59182 
60631 21025 
50020 43311 
4403 84419 
2867 12154 
42280 62620 
36324 10021 
4797 48050 
91360 17963 
75456 8712 
62818 77827 
30175 89806 
21263 72051 
2679 41472 
75361 41615 
38250 48113 
29079 86386 
39009 60611 
55254 7045 
22713 61759 
2520 15853 
14046 27380 
76076 64672 
62474 80816 
84477 13029 
33960 76891 
24398 86395 
55174 92946 
83227 55464 
98317 49133 
75385 869 
82261 27989 
92430 14628 
31456 14095 
39295 29513 
77864 28716 
49397 60645 
13191 91377 
19913 89764 
98760 639 
85174 21977 
18600 89675 
50902 97213 
17680 78777 
44937 44173 
1669 16543 
1126 23267 
87231 74252 
82224 16847 
82555 33807 
64919 89970 
46692 88629 
55517 63013 
23233 59038 
78356 8636 
68953 8864 
80686 9917 
1294 38462 
27509 93918 
69866 20772 
17823 85512 
16663 41704 
39721 9978 
27263 3898 
95959 9720 
90993 53753 
73911 30366 
81925 95673 
4207 74604 
44507 64543 
50924 18279 
17743 37768 
2823 32614 
60061 81536 
89940 58826 
43359 42504 
32720 37030 
69174 15703 
41959 99937 
22541 42247 
26928 3754 
19812 16284 
36382 83564 
25562 9641 
52544 88579 
10679 54735 
81694 73815 
98840 61600 
36660 99092 
1779 83227 
86276 13655 
75123 84932 
54806 85337 
36028 18115 
90351 66816 
71460 46486 
85410 78387 
31665 23750 
25088 26566 
47249 75728 
58794 70960 
30240 97028 
39874 97963 
19606 32618 
54228 59229 
9938 78069 
63776 85246 
58334 98685 
23548 89954 
99010 37420 
92193 41001 
7754 54200 
44864 82085 
49067 15161 
14744 58735 
7663 29322 
34858 16978 
53016 12319 
25368 15515 
10681 42119 
73208 16355 
17393 59966 
80689 96289 
18262 61352 
17638 52159 
23864 16411 
97636 56559 
82628 56908 
13115 57442 
39651 67852 
6340 5017 
46887 25780 
23706 32421 
61671 32897 
99338 12808 
20614 6477 
40621 64848 
4120 96346 
43078 81042 
13149 19761 
44938 8835 
64298 22602 
42748 23215 
71882 98599 
28551 91272 
26423 24135 
76460 44164 
97789 95223 
1827 39980 
88210 85356 
39778 22197 
35490 78178 
41518 52735 
19966 67323 
66626 26055 
60086 57266 
57422 51319 
90989 43641 
17586 23324 
8043 99266 
81312 89713 
23013 42966 
51596 61955 
24404 22314 
6664 10598 
55482 98501 
22071 31529 
23562 81856 
32676 69288 
32407 29860 
63461 35894 
85893 86037 
91112 69248 
45586 7718 
59257 33840 
37495 3439 
59480 78319 
93930 76604 
7465 29423 
85309 51045 
89057 19817 
43685 36258 
24566 18612 
4875 75325 
1282 57621 
99301 6925 
53971 23864 
2999 64338 
31028 19406 
19714 28977 
69988 73294 
2605 53728 
20274 27163 
39817 72267 
93326 6073 
22005 14525 
90687 29128 
81872 55592 
59135 10691 
45899 35619 
48631 52286 
66638 1653 
3614 27726 
10323 38815 
1121 19576 
58977 77924 
60191 73763 
48852 89348 
86237 930 
7704 98798 
81296 68107 
72294 89762 
46514 92314 
64451 89405 
26746 68919 
79157 70023 
98815 41878 
91301 36506 
84745 50427 
19145 11784 
79220 67380 
91963 76841 
16529 77845 
56959 69662 
66433 34018 
26262 98319 
40667 61646 
8658 77447 
12220 86802 
92692 54457 
98025 97831 
47853 52109 
32414 56622 
88812 17436 
63422 25819 
3993 33511 
36972 84135 
84248 20191 
94985 60628 
19 22712 
2630 30633 
66055 62898 
37221 80954 
1640 6745 
16651 70009 
41227 84269 
18825 79813 
75502 82772 
45188 80979 
6094 23039 
11230 9383 
78519 19503 
4781 83696 
17401 20032 
38923 76669 
25626 18755 
40503 89890 
24800 36203 
57548 71657 
8220 65073 
39257 60689 
49559 87038 
40792 34582 
60558 76267 
31768 91241 
19218 18721 
42092 93949 
96377 92786 
61754 66302 
92983 76426 
22161 31958 
63001 68800 
25812 55907 
37613 40164 
58360 58972 
85195 52891 
12533 45281 
38564 28544 
76930 3650 
96042 71239 
94347 18129 
56160 95854 
74091 50420 
77104 51197 
50636 37430 
61558 72848 
17032 80900 
55125 48139 
25607 92904 
12268 26638 
40812 921 
27561 63483 
49464 9258 
51991 40061 
82169 59803 
14176 66763 
76375 34387 
44555 35939 
16280 93499 
56995 59666 
17758 51637 
76692 96599 
87454 48279 
15863 44889 
74407 85303 
89450 54060 
49812 66563 
31885 87744 
95961 93474 
22974 51267 
58932 41570 
56003 83378 
21242 67385 
84450 99765 
80504 72404 
64987 67500 
77975 81408 
73957 84213 
6996 76238 
12098 33518 
45402 62821 
28007 89112 
98344 39210 
84692 43967 
8308 75509 
65527 48155 
87697 12698 
66025 49120 
55981 36716 
46060 41569 
18213 86597 
23534 50671 
4609 11007 
74938 91868 
1940 96247 
70855 73389 
46635 50573 
15207 33378 
16780 44652 
75836 32624 
55598 76022 
91054 55942 
82570 46624 
11825 10559 
99949 16789 
92518 48197 
82280 26501 
74490 79098 
44386 55323 
16233 90799 
19353 26076 
11435 32289 
42203 44165 
1989 75004 
27197 4379 
36886 16154 
47179 90093 
49851 46982 
71846 35946 
28701 68834 
98524 24432 
27633 3264 
13817 39229 
29981 8937 
57384 3715 
3462 87705 
20153 91771 
2539 34969 
98438 9795 
63218 65362 
42695 13805 
4500 23747 
85093 43574 
97609 73671 
3580 26899 
89292 40689 
81796 31486 
68641 76311 
53991 19302 
48291 99860 
81970 88866 
90265 70157 
97171 74623 
44399 36673 
55108 9346 
82942 20707 
91713 45490 
8806 81130 
41518 74436 
86920 26361 
76147 78824 
98206 44506 
48255 2405 
43962 36970 
80840 24373 
34737 57345 
24743 80623 
82309 77016 
18221 83141 
75910 21679 
21602 50492 
64639 48837 
67343 77360 
86781 65354 
61208 39119 
83778 16271 
93815 48643 
11653 11343 
73488 56853 
15948 94123 
71092 15950 
67552 99958 
75474 4850 
66293 93836 
94164 50027 
6753 26833 
98124 61787 
66476 755 
1652 45935 
20629 84572 
88937 43872 
9087 83393 
47309 330 
82071 20964 
43865 57299 
28645 60060 
86977 25119 
48755 51641 
47050 87275 
63951 73275 
71980 54149 
74528 90080 
21885 92767 
61564 47329 
64989 24549 
1160 82834 
21939 1111 
5161 29405 
19375 39386 
27753 62881 
15234 21621 
80540 39640 
88048 43265 
80041 58995 
40412 22335 
11052 80509 
52825 67508 
26881 24005 
38292 39046 
23208 80949 
90314 26568 
16170 69864 
87350 10758 
27229 75583 
15350 72311 
27481 22385 
96610 60696 
22319 44451 
67996 37796 
63653 33565 
34499 67025 
61412 63639 
35107 27217 
28635 14364 
97142 92418 
35161 42193 
22501 33623 
63819 75851 
44646 66595 
59939 45706 
18727 91073 
40150 91582 
58868 41003 
79620 31972 
16462 92867 
28262 19127 
1189 59749 
15891 49102 
82545 32472 
93916 43621 
73811 15946 
26883 71481 
92665 48821 
91009 31229 
13092 87606 
58866 73970 
71720 82587 
49401 5426 
68435 72220 
784 69732 
5862 75097 
79846 83972 
45240 64161 
76397 62080 
17242 66523 
43286 39481 
15447 44069 
33788 85739 
17475 74979 
56766 71466 
24175 74330 
17006 37898 
80833 63182 
33246 2759 
45978 19818 
29614 24469 
3194 24301 
77572 38192 
69231 38020 
24897 71914 
37743 43646 
85866 48430 
12162 7694 
82504 80057 
23465 17836 
20614 66849 
99051 90205 
56292 16248 
47425 38076 
58701 12343 
50100 42665 
3126 76291 
6863 69203 
34670 75963 
63503 27030 
27412 62509 
62112 81121 
26471 34265 
93221 84295 
1123 54352 
96361 14284 
55960 77266 
50983 67916 
44088 71926 
23276 85850 
1410 63894 
86028 55616 
74301 57837 
8490 68165 
44314 42833 
21104 83695 
63026 27747 
95987 96197 
97736 1631 
48237 73011 
54456 65026 
55387 85585 
88467 31994 
12785 40746 
34698 59894 
91154 67919 
90279 24121 
39305 17117 
59843 18436 
79735 74907 
30504 28004 
77725 11161 
77889 91896 
25657 28071 
17242 44558 
73356 94743 
4287 1625 
52589 15599 
59438 34484 
89263 98918 
35870 60080 
70381 63003 
77102 57757 
34484 41800 
12931 13268 
84106 29232 
23938 81621 
76644 32068 
64222 55024 
36121 84858 
69652 19991 
42459 17253 
94628 88502 
97147 53999 
14190 92144 
34655 70948 
297 35289 
47400 26603 
31190 13596 
18815 38081 
20973 17524 
13785 72744 
62899 57054 
58669 82394 
64318 63403 
54158 15563 
13835 46333 
3340 5260 
61971 11475 
4693 44504 
15437 71127 
55072 29989 
42123 14116 
31343 75474 
59000 35529 
70941 70757 
28357 65565 
51433 89576 
19127 78184 
77078 30306 
99547 4923 
16391 7055 
14993 26973 
98911 95540 
70543 69489 
71627 78091 
81667 76116 
35942 25182 
78446 98849 
34593 97092 
48766 98580 
34584 48605 
84212 15084 
57018 72109 
48701 31689 
37559 20003 
24362 29501 
62355 6039 
1797 98824 
13382 97020 
72558 51274 
74433 71226 
50522 55104 
94451 38000 
95824 98386 
78353 84133 
40124 69936 
77244 36979 
15155 36264 
79623 11697 
67920 84328 
63152 40569 
5300 94493 
52566 66029 
48508 5860 
43459 15878 
93476 37008 
93999 69081 
67173 29187 
56980 63598 
41777 86143 
23214 93943 
18745 94988 
73881 95406 
23048 25940 
94264 14388 
54176 25228 
84194 19818 
24990 35101 
11580 19320 
82112 97647 
94535 5643 
42251 24973 
64926 73760 
97707 47344 
61553 17161 
41289 82962 
24719 33011 
35961 8363 
15616 40187 
7752 46760 
63710 41648 
71840 33166 
53255 43141 
11150 59787 
96067 73964 
14445 52882 
1878 42286 
46587 83221 
49853 97520 
67496 66222 
85274 65249 
38317 65023 
13930 66440 
53394 69961 
43414 31992 
14879 91341 
25297 76080 
23134 68858 
85082 97356 
90597 70677 
87874 35735 
99324 27925 
76826 24325 
13194 26227 
38766 40996 
24584 54926 
96769 82146 
62289 96757 
2996 52422 
12589 25988 
6783 88459 
8548 71434 
2742 12153 
24017 92240 
21542 39552 
68251 8980 
12092 55110 
14675 30338 
77976 97917 
13040 16555 
73320 96419 
28062 24796 
33629 31212 
19614 88749 
15715 1712 
29636 94993 
47458 21791 
69139 32080 
42964 71921 
5057 4757 
21561 90941 
31134 25389 
80120 99237 
69663 17416 
7376 6961 
91604 91516 
96151 75844 
61447 84202 
4850 71222 
10181 80655 
43105 62094 
14805 78902 
8097 1353 
16045 90775 
77899 45744 
37315 16646 
76064 55702 
77377 75499 
57737 48909 
36819 19724 
31718 68190 
4131 14829 
25196 64370 
71062 18320 
18276 87720 
68866 49110 
23971 27862 
17171 99053 
65974 41273 
55427 1625 
11313 58012 
83221 39221 
47921 64832 
70226 40211 
58162 20537 
9170 89634 
28528 71272 
75887 53278 
53007 98360 
29415 93924 
33036 49366 
32032 40635 
50466 74287 
94246 57234 
91664 13035 
52969 44510 
30622 57872 
72454 2161 
36886 44989 
17041 71147 
60126 13120 
82368 74856 
57356 3908 
87411 78376 
71069 68670 
23576 89167 
36991 89283 
29038 29552 
98661 17092 
6605 21714 
32740 83079 
31629 39240 
43709 34943 
2822 95790 
69537 12345 
73305 61055 
50933 80223 
61820 16977 
55970 1927 
84770 93025 
19116 48867 
68559 48367 
49174 11401 
98741 892 
84113 96924 
37517 38280 
22464 75398 
94396 84722 
40738 60044 
66138 38367 
14219 91431 
71621 39225 
94532 26943 
94815 74994 
61546 24387 
14813 83172 
59445 48453 
45697 61795 
47229 21813 
30996 58304 
42428 88825 
37574 66273 
13475 59139 
72041 23111 
80970 50916 
99102 68368 
20985 58983 
75727 91894 
24579 31888 
27653 73851 
56861 53669 
85424 94475 
76236 91086 
66026 70455 
19853 85112 
33167 56967 
34829 36710 
94316 39623 
36482 61194 
95876 28979 
4582 62942 
59178 61775 
86540 12793 
59486 7660 
62505 94145 
87774 77972 
41482 20579 
50776 33958 
99868 17806 
58659 95874 
44240 5749 
21626 61500 
78722 12834 
26867 52881 
83959 3805 
95499 23471 
69482 4872 
25473 74355 
44176 65554 
10903 47890 
60583 5254 
90890 89796 
27957 54442 
21587 96674 
56232 15254 
84167 94884 
88520 34373 
38256 28870 
3264 2265 
5557 72261 
18831 67154 
21559 13462 
13126 79546 
24617 8952 
78719 63711 
61120 42131 
69994 46183 
73108 73316 
63012 58201 
370 17365 
41050 68900 
72957 39410 
39200 99184 
91959 16306 
29926 12362 
96554 71666 
8166 76969 
93501 55724 
39332 49616 
81641 7767 
66471 31303 
38424 8519 
33893 9298 
48065 2609 
73734 8514 
41692 47121 
19194 41257 
88654 21252 
53609 62275 
25159 14205 
78063 7241 
31495 93732 
81872 17115 
72322 46082 
30101 28267 
95857 69645 
40146 38817 
47248 99190 
5475 45334 
89053 35375 
38771 80853 
37422 55042 
48995 75113 
16477 81871 
37334 987 
5302 4044 
95478 67253 
2109 35856 
16381 67195 
58330 33574 
82427 94942 
41735 92361 
78815 97032 
72180 70692 
91044 35374 
36148 11469 
84515 99601 
26990 54894 
31568 21748 
76616 67177 
46667 14250 
41364 41293 
13989 73452 
79854 61238 
43347 65145 
13890 59613 
70122 36063 
94782 39904 
22850 75866 
6960 79391 
18075 87814 
28343 76441 
6300 13149 
32638 56776 
85122 94157 
62618 7310 
16041 53932 
25354 63320 
29998 17071 
60536 34908 
83331 94836 
11184 22146 
30623 10756 
82425 34764 
13858 48228 
8491 1885 
28284 60342 
60670 30066 
14592 93995 
19676 43773 
44280 45275 
4756 21428 
10476 81191 
98817 22303 
10053 33996 
33949 84769 
4498 98667 
4962 64813 
76816 41570 
59884 75212 
59631 58858 
75838 80411 
95694 6907 
66336 99881 
6176 63841 
81732 73622 
84392 71199 
58418 47491 
3018 47818 
44338 43142 
21416 64231 
78493 87628 
6306 15167 
30298 91110 
33848 30203 
11055 77593 
24080 18185 
54231 93260 
69700 49692 
23847 39720 
60354 43688 
51013 5367 
70856 39407 
17478 97047 
77181 2586 
2049 6368 
87631 36382 
80812 80232 
28197 41586 
25339 3548 
945 98224 
74387 43604 
42180 21165 
64076 50180 
43135 76087 
89139 53252 
60132 28940 
33549 51025 
33431 41988 
52679 35016 
54388 22598 
11125 56053 
69090 77119 
80416 95302 
83288 21503 
79067 67811 
38228 52793 
93762 52585 
59914 91133 
54950 12793 
45341 60664 
52706 42511 
38412 89495 
69457 52240 
65554 73857 
75012 84476 
46412 69635 
76299 32720 
68597 45655 
39317 22570 
17064 57412 
4045 1919 
78529 77388 
94373 78797 
99208 48653 
84612 40001 
60227 12147 
21730 81436 
49186 94847 
18188 81947 
48658 35982 
24093 56446 
32821 71503 
59356 31252 
61937 93218 
36650 94814 
91071 48329 
34177 90389 
64209 47523 
83604 33717 
47877 5361 
23002 58398 
69345 45383 
27209 14402 
63722 64181 
68784 71031 
1485 63607 
81542 4677 
63412 28379 
95642 83806 
53442 47520 
88306 98893 
91601 52385 
47456 23389 
8974 71475 
76908 33312 
74566 82813 
81248 57679 
19948 78319 
56087 79758 
91763 41472 
75132 59989 
54406 79471 
9364 5430 
85662 44164 
35568 67719 
56556 22236 
91564 11780 
63390 74424 
13723 60907 
84689 56004 
48684 90335 
68689 56338 
65669 11051 
18063 53973 
8381 58362 
27710 95585 
16214 75586 
48738 72035 
13326 62265 
97160 82824 
11112 38419 
99402 51468 
94713 61599 
68307 78601 
67419 21904 
33197 97075 
8162 31600 
5374 23880 
56777 20643 
46553 87404 
79311 47115 
21822 45366 
81368 32519 
61053 98701 
31337 35827 
23056 49743 
27322 87339 
55350 49227 
91686 13663 
69046 25982 
5339 98476 
3135 95585 
275 40276 
35401 99848 
13285 87915 
8184 37690 
66430 57496 
76400 9746 
80534 60077 
52506 14038 
46825 98627 
18497 98066 
78825 24821 
98583 93900 
41687 81501 
37814 37138 
9386 95018 
11749 98079 
31542 23167 
146 33961 
1107 9071 
93695 4894 
1752 39098 
66983 82837 
79515 53797 
43140 23002 
27118 14832 
96071 60052 
91324 88031 
84659 37721 
13821 62904 
90027 79745 
94323 92378 
31712 62479 
20945 2997 
71519 55102 
47363 95467 
74860 52043 
8878 28165 
88535 34028 
60225 52129 
11211 59159 
86824 45047 
78249 3417 
88108 73867 
56085 41250 
56721 951 
43000 81179 
80530 37022 
2940 48802 
75810 35699 
16912 40160 
19386 19021 
22557 52096 
85131 21121 
26644 33085 
5948 38096 
17499 87910 
76205 76102 
74824 12683 
81553 96870 
72876 32842 
93179 70048 
99638 66118 
91756 55192 
69409 34887 
92683 52695 
89131 7876 
28720 82622 
49832 59920 
8679 73113 
53706 244 
11588 65948 
54629 34710 
94562 75835 
85355 95527 
89623 72132 
68127 93117 
39774 86965 
57126 19137 
77875 92066 
40968 57113 
83212 28186 
41345 37700 
60129 15545 
79969 9261 
70669 21541 
50118 81317 
18924 12832 
21381 38294 
28608 72880 
26607 14128 
77382 23210 
28576 64439 
51501 46865 
40622 72304 
62635 75919 
80161 76126 
25022 71435 
67027 13626 
25598 93856 
39553 34716 
32351 34595 
50472 47781 
76865 55442 
22014 28897 
15853 61449 
84991 41513 
23490 15034 
173 85382 
91399 84348 
61951 17781 
16420 7284 
14038 67556 
37600 44050 
64889 93052 
43340 85825 
76538 18706 
7211 84788 
14745 21881 
26703 71687 
90577 31479 
32977 31120 
94009 42908 
11710 11816 
18643 50208 
25181 59477 
3289 45420 
53994 73109 
70976 37747 
83167 2274 
28830 618 
41795 22335 
3314 63450 
68097 47494 
24491 26726 
12368 67346 
40226 93946 
9213 21620 
36693 82082 
47412 59961 
65056 93337 
40863 68820 
25862 5361 
57264 85920 
42492 64475 
92560 64267 
62875 47060 
88639 92292 
64772 87938 
79349 24484 
4029 61385 
15680 27732 
37543 40374 
64725 2612 
73046 52697 
99079 95980 
46391 98820 
93392 81482 
3635 95629 
23027 47981 
70060 62669 
16115 2389 
21118 73052 
44784 63035 
31371 49900 
53929 92456 
66640 989 
16605 94350 
1850 49229 
73985 78479 
92485 34654 
64805 79395 
1103 34811 
74277 141 
82001 74733 
35730 40453 
56931 75140 
99537 60491 
72658 18061 
43386 25750 
17204 92783 
35549 76575 
85754 21825 
78505 66556 
29527 56594 
54155 18108 
91281 75445 
63805 50653 
29691 13042 
6214 47081 
61475 99262 
65218 37554 
4942 88297 
84786 96196 
91548 14187 
93845 65873 
23065 17721 
5798 49007 
91143 51433 
58397 28221 
43327 84387 
78462 9679 
75002 96492 
52915 14035 
50262 73292 
62719 75233 
6384 86484 
89493 45721 
76340 72874 
35955 48184 
71731 5016 
10809 58507 
4517 80507 
16274 52452 
90113 43707 
42206 99388 
66694 93588 
14582 40445 
85952 24506 
68099 45567 
79099 92863 
12754 4203 
78560 1942 
42462 67768 
80596 49650 
90145 28480 
66984 89464 
68181 88827 
64953 13571 
45712 48682 
13694 78991 
5015 12932 
23077 62456 
88014 1523 
55615 47823 
90950 25927 
36224 21052 
90358 81310 
96030 72055 
86699 92048 
86217 80174 
33349 39736 
55858 90630 
78122 97493 
73671 72944 
82111 92074 
87833 89176 
96322 16222 
60250 89759 
70462 17673 
82095 97761 
40196 98360 
75972 38622 
89275 67625 
16708 21711 
11192 6610 
57570 82486 
1326 17518 
31619 49636 
95053 51061 
8930 10239 
29867 28149 
29584 7799 
50294 97781 
99624 22991 
93213 2088 
32558 54962 
88201 51584 
42550 42277 
82582 48999 
47086 36868 
54099 38364 
16693 71839 
5484 97592 
17193 44482 
44659 37390 
26026 69618 
41897 17100 
68300 45139 
21019 38945 
10567 11596 
85514 36176 
70672 80744 
2475 27703 
50605 54131 
67319 72105 
75926 52153 
50502 17238 
30111 26425 
83758 8207 
5103 33888 
77896 86055 
50352 9768 
76771 82334 
91824 88316 
42764 90523 
9719 85192 
37956 74347 
9050 73443 
12169 55114 
90794 56185 
34119 5466 
32950 63454 
5164 65339 
20658 78094 
76486 87379 
22411 26145 
49991 13756 
95467 50871 
80840 84004 
17682 26388 
15222 74457 
85308 56793 
90847 73799 
86691 49766 
99589 6421 
60346 49797 
61833 25499 
72535 65523 
90276 11110 
4287 28078 
27291 25182 
20663 72963 
24450 94726 
6164 46580 
95365 17546 
89272 450 
13774 10487 
46468 51031 
47593 49301 
71422 51137 
16689 81343 
18631 40157 
37164 27542 
82399 14570 
68217 28498 
51889 87714 
8960 31026 
90827 88315 
2057 56146 
26532 80986 
88647 37211 
97057 78729 
24736 67802 
97553 57377 
13081 52977 
87338 75042 
26586 14623 
67725 45754 
99293 61894 
17297 15866 
39307 1104 
76112 44168 
74321 25948 
3236 92289 
74882 98551 
93026 90599 
13153 4603 
24756 56684 
5616 41709 
37455 8370 
57050 79095 
67243 31380 
70055 8941 
57979 32857 
9506 94847 
57711 36332 
14557 11352 
43173 51153 
32122 59893 
72526 79933 
5284 41243 
52531 11313 
87649 62213 
20535 82103 
70370 55287 
83922 82832 
2478 93851 
30095 23812 
57037 92823 
18582 74981 
45829 94725 
93539 42147 
13428 54645 
9676 44656 
47911 54003 
47585 15103 
29914 92698 
5433 50383 
4324 31955 
93200 5201 
99652 86052 
22870 34096 
38954 90152 
83442 56101 
83144 3549 
13128 37361 
22650 42915 
32790 61336 
86581 78523 
84431 83661 
69917 67896 
26485 49312 
88718 45980 
73679 83394 
60923 38699 
33386 53716 
76069 17612 
82703 43225 
61063 67403 
50868 63470 
71160 95066 
20185 86429 
35352 69905 
35275 71374 
63633 46830 
15264 15868 
79924 91960 
96431 65576 
78943 99147 
93846 76239 
17876 58810 
59749 33008 
44435 16333 
33629 97238 
31759 36291 
24434 68942 
37545 70899 
38859 24281 
29942 16319 
71295 11782 
25910 28867 
843 68419 
69152 64630 
98697 47261 
34142 665 
35211 32086 
80423 93678 
90161 51157 
97029 32992 
11974 92329 
70749 48572 
42116 64689 
83943 42056 
19362 48151 
97677 18950 
5336 21724 
4204 13556 
27485 63618 
39138 14678 
18573 71936 
28172 19814 
42813 63356 
5746 68259 
37896 69061 
83840 29445 
69502 62094 
67869 51855 
90248 18384 
13680 9944 
18575 34887 
94697 21798 
4759 2604 
1519 48598 
30977 59656 
27612 28495 
301 30212 
4205 42105 
5519 88690 
35098 54605 
32823 75531 
47829 30282 
47729 30750 
21463 69386 
30966 4543 
73272 74276 
80620 50420 
86648 12102 
73492 5665 
40834 4638 
83393 16333 
59379 42380 
87019 69598 
28729 89681 
49094 54926 
50931 20402 
67601 87391 
85182 99489 
77240 91359 
1765 4836 
54647 60875 
18928 65981 
42422 84237 
18320 81379 
10720 44588 
37853 64417 
4908 85779 
22195 59821 
85702 63341 
70549 66734 
54266 84071 
59023 2505 
68865 74576 
30557 42105 
2005 9052 
39273 72083 
57350 69633 
8054 5116 
64276 8857 
8265 11455 
94579 33085 
98757 36940 
617 28179 
67645 93783 
57104 4282 
4796 29913 
99789 45272 
95611 5472 
93422 10229 
67347 30889 
28696 49247 
38132 50000 
43258 63954 
15756 83775 
85415 64298 
68434 85503 
90843 47503 
42960 96633 
22348 52493 
37026 33993 
30698 23696 
41929 83735 
30516 51788 
59518 25099 
49440 45796 
62927 57973 
1004 30879 
14509 62237 
52120 59213 
76345 73999 
4576 67555 
48804 24078 
86620 14415 
50865 47500 
55483 82184 
12224 39222 
44620 35145 
81736 993 
50460 82968 
69280 96958 
42640 11128 
28913 11526 
98952 4616 
59977 82011 
11692 9371 
49838 60685 
85565 47071 
7005 46151 
49042 23223 
36612 12289 
30769 45933 
91592 54575 
10606 3323 
92341 68167 
40862 31216 
45279 69929 
47485 39578 
6413 77414 
63218 56085 
29890 61885 
15178 88317 
13469 99502 
87826 2208 
2950 55145 
8956 63753 
45839 46649 
61139 93368 
90828 53772 
3937 37902 
14209 55838 
3258 73970 
16867 4735 
3378 18095 
76280 65859 
44444 34095 
56763 88557 
23673 96221 
78183 99791 
22002 87721 
18465 49969 
69613 88854 
78430 78290 
3526 35783 
68860 6437 
78382 12386 
89147 14090 
27544 70671 
54499 97480 
35845 62324 
94368 63099 
77558 3856 
88649 62647 
93602 90878 
30149 32485 
30510 23231 
1915 61054 
40364 1993 
36273 71144 
45681 11861 
78715 70379 
6134 7952 
14309 92929 
85046 84738 
26861 28184 
2733 16706 
51787 8049 
81087 25206 
52525 3476 
29163 44060 
97258 63014 
93099 27696 
37838 11390 
95349 69855 
96011 14524 
17987 78401 
43406 8880 
42756 82299 
21200 87687 
46580 30537 
82996 34313 
65397 79572 
60152 93961 
81474 55832 
42659 78857 
59767 22859 
40630 9216 
57422 78886 
41567 2557 
57189 59943 
6798 37287 
30277 26034 
56809 32979 
17118 63500 
79680 9435 
25525 45358 
59437 9320 
84896 53241 
61844 95086 
62398 79492 
34002 59877 
42482 96037 
71115 24246 
94599 97854 
78865 25764 
5675 3169 
13052 46989 
33652 19950 
9539 68758 
46345 68845 
26967 80392 
45887 86387 
12334 26178 
43179 19121 
65257 18328 
39084 59239 
20556 684 
89472 65374 
90802 4491 
79786 58410 
10551 97882 
11464 81458 
2208 94052 
7293 65620 
39833 49625 
75751 48689 
21643 54337 
35362 52674 
74581 85915 
89281 37802 
5055 79913 
57626 15642 
78759 43270 
20439 22015 
59517 22473 
97740 21590 
62129 22479 
94765 40343 
77473 60918 
70282 99517 
9425 33605 
43787 55304 
22656 62017 
43408 32113 
37951 91150 
10511 74158 
27428 7042 
19296 30009 
55864 47258 
40066 27816 
86329 84765 
73386 95136 
18418 75857 
9036 26560 
55582 76212 
18416 4841 
4428 45615 
71977 36719 
93324 81556 
84308 73407 
60216 44626 
28645 47442 
342 64553 
29870 72612 
83313 44688 
40455 21696 
46058 14898 
27380 17959 
43181 18086 
49672 50653 
89546 53902 
86025 52239 
61212 44760 
79863 55577 
30340 33869 
5237 83048 
97284 72748 
21120 6383 
48794 6584 
73935 55906 
15122 19797 
28572 50980 
20771 61274 
56683 69620 
23751 29039 
87695 74564 
16413 57459 
32784 65532 
17282 16612 
24944 32974 
17776 3072 
79329 47283 
60323 74116 
67220 29286 
15070 53230 
14211 12755 
91256 13811 
78687 27750 
66293 30071 
40120 4800 
40663 69428 
28449 24234 
30017 89018 
55536 12431 
87157 90494 
67619 17312 
6085 81886 
23744 79092 
97893 93061 
19270 49130 
43990 92204 
15867 99651 
26009 54726 
9813 10189 
3708 43160 
68949 12768 
62283 66837 
95291 27202 
78733 3536 
25104 20267 
63251 81772 
61130 78146 
16106 42055 
42731 90157 
3072 18182 
98830 3661 
93173 5499 
95833 24942 
21383 12095 
88152 8933 
35861 21009 
2429 1863 
64434 26761 
38280 75200 
88232 47954 
48107 16709 
41749 59131 
66497 25029 
68069 29752 
95699 87836 
45586 5876 
17881 10497 
68281 21042 
97123 2049 
5466 76812 
54533 18416 
88868 90597 
48386 8957 
75030 68636 
67868 11751 
9234 25355 
53781 95485 
73488 36869 
92469 51362 
35598 85988 
90281 97137 
28941 28879 
25021 67218 
83280 89365 
88146 27691 
95814 65895 
76855 73219 
78611 18322 
68775 33935 
43697 86879 
13597 44770 
90261 84129 
5790 7112 
39835 92175 
60456 3242 
24714 92027 
399 7689 
72545 49798 
76656 76469 
45688 85253 
87027 85109 
87824 52277 
27528 29416 
2251 67915 
10253 99163 
36410 36921 
7782 84156 
75395 32127 
39045 74611 
53565 7419 
94476 73307 
77839 39792 
9333 45713 
18845 19646 
33188 96056 
66836 34415 
10918 72287 
68120 19587 
85913 70922 
54726 83343 
59741 33962 
55118 46243 
94211 4396 
27025 75825 
21520 34234 
84743 37434 
36096 19588 
2803 27274 
77788 70999 
65449 1379 
80208 14043 
97114 65134 
50320 55176 
52927 41935 
65767 40843 
70255 96726 
24992 84083 
82373 50408 
61830 32155 
73609 84483 
41071 1185 
11600 1805 
84371 9351 
26844 78948 
36957 98875 
22260 18428 
74692 48850 
86231 84936 
68393 45913 
51451 88698 
67679 97821 
88845 61244 
40156 46175 
50960 54101 
3436 58883 
82420 79306 
17245 60343 
96411 2150 
60788 87950 
75614 91178 
6590 47182 
93601 28240 
16184 74352 
68467 82246 
25281 6050 
54259 54306 
56518 97381 
47796 9048 
96350 27264 
38523 17161 
99372 78404 
57305 47603 
38107 81985 
86380 64405 
99204 72672 
77181 2628 
38060 8246 
85348 20805 
42993 69974 
72925 53046 
27420 74770 
46657 13027 
63868 98283 
98197 34170 
97219 29217 
87199 65617 
26213 49519 
61440 81948 
22046 62508 
39509 6114 
60792 71583 
91037 89675 
82427 45848 
37053 42199 
53386 95791 
58787 52542 
1859 22113 
47068 98751 
15474 93865 
46440 432 
39507 58224 
48241 27723 
90460 83602 
65077 44340 
4599 90152 
75488 28711 
73979 27380 
62097 86816 
83511 17201 
79081 43113 
51773 92625 
75569 71816 
95575 27202 
70413 9774 
83680 68392 
20716 74358 
18622 59265 
51654 94993 
87233 57197 
18305 55361 
50264 35724 
51565 34802 
99389 86237 
99706 32078 
95948 19920 
14730 52394 
19903 7143 
48371 39492 
99791 81457 
16489 38587 
64875 78407 
62523 83083 
59201 75582 
817 8237 
83960 49617 
48802 8340 
89316 68318 
63428 70458 
19782 91649 
81641 37431 
28268 63995 
27367 75574 
13056 41953 
88134 48394 
99290 16826 
83347 26660 
81929 59073 
43170 97264 
70678 33156 
92114 68596 
29068 5540 
84587 8512 
79625 96038 
71087 92493 
55001 3284 
83117 84197 
10952 68764 
12553 18409 
81231 30703 
26894 7206 
46733 59003 
5672 44223 
11638 55524 
5280 38989 
27850 50177 
59565 73575 
85676 22609 
1774 37176 
93473 31725 
49748 60751 
1905 40831 
30789 43459 
89503 84887 
35175 35414 
15341 38179 
78035 17132 
61975 5652 
18163 95056 
37163 79213 
29290 14688 
76443 71515 
44455 78081 
90288 64027 
97329 40857 
29367 83673 
65694 55395 
99319 52843 
81758 21471 
42513 41314 
11570 3398 
18400 85402 
21541 73558 
56381 29631 
43908 46274 
25476 89259 
24964 73044 
63679 28196 
89959 80458 
36479 96157 
86821 45466 
48858 71356 
77166 19185 
17969 10590 
27573 30071 
24725 17264 
16660 19997 
1720 99725 
14254 92710 
82142 7210 
7767 83108 
29794 98793 
47888 87901 
93842 21873 
60775 33520 
83593 51118 
27176 95459 
38360 66150 
60237 24772 
75426 26904 
23233 82087 
35106 39194 
16075 27211 
6098 89933 
25125 63316 
6596 71302 
74749 88694 
17028 6308 
40978 66175 
8846 34300 
87749 80588 
90428 14383 
64434 17998 
95959 57056 
59695 66974 
76049 24 
41199 11751 
9907 2770 
23287 59940 
48009 46337 
95468 23264 
11535 89676 
13391 48858 
20219 52005 
985 80765 
93797 61802 
37510 16523 
73934 37378 
6498 12114 
43236 41421 
64922 80068 
75924 82451 
50386 20108 
40733 19845 
81736 19518 
90796 65876 
24216 61262 
17532 68187 
84137 81898 
15982 99143 
69996 28463 
7566 74749 
7091 73764 
92898 75078 
20893 62861 
62082 40661 
10770 80072 
72804 74789 
20179 45422 
17608 90425 
71959 72247 
40866 2211 
78173 43504 
33250 78994 
52718 93373 
26947 40384 
51939 12863 
38347 2029 
43566 33362 
56641 48605 
57514 80482 
56512 40985 
3442 32031 
21056 44594 
49426 58595 
97045 99649 
43719 72935 
68874 40825 
27266 65320 
29760 13786 
28528 55885 
49199 29142 
54087 52272 
84234 40522 
88671 61015 
58703 32825 
96388 64564 
39484 59117 
71370 42303 
71595 70224 
20452 83569 
95104 39756 
73135 13429 
55922 99117 
4806 27846 
39860 62003 
28007 13869 
4723 35930 
53564 12621 
58776 89570 
48439 68103 
35543 68949 
20419 93204 
44714 33019 
41094 75841 
36833 9685 
78053 42738 
5469 57057 
44812 96149 
64746 51507 
92733 39678 
82389 14059 
63017 13369 
18841 29708 
88844 65373 
21554 10451 
87827 97721 
50222 2127 
13148 37163 
63494 37612 
38143 98482 
80615 94479 
33510 27363 
42505 23915 
58966 32628 
35906 79525 
31876 43534 
11545 89563 
54220 56835 
22655 84231 
76261 70435 
33738 10850 
50343 35721 
1099 44045 
81506 99032 
6504 25500 
12910 44230 
33162 48450 
93583 92975 
9333 35710 
63555 67042 
8983 46915 
57205 67916 
91199 90546 
69462 82898 
80492 9396 
51506 84067 
38660 54336 
2679 46739 
55523 60527 
3564 77387 
90636 92695 
91534 7542 
31012 31635 
14522 79791 
90887 32813 
11409 24747 
68765 99729 
58084 3767 
94212 79678 
87145 71160 
42337 7591 
36138 91793 
67379 94830 
4335 35235 
8520 84130 
1294 55953 
50803 69333 
51777 60613 
81963 9110 
81070 58120 
71990 47564 
42358 85815 
16441 91426 
63526 6131 
26756 83495 
84612 71979 
21285 55041 
29083 66312 
69245 36079 
2251 31526 
66489 51740 
38315 17761 
76760 35404 
23907 95659 
55013 44835 
10463 98775 
80413 76238 
90359 83570 
65792 32972 
52448 20818 
77622 20621 
51520 61254 
95974 8156 
23139 50405 
67468 16131 
50436 2825 
55892 67173 
42652 84312 
74918 61470 
16569 92207 
95302 20508 
81438 68486 
54945 76020 
15629 28118 
64383 67931 
88923 36059 
92546 54988 
28227 20210 
38029 34879 
46482 64849 
39683 16803 
54596 89269 
56944 88771 
54490 79733 
55162 74391 
67671 9375 
64053 79404 
88233 50302 
38459 86981 
61771 54890 
39753 72572 
82433 59168 
73516 74062 
69161 40180 
64507 71035 
29167 41323 
23516 98158 
41763 64962 
62305 42000 
98925 19940 
42666 48044 
20262 3161 
3513 95232 
19596 89012 
95978 79044 
37902 98169 
70608 80957 
73127 18203 
3095 92062 
31209 52395 
15332 1674 
94632 80323 
47154 57977 
54923 24004 
60774 57046 
83719 26798 
14710 19048 
23408 68726 
26896 65976 
62785 61546 
57740 23963 
25786 89633 
83009 35046 
42070 88624 
93735 78188 
87085 82769 
55740 67427 
76207 34067 
84904 16229 
72647 91531 
45977 31415 
22055 67279 
62497 27485 
58070 7679 
33321 32744 
32573 72389 
87268 92293 
11958 81883 
71569 59792 
46501 44956 
62095 9837 
63721 31679 
3723 95843 
58609 14411 
37770 24547 
53718 59746 
50058 17531 
80290 17623 
77969 82627 
87990 20364 
47759 23619 
25252 73991 
74433 75361 
44856 96982 
45641 63238 
80085 37447 
28354 50832 
5635 78756 
82464 57747 
44456 25754 
39008 697 
6762 48956 
2375 35331 
50710 52501 
65624 53652 
35562 23143 
85970 22500 
97637 12179 
53521 32242 
16950 99993 
507 61614 
58165 93728 
40530 54641 
63317 12666 
97783 48579 
45761 22950 
84701 88054 
84874 93609 
13187 9864 
49282 59172 
79329 85371 
82714 90683 
44444 62959 
71069 96564 
46303 61728 
71869 97506 
13576 29437 
28021 45476 
23798 92599 
6605 85897 
40579 94750 
444 94217 
89322 40073 
5249 53326 
82347 33889 
38409 76643 
84143 38952 
96789 23241 
15346 47078 
60420 95950 
30095 99306 
36531 61180 
65569 74609 
4119 80069 
54800 7133 
63065 94544 
14267 84980 
13831 69053 
66299 29763 
93811 48937 
32992 55473 
74685 59832 
43125 57637 
81420 38948 
26455 89307 
28097 58749 
30830 39124 
78273 76278 
86714 38511 
28367 17253 
60971 89985 
81367 83096 
87224 26655 
25160 51136 
33585 84156 
54842 23518 
70240 90587 
81646 68724 
29160 57471 
52412 91093 
6104 85303 
63046 58390 
41122 80969 
86977 15196 
27936 21103 
55368 10795 
44846 85431 
19670 74217 
70228 27169 
99085 76243 
44221 43786 
65607 28424 
64871 60706 
47526 82535 
61766 43019 
38618 10411 
73126 5783 
84754 63723 
63331 2236 
82203 36006 
57049 31023 
62678 75149 
33383 18508 
58993 23533 
18899 274 
42178 95156 
41906 47154 
95990 34325 
62030 55404 
48012 38871 
68918 48094 
7823 72369 
51791 15370 
72255 34439 
77634 54904 
45312 5987 
79947 60683 
86051 37113 
52276 48233 
41602 99420 
61143 97424 
44436 81574 
41558 40209 
53117 67241 
14909 19954 
93995 97887 
73858 1475 
17614 89447 
11748 16441 
18133 41473 
35086 87506 
76602 50158 
86797 86365 
79704 12489 
25271 45829 
34383 87785 
49590 64130 
45781 65021 
34887 10812 
50987 69577 
43445 67924 
4326 31449 
6918 17633 
91271 28425 
32971 17972 
7526 12414 
75690 92103 
77432 24819 
23226 93322 
1561 7746 
98487 97946 
17221 21854 
39038 21299 
27568 88757 
20957 48215 
5101 86161 
18008 18775 
3569 37292 
42329 12452 
18634 52669 
95693 29391 
22131 1922 
71462 76255 
57353 16082 
86518 25875 
23514 46676 
89726 34882 
96385 36954 
88895 71589 
29085 92689 
61752 27532 
52091 75272 
68091 60461 
44755 78181 
60046 43951 
81990 89417 
95353 79422 
69205 87131 
94499 59998 
66235 63406 
46803 62507 
66673 22057 
62795 83809 
42900 50302 
90615 30751 
89062 21282 
62746 19211 
94348 44683 
16006 37022 
57137 46072 
32556 78010 
6948 22060 
82536 59931 
35572 88061 
10042 97810 
51397 8135 
93246 15966 
61620 72315 
26818 46993 
55928 65788 
20148 83981 
12168 56465 
78466 23505 
69653 12693 
35573 61186 
18942 51273 
36699 79087 
38319 7433 
27913 94779 
66626 13030 
94546 25588 
39737 67030 
5244 58360 
33666 83177 
60556 5018 
51149 3761 
15373 67265 
60521 75548 
43061 29950 
45803 94160 
35811 51965 
55126 36601 
90486 25947 
40997 18095 
12184 33665 
70334 29063 
78744 32623 
44860 30807 
48609 71253 
13102 14340 
61721 45008 
74139 55812 
78545 73727 
70190 34123 
25866 1832 
40242 11540 
69628 97251 
60129 16545 
14910 52379 
25833 9616 
41018 70975 
46241 57302 
15716 58565 
99207 87671 
96771 20766 
70454 51125 
21293 13851 
38745 64563 
3735 84978 
92695 73984 
11970 85661 
64689 30920 
67516 41417 
45626 41423 
20766 12925 
518 12865 
84998 89631 
39474 93417 
73952 15404 
11183 71848 
76957 57672 
76735 81140 
22837 96420 
90472 28448 
29270 27462 
61519 56030 
7782 45646 
94769 23052 
96240 97912 
13284 86546 
20468 73595 
45461 51289 
44556 29938 
19742 53015 
55421 34436 
47285 37126 
41391 42497 
88704 95939 
66819 18794 
94853 31502 
15174 53804 
83605 18177 
71598 23167 
64636 49392 
42531 86860 
52513 66377 
64864 27596 
14667 83205 
39920 83428 
85349 42050 
38636 38241 
39237 55388 
63483 95612 
59112 17681 
19922 76488 
50835 98142 
45615 49161 
55861 58272 
69164 21245 
86610 73131 
21774 97657 
63222 73690 
5052 36051 
61617 69079 
26054 11715 
92186 52235 
46722 37650 
16110 40143 
59020 72336 
71964 50794 
89363 87665 
29152 72957 
56338 62562 
6668 41995 
54250 14017 
95800 95234 
11705 76570 
3575 43729 
79197 93724 
90146 63817 
32598 90337 
7746 81450 
40480 53725 
61458 95066 
32356 63032 
2769 58632 
22211 71369 
35708 25488 
87112 63265 
62379 35779 
74207 81209 
19735 15471 
11097 39331 
62738 43371 
24348 19740 
30322 34044 
28811 77603 
90120 79154 
36456 64723 
95444 87534 
47606 18204 
3791 65135 
29699 50739 
99957 80018 
59172 22096 
38825 64711 
540 67607 
72994 18455 
23453 8739 
58639 85287 
13253 73311 
39326 395 
13510 8447 
92005 16793 
50006 78077 
81967 47157 
24836 98595 
14310 81491 
36543 81238 
88277 70355 
77654 17805 
57820 95450 
84473 67530 
76832 84677 
65700 77256 
60721 67097 
16177 94455 
27330 4796 
30015 13268 
89707 83214 
63362 27362 
60797 89313 
61255 50284 
95871 57795 
55262 3873 
42352 19614 
59045 68404 
88662 44132 
37514 34305 
3810 26540 
1878 94604 
37693 35535 
87718 69723 
8375 2751 
6088 61783 
37144 5070 
18700 94273 
4695 63688 
77407 4786 
92536 59709 
85486 23417 
42551 45009 
83619 87526 
14640 9280 
37021 14735 
47427 49395 
1830 80363 
30288 75606 
78622 22918 
76252 80627 
18875 31872 
44851 92233 
36203 55593 
1552 27809 
88359 4146 
16145 70124 
38281 11632 
96306 87632 
72878 65761 
24536 29719 
56773 8578 
16745 37576 
24898 61569 
49014 24751 
72601 30817 
5379 97940 
84846 3428 
83983 8206 
57134 55167 
61510 45576 
99898 51039 
56563 15816 
85461 35495 
51492 67241 
91997 77014 
29130 67480 
22529 53012 
56018 65435 
28609 35312 
96907 12000 
48148 63898 
76682 54636 
74740 77200 
15321 65530 
11893 879 
49092 10801 
29717 83870 
16937 19112 
33903 10414 
34804 62045 
77263 9845 
2703 15715 
92601 32115 
89324 33378 
2371 56332 
17289 22138 
65357 52059 
28471 83382 
53503 18648 
43271 46193 
13095 86618 
40338 95741 
53609 76865 
73951 74545 
24867 78457 
15138 13490 
88516 23821 
49542 31606 
63417 11333 
90192 28898 
26162 49619 
66518 84863 
77733 75342 
32322 66849 
45229 26782 
94876 47046 
73623 39254 
4922 24635 
76660 65176 
63077 50517 
58312 11571 
91968 56041 
86592 30861 
95440 94272 
89 96954 
76228 12612 
54221 48010 
11744 88944 
69015 79656 
93953 79993 
23107 28019 
23810 50207 
49707 90613 
13294 72237 
29436 94972 
88831 15958 
42209 39808 
8728 71970 
35764 1587 
4208 87684 
91977 20581 
28752 29296 
23741 54783 
53662 21388 
14989 17499 
79106 57348 
24354 95020 
39391 18475 
8982 74443 
68796 87355 
89179 98543 
60026 91986 
66861 4542 
91186 71141 
31182 96667 
19170 8571 
33259 48605 
37418 43921 
88559 31261 
74267 31591 
70302 13680 
64423 85303 
90163 90550 
60578 15738 
23559 48394 
64802 41379 
25996 94393 
50025 28568 
4218 36698 
10829 95792 
51316 23168 
29673 99333 
28495 16675 
69847 2684 
77850 9405 
9606 20505 
80286 56043 
13326 19395 
30642 36313 
94981 52385 
88088 40985 
66839 1824 
74050 12340 
81999 6181 
32194 59969 
73234 50326 
35398 15899 
62587 5949 
23193 89176 
66257 19049 
79813 29413 
47534 54796 
17766 11189 
76898 26587 
14756 6809 
42859 55715 
62826 23582 
19722 30861 
27752 43611 
39176 62469 
83982 19045 
31457 56091 
85860 43761 
98814 60891 
59376 43695 
59090 84777 
50370 2318 
50466 6003 
44882 65199 
19757 52558 
85266 48179 
26128 65347 
41705 7364 
79678 8852 
62953 15945 
96 43907 
22371 32829 
24402 31168 
95779 41094 
14784 91027 
56149 80499 
17640 5967 
46850 97586 
3132 14699 
99903 89355 
70941 13986 
98675 22050 
42363 53629 
45397 65302 
71476 82888 
83137 93684 
98868 82458 
39065 72665 
40206 95152 
1318 64026 
48968 50540 
15268 57004 
17686 64084 
86685 55713 
85331 79654 
9044 30867 
99782 15833 
90165 74385 
43802 71052 
39378 79127 
70560 40319 
90607 2876 
10420 97235 
78994 65556 
4618 98944 
59164 71819 
93375 78831 
51699 47252 
36116 1999 
31100 25820 
69686 71988 
23282 28590 
16786 93633 
63541 29331 
41353 16657 
76999 11308 
10171 7296 
82681 81368 
60755 21159 
89636 22390 
94372 79532 
48975 33216 
10057 83432 
49191 26378 
70559 35025 
93806 28258 
44393 74340 
80174 53750 
99514 80773 
6171 8067 
33592 33446 
67549 2017 
13482 72300 
72884 53909 
62206 52624 
95330 91164 
75575 39774 
816 57792 
72618 47917 
40840 80087 
84013 86946 
74686 42197 
60983 45022 
90669 75668 
43460 781 
28929 72649 
60771 28792 
69323 91109 
50724 34680 
37135 32244 
73685 32151 
96593 35200 
67077 53187 
47603 52297 
32711 64812 
14657 39126 
74473 51060 
18495 18230 
7068 7181 
50932 52477 
37928 84609 
31134 94860 
83823 19849 
7687 65090 
21315 78190 
84944 40212 
85945 44052 
94437 36377 
28855 93732 
2545 2008 
11547 93501 
44131 38755 
69563 76208 
98543 15967 
4099 62958 
79153 46851 
66913 12922 
90495 50056 
88361 3962 
18147 29092 
60989 69520 
55596 63843 
31825 43090 
39686 23343 
75392 90598 
61585 77075 
16395 43144 
43799 3220 
46161 77813 
25393 66634 
30119 32651 
77366 66725 
34978 83378 
78049 36017 
13689 54079 
14411 3846 
73926 81832 
39352 26460 
21509 6137 
7291 24749 
14053 7985 
30839 63866 
82090 80578 
49810 55227 
75029 73914 
80547 60673 
67519 18874 
18269 31017 
18137 2918 
98102 16791 
6797 39159 
81462 47650 
89879 43300 
23631 88771 
2782 8836 
95647 47463 
8468 49893 
79040 21321 
37533 63236 
25494 50415 
90446 46200 
75142 60333 
75789 95714 
57033 60351 
39728 5047 
53174 91541 
1373 69582 
93616 3349 
46306 10638 
64209 73968 
46278 27261 
50909 79794 
66905 89906 
14981 62293 
97198 97050 
91924 36825 
84829 26046 
33639 37277 
89270 22896 
68126 92781 
71296 92122 
33939 88399 
21802 67562 
57598 70302 
95496 67640 
81404 17830 
55737 64577 
16308 19721 
55654 25975 
89951 59899 
77633 19365 
83488 39378 
28369 5548 
2512 35170 
39915 84940 
7125 24511 
58472 2637 
34164 83304 
12173 62553 
80598 1358 
36697 48714 
81272 43813 
3260 2699 
6471 28107 
37407 60206 
25180 78866 
38967 6850 
28451 69342 
13658 73560 
83947 57284 
5037 55321 
97532 75621 
71850 3506 
90654 43860 
90281 11664 
63348 24825 
73249 87417 
1798 63152 
89561 78955 
6733 6926 
34630 3645 
64283 31883 
51412 8403 
54522 58810 
25314 76725 
94525 79092 
80064 85634 
42593 80786 
82865 7350 
48191 98175 
26630 45063 
18178 91446 
94710 89990 
84085 99957 
29221 87742 
97454 2488 
17948 6059 
50695 60943 
86767 3069 
19424 20169 
34617 5515 
48917 85867 
76295 19746 
62113 5004 
64676 14782 
49475 28713 
48440 36394 
12092 46371 
83985 33892 
68546 41314 
60944 7190 
3338 33656 
19522 10727 
30118 43692 
34922 82940 
66455 30574 
19130 5262 
68578 35280 
43651 32963 
54274 84311 
18042 81692 
50068 91143 
68648 98182 
34828 26129 
49457 91338 
16097 12376 
82807 50821 
67746 45073 
71429 34222 
77957 24781 
45363 61077 
5060 41421 
7336 12197 
15434 44993 
18430 96186 
82447 91511 
22201 11532 
58333 58182 
39913 2246 
91925 80600 
82113 77833 
54347 76468 
12520 44206 
52017 85383 
69037 71196 
51770 72208 
93674 4411 
16393 12818 
48260 14481 
50575 5267 
96063 65076 
87015 26894 
10748 72600 
377 88446 
33621 25107 
22795 19989 
37674 25704 
48791 60181 
72672 26632 
59779 10453 
59390 24165 
68698 58668 
73042 91654 
83884 73059 
6102 38244 
17946 16547 
28866 94207 
22182 33961 
72517 40329 
9992 20297 
43887 18399 
43780 86798 
43724 82641 
98999 3469 
993 77754 
86270 11598 
54580 58297 
7917 67901 
10762 96217 
48808 3099 
79863 58617 
53042 52069 
48792 76233 
17798 40145 
77458 64566 
43594 90691 
16561 4283 
16227 52800 
31842 35227 
59810 34747 
85600 69263 
92651 68802 
70134 81194 
38072 26042 
9739 94109 
90849 46020 
47978 35770 
16593 45455 
15189 6044 
66165 22536 
27515 61863 
20170 79025 
3229 95848 
39550 41008 
94724 57476 
87521 70992 
25258 41540 
5325 28940 
88385 47678 
69723 57961 
14992 96857 
33669 41511 
37940 75945 
53260 3309 
87551 69928 
33864 98602 
32507 32759 
86212 75983 
40219 42531 
69298 72653 
68318 84367 
11080 42835 
14630 5318 
40251 9001 
46856 89577 
32784 68619 
5160 9408 
75469 85336 
20934 17492 
75327 42815 
23273 59731 
98564 41909 
11004 4067 
5665 77389 
52605 523 
60221 39151 
38951 10380 
28277 44663 
54531 68346 
52262 24313 
51636 70508 
78964 49413 
9002 13046 
44563 13808 
31460 41904 
71388 54337 
405 12016 
10841 22851 
16210 96158 
74865 3047 
83211 28175 
34334 99079 
75457 13030 
26935 9717 
87183 87042 
9383 41763 
15761 65666 
9211 9520 
46906 73298 
79938 13262 
11968 9853 
40042 89014 
65404 72223 
80995 74364 
86839 15244 
62481 40597 
46613 6417 
73987 150 
86307 1404 
31102 10184 
56469 43160 
92142 58021 
22593 66604 
26152 32250 
97389 72845 
36823 54528 
82482 22223 
48584 71361 
5892 83834 
90866 82656 
22994 70667 
74457 14355 
8145 84160 
39932 26179 
1737 89694 
72241 82303 
93187 45445 
17894 2760 
14197 11025 
11533 56391 
88602 69433 
17256 52403 
35233 6148 
16696 36862 
48405 2524 
30648 2924 
87046 17184 
43953 79166 
87901 48712 
14385 69061 
80877 95732 
85426 76456 
25301 56297 
90130 66883 
4719 37560 
28661 82555 
14836 78782 
25649 50123 
54284 26044 
25137 94570 
81151 35331 
60709 80 
29514 22248 
46285 39250 
89742 21184 
69095 25741 
43883 64529 
30526 32266 
13200 43429 
72797 55743 
18771 65556 
49849 4531 
78020 82499 
49356 28836 
60162 19647 
49437 14707 
1761 4808 
98407 14475 
39943 58299 
38870 92048 
55297 76903 
58412 20191 
29060 16805 
38403 78701 
9947 56526 
89616 67366 
54802 99864 
8851 65625 
54233 60982 
64238 42076 
79486 59049 
18585 41258 
90045 38189 
29904 52616 
22785 20042 
26162 97072 
42967 90819 
37349 50375 
74995 22528 
82098 59164 
46536 28910 
48396 95674 
73483 60620 
78310 40017 
85202 51338 
65229 75234 
39593 36726 
98726 29570 
5746 81546 
46983 2894 
98273 66741 
49601 69752 
31931 7920 
4654 60228 
27687 99448 
73029 81596 
42146 4194 
90349 58706 
11083 38032 
72194 39098 
94807 30286 
21904 30033 
88173 76584 
1846 8950 
11290 38951 
8867 76304 
28305 89495 
2545 282 
51148 38638 
70870 36627 
72671 36631 
82176 93569 
39391 87947 
64410 51844 
17846 72165 
73241 42828 
30587 22073 
59045 33996 
37893 69984 
19466 70262 
19544 36634 
29032 72168 
67320 3531 
70221 97471 
33361 79260 
51409 31363 
92153 42994 
86275 82388 
64581 24351 
26552 26033 
21377 57727 
85398 56077 
30242 31381 
62207 74925 
36025 36785 
81337 78526 
66572 12145 
87025 68861 
38178 65483 
94660 57587 
94103 57339 
84612 8114 
47133 20844 
39010 186 
12967 97863 
64102 91004 
15011 73851 
11266 89973 
13136 1235 
8284 60367 
59082 11374 
39124 10514 
9380 28512 
65282 39527 
33040 15682 
64637 58207 
35698 2104 
74816 14417 
84537 64409 
67205 14025 
59004 59875 
45056 43498 
71202 38884 
54534 68253 
96806 95920 
21075 2093 
32437 53703 
75104 17348 
48679 13405 
10940 92806 
39243 45437 
30622 77065 
76268 39870 
60426 78643 
69348 83374 
92011 80988 
91596 80374 
92399 20486 
79894 90172 
47431 58609 
38458 8885 
51855 25566 
74961 85324 
35855 12099 
76637 23293 
22659 38559 
90184 89323 
44709 35897 
3732 14447 
6975 31965 
41730 51417 
75104 48281 
74359 24600 
83417 77395 
11903 88840 
3159 29036 
1478 95655 
84933 4414 
68646 50425 
90946 82383 
49626 32605 
62434 78584 
41195 42467 
25568 69292 
54816 32554 
25193 55337 
99160 79744 
89871 78329 
30868 54710 
74019 91328 
7298 49585 
93335 29176 
46932 31741 
68226 19907 
53237 1865 
16632 27959 
85987 47889 
92413 22345 
70423 2828 
48378 18536 
19054 34223 
14074 51461 
3557 15624 
17605 98877 
54912 56435 
48048 89289 
88775 95454 
50439 96672 
50071 95552 
68822 45425 
45857 12207 
4539 23328 
88775 46974 
36713 27690 
4711 38488 
59776 50464 
67790 88215 
28942 41762 
13410 65924 
68693 78080 
45751 90742 
91599 1403 
42 37633 
95248 88512 
41835 76302 
53546 55932 
85643 9755 
95364 5328 
93517 43130 
68239 66578 
70474 79936 
17791 1302 
8185 12427 
74515 88363 
40906 45646 
28810 24609 
68368 70494 
92338 39141 
69191 80232 
89281 37376 
75356 6923 
94529 62448 
3367 39590 
37559 85736 
40964 74228 
20496 15796 
69578 37348 
56791 45523 
62219 19302 
22977 41051 
34061 51457 
30110 12745 
38722 62108 
63815 98540 
97083 50069 
12239 32985 
17463 21975 
99771 71525 
16070 49602 
71027 88860 
74847 16898 
24407 72689 
80222 42879 
77423 89684 
70697 86242 
57038 9257 
83849 60231 
47418 32475 
34004 12219 
94782 88429 
70723 51457 
64450 28450 
65188 40551 
68711 69716 
46689 1531 
35811 14142 
64630 25692 
70133 95874 
82813 17945 
61553 91283 
22250 51014 
38005 59026 
56327 52578 
19418 64592 
27889 99337 
23509 83649 
1642 45985 
94304 71616 
87264 74196 
72790 33049 
68687 6995 
5787 23752 
53263 97244 
93883 70973 
10849 65508 
12208 2602 
7342 32165 
98846 34987 
49770 61384 
94848 80793 
50790 10507 
37102 3277 
89272 57308 
50699 61412 
90633 59810 
61019 61498 
75680 88528 
47352 55186 
29936 59426 
89736 1324 
26793 87362 
18518 39555 
97270 74426 
62257 7329 
76793 45344 
3692 68775 
75114 42972 
95816 13848 
9329 930 
60484 29201 
11952 17560 
90546 38460 
76067 65619 
3122 58867 
27835 85516 
46455 23713 
22957 26415 
45657 75537 
48173 19129 
83729 43771 
71487 87497 
53367 82335 
25513 30830 
82374 57580 
27189 38989 
30894 45122 
34090 33794 
82222 15222 
12661 65741 
617 60738 
46894 33350 
9303 49094 
47377 33982 
49786 60270 
30031 99612 
19615 6540 
21543 18759 
49919 16462 
14141 96698 
76285 5590 
36268 60043 
76997 49441 
27641 68943 
1167 20438 
7313 60390 
85954 49864 
1549 9486 
66861 28308 
54693 62060 
17989 63652 
80673 61631 
20193 74336 
25382 66464 
44211 7444 
906 28367 
53155 36126 
21401 83853 
74134 8901 
17418 90441 
62336 94601 
30547 26120 
82541 91025 
93492 58366 
62841 42810 
82030 80621 
33223 44606 
84777 8771 
47736 89310 
74285 27895 
3116 57956 
78723 80467 
9008 37781 
47222 91171 
35359 98064 
73966 30626 
61086 49514 
96184 30575 
74766 62318 
9426 76472 
32908 20392 
49874 19895 
64251 44922 
77876 72855 
19578 29034 
59520 68817 
5711 87164 
83769 1123 
9602 37723 
71538 78525 
13883 5664 
30060 69658 
28743 52762 
80971 43529 
16688 17753 
43817 51489 
66492 75900 
87952 37651 
80589 8113 
75365 9355 
76179 3477 
4474 47020 
64463 5821 
30738 83619 
64744 54912 
83717 38000 
30511 65950 
22209 43423 
13169 37187 
69216 72917 
65732 74850 
46649 26464 
93604 76964 
86112 11489 
92446 23253 
26496 17799 
74192 76974 
21777 60845 
71422 16364 
73095 43057 
27605 78326 
68056 62030 
26090 15039 
57166 76447 
84324 35362 
22407 25873 
41374 27236 
96179 88967 
96657 34715 
70200 56120 
15664 93835 
93394 87188 
4528 15200 
95438 22725 
69418 38011 
88327 18014 
19040 70181 
92169 73177 
38942 72258 
3424 39803 
64838 39058 
73850 94762 
8840 82245 
96690 85249 
47277 19512 
2940 65654 
61659 31611 
55049 66398 
35427 57143 
87967 57718 
48244 56861 
88198 97206 
76904 94157 
20361 78917 
7315 46495 
7724 34027 
85574 83723 
48295 68218 
87792 23515 
1243 59407 
68124 1660 
9812 80884 
52367 75441 
36328 59596 
80518 12076 
72506 27044 
65852 989 
54006 71148 
30363 68617 
52008 51431 
96815 67547 
36560 97019 
66197 57949 
6560 67180 
86020 98585 
59432 17538 
19704 17137 
29934 81571 
60179 35144 
61978 46648 
91890 81532 
89962 76617 
94545 40547 
96834 8811 
99219 44833 
84936 32383 
52856 42466 
42679 36962 
20737 37950 
15168 5923 
58136 31492 
90142 16903 
12189 58314 
91937 3728 
72886 60343 
35623 28530 
78157 6272 
31128 10583 
92167 12858 
42802 59287 
18219 10207 
3802 62709 
78094 36907 
56589 90228 
88158 47030 
40970 78097 
89264 60369 
79297 80086 
42233 89680 
14844 81910 
83623 34312 
43780 97736 
47526 38262 
43821 89853 
98293 72515 
43326 78442 
86375 16493 
93467 37399 
34872 81475 
3061 4287 
87923 40060 
70776 67759 
3730 45 
2616 34155 
54786 88559 
33952 16492 
5804 92826 
84849 33691 
75859 37644 
65002 55641 
55424 66480 
10370 80585 
41280 33021 
77383 85287 
72663 3077 
42631 45619 
563 12945 
55985 85412 
98755 29639 
73367 74822 
29911 10842 
51711 65961 
13068 68007 
23130 23159 
99743 94707 
77914 77998 
55175 34180 
76695 15121 
58425 24918 
80965 73834 
80508 81262 
38108 32627 
73239 37103 
82212 29037 
3146 5160 
15123 55602 
94605 81701 
13597 64196 
4220 57171 
67816 5655 
34558 76865 
94201 29342 
9468 32605 
81121 68215 
75512 56335 
19973 38909 
64460 29576 
46075 93539 
50312 18933 
63916 70128 
60990 97104 
59514 1973 
59607 11316 
8999 62757 
93169 16679 
77005 43853 
17538 622 
61047 83004 
46723 86408 
78776 89449 
41774 18662 
13892 39580 
50022 1905 
33394 49328 
28909 84291 
64033 64732 
40338 53053 
68977 50538 
81224 35597 
97091 98165 
23874 80780 
86700 18999 
75842 28550 
93295 36752 
33051 62997 
76351 43487 
92293 83758 
24307 37899 
9593 23825 
18709 21615 
39488 87960 
38602 89475 
66906 85269 
84519 13185 
48138 81907 
57715 84195 
10284 5463 
64813 51317 
19619 91263 
30586 61334 
18443 72639 
92351 86730 
47310 82170 
18287 3681 
14906 48949 
38950 65581 
51404 48123 
6393 2608 
82759 83296 
98463 66246 
93229 59783 
67261 29154 
1278 37302 
90169 45424 
60074 34383 
19478 74009 
7961 93553 
42356 68979 
36546 6357 
56759 44297 
14472 40273 
40841 27880 
3478 5837 
43538 30034 
30006 51555 
52204 64655 
30391 76659 
99539 78168 
70606 7304 
56511 60737 
52534 90518 
20583 37083 
57934 22012 
49269 60096 
48520 38910 
7891 59452 
36017 76527 
97395 29545 
59562 9505 
3158 76345 
59490 71943 
58966 81115 
16344 78592 
51668 80472 
31833 49758 
1504 6884 
64517 76235 
40692 81446 
97142 47436 
78569 1661 
4859 5779 
85467 20976 
13929 83520 
49426 73901 
89104 24348 
59996 60861 
64481 91428 
51551 70249 
37454 15980 
94944 81686 
78280 46079 
60737 64113 
68794 14029 
89902 55103 
73016 52492 
98571 83635 
59622 54493 
12270 77606 
41696 90489 
72052 79473 
72717 66880 
80039 78661 
39365 34650 
55098 57770 
21550 34286 
50729 41108 
47961 93662 
46728 28705 
61460 79298 
63751 96716 
22823 38193 
65675 46017 
23610 57381 
8458 84772 
49347 11446 
66194 37899 
32743 64377 
15155 86618 
63337 41519 
84831 54632 
74736 89764 
91324 73998 
13532 99724 
52929 83380 
4997 72316 
50341 34131 
69858 73992 
34621 5509 
13688 39800 
4944 59382 
5896 51525 
75083 96837 
88821 39352 
22714 14438 
9093 29808 
68819 96197 
43214 90176 
65847 18859 
97224 153 
82729 92714 
96342 15203 
62470 7919 
44639 72884 
93742 7172 
27096 33351 
81773 59607 
46782 38331 
25766 67877 
38454 19028 
10222 690 
76520 82756 
95725 6390 
93 60521 
51116 29725 
10793 3359 
3456 23539 
59955 73903 
94759 19909 
31097 91500 
25222 1088 
40769 54107 
31506 89666 
26308 78288 
95606 59452 
62572 69810 
4950 53847 
51387 61662 
87564 86864 
57213 33752 
27528 93447 
20454 59115 
25386 90364 
65880 5149 
5785 6725 
37763 55207 
90344 44018 
35652 5834 
47592 29613 
95088 37985 
3789 34746 
56103 56756 
48560 38316 
89040 43483 
97453 31157 
1955 66500 
79932 71977 
36827 52413 
5739 25777 
72817 28444 
25203 38316 
93966 8203 
39749 26066 
46019 8211 
37753 90119 
2482 50524 
27826 94605 
83536 28053 
16736 85475 
23088 83436 
32369 63851 
59060 79801 
23514 69653 
29875 22304 
77692 75860 
96188 23026 
85882 41499 
71021 88620 
48686 22337 
33783 50057 
62358 92259 
24044 46869 
45056 85447 
59489 24487 
63811 29710 
99099 2588 
898 4738 
77446 24812 
54674 25484 
68849 5750 
4376 20594 
1199 49846 
81028 48486 
28421 28614 
77268 69594 
87819 67551 
97807 72299 
13957 12192 
99154 32173 
54274 13916 
92398 69448 
33288 462 
85994 57972 
42026 73538 
26904 30436 
87228 6470 
57883 19277 
20909 98540 
46318 70427 
85027 79469 
55728 67926 
48280 47455 
24904 11476 
82480 67222 
91631 96077 
24466 50744 
48020 53191 
96211 92627 
42729 26236 
10518 34556 
51667 69716 
72658 88790 
23269 80928 
99299 59397 
67026 95938 
15262 61692 
94666 7400 
55909 55338 
42242 90789 
98383 74591 
98338 57755 
68466 60393 
38734 90554 
21455 73302 
21050 49899 
75268 93731 
24278 90060 
81897 96488 
27558 59697 
59334 20340 
10151 14641 
70301 40112 
20312 19725 
26356 88796 
4577 70780 
16396 70185 
10974 25016 
7071 48775 
79764 88300 
39330 2949 
13528 71176 
50065 79946 
74781 92013 
80756 96641 
93747 75278 
96033 88888 
81549 65697 
24261 23975 
34772 54914 
49501 55677 
86209 96320 
29645 19487 
3584 65793 
89038 36765 
63129 11374 
35561 20873 
28120 23290 
81955 55820 
43827 47219 
9036 48475 
19808 58321 
94532 39141 
8061 11342 
45396 92045 
1287 82939 
13762 77303 
69362 26398 
47096 98929 
24068 66050 
21649 19675 
52272 68935 
34977 82821 
85914 44631 
88058 33434 
83555 40705 
70476 97215 
82693 20835 
73153 83740 
44637 35423 
92286 42698 
54484 20396 
55417 16693 
57559 88898 
95992 2235 
10682 12698 
26282 51723 
1689 25399 
10205 23575 
43889 17914 
17387 15049 
83471 38163 
47690 92924 
67339 51604 
51471 70849 
6475 66929 
35027 69023 
35632 82163 
32916 31784 
14008 60393 
49303 71774 
33543 1497 
18974 55512 
1556 36467 
15360 44554 
42668 34343 
37663 58835 
21325 78240 
42108 34361 
20668 36598 
43376 6125 
26139 28533 
1425 58919 
52893 58059 
26203 53656 
24971 70926 
78158 54903 
61132 69974 
15988 56494 
47360 10163 
44737 26411 
79268 82771 
47128 69588 
38990 89821 
38920 37821 
30597 4376 
75144 99689 
35696 10120 
48187 20191 
66581 14508 
61027 89752 
88154 33792 
29293 85320 
51800 55330 
64379 42451 
34528 92870 
16503 66627 
4859 63855 
11368 14454 
43344 34311 
97019 30987 
30035 96506 
28503 38099 
73840 67327 
57112 30649 
99411 21195 
58262 52105 
26075 330 
27489 89404 
70268 77347 
97563 47963 
78056 80363 
81386 42115 
47515 29224 
25124 63656 
32146 72926 
63935 71774 
25894 62966 
8697 81325 
18023 45078 
56282 13205 
71753 2728 
8221 10554 
24451 39704 
3014 17569 
29136 46304 
15879 63882 
57134 53845 
56370 96812 
59969 45630 
99110 56209 
44915 58975 
15784 92182 
53087 82560 
37554 84719 
41585 26115 
66254 35970 
61890 15298 
69973 70974 
95575 43688 
44067 610 
55383 95883 
92160 71803 
84782 40985 
83382 54279 
92366 84118 
71832 90649 
38809 55143 
22206 67139 
53533 8328 
71550 45989 
95880 4538 
71250 37356 
91268 48340 
95663 78493 
66692 56453 
74214 31051 
81872 41082 
2295 3541 
2471 1946 
12989 55299 
90016 34179 
46399 40754 
89506 75782 
36307 8348 
80166 37951 
44882 77172 
17407 84337 
15351 76167 
34753 51191 
79822 45717 
93380 29349 
54836 69489 
63854 61120 
80800 25597 
99760 40429 
13083 20474 
16153 42911 
52345 96265 
17080 54191 
9601 83140 
25932 9168 
37524 1604 
59938 2929 
23687 6701 
55881 84753 
33688 5955 
