23019 69756 
33641 35432 
28809 35022 
58838 76060 
2241 78599 
61385 75546 
66938 20968 
76906 55545 
38993 34976 
78768 88137 
27689 19422 
87987 75085 
70756 41773 
41126 61232 
63195 16582 
87350 50215 
45022 2657 
68713 46216 
97753 21679 
48802 54189 
62081 23705 
94007 32797 
29880 50872 
78977 9237 
82542 79646 
83242 33218 
44629 54049 
69491 68509 
96886 57589 
85686 94839 
45938 9963 
12961 20330 
79291 16146 
89162 85234 
43759 40063 
73925 71428 
73020 22831 
85356 18945 
55753 16427 
30651 90750 
79609 57623 
73402 20038 
8302 64187 
28885 20535 
49143 95591 
55273 39587 
46612 83826 
13513 86258 
93879 6472 
1493 72247 
88671 43750 
29197 62103 
72478 34082 
90676 41039 
82819 18522 
5958 73602 
17112 43464 
51428 44497 
53713 73137 
70757 44076 
721 48650 
60097 85314 
46438 18752 
51064 16521 
66667 58945 
72922 24632 
3530 90242 
61447 7583 
68078 6604 
96064 31109 
34691 20973 
89187 75255 
89114 43809 
22058 18912 
63939 15200 
19942 6951 
45453 21824 
86190 93770 
63985 43461 
69464 59576 
86240 90230 
21321 51233 
12576 11369 
12407 8252 
44773 79124 
14661 96271 
30588 77190 
24206 85335 
10195 52167 
95030 78364 
86633 18591 
77085 16353 
17448 43390 
4101 61209 
77936 73966 
56177 84525 
77771 15627 
30154 71202 
22250 8707 
86779 80485 
96981 3479 
7845 93818 
20589 81832 
88774 18857 
53835 28700 
12522 12042 
75527 13347 
99213 28329 
35712 883 
2585 5991 
74829 77738 
29088 46851 
53893 41356 
88422 57856 
75200 73982 
45302 78615 
85706 93160 
31422 31324 
45888 47471 
93861 94446 
15794 5009 
1594 19598 
56936 64237 
5295 82244 
73780 2129 
47297 81175 
21824 62863 
48330 79128 
90584 81846 
55606 7516 
29285 34482 
22820 41912 
20671 96837 
6819 91737 
24043 6249 
7964 37562 
2488 13921 
51630 92487 
21262 28673 
6813 60263 
54347 61281 
64481 12124 
64447 92205 
53091 6753 
28043 2016 
51603 33359 
61577 23470 
71343 66550 
67450 96904 
17270 83480 
59237 36539 
6419 8717 
44368 44269 
16778 20319 
39500 39618 
63325 71815 
68893 9853 
49662 59095 
49347 22562 
23438 88665 
96570 84563 
71671 84266 
97368 75591 
28120 2583 
79589 33005 
29014 15545 
77526 14607 
45725 56706 
34301 20683 
43393 22208 
4738 13501 
63035 63071 
22317 32756 
1340 4841 
72052 68831 
67128 83067 
67444 22244 
26372 88668 
64171 47281 
8701 75917 
55742 50577 
37483 97595 
87097 91270 
62853 96823 
90949 8373 
22476 3114 
98664 83122 
28356 51416 
2560 29335 
79676 67207 
49721 93166 
31427 38150 
28802 35166 
6510 23394 
70724 62182 
25005 35282 
21796 74380 
38492 65058 
63519 93557 
99567 14086 
47144 42910 
67119 35195 
83070 55563 
46480 84919 
75236 99400 
90189 36728 
18897 19136 
39925 7814 
86519 13066 
73072 7517 
10996 81548 
28387 24207 
38002 7034 
24436 29225 
59999 51369 
51739 91459 
63272 85020 
14943 64156 
16353 95103 
24941 26809 
3265 54264 
92444 39228 
58264 70888 
54356 92395 
90084 82601 
72175 21208 
93189 99655 
77701 77988 
31103 52555 
5475 52351 
42634 49139 
43665 63076 
65648 361 
55542 40591 
95021 31122 
72183 64944 
91497 52779 
33746 23417 
36397 37307 
61408 4381 
83484 99627 
74999 49576 
93745 64216 
32373 45665 
51464 64888 
55727 47750 
50668 2494 
27383 92464 
9898 64311 
82922 76337 
20197 91014 
3127 46289 
56340 62368 
7826 73485 
84518 61175 
84545 59140 
81078 66491 
42737 51518 
36345 21785 
70460 36993 
55196 21444 
84464 4890 
81740 59911 
6987 75763 
69334 91755 
72945 25815 
89124 58096 
69734 36383 
20395 45063 
38541 46706 
94252 53332 
20821 90641 
68478 74311 
16530 53570 
95916 88171 
31722 94415 
11294 21635 
32298 39498 
2146 29382 
87945 69950 
48339 91867 
85767 92386 
11665 54522 
16578 3815 
32080 68540 
88558 36031 
40376 31834 
2699 92176 
28428 70266 
32410 68751 
27635 43846 
85685 90033 
33757 10406 
92373 68651 
82086 30070 
51416 46062 
20738 47899 
93283 59689 
51811 49187 
61405 29695 
10260 42150 
93048 57688 
28577 86119 
84861 82082 
91684 49874 
61246 40412 
20933 54359 
24708 47584 
38722 26777 
56561 10875 
55921 68972 
53563 67420 
93184 21960 
31567 47999 
94182 90642 
704 42128 
13874 77960 
18377 63778 
68205 66158 
56033 94468 
12888 74285 
73676 11083 
78496 15739 
82053 89410 
26591 77371 
86647 11246 
7426 42579 
49876 92848 
93533 84810 
78312 95564 
35533 65001 
40274 75687 
36571 76785 
45800 79874 
70024 96624 
75794 94932 
71454 12562 
30059 16322 
20272 24914 
74945 8431 
89162 34952 
10526 91483 
80047 63534 
44480 4898 
84224 70636 
55274 64961 
1257 78855 
50786 55882 
26328 39225 
80149 67617 
68971 16046 
36397 21286 
97442 8964 
95408 3560 
12476 75114 
72644 65117 
41753 61962 
43390 25050 
12148 12293 
64458 63075 
658 56843 
55712 74441 
86889 67178 
48354 8638 
30089 1695 
83525 12317 
71905 40974 
49584 49280 
22438 75236 
79337 75953 
21590 76284 
89507 9465 
80339 59054 
33923 37251 
97273 13788 
59165 82055 
14575 68837 
96828 54274 
24611 26238 
97 94763 
63388 97469 
33991 35546 
30366 55136 
58402 83322 
55434 7894 
999 61225 
93369 496 
3061 27966 
63671 38628 
35490 30326 
69395 39083 
24545 34908 
22438 9811 
97211 28101 
74751 71512 
54711 69426 
4980 42706 
9262 32739 
38323 23596 
74019 72203 
83704 30505 
79029 5519 
56844 52354 
97060 15579 
20414 23363 
2329 33555 
13168 32036 
52444 81327 
58806 15531 
79278 19278 
42296 20587 
98031 66622 
16470 47493 
95398 35791 
54933 31922 
37542 49820 
98688 60977 
46484 92242 
53329 64411 
29560 72707 
81271 69757 
10743 78348 
99188 60960 
4934 20843 
34715 34117 
96713 82226 
18387 1079 
33597 8652 
86940 51872 
20492 656 
52291 50337 
6832 895 
46865 3841 
90787 85915 
90421 17572 
25981 27166 
36110 16662 
5291 98347 
44241 95280 
13620 71050 
1060 30834 
86910 58779 
46826 83540 
88224 40592 
2580 86884 
13366 19938 
88187 22885 
68322 51702 
5638 67540 
18666 1020 
21006 86510 
97172 81160 
16101 58814 
69978 54525 
96559 7200 
3964 70831 
36968 17873 
48418 59528 
15584 39364 
42566 89765 
41316 60598 
87259 60500 
3859 81589 
73830 85786 
84206 6710 
46095 95847 
47261 10073 
82484 83251 
834 45372 
24450 85280 
46073 98353 
44599 8577 
63184 9137 
43374 70172 
73298 23705 
86683 50216 
92441 69146 
48520 26051 
46745 85614 
2382 84689 
49449 89468 
13239 91343 
49660 86695 
17828 25334 
50459 3454 
45183 81532 
59669 51471 
21643 75409 
80441 27 
24952 82867 
70780 83381 
608 92185 
1239 32765 
30299 44749 
18240 85421 
47019 93670 
76805 89695 
24392 14956 
40979 94806 
28748 64610 
62805 86669 
11672 86827 
41437 7039 
38019 43405 
32849 72226 
89803 52569 
27519 89786 
59911 96576 
38620 56822 
51237 81799 
46448 11934 
26622 12429 
26146 4324 
12919 69487 
45296 38242 
48485 70557 
55515 48656 
77629 22428 
17933 64958 
37767 68819 
96267 23488 
55491 78386 
23183 96800 
66268 14433 
95743 17858 
99159 77048 
83936 90695 
22725 10829 
42662 95622 
31197 26937 
1997 16656 
61041 96902 
73175 41614 
67167 37416 
48425 11203 
55367 20304 
91681 22415 
62943 9921 
14127 23702 
3028 51411 
3649 74618 
39768 7584 
30487 81028 
41328 69620 
82734 58478 
65560 47353 
94782 20927 
69250 78597 
19440 39843 
95996 83785 
60151 69485 
90049 32135 
23590 88252 
3884 78626 
74895 63075 
15774 77250 
77889 4088 
50330 75334 
80858 40197 
99721 46159 
64820 12685 
76235 22674 
5663 53572 
87842 53788 
14162 88275 
17615 16544 
8572 77910 
5113 82434 
43379 95664 
73279 54144 
64724 13720 
17898 60246 
88152 62529 
78371 19661 
97529 12566 
38295 65137 
45327 20228 
62287 45585 
93976 74154 
61507 10789 
75524 76010 
94498 18811 
62626 90642 
52245 96390 
37698 4527 
46778 25659 
19045 38565 
21160 26727 
52896 71516 
25365 54963 
8458 43760 
57357 34296 
19495 27568 
51560 3358 
378 69692 
7968 60057 
27165 34853 
94292 51912 
14982 4558 
20829 74480 
41844 14708 
83154 8244 
65993 47574 
91257 45519 
58973 28967 
55427 33269 
29838 19825 
78951 85156 
47272 32927 
15617 96702 
75855 50073 
86040 31160 
30309 62846 
11005 30477 
17294 10911 
12273 45697 
78138 45855 
51746 74208 
67905 5660 
28391 37426 
6261 45183 
29006 31836 
13847 31389 
33674 38736 
4196 78574 
9682 83612 
35721 68463 
88701 94755 
40896 72807 
11198 22542 
40454 71993 
39316 45768 
19304 42180 
84899 9443 
87827 65592 
72833 9699 
77294 3881 
61573 65750 
21406 62819 
72489 96278 
57272 68110 
37584 48216 
38631 66713 
61158 9554 
91709 65861 
5174 74642 
59846 22790 
50348 20379 
76849 2242 
55409 94773 
81018 25907 
35491 15509 
31886 48229 
7313 25520 
19927 6386 
3542 54968 
65853 8750 
41693 94621 
90575 45774 
43911 94305 
99503 29980 
43175 61909 
65603 97644 
78728 53396 
14440 33736 
78958 12301 
11454 13820 
53475 38419 
26766 91884 
67819 39677 
6072 1420 
53982 48657 
7515 78615 
17866 65763 
73887 61102 
40821 24756 
97136 63511 
36567 63173 
97855 81915 
17098 20089 
86284 33277 
41562 76758 
93328 93135 
70664 1859 
60202 55022 
25782 62375 
53508 98474 
56774 13590 
28941 19008 
55388 87252 
1248 43073 
12179 55635 
90694 23721 
4038 61059 
6988 88641 
16699 65355 
506 91182 
52008 91847 
57560 97151 
43275 3596 
41632 25380 
3681 85981 
85653 48484 
62516 79121 
21795 51710 
1909 36222 
94692 42392 
92766 67617 
41624 323 
42782 67079 
38898 60193 
11691 6938 
7532 21262 
19299 31594 
43297 86579 
70423 75209 
86294 44283 
47476 78681 
73440 16926 
76257 83442 
23605 21254 
53393 35180 
89605 499 
34925 39302 
73862 14015 
24697 71739 
45240 94942 
68465 63656 
13461 15598 
55091 46695 
14417 32445 
49695 66558 
34853 17686 
35300 47072 
58064 22979 
19311 14301 
43639 62219 
69051 70848 
63734 44986 
76627 44182 
5959 40018 
17574 19628 
18687 98916 
59964 8620 
18449 24335 
1139 95864 
1035 24005 
57711 55262 
98029 52207 
11148 23761 
98737 3685 
16076 74726 
13785 91509 
11289 38016 
91187 10001 
34535 72617 
8213 56604 
31285 9521 
53180 62460 
64993 47457 
80087 60461 
81735 2178 
66004 1655 
55692 81167 
26230 16160 
43570 79964 
45444 3106 
5848 73751 
64432 25644 
10647 8388 
21439 81663 
22069 78809 
84796 18638 
88982 19475 
29185 61896 
92544 21535 
1778 29595 
81150 34429 
96423 14838 
20028 5821 
4176 25592 
9363 63104 
36696 86490 
79638 42133 
25343 23040 
55739 24428 
83337 68468 
92478 52771 
80886 56110 
23279 56926 
23948 86185 
31103 36183 
46120 84773 
46078 13468 
20136 4955 
97841 96947 
70532 55321 
2262 59405 
22283 79426 
41990 73079 
51541 51296 
8196 18212 
14101 96703 
6902 17302 
14792 97672 
97453 33787 
46742 88585 
22974 13916 
73278 6228 
13073 43553 
47240 13280 
87556 37913 
62535 74965 
66629 81495 
11030 32005 
97797 87966 
74183 79479 
42609 55270 
13328 30851 
27441 49958 
35085 19168 
51627 66548 
99129 63311 
63592 72656 
4371 6183 
60995 68701 
36586 13863 
44463 62207 
85621 9982 
56149 80997 
43547 7984 
64114 27067 
76442 95410 
11466 3438 
22000 19007 
35216 30027 
2725 17178 
73968 1370 
60209 47199 
25840 28954 
9845 58630 
88448 54028 
87285 71444 
11286 12909 
8059 27702 
17517 86135 
89987 98940 
6980 65270 
94382 47950 
35097 26702 
26484 63287 
73445 10501 
98194 7543 
96874 64184 
96875 46361 
9364 26215 
22854 54117 
16224 92105 
55212 24363 
73747 27165 
80575 48366 
99132 64323 
72799 63435 
3229 52801 
42842 14281 
16615 4052 
87537 15232 
15500 15046 
53622 48910 
18167 35789 
99070 87848 
14892 87921 
77639 79533 
14741 34298 
94507 92471 
41137 45657 
80982 81157 
84787 9770 
14480 91175 
27312 80949 
66310 92197 
81856 73321 
94309 96228 
57978 59978 
9914 91259 
47284 51951 
40034 96310 
43548 95848 
72907 22896 
56488 47121 
24081 10037 
51878 47077 
83813 85237 
52363 56072 
10330 92170 
63106 72789 
14807 17382 
44321 39 
43350 42907 
38768 1235 
98883 49443 
76471 28498 
61566 95656 
21172 93296 
60209 3132 
93465 93583 
19122 83662 
4089 7600 
54943 55784 
57516 13813 
26206 10891 
40740 98900 
44759 5704 
95118 71279 
42609 77563 
80114 6347 
50376 1722 
76970 11419 
84271 35713 
47631 13308 
57321 24866 
59623 39532 
27594 75184 
11158 85357 
71223 35024 
42372 33162 
21278 65437 
98401 18092 
44885 20491 
17904 14504 
40443 3560 
56685 51412 
24406 13297 
20213 51962 
42818 43887 
71139 31892 
86620 58206 
98307 85007 
11746 9596 
82301 29906 
65108 48268 
69217 91470 
95777 11688 
69158 43129 
87066 64823 
28823 41415 
79617 25744 
88639 43068 
68277 84847 
24013 6731 
46193 1826 
87574 46246 
38464 43524 
14699 20585 
14612 7947 
28135 16706 
94284 64945 
79191 5869 
63757 32471 
92777 31449 
2231 98815 
41451 16799 
76310 95848 
59692 65463 
98714 26063 
23756 62784 
62954 47073 
64792 77978 
59573 21246 
53256 8724 
51517 45260 
91240 6589 
36300 84641 
75973 70867 
50842 51715 
52534 885 
81235 81900 
56738 52376 
24120 82909 
60180 52231 
8995 54182 
68592 87730 
31480 99735 
91946 1331 
66404 86637 
152 90117 
26580 33438 
1726 30234 
8193 48131 
34479 20949 
16983 73615 
37035 70396 
735 40117 
77945 25648 
23064 68675 
55131 83463 
1077 17526 
42624 4828 
95231 14136 
53798 96405 
83534 69581 
10721 15036 
74218 29173 
57804 97637 
11120 73415 
34551 18172 
4211 46792 
27032 25778 
74070 58396 
50589 23743 
33584 68012 
77325 7681 
42723 44034 
11105 93083 
63000 55480 
30042 27379 
7036 39372 
61900 99680 
25651 66863 
31344 32588 
99987 16754 
19647 64764 
9393 53448 
7236 10397 
27142 97841 
27383 12269 
55553 74321 
45368 88807 
49637 14795 
91624 12345 
94165 1512 
19614 45733 
92859 34498 
29664 7525 
404 16511 
98449 32137 
78076 58703 
80536 40720 
81982 23535 
3139 40906 
99292 38016 
58178 29155 
32276 29943 
6752 78141 
92587 62590 
50299 53406 
8945 69178 
90012 18474 
70206 17422 
91474 55668 
22813 66647 
95018 51074 
16673 15149 
63985 66405 
46776 73908 
42825 47969 
69181 44233 
4906 3504 
79494 21568 
5922 11329 
29537 95421 
22969 13098 
23651 66281 
51613 81353 
79916 54372 
53717 46177 
63528 32229 
97313 11396 
99702 73344 
6453 90142 
51666 72486 
43790 41983 
5668 59833 
81517 99436 
39392 653 
77349 30339 
62775 45049 
61388 94390 
10946 68149 
56985 17094 
37838 20124 
4144 22437 
6014 87559 
27525 36784 
93348 52941 
92783 820 
40396 27416 
24757 3802 
43689 23472 
18924 84939 
59595 28822 
63587 30431 
21041 40528 
4409 31487 
85092 19288 
25210 58613 
23214 27789 
89315 50502 
38062 24191 
84340 12072 
40689 92029 
39890 65485 
50311 1230 
42492 458 
85136 11410 
54944 25716 
97180 48283 
58345 32132 
66660 6741 
74185 39926 
12206 60044 
91193 17239 
92055 83594 
17038 25436 
68286 33839 
98508 67721 
81325 58169 
5459 91939 
35116 50006 
53622 25887 
24735 4790 
49239 4033 
47676 77238 
74555 78206 
27663 87933 
97351 91675 
45519 78267 
79985 35943 
15524 66671 
83814 2666 
67629 16290 
13406 89293 
96007 84428 
21626 16339 
12627 87527 
1450 66647 
927 81930 
23256 62564 
99069 30287 
37432 55630 
54926 96252 
51222 15229 
85621 85965 
6097 67553 
43309 33842 
27273 54327 
35869 12316 
90606 51922 
76262 30412 
53682 15795 
37525 74443 
27771 92644 
71745 35600 
25171 73241 
10802 63847 
2546 42564 
4290 85277 
34984 20710 
65722 20969 
97813 77982 
92007 49402 
3621 50611 
93120 61579 
40444 79787 
19029 68309 
83754 45964 
99111 32431 
9690 72853 
15694 15316 
19828 31103 
17787 46556 
98888 80324 
43694 48556 
65880 49963 
61904 73592 
46511 74448 
58500 39905 
90077 66113 
96339 85544 
77579 30586 
46283 93913 
19502 3653 
44061 83354 
21438 16042 
57629 94619 
3682 73139 
59400 54683 
96932 70357 
85306 43143 
407 51654 
28372 38287 
80980 58699 
58337 73951 
12317 11181 
80825 95390 
1569 5005 
49662 62669 
27807 14413 
24174 13422 
21187 36492 
19634 63361 
44741 22142 
33492 92542 
1706 96208 
42645 38131 
80506 81368 
57712 90311 
66730 5234 
89109 66967 
96914 88261 
26729 24917 
2429 81195 
60102 50703 
93466 45135 
69136 62351 
62869 44725 
96904 44994 
47504 55550 
75388 37901 
70857 70502 
12719 88187 
4753 26705 
66144 87379 
30316 64523 
18829 10998 
48780 73249 
50554 88461 
91203 74244 
42461 40858 
2881 41655 
84263 37524 
32989 63220 
58617 38849 
42906 99299 
61895 12388 
57717 6906 
83145 32089 
24548 57381 
3772 96333 
8651 91237 
99314 29486 
53609 21831 
21658 63799 
55528 20645 
15152 33730 
52752 91342 
73264 53153 
12445 67140 
73820 87428 
3258 46667 
40301 76908 
79369 17110 
64285 16260 
65311 322 
89845 44793 
23319 97464 
4560 57060 
5315 839 
3764 63 
40200 87775 
94766 83701 
83765 10704 
85987 94436 
63340 50055 
62304 68682 
82190 2124 
82385 52048 
9715 32795 
46371 43301 
72671 39765 
73004 97825 
79899 30932 
94122 44319 
58476 44594 
21455 50648 
52743 8364 
65708 59978 
39289 57981 
91181 6717 
40805 14660 
70484 13302 
79587 50180 
63414 63488 
97540 52607 
81635 45532 
83657 42353 
16540 59594 
92274 78237 
1496 87616 
5774 36255 
51685 31123 
93971 39968 
74820 32625 
49061 70743 
74244 9650 
29807 88504 
72279 47003 
31539 49229 
66153 12413 
9581 14131 
91438 83521 
22889 7233 
8646 31 
31954 93060 
47491 83846 
80438 14165 
40280 2142 
13559 49443 
51012 83598 
37883 28490 
59977 36356 
6975 64707 
94987 57805 
25275 50402 
9866 70922 
98592 90861 
98397 69622 
23773 41156 
97673 6488 
2387 49393 
78617 10229 
83684 3201 
43443 77350 
90608 22414 
49894 42784 
59310 40247 
60342 97583 
27406 67687 
70170 88324 
39107 41408 
4319 2438 
96411 14176 
83518 16509 
74686 58571 
52380 60400 
38276 19759 
30455 29096 
37156 71121 
94256 56301 
39208 97755 
23398 49029 
54342 57163 
47213 70870 
36490 43881 
9526 53053 
7373 15389 
28787 7118 
32024 20307 
68321 10715 
90174 6727 
47193 38945 
29900 78438 
16043 17675 
60370 9911 
94185 82359 
39010 27053 
14414 36183 
35118 10108 
50129 14701 
6722 77465 
5775 80649 
10375 64762 
36056 92266 
74637 22319 
21971 11161 
7139 15766 
72456 41707 
72426 29686 
39249 22873 
73153 42131 
29587 25615 
90788 59088 
76416 44125 
93602 72273 
79051 7669 
99521 31082 
58532 81218 
89325 71 
81425 67736 
1735 7072 
93407 72696 
6035 73825 
69684 42329 
40226 60961 
33157 41065 
23083 52268 
13207 90795 
97009 49298 
18088 54806 
35281 46764 
72114 12637 
52042 11560 
25189 38599 
86282 93829 
76715 66351 
92156 57205 
68469 94630 
57051 27128 
91819 65181 
86196 21143 
23436 22877 
37936 43078 
50688 50169 
67394 94261 
72959 53279 
37851 79202 
68379 65895 
88997 60636 
96793 27652 
9096 49373 
69266 89307 
44150 98099 
52029 94268 
91313 5093 
88483 87017 
66068 23759 
16730 2972 
3121 16937 
32073 1462 
49492 91159 
94026 13737 
34911 95320 
5592 91324 
59471 70682 
98925 56539 
21346 94705 
45948 76587 
18452 69857 
75118 5450 
97068 70418 
16232 63632 
87730 75202 
14029 54835 
64127 82187 
48308 50766 
84240 22257 
73387 10548 
24654 63560 
42933 39553 
98735 25422 
17579 34013 
57288 1343 
62161 2366 
6344 24272 
27057 2080 
40876 94189 
73809 81528 
85542 27959 
49050 70556 
53958 84483 
32748 20445 
86531 64370 
86868 54288 
3558 82672 
8773 52119 
15065 65658 
50042 61699 
61790 28169 
95838 95429 
22724 46802 
12584 46665 
13806 55970 
62400 34570 
19652 58829 
51617 65619 
45582 63144 
27656 82052 
50783 23341 
63651 52778 
25077 94313 
73426 50630 
1559 79992 
80770 51386 
55277 90274 
26453 84572 
24169 3542 
33985 63851 
2623 68906 
70887 25647 
310 72147 
36040 8685 
29365 32498 
75715 14234 
81502 93512 
80908 97120 
83336 20639 
46903 50923 
72951 20550 
82269 67303 
23669 52808 
39019 69020 
52006 13197 
98221 38953 
85980 29817 
86099 93335 
37189 28010 
14493 76378 
15519 88230 
36524 85645 
48850 42192 
83422 72731 
21815 26908 
1668 2224 
27430 43701 
40976 93413 
33327 49829 
53099 13833 
375 44054 
49058 41497 
55611 94300 
28073 63551 
13698 95492 
35390 33067 
61539 38729 
28106 62852 
69213 19139 
28222 95375 
67050 9078 
20390 51310 
33454 75785 
8131 25693 
70991 28146 
76804 70317 
9297 35953 
24193 73749 
62523 76820 
10298 26219 
86299 30876 
46772 35657 
24645 61438 
93412 43253 
10764 91022 
54210 72206 
87316 6400 
68697 31667 
41568 3829 
75665 89417 
8722 16170 
85800 21434 
82740 47266 
37389 44254 
88184 75814 
24979 36929 
8823 80868 
84678 63369 
39224 84198 
91824 12978 
24031 903 
76788 87794 
76321 39018 
92931 77652 
21221 91278 
77072 81450 
93845 17763 
27309 52213 
31685 26860 
85599 66369 
40716 23785 
53283 43595 
81789 10828 
86526 72527 
19274 91601 
15658 29806 
97465 52703 
7492 15168 
61901 70570 
42899 63651 
22579 18709 
13291 37524 
63889 31080 
49117 45159 
42193 11080 
81095 81802 
76090 62401 
599 38116 
26718 57984 
29494 76343 
85841 56332 
31669 31072 
38003 20680 
98615 51846 
39707 95780 
19632 68241 
63347 49559 
3582 24528 
86528 92423 
53576 665 
68470 45712 
8599 9141 
44310 42595 
56786 33037 
85450 9662 
93899 49705 
19462 95520 
47556 66577 
76638 83895 
12839 80871 
31898 53059 
48135 63351 
40578 20846 
61411 57791 
24523 45086 
76606 82419 
50936 32963 
7412 17394 
60613 49655 
81432 63209 
44459 6503 
51570 58957 
37607 52084 
3462 56501 
98983 85692 
17865 56850 
70832 62102 
75141 28419 
67498 58894 
95321 43369 
25664 33201 
91702 87818 
59289 3432 
78540 24523 
1652 53331 
14106 12448 
84173 70692 
79237 16686 
97122 1082 
88485 74308 
839 18165 
6038 16983 
7759 86486 
91866 89555 
35316 20051 
34817 45328 
37710 20588 
38936 43374 
60574 13077 
16826 20978 
26695 82928 
9609 65197 
53287 59174 
96901 61509 
21666 81060 
82172 54663 
68759 31635 
38981 17104 
46510 21267 
81764 83699 
41 56415 
81243 78033 
48333 34603 
78962 25128 
12245 65196 
68078 18233 
23811 27402 
98235 83185 
68080 41880 
31215 62858 
54156 50393 
21033 26336 
85617 69119 
17219 92711 
2191 5578 
93278 47783 
94302 6556 
83659 23428 
50056 34984 
72018 4058 
80236 57396 
11197 22321 
81062 60461 
71017 7086 
36734 4950 
3868 50763 
34207 68643 
90039 70114 
61173 25804 
74811 45006 
84870 60225 
37597 32890 
64161 11241 
39723 73324 
30196 7697 
81933 16490 
82026 53563 
65307 32370 
82699 90661 
89986 83183 
8646 78954 
44958 70638 
576 2896 
39125 1714 
87640 33520 
98977 51927 
8274 50290 
11407 43414 
30932 54149 
21569 96686 
85808 83789 
5128 59507 
54704 80839 
21883 64136 
30348 36505 
23423 15022 
48748 92118 
31371 63067 
18598 59119 
24699 79690 
20250 70214 
74730 4184 
23478 72721 
44648 1223 
77995 27605 
26683 31914 
63620 83232 
24621 11362 
48036 51592 
1879 98542 
89203 26540 
6113 40079 
36824 48541 
50165 68588 
32632 38501 
76141 38343 
82821 94419 
54501 66292 
77595 68936 
73264 34815 
62612 23291 
53787 4129 
24982 83769 
89032 76883 
42533 10391 
37863 55209 
59219 24452 
24601 31416 
91821 31422 
86944 57479 
43502 18803 
87310 45633 
98322 4730 
52770 62613 
97468 62416 
36961 93479 
52748 47978 
3713 67464 
35801 14766 
16584 57889 
92515 5974 
81135 90992 
71302 79168 
27441 24341 
21172 31283 
39240 84545 
10936 60707 
33047 86090 
44443 24276 
65695 88382 
98365 21307 
1959 86459 
88882 64244 
5285 72339 
81487 76058 
24111 48596 
94179 88227 
33867 23518 
8502 99951 
60456 68071 
95108 99188 
54889 68897 
81009 39161 
10678 68719 
34154 10190 
15741 45749 
17663 46015 
8744 47109 
70827 56197 
66197 57755 
6890 81794 
81058 56029 
78666 30152 
6223 79718 
52200 56499 
26987 2388 
45976 24970 
95412 98745 
38585 99728 
6520 59917 
21282 88086 
21308 4810 
73548 81803 
44827 22056 
69543 20197 
48893 68575 
81248 29288 
88488 45432 
30126 74841 
98497 69364 
53305 4042 
73150 59305 
92556 40450 
24394 61177 
84756 39936 
87381 41378 
31066 11529 
91359 89647 
48699 56391 
42492 85360 
63958 80583 
71443 97811 
88121 92866 
83083 10678 
28783 7449 
8231 83603 
28443 33438 
98087 89720 
89376 47661 
20861 96947 
39288 15620 
17068 93005 
15734 46507 
45053 89357 
98985 42553 
1554 77674 
2780 30390 
33424 53906 
40336 42712 
66151 69678 
19006 52167 
62354 18492 
81147 46274 
89224 15078 
1030 72073 
17662 80262 
68056 72275 
97890 822 
35061 80905 
56369 94091 
87153 45712 
37111 70403 
91316 97075 
66801 53022 
19929 88718 
57626 84794 
2371 94193 
74304 23536 
48051 54962 
82520 4036 
1491 40811 
64845 23560 
35491 1402 
37161 89880 
61941 58979 
23738 56089 
41521 16541 
52299 54866 
3288 33239 
11799 36325 
43086 49329 
75078 8246 
55728 26706 
26162 75220 
70078 7835 
47726 74116 
98433 85881 
18035 7306 
82018 21853 
38703 82170 
12948 40825 
64670 75715 
39667 88561 
36046 56455 
17649 32348 
17792 12270 
50083 45394 
37708 52524 
74272 22839 
75776 75543 
88638 39249 
98635 18369 
82543 72392 
51820 34765 
26501 86183 
19352 79534 
3911 86855 
35385 12490 
17125 40735 
85823 73796 
80398 69460 
69171 23885 
20229 19010 
95362 85798 
39601 32651 
88893 75558 
66809 44675 
28337 57034 
1839 51778 
98120 11799 
93679 11995 
50460 71573 
30470 67267 
75440 21130 
1072 85068 
55403 42907 
91401 66941 
36232 41056 
11807 77372 
82526 52327 
12793 5100 
96289 23903 
35539 80801 
69474 14201 
60984 40022 
9572 51643 
66612 38289 
24402 68557 
73649 96521 
77360 12581 
69021 79205 
27610 26362 
16201 85195 
51050 77816 
27013 61621 
97337 17871 
52461 35013 
75893 40339 
64832 90628 
79492 19465 
45608 20877 
47910 4694 
64121 6807 
46076 59337 
30423 92809 
81263 40052 
32513 64027 
12077 27445 
22839 38382 
8359 34623 
1902 40690 
5582 40100 
57828 35063 
59922 14283 
59937 53569 
50897 34593 
71619 74090 
97337 13297 
43230 68384 
49409 94255 
69279 62527 
94495 10049 
45808 26252 
67995 29319 
43671 35140 
91430 65653 
21327 30152 
69704 64003 
36791 32741 
67006 28342 
82548 60544 
46507 5181 
59520 28624 
2914 91528 
26604 14295 
38861 93052 
10788 9750 
36252 18418 
39577 86029 
51874 59178 
62180 44311 
22953 71081 
58879 36068 
2806 42301 
98986 92324 
59316 6854 
96984 14080 
59707 37312 
33731 40880 
33928 29981 
54996 32599 
55929 77780 
33169 70704 
7215 11370 
79590 9537 
90288 77411 
24795 85663 
40912 14364 
41831 23835 
47653 80856 
73855 61854 
24698 89415 
41392 53408 
99705 99221 
46896 97920 
72280 25550 
64685 89493 
70648 30711 
2854 73238 
84175 71522 
50413 46582 
77637 91762 
77709 45610 
99466 64532 
41076 12035 
80679 9079 
53713 45105 
83796 29422 
23929 4559 
1779 47951 
29207 45692 
25858 36220 
89915 35654 
98100 77250 
30056 21296 
39662 28932 
64095 93196 
98897 96489 
28693 17936 
94829 63468 
86074 91278 
40988 75343 
61813 98561 
22185 17602 
43958 55466 
62539 81015 
62720 42249 
66919 60846 
90344 37589 
39915 93841 
49337 4393 
86578 97132 
93862 79235 
77374 36525 
33912 69520 
16146 18196 
4788 68056 
84362 67393 
45416 53384 
47498 30551 
38240 56056 
177 13057 
80666 35975 
95468 43941 
3477 33984 
50774 40881 
25172 32083 
47820 34165 
32806 80974 
47458 96639 
9745 31055 
21374 18165 
88627 33583 
62257 57753 
93853 62388 
71556 4267 
52123 43352 
39721 77508 
91771 68804 
27632 5461 
22113 17048 
29913 20625 
82515 93435 
50913 28618 
77578 58708 
52377 15593 
69597 12774 
38160 77536 
82388 57652 
25817 74141 
81594 72016 
17495 32688 
35734 91570 
23287 53254 
29575 4446 
9048 95591 
96783 38864 
37632 60104 
62369 41504 
47638 10662 
37081 19347 
66953 25306 
85717 45169 
89721 2462 
99200 7473 
54870 94874 
36314 19304 
51897 91222 
65172 87214 
45340 16287 
26743 81608 
53234 74528 
63195 42735 
36790 19028 
2346 2805 
58661 88079 
66156 4014 
45352 15012 
76017 44717 
45720 83381 
60458 91529 
11937 69284 
31957 53862 
41919 85287 
88696 29176 
12938 16372 
14384 92217 
4969 17268 
94672 19534 
59318 22698 
42241 11784 
43160 7306 
24281 644 
93842 20420 
15885 4600 
98150 12294 
60773 28418 
21230 63121 
6808 84842 
37419 23846 
97923 53833 
30994 78704 
46370 84642 
28676 43391 
79595 89047 
97715 19919 
54593 70291 
93458 39464 
59255 81582 
68543 37877 
75002 10432 
62208 25055 
57908 40703 
72664 28969 
6553 52912 
78090 17937 
24010 85145 
12526 30569 
48647 91919 
21798 71845 
23844 6326 
21559 65908 
254 32057 
54646 91395 
15894 66179 
98183 63523 
79159 80975 
2177 68652 
87719 73760 
50854 1656 
52350 27228 
25581 4216 
58853 9754 
13911 53002 
93554 84971 
53177 730 
78240 93031 
19004 30202 
8953 12157 
69218 41698 
69723 8388 
31854 57455 
97075 33868 
82302 93496 
4102 39623 
89122 18658 
33893 27409 
20636 93484 
1277 77078 
95142 57453 
99143 50830 
26433 12089 
90985 93784 
63290 29573 
84867 21494 
46697 1763 
85662 9366 
11761 32888 
52209 76345 
42673 70704 
43928 85836 
48501 65519 
27480 70506 
65215 44229 
28224 24410 
5076 87440 
53488 95864 
68342 1686 
85106 57511 
4244 85935 
37180 26263 
58263 1809 
1724 55071 
70980 70310 
59583 20960 
100 34387 
16988 89296 
21736 46250 
39078 42977 
29624 61156 
90947 27020 
91695 45214 
64008 73995 
42220 33795 
60893 43794 
84783 9254 
35658 32427 
56382 1913 
37701 78856 
56209 56649 
87592 26310 
73994 48928 
20933 75105 
62292 78749 
72389 97659 
84649 18727 
36203 73244 
37354 43418 
31780 39925 
86292 20986 
23344 54216 
82420 5459 
91209 95191 
19440 28051 
28861 49068 
75524 49427 
44823 62757 
37245 1277 
81216 60413 
38358 15206 
21919 75742 
58680 9692 
52441 64593 
19038 81745 
50857 27355 
77083 28906 
34603 88708 
75766 9353 
61452 53472 
21363 33133 
84633 81650 
71134 65925 
91873 3150 
92102 18228 
16034 23272 
11844 87512 
91043 53739 
19839 18624 
40995 40838 
93616 48601 
32581 52214 
17785 6068 
91405 26899 
36037 42520 
81283 89372 
26253 83033 
72302 77732 
17130 97340 
78162 38547 
71050 8708 
26268 96476 
42394 77674 
35069 15461 
83115 20460 
12275 30118 
8093 47765 
54906 40872 
51647 38636 
27512 34465 
43554 96241 
18441 12655 
8016 67628 
25702 86234 
42245 47945 
3752 18942 
62692 31064 
10426 86414 
16384 13222 
29309 48988 
42486 4028 
6959 24033 
34865 50047 
36707 83373 
345 30208 
41161 94470 
29250 39397 
54075 70211 
94987 36835 
78905 91460 
77603 99253 
6163 18983 
62624 85341 
4581 16917 
929 87618 
62141 68644 
28052 20590 
42185 77742 
31974 69949 
37102 11651 
27365 6601 
47501 63722 
41170 51385 
88310 80538 
39562 61642 
24910 25697 
29476 99172 
72190 28694 
49317 30576 
47319 98104 
22884 5670 
53079 61966 
88164 57369 
82740 35060 
28360 67327 
79765 2753 
26382 45641 
56036 54114 
35981 80024 
70816 93209 
12828 20145 
99341 6815 
77035 76169 
74716 69203 
84994 27076 
69672 20231 
72850 53937 
95837 61680 
96550 36092 
37254 78558 
34116 74049 
2245 7067 
34638 31940 
73066 38975 
95471 24469 
56368 73345 
24188 8583 
89133 861 
95108 78428 
34532 33459 
41511 3709 
10068 72537 
34178 96145 
26397 42673 
84447 36520 
79390 4660 
75741 45655 
30280 1536 
71322 36688 
29128 84418 
68053 43118 
85419 11091 
65995 77373 
66224 9657 
1931 38012 
7154 51961 
51235 50183 
54265 87093 
36971 93593 
16073 43964 
97728 44985 
94037 23738 
56395 38020 
77115 67890 
948 22437 
31437 5685 
35273 86523 
89663 56084 
83174 92146 
46249 83401 
31900 60020 
94635 83472 
82919 34338 
296 7652 
37091 50564 
89581 15678 
79032 27927 
48497 85212 
41153 9011 
67816 95861 
21731 72884 
41331 48498 
3309 55301 
22604 76929 
67858 19783 
72229 58261 
33332 36753 
82386 30749 
42590 44424 
48410 83491 
20161 84737 
68102 91018 
74891 30424 
88683 27649 
67258 45147 
88593 11411 
78973 47656 
76707 95403 
19477 83045 
15117 45672 
79014 39445 
23263 18975 
91210 86866 
989 81264 
99417 56393 
16016 88262 
30567 22593 
37350 83238 
67863 99731 
60304 53857 
79374 13263 
61106 29950 
3436 62097 
39466 97121 
13738 44229 
56022 47269 
87071 78616 
48222 86448 
74943 19536 
13016 72924 
36598 26178 
77618 63842 
25465 19831 
40640 7618 
33656 33816 
55062 30985 
89844 37167 
41791 34564 
74723 92054 
67955 28895 
65194 87125 
97644 14063 
43548 74130 
24435 30346 
11119 23617 
24844 84795 
27236 6983 
29763 89176 
53785 6772 
96951 28432 
23259 54893 
81840 15622 
63938 99299 
46171 79232 
9655 3659 
14403 71835 
93601 91711 
86383 85254 
75688 58213 
41385 6703 
81256 81802 
23472 52828 
35219 91567 
80976 74126 
60233 58775 
43993 30922 
70073 7957 
62893 3890 
30111 67395 
98174 17053 
75655 8115 
47371 19268 
75867 52576 
18278 91372 
6081 69515 
9399 20508 
44559 9784 
38337 10576 
41095 79524 
66710 78322 
14295 91644 
6278 18275 
22036 84321 
55042 6546 
15257 46145 
4451 53467 
29120 41485 
79185 8086 
87558 86839 
19576 63750 
97295 89145 
93339 13309 
85674 20414 
28129 54920 
92956 69579 
89279 55005 
64241 82035 
88179 33590 
98756 70148 
95862 49080 
4961 53851 
53687 24478 
78805 69471 
18383 75093 
69400 67052 
52296 68998 
21509 1706 
71294 75809 
87439 12863 
92612 36791 
82315 76860 
82803 19877 
16132 12874 
92003 6852 
73634 19991 
74879 96807 
28753 24093 
40925 99876 
74199 17203 
47154 38352 
18787 79114 
44798 68472 
55133 81331 
18269 85464 
28640 86781 
9434 76895 
44985 75196 
3150 44950 
37820 43760 
61053 26910 
81002 55324 
29754 4972 
70363 32383 
16877 11458 
18908 24026 
23780 3532 
6281 5177 
47347 2751 
98447 2720 
14882 69079 
6765 81459 
95951 6430 
86955 64391 
42877 77389 
87951 6380 
47697 38440 
48242 88077 
67480 93843 
2976 47828 
62241 6257 
9029 23279 
10077 95259 
17116 31564 
12679 1107 
20221 77171 
81050 90410 
85757 39986 
96033 32814 
35274 62517 
71169 83365 
69976 24915 
6434 63926 
52921 69176 
10572 48809 
49483 9790 
87020 24757 
96529 47085 
23837 13461 
17706 81669 
1571 15977 
27351 13616 
34682 62755 
68769 98412 
91893 30404 
13927 23195 
98786 16900 
11146 61453 
11959 50630 
4919 62073 
68257 45479 
67736 29548 
54836 4120 
77631 56136 
16269 14715 
47143 73877 
13405 82439 
59484 4662 
75372 86558 
95916 99907 
40893 56224 
44714 77883 
67997 13715 
66522 86400 
2230 42562 
53557 41281 
32667 99780 
60802 16953 
32247 6408 
6182 94476 
74441 18597 
33706 4465 
41732 2682 
8645 37617 
93088 12003 
67032 33922 
37366 90679 
73129 3158 
67527 10077 
47975 73887 
46537 77456 
19726 15916 
30 43052 
12220 32094 
63063 71805 
