68467 95919 
78074 94455 
54655 38755 
68614 56346
8105 90068
94711 4462
71032 4465
38734 40538
94429 94146
88721 97663
43097 419
48394 94021
37542 15384
50835 54541
72215 69570
14969 5345
30933 92786
41901 76436
79778 50106
34187 31784
55361 52648
35288 82758
82098 43681
28733 30810
45933 64612
6940 28378
23986 12518
18148 43173
19632 11156
26625 60318
80798 30759
76042 59255
85571 8411
28866 57913
63709 40468
65628 25307
85230 41188
67085 25551
87982 87661
69604 71235
34948 112
79471 32152
88998 38767
55389 66565
67929 33760
20088 16532
95808 2903
41731 36224
98036 53672
33745 2765
96979 10361
57710 92784
52631 55154
78125 94719
58498 22687
10135 66815
46729 41738
21717 43877
78496 74751
377 41966
95736 66207
71037 9602
88561 74196
56618 26442
89030 26068
5678 55979
36405 8661
72571 17502
71654 76365
24686 54373
9651 36154
68652 40613
6389 47722
32793 85853
85501 58988
16644 69919
13461 82506
20012 62606
16065 6651
93852 61653
10171 27011
13112 12507
84091 78008
57782 57132
97686 42527
2492 95956
88890 18232
57335 36979
67274 23223
72964 49141
47202 30845
21564 33218
23249 33696
91971 72872
18776 50259
91973 30871
44879 4105
33742 11108
91434 25218
89409 15706
34536 45769
42906 88332
85366 88526
31535 49774
24347 75114
66087 99910
61453 13442
41915 81377
38611 58878
4981 74579
43352 82152
16722 21106
34253 18436
69450 53196
88126 16696
40084 40588
66572 56176
34124 52892
65183 47734
64089 75588
52562 91766
27055 10783
28287 21565
94448 40102
29050 21255
3911 26355
90406 70763
47861 83085
27947 36855
86248 46689
36161 98839
72070 44446
15843 70326
67361 63651
31652 54311
44638 91967
70245 47829
14236 17185
16411 94579
91453 45769
89695 69165
19121 23871
87260 64983
90990 21978
60055 49263
79220 74858
8837 43453
55325 52228
24212 84827
8044 72339
10545 26127
3943 60633
27475 34026
6916 98693
54712 54332
71325 4888
35923 22118
50156 37445
85701 8323
14359 13117
49983 10895
62464 90171
94758 18159
10572 73130
60481 94847
92009 58506
60350 67125
63201 55709
19457 11928
7738 85380
48764 88071
54130 78584
22996 81827
74435 74633
84731 78075
10691 42720
28334 9609
84031 33143
26842 81805
77362 97572
52523 17654
46682 4616
7524 18985
8361 16940
24909 93749
70145 89165
22329 56349
22172 92066
90681 68246
80945 67830
78324 49473
83992 73613
87781 58167
65866 76185
36323 4876
7143 19168
44413 41149
37281 96147
6746 37782
89443 27914
