51659 36621 
54479 31488 
23589 78884 
73759 42513 
81536 36453 
17326 44108 
6915 36078 
32923 25890 
28763 3056 
55876 29388 
98593 21415 
96103 2834 
45270 43948 
15497 96816 
83370 36255 
12557 67752 
17335 17922 
76546 74286 
30708 46097 
46988 22823 
74834 71997 
16004 42799 
74632 89234 
40726 49687 
50388 84370 
90980 84306 
13999 94734 
43437 727 
35691 76279 
47613 11831 
92952 85155 
31355 91571 
7281 80658 
83894 76016 
46317 64361 
53059 1465 
19009 80473 
19906 67234 
19718 15855 
68817 13156 
83483 54636 
54016 57399 
99161 61991 
74499 48915 
89745 94382 
8520 50619 
9878 59489 
26082 84364 
29459 78000 
93264 36842 
69164 31613 
5774 46716 
28853 16816 
40764 67619 
3003 62420 
95743 29100 
8710 10305 
91314 98139 
61227 3468 
50505 77588 
19643 73239 
31638 64661 
90988 68369 
83945 32578 
24948 22747 
15558 91508 
53295 15582 
12032 31169 
28276 38186 
20234 46734 
92398 44835 
17197 2166 
68412 31714 
16457 90629 
92768 57569 
25429 10364 
28403 92446 
56535 86186 
83452 56783 
12078 31741 
31326 92100 
8277 65688 
74559 86698 
77398 66210 
19939 65005 
88594 72530 
35648 37590 
57833 19566 
42495 379 
75224 22448 
50785 66227 
64067 11264 
91982 9757 
116 53267 
10028 7263 
61858 89680 
71046 57457 
52964 57328 
22110 76002 
36665 61490 
79875 66987 
48425 15725 
58086 87919 
8081 66801 
49304 41275 
35534 78499 
60712 45319 
85102 56685 
66402 59610 
52818 59917 
79313 66537 
78226 54750 
64815 39193 
57646 42998 
14912 58058 
9424 9395 
77128 74181 
83314 12405 
85387 54963 
85970 68383 
71504 90123 
2383 59856 
45420 80073 
29172 32371 
19881 76668 
99795 31191 
20999 97196 
73998 69050 
69976 86445 
84276 9239 
43244 58859 
80627 94520 
18373 12997 
91535 51618 
91323 73927 
23936 53556 
6958 85674 
57788 27613 
79221 45477 
51938 55387 
89961 44352 
67117 23282 
46125 54351 
29185 46651 
43881 81900 
1172 8911 
35202 88743 
6157 28143 
17550 67250 
44747 87973 
70515 45242 
80643 47022 
44604 86995 
25730 71731 
66870 51693 
42146 21092 
65636 68376 
92954 48617 
32334 87294 
15310 76816 
32277 71578 
60459 42537 
48203 298 
43392 7696 
90491 64189 
71683 79241 
36188 48726 
77799 84662 
65340 15754 
62091 4885 
47573 14463 
64698 75109 
94484 75284 
23774 25955 
34121 66157 
44720 52224 
82678 19616 
514 64656 
85491 71274 
6773 1238 
74550 85533 
66841 48945 
42926 82741 
61972 54257 
67896 23508 
69599 81313 
23988 50524 
28714 10302 
14792 35981 
35531 55486 
18096 33573 
44908 22191 
82751 88058 
73402 15167 
37639 12495 
48369 56928 
73230 3511 
24178 73966 
34423 28356 
91406 61215 
19716 83981 
37768 40662 
16228 98012 
80603 88743 
12687 14274 
79855 18930 
23229 81338 
57823 70894 
23689 41635 
97321 75677 
49053 764 
63444 37498 
25815 41890 
95799 97136 
16240 38508 
47839 19288 
32838 10356 
7841 76838 
40868 61879 
22126 88691 
4266 40403 
55247 4630 
46107 52066 
64194 20594 
88592 77551 
34042 50852 
9475 36780 
21022 79725 
1996 62015 
75647 64835 
53557 52156 
73316 66300 
64769 97558 
62728 31851 
14946 84297 
53464 76560 
42721 9576 
3268 57654 
51192 65857 
32839 59856 
65846 80273 
91351 74759 
70492 28044 
19457 78903 
21501 73844 
8198 89592 
93927 33450 
32010 4865 
44370 89539 
41951 14664 
84970 40071 
41284 3894 
50474 5507 
29732 54891 
6068 71947 
94988 96776 
87504 1308 
50491 42218 
87033 96770 
66997 98318 
98725 71979 
22151 37680 
15030 35884 
97035 68113 
22728 71560 
81582 45041 
80917 57051 
11805 29336 
76299 48950 
50895 5147 
41700 25379 
43594 37200 
92661 63996 
18600 65149 
83875 12792 
87349 3719 
12355 96708 
89120 41716 
97430 91459 
62262 10413 
49040 87484 
79189 22394 
95243 61539 
68865 65608 
77456 71231 
64650 74247 
37685 88654 
57652 87947 
15833 93289 
6159 53918 
47152 51482 
50247 22788 
5 20034 
7322 38254 
22322 24846 
79140 23093 
71491 82052 
83773 19630 
86882 48699 
36988 51475 
26818 12789 
46714 35128 
32510 58398 
51515 85034 
342 70543 
29426 23688 
40852 76653 
27021 29619 
77840 56712 
10272 30389 
94293 92539 
18507 75162 
63130 68176 
10711 2003 
10253 77970 
29448 48725 
45000 46706 
71823 42941 
58799 17017 
49212 46897 
36688 13294 
37882 25760 
48324 48470 
71158 54186 
85207 285 
476 75351 
89073 47021 
57409 79038 
72754 19217 
81698 70953 
69262 93474 
41338 64136 
57487 27246 
59922 35142 
3573 9362 
83761 52614 
25930 80052 
66671 3929 
38781 56365 
23872 16816 
54262 84120 
8116 97101 
26287 25924 
90916 81264 
779 86277 
89689 32962 
96306 69428 
67635 96453 
76766 63385 
47355 56600 
93502 44383 
21488 45125 
68065 81 
14043 75827 
58807 76942 
44670 87662 
4603 67441 
74747 23934 
67212 66185 
68939 78236 
130 40479 
88837 93399 
56279 80551 
46267 8357 
9451 17354 
83062 9683 
5159 21796 
11342 59461 
75411 28186 
43791 39268 
48856 56888 
66919 71179 
62895 46366 
61987 51071 
37529 43211 
58045 56924 
2108 40256 
9438 75365 
75573 97477 
26180 23441 
88414 28167 
49762 29364 
272 83738 
59214 75961 
10978 24496 
12700 3604 
84760 20887 
78409 15590 
7498 89938 
85208 28261 
75078 35036 
28276 60591 
67279 23633 
97871 63545 
96084 7164 
60403 48180 
29914 60158 
10150 83317 
85981 91429 
27249 98496 
51852 59254 
22979 46064 
44230 4524 
26924 47365 
38102 1168 
72227 72374 
2612 11481 
64962 79522 
61345 25512 
81541 73051 
54216 58306 
24114 18906 
15726 76519 
78089 97011 
90 26834 
58166 57693 
77575 42596 
99710 93107 
98361 12201 
50804 30691 
70349 3063 
46997 5005 
25551 48318 
5539 66742 
56031 19962 
58816 43274 
84882 31739 
57709 73777 
268 37832 
14797 3812 
21321 19319 
24574 39156 
83520 79340 
93287 26766 
28138 44 
34517 51942 
55467 49663 
38301 15065 
54732 66424 
1367 78740 
54954 87498 
13974 56729 
50512 35855 
34867 49754 
42733 25605 
50043 20080 
4569 97316 
3287 36691 
19272 48772 
6855 16001 
65935 83812 
89219 29158 
24894 62079 
13440 46384 
54170 95948 
4544 41193 
44510 7370 
57140 82904 
95053 27010 
55614 4572 
64214 90810 
28334 45262 
41155 64977 
74641 30525 
52007 9428 
48756 73040 
62026 71813 
58324 46511 
59913 89525 
36928 10306 
13805 65465 
79723 39686 
69752 74846 
89231 47107 
22978 54938 
64394 63711 
29839 27412 
80112 86996 
44078 3842 
46810 90533 
54872 28880 
9965 34731 
76081 22805 
48072 13783 
86275 95353 
54180 23285 
47263 16140 
40929 35437 
35263 43501 
91893 24313 
3284 33153 
93132 92371 
55891 70910 
17940 11206 
58275 99492 
5125 4456 
20359 38524 
66537 68889 
93676 28916 
83090 50835 
93832 68091 
206 69488 
14601 40888 
13375 6019 
31042 92496 
42448 58012 
98499 34370 
29302 92443 
41946 21869 
57695 17198 
95868 93213 
86385 31128 
98692 13359 
7044 5643 
67793 23545 
86964 97081 
81163 57476 
33299 88387 
70069 48532 
20280 11080 
83379 18869 
53830 4060 
18686 10904 
8993 24482 
27997 94456 
64761 37760 
96421 58656 
78181 78696 
61197 76782 
85018 93784 
85326 14281 
87804 45962 
25206 35490 
93732 87360 
34862 52963 
94681 83072 
30734 54815 
39530 99520 
447 40091 
34975 54681 
76582 89977 
25221 64260 
12194 3495 
43204 7843 
88688 30361 
96394 82112 
58585 40805 
48805 4415 
75884 82393 
87443 79287 
94868 87305 
16255 42966 
24618 9977 
3535 56516 
10926 94688 
19764 26843 
79915 95407 
42044 96741 
18398 96090 
68568 60013 
84842 8632 
81949 25785 
41800 57805 
23824 77350 
75736 97763 
94731 45149 
23430 43069 
73132 40982 
55470 38726 
55273 81076 
76813 38291 
53693 59351 
92018 6932 
56281 19020 
48445 17145 
40123 10628 
14580 58874 
54745 17665 
72622 42887 
37935 77120 
4544 36526 
3947 21625 
29097 34316 
48711 22304 
3536 32449 
49550 16983 
38348 45742 
97974 67145 
85842 78479 
93254 98788 
54206 36368 
41773 47318 
67444 45901 
52567 44667 
38630 29481 
93003 57993 
48964 69993 
70183 13691 
28375 86819 
33480 17810 
14750 36832 
51494 14622 
28325 48537 
2767 8693 
35403 95252 
33748 12702 
91263 14135 
79791 73139 
45978 81845 
15371 69106 
68836 64753 
98249 75629 
97153 71897 
98964 32212 
43485 52218 
61826 59790 
1610 94149 
26495 24825 
76097 5241 
50243 57961 
22907 72270 
10202 96489 
29163 28144 
32137 34795 
79104 80940 
87719 35045 
50185 92517 
25814 71546 
58399 29425 
54941 56549 
25113 47185 
73861 22670 
69057 10541 
55149 17721 
36579 96894 
22654 1390 
70882 77899 
27902 20041 
86673 25080 
22773 75865 
60504 39309 
46224 99642 
69060 61143 
91327 82599 
7750 79256 
95582 22149 
170 17584 
2227 88734 
65359 48309 
73196 26586 
44250 47423 
95400 59865 
99303 82388 
11171 87509 
92032 97274 
20981 15020 
11997 39749 
51990 89499 
77789 56468 
59473 75448 
55643 68593 
29863 33145 
44538 27626 
83922 38849 
57981 43191 
36464 16684 
92160 69052 
55091 35691 
7724 31406 
74559 62409 
68206 84360 
65676 49251 
71920 81514 
28053 82008 
86146 59707 
74555 6034 
42531 41204 
1958 99955 
80829 74037 
97111 68185 
34474 46654 
10809 79121 
35933 32713 
42617 84562 
82406 44574 
19038 17712 
43143 99940 
14727 82089 
8503 35102 
61825 11699 
77854 30359 
16066 4049 
58514 48448 
99933 1879 
1140 25209 
22944 26939 
28346 93174 
87057 49691 
22770 63454 
21212 12537 
28446 39002 
53192 10943 
85024 83243 
19271 76827 
58252 22041 
32532 1590 
52093 14123 
79251 82411 
87968 85320 
89436 74696 
14803 85370 
32374 86055 
69943 92526 
20947 52720 
45453 60851 
69525 98010 
26905 77826 
39405 84283 
62521 75782 
23029 34744 
89325 19671 
63658 19532 
89999 75805 
80674 71735 
79172 51478 
72388 23260 
21139 83736 
97970 27954 
62331 47064 
98066 69920 
21350 44416 
99679 38685 
16939 43737 
65057 89663 
30045 23018 
86623 98327 
89914 90933 
384 59555 
46173 57228 
88788 79805 
38940 37284 
70676 59102 
7216 88676 
30736 62245 
82172 94010 
23801 34230 
96418 24011 
345 23547 
2925 37524 
38714 38862 
38008 1016 
36893 79496 
81620 39152 
12032 48222 
65179 60143 
79497 76051 
52246 34836 
34842 63024 
70599 46868 
41926 66461 
5601 72737 
38269 48670 
74207 95255 
4803 29836 
86591 1604 
11319 78604 
68068 68111 
41212 12821 
57835 87821 
19506 75969 
23054 54139 
16724 1014 
26855 74004 
77777 72699 
67108 47466 
29862 51769 
59111 17057 
56268 30182 
69864 59933 
84011 45016 
24148 68559 
22384 90658 
93390 41561 
6803 33750 
47120 85389 
47729 53460 
93806 9554 
57978 828 
62953 83464 
33410 95265 
83565 11252 
91748 53703 
95426 72502 
32213 78485 
89139 71412 
64671 13754 
8415 34670 
71178 16935 
63897 99214 
5058 81832 
1583 35044 
3092 92928 
40925 55382 
84921 86684 
47775 76737 
40403 44929 
35554 4801 
60490 47880 
94383 38612 
50077 69916 
32383 5044 
72295 9887 
75947 58453 
12925 9584 
16524 6165 
20848 28933 
10259 49500 
75890 14527 
33878 62187 
58932 19309 
75232 63219 
50836 5557 
90176 79642 
66509 90725 
88810 36220 
38337 76283 
23558 53580 
99272 33397 
39170 84195 
79990 6090 
10470 66413 
26849 32468 
37488 30780 
67765 77678 
89622 50010 
1675 18434 
90542 84220 
63907 18279 
13795 36415 
24558 85194 
15405 99736 
9911 8707 
64240 47582 
97933 32385 
43503 90487 
28072 29374 
87457 99529 
82847 13615 
86297 75003 
44145 37418 
39102 21284 
666 97270 
59860 73996 
84616 94081 
44800 14031 
45540 71496 
90615 94434 
27100 86476 
12619 827 
98619 50040 
49491 63761 
7395 12888 
56978 42307 
60063 60545 
86772 2167 
11691 25745 
18755 18738 
39838 21979 
64903 45789 
7459 51404 
91355 3835 
73323 42816 
11514 58735 
91532 30887 
87507 80724 
52747 96615 
39932 96824 
58902 50714 
6556 75432 
90469 56637 
9445 10938 
20734 57970 
87018 8309 
55108 96148 
22583 2856 
25121 78746 
54154 88766 
46557 86037 
81684 71492 
59101 84098 
97340 3721 
876 46398 
52009 12395 
35443 72661 
36995 75136 
41097 33708 
3668 58430 
92716 64058 
65828 87057 
14944 70260 
29633 74510 
62165 22252 
74173 7515 
85491 47464 
62092 44278 
79910 52973 
94182 55712 
65774 59685 
34413 11636 
47967 44363 
22634 89859 
13365 50232 
60993 64994 
72634 44982 
7127 16068 
25930 76167 
32239 77149 
33726 98319 
5428 43684 
3788 23546 
46969 38670 
63210 77930 
52730 37453 
70484 29753 
29479 47694 
36716 92377 
96601 41908 
67386 94563 
3550 44003 
6480 54070 
84367 78368 
63333 86564 
20664 297 
29200 31188 
12724 39952 
45342 76596 
64691 8532 
67343 26790 
74317 34971 
81389 54833 
80309 24228 
67412 54279 
61068 54119 
71289 13157 
97428 56635 
43683 3348 
9012 61835 
26671 99460 
48882 17637 
20934 15547 
94413 37228 
46094 75519 
3655 67301 
14686 13624 
15915 14969 
76282 35080 
62905 18952 
52454 53766 
22505 1518 
75532 63795 
91054 91659 
64550 94891 
72045 67104 
20278 47651 
79205 23045 
97924 4122 
30146 38818 
20850 61531 
63160 80276 
31586 42598 
44142 45242 
37429 94550 
43295 32163 
97104 747 
51933 87979 
12223 93809 
78568 70222 
32707 77171 
10468 40480 
58870 33195 
51910 91625 
24499 20282 
53627 99578 
75097 38881 
29284 81898 
13309 76827 
14261 40086 
69638 28170 
59664 60282 
70682 16447 
70176 47882 
19430 43300 
88207 75631 
72542 26405 
98809 31851 
98110 86880 
79870 65746 
24016 95631 
50366 40080 
41816 90578 
75765 18036 
13974 32215 
74188 30704 
43321 73709 
29482 94385 
2756 83499 
58119 72780 
90503 73360 
95680 8140 
71643 52900 
65623 77592 
90179 52701 
68185 66079 
87552 32609 
80434 85771 
43303 19108 
89879 13276 
61500 96310 
93496 60623 
62567 8754 
81631 43743 
4333 21048 
91960 63053 
48389 19302 
62548 64737 
8244 32401 
34999 8480 
64338 97331 
58805 27624 
7592 92086 
26219 31129 
77984 12160 
23319 63202 
97546 72144 
17417 6097 
58202 72683 
13539 84351 
14052 84842 
3463 4570 
44945 68873 
99606 43924 
3663 62444 
93063 82602 
32498 44593 
164 60756 
36726 5966 
65175 28831 
32230 33350 
68074 51683 
42449 47087 
45845 21523 
5862 13633 
73304 32466 
69373 92336 
65212 70350 
85261 65485 
55257 75507 
99746 43695 
79479 43266 
19783 34934 
41808 37251 
71334 14776 
67582 3903 
17174 37938 
57307 93158 
85172 86694 
37342 9849 
69051 60477 
66825 43145 
2771 72783 
868 47223 
76968 36431 
28893 75380 
61304 86305 
3959 1912 
20097 9896 
54020 1327 
60283 30273 
19292 92890 
30529 13559 
91234 99921 
98239 53547 
38142 17983 
67216 19796 
89930 33775 
62926 42339 
20417 87485 
4562 46115 
9276 25309 
3559 41255 
87760 46018 
76693 21590 
72456 5677 
38613 23033 
69491 8010 
43402 45937 
88005 74406 
77679 51111 
36154 57203 
68807 97850 
85506 32614 
60914 4154 
80431 85567 
28718 74265 
37912 77717 
44585 56700 
30192 72017 
87737 67169 
67767 72504 
86235 35056 
3449 26316 
12112 9613 
59581 26472 
7969 92573 
39966 48570 
9348 47551 
25628 52318 
41400 73473 
69316 79685 
10603 19164 
97436 85470 
82746 59326 
123 43199 
36876 48300 
40233 79554 
11615 17357 
40272 3857 
15006 83669 
12613 15689 
51972 94698 
82848 93336 
34500 40438 
18686 88485 
78827 27734 
17569 78509 
61198 25871 
24986 56662 
99141 60686 
52478 72630 
48802 55635 
39388 71159 
60472 92570 
55661 14836 
14276 92443 
74321 18622 
65882 96670 
51759 68354 
68128 63647 
41517 43184 
98612 81664 
33031 12818 
15608 39439 
50584 34403 
85043 88557 
69747 31056 
69822 78286 
8652 94261 
49465 42542 
29661 15772 
42773 71260 
43374 21118 
39163 3943 
41346 46490 
5369 41885 
96531 73494 
23329 87379 
61141 12160 
32386 83143 
60514 1597 
94341 43283 
28489 79812 
73419 38297 
54957 59457 
24887 20929 
19419 34660 
15827 57152 
65767 35588 
59490 57088 
32954 42031 
30699 84400 
93839 65036 
43911 59477 
70191 6515 
17844 61700 
85703 10733 
20983 79125 
90832 28739 
90825 50118 
43378 27028 
46355 90799 
56934 85132 
68061 4577 
35701 43297 
2692 25642 
98624 81096 
60996 56960 
58388 30511 
15833 25143 
61576 52956 
75368 89494 
15097 38671 
1416 10605 
20983 19088 
66583 5074 
16763 17977 
95500 87225 
71813 5612 
15207 26147 
21464 61643 
47695 26951 
30101 97046 
13608 78817 
62083 33233 
80307 99239 
5055 87303 
79742 43794 
34042 66423 
42026 43857 
26727 31433 
39114 80840 
40359 50063 
9663 4884 
39026 23484 
40926 58347 
16304 36447 
16458 70024 
92835 50895 
99422 44688 
80920 35664 
10473 84406 
98996 790 
76456 42982 
87663 83938 
71583 32976 
25930 18580 
46285 75916 
71442 98836 
40581 10655 
51657 44246 
8619 52261 
14316 59236 
38919 24377 
4988 76719 
40926 71722 
77113 72951 
82591 96161 
55638 41722 
6027 49772 
69239 19893 
18680 61361 
38048 63477 
55974 69094 
53945 83674 
38084 81219 
18662 65673 
98247 89289 
11312 9531 
42936 13880 
41435 52067 
15279 71475 
6223 51461 
72230 12996 
11341 42133 
53315 99435 
33589 96471 
14173 48065 
629 62127 
21635 3936 
38092 78816 
58781 65650 
87617 16977 
68148 21876 
30708 22126 
69227 35607 
62770 93371 
22375 46881 
49289 72315 
75463 51470 
61838 69451 
21839 53019 
35444 9153 
18626 79145 
10813 31494 
62870 98244 
25017 49398 
99754 73021 
92478 22966 
41851 39231 
74399 79380 
11311 3681 
69309 76355 
77911 14227 
69954 79922 
55055 66315 
22495 3156 
33092 75574 
92831 31495 
74751 64004 
91842 42415 
70988 78532 
36405 12488 
57250 84995 
26331 93206 
19892 58051 
98635 28498 
80451 18126 
80093 81448 
31453 50125 
96597 35519 
11657 75528 
13557 36439 
50860 39375 
75449 44921 
84847 16745 
84558 77511 
39577 39502 
9111 23121 
10371 93425 
39149 36178 
16635 38244 
14908 23817 
95594 58710 
36894 64190 
9500 63483 
29457 15699 
79995 10468 
70411 2863 
30535 52142 
18046 93506 
13244 62514 
63913 14096 
20067 28512 
14792 85337 
29766 62954 
60540 98442 
22083 23648 
15823 94093 
98314 3794 
33217 50646 
83557 92479 
72769 35952 
50065 90957 
78830 28024 
93436 10265 
58806 63755 
13746 68850 
80468 32088 
2300 55053 
4539 88209 
11323 18608 
47510 28795 
88697 7760 
25981 34784 
92754 74181 
68305 57814 
63192 26534 
91886 99200 
13319 25379 
35235 6208 
26122 77026 
2717 89399 
82067 2032 
26898 46918 
20091 25219 
78503 66888 
34860 58398 
57208 67430 
43212 24453 
77856 25334 
10561 1963 
26143 39036 
14111 53284 
95412 69326 
33863 35771 
31945 2058 
4707 85820 
9958 81172 
33278 8427 
29498 67441 
81800 1180 
80523 88629 
47816 90916 
44685 60100 
23455 63701 
12676 71462 
839 24369 
79461 54408 
1219 30551 
42330 69717 
44641 7926 
67432 77225 
44183 68382 
9277 81596 
4245 20837 
64685 78846 
25897 85657 
17756 63831 
73941 97931 
85647 97274 
40157 12302 
6301 72446 
45077 2610 
18738 66191 
56689 83321 
74130 6796 
68634 66490 
81575 42037 
72728 8004 
36364 44773 
81072 89846 
501 50567 
1523 31389 
5309 82072 
46990 21989 
24210 78299 
63775 19601 
20099 13404 
97103 65732 
6208 59218 
73028 25709 
71940 18553 
65046 75059 
15911 32151 
31030 17762 
97237 41163 
51541 40169 
63121 69192 
74066 75615 
35863 73143 
69416 79010 
45649 561 
36304 88210 
76831 82585 
48015 79457 
54859 86307 
21143 7939 
38652 48088 
497 61276 
98895 10220 
96596 43736 
56618 87374 
82555 52002 
28352 96371 
55719 99535 
74302 93084 
96056 95884 
74158 73645 
8096 89733 
61524 13651 
16130 40037 
32444 38672 
93405 88312 
6052 42140 
45215 66929 
56149 92550 
33076 93236 
51310 944 
22578 67363 
38139 51733 
61051 12792 
77349 35218 
42825 73073 
95601 58491 
99675 5490 
47354 52962 
61921 93097 
90479 41331 
71721 30179 
66952 74625 
94227 23050 
45716 760 
64573 88021 
28580 80126 
29078 21445 
42070 20788 
87570 62942 
38185 66186 
20409 72202 
5265 31562 
88554 92235 
46522 51864 
27960 77485 
18248 73517 
20597 23918 
32314 95170 
13550 50011 
18317 38443 
74963 42522 
9534 8677 
20966 98964 
63879 87843 
21296 69925 
56085 86987 
92956 28664 
80617 73996 
21052 72883 
86135 83969 
3859 94119 
21810 14087 
5202 33899 
13382 2649 
11384 82621 
2601 92824 
32212 67068 
77499 85640 
56041 15503 
92949 93910 
67318 85537 
31044 19003 
61763 89211 
79054 85772 
49108 52231 
9084 87446 
16213 99835 
27999 11933 
34439 70464 
28809 43718 
34300 20228 
15403 61424 
37689 96104 
91399 80128 
33428 23862 
818 19615 
5367 77908 
83407 15046 
73975 74558 
60660 24868 
92101 57681 
99921 32301 
43537 26234 
13431 81395 
29011 86896 
36788 36349 
88435 1810 
96995 3719 
485 41419 
24137 11114 
21020 45404 
82679 93110 
70382 40967 
98496 95385 
56270 66974 
35959 71420 
23664 4961 
35743 12667 
56213 23531 
58506 22666 
14482 1393 
92180 18367 
85682 6079 
71341 17796 
36728 70363 
25972 52210 
7921 26408 
23889 22984 
58074 28922 
96243 8783 
73552 22885 
38669 16884 
83501 88850 
62067 64085 
81428 29400 
26412 67206 
39351 44037 
28641 20983 
14882 76575 
31351 42019 
93902 9075 
12897 61457 
81888 19407 
91470 56169 
55493 15727 
25813 18533 
12645 10471 
23455 78196 
14202 98901 
93708 5791 
93116 62825 
67129 48148 
18112 28774 
65756 67332 
38013 71763 
49133 81686 
160 70700 
80020 36108 
31767 89545 
50613 60856 
96595 79558 
85239 13495 
90982 72258 
88683 36931 
23062 60161 
40660 8001 
26900 42945 
46436 95716 
99325 50378 
41161 96005 
11385 40135 
11251 60690 
38642 8617 
39942 92414 
74942 45919 
6181 34399 
42809 12285 
66046 44127 
90296 12725 
24175 3464 
68897 98893 
58977 84196 
20033 32904 
99909 57624 
58680 6432 
67679 9587 
31828 20302 
78974 98178 
46792 94659 
86137 70409 
9771 97931 
69216 36229 
88603 53943 
22883 83523 
15313 10893 
83964 6130 
73857 33306 
26647 8409 
76339 8695 
11929 44498 
17063 44294 
15441 48191 
7886 66097 
73533 10212 
40673 22336 
81328 63693 
93030 36630 
48440 45766 
92049 52208 
68150 13447 
77444 57928 
84043 5384 
60247 89267 
44473 57507 
56155 53011 
19686 277 
83624 33072 
19023 87990 
56008 96668 
86376 36430 
64285 35056 
70869 74221 
42352 41064 
66761 45322 
30391 46865 
91629 35370 
3472 19737 
25125 32962 
12342 41032 
61955 78476 
91273 74094 
42181 97628 
23843 60599 
9571 64760 
21738 71579 
14419 91706 
63880 79351 
21123 92086 
63672 9628 
2775 28020 
80611 79285 
5110 6501 
69249 24565 
40393 56040 
63201 76964 
28162 80712 
24879 49577 
34231 58353 
52596 55402 
71927 22406 
25907 90907 
20299 42808 
87280 83099 
82839 303 
3664 16408 
57271 30697 
24996 26895 
12024 828 
58384 75594 
68254 66393 
6485 90260 
67619 53298 
76497 95336 
65473 98803 
52222 33676 
26765 86504 
35825 20338 
17633 10060 
8190 58743 
79533 4596 
27188 92532 
44733 91819 
81703 62652 
2066 95149 
45937 88540 
50096 94559 
33276 94667 
81180 7294 
31930 59338 
24367 285 
15586 71259 
37713 62832 
61472 41266 
81267 94002 
75520 31519 
20869 88184 
19725 32515 
9850 34386 
60325 39516 
70831 80106 
7105 54248 
53039 48997 
93888 65213 
71909 43024 
58200 40486 
47202 4473 
14153 599 
43486 60908 
76691 25891 
82533 27052 
87696 92673 
41031 91564 
14822 25610 
69010 73848 
42461 99920 
64436 96226 
50922 26297 
17688 80245 
84688 3921 
95958 42354 
43492 32467 
72095 33818 
91047 32733 
15014 42525 
65375 37315 
49500 50160 
91980 77689 
62109 17297 
46536 12153 
76814 51012 
87278 10247 
49156 94949 
78943 33590 
30892 70084 
59911 30539 
38449 85985 
62090 92602 
18004 36961 
79120 4257 
37570 95281 
92663 54642 
52232 14476 
8782 69508 
82475 59791 
26868 64912 
17572 89952 
62080 20297 
6045 24670 
68936 17954 
23491 45696 
68477 98259 
14349 95733 
64326 35693 
88720 59138 
44020 49297 
17900 31124 
1130 23074 
13037 8005 
80984 26753 
90162 60093 
48212 95432 
21812 80921 
97874 47766 
50572 41769 
83580 96739 
93075 18824 
15804 34439 
94349 1816 
91515 52867 
1881 37594 
52254 96483 
16351 9875 
31977 29008 
41725 7268 
48248 36950 
1241 85665 
10792 85386 
7781 88257 
69937 87713 
77245 46647 
4147 50416 
51737 49933 
50629 6328 
55748 35141 
15900 55430 
42972 21991 
64258 90924 
4000 87776 
71224 137 
95859 53964 
46338 94751 
23203 35175 
75105 42923 
47952 83299 
3380 47037 
29244 44764 
89203 35171 
98826 37371 
76821 11787 
58326 44584 
5592 43709 
44328 19820 
52462 41176 
44785 91013 
20901 30543 
66011 56628 
31435 5157 
43339 68283 
39361 84012 
60524 2294 
3717 3946 
93045 32672 
58290 20509 
18700 31525 
90202 95014 
45224 39280 
14512 903 
89138 66810 
44355 91219 
2631 14261 
95239 30798 
86016 17292 
29452 11740 
42114 60421 
41927 38791 
25928 29306 
12429 92435 
18053 9051 
626 51845 
3482 73987 
40356 87261 
68828 55907 
97332 11927 
40451 22339 
90554 17426 
73580 44214 
41862 3061 
68224 83147 
10352 49868 
31548 82581 
88765 82918 
28332 4127 
87533 11750 
61231 10740 
8789 38104 
813 61711 
17454 72565 
41639 50970 
49416 7266 
95179 89844 
57866 50539 
42919 8119 
87978 41175 
63753 23200 
87463 24925 
18598 6103 
5877 93915 
22141 55190 
9148 60869 
56724 73781 
37414 64322 
86605 36172 
64061 78464 
12161 18087 
71763 31817 
63100 62228 
47362 22639 
67313 47316 
11572 55765 
47749 29934 
41797 15532 
93533 32455 
16743 32514 
23507 57476 
10059 97971 
10495 19446 
86882 29238 
62796 97528 
11962 91720 
65774 30274 
60946 38737 
70862 92276 
37434 39122 
81927 15770 
37592 24337 
29632 45974 
71362 1777 
43314 48021 
44765 49012 
26828 15424 
31286 24910 
19948 65274 
12011 7896 
80106 43782 
43972 99048 
50616 7229 
24055 8295 
90989 88062 
51871 75665 
32561 3606 
59149 66371 
88356 15738 
65485 18428 
89974 3887 
40709 14610 
46252 70842 
2649 96684 
18559 61111 
55748 39240 
85784 34937 
80754 52830 
28458 7619 
18639 91714 
95881 33356 
52917 208 
32777 85644 
83701 43424 
32660 62105 
4121 33165 
53994 20622 
35141 77767 
82183 35820 
48335 55913 
45506 50137 
7861 38715 
96372 82161 
92636 61844 
50588 46367 
17646 80025 
36823 33040 
59342 19919 
46027 94937 
4247 84228 
86321 88071 
82174 49794 
42688 18070 
15875 45544 
12787 50634 
17464 92308 
40298 54909 
88630 35861 
95448 61944 
36428 6984 
58688 36929 
99366 97907 
47983 83517 
89509 53169 
92780 21303 
95520 34780 
98410 3412 
58812 36476 
63574 70127 
30411 89954 
10488 66662 
39656 27145 
62400 88391 
57537 36911 
56389 55261 
17236 81983 
10709 58591 
62369 22541 
75422 68116 
29436 26507 
82657 34862 
35176 33450 
78548 76340 
31785 78948 
62759 84533 
13378 79307 
83480 54290 
5597 22737 
35868 89991 
46960 12391 
90121 11728 
75281 59136 
31757 48743 
65451 27456 
31093 77508 
25867 96629 
71554 34569 
49987 11070 
57152 10168 
36739 58743 
88314 7654 
38972 34561 
42229 35826 
72605 16907 
18972 86597 
20863 9718 
17870 38768 
97714 80021 
89965 20172 
92572 51375 
71847 55114 
4338 97354 
43775 21752 
87031 16038 
70699 44966 
71534 56417 
78657 54268 
98403 10667 
90974 43407 
95198 82461 
98828 78610 
58486 90792 
68922 15764 
55432 71226 
97377 3342 
42799 92064 
3437 67515 
12240 11592 
19156 98644 
9885 64410 
71973 84224 
45559 79768 
75927 62348 
2331 2918 
44231 1909 
80657 11661 
11029 50981 
63040 94602 
3374 33228 
64896 85067 
35826 13684 
45247 25179 
9523 99862 
86887 68324 
85200 91923 
19815 15003 
65319 46510 
54050 17060 
64368 72851 
8311 78295 
68303 36862 
69598 25695 
84269 9244 
95395 24817 
59887 56951 
74947 65312 
7809 43876 
99021 48115 
5673 76287 
48584 64566 
54201 1241 
1968 69489 
66902 42134 
77407 15247 
33702 34500 
73231 31818 
47777 7351 
41533 9153 
9975 40556 
32774 62386 
28439 17172 
78620 37904 
12370 81133 
38155 48852 
18369 5311 
18694 12349 
45377 72764 
96564 97495 
89956 74801 
5506 83194 
67515 33571 
30759 67890 
77029 63938 
45437 69499 
36934 99725 
52440 3137 
48084 22733 
49964 26685 
45978 49487 
21556 99803 
89009 50259 
62699 10687 
91993 97704 
95086 86698 
55040 68280 
87021 19898 
56630 48676 
93778 6646 
76731 31561 
55320 21542 
90926 20252 
40394 20372 
29700 241 
5857 94117 
28407 77077 
47947 76663 
2915 24664 
58273 42553 
73496 35857 
61473 17925 
25291 18057 
3738 67716 
37488 30551 
81832 15302 
35355 17452 
50785 96910 
19347 50361 
25061 52468 
3746 58228 
92822 7004 
53611 88432 
95802 2255 
43332 12681 
88344 96848 
72643 64136 
78311 65250 
66679 67999 
69870 90582 
55527 6839 
73564 64501 
75671 44042 
22602 78521 
60843 14037 
35984 15469 
93017 76311 
98841 27218 
65605 21756 
88294 15378 
70435 14497 
59163 15376 
57625 50107 
18022 21091 
33260 12013 
56376 77233 
53563 11877 
84160 9661 
46259 6876 
3269 60058 
39936 97061 
87514 40692 
10394 19350 
90177 27415 
59348 71214 
83234 64657 
25331 16740 
43369 64818 
89201 50524 
39058 46309 
77431 20706 
40275 69431 
85163 41478 
67791 97323 
38006 57516 
22582 30442 
86654 58043 
87504 37316 
81601 76615 
73187 31767 
6616 54216 
88010 27387 
59066 87889 
48054 33700 
52825 34863 
7095 45304 
85181 93044 
78966 15183 
53030 32720 
45051 96497 
25615 11461 
88199 83301 
81159 64461 
70997 79986 
92960 25936 
81138 81676 
6881 3702 
99533 53381 
86624 98685 
7834 54372 
15776 33860 
41217 66113 
36350 33017 
9538 46969 
72380 68729 
55400 55015 
34106 81049 
91207 51446 
23377 53692 
58918 21407 
64139 22873 
86024 26503 
63196 85430 
69175 33821 
65937 67541 
2911 49974 
9285 13044 
85114 25509 
89878 51292 
73093 84960 
59320 8464 
34608 80871 
30320 33370 
36691 66342 
27627 19051 
41769 29944 
45913 14869 
35382 39287 
83068 40258 
92712 95104 
1883 30953 
2141 6413 
35664 71272 
3271 59099 
94060 91879 
64061 65243 
44226 41503 
17192 48573 
39424 73176 
99294 42581 
42249 20821 
88315 52218 
42914 80414 
14112 57466 
4338 51429 
25264 17688 
75293 38908 
31100 69337 
438 64266 
2158 96417 
21804 83788 
4512 93043 
10126 67828 
63861 30492 
86415 50792 
3792 87356 
94233 22294 
79280 705 
61386 93204 
31287 48607 
46063 36859 
21237 79941 
96955 75295 
65152 66100 
69471 53145 
76424 61028 
30879 17691 
43477 20944 
56074 2608 
13955 53206 
62622 95026 
30654 34932 
58848 50804 
66036 66331 
81938 11302 
31975 1120 
84390 66420 
99267 26988 
86617 3317 
47512 52746 
51094 77965 
80088 95623 
49172 47581 
81265 52116 
85531 5990 
62889 78850 
17214 71077 
46609 6118 
54273 83759 
54296 56073 
57298 91295 
34052 39987 
53440 4227 
32157 64561 
76992 35899 
32318 85970 
3238 56247 
22728 12113 
84942 17431 
18775 68532 
19746 37877 
64590 11463 
73699 63447 
60216 92743 
61220 59681 
12803 55557 
35070 27459 
90019 67481 
71183 75919 
61821 77845 
42760 31097 
52690 20099 
65559 6522 
90675 66735 
62073 12859 
31814 84196 
36132 37719 
58943 28337 
71429 83852 
2428 67125 
67572 14238 
7022 16649 
5482 15916 
73822 28891 
90319 60951 
39225 75322 
54574 12514 
13804 29063 
16569 96855 
93204 60139 
80328 37781 
70418 23362 
31644 29292 
24231 36360 
32109 4131 
32156 16546 
38003 41281 
57834 70063 
74145 43795 
92662 3241 
74156 9871 
89327 57627 
58063 14702 
10952 53363 
55763 18390 
33724 62497 
605 16078 
83161 23758 
11163 50490 
54575 53372 
51293 14155 
66842 2723 
8611 78877 
25226 62950 
59805 3390 
23817 19020 
97490 86612 
1022 11388 
77834 53579 
72612 72049 
10752 83877 
5970 63592 
55186 18250 
66476 64809 
869 8106 
62377 14502 
14893 4739 
38018 46281 
6549 20347 
16981 21499 
17097 31325 
76456 94894 
72481 35773 
42080 28076 
46480 21836 
28515 99692 
69385 51216 
15196 47918 
82997 13083 
38972 20858 
86625 57619 
5761 3526 
40684 75552 
71877 36228 
94650 50299 
22369 38536 
84300 72711 
78454 5440 
99537 74908 
99089 47856 
58582 9346 
2708 8354 
36886 71982 
24364 94780 
89858 44302 
40748 39392 
77350 7975 
41013 9208 
44801 68026 
94839 64425 
41057 5663 
70842 86119 
56087 70303 
88212 71859 
43187 11806 
42394 28429 
49710 48577 
31624 74562 
17976 64968 
25337 3390 
33736 32235 
57708 44261 
93405 51379 
24 6650 
33253 23267 
64116 85057 
13854 61727 
15723 53136 
81285 78669 
31471 77705 
32966 86780 
16043 38884 
432 85002 
7146 51281 
24006 14718 
35071 42963 
35003 476 
70884 63902 
79966 18075 
92734 63639 
18418 64965 
23279 99113 
690 43174 
42897 7906 
85624 3341 
63129 9605 
89287 39953 
52724 78544 
65313 72506 
44674 64887 
5085 95061 
16803 27819 
11686 27538 
30744 84562 
45405 56132 
34565 71995 
60549 7306 
82824 63849 
53415 60113 
4503 85773 
19493 64979 
54056 22982 
74327 3537 
13709 20813 
26925 93800 
76192 37137 
7209 17645 
26246 17475 
39725 23519 
56515 28522 
24672 36232 
98872 3919 
34284 87876 
25739 27269 
57703 69118 
77625 1703 
30692 88533 
2913 32779 
67900 19128 
53793 82025 
74843 5828 
68335 32148 
54387 5478 
82780 41748 
38222 31759 
60496 57315 
67668 81451 
94379 93340 
20142 25580 
38070 87590 
27683 59259 
47986 87885 
62190 17400 
72966 29179 
68340 79980 
11241 15292 
9655 10179 
65452 28360 
55775 91454 
65641 50849 
79697 55502 
97375 99956 
52628 22046 
67622 42264 
21029 3545 
64490 77724 
25569 63144 
18635 56329 
74875 52587 
53906 18329 
18378 98300 
22720 29349 
71966 48496 
57677 15519 
37802 41899 
35115 90482 
25345 9557 
38547 6156 
24497 75243 
30390 52119 
3747 77033 
88860 74740 
6287 92945 
43641 86458 
95309 16866 
48660 88063 
56021 97526 
63249 32406 
96397 22890 
73994 16640 
1298 5095 
78728 1942 
85285 96954 
71428 24553 
58315 50016 
12165 80105 
65489 6352 
39799 34346 
87103 1442 
86784 37712 
88483 43942 
85211 98627 
90431 29618 
11137 989 
90592 41342 
299 34989 
3626 84825 
82438 47212 
3817 10607 
23773 5928 
47588 76878 
37567 20540 
25352 14765 
21252 50356 
42257 68052 
5249 87143 
55568 92606 
53415 98394 
2805 17337 
37923 73795 
39224 88123 
22474 26048 
65806 38900 
26825 59062 
69674 59977 
12990 31431 
17671 62663 
28792 11211 
40834 71399 
68051 39164 
22587 9867 
58312 92010 
56673 85900 
66815 64597 
72252 21536 
23322 70537 
32994 19196 
94446 94492 
4651 2701 
8286 16143 
51278 22726 
20462 65805 
64147 70311 
33056 64716 
49343 99157 
26488 49218 
158 17689 
41034 77383 
58596 75273 
49458 69043 
26673 33440 
95160 35788 
22640 82632 
31261 16158 
89888 37710 
85222 43089 
56992 21381 
90857 35605 
16205 23658 
75033 24818 
34695 7628 
59876 95492 
37893 17062 
42956 48736 
7580 29744 
47714 68841 
18641 91937 
94320 7834 
97937 64014 
27142 85024 
26293 5045 
49232 35614 
20374 24995 
56448 32422 
25021 37211 
34301 47787 
18625 50996 
79118 18956 
84204 54314 
31783 29544 
27063 50064 
67089 22121 
26277 25857 
64683 12519 
91702 56855 
98563 85174 
60818 63998 
21304 10606 
10435 75803 
86428 41107 
77133 70945 
47778 8752 
77285 10953 
98273 71052 
92614 7585 
62082 23884 
40437 7870 
34042 28759 
79132 21260 
68068 82092 
8800 58002 
52311 87775 
14718 95568 
73006 81228 
66885 40886 
61227 92992 
32822 10080 
37169 33045 
82752 4603 
15123 23169 
66393 22866 
8971 4030 
18799 9851 
82804 96100 
9063 13724 
24175 99056 
80144 88047 
78552 73052 
40682 50997 
72677 57016 
60394 88831 
71830 44114 
89492 69868 
61403 52553 
69529 17380 
16736 1106 
28182 75032 
26810 23053 
53703 86906 
67191 29679 
26115 5624 
75523 65017 
41704 36740 
68901 77253 
4963 25304 
56621 68975 
77843 91389 
44090 78438 
70048 25382 
94078 87061 
26049 60953 
10039 44556 
14625 53882 
32891 52417 
54920 8303 
97423 48943 
19396 8423 
77397 94528 
38504 33397 
59485 64630 
94502 55821 
25293 19675 
32578 50135 
88046 36075 
36274 66294 
25898 50603 
11183 56136 
77377 91572 
95997 75166 
16134 44575 
73186 20841 
1938 27978 
82962 9952 
12783 33940 
53634 42311 
99012 24406 
49064 45729 
64498 58355 
99665 48131 
72242 66513 
27213 76668 
92119 82808 
95738 40803 
57086 88041 
20831 16628 
70774 20572 
47958 13010 
14211 61227 
66689 66701 
32315 5247 
62247 83160 
41834 92749 
18360 12592 
91576 81013 
76141 26585 
23037 6833 
22547 39738 
24987 5247 
28965 2791 
49054 22156 
85551 79036 
55053 82636 
80169 4148 
84569 54213 
52156 21098 
19213 74935 
10567 76421 
66019 99748 
44181 61893 
26594 55509 
66271 86510 
48929 84931 
30971 67699 
31182 2784 
30062 37817 
45291 83892 
29096 72221 
74915 51781 
29980 58608 
17008 39264 
53524 43798 
79227 47832 
19892 13776 
16411 41379 
67524 85568 
88543 71658 
91802 15383 
89866 47748 
3578 56489 
94257 29921 
4676 32383 
85493 49474 
52552 26108 
92692 30402 
39535 24911 
31008 16237 
43410 969 
55574 85950 
15595 53527 
72700 76485 
60722 85541 
16523 16335 
27215 38810 
91565 14484 
72236 65574 
2081 42144 
86411 71690 
37612 90853 
63783 26755 
60800 89873 
80715 99909 
48351 18234 
3776 46573 
68885 52338 
81134 41000 
42488 48744 
84573 22261 
15936 73564 
59978 97181 
4826 54828 
12964 22734 
99281 52276 
3326 72545 
3416 10176 
47053 77386 
80427 83146 
27891 17946 
4937 2332 
1796 39654 
82142 79927 
37049 53961 
79355 33642 
70468 88237 
29680 49621 
75804 47334 
9853 92175 
34315 53851 
64681 11818 
69446 41274 
49063 99263 
57661 84426 
85229 82346 
55680 65018 
87599 65302 
90743 86625 
90621 65378 
44973 73023 
25926 10448 
27521 6569 
34340 23132 
68901 89211 
65565 31851 
90751 37686 
13745 17303 
1260 56630 
60663 24074 
41570 68539 
50014 41371 
61696 17931 
95922 84332 
35866 8547 
36836 87931 
36628 77056 
81936 59183 
74698 54491 
61374 20167 
77228 17524 
83916 14336 
21026 85675 
26018 41639 
59228 77703 
24843 34187 
80030 657 
24441 83490 
14306 8464 
29058 82749 
65268 33421 
50474 53250 
67836 63599 
97300 82597 
97944 11898 
43311 14341 
42748 98409 
29208 93486 
11562 46705 
97568 90458 
14282 76833 
34318 97266 
59214 63024 
91708 13937 
25382 12527 
97542 20744 
45784 13470 
13344 62272 
97519 94269 
90173 53139 
32314 34885 
84941 51909 
96683 71089 
42414 39758 
84828 36904 
18428 83467 
39335 97516 
18455 58536 
64843 35222 
52243 57514 
48058 64323 
60108 11092 
83862 67423 
49313 5058 
91704 65171 
90022 84930 
69102 54284 
59503 1867 
69766 74537 
90485 68427 
12721 94425 
75035 60789 
25779 37319 
98837 25257 
1813 5213 
32394 21184 
99482 95507 
85508 59877 
51442 47802 
39247 79633 
52526 2308 
5692 30734 
87968 99195 
29881 31045 
27497 99130 
40675 92815 
54942 59229 
77673 14316 
24995 55785 
69834 76194 
38831 5372 
18127 81671 
8567 99344 
39326 32214 
36833 33207 
60960 35843 
72235 81994 
18469 3935 
14069 45524 
94790 4211 
30394 63313 
59853 2508 
22379 77877 
12915 44055 
14850 7347 
4167 96091 
78035 73519 
13708 98056 
88751 19875 
95793 42968 
20594 45601 
54143 44193 
12194 76257 
149 25507 
184 89518 
59974 9161 
19251 15260 
38819 66586 
65481 33305 
21063 39476 
91206 99237 
83474 35143 
49631 38960 
25402 49379 
35748 66071 
74610 72484 
76410 92593 
10319 89702 
6889 23260 
56105 95985 
33851 46298 
34391 6823 
25389 59532 
41624 61837 
87639 99619 
98589 85859 
84425 74395 
53877 93471 
31517 33516 
70162 97231 
50299 50998 
2755 7303 
96974 34729 
87773 90750 
92931 22699 
93349 92440 
69485 73397 
51409 6353 
5910 8737 
79881 25985 
83567 21871 
25580 95641 
865 19381 
6549 30590 
93912 27566 
9319 73354 
85930 55972 
1307 5888 
44864 77769 
51501 42920 
63058 56224 
13606 90452 
85517 19293 
14996 65229 
3953 60192 
12089 35912 
2679 20854 
18175 64767 
89395 97284 
83279 99885 
68987 91071 
7273 92239 
21706 19725 
97259 89345 
28423 89979 
38146 87851 
45139 32843 
31372 11081 
66516 96945 
70910 14355 
33944 97582 
67939 10881 
37466 22879 
6008 54032 
32888 5633 
7040 8085 
45493 79621 
15189 88726 
59980 52561 
60337 57147 
2639 44413 
45944 7085 
6181 59331 
16987 92840 
10322 82329 
2893 8154 
91856 17621 
97642 40755 
36879 14563 
34651 95436 
64735 59306 
37554 99732 
88390 45462 
79682 80594 
49154 75517 
64810 27857 
95019 86200 
49662 40914 
81332 35646 
64698 88669 
60171 37972 
53858 99665 
90455 81709 
46236 39226 
44705 22616 
93053 23523 
10340 98441 
51861 66657 
83475 73535 
76516 56170 
31427 84525 
76316 4848 
56473 24824 
40543 32225 
27881 75335 
85727 87906 
61830 61485 
72088 40645 
19562 92598 
52907 22031 
62946 18622 
65984 31737 
53630 21346 
49880 82447 
7013 42508 
69286 86915 
15551 39569 
63669 67029 
37191 51418 
91243 95352 
4266 50945 
26336 63261 
45718 59105 
82419 6664 
31300 96047 
75305 10180 
40201 48829 
11472 53764 
28556 42408 
84982 61927 
20364 10817 
93117 65029 
74585 78847 
35683 84565 
87524 81041 
45774 9921 
74079 64431 
10893 42787 
34043 44222 
82436 47202 
50353 7483 
38860 58175 
85038 88932 
63251 69883 
35597 75007 
19551 45624 
89612 27693 
63354 66049 
68651 57933 
2984 59601 
83857 19967 
34449 39700 
35064 42572 
9942 6855 
72923 60920 
63664 60748 
9216 63665 
11097 7235 
4383 23855 
58195 38310 
83268 39420 
5554 9244 
30194 69204 
9251 36440 
92684 13933 
64826 91986 
79496 57971 
13818 76443 
73127 57375 
33264 10124 
89522 32510 
57760 94897 
8454 99338 
957 63516 
66889 52543 
88766 51550 
54616 95737 
90107 98143 
76532 99288 
32663 6202 
49188 54649 
20911 69991 
80540 85610 
31612 8740 
41336 71488 
47949 28516 
74174 35063 
7702 71449 
1950 48899 
83105 1339 
91322 17739 
80451 17741 
98730 1768 
46038 86801 
76656 55786 
91739 26458 
45990 72737 
8203 86037 
46763 36512 
16685 15866 
63929 8611 
21458 31187 
87515 95951 
63982 36503 
7162 73053 
47257 91405 
59935 60777 
94204 67005 
47246 95953 
27458 63295 
11837 61480 
9612 32059 
18992 84866 
62744 77416 
17494 54663 
93954 86625 
65312 48903 
89691 77500 
92609 17375 
5797 35560 
40376 10475 
72487 54024 
56851 1363 
53892 82792 
55845 5275 
50324 38767 
41216 60128 
8093 29179 
79929 95882 
6472 92010 
62493 86684 
24341 63201 
24067 49395 
50055 38999 
12080 24906 
87242 13617 
76963 54472 
26549 37335 
31438 42358 
98729 58230 
70760 78166 
98008 81905 
71432 77495 
66357 7912 
89119 87965 
59035 79019 
57833 99124 
69716 10004 
51957 89401 
79527 46380 
10238 41016 
8498 40263 
36627 54637 
90192 20528 
86692 99569 
60722 77474 
20283 42421 
51860 78407 
51250 7397 
4639 79870 
53218 34791 
74611 4682 
86776 20743 
82834 7517 
97927 40923 
77725 61464 
211 83618 
12027 59784 
93665 43516 
6475 42070 
92612 56531 
67112 22048 
31263 88106 
46778 15459 
91191 22724 
92926 40782 
47974 40691 
3721 92996 
65653 9796 
22281 71147 
77107 64068 
34968 74171 
76071 89595 
3762 66251 
12215 88266 
55085 52923 
24581 44289 
67816 2201 
70614 75468 
51774 91208 
8160 11487 
84645 58090 
65984 4809 
80047 91445 
94745 46318 
92414 95068 
24820 27452 
25349 24489 
69963 63340 
99296 3626 
6517 67313 
51655 94770 
26746 46189 
87865 13246 
11819 67846 
75538 49230 
95077 37846 
75355 83547 
89440 10269 
32249 61718 
34158 49411 
8301 21071 
75584 53615 
24798 49453 
34238 50289 
95079 90853 
26159 72013 
72074 3236 
394 27661 
4850 16915 
26431 89583 
97005 38008 
15504 28146 
86440 90816 
87892 38327 
20780 95431 
4705 19527 
85665 32414 
67114 89427 
54149 55111 
48577 35456 
64603 71962 
66339 33315 
1813 36112 
17332 91002 
51359 47701 
578 8930 
20923 95400 
23273 81954 
73802 38066 
40996 7537 
99702 54855 
13784 5756 
55821 72665 
69329 1502 
47205 13501 
52122 66970 
79599 91162 
3110 73417 
10232 26578 
58269 55164 
42423 44210 
76469 45965 
58420 58115 
7118 8095 
61546 55570 
86270 37908 
3506 38634 
6256 98107 
5623 89552 
38353 96605 
43807 84620 
604 4609 
56224 92938 
53643 82430 
49903 61421 
76188 60536 
27953 5506 
18896 5494 
32566 96185 
60301 85683 
680 58302 
91848 40066 
58923 72507 
40325 44798 
42402 3812 
95521 67066 
7899 63403 
48475 93334 
26254 47155 
61473 20034 
80924 84265 
84734 98734 
70184 72459 
6739 34969 
8944 72437 
75244 50159 
52798 83539 
54232 29413 
21745 25035 
88417 94537 
83907 3036 
31382 61183 
70595 51686 
56032 61826 
33278 99148 
6760 42143 
20233 23789 
71584 67381 
46117 34093 
49467 7394 
51216 26964 
63154 4329 
98778 53451 
21051 65288 
38639 48321 
63058 63810 
73248 60519 
34705 78642 
98244 55190 
21550 46019 
53885 44824 
41536 52561 
15929 46950 
36832 49896 
74956 58935 
28647 29234 
1685 86603 
98654 54391 
72471 62705 
38806 15125 
33964 43733 
67753 29164 
18839 79105 
46478 90919 
85498 5484 
38408 37639 
43859 30760 
49965 79644 
46586 37205 
56364 20277 
70556 51359 
64442 73330 
86868 99400 
89413 70979 
19389 91062 
25635 43617 
21588 52624 
72867 44494 
59334 60037 
38917 86694 
73377 6961 
77221 57735 
9367 79296 
33593 77961 
45570 97737 
70242 72886 
18860 32940 
7121 36803 
48057 94091 
70772 75192 
80404 40970 
69056 26873 
41702 72060 
16500 83326 
53573 96805 
19468 42259 
92338 8815 
92966 55216 
3154 38641 
21602 54950 
50354 79675 
96077 77236 
80340 48793 
53557 23971 
96888 64567 
25378 49634 
432 167 
48730 91579 
22641 95540 
30369 6106 
95524 93991 
59809 16931 
30338 2006 
57113 30387 
45731 57962 
6067 22586 
76836 35318 
67410 57775 
17442 98929 
88736 54251 
95906 79352 
27805 74444 
62127 29276 
84209 79159 
67695 78717 
90687 52480 
54219 11119 
49858 73461 
25902 41237 
14751 83483 
71571 87486 
2207 74032 
18655 96353 
97094 98670 
47023 94598 
52257 95078 
64133 16073 
14191 88336 
44576 74403 
7692 34934 
66931 30122 
94039 58583 
38701 31500 
76772 23442 
86190 91929 
66722 88203 
295 3597 
33640 85306 
71506 77088 
65670 73595 
17797 39635 
29838 19810 
7634 20934 
76862 74629 
6985 4735 
61779 22283 
34004 26889 
58264 99324 
87964 56085 
28956 97722 
30063 2188 
76744 90247 
32867 58935 
42636 41939 
82459 2661 
34743 513 
12772 36815 
69820 90636 
75082 93189 
83961 72287 
97372 75137 
22225 61802 
67976 55473 
48333 55668 
85893 22306 
25064 41814 
56149 99780 
3544 30852 
72783 57490 
25373 90632 
24275 62276 
85368 21465 
76693 19192 
24670 66492 
38326 94610 
24081 11954 
86260 13751 
45693 95466 
40134 77377 
27227 6925 
1204 47927 
68001 36302 
35909 14106 
57985 95324 
72266 54705 
92189 15923 
94719 87416 
81423 7350 
68488 6454 
17485 35968 
97957 83968 
75890 76984 
25369 34593 
42508 75787 
5804 19871 
31818 48032 
52392 99895 
23932 42259 
31705 23173 
85197 86577 
3453 82567 
52834 41840 
40881 55070 
57991 87716 
38700 86263 
33497 75218 
13874 76498 
2758 89481 
31303 75149 
74414 79975 
41166 91720 
73743 31841 
97664 88179 
26281 71648 
39866 25563 
71702 23665 
54590 99712 
26731 58566 
8489 15955 
34737 5539 
31936 20611 
36575 30870 
60851 28377 
72394 21333 
94245 58975 
77322 49101 
5076 23898 
65290 36402 
49886 84627 
4739 82740 
58750 37413 
77547 65317 
51221 66515 
78223 74096 
16227 47737 
54290 97013 
14308 77162 
10731 27938 
9102 46191 
1466 30246 
11650 83294 
9069 52253 
25876 35320 
70271 57248 
16523 66806 
39265 519 
81820 14381 
93432 58475 
2382 45196 
76827 90901 
55051 33258 
45616 96335 
25868 85601 
26622 2731 
29849 21415 
25234 20782 
46930 31592 
22169 75695 
13216 23558 
79905 24684 
64579 86857 
39090 62095 
15701 98624 
22836 11829 
71789 24909 
82493 7583 
12507 63754 
12403 65485 
58059 18982 
33055 60761 
25889 89880 
92181 30390 
13154 11220 
61571 37035 
94864 80568 
13693 46065 
10541 65334 
46723 87113 
23250 90764 
89149 94347 
74031 71848 
55854 45541 
22044 67079 
46438 49018 
56146 76 
73491 59658 
87158 16245 
83638 40444 
81732 15986 
87406 24376 
78530 33409 
45301 73090 
35319 10061 
66953 73163 
91625 46870 
67800 58816 
95763 4336 
93481 625 
37333 60928 
65985 53844 
46668 32719 
27549 17075 
71298 3476 
58413 12278 
16109 13756 
22746 60482 
38677 9969 
53435 94078 
24186 59972 
20854 16191 
25345 420 
43387 90377 
41896 92930 
88137 19802 
31582 31062 
79162 54017 
89869 58156 
77509 43603 
9227 27312 
22423 48219 
30459 59051 
26359 91936 
28337 29684 
97723 51262 
31721 53962 
24788 55907 
64365 9282 
91803 80054 
6787 85517 
14030 2812 
21856 34525 
72326 20516 
57149 36394 
99815 676 
35699 95742 
23322 77627 
73372 30647 
90458 3300 
15933 19265 
19593 83065 
71752 24737 
94410 46199 
27133 27683 
87367 23298 
70433 57408 
37068 28829 
18386 27873 
23446 76033 
33498 52547 
81584 83487 
44876 33474 
70127 67924 
36548 94166 
63459 56277 
47089 53417 
68150 91395 
32293 17655 
73671 50541 
78665 3182 
34953 43513 
19661 86440 
50112 8124 
98894 20393 
40484 74761 
44941 48184 
62102 28892 
70891 91411 
77850 60633 
88489 89682 
97732 53869 
31450 20564 
51059 33922 
15491 34582 
88821 62400 
23605 98645 
27119 40598 
94318 53070 
33232 58719 
7904 52324 
24774 7169 
10979 77675 
99335 48324 
93418 81122 
37127 32413 
33188 44313 
22359 29537 
54498 13569 
10418 41367 
2561 2731 
27416 50653 
24295 39212 
26234 64482 
58467 65476 
38958 8056 
81058 98086 
59403 29801 
22031 89541 
61430 85705 
68234 34315 
8844 81091 
93822 9819 
40882 61364 
14368 45460 
23644 59787 
43735 68516 
42319 29991 
43840 84275 
71610 13652 
96574 9652 
2535 19649 
94437 94495 
22584 20049 
41873 32801 
43216 349 
82788 87309 
43769 36704 
21445 25204 
54062 11212 
83663 90150 
29346 17859 
73194 16400 
80705 56334 
14175 24450 
11628 58697 
34699 24509 
77178 44748 
38873 93992 
26041 55945 
35081 88321 
7715 74881 
36766 90508 
27179 97526 
28674 4309 
7632 88884 
96273 48162 
78206 19166 
49020 12736 
38065 47235 
29130 3547 
60868 90839 
86693 1968 
94324 98998 
19268 42861 
78386 20945 
19473 25156 
52639 48139 
47662 42874 
48490 91108 
48386 48410 
65048 41283 
59190 37348 
8859 59481 
18129 74621 
37209 27297 
62500 65545 
82239 95466 
25383 12061 
48888 64100 
78907 84455 
73497 33713 
43551 81906 
1897 73092 
81335 51395 
95885 60311 
17409 83819 
5246 66574 
89324 8617 
48771 69056 
6215 63743 
32272 98579 
11106 26564 
94106 50673 
78766 53029 
9515 14473 
48779 87417 
3897 2905 
88938 73057 
22099 99741 
7587 15564 
75944 74346 
85208 24479 
45394 53341 
75322 86651 
40117 79901 
32694 5224 
37716 36007 
62867 71837 
2420 50791 
51202 26416 
53836 68908 
21892 98902 
99132 6959 
97825 20333 
64060 83040 
80719 36849 
58272 64800 
47584 59563 
88647 44751 
64380 35635 
90662 18074 
50641 31475 
82333 7786 
89862 77683 
57848 54926 
69603 37170 
28719 67236 
52585 22803 
89155 98875 
25410 9040 
29303 15796 
45105 53164 
45128 86680 
5358 66068 
96903 27711 
74062 49973 
