38419 67137 
7788 27444 
47289 18159 
23782 32116 
76873 35210 
79073 9606 
73722 76849 
91126 98662 
93666 15200 
78261 69476 
78855 27445 
98709 69421 
49688 47817 
47712 65577 
75712 79873 
70172 16693 
58426 47792 
91747 25249 
5912 47596 
44852 91512 
4288 44443 
67658 15773 
94223 50508 
83983 72396 
42087 9493 
29867 9895 
54790 8407 
78677 14920 
24953 35045 
30723 14869 
8793 443 
75674 83775 
32930 49603 
6462 59185 
98307 90927 
61891 73942 
99529 85015 
1849 56099 
6112 46897 
73780 52620 
58509 32255 
12008 88123 
16251 97825 
22515 78559 
58130 48914 
44965 81607 
75065 12866 
51018 80428 
15174 6292 
33416 65557 
37498 96022 
63845 863 
5973 88991 
49233 33824 
8424 24636 
95946 37839 
16727 84902 
99229 54813 
13765 81581 
11309 39999 
365 28451 
5691 97847 
61172 56559 
47514 37588 
12226 85033 
204 70330 
75014 16874 
47208 15629 
21819 89494 
84277 84843 
15475 73100 
42505 60977 
22924 76562 
35286 326 
16486 90005 
83353 39905 
89317 66126 
61253 6468 
2291 18144 
25858 87851 
48354 91236 
32975 45470 
67386 46503 
21591 17963 
69715 81730 
47015 90297 
29619 1576 
73898 80104 
91547 41372 
98082 23576 
91200 43284 
52219 26927 
31283 81395 
64295 86274 
67392 33115 
80441 68691 
53401 98332 
33873 90302 
67656 74870 
40291 23433 
91391 9031 
26748 14175 
39004 53425 
55797 94157 
46184 80754 
89612 25880 
6329 21879 
49817 29666 
8331 19227 
67942 2087 
69487 12489 
88667 50685 
76173 2557 
83481 37847 
41879 71784 
55851 47916 
67285 73890 
70725 65908 
40319 45241 
20921 83659 
45448 30705 
50905 29804 
60936 61927 
94468 53648 
10427 73642 
46994 79850 
884 94476 
85274 90738 
22810 2740 
68257 86178 
10626 94814 
633 17083 
61174 73989 
17844 87971 
86557 31013 
55852 76449 
33853 54081 
1960 23013 
38729 75658 
83964 3301 
92566 36248 
44116 6717 
93444 21133 
61645 10299 
20168 5085 
32979 54763 
15489 22201 
92379 859 
89800 63244 
57335 68478 
59759 91280 
12854 38397 
17692 57881 
6696 27115 
87060 96798 
13640 28921 
56895 69773 
41032 56160 
3833 40025 
90128 98592 
4197 52959 
58187 65814 
10586 10764 
64781 72906 
17502 37831 
12460 78779 
68777 47299 
46687 89132 
65919 35535 
62883 91512 
20936 50988 
19437 98650 
59850 6603 
54709 38059 
23775 30888 
73348 40831 
33323 81675 
62623 50633 
79063 78813 
23048 95089 
75842 47228 
49196 36059 
72023 199 
76424 42761 
36023 34187 
17095 12246 
52019 51184 
45970 95447 
44279 72316 
58559 73804 
15307 57285 
18530 71449 
26822 98278 
30673 80964 
74598 14058 
24467 26952 
8237 30246 
9933 90937 
25222 95143 
72267 73596 
24912 46978 
4640 75848 
42630 18078 
39594 39059 
96574 34216 
28622 96390 
71032 43270 
36809 52314 
28202 86329 
64806 25337 
87907 6520 
83976 60190 
39586 76067 
72160 40060 
54170 10490 
67365 6871 
44791 30337 
14511 28183 
84754 25498 
66470 32994 
28797 74870 
14762 75516 
99376 75045 
67550 75959 
93582 35693 
63021 30415 
38244 6441 
4726 78119 
70898 10277 
32162 63704 
52484 71951 
94629 34471 
24036 46261 
79320 68301 
4044 70826 
55632 36498 
85813 90642 
36854 67684 
34839 27622 
27665 93800 
5068 97323 
21282 27344 
89910 7192 
33651 40154 
98923 5902 
13707 88369 
4360 91754 
48549 55649 
33080 29603 
90245 67281 
88822 70403 
67052 61521 
77415 15229 
5982 91293 
73247 16483 
85926 69358 
9137 63042 
60964 63102 
93753 53188 
42029 91278 
60781 19443 
1738 74380 
32321 32801 
72009 42751 
35287 80354 
36967 12084 
44087 79942 
84709 94696 
35454 68195 
70624 26741 
32011 74241 
62284 56486 
80012 70333 
81291 56841 
53672 72794 
31054 96512 
3587 51911 
1067 28480 
69977 97828 
68105 31940 
62832 80934 
72615 74393 
70517 39937 
34653 44305 
95970 28507 
87848 41519 
35377 52296 
52184 2588 
8040 32120 
36781 81241 
18125 36234 
62400 396 
79087 34864 
20065 41434 
59775 43568 
36963 38916 
17581 38471 
3706 4469 
68473 46074 
28072 12259 
6318 33072 
19498 40311 
24683 47502 
75884 76841 
13075 91557 
39684 68853 
96627 38507 
13787 11453 
63279 41438 
79351 50619 
75754 19907 
37550 99643 
96970 52088 
5084 49992 
67002 44639 
29360 91064 
57300 266 
53393 40091 
93609 53820 
52768 23421 
82853 1810 
87427 43449 
1258 7292 
59548 11666 
1048 22388 
45487 27628 
71302 34049 
74496 36064 
44882 5190 
59866 99912 
77843 52932 
49182 85797 
40290 78477 
49512 70219 
48434 38984 
666 39725 
36375 30844 
15051 76370 
13167 35860 
76195 90950 
75792 67116 
89669 90866 
51902 39672 
9908 46831 
27528 82748 
24381 53298 
74428 4672 
62539 61080 
29365 19635 
11187 97541 
93289 46157 
60164 79591 
12281 91206 
72655 67871 
74072 40983 
72987 6626 
4050 89713 
71415 43144 
72895 51090 
186 23026 
34322 13584 
18109 13179 
95890 20414 
51837 13050 
88437 77748 
81298 76486 
40411 20594 
43930 81521 
82232 94813 
27840 53471 
2768 45848 
47494 67891 
55134 39990 
47259 34282 
62229 82412 
57841 88881 
3768 37656 
38627 5402 
76063 2951 
74953 66332 
3374 32440 
63458 24163 
45396 61301 
11023 21909 
89290 32737 
93143 35303 
36631 87960 
66165 45290 
95757 39516 
4445 48704 
68211 11706 
38308 67501 
74329 98343 
1549 22469 
97488 57731 
58299 96012 
39139 37483 
68210 20461 
67455 97693 
66210 93255 
11293 79986 
78488 38454 
98118 52060 
69892 5194 
59659 42649 
19613 18035 
32268 70152 
51768 71592 
60313 59732 
5465 92392 
70416 38264 
14892 74611 
21909 94330 
84215 33141 
54664 91260 
84287 7396 
49236 25294 
68618 92322 
86274 28031 
4583 69267 
42239 22575 
42492 58700 
86692 56211 
99960 19175 
52750 48899 
21883 72538 
36811 16533 
87417 44056 
46211 50658 
74446 67941 
54224 62220 
59390 23724 
40653 25905 
25544 36954 
93236 93807 
76719 98942 
20185 82342 
4597 34523 
77402 74777 
37996 74316 
45268 23200 
10176 68477 
99358 78402 
16296 12652 
7049 23896 
97377 43668 
47709 41184 
79315 2407 
97990 87356 
15981 54404 
45735 23286 
33928 4890 
96096 90894 
52910 44319 
11693 1342 
61185 12846 
84978 62551 
57513 77829 
75463 44030 
32754 77058 
57031 49763 
53177 92299 
11322 45815 
24833 82617 
71988 68263 
63792 25071 
71602 19241 
70547 81499 
68122 44109 
8581 34499 
30990 71155 
16841 13083 
48346 86717 
43811 59112 
76255 13278 
76883 69256 
88499 55802 
54898 84075 
1152 82489 
94007 85750 
40060 10109 
27430 9054 
91271 71223 
58192 66341 
24582 50830 
50615 36662 
8606 93381 
41102 71554 
42077 97592 
31669 25591 
10598 36121 
40711 28525 
40659 59917 
24669 77604 
63421 72951 
51508 43647 
19672 92026 
2378 52496 
34281 38483 
1320 24644 
63599 43904 
24563 30197 
72491 90264 
20751 43720 
28991 46492 
81313 64124 
14086 8058 
36268 98415 
31709 93905 
14887 94954 
69745 5981 
2930 51820 
6720 10580 
48591 18932 
80783 57870 
17798 58772 
37728 16216 
76216 29877 
52988 61283 
80026 9698 
78904 26432 
90538 79010 
3052 90520 
88652 48718 
15968 51997 
54408 21753 
77384 14051 
94110 47669 
38908 84558 
42936 45636 
28044 76750 
44473 42689 
23586 81722 
10292 98458 
55587 72317 
92440 64983 
44506 89415 
59646 60836 
53571 56282 
54095 22439 
66005 64386 
19740 32285 
14498 74983 
35442 13714 
84130 84753 
56635 24971 
81947 10911 
67729 81437 
16475 61487 
74134 84278 
58679 69801 
17594 36170 
62239 88720 
81389 80328 
5462 59874 
63030 7775 
79767 95766 
31229 39590 
90397 38616 
51191 5809 
53847 88747 
57709 10735 
73499 27477 
79063 95606 
50019 94719 
66395 83853 
36310 19887 
63000 21678 
78177 46182 
55912 7192 
91295 32990 
88156 35079 
12710 68868 
74258 70560 
30800 78459 
53815 6367 
41466 60700 
38411 49510 
334 52813 
55646 30808 
40788 74805 
70732 29474 
5935 72608 
70891 57472 
98905 44479 
30693 53971 
90392 4898 
37509 98841 
34926 12993 
45434 66036 
38085 68354 
43278 2585 
85720 56131 
67678 37006 
93214 5442 
65891 92152 
57928 10343 
14499 1807 
1170 51032 
30040 7787 
