21078 26297 
95052 59140 
3022 24942 
93803 80992 
83184 59318 
34024 89541 
59732 60768 
69247 30382 
16909 81338 
6051 3961 
36434 34148 
25102 7167 
61671 89064 
52923 68949 
39813 42357 
31151 84656 
42376 14319 
81691 28090 
17561 67172 
45978 47736 
59380 77104 
84452 34177 
87888 38907 
58389 79403 
22505 29445 
80408 35534 
96100 7040 
12233 20416 
1366 77903 
8714 10640 
82998 17827 
55653 8676 
89274 97644 
25624 70188 
74858 24303 
80766 29996 
2997 75958 
84461 70725 
29772 79045 
44794 36897 
65619 48122 
1918 9005 
109 85097 
88664 17064 
44786 13485 
39209 91213 
95853 5451 
94093 18106 
43589 44684 
51587 96175 
58599 56464 
45164 60265 
66359 27868 
84743 76722 
80966 35609 
85427 93709 
6636 96822 
21597 68325 
31183 58948 
86517 82056 
29574 48888 
8013 99160 
67634 8724 
69329 18757 
46056 55567 
10925 20732 
53108 16448 
43744 7995 
774 5700 
87424 3201 
3528 31888 
57935 66731 
21554 44108 
68290 64555 
30932 53342 
73271 29533 
2176 93591 
84510 27768 
65456 19583 
5817 62846 
15966 73174 
90278 25078 
66094 88875 
469 20324 
82416 50490 
61006 93539 
55002 55448 
28718 95873 
34112 91187 
69856 30971 
35108 78812 
26076 56055 
56217 93257 
71306 6464 
75793 26320 
10168 58472 
95791 19173 
45275 44567 
76412 54354 
45511 87791 
63207 63726 
80311 27302 
42419 78534 
45994 66041 
72921 20447 
99366 83155 
33855 8331 
31078 18826 
95880 34520 
56671 57168 
70983 46490 
76722 4087 
20814 55056 
59224 81287 
6814 78641 
27065 35066 
46690 24633 
91416 89099 
1301 3488 
57866 54103 
53593 68992 
46289 44100 
56968 78976 
7727 38912 
24290 74770 
91977 75636 
734 84823 
18111 47970 
13755 68171 
26806 41656 
21700 26798 
48166 36670 
88912 32461 
1600 62420 
99667 33154 
55386 867 
85867 27175 
12689 94299 
84145 18588 
58098 29468 
56887 96935 
94146 37808 
8626 16132 
20825 72700 
4405 82761 
62763 99021 
49878 2358 
28508 57696 
24302 73766 
94285 48495 
67035 66293 
40624 8049 
5739 62136 
34410 46851 
80240 97429 
41205 48957 
59807 89272 
73084 31161 
73615 93223 
25781 4625 
74251 95996 
35592 81256 
32312 11478 
91256 19535 
16549 14698 
68975 10130 
48425 17986 
19735 60249 
32595 66334 
27274 47554 
55518 4844 
72320 79377 
13261 50146 
84128 11048 
76538 79810 
33888 48341 
26105 39009 
26235 83356 
94880 52106 
74866 90595 
34481 18286 
6199 40566 
83365 65052 
21023 71925 
51333 31086 
58267 3 
50907 50922 
47286 29479 
99916 17820 
5483 82053 
91615 8417 
36611 46158 
78736 62934 
11770 5040 
46125 28137 
69899 2026 
52947 86722 
57450 57316 
9896 16452 
38007 59361 
19497 45100 
41732 15689 
48254 93155 
91838 62992 
18270 25237 
40669 4336 
2956 63296 
71541 62577 
86495 49937 
74105 13346 
13 88576 
80839 88444 
78689 28647 
60132 21022 
93570 8704 
97492 37641 
99405 18008 
60564 89095 
5580 88099 
35913 51846 
21034 79807 
45957 24980 
46060 88332 
2961 93762 
83948 49251 
33667 30228 
23681 91694 
12910 53648 
1230 51436 
77494 79296 
81461 26289 
52629 42626 
15275 28906 
12396 97794 
17329 68033 
12974 54395 
78508 68190 
82811 34338 
74325 19955 
27410 2011 
55500 38216 
8094 45154 
10196 94193 
83890 61351 
68745 78483 
63578 35571 
81165 47064 
988 77920 
35359 99886 
80792 27551 
99628 42620 
84319 18637 
66962 86086 
95334 47385 
50546 45052 
4252 75230 
30028 8311 
95925 52705 
76306 65362 
60928 50893 
88945 91486 
53156 42947 
64806 12671 
27617 86849 
79067 94571 
31441 22412 
537 25566 
88404 10440 
82017 93013 
12704 10059 
63425 83872 
11240 11405 
510 76187 
85296 15171 
85196 26241 
22364 77974 
54952 97731 
76673 23040 
98036 23947 
73117 49429 
49098 41651 
33347 59811 
35303 86284 
15154 66762 
77019 92098 
76620 30615 
69069 97943 
25084 28075 
68649 19707 
87627 50150 
94241 13777 
44539 80367 
96181 22382 
191 9829 
94044 61335 
26700 4340 
88570 83418 
5018 50659 
46616 26548 
5283 73875 
26421 34859 
93738 35968 
57497 22975 
27019 96806 
14509 38977 
96312 43144 
27758 69989 
13619 68648 
54218 25760 
90323 18504 
92555 30293 
44261 95900 
63148 49302 
85661 64448 
89861 82158 
74609 70587 
14161 50993 
13117 53045 
44144 26777 
33367 2661 
91137 42384 
70417 85161 
74763 56124 
62402 41914 
83699 45631 
4184 39312 
63839 31706 
91444 46036 
68170 54406 
31370 79349 
43372 49598 
63370 76466 
47041 3159 
28660 15126 
86363 92161 
51107 28675 
44197 57629 
43366 35304 
11723 91817 
32145 28509 
78187 64492 
4324 56408 
37712 57293 
11704 51257 
60782 23038 
36322 57301 
43688 37698 
10542 45062 
93106 66761 
6554 93200 
24933 24857 
58440 65324 
56597 67762 
56633 8378 
50312 19257 
59373 51743 
21054 1855 
98676 91699 
57537 10020 
19380 4628 
17061 37251 
78964 44122 
45804 44292 
53153 42127 
45025 34739 
37709 52307 
50557 86421 
10356 45003 
18116 72222 
18436 87483 
10160 92338 
87696 20618 
61358 31531 
5492 73695 
59236 49511 
17754 42741 
14147 10375 
93205 94593 
8428 57879 
50601 48842 
8466 47348 
15206 32886 
95371 52145 
69200 1496 
20038 72865 
87425 61611 
16614 90829 
4629 45550 
14722 23918 
43287 31353 
75284 62454 
42126 17689 
37373 85552 
64610 22568 
4232 84282 
33971 90038 
15476 46950 
36731 57126 
49445 93967 
60238 54446 
74776 85004 
81377 88246 
23487 59525 
3406 79089 
89214 13284 
45783 12928 
63722 58014 
27871 94036 
12391 59275 
51590 76060 
55107 98312 
80351 87418 
62862 57791 
32024 60310 
2289 88382 
52226 18833 
60502 73442 
10884 80961 
60810 72414 
69798 81645 
36224 90052 
1844 29819 
62155 88244 
3513 70793 
62300 29917 
31591 37350 
92417 20424 
12146 37778 
75568 90793 
15312 47165 
9354 49352 
62971 39443 
90778 13509 
38047 22014 
7594 21835 
93924 12209 
26345 18089 
20424 25417 
66757 93493 
8788 28390 
89780 71271 
72291 48075 
42254 18379 
21398 16234 
95056 73335 
62757 73207 
83539 86215 
89903 50341 
9182 77095 
60165 99949 
89576 32635 
7077 44077 
50251 76983 
20503 68952 
36277 72817 
37710 645 
84217 31085 
27786 59331 
35689 33903 
19101 4442 
92681 4041 
14897 51092 
11694 86599 
65640 59344 
8940 43687 
18429 72189 
1976 1335 
43530 5570 
44575 29338 
46033 74343 
21041 79389 
6641 71744 
53833 54593 
59783 6771 
44031 34349 
9515 43820 
8073 32562 
4081 81963 
96122 24325 
38550 57496 
77552 36403 
31612 52638 
57252 60286 
27362 45759 
42789 13052 
5876 44041 
16956 40910 
47351 98204 
82813 33055 
83794 10700 
39074 89355 
89488 13772 
12518 64366 
6918 11794 
21085 92326 
78325 53535 
66422 83026 
54760 24277 
57850 66829 
84267 25186 
51084 58606 
38747 37883 
44516 5018 
25092 55855 
13439 77290 
40322 1172 
78357 72508 
72766 34910 
97330 90516 
21716 12744 
44308 60548 
6541 33373 
85489 2044 
62885 76761 
93963 17457 
78373 31590 
49245 31344 
3155 66934 
52801 9700 
81657 11807 
53213 16209 
91059 68093 
15414 87998 
39314 97279 
87236 42464 
70921 89497 
13481 58868 
52227 44562 
22853 13680 
59655 69016 
66281 86976 
74060 20625 
16536 98768 
92344 12337 
48488 78699 
3452 21424 
6988 20355 
40073 36311 
35031 22284 
9630 13574 
78754 71827 
28560 10616 
7766 85001 
32432 5770 
89403 75927 
11084 16841 
33748 92662 
22775 81585 
82571 22811 
74236 69161 
49849 41926 
14560 50296 
34100 50435 
79999 65721 
13496 20751 
44063 97369 
3568 55179 
72685 64889 
4296 37408 
57790 41255 
88451 45589 
4229 5500 
86313 83424 
74847 28129 
3201 77133 
56371 15249 
65756 80872 
94808 21215 
30492 30856 
63234 76359 
3857 89371 
67128 66335 
16912 23835 
62809 42675 
69684 73209 
63087 40333 
10356 64310 
30873 27323 
42684 53961 
16306 13998 
61387 89397 
75849 5063 
99689 99014 
22834 86142 
35846 48257 
98126 98497 
46174 21362 
16824 70467 
10947 18631 
42353 42253 
76526 91092 
62827 41856 
52153 69612 
96225 44303 
73086 83927 
30699 73742 
93083 8563 
14269 88536 
78733 17229 
44149 23186 
65711 75052 
70163 47747 
2772 48851 
18948 45302 
53137 69717 
66083 1169 
44901 39226 
31800 43680 
62188 30929 
52604 75693 
47010 2087 
85904 88443 
38112 97164 
37675 54914 
7588 94203 
64212 58571 
68631 17955 
88172 25154 
18497 19532 
86415 90144 
49633 1335 
52554 52584 
8878 48166 
10647 37142 
9738 10644 
58138 10604 
5968 75477 
45948 76435 
16044 48600 
61494 1610 
47571 71840 
66488 13612 
8278 91525 
55500 42296 
5968 98325 
43570 71289 
33648 61611 
61551 6623 
8022 88766 
36425 66529 
79647 50121 
60447 45605 
61251 23569 
7825 9027 
27081 29416 
40479 28047 
20618 45671 
55519 76687 
70574 16693 
66216 71379 
55832 94040 
75507 50241 
78838 77333 
96529 56718 
3894 55091 
98176 13552 
91952 80745 
5342 47315 
16675 57424 
63311 51228 
77928 46592 
83648 54507 
38290 60270 
24990 208 
95825 44302 
26294 20338 
72019 11034 
2387 36943 
37679 33742 
32056 10964 
21555 72322 
17493 6818 
46510 59951 
70510 40007 
16345 43858 
85778 27467 
32677 39825 
94228 65979 
55777 29657 
50792 22598 
35851 3642 
99809 32930 
31991 25870 
78750 67992 
4850 79314 
66254 48456 
16073 29673 
54086 56306 
92631 32264 
24211 18201 
17399 94601 
42014 12318 
88686 98816 
34597 81006 
50900 82714 
9093 15257 
36109 75981 
80128 13840 
72004 88983 
17836 9868 
5604 55545 
98240 647 
64024 38294 
36348 12836 
23705 15334 
8965 84265 
87768 80454 
29039 46220 
77454 5555 
16223 45534 
28117 33589 
19404 54541 
42827 93107 
86097 78767 
97353 51333 
40897 87152 
9158 51740 
30569 57689 
79999 14188 
16920 52540 
96831 10966 
50246 11009 
28929 70453 
35919 76203 
90503 1604 
14605 51759 
47525 77114 
12640 18733 
35131 60855 
83241 29533 
17633 16070 
51519 35751 
67061 84792 
96670 99782 
58104 86114 
53260 86341 
77444 41163 
90174 29288 
23658 96028 
30585 21607 
30257 80387 
9217 81973 
78866 9207 
24193 10010 
82175 7651 
29946 54173 
6990 15194 
34932 81121 
76579 3974 
13297 53523 
38467 28504 
13211 94421 
8948 9153 
46203 40593 
8784 40160 
71648 64807 
85920 4469 
48448 77414 
80530 72289 
11995 1426 
25269 58038 
48659 52035 
89375 11210 
82331 41486 
69073 20716 
57961 73253 
98739 19370 
5561 85693 
7341 85432 
94815 54654 
72941 51547 
45215 66936 
34355 47846 
39544 32113 
3558 25690 
99585 8875 
85008 31219 
22070 83880 
48796 23795 
40190 56067 
23379 63400 
71376 47404 
70603 23211 
35615 82278 
80846 18794 
80212 52036 
79327 83759 
26708 8606 
65963 63227 
63549 11742 
20647 41059 
44175 88069 
93399 64588 
14313 46975 
64576 81455 
84581 38299 
4183 57136 
84902 29848 
81272 98931 
85760 28973 
74540 72365 
48005 71734 
13454 59401 
67675 55631 
35562 74322 
15246 97458 
80154 22777 
29719 56510 
50994 62266 
17152 75196 
71604 98183 
20487 54056 
25403 28553 
72980 96243 
19996 32740 
21032 27727 
39982 84643 
3907 23776 
55901 59274 
7615 49750 
38264 93125 
68098 54756 
85098 53366 
84974 40461 
9017 68636 
21171 64120 
45590 75125 
6121 24873 
38568 35582 
30581 25383 
29566 96073 
19678 97110 
29840 55532 
97425 26816 
80071 36529 
10784 24351 
10359 62200 
64191 27316 
97166 63897 
26573 46920 
76492 66879 
11971 21127 
13319 27234 
2241 56170 
46196 22240 
75643 5543 
22816 28493 
28729 56791 
17527 57374 
30550 70734 
74945 55836 
28021 45191 
55188 21965 
29176 55846 
65717 29405 
27084 60593 
52372 2508 
91357 40497 
87903 34933 
46468 90474 
40171 98420 
76512 65827 
24130 45605 
44563 37005 
41820 70985 
91447 4233 
92831 57539 
83557 76121 
94025 2981 
12207 21934 
81786 89292 
8086 65864 
82669 31903 
23529 3505 
29038 20775 
52600 85639 
65128 44669 
4387 32518 
35944 71964 
18470 13031 
76497 46695 
13151 47436 
22125 46815 
86838 69808 
41957 43230 
50884 16894 
57084 92746 
58224 93772 
42582 95848 
6278 3523 
28255 51104 
34931 18074 
6825 41978 
10756 10425 
30248 98989 
87223 64659 
24961 90376 
57256 29484 
85058 7838 
69334 83456 
8759 30408 
61198 35615 
28009 69141 
76286 93979 
43628 18065 
67172 96111 
19177 62712 
57565 10961 
5524 26568 
29844 89227 
65094 67869 
28638 60667 
39873 74482 
22603 51136 
60456 42936 
46362 19530 
24777 69205 
52465 95406 
84641 23458 
39263 31747 
65767 28748 
84752 74123 
12770 14505 
8734 87480 
94373 69670 
6049 74826 
26097 77473 
42147 68293 
67777 74082 
78978 72364 
31490 36754 
3900 91480 
91804 73593 
67276 79846 
24756 56685 
95416 9907 
14534 13102 
34718 67799 
57597 64157 
116 49030 
62782 82317 
46385 45690 
92941 17264 
54360 87706 
18731 27898 
25797 24949 
58429 45411 
10401 14461 
58961 84108 
46430 7632 
32821 11236 
82346 15834 
3167 84871 
61127 69863 
25075 69772 
91146 78453 
44802 45122 
97925 34205 
30879 25207 
49631 11480 
60934 24335 
75803 50084 
76400 10663 
53614 21059 
23574 10139 
18882 26424 
84004 41354 
70056 93418 
59737 84883 
72580 85624 
19725 16546 
38337 68257 
32504 63068 
50240 33019 
7242 70678 
25631 9064 
40360 12522 
63753 60966 
18134 99061 
2396 2009 
57055 97210 
16682 31695 
73173 8526 
29019 40040 
59273 4574 
63414 8069 
14429 68427 
69597 73838 
14359 45293 
62843 26392 
32940 62376 
73903 36261 
25379 38342 
80111 30398 
61725 66113 
93532 71922 
55778 19267 
14914 10578 
68906 1891 
23247 28539 
80897 34535 
59893 17965 
10683 44772 
83541 91702 
38616 9872 
17628 46542 
28965 81232 
85441 69693 
76393 5471 
29742 3386 
3384 45443 
43550 60005 
16962 95963 
96642 10713 
92487 83648 
28353 54189 
89947 38036 
91403 8954 
23849 22012 
73812 62687 
1681 13606 
96312 54993 
17899 38320 
81248 66279 
40462 61411 
15598 34731 
55190 62949 
85534 25786 
39545 34941 
42849 34097 
21917 59474 
74620 6672 
45111 49569 
86637 37651 
93412 60305 
78394 190 
61497 6804 
82877 48924 
40412 57766 
67903 47705 
70932 8527 
47414 51637 
67846 75970 
30948 99833 
50067 99122 
47376 55928 
20916 73923 
15069 67047 
30552 98379 
94794 98742 
18231 55206 
53931 43385 
75920 13070 
91012 92516 
96772 84659 
18131 9898 
72064 40080 
75397 41299 
78432 37439 
56445 49481 
53548 98991 
56868 68455 
92923 30847 
18521 29726 
13037 57003 
31764 25084 
16796 14318 
75041 35446 
66102 34087 
16554 73298 
13343 17963 
76368 57498 
68667 1262 
48919 63505 
83158 85045 
15688 69551 
9366 9876 
35714 49825 
60106 38797 
87666 49445 
24071 14799 
51322 12797 
12478 58958 
58635 26773 
4867 79405 
14926 83498 
34096 68423 
89326 63331 
721 75235 
208 88235 
35123 55396 
76164 98076 
32134 14240 
55986 57933 
67361 81440 
2130 13239 
67018 76488 
41320 71367 
43788 50814 
13231 3211 
30089 21220 
3585 26387 
37104 41478 
61562 52880 
43009 94161 
53037 58256 
67061 23175 
81001 57021 
17583 68964 
12382 49263 
11318 12966 
86541 37409 
49238 85685 
44879 98742 
99624 43605 
13272 39275 
83074 74166 
89459 47628 
76055 45170 
36040 13761 
49746 75240 
56419 76719 
39100 65306 
35787 18005 
93440 97631 
62170 22745 
94346 78497 
3594 89502 
39208 73434 
6575 81427 
79533 59746 
98441 76371 
71938 96 
21386 91626 
46749 23057 
99702 30193 
24208 81748 
43296 19760 
11517 50107 
20380 93028 
95304 7809 
90123 88596 
3553 59501 
72118 35278 
48659 31747 
43639 19587 
78959 92001 
97981 26022 
59985 37870 
67564 82873 
78606 12117 
14033 42473 
13359 9063 
14234 74095 
42487 51454 
25732 50189 
67527 33344 
98468 62168 
14796 44198 
10145 10686 
39697 12134 
42142 77140 
99498 30149 
80004 98084 
79086 58137 
17982 32295 
51167 25666 
70626 31443 
27483 95712 
46107 99619 
10842 87942 
15701 54411 
89094 1637 
21822 82799 
21678 22974 
2972 18834 
56938 49142 
78188 56857 
84153 12640 
25816 53977 
68057 43121 
11869 68601 
35600 61262 
71750 27971 
84809 59397 
25796 17004 
63820 87044 
13867 33162 
24499 25932 
67136 57658 
89557 8787 
96231 51966 
84634 8888 
64106 457 
77590 3259 
29229 84901 
36042 91410 
90134 94633 
61204 33616 
35916 47418 
81144 58033 
8877 20292 
89824 74270 
15352 67181 
99628 22603 
78633 30594 
34549 82582 
13953 38427 
28803 62595 
19643 13710 
11385 92783 
20875 15061 
50886 47734 
72803 68710 
6912 32507 
28442 49111 
84498 75785 
3313 14502 
16171 87330 
23630 6197 
2633 53436 
27755 75982 
27529 63696 
1636 14646 
24357 85129 
68150 16529 
14286 25642 
17530 29892 
52519 57756 
61467 10976 
17794 5686 
17023 20818 
54718 34102 
78144 78217 
31852 15289 
12353 9654 
9814 92918 
28101 17574 
23139 5272 
94311 22097 
67231 78530 
57779 18069 
47462 51581 
96420 29278 
91331 47858 
66717 34749 
46563 66790 
52292 88219 
88110 27751 
97182 51190 
35277 62736 
12157 12432 
36497 20518 
75367 72342 
13789 14669 
9607 29284 
71513 20550 
7673 16829 
64758 2317 
94549 5775 
91555 29918 
60591 2869 
20077 28249 
73393 49378 
87075 85852 
77698 46938 
7039 38933 
22487 15571 
12915 37975 
12291 19329 
8662 98867 
65822 78702 
51571 38188 
79156 25743 
97949 93201 
33005 47836 
39642 31105 
54011 9044 
30845 59201 
38540 34218 
54732 57917 
74117 90338 
7661 71984 
48407 1992 
85083 11581 
18591 93497 
37718 34887 
24982 58817 
29185 6225 
71926 22283 
66994 49880 
66284 68034 
97641 48658 
99227 84200 
53529 68397 
80590 88993 
14551 24880 
86705 80229 
350 47992 
62421 77222 
40680 39468 
25910 4571 
80696 65190 
60914 1039 
65671 70758 
45243 23552 
15291 59952 
56601 56280 
41579 29674 
17259 27826 
86449 12115 
87607 85758 
54980 35134 
95268 77006 
98757 75218 
91287 35115 
59926 43894 
57752 80890 
21122 18095 
52309 1688 
19016 97737 
64126 86388 
69928 49632 
73209 58050 
24842 75891 
50335 64322 
18085 27067 
8425 56845 
99075 65569 
17834 15221 
39723 73244 
27832 48575 
91462 88524 
94431 38255 
25310 53188 
789 68975 
26001 46498 
70539 32455 
26940 85407 
16717 77608 
66546 73474 
39336 24351 
18584 88311 
83221 54333 
99126 7604 
94353 41177 
81039 87130 
67774 85279 
53231 20720 
63006 73774 
46364 31727 
73975 94967 
9336 68301 
79588 98343 
61561 701 
68403 6224 
64926 47801 
26235 51179 
56263 92163 
99076 34523 
56291 78222 
95381 75526 
24196 26576 
71532 48398 
58351 38824 
52224 84711 
53188 12059 
73551 52566 
9782 29863 
706 10670 
63479 47531 
64533 75402 
35708 43249 
81539 32029 
39110 64101 
70544 67411 
65221 56006 
55778 872 
62141 30082 
51045 42324 
66000 84440 
52463 12335 
84482 70026 
28331 17478 
43285 61893 
83849 86171 
97089 73170 
95675 35100 
75489 27975 
56732 54427 
81292 91684 
45217 71156 
83689 42176 
33394 74361 
52031 54109 
81592 63387 
57291 59727 
20672 10764 
27755 44377 
12327 15187 
83105 32628 
90686 56805 
86747 21805 
31017 56953 
50118 23707 
61715 87547 
94655 82453 
34292 71559 
27220 46621 
92764 65283 
12986 87236 
38600 15581 
36153 69676 
70314 40817 
23319 7176 
87815 92926 
66940 46368 
90790 19844 
27024 61199 
67685 62494 
8074 60523 
67246 88564 
5233 46849 
68139 86530 
88722 98935 
13798 17672 
48843 89323 
59469 51287 
55210 89400 
86305 88860 
93302 59215 
73398 16652 
29061 67013 
82830 12978 
17962 34350 
5055 76381 
18845 56640 
32385 33996 
94747 6117 
76865 35566 
83109 84456 
25472 37897 
95909 55673 
30384 36992 
66658 56418 
64956 10650 
95645 50422 
37079 93018 
57437 66592 
40764 14408 
25325 36152 
44073 4615 
36305 23200 
56931 76055 
67110 25219 
95880 74218 
16937 5293 
64520 7264 
95718 6185 
98131 44019 
98144 87939 
78917 191 
3110 25273 
14320 16344 
75865 98808 
85025 67945 
65853 15054 
11572 37765 
87096 94052 
58868 23993 
39933 70747 
96468 53569 
83027 66370 
59127 19615 
92782 99523 
6916 64239 
53649 23149 
67116 83572 
7283 93199 
51113 40592 
51099 97563 
78719 33109 
17517 99721 
9585 79192 
84005 80539 
76803 50451 
61027 93827 
41347 4702 
80097 86456 
37616 43921 
57345 72270 
60180 50805 
39361 90494 
49699 37821 
47575 23999 
72046 76337 
24979 501 
48813 60223 
54775 50694 
89662 98267 
64342 51283 
97409 22807 
49907 38033 
65240 48177 
57392 34201 
62144 11884 
33139 3089 
7413 83867 
14559 99968 
67975 34753 
65233 68251 
73369 12740 
71560 97538 
32326 90517 
8821 37051 
52191 8600 
53323 36970 
7865 59522 
64299 72296 
80439 28501 
84309 89171 
87392 30533 
10135 1886 
55977 61296 
67488 60395 
49356 9812 
82335 2718 
41060 64521 
79239 4399 
47521 81218 
52842 38066 
70709 71255 
52443 60134 
73300 11487 
91638 48817 
7375 73599 
45029 27885 
44254 19819 
22301 23968 
7914 14408 
16240 21718 
97296 55924 
5800 763 
93889 43932 
57888 61154 
90099 55653 
12273 69868 
41220 22982 
52861 89946 
39232 68374 
65576 85972 
30178 79292 
58145 34848 
48532 75219 
70352 9204 
21769 48689 
34633 42279 
6237 42343 
56390 27755 
51492 57728 
70979 55753 
54386 78345 
48 37104 
56513 29430 
73774 21993 
59010 89982 
7487 76226 
77250 18765 
21291 38588 
34626 55328 
69504 46182 
99404 9511 
3088 81108 
1547 58499 
22716 61482 
27428 29142 
92715 72560 
79526 55110 
76856 9597 
5476 63377 
25797 83070 
46255 62583 
92966 19042 
26828 77042 
80770 72688 
14224 94457 
22232 61377 
97814 72861 
84512 15209 
4461 82844 
40236 37559 
47251 44856 
90156 65888 
20675 58158 
36394 24009 
97415 7950 
99346 60959 
52304 80271 
43340 78791 
37550 10455 
26185 61826 
59994 40236 
16019 33300 
65943 61061 
25171 81841 
22025 76702 
95265 19841 
91576 26974 
30355 58536 
45188 76184 
15620 10496 
11368 84845 
78010 59218 
68646 51311 
42163 67663 
4022 31122 
10066 32805 
14279 16204 
46112 31669 
6503 83490 
80574 45807 
62037 3114 
53978 95831 
64145 29996 
12477 65322 
53816 89472 
30011 44372 
70423 7554 
76936 76965 
54372 29484 
76728 53576 
37388 16418 
92499 50593 
22782 9412 
63279 81561 
62787 2307 
66350 91736 
72985 70688 
16411 97089 
84891 62788 
24935 41620 
26890 69991 
33810 22771 
41034 59587 
6205 13664 
88605 70437 
4567 93086 
70889 43445 
10756 79353 
93264 83021 
46555 52577 
30488 23176 
34126 41372 
8992 2448 
95468 44645 
8008 35555 
27519 56895 
95520 6490 
5287 66302 
57337 97691 
59211 98909 
47953 13029 
44955 89300 
90438 48506 
73924 68483 
79230 13895 
1006 73002 
94515 10986 
72408 95856 
19759 29675 
20920 19409 
65015 31819 
58519 93234 
37780 54600 
56988 45712 
70466 80077 
26040 47208 
8943 85679 
95416 74782 
90177 11579 
82532 63649 
88622 55203 
80472 68961 
90807 30574 
32458 3011 
65499 10762 
68417 57578 
32824 5382 
66860 68890 
99906 11926 
70990 33547 
22871 19640 
31849 37771 
75462 37716 
73222 19465 
53053 65790 
73182 42820 
17514 24015 
35333 28584 
93153 12450 
79173 49629 
56886 75060 
13485 71050 
26805 2309 
69228 86808 
42479 18152 
59159 80809 
47634 62183 
247 19295 
31206 95722 
81904 63564 
56378 31881 
88177 77302 
8798 13898 
85250 91162 
25006 43515 
66966 78757 
19994 91722 
10533 92830 
18853 7892 
32200 8164 
11626 80132 
48397 18621 
92783 89638 
41670 39746 
17111 44884 
2750 75480 
2396 77690 
70149 17776 
35878 32519 
16931 61312 
96300 82788 
40643 31978 
86237 63553 
96854 47446 
80456 18628 
79373 50903 
35204 21991 
90899 84882 
70611 48292 
66762 1148 
33804 35338 
11311 34716 
73853 2616 
81690 5331 
11363 64237 
6875 48133 
65268 2128 
61280 16701 
7311 45860 
21634 46353 
50757 39191 
23489 13268 
43993 60221 
99411 75929 
31994 2005 
24754 39364 
69036 13523 
18907 39783 
14559 47099 
49979 7502 
20756 57702 
69134 29366 
25254 51954 
57109 98442 
95135 90296 
99951 8346 
29626 4402 
23572 22340 
17890 3781 
7477 23201 
65702 10437 
66845 28885 
50132 78518 
39127 41114 
34957 27087 
36413 79300 
81144 38455 
28059 40559 
16534 51971 
99388 18113 
86797 13709 
91782 4972 
95722 26203 
67049 7572 
57100 79192 
54696 94893 
22720 32268 
34575 12614 
21423 63402 
79335 98971 
42691 93509 
31234 49251 
24894 46523 
16061 89221 
63131 6890 
3286 34303 
34486 91990 
6004 30936 
49561 65633 
76882 99324 
78322 80638 
96979 22620 
65562 53420 
73210 56649 
46697 41590 
57174 66355 
98167 16754 
73157 30432 
8341 99018 
96362 93988 
34632 47151 
53759 90567 
20444 78920 
29402 99515 
81584 29795 
43699 52395 
35950 45059 
41795 53075 
42589 40284 
70117 30073 
36632 58191 
42070 96920 
95125 96134 
94002 56502 
45479 77734 
10747 48776 
33000 94649 
56431 7710 
96900 50019 
80669 62965 
65221 93831 
82919 94565 
68254 52253 
8435 24691 
87326 17938 
18145 9733 
1243 86348 
21734 77879 
66202 94365 
88321 42742 
66657 41747 
52321 11949 
4398 53453 
13471 1069 
51013 71392 
89412 57933 
74958 47896 
16884 124 
68580 49971 
13257 69301 
42775 73371 
4003 10030 
27321 8590 
93671 87915 
13499 97035 
8027 72086 
2264 65009 
63262 20475 
75999 25528 
24473 22804 
94817 93578 
155 75868 
29403 69131 
81985 88409 
81536 4015 
79946 38798 
10735 83708 
21641 37702 
80875 23177 
81675 80094 
64150 97078 
82024 6160 
91425 98947 
57572 29085 
17805 51461 
12334 29178 
80157 70395 
1343 58428 
59355 18631 
60795 47341 
24185 73337 
74763 56792 
26115 69427 
10623 71609 
34573 75449 
77343 89771 
50885 4246 
60834 21311 
15690 60062 
68837 74435 
29464 76182 
74135 72845 
38634 2793 
79348 17894 
868 63425 
39194 81959 
32238 10137 
66803 95276 
56255 72590 
19514 67520 
20185 14175 
6572 67504 
17596 79585 
86226 69652 
57728 42525 
22976 64269 
52085 39686 
57017 20134 
46545 7696 
97468 82578 
13316 23441 
88498 87952 
31243 84958 
13248 76281 
25237 60058 
94253 87895 
6021 72897 
21064 36961 
49908 94902 
85849 65087 
85014 55776 
35994 91572 
5055 92757 
59062 93334 
14826 11852 
99938 67231 
22463 43484 
72593 50199 
32778 36784 
69618 98540 
63208 51717 
91534 56675 
99376 76282 
14834 77831 
30742 17241 
92855 94352 
58525 87120 
36742 73736 
47855 37690 
55170 37981 
3991 70681 
40926 68459 
88529 90206 
80056 66304 
55641 48142 
25030 89144 
80688 73701 
17184 39061 
73970 71465 
65709 33736 
20879 18356 
90532 53050 
66430 89327 
14664 16721 
66877 94013 
47942 15140 
64075 12124 
38543 85128 
99252 74082 
81292 95126 
72043 45194 
62447 80207 
67895 36614 
89544 46303 
22389 84402 
1832 45141 
64534 9183 
81930 6682 
82780 93228 
92557 4207 
87242 89211 
43552 18694 
99575 5486 
53844 63776 
87960 96376 
10657 30318 
78799 22837 
43934 10523 
19054 38752 
27846 65487 
33526 1213 
93172 7259 
19914 99313 
84493 76687 
51200 45311 
24318 11765 
9611 74448 
52633 17625 
59393 55289 
94834 69023 
76634 21122 
73588 98864 
93517 94803 
20913 52225 
81720 94327 
65591 14316 
95024 74531 
68019 52968 
14790 81462 
49686 51477 
93583 70323 
17705 46010 
72008 65289 
16153 23302 
51773 20115 
45468 78981 
43975 72091 
78734 84609 
75795 68752 
69414 62449 
31088 86688 
88932 20895 
20717 54851 
54496 60719 
27061 40949 
7625 22466 
43775 58864 
82087 8761 
36631 7423 
56291 81767 
84248 56459 
19659 5664 
18471 54763 
95085 76800 
73406 46373 
50333 59991 
69316 46547 
48 28521 
3069 46877 
47057 87442 
90321 90162 
36704 45112 
6274 79987 
1197 86208 
1675 67388 
52322 91016 
28576 87571 
40281 40401 
96465 3306 
34098 43614 
93493 48482 
94681 26970 
49834 55195 
5525 25463 
90621 90868 
97996 26464 
24425 28038 
58224 24951 
39918 18793 
30891 63062 
38139 48289 
41490 43287 
10686 97306 
43170 24241 
85216 52542 
56827 30701 
98760 65116 
13842 35485 
26669 72733 
29737 99751 
90426 68990 
33944 90412 
91057 24528 
56027 28629 
66575 39031 
21894 61724 
51650 30524 
44890 92348 
25617 48975 
6133 43367 
70973 34922 
6053 84713 
28662 30636 
34826 99276 
28753 91289 
53222 18958 
95492 36657 
97381 19125 
74293 30077 
21116 19938 
4836 70697 
67561 6442 
69279 37508 
18348 45775 
77461 29186 
2947 49504 
12033 2499 
63415 1844 
45600 23818 
60521 50387 
59245 13242 
76061 34988 
37228 78886 
13135 12568 
86172 10090 
21293 20854 
28706 22625 
76629 12468 
51351 26390 
28297 82243 
44301 16698 
82366 5331 
56816 73902 
31531 1360 
6107 92958 
54949 40822 
19845 54445 
6258 13858 
62881 91637 
79886 88736 
97258 4411 
95781 97571 
51297 20093 
70968 223 
28271 3782 
52657 93810 
68156 76263 
72122 54891 
86924 6305 
41138 24138 
57044 5964 
53518 69207 
60113 72448 
73120 90487 
37975 88168 
86671 66571 
92211 11789 
74857 71533 
33516 67415 
8338 34455 
62330 66478 
6714 53201 
69921 77480 
7934 18998 
85213 92404 
83210 56200 
56790 25456 
98277 32452 
51780 19720 
65632 48476 
73762 30379 
54389 73866 
50347 99358 
24479 55473 
17760 35542 
30141 88400 
34531 67177 
94001 6093 
89309 38636 
87506 15652 
28855 82384 
66096 77250 
21431 8863 
98173 2408 
88070 21871 
95842 24901 
79651 85158 
2302 80178 
51211 37102 
15916 14446 
86605 74656 
34179 32939 
56399 5208 
82171 88400 
49791 95558 
49535 5446 
7408 30900 
97641 34204 
95957 33523 
14298 27528 
8016 80876 
87233 40088 
40660 5732 
39542 54738 
5141 57334 
20375 51867 
46500 51772 
72401 50763 
6799 42248 
3884 68563 
48539 95460 
77713 61977 
65880 69041 
92323 39730 
50446 46775 
70148 59530 
45770 3299 
88108 52407 
19852 38015 
81611 49361 
8832 39165 
28633 20542 
36453 13333 
73663 75530 
93754 43050 
82679 14825 
71366 15791 
29730 67256 
72796 1307 
3374 95784 
1262 41064 
86876 5054 
4928 53512 
9963 38053 
85775 51950 
91891 6357 
25905 17978 
95662 58706 
61729 72807 
91479 56027 
41261 41161 
83857 87529 
32670 8079 
91283 32118 
13265 27582 
79916 42138 
57243 54033 
43545 2320 
57842 31918 
90873 95832 
64909 97864 
48142 91440 
92474 19900 
10263 51057 
52538 23286 
76774 45326 
1104 29649 
90358 56390 
40372 66783 
55073 41632 
7046 90105 
49083 29924 
90893 93624 
62384 22796 
69934 78179 
83863 76945 
19104 87810 
34008 51636 
47711 21276 
89689 14791 
47726 75085 
75642 14951 
89676 76823 
3641 42791 
85857 23140 
24812 25513 
51615 45444 
23155 20164 
34574 88171 
19038 97850 
49020 99432 
70294 39775 
48018 1920 
55522 98200 
89411 33140 
99279 10640 
3469 18337 
52096 94032 
49790 66954 
69561 87063 
58923 64010 
44229 53529 
90231 61468 
31688 7306 
1697 61505 
77827 70415 
19617 23514 
98238 29672 
16567 19747 
82608 14517 
54561 10688 
97084 78902 
26959 10591 
35823 33468 
37501 66003 
29251 40769 
87710 75728 
51072 55914 
5000 39319 
78635 67758 
32912 33046 
51993 71646 
22267 77188 
45857 83735 
7359 76614 
15587 89022 
24907 87752 
3497 482 
35104 89412 
94938 95088 
33915 12338 
94997 83993 
3654 12945 
56110 68778 
34946 60386 
24484 33428 
67303 42901 
88963 22585 
37850 89360 
9782 60603 
98137 44968 
76679 73101 
57516 36272 
95880 82921 
38211 9976 
33739 65809 
82014 32460 
51122 67623 
31419 92485 
47139 4512 
19074 58277 
93382 90253 
38575 1964 
80594 60814 
36901 19306 
18495 95234 
64224 40717 
26508 64007 
40348 50765 
28197 71437 
48682 7670 
15458 96795 
48466 81724 
79859 80634 
3842 12182 
17987 47208 
64439 15791 
5265 1737 
96249 67014 
98434 92121 
53925 9893 
70703 78694 
5959 54587 
5606 12769 
72817 57806 
75639 84955 
14704 85685 
10020 67624 
10443 10065 
12236 42380 
1878 94737 
22515 73059 
39208 86892 
32987 57488 
51852 40808 
53970 67160 
86716 65800 
98721 62942 
1142 8463 
915 57099 
71364 50493 
4254 77148 
78941 27623 
66791 75438 
67439 52714 
3948 19870 
19533 56560 
53625 95775 
90732 43680 
84447 46750 
50107 97185 
83887 83107 
20672 56744 
56848 90613 
82475 36743 
37295 79308 
14 47921 
65577 22465 
62224 35082 
12336 49113 
78086 45928 
36243 70062 
53814 1620 
47258 36994 
88609 48367 
9723 56939 
65128 31159 
60317 10323 
78112 45701 
34747 49804 
40003 92679 
94023 89211 
25953 79658 
16258 27173 
72246 90265 
73170 88412 
21968 67708 
41796 7140 
19665 40291 
11404 21687 
92750 50244 
33195 97179 
21608 34017 
26099 44014 
92590 42129 
95826 53862 
48554 79729 
46300 32038 
87 95216 
62690 65388 
37249 43572 
23515 28147 
86441 3523 
55590 94806 
89908 33202 
80102 98571 
46448 7660 
10677 46836 
41010 93421 
55026 80892 
8216 80188 
40614 46163 
20184 7905 
31754 21349 
62611 98522 
30642 40109 
64718 26197 
58053 27344 
78445 37034 
90795 63561 
60191 60083 
92445 85523 
94441 34990 
11546 29055 
12763 18499 
37104 20831 
3969 21969 
95139 29905 
81614 75116 
41945 96935 
73574 7392 
59881 69261 
25070 87730 
89677 83395 
61325 65813 
39644 52993 
38922 13612 
96585 39981 
25983 74609 
25869 9295 
90449 89949 
88806 93534 
43012 85709 
24312 22886 
76674 73521 
38867 7739 
68448 38003 
23806 96718 
60350 58749 
72249 71224 
16646 42069 
99316 79058 
62212 18264 
78733 54365 
42906 93865 
96536 18859 
12996 35133 
88319 10188 
47013 99020 
70300 37294 
93745 20875 
96453 19756 
38694 14369 
74077 28350 
17918 38423 
48351 7446 
31007 38372 
22815 26370 
33821 74160 
17170 76477 
52687 7053 
76383 3437 
50869 28174 
35809 40123 
95458 77106 
15908 84489 
18198 16874 
67079 48952 
37324 2808 
10242 93050 
9142 7107 
22040 39525 
7859 38370 
94843 65483 
90094 25911 
61245 54920 
86519 22385 
10326 96637 
77262 15057 
38664 12478 
49970 25992 
72960 4789 
9838 24507 
73067 19165 
9473 71418 
74366 28773 
93089 63938 
56604 59938 
4324 52516 
32685 95178 
89904 56468 
35379 9501 
42370 13963 
42486 18520 
64289 63723 
21757 42857 
3620 70742 
95672 22259 
5342 76400 
23190 45026 
47963 74551 
70660 93570 
85217 89438 
97310 45330 
93007 58790 
12087 9746 
29595 5969 
68071 26645 
53056 18755 
48322 99136 
4175 39171 
62692 84990 
55252 8681 
19036 24490 
45706 6165 
54176 39858 
73870 62281 
10111 1623 
91068 33105 
19166 20680 
48814 68422 
18132 91275 
82922 15589 
45905 79805 
79305 58564 
91757 27057 
55448 3551 
52065 7391 
8791 87622 
22198 67386 
28680 4750 
97211 48594 
42089 14883 
80109 84282 
64954 26015 
99667 48457 
60771 16612 
21121 26934 
65992 96383 
92546 74872 
27821 87000 
7306 22918 
14132 41264 
78712 95023 
97565 9086 
16835 4953 
86214 1780 
69443 5685 
71900 2300 
39080 76097 
93655 18419 
16555 42780 
68836 78257 
77452 51260 
27208 23137 
72749 20583 
94353 61458 
7210 37946 
9933 9059 
39966 75955 
33617 56525 
60534 44081 
86897 71914 
90487 18008 
2540 68617 
36109 25855 
5106 42340 
70568 8582 
25719 8668 
55498 13441 
62206 53215 
21365 23934 
31763 40084 
13558 77496 
27438 11133 
76912 73022 
82027 48542 
95173 24326 
63399 66184 
23926 72780 
73761 41537 
55573 32616 
2091 99172 
33199 5766 
83696 9299 
86487 69602 
53800 70408 
97338 10588 
43089 3753 
15421 49590 
52300 99225 
34637 80486 
60224 17121 
10301 22703 
64913 68349 
43821 70464 
31402 66849 
86769 6747 
20931 72274 
19445 38367 
6428 18466 
40381 90 
36923 53778 
62717 70288 
99613 3038 
50979 38450 
42433 97716 
47489 65695 
62303 10840 
31511 83465 
34597 76238 
26206 82683 
57955 67904 
18542 55956 
15180 64573 
85565 68714 
5774 27069 
26751 51760 
88567 71509 
86653 27262 
83926 30186 
14651 3029 
24202 53726 
49325 95746 
8341 23102 
33825 72888 
12012 8101 
65601 35127 
28129 30085 
58916 96329 
64312 61156 
51832 56585 
3611 19316 
20662 5258 
42724 99754 
74406 35641 
57998 16086 
89222 556 
13615 12211 
8769 89142 
18718 45352 
80070 59061 
60568 33956 
16509 15466 
89418 10285 
79721 88367 
7416 16874 
50284 23372 
18646 38447 
13550 67311 
30332 66480 
21351 99861 
56239 52247 
2973 35059 
62513 16062 
89467 92453 
13427 45303 
84257 16667 
19963 31933 
59925 6256 
67669 71370 
86220 98014 
1885 68932 
97484 41240 
78239 77454 
89096 88005 
44208 20320 
91976 20079 
3572 37767 
11809 30911 
29764 31202 
35337 81978 
36394 70158 
99960 56769 
83624 69627 
94835 42855 
97644 41663 
11745 82702 
7108 74494 
92271 47285 
55212 94805 
24111 3076 
28998 24418 
23894 62578 
58493 51307 
6393 31359 
77453 96684 
80823 90401 
4793 74832 
33698 81596 
1148 10444 
54724 96329 
78591 99406 
37317 2378 
93163 73277 
38510 82698 
29671 55166 
14415 1192 
96115 75276 
56837 55182 
81140 48063 
44265 22059 
92071 99788 
86155 58458 
83364 75173 
83307 64328 
5747 44946 
49079 81361 
54807 82242 
36282 55542 
74505 75148 
92854 56921 
75818 95125 
25709 16241 
63677 46605 
86670 7666 
26363 81740 
6980 79615 
30711 76118 
97594 11590 
83730 26188 
1327 53881 
66684 47202 
29890 89167 
21207 21681 
43935 40285 
68662 72723 
37492 36810 
73773 13914 
69463 44613 
21454 58169 
44389 57162 
61784 51522 
82234 45112 
92258 34702 
32693 61607 
88708 25264 
83375 4691 
66720 56133 
83157 45399 
53889 2576 
52153 40318 
79921 78966 
77902 60794 
46384 89131 
3786 87487 
20806 69634 
124 38571 
10867 74049 
70989 22650 
13576 8087 
90549 33346 
1632 40391 
81525 31500 
4550 81863 
45396 93062 
65699 47594 
29020 36014 
8024 89784 
65610 78036 
21048 17463 
59314 18116 
89626 99416 
92146 79975 
20984 80384 
19610 2879 
90706 27440 
87054 16336 
20666 63385 
42691 89143 
22250 37063 
45135 417 
86802 26691 
63459 40438 
81857 71625 
45941 12591 
16525 80409 
90080 74111 
72281 68529 
80873 23047 
56481 37991 
76985 11540 
25053 22641 
15153 41450 
38122 88108 
71998 77331 
57713 93300 
69427 93898 
70243 91580 
34858 60385 
18144 74077 
30772 52569 
54758 35002 
49401 74728 
94552 69431 
27866 68457 
16746 97705 
76661 82990 
94581 47385 
30095 82574 
64774 13695 
21171 70435 
22093 62385 
55348 16017 
22517 35210 
7704 82413 
5133 67467 
96288 64294 
97682 29533 
90750 63152 
53578 59874 
99842 46288 
79273 65703 
43969 58748 
49998 29278 
59687 83260 
79178 72773 
1904 72274 
2248 2723 
6502 8279 
59134 76233 
51205 83881 
11294 5452 
5734 31464 
9050 44271 
93639 73782 
32794 81749 
97670 11442 
67728 483 
28154 11020 
35955 44933 
39553 8391 
1983 84685 
24247 95899 
88179 50655 
34527 19086 
85186 68480 
83924 68980 
19006 12627 
57171 19311 
41242 57191 
14498 24517 
41876 4937 
10381 64051 
45021 34827 
59502 91242 
37233 20071 
73379 20839 
95254 33715 
59978 68379 
25472 76810 
25598 36653 
912 35433 
43406 29773 
83249 97114 
56228 63760 
47083 34688 
62552 34040 
81681 96152 
94170 94889 
31364 22782 
31475 3613 
49936 54616 
18174 83123 
86784 72306 
30987 60583 
92738 67453 
31928 46915 
32268 29697 
80808 32227 
15297 88162 
13856 85593 
16663 47309 
700 64105 
34187 12793 
76396 55780 
47344 11630 
7833 3627 
77680 72793 
94521 84076 
19411 49285 
22654 41970 
4058 30828 
88277 16437 
86487 17471 
80526 27249 
91409 98747 
69084 29606 
39148 10470 
71395 86821 
77436 21791 
84592 55009 
81987 38860 
54764 21611 
52789 98226 
21833 90497 
25336 63087 
22225 60368 
36422 28513 
53451 326 
32653 88026 
4825 86721 
86518 13168 
36771 28767 
89602 50179 
47523 76934 
25477 43454 
467 77731 
85823 54139 
98018 11261 
82480 54039 
78603 23816 
25437 39975 
82196 46767 
82169 31759 
76810 75142 
7262 88172 
63469 64535 
32928 99644 
80360 93383 
40798 93761 
8281 29121 
93301 20317 
38906 31386 
88956 66289 
5031 23175 
20062 87946 
87662 61754 
53588 37267 
8684 45098 
26433 2847 
89769 96801 
44791 81734 
8348 82628 
3997 47911 
9631 25253 
38 85578 
40057 263 
86792 10989 
51980 16100 
44127 15255 
92053 3390 
61120 22357 
26431 64981 
5973 71552 
74816 67018 
49579 1426 
22303 83497 
33261 34023 
53108 42020 
22837 31825 
3460 56834 
70969 27755 
62306 76743 
17660 9000 
57945 20105 
94781 69083 
56283 16913 
64712 29468 
62175 28779 
15405 71918 
59099 71701 
54648 15868 
44451 23600 
94809 21310 
17780 58843 
95999 96951 
57564 15397 
40399 45899 
78435 66719 
43385 86651 
95248 40144 
68137 45887 
32992 96264 
99558 31367 
12256 59697 
50640 58173 
8805 70617 
19798 19614 
32820 8576 
91251 65296 
98408 25384 
72169 73169 
57265 12188 
90111 79824 
51675 17419 
32162 63857 
1532 26879 
93248 60825 
77655 15003 
15231 25122 
29389 77219 
40695 44067 
28346 57319 
75743 52519 
62088 90891 
54646 92589 
61679 96113 
25856 12265 
75235 56589 
33683 99273 
5963 57420 
52837 2001 
17637 55307 
44074 98070 
73076 86269 
38349 32889 
11895 40417 
24163 65516 
92655 62231 
8198 27202 
21510 66923 
42868 19172 
64551 98722 
66084 50534 
94257 95280 
78304 44639 
51823 63937 
89853 22776 
16607 20166 
7543 7786 
61525 86316 
93767 77000 
38955 99615 
23531 33825 
85564 32428 
85317 60394 
56419 84873 
20168 59880 
98882 70159 
70087 96374 
54972 76393 
11588 92693 
37240 55104 
83187 52035 
57691 56348 
76622 28096 
1857 3047 
50767 80068 
30863 73049 
44495 13906 
63183 36427 
10137 29283 
34731 77674 
62744 62869 
61060 17665 
41995 42884 
28640 38681 
13392 47298 
23544 7263 
93295 88641 
65350 84304 
68378 32057 
51648 9548 
94252 90081 
34280 48524 
277 27509 
42280 93967 
98018 52864 
38451 20902 
89303 69091 
46630 4807 
96529 5465 
14888 25671 
92632 55142 
86285 97248 
91051 98308 
33257 80462 
67051 99634 
74321 62625 
20934 30499 
32490 10078 
60942 81436 
13658 30796 
79085 98288 
80175 15685 
16630 96765 
69926 62513 
67691 84414 
64470 24824 
49101 46451 
41115 69670 
72692 32458 
53306 72629 
92116 14669 
71276 26338 
60527 75354 
80650 89641 
27714 20769 
80536 58459 
25669 12205 
44592 96615 
40155 50851 
8695 25108 
42456 52522 
27012 31703 
60283 717 
94663 29201 
99754 72059 
69610 60407 
91348 86858 
39017 20536 
21941 49349 
66050 43693 
32291 7093 
21926 79077 
4748 77115 
54993 64656 
39520 57522 
73731 91351 
19463 67674 
23776 39124 
93170 37421 
20420 57860 
64018 96479 
57510 60602 
58893 98719 
51283 94394 
64468 52949 
93360 54929 
61164 21713 
81014 15139 
55391 92717 
64770 45055 
9141 23638 
3502 10466 
92708 10445 
45408 51321 
41080 31753 
59610 57300 
77448 77333 
27577 77631 
78333 77571 
66178 24947 
93977 12486 
94888 58913 
4931 93885 
78535 64282 
91196 82253 
73922 70255 
13779 21216 
83777 93181 
60232 46696 
74690 23105 
85471 55335 
47076 16090 
87137 97328 
54615 98935 
90750 92498 
58295 40624 
84106 55254 
65833 95742 
32616 54030 
51157 79080 
27731 23857 
70560 87798 
69105 96904 
92256 47761 
57815 15176 
34302 24026 
82760 41947 
62155 2003 
15243 94113 
31666 15390 
87794 76330 
75849 69784 
22450 9604 
24539 86707 
90981 11965 
14857 71824 
34981 6903 
97407 93245 
47266 6454 
68203 41043 
17667 40116 
59566 27529 
76136 78245 
4558 79297 
23933 29125 
49012 66716 
29751 72611 
22807 14253 
81757 30046 
97750 35949 
28848 60117 
53300 44313 
14784 13355 
43307 88076 
7450 74196 
7068 84474 
52120 68828 
96209 25117 
32381 19487 
95249 51007 
5327 81439 
98184 11883 
88605 7573 
66011 47855 
16116 47344 
30860 57124 
46412 1754 
31218 42636 
3272 24109 
59725 62608 
51458 77507 
80120 45142 
62317 34302 
23109 65513 
3683 30254 
2324 26223 
96433 66611 
959 24531 
16110 87107 
67314 39952 
82147 43615 
23173 25060 
69557 4203 
32790 36958 
98317 50347 
2255 3901 
4262 56286 
79076 81814 
71908 42805 
55 18816 
14452 50173 
91888 12379 
19095 80533 
63368 13369 
36852 18738 
40705 3976 
85199 52423 
88150 52418 
49174 77071 
25019 26304 
11970 89879 
97117 28670 
19579 47428 
85728 5972 
85734 86477 
40498 65664 
73139 84640 
3937 32539 
44930 68274 
54702 67593 
66318 58599 
34436 70964 
50534 83884 
38670 91352 
85479 75473 
46113 68345 
47900 8495 
32669 41194 
10432 44294 
66574 67843 
73526 80931 
9304 11391 
9051 20544 
53236 67678 
85272 17929 
11509 27293 
53962 83397 
38157 88095 
19523 74757 
97277 60169 
77324 28251 
18862 34184 
3839 46310 
75904 16226 
4720 81184 
92445 67440 
78594 27846 
45512 25193 
34167 66985 
55197 23972 
6111 79471 
66606 78865 
51268 87394 
15039 42226 
70834 63542 
31439 94991 
96518 91197 
89020 88140 
99024 49114 
13960 6905 
25783 42812 
83135 90596 
51514 2571 
10083 4282 
29955 21002 
76756 25079 
68038 8593 
3074 75417 
4822 4373 
58906 8422 
66628 90585 
13801 26412 
87143 25277 
88678 92533 
26632 24717 
20619 77664 
97968 98775 
77031 69996 
8827 66718 
58657 63050 
59189 58293 
12257 29428 
91181 35559 
33273 82185 
74374 54614 
76363 23496 
23747 23164 
7437 81160 
89869 99851 
24650 37470 
31230 24297 
47812 62142 
77195 63030 
25739 71214 
16725 5761 
39305 47227 
2764 48938 
84327 72502 
45153 59051 
2835 46938 
75909 16868 
93925 84545 
9905 5598 
76103 8758 
91270 20899 
91846 95630 
11210 48751 
42127 46093 
6528 78362 
13714 3750 
99742 91634 
15286 73043 
21513 98122 
69757 34120 
63987 65014 
19673 95391 
49706 25325 
90147 72479 
64882 34336 
19498 33183 
98142 84242 
11656 2049 
46233 80039 
86305 75295 
96732 25861 
2891 57062 
74449 70328 
12796 91386 
43024 11857 
50377 30731 
86083 70510 
7988 51616 
53413 91591 
52749 563 
46713 58060 
33507 29525 
36819 53764 
95324 58905 
49672 37532 
65753 88463 
31850 59392 
2312 61604 
8146 74489 
93728 76964 
73456 87706 
88941 32689 
19145 92559 
87267 83448 
80106 51657 
60751 87949 
2880 2780 
95465 25649 
77489 64636 
32330 65302 
46049 59362 
60041 75158 
99762 65067 
62754 74859 
2546 61017 
53419 42465 
34355 30502 
30001 6546 
30124 41991 
76288 72899 
1362 37876 
91597 58209 
66506 21934 
74404 28856 
83511 51538 
3769 72059 
73480 8767 
59408 58696 
47754 45720 
96361 92374 
2477 73661 
43411 77715 
24471 93077 
25788 82332 
60162 42289 
22128 11567 
35318 75933 
53286 62875 
77543 71483 
66312 77539 
85729 1881 
20728 61490 
11115 5442 
6268 4059 
63085 30381 
21270 83798 
29563 30619 
19200 13843 
6574 41980 
87091 45842 
64528 73443 
54163 21048 
39746 6816 
41501 29971 
28963 10010 
54381 17849 
81793 34031 
87667 52193 
31580 81881 
61710 50807 
78554 8741 
31240 53914 
40923 37132 
12991 12434 
19271 48198 
59135 55924 
77565 40792 
63072 98340 
30112 33792 
21736 37548 
37953 23817 
94267 5349 
60471 532 
90796 28834 
78418 64732 
97006 70982 
3061 90635 
90284 28676 
12860 23089 
31452 79696 
13820 2884 
22459 86758 
2626 68877 
4845 86261 
22646 94379 
36427 12221 
42104 77024 
24341 31680 
50968 16324 
11455 96932 
68531 81137 
10112 52028 
77182 90506 
52294 66243 
49550 5616 
78470 5617 
15952 58077 
18799 95146 
27022 20283 
29781 68855 
2408 57316 
37081 52704 
20603 86666 
943 76216 
97242 11975 
64492 62644 
19620 90087 
67173 4692 
53729 36884 
5673 93016 
16739 76680 
2901 28123 
12681 92425 
1961 12798 
61955 39489 
36497 91800 
16353 44539 
41403 78342 
40424 22789 
58634 82729 
57317 11893 
61644 37550 
2629 38764 
69027 95939 
3317 6853 
42960 64670 
427 15682 
71327 22244 
64123 1904 
13707 63611 
7469 21718 
50927 7826 
91401 78151 
15427 2650 
27519 33551 
95454 61043 
27607 37556 
99913 68438 
19182 43891 
42707 6860 
44935 85530 
55466 52194 
90566 27059 
65808 14269 
40315 15548 
84625 5962 
42383 6781 
30330 47114 
77498 52398 
80643 31846 
63011 95317 
83174 13703 
92224 35731 
74949 92092 
4030 98080 
57950 15585 
1506 50531 
52893 52919 
89748 2879 
6639 20907 
83027 36166 
60018 99985 
39237 97927 
92295 12718 
15688 30638 
46126 88387 
4385 87756 
2549 87625 
97301 31700 
19422 15073 
52488 1179 
68694 5190 
80458 81449 
7973 26560 
46898 10439 
100 13450 
92580 6065 
50773 99864 
4232 5690 
68738 965 
31174 67315 
65669 59505 
31677 93943 
3573 50764 
50303 7479 
66410 18505 
72878 16619 
79587 96608 
79289 94324 
26089 56250 
15962 4863 
11211 6931 
39665 97777 
9248 71113 
42173 16737 
84914 46871 
51390 54933 
19906 70740 
18668 25451 
90732 93770 
44348 5043 
37769 87865 
63972 52764 
37490 6541 
16133 1115 
39908 34569 
39604 66700 
61488 74283 
2155 29775 
30147 32863 
46406 87713 
63415 94551 
49063 96026 
23443 84475 
29076 72452 
33259 56651 
7521 54547 
57519 67759 
17429 69255 
47979 30367 
85328 94176 
29010 74590 
57892 64520 
51695 85501 
26925 7202 
76398 25146 
13765 64094 
53177 92626 
10281 132 
56990 23474 
37745 78817 
388 80430 
77189 27551 
90219 41717 
45242 8362 
16850 50053 
37979 55724 
64515 45902 
41995 42514 
9597 71803 
16667 87590 
30034 1183 
84512 24029 
83482 14636 
27560 5769 
24485 19417 
76837 42206 
21605 83808 
99323 15239 
4345 36970 
32174 51328 
16624 67065 
87528 92316 
78713 35655 
52867 33092 
62718 14786 
41705 71584 
68073 44666 
7274 47192 
42966 4448 
17909 27401 
35227 86430 
7025 39174 
71907 64821 
52807 31646 
60674 54243 
13204 99717 
78050 60276 
40318 94320 
59693 34590 
24945 94475 
36090 60593 
76816 18662 
63393 12044 
28989 8627 
83617 46669 
65898 27416 
11001 19628 
13683 75264 
82052 27505 
98760 41879 
25657 22532 
75966 81765 
6606 68877 
51163 20386 
70971 48075 
74839 73301 
75010 59066 
63038 87864 
10614 99808 
9848 97596 
49782 62053 
91723 13096 
18212 18642 
28076 60104 
73813 33550 
54849 15336 
9803 78894 
88189 83725 
24011 288 
3908 6920 
96119 32142 
35020 92217 
92791 27911 
94498 3506 
76976 36779 
63232 61429 
32172 27913 
44273 58590 
25009 36162 
73557 7508 
20234 78967 
94609 3935 
31052 73233 
50144 6212 
34718 63067 
17002 2559 
8397 54519 
12516 62476 
43521 41855 
30217 45910 
78217 1389 
20657 74368 
46864 23531 
19197 51888 
83416 51465 
36750 60573 
30883 95741 
71755 45333 
3161 98082 
72079 45558 
17427 24823 
74061 27639 
65376 80669 
72599 21542 
19812 46808 
30933 67124 
79456 63967 
21714 31416 
39304 568 
1969 66793 
36462 68956 
63749 41773 
62105 78498 
69503 91147 
49077 43389 
76662 153 
41585 95123 
79434 58672 
28573 84821 
47481 95676 
75555 99025 
20918 31643 
21064 54028 
29011 67189 
13315 78474 
35956 59892 
50307 41699 
81306 28062 
52277 36158 
74882 60182 
39319 76304 
26425 1795 
8890 33401 
38771 37816 
8076 86009 
70000 87547 
73676 29261 
74789 82133 
69551 52553 
68115 99755 
85098 64898 
15484 92532 
71373 19955 
43021 50967 
82061 68603 
78053 16648 
55356 45962 
76205 72037 
19795 81873 
64591 7347 
32173 9104 
32319 88816 
58889 31935 
29330 30157 
93441 9277 
92491 99489 
62233 1099 
3902 77789 
8474 24716 
537 21689 
59659 68331 
96626 73386 
77986 13269 
50582 3538 
65013 23443 
6842 69135 
41984 70851 
69608 17746 
55446 79291 
20304 71890 
64150 84973 
73445 82917 
47690 32354 
76652 52444 
39943 46238 
99729 81197 
31068 47118 
24974 20091 
714 5688 
46325 66404 
42018 64616 
8475 69114 
11087 90905 
68743 81791 
89899 60553 
44274 28849 
81868 18741 
15067 31568 
68828 3372 
89335 73952 
45759 67581 
1896 75331 
15328 87680 
8551 76531 
68134 97022 
59827 39543 
96554 43406 
86006 6756 
90148 27862 
1995 65198 
38846 46092 
45416 13612 
26436 20285 
94170 35813 
31397 78699 
70773 42419 
64681 13140 
29951 54894 
64784 20330 
43208 70774 
39304 12203 
39556 67008 
89133 62246 
35083 69542 
76549 40300 
85719 41602 
1688 76581 
27335 20541 
33224 87206 
25230 63722 
98550 88135 
41083 47570 
76373 22182 
39617 755 
50335 24642 
99511 42409 
76127 57070 
63487 39345 
86544 45900 
61054 92436 
9017 72809 
64049 11627 
98386 77156 
89884 41506 
94013 47283 
50334 54907 
94837 97135 
54734 40726 
8534 47381 
15612 73940 
71688 56107 
72054 70766 
56728 73165 
41547 99943 
78353 24373 
34531 42357 
87257 67031 
17589 65481 
92208 96580 
90979 6607 
82870 25762 
54113 39370 
35217 2230 
68623 31773 
69028 78352 
92844 90738 
92614 97795 
53778 28143 
13838 17506 
43060 76380 
18411 40819 
71958 27653 
16573 97688 
97100 70554 
37490 71397 
33416 49895 
7030 37634 
3689 81351 
79057 51427 
35135 11139 
3010 90188 
2605 22791 
1201 37017 
35287 58027 
98167 67381 
49183 36770 
91352 84454 
41178 32573 
77503 33627 
82197 84016 
52386 15098 
76685 97 
82773 4929 
13615 48176 
9137 89625 
20210 96760 
75058 16994 
43755 22196 
95106 66983 
29164 78316 
66784 50131 
30348 71113 
4104 48462 
91998 76736 
20449 23845 
65038 90415 
16620 32275 
73790 96337 
36305 98995 
35816 4104 
35655 29025 
46412 6060 
76300 50422 
78921 71601 
91812 13460 
19287 9542 
96501 97934 
48708 97639 
2388 12912 
11755 99612 
85297 8533 
59015 64275 
94247 57790 
33064 28860 
29635 7784 
74531 29175 
25231 44537 
60996 52918 
56545 63207 
55684 59305 
63880 86439 
35147 28092 
22244 27588 
85573 94159 
12221 52661 
5885 69985 
46059 55104 
32446 57691 
81398 20924 
4985 4755 
11453 28140 
26252 63059 
54910 94194 
28969 69646 
81408 57701 
52772 79351 
99205 56787 
51162 44436 
437 45302 
93855 54413 
6425 70267 
3486 20433 
80490 19233 
67267 12931 
79043 34547 
93991 38674 
93014 83081 
44670 73900 
91164 64560 
51161 53955 
14445 39409 
51251 56629 
86265 57914 
10997 6343 
97383 76476 
75508 69415 
96128 53902 
87887 6798 
64723 30890 
42722 31 
90736 9272 
95299 68560 
49009 64086 
30613 52168 
93901 41138 
7293 40934 
24275 15526 
30716 96969 
24382 12428 
76875 27107 
2636 20489 
83969 33799 
47266 60257 
52213 92656 
92898 5375 
44054 79391 
45376 92620 
56721 96366 
43451 98381 
46988 29504 
45464 3786 
24037 18 
16713 18467 
90483 62243 
58968 83799 
3900 38771 
67385 30483 
51599 77175 
22090 22455 
79953 58795 
21788 79354 
96200 89376 
44956 33173 
65480 53778 
80551 41219 
58722 22567 
4637 47122 
68088 56963 
91899 54408 
95780 70459 
41788 53016 
39367 70347 
67831 18148 
42129 20467 
45669 82963 
50525 37685 
40432 71895 
22479 58913 
37321 69743 
60024 92940 
80596 93173 
97705 1885 
85649 25935 
64228 40820 
26426 76816 
48941 20861 
16205 20251 
47083 51038 
93569 83508 
28093 57265 
97394 51496 
69842 72947 
64759 70502 
28284 45088 
13918 45525 
66847 2172 
80830 42414 
52731 85700 
62179 25597 
38393 55903 
80468 84988 
85591 44024 
27438 31514 
56682 38466 
60961 69704 
93278 60175 
27480 87935 
25879 3834 
57219 42147 
9774 95740 
32554 47262 
62301 46700 
61330 32003 
84437 58816 
96356 57474 
85741 78767 
29910 47586 
95844 76956 
57819 30317 
37940 71888 
51520 42784 
60159 12162 
98473 10231 
69240 74695 
71415 69313 
87564 37068 
65146 69400 
59417 34370 
95890 52167 
65248 16447 
92767 79331 
63714 80177 
23477 51168 
70492 63192 
87040 34335 
94 50421 
75287 96482 
42345 62901 
51751 27318 
18725 69454 
21728 11020 
65419 86219 
70477 3255 
19716 6377 
27893 57595 
44315 33064 
77459 40747 
10108 72082 
64863 73729 
72195 77891 
77413 37062 
16155 36269 
59211 82008 
22016 10121 
99031 97024 
91895 71079 
77946 88870 
13945 88889 
91949 51166 
90031 52986 
71196 9715 
37461 56244 
1943 53525 
86141 79588 
19860 83231 
31675 77938 
84120 34474 
72230 82939 
60525 62830 
52370 5958 
38870 8977 
60637 46056 
84895 98071 
79276 81926 
80339 65661 
64317 54253 
36006 43980 
42116 25517 
72198 87099 
44513 37929 
48484 61142 
68906 77039 
90470 76690 
41830 88466 
5129 94461 
85057 88298 
98171 92520 
31733 53862 
7067 43482 
16772 80916 
41550 13613 
70474 45750 
79758 62160 
77263 16213 
2677 88947 
22479 14442 
62109 50969 
39303 45816 
68149 44628 
85196 73639 
50965 29245 
22629 37128 
98684 49618 
52427 81436 
98248 643 
49706 92795 
9367 65404 
82160 9285 
82998 49618 
48381 8310 
95306 30000 
59913 55539 
5592 31794 
4920 36910 
62477 51671 
73607 85218 
76400 46138 
95974 55880 
48514 12770 
40989 2654 
96149 1812 
52957 53432 
43209 9080 
55608 88629 
50258 17601 
37379 80283 
43492 75051 
42373 58676 
64404 16808 
30634 35075 
2664 70322 
38703 24162 
93600 5497 
66761 77781 
58623 27918 
42282 62800 
42033 46996 
61699 90240 
50885 89516 
91440 30233 
35934 70523 
17547 27950 
61128 78168 
69168 69333 
96757 76847 
5342 32277 
37056 83866 
46795 98848 
86914 28866 
54883 97202 
84333 62357 
8329 88039 
25343 39995 
5098 9763 
36347 72575 
21488 48955 
95169 98251 
93488 8319 
36590 3102 
46427 2980 
90735 88929 
88147 27791 
93398 63033 
98188 3294 
76249 3757 
90892 26003 
91829 37648 
3880 19890 
53335 49428 
64997 10281 
72444 34267 
20608 18780 
59731 93390 
66067 8439 
11751 68699 
5162 92052 
46421 9785 
79557 53299 
64082 67654 
51493 20385 
5451 13437 
93448 74881 
49667 87522 
36977 74698 
45703 94773 
59610 19403 
98675 74907 
43495 88546 
38889 93568 
22348 39243 
85975 19306 
44337 57922 
83027 74398 
17668 22989 
16402 73321 
72944 50090 
55683 91716 
71757 59719 
45275 40797 
14520 28108 
54210 57402 
52217 56668 
43944 58282 
86503 22663 
45293 48719 
50538 54401 
45128 20187 
98931 7874 
71024 19537 
99360 8648 
27811 23051 
10717 62690 
83803 2727 
53011 32933 
26456 29284 
22837 24536 
7315 16612 
84848 21140 
74314 75804 
74456 66838 
45857 13374 
79925 94162 
15579 77930 
33009 57076 
89268 32291 
26491 39767 
46171 3943 
94243 76999 
85746 45716 
34830 39820 
67895 20699 
33245 11642 
79804 10668 
36980 4007 
65760 35674 
72472 38794 
37631 63939 
45824 54207 
43203 85854 
57785 75549 
7130 23604 
77081 28633 
75008 48841 
58525 63584 
84901 84824 
62707 99904 
62660 76571 
32621 99805 
87418 22830 
9229 26180 
1923 77041 
22771 44000 
48685 40986 
79515 79491 
97387 94427 
74690 60145 
91629 26814 
1510 20426 
83767 62990 
93458 72991 
45489 3873 
32446 13287 
38708 35156 
78966 46590 
6480 92394 
32036 886 
96866 9164 
6498 16386 
63986 16535 
23183 83098 
33 6670 
43437 31515 
39552 21181 
43706 68322 
43066 75700 
18140 88967 
10942 86152 
17601 91992 
386 19343 
81973 66229 
18529 50723 
99363 21271 
42824 75568 
30536 84069 
76279 86339 
69866 90080 
79562 98567 
75089 56085 
34593 80431 
87337 33587 
84947 17004 
80194 6681 
67285 19201 
21925 16316 
94939 69566 
8591 64086 
79944 82284 
27383 72996 
82962 43209 
39324 60076 
61961 87171 
28389 6312 
49918 64480 
50123 93027 
29474 46284 
27005 10674 
88135 19318 
80078 35948 
31510 24597 
56803 16172 
4012 1715 
13594 96133 
16573 10686 
38172 71833 
9126 16630 
51672 58067 
81965 39108 
13310 12336 
14571 87555 
61501 66232 
53079 26992 
64432 77324 
88287 44104 
20407 29452 
64959 12738 
43701 77442 
60152 90044 
95146 53424 
43367 9709 
68400 26262 
84598 77124 
22578 33056 
7637 12817 
59860 82209 
95522 35131 
82732 61282 
42581 20875 
29656 69658 
13248 33527 
80268 35968 
11703 62629 
41599 73322 
88314 75083 
75366 71563 
9003 39345 
3021 25073 
91850 46894 
30045 47133 
71615 21838 
63883 27351 
87307 79157 
60939 47426 
568 64853 
27223 82283 
43305 87115 
14535 78584 
61916 26669 
99442 20669 
72365 96548 
5900 65182 
65515 6828 
33966 49962 
5298 78211 
86897 60191 
43706 39871 
46781 65394 
36001 41595 
34927 24546 
77178 7985 
7374 93381 
96441 63423 
78185 57925 
40259 60432 
33574 61348 
46589 51251 
98479 87411 
62924 52674 
43835 13123 
89055 67575 
77596 45643 
31770 43064 
45452 14026 
43218 64831 
78248 95136 
77224 10002 
62238 14811 
38589 6689 
75617 80376 
19257 77455 
30181 68585 
12185 76009 
80494 14350 
68868 61714 
14588 19855 
19686 94878 
20055 31148 
7593 77289 
27232 9844 
95124 7092 
67271 61272 
92322 64843 
47027 67209 
18884 98496 
34966 11300 
57679 29024 
72736 78308 
78780 55555 
75554 54544 
13225 99127 
61234 56153 
33961 87559 
52461 64334 
57768 50440 
29838 52196 
16429 62845 
74242 46585 
58024 49188 
26222 80080 
29920 34431 
7421 53270 
63914 8955 
94435 45498 
30925 55448 
9061 83454 
57750 71479 
90525 1308 
1611 9770 
45085 3520 
59576 49705 
26308 72033 
49402 8219 
85356 43234 
35941 95996 
44770 16899 
93001 25748 
91541 49281 
84354 83384 
55643 25537 
19604 79985 
38769 2928 
90697 12756 
84648 65503 
23078 76531 
37101 33436 
81865 83861 
14943 25754 
57867 71406 
43819 83876 
20879 93040 
24269 25209 
68397 26025 
82570 10980 
16768 45551 
46332 80554 
78734 55107 
10356 25679 
46452 95401 
9913 52416 
52272 92892 
98403 5951 
10922 50557 
34248 14056 
56212 28074 
17920 38644 
72962 6439 
84166 11718 
90598 82826 
46756 71887 
48687 95580 
13526 10774 
66673 36314 
37985 84750 
50161 66344 
50449 46808 
44325 18096 
16422 5790 
1363 28593 
2874 25777 
63389 21781 
94092 37115 
74764 29197 
87942 42394 
28565 14359 
20665 65615 
20777 45274 
13739 10864 
32719 41572 
9876 67995 
87356 8045 
66891 27131 
28343 54733 
7939 41261 
52002 95214 
84559 6752 
81921 9380 
94981 15285 
13435 54736 
14310 67569 
70987 11140 
35499 29096 
15221 47889 
90417 51284 
8620 9222 
18868 77545 
98591 24523 
80075 3118 
5161 62907 
55905 59976 
6735 68390 
78070 53652 
1904 31429 
22512 87539 
87835 75431 
53401 72029 
36534 62648 
66412 30801 
69100 52928 
76382 84631 
25072 80896 
17989 14285 
99063 52393 
79725 78386 
70097 99392 
71255 89572 
80419 74101 
32142 32836 
30011 7608 
25955 43627 
40658 6147 
27958 50118 
9111 8991 
6824 23967 
12765 85923 
21270 76987 
53226 9421 
1018 87322 
23244 96903 
58150 38028 
60705 81791 
79726 3437 
9748 38625 
85422 24198 
43498 57119 
94992 70636 
15563 32772 
39527 5833 
98111 17561 
67743 24812 
33223 53218 
43976 64270 
71193 91730 
8056 48464 
94512 92965 
68931 61219 
29532 77700 
33674 11430 
29135 5822 
31412 90015 
69205 44106 
77784 99960 
39304 85752 
39647 77919 
23669 84698 
2075 15767 
62513 71758 
10090 33579 
55545 26776 
56089 51687 
19778 91194 
10616 58802 
41867 18868 
48886 75604 
71590 79415 
8406 68794 
87562 48058 
24036 79276 
28854 38631 
26045 89974 
26919 62346 
53946 73691 
91083 23871 
34345 29539 
97819 98439 
94558 37610 
9114 68944 
35406 35898 
98498 40352 
66403 50933 
94597 90284 
14432 94119 
61592 59222 
53062 69514 
23541 31578 
63823 25537 
5242 9718 
33014 23096 
6175 37055 
8055 85657 
46024 83437 
85920 42969 
20383 66336 
82853 79496 
83466 44684 
39332 51025 
30994 88743 
47198 38502 
90914 99016 
46857 66832 
42172 19930 
31654 28195 
72526 69953 
13788 14373 
55195 88762 
51553 80660 
71143 84236 
11221 35086 
28869 47304 
38546 71050 
36817 91024 
44662 38855 
64854 61828 
69028 82226 
90749 65431 
68156 49587 
65163 47721 
92967 26673 
44415 71777 
59943 27010 
34100 36185 
91641 19848 
58636 86960 
656 71345 
21903 85619 
17807 24083 
52359 9329 
20083 42482 
32363 75584 
96808 7195 
95924 3451 
3509 50307 
41670 46222 
92146 84938 
48568 56162 
73638 97816 
772 71040 
64023 41443 
24944 44301 
89139 83663 
18495 75933 
74376 46779 
412 39504 
25802 95772 
47694 42347 
16923 15782 
89872 455 
31337 52666 
21713 57473 
75716 77291 
59907 27989 
69831 74147 
13401 99356 
40750 47932 
58997 83431 
96872 87965 
13960 69808 
34112 29582 
75566 95569 
31357 4123 
53894 13031 
25201 74677 
58641 6633 
15008 13456 
13310 82820 
38536 88470 
60876 32704 
75595 92123 
93858 46255 
82664 62417 
88711 38910 
34903 18651 
49551 36757 
53673 57796 
69431 54813 
27437 35185 
98757 94414 
91854 83732 
69895 80393 
20898 9558 
64604 56448 
94992 38743 
26691 57985 
54437 79854 
16079 85739 
16833 9964 
72497 10594 
35702 88077 
7083 50274 
4218 49179 
68394 71962 
62694 34584 
35707 91420 
51420 69812 
76917 58771 
61460 9916 
70991 43918 
75185 34008 
35598 60392 
55612 85663 
19443 95477 
38998 23948 
15765 46554 
8720 71019 
28565 98870 
80090 16543 
76372 18333 
5564 66646 
49670 74408 
17704 5641 
47618 52844 
63286 72509 
7250 65702 
46126 40890 
4122 17037 
88439 31308 
47150 36589 
41013 77403 
12423 50974 
20961 14151 
60828 22111 
32514 55352 
62563 45994 
31081 80115 
7964 71453 
23716 53649 
18533 68136 
60181 66326 
84672 45719 
57924 86841 
47326 2238 
21620 90204 
9599 58428 
63284 39369 
11387 17072 
2543 70519 
25155 71650 
28283 56318 
34207 76928 
32692 98883 
36166 85637 
86621 34821 
73832 50033 
11222 18333 
33188 84866 
14981 85234 
64060 89183 
7553 90646 
72768 28372 
72214 56237 
8082 85002 
77271 59007 
11908 97266 
33455 42999 
34330 17192 
59078 37704 
19000 37327 
97670 22544 
49320 54187 
43828 85454 
8498 59559 
72179 85461 
47220 76586 
31653 44032 
71594 86602 
62642 58101 
60944 24770 
18196 48817 
157 57894 
22036 34398 
64508 96075 
75964 42925 
26210 31465 
37149 61455 
61443 41933 
21826 51536 
24202 45263 
56078 48034 
18998 40352 
86664 98085 
48351 25891 
85284 90104 
32928 44141 
28186 68936 
2313 57664 
9683 32560 
32614 30261 
52942 58203 
63442 49853 
14316 11287 
61290 695 
38519 49326 
8925 65032 
11100 44681 
91136 10232 
71976 15076 
16028 96391 
99177 68783 
58009 21549 
45494 42613 
33750 6935 
12384 35169 
25574 12984 
75282 15229 
48124 68436 
32347 15722 
13598 89395 
34748 7440 
88449 63039 
70724 83441 
50183 71488 
17945 75049 
46708 35411 
49119 63421 
32688 64010 
74318 46828 
7440 8330 
30158 73145 
7121 28198 
80753 49451 
10341 99588 
78271 96229 
756 8869 
41962 22341 
92843 3115 
53680 58765 
67746 91550 
35206 4039 
84948 22212 
68109 2391 
32493 90028 
40374 96766 
53578 67772 
55740 73244 
40551 89725 
21435 40799 
18717 59397 
37918 70923 
51809 97270 
50284 55307 
88588 92283 
85133 26614 
35745 71677 
88990 27298 
86158 57782 
4790 4507 
53485 37510 
71458 55294 
64214 30518 
8277 45654 
36471 5425 
50538 79403 
31291 59953 
35855 98403 
96461 50482 
1577 54407 
35707 29293 
42883 4553 
26666 23617 
98440 47515 
79978 69630 
75891 35369 
78763 96671 
3016 67424 
62878 42194 
92018 96594 
25560 66351 
34220 56319 
71400 26627 
333 46605 
44079 67531 
7509 1469 
69896 78158 
28552 96852 
78818 71269 
60929 48044 
58661 41565 
43667 88710 
69965 67949 
8707 19794 
99215 34831 
80004 65909 
56319 60911 
88398 79250 
28554 40363 
53221 86650 
87698 20993 
92622 84059 
9652 66686 
63772 44582 
6582 77340 
1377 21120 
90447 68485 
18340 92748 
83772 44911 
55970 25140 
68605 37902 
22760 89670 
17825 14028 
40571 13271 
84320 4959 
24955 11688 
33025 52404 
62397 92448 
88402 10019 
11386 714 
35669 95008 
46563 21085 
57943 36159 
85543 41529 
13417 22165 
86595 31763 
56802 14352 
81990 87772 
87485 51297 
16630 46549 
63193 39352 
94475 80747 
52441 92674 
96319 41587 
11630 59168 
21629 30214 
63372 44579 
24446 42613 
21506 26014 
58758 51277 
55182 28272 
22281 58008 
9555 21638 
89261 76529 
3791 88152 
52680 81066 
8481 94906 
54167 87584 
64007 7491 
65947 18082 
39008 74544 
3325 35146 
43821 15150 
88480 23926 
7616 44921 
56761 41741 
99906 83654 
95211 51732 
27240 97762 
29703 6275 
64074 44020 
31853 48343 
83184 97694 
99804 54528 
35466 67737 
77977 52160 
91524 24499 
20080 4762 
98235 91270 
66930 75023 
22259 79978 
6060 42544 
49488 83502 
3613 74779 
84490 72307 
50692 23958 
47255 81483 
46126 50163 
95870 15786 
45491 51331 
13248 44893 
42310 14651 
83612 8856 
11467 90607 
50177 4596 
37188 30902 
89306 78297 
68339 24526 
58391 5692 
92326 12453 
74822 2472 
95550 60743 
61604 70440 
83136 24291 
51555 51531 
63601 39013 
76475 31453 
65119 38951 
80279 7447 
39225 6611 
85810 10556 
25090 29777 
13888 51787 
92897 56100 
146 43690 
58372 7990 
80267 34106 
62227 44602 
17489 77264 
37997 35199 
27581 58847 
49721 38711 
15963 86335 
66913 68002 
79237 53648 
58443 54192 
39146 90009 
29234 16307 
70779 6943 
94092 84591 
58855 64463 
81517 22029 
65996 87744 
87002 37918 
25132 78964 
50117 89789 
74499 85499 
12589 25528 
38226 5284 
25606 26261 
18028 32912 
13758 72349 
2307 75905 
70292 69817 
17774 99626 
53780 42590 
45695 91393 
79838 17089 
99956 69644 
53166 82 
17363 2346 
65015 78112 
41941 40392 
89041 47378 
94481 16293 
44582 16674 
6155 6308 
60542 12760 
60770 4945 
65331 57518 
34065 14852 
48760 79296 
40425 12182 
90292 67035 
97491 7817 
24720 75088 
97375 88172 
21135 39096 
29506 85849 
83946 68835 
34653 4 
45763 42647 
82212 59053 
11096 39883 
53630 94241 
27128 12733 
83626 71576 
3210 16871 
57884 11765 
74281 91559 
90974 13068 
5063 4130 
11474 80317 
61664 51264 
62635 54903 
35153 39982 
86374 35121 
87671 55022 
96010 74047 
5838 56053 
58845 42976 
88485 38117 
3583 52477 
66133 31779 
39501 30220 
48218 15644 
24437 65030 
20682 63206 
46838 39938 
71349 48461 
93488 93576 
3430 90254 
58994 68823 
8500 24045 
15709 30410 
9500 51576 
3500 59065 
51547 33883 
17603 58743 
13796 61141 
69796 45677 
39093 54043 
73200 23194 
29847 25706 
54268 84624 
38312 60571 
26829 28169 
87404 47294 
72577 12169 
94180 36343 
59944 27018 
32313 79830 
99050 10814 
62118 51020 
74265 89857 
77174 34079 
17882 82230 
65042 20750 
88498 62950 
56301 50020 
95940 52563 
40867 79246 
70899 57543 
63505 80790 
11914 60515 
71444 16894 
54957 31035 
76202 57360 
1582 3582 
8975 69521 
10442 48382 
94386 28064 
3972 42845 
40910 63471 
67109 36622 
47951 92126 
18165 91698 
59337 48623 
13299 70407 
50906 71332 
5517 38915 
25891 76000 
16724 51449 
5980 88982 
97067 81438 
48191 1601 
39682 69745 
88144 50265 
90884 67271 
8820 23098 
45988 59497 
60559 43196 
49136 73890 
12869 81051 
21866 87603 
1465 4254 
29632 72542 
45058 81262 
58082 37609 
45532 17870 
11611 53824 
52442 19921 
65582 77022 
68189 43894 
540 14952 
93736 18181 
21891 20869 
66435 92187 
21687 34079 
21252 97812 
70553 29390 
14666 88485 
37236 82087 
86482 54549 
20863 2759 
99014 665 
46713 47216 
85334 10813 
20170 60726 
58732 19556 
55474 72934 
84036 54403 
96005 20067 
88126 13442 
21043 34439 
91732 94841 
90308 7729 
77559 394 
12045 4178 
70768 93974 
33018 72573 
97038 7564 
39515 81779 
708 52500 
27285 83590 
50899 11597 
45334 88777 
37072 59049 
43578 27493 
57110 79290 
57578 53543 
30830 33454 
44955 43570 
29707 52639 
47516 36787 
99657 20862 
90749 58690 
67871 47422 
48058 73033 
66966 18320 
90952 10350 
80171 59450 
18388 28466 
9736 40481 
8548 70656 
97486 97637 
64565 523 
81157 56067 
32068 9135 
53119 88015 
50852 9637 
99090 51729 
65637 57251 
33617 17849 
61538 58510 
16384 4947 
8767 62535 
28824 13984 
98025 59318 
14034 72610 
23170 45212 
34666 74570 
20934 54226 
83229 26920 
8854 95205 
87197 98301 
72005 79618 
87274 95251 
36769 72430 
31416 80306 
35556 49415 
19425 85615 
10268 98250 
53371 68849 
24261 57896 
97645 4368 
52647 50990 
29064 1951 
99021 27379 
62290 97796 
43030 3403 
68677 68107 
57680 51192 
67751 74236 
47870 64975 
59634 60207 
52372 7286 
84062 88343 
20321 16959 
37007 16827 
20242 42916 
49488 94183 
64758 53037 
34793 70016 
37325 55747 
40118 98752 
88704 63482 
96570 43723 
30341 21807 
47462 72597 
89430 25737 
49050 72009 
6163 45655 
80088 99152 
47494 89273 
67042 31178 
83748 33159 
30294 69449 
24487 67645 
83349 4972 
38264 12292 
71852 53833 
87252 75607 
22101 26967 
92210 52306 
79817 7328 
5835 74209 
59052 69319 
13274 56704 
88437 90292 
97439 11734 
37353 71990 
3697 30381 
28165 11000 
13651 73391 
92310 31596 
90922 46336 
7799 21798 
93196 77644 
63653 94030 
54278 62335 
32755 25472 
27491 82062 
98828 19984 
47471 62933 
75498 73464 
11270 86600 
75816 17521 
1650 27223 
39148 62582 
75532 47172 
99020 60832 
18811 47717 
80260 61844 
25085 37439 
46710 39328 
90301 50755 
81817 26096 
27960 21677 
73554 6193 
197 93813 
92433 78041 
28942 26631 
96753 20552 
98314 40119 
72793 65327 
84500 25238 
19287 2387 
52619 35956 
15336 24328 
41374 70112 
68793 44344 
15811 41054 
28209 7264 
6082 39682 
55591 49572 
65824 87450 
99492 54293 
77628 84874 
78374 89734 
5043 67210 
82727 17223 
40650 89228 
31070 2331 
27967 74408 
69754 66488 
41300 80333 
89406 71480 
92114 51753 
41868 38008 
93110 55485 
80670 61283 
51910 17242 
15328 1607 
85101 9447 
65212 95932 
40348 71251 
22217 57591 
89423 77206 
83173 5695 
8161 9431 
92677 93166 
90766 29614 
44976 82905 
55299 91818 
29532 55303 
84833 84814 
69088 17123 
14450 43544 
91319 21712 
18110 23325 
95572 3578 
71396 87525 
24736 76551 
66239 19694 
28933 44064 
31948 34539 
12522 22533 
73215 28590 
88794 84399 
70238 81074 
27801 86038 
98709 88247 
71899 57619 
18129 90322 
10879 96900 
45763 29126 
53968 27014 
80517 56746 
9529 49504 
66128 711 
84917 48180 
86268 79569 
48779 76810 
65510 54307 
55959 94204 
9592 95607 
21209 93987 
55994 44749 
42103 13127 
21581 46820 
13774 93252 
27900 38893 
48566 11842 
56703 82979 
12182 96593 
38353 43803 
14607 85540 
4009 24834 
48824 97989 
38816 92505 
53313 36868 
57816 38182 
85285 51786 
88869 50209 
30839 53930 
87637 94214 
45445 88854 
28478 28884 
13623 41272 
12119 16540 
40188 67188 
6043 23084 
37096 22987 
86759 40289 
49737 88560 
84475 4904 
74390 62098 
40157 33650 
54624 37902 
72568 40972 
8576 65336 
18581 57275 
31315 27027 
53944 19354 
36934 67467 
23602 61915 
53509 49348 
10822 99265 
60778 14315 
52564 49687 
65118 77228 
64886 21489 
39353 88604 
76667 49355 
15951 58609 
82510 42377 
11305 47771 
16408 81029 
76115 94545 
16620 79340 
12265 67894 
99165 10664 
70149 4301 
82437 80696 
42040 12863 
8678 19742 
96903 9641 
89386 57796 
59936 72946 
61200 40551 
26187 94955 
76427 42290 
11731 41886 
68071 32420 
88192 24858 
23078 56446 
16804 26671 
69504 99333 
96714 25913 
33385 9393 
68951 9112 
49319 74289 
72183 64110 
15126 57195 
29387 3383 
65416 20806 
55518 74742 
1491 89640 
15461 78645 
55739 26962 
28832 26317 
87518 31632 
13593 40911 
4498 92366 
83985 25162 
78545 72081 
69955 93287 
78420 33442 
5016 92332 
72953 58179 
37407 18723 
67791 57415 
55459 69492 
26445 17954 
82201 54428 
92051 80408 
86572 35396 
70150 98994 
78978 52075 
54717 90013 
7479 39609 
79806 36225 
47566 42948 
57389 77755 
83247 85110 
18285 86645 
10093 52166 
7614 91811 
51920 16424 
98729 93894 
71941 31129 
80368 85405 
76518 94913 
40573 70551 
55043 2316 
17921 61241 
73016 67874 
15696 11065 
37051 35593 
77854 37384 
80323 63083 
6993 73182 
74879 155 
63994 84973 
63276 65426 
26615 90787 
16153 61250 
29 13157 
64663 57253 
66150 6032 
27058 15828 
30570 1643 
47290 29104 
76008 33652 
90130 86256 
59427 6244 
92110 92440 
96279 95353 
50479 16222 
59865 87837 
43428 51025 
86329 87167 
13975 38001 
16603 40084 
17198 12593 
25391 67658 
25913 5194 
84321 16350 
13428 47451 
81434 79884 
83662 10098 
72448 81174 
98708 25650 
70556 44985 
61823 29836 
90986 36705 
49875 89362 
54183 90305 
53411 70398 
17143 99479 
74837 42121 
46330 99931 
55568 2732 
67539 27940 
51566 61540 
28190 541 
53340 10014 
85749 26091 
51269 67177 
92323 20450 
80007 90252 
79951 73659 
36776 166 
63705 84747 
57514 83362 
70443 58174 
52126 96262 
69903 34415 
45488 16845 
31794 9349 
44404 58943 
57646 82318 
52378 89222 
39397 61155 
83814 64212 
78048 43951 
87227 35357 
55186 91967 
73019 53723 
87765 5848 
55584 42810 
12288 18196 
61762 97899 
38331 19525 
28084 13365 
83372 41781 
7784 35655 
50957 33862 
35207 88868 
42458 76925 
50046 22386 
99048 3809 
66722 85519 
54958 6494 
85286 42850 
45707 38306 
79354 5763 
55709 43431 
63909 70595 
8492 75307 
41161 21907 
99772 97615 
46245 80560 
48687 96807 
66163 50617 
95744 73526 
85170 46499 
7361 21746 
17720 62432 
56376 49114 
26120 79870 
35476 39699 
84188 95434 
26239 11277 
40518 91819 
90308 73231 
55353 67209 
71214 48322 
33601 84911 
95443 81810 
53181 4256 
39569 24799 
92707 6243 
86633 45171 
95373 32968 
29398 89118 
66994 18582 
90748 89021 
95264 1331 
22164 89313 
94635 71163 
10116 40968 
26567 25485 
67142 97367 
18497 76797 
9501 29584 
6485 80290 
26507 67472 
56313 26920 
27991 64467 
75702 78020 
15831 78627 
16369 1235 
63056 60213 
78773 4353 
99778 36953 
74727 53571 
99055 92180 
73424 5772 
27730 38126 
54983 80618 
77438 96934 
22279 47537 
19136 15312 
76592 5168 
30926 55271 
45539 86354 
33338 22998 
62773 30498 
28923 20703 
38107 26890 
83639 32108 
23993 47556 
6436 81304 
79699 56275 
80381 36792 
58075 1559 
73754 67793 
91439 75730 
12804 98289 
32917 49682 
29168 45764 
17465 73452 
4441 76239 
42855 66438 
21990 54939 
35049 7915 
1818 22847 
54680 78426 
38130 83337 
21766 95717 
81234 40288 
84326 35060 
5509 89257 
33205 23111 
83374 26735 
70240 46939 
41570 8957 
69754 25364 
10523 61413 
34460 48487 
90142 12924 
35968 3089 
46159 4056 
47402 66506 
19939 98622 
21037 69686 
81670 9174 
37388 1288 
81949 32620 
53872 49031 
59980 80506 
10915 51919 
47981 79971 
11316 67553 
70835 16055 
74692 42418 
77639 83749 
83007 9853 
57528 19098 
75456 30362 
85980 82631 
21402 31983 
19811 75559 
98583 4616 
9131 79408 
30480 51546 
22784 23138 
91510 3826 
90130 98325 
71633 58745 
46499 62577 
2980 12317 
32247 94134 
90277 17528 
36068 86474 
54136 15020 
92062 751 
91674 50969 
37028 26013 
82466 18086 
9558 32414 
19507 30017 
25726 41011 
24625 66815 
97501 75222 
15708 9773 
69510 3682 
29146 17555 
37362 31958 
65047 82413 
76457 51485 
15052 45192 
54066 8073 
53026 40911 
19442 9472 
17391 92890 
66805 51738 
90562 72704 
44282 7510 
85710 95711 
38214 85834 
83997 27428 
96741 42771 
26471 34761 
69143 94796 
53936 27881 
28154 62887 
5445 3496 
11321 54171 
31437 18337 
64430 70155 
51081 92838 
95147 15814 
85072 69368 
48212 72180 
24876 26733 
94904 86585 
57360 83306 
88950 29353 
49760 4795 
78640 63453 
14103 69477 
80662 74555 
12505 33683 
14987 12890 
35131 83372 
72129 5467 
81192 53834 
34189 7453 
99977 48866 
99319 74890 
3720 93216 
65601 57438 
46996 7654 
14779 29460 
78409 4721 
98921 502 
9442 65019 
73773 72143 
12686 68853 
41431 37132 
57018 26096 
61938 48914 
10877 68343 
68496 24872 
96420 41747 
74203 84993 
57131 66334 
89603 69181 
9387 8218 
79759 21050 
84474 44777 
77204 73816 
31769 89691 
32830 24743 
46021 84685 
30607 38640 
2136 57886 
14024 78012 
29359 94872 
72219 17734 
33438 67854 
12011 65487 
80117 20823 
98365 75708 
86237 14094 
80317 14423 
25733 90352 
31982 5105 
47014 36141 
28975 61547 
15441 77655 
49435 92785 
40092 67766 
35823 47198 
17491 92433 
78728 48181 
26656 48919 
87194 62171 
39614 25705 
91367 31310 
69417 44571 
82777 97630 
63757 8955 
35156 43450 
66418 39584 
64405 73503 
11093 68258 
80180 68348 
82506 3754 
53547 45737 
78324 80026 
75237 76866 
31974 46160 
7259 17809 
11303 60008 
37000 32956 
90904 2982 
27364 6879 
6972 42189 
19162 63840 
42717 27894 
82627 39980 
59650 29234 
33828 82306 
85449 79208 
28687 80636 
92678 21102 
22434 73996 
54263 22882 
35526 11290 
41431 53488 
98445 87579 
37724 95549 
57212 21952 
78727 2726 
9098 90703 
91337 96702 
3710 80427 
98634 38790 
88470 79620 
76885 4177 
99517 84550 
99701 33041 
99112 55359 
81053 32069 
38878 21786 
33624 52355 
84547 4362 
91890 75233 
72359 86607 
10364 96273 
79859 46449 
36586 9498 
84541 31029 
75728 58820 
52678 38017 
9113 41747 
47596 48697 
2440 21627 
71796 43365 
41227 28989 
60517 17913 
60703 9995 
25697 12024 
95349 10581 
8762 53997 
59278 68552 
38256 24995 
82842 22724 
4077 46374 
73097 38130 
53884 97776 
36210 89386 
89274 80765 
98408 40512 
89372 53076 
88709 8784 
17719 71892 
1501 2690 
74714 1101 
39917 79573 
42291 57074 
51990 77270 
30156 90309 
10751 35875 
73598 26107 
56697 40659 
51758 16514 
16470 85298 
92197 87823 
35148 75697 
2715 3246 
11160 69074 
24584 98710 
2682 70344 
32716 91236 
82226 88469 
17740 4001 
52205 89089 
72602 99939 
98410 66593 
71966 66595 
50600 98706 
76590 48971 
39847 39763 
16805 84230 
90799 55002 
9319 52354 
63664 97551 
39796 20277 
65552 82202 
6 23461 
83661 15660 
2827 98561 
53890 1604 
10948 53553 
67566 50769 
5873 37582 
36304 91146 
92666 51794 
80395 91492 
82846 24547 
79665 82538 
22930 59639 
27426 84577 
39369 54589 
57881 27577 
51949 77485 
75306 80510 
67201 85571 
99328 90308 
983 66471 
54801 67638 
95096 83855 
77054 46656 
86647 13323 
73709 88968 
60869 61447 
82781 98177 
68165 71136 
93456 60784 
14410 29887 
50716 31568 
39849 13976 
47881 37211 
86440 21286 
22195 80575 
16065 68199 
7728 89876 
82756 51898 
67154 71941 
80951 8375 
19370 96799 
88735 28623 
3476 62033 
151 30709 
71267 59669 
93864 23816 
80199 95787 
16829 41849 
66685 93624 
71063 68815 
15618 44623 
79244 25970 
6181 58700 
70566 41560 
6286 4950 
72128 78033 
8382 27063 
13120 48701 
47944 63923 
49147 16089 
22562 5191 
92275 27588 
34382 64078 
88712 10546 
11539 55130 
20528 18529 
25247 23491 
20397 93273 
8407 83964 
79086 82706 
98827 93103 
94240 34426 
75618 95655 
56015 66148 
30809 57852 
90177 99907 
19927 24374 
82535 35141 
65045 13243 
89896 27331 
41724 93476 
2237 33469 
67321 74012 
58353 83390 
22254 69258 
32980 36884 
78163 96514 
7243 90516 
77254 3638 
6235 5184 
5688 21475 
37659 35732 
30524 84898 
93641 57297 
24510 68762 
84235 99564 
85928 40625 
55542 19759 
71729 40785 
8022 67932 
1367 62003 
71267 23982 
56009 16209 
10360 14887 
93220 43587 
35920 52689 
20762 40577 
65028 69102 
24778 57701 
33449 60924 
27461 45516 
90921 1994 
57179 7601 
20748 22016 
50084 53148 
12526 374 
66378 28552 
82575 73890 
96720 47356 
80467 11523 
54635 30937 
42039 66118 
99340 18541 
49374 73562 
10073 4574 
36424 33099 
37757 13511 
35355 69039 
92796 28340 
93114 43758 
88784 47148 
326 64592 
51095 54285 
65397 3158 
16614 57480 
35464 24599 
96248 60334 
12895 6406 
45427 10823 
41062 11700 
89441 90761 
36397 70261 
80251 88601 
25035 12077 
19323 28534 
1861 92816 
67081 12517 
67353 48393 
73697 68708 
13342 16657 
8282 89692 
22663 68264 
33883 86979 
19627 95882 
74288 84425 
58369 21177 
45255 22555 
64322 92379 
77604 48208 
50427 61725 
42474 19480 
14175 51744 
145 64646 
84133 42053 
32923 95552 
25393 34241 
89910 90908 
32159 81426 
66880 32978 
32717 1177 
68016 2366 
7107 25771 
47919 9897 
71021 82105 
12103 72047 
10850 35127 
62072 16928 
64208 73229 
7134 41551 
27921 61857 
29264 27868 
41156 42405 
79591 65072 
35211 7537 
5533 18688 
63491 41136 
56098 33156 
25252 71402 
89558 53973 
74949 48942 
12478 7847 
65352 28240 
11993 84930 
7087 500 
4257 25853 
39827 98623 
11153 28123 
1116 70946 
94644 51380 
47624 99380 
23536 19065 
30624 19727 
20984 85268 
52579 87176 
42713 59810 
34937 18397 
65716 62076 
8587 33118 
25108 4684 
97911 12740 
22843 91745 
6943 91250 
46162 53305 
31894 94621 
75929 27501 
18126 48851 
35418 45013 
51645 83949 
28647 66611 
25285 71414 
44031 73876 
47955 46143 
53880 15661 
71700 80197 
23220 68386 
95763 95494 
52405 76970 
69477 25242 
17185 5013 
56496 59812 
37166 37801 
41744 41747 
98993 49731 
59438 6747 
84157 69002 
95617 2690 
2954 46677 
71861 57184 
15923 64713 
48199 5581 
32009 98074 
92707 36083 
8707 79787 
52878 56251 
43637 4559 
29569 36181 
39247 46566 
98189 37551 
42794 60059 
43749 94918 
12241 77639 
76507 75866 
35414 20356 
73154 10007 
34507 86247 
44838 43327 
20973 89478 
67796 44009 
26834 80952 
24965 58608 
27639 93064 
97655 93333 
89556 16222 
15228 74213 
18518 32827 
17689 22024 
62855 5574 
11197 63127 
22523 41286 
99733 85749 
47818 28908 
57495 42727 
68369 80867 
66073 96370 
79253 90682 
78058 98860 
25215 56555 
84445 2477 
66284 10562 
57069 97943 
78466 36205 
9236 86299 
41744 53186 
67866 14 
94263 97672 
78646 2355 
86381 28690 
72052 10601 
51154 46894 
2580 8266 
18881 20635 
36105 34304 
42479 76065 
1034 63084 
67745 22965 
37737 17987 
77987 56045 
77742 93562 
66016 92652 
59264 96463 
38180 82150 
38845 53737 
34879 49663 
90270 78571 
59925 17451 
91354 28211 
47155 80877 
86814 36521 
56831 2729 
81172 54545 
86696 29618 
59451 86419 
2915 27235 
55435 65128 
44702 77423 
87336 72839 
33073 79380 
58942 73934 
18968 49690 
80673 95358 
38866 21507 
99438 58546 
7093 1858 
38777 39918 
63143 57881 
41519 12838 
9647 67744 
76007 2924 
22015 90041 
13923 70712 
84324 76691 
12855 20968 
7687 78644 
39961 26274 
17094 71155 
54424 44058 
50682 55963 
25881 843 
1365 81383 
3601 15251 
44956 58155 
66902 32183 
41183 38818 
81156 44582 
64420 71459 
55697 86348 
19466 34867 
50047 90176 
24403 11448 
3092 17534 
97309 56683 
66204 84432 
66546 79496 
5745 26320 
35357 56588 
3041 68173 
70664 65578 
20564 91701 
53277 36795 
21979 20656 
22076 91561 
30638 77291 
68333 56053 
86223 98323 
87931 14118 
12447 37098 
79087 89862 
40091 20188 
81038 31410 
39106 71251 
85236 906 
1123 62760 
14715 62670 
79421 7081 
59608 1329 
37271 52374 
77183 94841 
77519 5934 
13322 13510 
26408 67836 
79002 15394 
22810 21119 
20141 60970 
20440 91271 
52086 75478 
45057 57372 
91021 46048 
61274 70051 
3795 52543 
94316 7231 
14878 95998 
20916 77714 
54633 6567 
90507 64712 
6589 84137 
62966 86748 
13055 49031 
52394 41680 
28241 57690 
47761 91142 
65908 68796 
40716 37297 
74646 28967 
28454 41580 
88022 83997 
75270 35946 
39127 11525 
10270 81193 
99457 14123 
10671 34017 
611 7940 
