68747 40937 
93700 47282 
53842 90728 
35312 22406 
31705 27292 
33963 84210 
70319 11654 
42739 70375 
71706 69614 
50232 57787 
74085 8646 
37970 68031 
98346 45594 
10380 1119 
58991 30669 
57729 37701 
72283 25993 
1625 61809 
85058 72832 
89943 21125 
16530 60656 
53479 59846 
52361 93284 
10123 30386 
55382 32646 
4062 14492 
60575 89054 
97242 61788 
3262 18387 
88296 84312 
88931 81226 
20125 29327 
50730 16717 
51501 89488 
56354 84837 
10372 99381 
19943 34726 
16893 10550 
46547 63882 
62823 33268 
86811 43280 
60519 82675 
7795 96829 
29587 69315 
92129 40125 
72136 29684 
62240 3032 
98641 1079 
88942 83448 
5540 6886 
84407 5417 
73030 33344 
98418 83802 
46880 46911 
33729 29858 
91668 22566 
71484 67267 
54458 27655 
50866 66613 
57767 33373 
78493 47758 
48535 6508 
52545 44215 
65897 67788 
74202 71357 
54657 89974 
84722 91214 
43711 48792 
10295 20559 
29024 32848 
18809 86163 
49334 64892 
92758 91333 
19407 86075 
740 21218 
90438 7314 
6336 80881 
40134 37437 
87646 29775 
56017 56467 
53352 48983 
64665 14217 
31887 53505 
76888 99333 
79161 40828 
64258 41960 
97238 49198 
55911 84403 
81492 84215 
46259 78497 
16955 60793 
33968 45805 
25946 99010 
70521 67350 
28523 6993 
82700 53280 
14921 81768 
47465 79673 
44828 59852 
40029 69627 
82231 53385 
46308 38867 
46527 14727 
29469 22265 
10670 82693 
66970 47003 
5386 76983 
29252 20554 
94805 23873 
54171 57199 
73342 15842 
82279 75519 
96257 30592 
57237 61096 
97057 60770 
62911 3609 
63723 34731 
64134 85566 
42744 40784 
41625 21133 
15031 2629 
63244 17789 
41000 92087 
13532 61028 
3465 6694 
11388 2858 
86451 84397 
81794 68570 
15649 75307 
11632 83028 
51935 41383 
11941 57708 
73239 8883 
29372 72771 
2021 55586 
98108 34623 
35699 75002 
227 88768 
15611 23220 
7207 20178 
26422 20478 
8248 78971 
52392 49243 
92057 27892 
29462 63275 
37964 19896 
22916 98086 
89469 79078 
29143 52155 
28771 76266 
47060 90440 
44327 61779 
89813 6940 
85196 42160 
10631 71472 
25657 65162 
98004 77294 
21538 7799 
54901 887 
25716 45988 
14266 82902 
44399 21117 
58811 40206 
58105 8812 
6943 22945 
1640 38251 
98632 37656 
95937 6553 
65154 67758 
51257 82097 
94828 36069 
16053 93067 
13241 70564 
28698 53066 
80912 54170 
40322 84374 
73959 62169 
16150 61186 
54034 16659 
90037 10170 
52664 16518 
42289 73688 
92085 33458 
94405 62272 
39772 99991 
66026 97217 
47078 53534 
19176 71630 
53750 42346 
22764 38811 
49563 43674 
6400 70557 
71903 92175 
36665 14783 
83858 67612 
41344 21799 
21232 44795 
27464 1651 
18847 65888 
87575 21114 
26621 55433 
65331 48262 
4116 61844 
56234 4965 
38610 75618 
52309 93230 
66196 44133 
508 20004 
88048 75666 
33821 56862 
64672 1145 
51317 35958 
39852 41136 
68796 1674 
92928 7725 
35239 8579 
43181 56166 
11896 80675 
33297 89595 
40680 24280 
246 11567 
86380 17529 
1367 15844 
23309 83116 
1063 572 
51113 87754 
39231 94906 
66771 1738 
96385 90124 
90240 95094 
42427 74387 
39697 42963 
6092 80601 
79036 62200 
30340 70156 
15022 3605 
85300 91870 
4447 79767 
94842 75077 
42636 17202 
95466 38542 
43847 83266 
86912 22779 
91366 53286 
52728 82350 
30514 51406 
26031 6847 
1330 19829 
50780 74512 
59346 45478 
42093 80835 
12647 510 
80519 25980 
11339 33708 
84608 89484 
61556 83448 
93749 68481 
333 69772 
58967 6536 
59919 63028 
83193 94204 
70542 19604 
74526 79540 
99160 21481 
76087 87065 
98395 55644 
14277 7037 
44633 21833 
63626 83415 
77187 62666 
60873 98510 
11440 68893 
13512 25081 
88071 24318 
38779 92502 
37721 19891 
37886 92650 
85897 84532 
57295 33274 
96423 51435 
13902 31865 
53416 2927 
64246 31422 
11565 14396 
79204 11037 
2365 48351 
45072 58805 
70028 33399 
49587 72361 
24949 99714 
27111 53213 
44858 32527 
31087 65021 
24241 48232 
73825 33141 
71128 93894 
23784 72978 
76998 20244 
78740 48068 
40356 80734 
39572 75343 
7431 64723 
93869 14629 
4494 81628 
81170 2200 
75431 74636 
52365 14079 
5521 57532 
54625 73797 
7766 36290 
70207 51425 
71632 98219 
12597 35977 
25777 25803 
36637 1629 
46057 19813 
50667 29745 
48072 96831 
28161 93269 
39515 60010 
3949 57870 
71746 28719 
5835 5041 
22327 52673 
16261 36396 
60634 29185 
80646 75515 
97198 88404 
79136 43969 
94126 10694 
56708 51500 
18678 92756 
62919 6859 
55040 84669 
87084 25442 
50334 78717 
87233 82574 
60084 42662 
1959 37233 
75634 55109 
3066 29954 
61423 18633 
93960 40813 
3567 97543 
83757 78638 
72849 51493 
70371 60968 
35003 13563 
47134 35790 
99095 92018 
7015 90712 
80830 58636 
56082 92981 
71787 23315 
63572 4640 
47856 84614 
69800 21113 
20564 88942 
45086 88644 
33522 27309 
43004 66271 
32872 47854 
19444 11382 
95408 64836 
95368 84413 
80950 296 
25578 87896 
86583 3344 
98434 77761 
19537 53788 
32165 10762 
72783 71797 
52287 20805 
82786 23353 
31584 49168 
72455 32424 
49241 88803 
33931 85114 
78901 41306 
85673 38499 
46810 26665 
46209 27403 
10643 30473 
2939 96076 
97233 21118 
18550 68540 
3133 20270 
9891 11328 
5800 64039 
54552 35391 
55139 49290 
28934 30131 
15277 19843 
58269 21881 
4624 10685 
63804 1524 
38662 34821 
25308 71575 
14337 66999 
38078 21701 
87562 51328 
32765 53481 
86033 35669 
43667 40161 
68436 14685 
56506 25209 
88068 45568 
40269 34668 
43999 85716 
69323 2640 
6158 89999 
71844 86651 
82013 96791 
98459 80224 
52043 26514 
91082 13694 
38768 14272 
46040 71068 
89835 98957 
7918 40753 
49498 95256 
914 60942 
64820 82125 
3077 16739 
22998 51494 
95417 95347 
44463 74429 
72694 8110 
62719 58392 
85589 43791 
6403 88950 
94996 26107 
61594 71974 
58340 10406 
33180 18284 
35091 69289 
42869 41700 
94100 85048 
98484 73557 
28851 87990 
44200 32035 
38453 54025 
54671 23011 
11927 2347 
67288 90644 
61281 14590 
56326 80547 
84901 30545 
40306 26131 
6926 62339 
79628 19617 
30590 8906 
65395 83179 
63893 45661 
22289 12847 
24524 10476 
48492 28013 
7604 6367 
93837 22802 
4605 93745 
33750 82051 
94721 50659 
30991 94258 
90975 38136 
89820 66655 
12554 19554 
97917 23392 
72089 47912 
20263 46858 
12067 52934 
56113 4273 
98037 31141 
95354 86958 
78001 66329 
13694 78039 
47096 85345 
27542 55883 
14630 84605 
88848 35161 
56562 46503 
37835 45203 
50657 1676 
47216 46184 
33853 83013 
85379 87686 
91780 60390 
97981 21316 
88905 41282 
57486 89288 
74432 71728 
58409 24294 
53888 74571 
42384 12467 
99215 17454 
21624 90870 
81241 11741 
31961 73714 
47546 5366 
87376 27356 
36049 47532 
26749 43187 
10020 71270 
40573 89575 
23783 61031 
40438 59346 
80025 46842 
87332 67641 
19408 93952 
26162 96468 
91104 37497 
83327 26944 
88884 45383 
71845 47942 
1592 79416 
14186 80731 
19067 64633 
36855 13240 
55040 69876 
12726 94671 
97032 48820 
27237 1435 
69944 90006 
22756 48813 
4838 76843 
31799 89175 
37288 64136 
44249 7298 
20733 36379 
66303 95997 
29425 24854 
19629 71241 
42834 25545 
98035 64867 
48808 77924 
45938 15163 
76288 35857 
48020 60852 
70082 86210 
22664 32361 
49931 48150 
93144 25790 
54067 16737 
69972 39610 
53459 98065 
15447 51872 
37122 20032 
77130 16597 
11133 92781 
70863 62017 
24438 35889 
65875 80457 
33025 85601 
74658 9923 
40748 44697 
78490 20816 
9826 40052 
25841 37705 
16985 8473 
25369 45738 
42231 40137 
17815 53986 
16398 70733 
51818 13942 
20916 28366 
7528 20350 
28641 9354 
8869 53710 
98123 78227 
40387 59040 
85361 61561 
37868 93850 
16867 32724 
53216 19796 
75778 65172 
3610 57122 
88782 65622 
2501 68713 
65798 85260 
35772 91514 
36622 47054 
90211 87026 
49162 20356 
63426 39750 
42435 20108 
84439 92696 
84141 7341 
52387 72433 
67418 20056 
57151 22702 
94308 69166 
80164 35201 
34475 92854 
86280 38922 
36890 74541 
8280 85307 
89493 94556 
94464 45486 
67218 3735 
36732 17980 
82352 78282 
21668 30516 
52800 39626 
50348 7995 
33679 383 
53964 70113 
15512 28140 
91805 16820 
78370 2444 
55740 57506 
5454 77221 
21090 40728 
1891 50758 
77592 45240 
34949 88480 
46151 286 
10369 39925 
37178 13299 
26233 40645 
34511 96588 
503 92200 
95291 1055 
51338 68976 
40615 84637 
20293 9252 
74412 65926 
67674 9765 
8668 39261 
36616 57946 
92028 56651 
77847 4079 
35733 13955 
50656 96825 
5957 14049 
67214 79869 
4857 18043 
27214 74890 
93958 37172 
97689 56603 
22989 62542 
28896 59361 
14896 77737 
61332 41551 
23446 50125 
71217 74030 
23716 50718 
22210 11866 
17716 9579 
39618 54855 
37500 74008 
78 1609 
6337 132 
34419 54442 
74867 75018 
74363 37847 
83635 36057 
34729 52052 
15990 27129 
11994 94969 
96081 6934 
97316 50762 
55485 3867 
47573 61366 
39032 93965 
31465 68444 
45442 63696 
69422 37610 
1625 7725 
15830 54180 
50872 3334 
89995 10271 
94583 97753 
48304 86771 
64823 42462 
4207 70520 
20706 9359 
44918 36964 
55431 27729 
64157 71647 
72810 88050 
28778 51 
42184 68945 
23790 44652 
68877 56958 
75075 30480 
23658 45340 
31999 16032 
59186 17659 
3163 35108 
3978 44796 
77688 96912 
65185 49785 
31729 6747 
90296 23931 
15304 37664 
34877 9806 
38075 4637 
58526 1931 
24369 67148 
24479 54382 
87519 13494 
9617 26015 
81510 60723 
41124 38668 
23942 37764 
63625 71433 
48514 6161 
6367 64973 
37475 12737 
63847 63879 
4924 61608 
25267 82153 
50377 39138 
88291 37213 
78676 24737 
70806 61134 
87078 72874 
90734 64386 
53320 57220 
18410 96955 
19438 26528 
18649 24447 
55317 33683 
90340 12723 
3217 64292 
80254 93540 
49932 9256 
94723 65869 
46777 96939 
57957 72766 
99252 24888 
68973 82089 
78035 8494 
90459 90811 
60830 94534 
62390 67377 
680 71246 
70778 44223 
30471 43395 
17684 73528 
55665 30733 
32467 63234 
57694 91314 
36197 17498 
29001 67341 
21285 16017 
87355 492 
36588 80024 
71857 66172 
74589 89265 
5979 31655 
41752 33894 
23987 51797 
55713 7988 
96287 77815 
53726 77239 
56498 69557 
15599 82412 
28463 69768 
1359 72262 
74982 20043 
78948 94878 
41647 72466 
70509 14780 
49014 78396 
77147 64624 
94195 16402 
51524 84971 
59041 55064 
75256 53350 
86203 33154 
63792 54724 
76677 79668 
65304 99448 
82826 89230 
42101 51974 
19418 14606 
23159 93785 
91889 37343 
94596 7416 
45790 30039 
51260 34952 
74333 29267 
67084 33990 
81953 96906 
54441 26832 
90976 59419 
73464 14526 
95767 79595 
21151 6416 
14139 33288 
77036 97941 
59346 34930 
7303 14731 
57631 79875 
32465 29376 
66105 49091 
45038 48784 
3614 52270 
23159 64664 
93325 69132 
23659 57404 
29871 85507 
53831 44527 
26245 10716 
15011 68884 
65975 5850 
83006 28881 
84702 48726 
40563 63301 
31902 10630 
5243 16643 
18326 22375 
2454 27414 
37572 62796 
17832 1442 
61320 11474 
25789 55024 
46856 69305 
31746 38605 
62824 65481 
84429 80693 
34563 37495 
11586 23828 
33892 91989 
7547 59707 
89907 28587 
54319 8905 
77089 36272 
89221 32177 
44988 52453 
41545 4922 
89729 8557 
48331 34168 
31791 72785 
25075 48296 
56766 40634 
11007 43744 
96225 16819 
30585 30047 
74358 78469 
12923 74823 
22709 8738 
89103 13711 
70111 42444 
43674 56737 
47839 70913 
31100 92262 
11034 11874 
80526 62368 
66621 62106 
2956 59451 
15198 15434 
83780 72783 
59824 46783 
90552 95939 
8140 34146 
51042 91224 
95931 14681 
59774 95632 
90010 48557 
52645 44369 
86234 94763 
48670 82587 
4478 86760 
95492 33747 
96566 32706 
71050 93902 
25430 54883 
87597 25188 
44203 26060 
16281 28957 
2449 56700 
572 89213 
33439 36220 
55038 90422 
31116 34001 
52344 30248 
8358 21350 
85794 67402 
39129 84361 
57353 67553 
26312 59406 
81797 36116 
4270 37942 
16500 55751 
80624 55386 
23311 78510 
45229 99986 
44121 57865 
26038 51964 
24881 44179 
51295 90616 
54239 8731 
85414 87632 
92389 6000 
41948 38607 
53361 31692 
41205 71500 
69667 84860 
72343 10760 
12101 96465 
40214 68902 
59435 43879 
25722 83506 
12872 31057 
65161 16923 
28323 77503 
58758 88411 
95932 25643 
51560 14022 
30749 45874 
90853 88190 
51034 91271 
53439 52862 
11417 29858 
53403 64890 
26964 61309 
86402 90505 
71199 7122 
40040 26881 
56208 48505 
1563 75103 
6169 74656 
23882 66293 
17040 95563 
68857 73239 
54549 68127 
32789 23529 
80278 82125 
73251 67034 
11341 53451 
98652 40517 
12979 76033 
52362 15196 
95410 90986 
21727 9325 
36340 41796 
29009 97110 
78768 97725 
16025 47781 
60075 44109 
17205 84153 
12851 57880 
26791 58748 
40520 9353 
5109 7332 
11530 57260 
36059 54679 
34747 32944 
43456 15427 
75637 41821 
97326 54114 
47942 45429 
92968 42743 
68764 25779 
65343 81736 
96320 75222 
9285 30634 
79109 99684 
12053 28647 
32834 70860 
68906 71937 
27119 13845 
44671 54489 
7953 70689 
64673 72450 
3715 37484 
66947 38063 
62772 32846 
24305 48591 
48849 19032 
49606 8079 
76708 63451 
30506 5400 
5168 97932 
992 10674 
17071 5884 
46151 63998 
6546 43362 
53934 95358 
62751 79041 
73072 32659 
86252 20252 
9833 25999 
99307 77466 
97970 40634 
14518 8001 
6012 48516 
7705 71242 
3939 78864 
272 22265 
97317 71900 
93989 68536 
51156 16725 
16803 15228 
68005 44218 
32136 28687 
55224 88947 
36131 54734 
14924 30229 
17368 38724 
16689 71840 
81825 7666 
68009 22262 
52184 91217 
80261 92981 
35066 77983 
39093 40989 
12382 26333 
27237 43491 
53692 74779 
15073 7745 
65330 26008 
29650 87044 
89011 10776 
36428 95016 
37752 73104 
19659 84759 
10133 56633 
27106 86758 
55307 13464 
52700 80097 
70603 1460 
66808 5171 
1207 83736 
67894 12926 
77077 94929 
21673 85580 
66153 92870 
74265 56874 
44835 71378 
74381 6052 
86858 70176 
16238 99126 
49871 81291 
19692 3401 
95402 17820 
96970 6796 
12343 80547 
16443 32216 
26712 30679 
63013 49016 
71140 52832 
12003 48553 
56412 71404 
78821 68893 
34334 65599 
80219 24927 
66319 13626 
44632 24455 
15286 84973 
38852 28260 
59844 91158 
36218 42747 
89161 99988 
37530 17406 
74570 16111 
70048 56203 
29632 31540 
32240 41905 
64270 53793 
22346 15445 
10528 26467 
87345 48608 
47627 67297 
55594 97638 
82198 62117 
71183 27805 
45931 69670 
30964 54554 
57348 11826 
36230 55508 
57002 46530 
10219 69479 
66129 46668 
99854 13513 
37630 37058 
75584 17105 
65231 73894 
66688 93905 
91767 86224 
21109 45541 
10753 37426 
58613 19624 
86766 6151 
94038 24600 
29618 30816 
43388 37745 
44911 9513 
89701 29485 
49287 98047 
77932 67108 
82514 2844 
28440 54027 
70555 22582 
7279 6949 
93840 52663 
68089 72604 
93179 30028 
85212 38149 
2135 62289 
30530 94898 
29108 54834 
7606 73771 
25007 22256 
45817 82610 
63093 46390 
74485 40503 
26440 22202 
42419 22294 
45416 14932 
21808 97659 
52696 37133 
37064 73440 
26536 42634 
89012 25376 
74383 25946 
2721 35937 
68387 10287 
13309 38642 
81937 5109 
18225 6085 
92120 14949 
66770 8811 
6803 85376 
28069 15264 
47035 78959 
77200 99222 
65564 84448 
65872 70426 
10474 75702 
98826 46592 
49298 53446 
20034 40530 
53454 22524 
23810 44791 
5416 80108 
45114 58086 
31784 16178 
50606 12670 
84251 56588 
47421 29917 
87441 11199 
50173 52559 
47676 24751 
98349 76307 
69985 66595 
96057 31093 
61986 36855 
53969 42663 
12747 11244 
49376 38997 
22352 94514 
84395 52828 
23590 3388 
14690 11466 
81069 53825 
41431 98204 
74981 84619 
7808 15799 
76899 9553 
18027 81793 
3157 53742 
1523 37910 
87751 96274 
78049 61337 
51144 10910 
40295 24359 
53978 69346 
59890 60663 
15397 47414 
39911 61555 
44550 53619 
82421 43393 
80816 81527 
13119 98757 
63364 72765 
6817 68153 
53927 65797 
87266 46530 
17974 97118 
32756 69426 
28968 16156 
4943 7272 
97982 72915 
32524 33178 
46661 38270 
23669 19485 
35382 20839 
51521 61420 
30430 51486 
55611 22399 
44096 16734 
28706 44817 
9838 35798 
13373 72617 
60992 92402 
15477 87513 
65990 52197 
52850 69394 
35631 19362 
96518 53293 
58696 11810 
29192 70219 
41022 63471 
41110 27232 
20134 94218 
6855 3320 
2639 23278 
38447 11969 
24788 40332 
89790 8740 
67978 90029 
95445 2747 
70434 70242 
62767 64623 
63904 92192 
579 10359 
29927 1392 
59850 80360 
14077 12404 
82259 26139 
58566 67518 
1047 63214 
13689 89720 
15250 48150 
66789 63691 
63142 90089 
83816 45072 
53677 12686 
92980 67900 
75731 41069 
52621 92808 
94094 253 
36141 14533 
58474 76370 
35681 26218 
97168 10160 
33199 20164 
40581 63348 
12720 89929 
21474 22852 
90718 87031 
28544 85204 
22987 77063 
47919 94145 
5769 34594 
13131 88024 
26567 14047 
98315 50481 
35742 34570 
31669 47793 
3876 20965 
76613 79367 
1843 49828 
26612 64034 
90614 60345 
86316 34115 
36071 2538 
66421 11693 
70439 12273 
2586 97044 
6407 21971 
19778 7937 
72629 38716 
2559 70271 
80006 47324 
99134 75482 
46991 24958 
82384 88241 
9149 85981 
14620 9101 
13292 11024 
14506 71129 
49719 52582 
4324 76955 
7474 51001 
23703 63257 
46966 39309 
31967 13388 
71918 63127 
85392 25670 
48336 92757 
67977 84817 
62017 58553 
74727 77011 
28113 97811 
94982 35370 
66338 61667 
19997 1826 
33657 93881 
3746 43906 
62621 59858 
38848 70457 
87992 73928 
70547 49055 
56901 45629 
60825 39647 
8512 41632 
32029 23928 
77993 38938 
64785 28007 
26580 27126 
98535 7125 
24633 2658 
84656 85484 
17765 86659 
71938 21699 
87519 89052 
62090 968 
77505 36604 
58984 38695 
93528 80149 
49504 17186 
1950 97174 
96165 66920 
44377 9913 
92042 47005 
58749 46268 
27143 75585 
46981 81098 
41955 10317 
57556 8807 
98727 81448 
57792 14674 
83936 35607 
55007 31973 
66430 57109 
88364 94722 
74901 95383 
53949 21731 
25617 42096 
44430 96679 
26760 69577 
81674 41024 
9263 63377 
95739 11840 
85664 56080 
56932 95045 
18330 96947 
98933 5982 
86266 72536 
80482 53949 
75790 27118 
20715 75027 
84506 18550 
8952 88432 
20292 85176 
33594 85623 
97425 92437 
96771 18533 
80511 74011 
81445 13525 
3539 81662 
15939 1077 
96172 10398 
37177 17685 
82280 71107 
88403 6125 
76785 41538 
99759 12927 
96017 38304 
90797 57849 
14088 17523 
2870 29101 
43184 29788 
16320 40198 
89231 26349 
32447 69618 
36020 37687 
3520 92757 
40702 23131 
75386 7234 
81435 20711 
66735 47190 
84021 10147 
46673 79995 
68533 38672 
87969 79658 
99209 49364 
67198 75224 
91291 94672 
54971 79596 
27058 14080 
89534 14439 
59914 4108 
55268 60246 
40210 11327 
93923 77098 
79389 34629 
60936 61336 
80055 31662 
1762 26060 
98746 86185 
63857 19295 
75483 8013 
78835 22646 
59544 5315 
46243 5387 
84488 90193 
25561 44204 
97093 52806 
96180 57173 
24642 66739 
76532 42059 
72942 68870 
2966 53671 
83461 90711 
56590 2732 
42131 4975 
92008 9620 
24680 91095 
65732 343 
83729 16477 
84036 89226 
31441 76447 
90083 53056 
48183 35191 
88413 64794 
52417 62417 
61219 21487 
99978 66030 
65287 70625 
41897 79804 
11108 11946 
59136 76874 
16376 27577 
9825 44767 
94919 72405 
70061 75799 
89128 38673 
22828 97847 
78978 94101 
51254 94794 
4036 81154 
22247 43431 
16130 56636 
4403 24131 
39868 45364 
50172 46308 
55782 79488 
86377 66515 
36582 95852 
99514 66940 
60878 67817 
72627 5149 
679 55102 
29120 42113 
29080 65444 
65515 4868 
22784 35247 
9945 42591 
40427 52918 
26092 90475 
42191 68196 
93309 64417 
78721 53541 
32828 71422 
18164 9535 
17237 35504 
98923 35244 
95822 6971 
92741 16611 
91912 44158 
37809 21224 
80002 30985 
54812 26173 
30250 21172 
90173 47199 
15825 80487 
40251 81987 
14615 32127 
97810 28209 
1010 97114 
27835 87780 
15685 61548 
23580 22820 
21798 95633 
15755 85932 
4490 95554 
7796 7648 
47269 18637 
88452 87304 
23640 34634 
29204 76 
75231 21564 
8562 2567 
8748 93207 
17834 92061 
33185 57200 
93730 50462 
76073 67588 
91969 82928 
62898 53776 
63059 43345 
17397 79010 
16512 24029 
42086 5825 
62959 75436 
68145 23349 
5012 13164 
21732 21925 
7162 64139 
39778 84174 
12610 1660 
82548 98478 
90667 19842 
32456 90780 
92175 1988 
39103 13657 
62392 44583 
69001 27843 
10902 8816 
45119 60665 
66276 84959 
16171 28320 
49625 71385 
78477 64455 
85615 89692 
84261 6261 
32114 80104 
9417 51032 
50398 47226 
21041 11153 
56634 55243 
80470 63501 
92396 3743 
41059 10448 
27008 50635 
51633 43985 
57776 87008 
56309 31903 
5481 10249 
89292 25555 
12016 86413 
99299 22395 
34614 40554 
2422 3328 
96861 64622 
54509 4826 
509 86542 
54577 78847 
24118 1200 
39286 39775 
34602 24321 
5177 96915 
16027 93630 
157 23535 
76312 8141 
58615 18989 
26994 66091 
15609 79167 
43793 34775 
24702 2314 
6437 61402 
21328 22230 
85070 13127 
18960 78897 
87520 16513 
98918 7800 
6812 51952 
56275 53494 
11538 46940 
94130 90449 
3020 3604 
16441 64733 
22718 90533 
55590 53805 
30881 26671 
85093 78518 
93203 85966 
10067 91334 
6071 55415 
98556 7860 
62978 86337 
15284 44995 
14753 88889 
46120 78263 
4515 33282 
56286 33405 
64557 37629 
8261 82818 
46898 41969 
76389 26146 
21785 90816 
34318 96144 
19185 72393 
58721 45865 
7131 91789 
88147 41305 
97787 87334 
99365 4806 
47155 34804 
15267 28863 
67618 22391 
38131 7405 
3803 20933 
10007 12185 
31790 18469 
37967 75610 
29216 35991 
86182 28168 
29612 92112 
29018 78534 
18112 38376 
79798 17504 
47666 44080 
58367 73119 
54992 69721 
37317 43632 
33710 31552 
11446 87421 
78446 26252 
67988 54526 
48200 54345 
96164 3170 
9817 53722 
63760 56441 
13173 30554 
5741 19254 
18497 53837 
15299 93782 
43260 61979 
1283 2741 
21111 15052 
77618 54206 
68615 14757 
80095 59114 
36861 5621 
63836 43135 
84491 65568 
20768 78331 
46296 91811 
70592 96783 
87264 88815 
21043 38365 
25772 69153 
63610 27864 
81648 85170 
69463 72863 
54860 19624 
76949 23113 
68870 76873 
16847 34559 
18987 32658 
4447 36756 
50579 20175 
38582 11093 
54551 52875 
86872 49078 
8250 10318 
3760 74858 
8800 42405 
23296 84223 
42839 79439 
92176 73540 
11720 70723 
60215 6370 
84478 12792 
25189 92968 
82208 69855 
36919 38428 
6947 33678 
1485 48932 
15800 17876 
90638 72378 
6713 32470 
53736 89596 
26205 38564 
49974 65428 
31286 40129 
67181 15162 
37929 30126 
70137 41087 
66666 71601 
26145 46412 
52231 60859 
88496 39335 
18641 89478 
79505 98769 
33710 94662 
3967 84998 
47710 63323 
41129 43536 
89748 34274 
8753 68491 
42381 25050 
66292 62925 
40114 95135 
25946 58058 
40632 45735 
70091 30540 
98966 47756 
31510 87654 
34277 84270 
78883 73944 
16526 91498 
64164 89610 
16022 83237 
30736 955 
52705 47636 
51672 66213 
53965 12387 
65940 96304 
79923 84612 
7069 19358 
3306 85140 
73572 20308 
37402 13361 
73322 82400 
90045 98460 
85136 66186 
84201 15605 
19954 23346 
26414 71535 
31303 57667 
23250 92997 
20147 13536 
42827 83616 
2747 93527 
93644 50017 
61827 80950 
46099 36433 
81115 70699 
53489 48498 
71261 92277 
38712 91568 
31129 42589 
524 96690 
52675 32893 
58884 58168 
69846 94251 
2828 60732 
72408 78887 
26214 31406 
54087 41046 
36847 11440 
41120 80270 
2661 7064 
52053 82442 
55015 44288 
72568 99521 
3628 22642 
90138 67583 
30246 35485 
22465 74591 
18919 373 
90965 54272 
49541 22030 
35943 526 
28329 92536 
43655 68012 
54001 18639 
57125 48836 
21629 54471 
72333 92742 
47488 9434 
79338 68754 
57725 95669 
93916 49906 
21214 77280 
39459 39531 
22749 84331 
81162 47501 
66521 58678 
84936 67896 
71837 5801 
72030 5745 
73112 37073 
66982 49836 
64387 246 
91339 90996 
35010 12505 
38458 40826 
27529 29981 
75762 14579 
11498 10462 
59976 3651 
7598 51833 
18154 78143 
15310 17848 
42715 27967 
94371 94927 
72245 72208 
25344 58936 
81486 40734 
27819 69292 
83704 59518 
46160 49222 
56552 51666 
22155 55671 
38585 99875 
61518 90046 
7712 2838 
66945 51934 
45194 98055 
54242 91883 
9185 16588 
90033 76474 
90354 81479 
89656 39198 
98784 60862 
92056 53981 
36127 39264 
84869 34745 
39920 76128 
87317 33997 
47974 79297 
11175 86210 
19934 33020 
10770 17618 
70384 84969 
1819 23078 
13275 14832 
75899 92751 
90994 78226 
62424 56632 
63057 44020 
93242 3321 
59194 20551 
6305 20953 
59481 96839 
84329 2798 
50257 8544 
61978 57833 
18665 75267 
50811 67452 
90995 45718 
25091 33469 
90380 30341 
83523 69727 
87955 97176 
52073 99855 
48222 56072 
21275 37110 
24187 58782 
17745 38735 
40714 98048 
94112 46898 
15577 97489 
84177 51030 
6882 45888 
10819 32255 
42777 44456 
53034 79619 
84798 3681 
75440 99939 
99746 47590 
98707 78363 
66613 57548 
42572 85097 
24907 15167 
4459 65270 
78597 84472 
46193 93522 
5950 7150 
48886 22684 
89705 71531 
61812 6750 
74283 55880 
14931 32396 
77175 39683 
86674 50400 
30160 22736 
18736 58562 
2680 91235 
47814 51146 
64486 22446 
80586 16316 
77553 25142 
72714 32704 
68337 71663 
85217 88985 
20586 89274 
82327 26228 
46181 43455 
3747 81769 
36944 63793 
91234 95514 
73840 34359 
74505 24807 
71679 94780 
24706 2391 
67207 75615 
65015 63495 
16387 22257 
87432 62694 
52709 45251 
62407 98962 
72504 71731 
43674 68208 
55569 62636 
64512 66583 
99768 3420 
93625 74984 
46850 72157 
68923 65436 
3360 38286 
55729 83401 
15315 47643 
82261 76575 
38232 5024 
89724 60373 
55110 74203 
96944 33019 
34155 77143 
20191 79097 
85298 89089 
7700 29350 
69983 94283 
45351 76721 
42236 88250 
65093 83806 
50660 86908 
40892 55335 
10840 30198 
88347 90759 
65484 48510 
93594 76661 
85729 93841 
84703 26474 
31143 24480 
24500 25849 
78279 71915 
47602 96034 
48035 11761 
86414 44756 
10593 6658 
30941 34324 
23399 88453 
45490 60107 
62409 99372 
21682 98965 
39751 17491 
81673 56927 
61963 50499 
58067 18087 
72171 93536 
67755 72626 
36809 11873 
65712 80833 
82925 27235 
11823 12147 
65635 57768 
8842 83490 
46962 85979 
72853 9544 
97065 6396 
78939 69119 
86787 35294 
84222 86398 
26482 48487 
68062 23600 
20234 50028 
44901 82460 
46881 64602 
99103 15968 
49649 89443 
63097 58895 
14759 37810 
10252 95923 
46001 55386 
62104 99545 
97080 93371 
15934 86431 
6440 77651 
83142 60574 
90301 22070 
91481 34273 
88810 95693 
44928 43909 
27501 68844 
53804 6463 
51639 30821 
44766 94849 
14611 93328 
35336 45404 
53118 68021 
10911 49243 
61775 33986 
73506 20688 
87589 91541 
40971 80631 
840 32441 
63018 40414 
63051 43386 
86120 22720 
5007 99665 
43184 9936 
48207 98855 
65879 67616 
51653 30653 
17597 50907 
42561 78273 
23241 65166 
94334 99242 
28396 18535 
48086 39044 
54893 73836 
34994 89690 
32392 79921 
45972 17178 
76315 38491 
12385 46681 
51324 41381 
6982 12427 
6505 95476 
47730 50379 
93504 37633 
88913 36169 
82113 30393 
13623 48174 
69122 20761 
99699 66181 
35738 38957 
17199 99778 
46479 11812 
29648 77453 
98154 66325 
13584 17279 
21402 2953 
81356 43164 
9237 25287 
90636 6828 
97122 23051 
50787 24973 
47356 18720 
91002 43575 
96865 4583 
38053 96769 
11990 16672 
62498 36510 
56441 14760 
91400 71006 
19339 63496 
52831 64837 
69070 38754 
12921 21782 
95698 15399 
89679 92531 
79741 27925 
79511 23786 
78357 33814 
12147 92717 
51343 50935 
57570 51264 
58785 84978 
44608 38510 
49852 10633 
14989 6140 
27882 21108 
28952 41951 
20830 14619 
58916 69439 
8044 43560 
56250 47695 
54503 12358 
52826 95139 
81819 73378 
63861 13074 
61688 36748 
91413 90610 
51924 79605 
88985 31188 
7830 13024 
36808 52765 
92366 40752 
94684 78656 
77417 22898 
44662 54078 
75465 39830 
9387 94680 
66033 36819 
33575 97594 
84514 18309 
45894 23047 
22331 52238 
76423 85087 
46865 39419 
90891 73717 
87165 788 
17072 67495 
47190 36171 
80994 85646 
2176 12246 
41008 71778 
5694 44491 
6344 97467 
85069 48183 
53393 23341 
31036 46859 
7760 57682 
93877 43194 
43067 8159 
82739 76843 
58461 31007 
27448 16580 
36009 43744 
2832 59916 
46394 82503 
34441 42402 
66770 53098 
1507 90954 
98155 46133 
28086 90766 
21398 60794 
6556 73794 
10549 9397 
28984 78255 
30372 55320 
11346 73256 
80771 70673 
83198 90385 
15053 86826 
81094 55007 
51258 50912 
27914 63981 
16175 94429 
2228 13670 
10202 66325 
1930 42357 
57888 82192 
84576 14554 
13747 93703 
23243 41204 
25873 87942 
51160 99409 
20900 85009 
80994 88056 
63034 14054 
75365 31596 
57140 12888 
14045 23253 
11298 14339 
50236 81045 
47778 53730 
73445 75258 
53024 56193 
99681 74415 
87053 39926 
91055 48247 
30548 2126 
66336 60838 
33999 37964 
1601 84850 
47371 79831 
35867 68624 
51086 34001 
90408 91933 
79509 34920 
82462 53342 
26659 33551 
64100 42314 
50530 85473 
45294 62649 
47193 6932 
66514 90303 
48767 22544 
70711 68265 
10360 37111 
87102 63961 
90261 25757 
79913 40481 
94955 51592 
34083 21963 
55911 88139 
46898 65599 
28668 44974 
69623 87951 
56375 69327 
96433 31682 
19736 23845 
29282 283 
3226 21292 
56809 33017 
43476 30622 
73023 40057 
89873 55718 
27161 68669 
99732 28000 
40034 25298 
10779 47181 
44103 35534 
82238 50648 
4623 84212 
72474 91260 
57460 41256 
25913 55776 
55467 45383 
74892 61733 
49846 87432 
23113 29237 
45467 7813 
66538 35990 
59866 98461 
24849 28787 
84487 78692 
2008 82801 
93699 96456 
67984 71152 
72226 91790 
55374 31590 
34836 47588 
94434 94541 
93507 44361 
67947 67350 
86731 30269 
53377 53243 
23238 15448 
33941 20333 
8136 559 
2496 25954 
13309 53481 
52550 44669 
25883 55178 
49265 44470 
58697 46064 
99944 5045 
34878 17531 
98299 74383 
65045 9829 
99722 15588 
20072 97121 
95772 4439 
64972 63260 
95311 89 
60185 97757 
86939 26169 
55387 70372 
52854 67718 
97928 74924 
27754 10462 
53075 68135 
48071 23357 
86509 67734 
16621 12700 
90809 15534 
15645 56704 
47180 55822 
37279 63116 
1266 27162 
64615 79282 
97584 16599 
28839 23988 
61011 79225 
88312 3493 
35683 83241 
24000 20339 
91799 859 
22350 82864 
89016 28802 
21438 75762 
41489 88644 
29183 57618 
64073 26857 
83411 10024 
91808 7213 
12746 74714 
55522 64041 
74567 80077 
65244 63838 
91696 76498 
83 4906 
82999 71136 
28336 69884 
84771 77107 
84800 34458 
89531 69437 
13621 27034 
86775 70755 
44478 28775 
76285 73347 
7502 1159 
38717 41061 
8051 29110 
90519 24436 
76309 71734 
20604 65542 
78650 19843 
4757 65180 
27812 69686 
20417 34423 
57131 35698 
39239 54912 
30460 41572 
57784 27895 
43837 48599 
37690 676 
37603 2963 
65853 20974 
78349 9564 
12432 84620 
88965 68944 
59895 10089 
1997 46024 
99860 94568 
86639 74601 
46152 80549 
52904 39956 
92280 89416 
67862 23400 
49432 59022 
28311 37232 
37148 55981 
21839 26344 
62979 20175 
73965 63554 
19705 38962 
22886 19796 
49139 41605 
85332 47387 
70036 50637 
77147 74863 
44313 26218 
30390 75265 
60561 91944 
5162 36224 
46740 36172 
28780 29872 
84986 41585 
7545 53309 
90616 7554 
47081 86282 
34710 94800 
86038 91696 
35049 39905 
94963 66741 
13723 58438 
17208 37638 
21398 79751 
31992 79411 
57998 33977 
1055 33598 
77477 42276 
19854 91420 
50397 45133 
31792 7692 
72167 40268 
79760 11660 
47111 91691 
63063 84914 
48930 14500 
39799 83682 
56640 36205 
64871 93059 
91766 84665 
81997 14099 
37333 55208 
94472 1207 
2095 65012 
23870 86889 
4512 11570 
28510 53684 
90113 13838 
94203 38976 
63181 29641 
28651 87372 
9116 10948 
87857 97494 
7344 79833 
37984 45261 
86318 82260 
9334 4111 
51947 4262 
30459 24152 
28669 15654 
39900 76816 
88461 40108 
60625 19374 
7202 37245 
88002 84547 
80116 22326 
85925 54424 
48414 42198 
7764 35069 
37806 72349 
58829 8419 
86197 99224 
95321 1468 
42682 4419 
11060 79241 
52847 72913 
97753 37672 
6444 6203 
77183 45279 
12643 33033 
94392 58384 
85354 75312 
29817 13648 
66542 44938 
35264 83811 
88971 18380 
23748 67777 
81474 60227 
46426 74585 
49651 44338 
71190 52265 
22781 51791 
36981 7272 
43795 8527 
95477 57883 
93293 62399 
67510 65850 
80889 89281 
35447 94625 
7575 60946 
64716 49546 
1328 3633 
97772 65691 
54841 25521 
92016 22436 
49059 93779 
79517 80291 
29076 97428 
10880 55185 
10048 40938 
8183 68168 
29853 75297 
92644 34321 
32591 88250 
71503 83727 
62383 43433 
65604 39438 
70473 79363 
34251 12656 
90305 53536 
7114 13715 
15017 44325 
64343 18943 
19729 3946 
15495 78143 
7005 89454 
15483 95154 
18055 85534 
21489 64845 
44517 72799 
38617 3901 
96073 88394 
24037 69891 
27680 71845 
19480 23349 
6873 88478 
60150 50991 
6360 75105 
64480 34688 
40069 58299 
43627 20452 
21801 54229 
82194 14431 
14858 70863 
32400 8803 
58234 98289 
32749 19456 
432 90955 
9256 99467 
45464 16852 
42333 77658 
17251 72926 
85717 59873 
78464 43516 
5127 22123 
97699 9121 
63831 19405 
44972 96520 
19902 31696 
9636 98090 
15646 69572 
77128 78084 
33562 65847 
71367 26721 
65134 86790 
68146 19121 
88887 6721 
11531 85432 
82326 3166 
20057 950 
98754 46258 
52439 60572 
24425 75687 
13520 10663 
94083 81285 
20371 73162 
83666 29179 
15728 11779 
17800 4460 
11346 58120 
26684 73459 
67426 36829 
62054 3957 
65882 3117 
35156 20037 
15044 33508 
70978 9799 
31267 91190 
82492 48788 
78978 21045 
56241 49713 
14844 16271 
6321 99966 
74015 38418 
97672 2396 
56840 65757 
61559 91959 
22940 91067 
26208 61107 
76244 89266 
63812 90168 
29317 27732 
11441 45441 
68258 97731 
57883 77413 
482 4078 
1029 24203 
56825 61950 
71146 1248 
36747 14719 
84225 37260 
30765 4756 
36559 98568 
27835 309 
76814 29265 
17018 5933 
95076 22921 
22572 61322 
49693 33143 
69529 64024 
12223 24894 
62831 35169 
48381 66227 
77269 84168 
68609 60974 
97765 18295 
75728 26941 
19922 86110 
9135 31271 
19331 39889 
35060 4914 
24756 51530 
60662 71499 
85129 18859 
56064 42422 
3177 54815 
52912 49596 
19556 60694 
50645 10039 
70500 46431 
2360 42388 
9318 75876 
71046 84401 
77442 83031 
43889 92667 
34289 26470 
67481 40961 
6856 23432 
19971 72100 
99745 32531 
67549 99632 
14223 34616 
62133 329 
60988 94971 
24702 86209 
15410 76881 
24487 95686 
56377 16536 
8024 97460 
50221 62292 
54084 57882 
89774 27518 
30592 82773 
75251 5568 
7843 8084 
28431 47850 
38687 80252 
64552 11550 
50851 36760 
7322 42232 
9106 70159 
21645 68387 
95772 34680 
55949 49911 
26860 33579 
31367 40579 
68140 7475 
88628 95774 
40515 29211 
5098 81024 
7311 99131 
24270 14383 
17435 26172 
97855 6204 
37822 74821 
26683 43598 
46205 55699 
800 3650 
70939 38457 
81395 69424 
58491 69645 
37641 65840 
21147 85352 
50028 28728 
67607 18667 
18475 69640 
47358 15397 
68233 1465 
46050 87976 
29570 45469 
53593 57120 
78198 49046 
89274 53559 
62607 5297 
8915 78035 
11749 80506 
37966 46760 
11893 23626 
71362 81676 
65061 53092 
56092 40097 
93069 90603 
25666 16682 
30993 38928 
86968 92227 
61824 81397 
69507 48349 
80052 14388 
34641 14931 
36130 10977 
8078 68032 
6028 53821 
42828 50022 
50510 68445 
41714 40775 
77285 34270 
68687 69057 
95867 50051 
56374 16582 
59743 82824 
73683 33754 
23373 35040 
51709 55701 
2566 23241 
78819 79995 
15953 73464 
66515 43317 
2557 3487 
56490 13311 
55855 80109 
86313 94053 
88295 10834 
56231 28739 
41849 53667 
42829 71656 
90015 6143 
86625 92937 
34546 65302 
40144 74269 
86254 33997 
634 51462 
33374 85749 
67274 60674 
43276 90299 
56619 49078 
13707 45077 
81947 17899 
88292 53992 
52317 76004 
77678 44275 
75344 95581 
82491 14540 
54039 77991 
97183 62788 
52570 57468 
84896 51802 
68350 93105 
52596 31141 
88618 25466 
23066 49951 
28509 3123 
95705 62808 
44588 16603 
11651 52066 
92918 12421 
90395 64444 
53946 98315 
84825 87054 
77865 92251 
9581 68647 
13554 12435 
33600 25521 
71805 53295 
91916 58365 
39278 43286 
64056 46259 
3463 34387 
86785 77105 
70901 30256 
17482 19963 
61016 20297 
41102 44078 
36134 50256 
18454 41835 
84616 26458 
6429 18424 
8480 20447 
41871 69719 
79534 13535 
69919 81657 
18711 96627 
14947 49387 
22175 19734 
37627 32467 
4740 67670 
95199 33644 
56231 23718 
23665 13019 
9634 71405 
90420 26863 
1256 76044 
23755 10905 
62550 82327 
11676 11624 
20901 62000 
76671 5864 
2348 46536 
75325 39063 
23100 83736 
42093 55430 
28657 64282 
95090 89601 
89452 74578 
48395 38643 
90149 45520 
30183 35673 
56081 83418 
88867 1967 
44792 88854 
80511 63109 
93226 92065 
69904 76539 
51853 59276 
44976 32808 
55843 53457 
39670 60920 
80406 65067 
83877 89330 
2465 63619 
50746 88458 
44114 59283 
51435 48075 
4596 5249 
35289 23422 
97059 16176 
89469 17660 
93915 25845 
96214 55043 
50372 57984 
98207 39153 
19532 38244 
42908 83601 
94442 32447 
25286 48799 
12578 56463 
25003 17700 
36452 66455 
38924 95880 
80396 4752 
42711 26869 
88038 46216 
76302 72347 
77590 62731 
37250 18638 
62794 99337 
83157 35867 
26196 34504 
89868 34218 
68431 79201 
85615 32925 
82256 54650 
82975 81932 
3328 77039 
60263 53620 
71044 68977 
1921 52539 
92249 12087 
93492 74801 
38215 52920 
80904 85589 
20995 75205 
46118 73177 
89149 55494 
21554 80949 
54751 26375 
64296 15044 
13747 81671 
37687 74642 
49899 71441 
2749 54271 
18946 51085 
4755 23142 
94053 68498 
51315 95184 
16226 95955 
17505 65256 
34103 39316 
80847 1991 
36365 86108 
84366 55750 
76997 86195 
49466 61388 
68709 94004 
12069 89842 
73070 39626 
35181 29978 
47238 37644 
59031 62718 
16654 87166 
85908 23161 
30664 64258 
61007 33198 
23742 58915 
2889 27119 
48857 62656 
57529 85704 
71481 69974 
98529 40550 
12844 17149 
72648 9661 
9253 45281 
94674 77774 
10658 40907 
28497 40482 
76102 77227 
52335 89875 
36297 51665 
95186 31268 
84293 91423 
48884 85500 
24058 77654 
5546 49369 
53743 21021 
43725 57965 
85520 6663 
88243 16946 
7110 14976 
98478 50306 
71427 16099 
97768 39670 
60299 30644 
42656 14918 
5753 46963 
44824 92707 
68145 86097 
892 49418 
64200 9609 
55631 58126 
10047 72556 
22698 15375 
94408 34195 
13652 32862 
25317 52323 
80790 71556 
130 3702 
62268 51392 
33000 92620 
28987 78305 
36648 32422 
71907 92249 
95947 10694 
35706 54732 
89688 77800 
154 62522 
13893 30615 
34058 95311 
35102 98522 
98345 79483 
55314 77136 
54577 77563 
1591 96741 
43173 93474 
62822 57004 
31575 17446 
83717 7335 
96813 21212 
91866 3124 
99167 54094 
77485 22068 
24081 83626 
67513 81966 
17951 70554 
35757 61583 
20154 67396 
69058 89591 
98385 82147 
65756 33070 
27351 54310 
77241 86704 
11858 49115 
15939 36547 
44503 87599 
43839 48118 
5484 95173 
