19710 59821 
82049 78642 
38798 52441 
66393 60912 
57133 41394 
78074 32275 
49414 56203 
22761 72633 
46203 37104 
60242 598 
61044 85964 
5955 98350 
83622 85681 
66308 25285 
45996 99565 
95782 52260 
12840 16162 
84172 41354 
68547 62152 
30899 42245 
74191 66160 
39945 75609 
45534 19750 
73786 26399 
59630 48330 
37583 75422 
32048 74352 
25925 56334 
19326 27934 
53610 36971 
91998 35919 
9187 88898 
92385 99375 
15436 27097 
38306 51683 
54465 72947 
58968 74610 
16792 17907 
52515 38138 
63540 42820 
36065 21324 
48797 78268 
18543 66116 
35224 75137 
64190 13756 
50167 91336 
30390 74339 
71776 90589 
57272 84063 
5099 92252 
58528 11826 
6611 7331 
12997 87130 
42314 45154 
84760 34561 
19329 77643 
5873 16691 
13813 3642 
40307 6805 
29061 64489 
10281 35675 
56825 23834 
6890 82439 
82158 39607 
25776 8652 
67495 24165 
65569 66739 
75247 9788 
1910 49277 
39801 11048 
3112 83967 
79648 2975 
84834 20624 
48233 14565 
10651 1161 
58188 70813 
32956 51289 
77743 3303 
34401 83534 
90416 89316 
73901 55175 
29479 72494 
63192 81854 
47239 64266 
68 67821 
55829 24592 
62599 77209 
80995 72994 
25019 37191 
3274 86423 
90419 33534 
21977 99195 
47986 31797 
66586 32062 
53269 33307 
97420 42395 
98755 54057 
82864 5563 
89074 96789 
13977 8734 
60190 71774 
18950 62695 
85197 10211 
69691 14683 
90670 5620 
30707 75811 
66992 13288 
86478 60359 
93694 35533 
97716 71009 
16535 21464 
79143 54059 
6933 13901 
61867 91703 
6305 83257 
1940 94663 
7981 98429 
23384 7769 
57578 98126 
38693 43546 
59078 42584 
72802 14385 
58298 45214 
27491 42639 
38075 6507 
62386 89720 
191 98395 
35982 60281 
27894 76270 
45544 5603 
19896 27979 
28264 71492 
61760 4392 
37713 10327 
53865 14497 
89411 4331 
46464 9486 
77265 27704 
41806 24939 
98628 8951 
10930 97934 
89927 41542 
38430 26836 
67066 31016 
52339 95477 
85238 59657 
18280 40589 
81305 96107 
77091 1623 
38567 76578 
83388 55417 
18528 36756 
58856 4744 
37186 79083 
8538 59333 
24383 18764 
60993 20772 
93942 63698 
83905 58528 
69581 48425 
95592 43367 
57019 60310 
39818 86550 
26211 67307 
16411 18463 
69319 81028 
63433 28689 
29810 66229 
67967 81076 
55972 38436 
42071 11928 
18196 75078 
38060 17258 
43497 2376 
92978 35874 
63082 10095 
85977 39102 
39121 89409 
64300 45060 
35481 85282 
43658 85676 
23777 4076 
17004 67986 
70928 19572 
12078 87785 
37297 76127 
22537 73316 
25521 96391 
120 59441 
59314 62835 
35980 18607 
38809 57261 
78199 3949 
14389 10548 
29455 91964 
44540 36082 
43902 47482 
54873 94612 
95569 72011 
95273 65742 
21911 38046 
36 81818 
55633 56571 
91891 13675 
45480 72718 
34959 84497 
32456 35442 
34006 28033 
91721 41061 
97715 417 
72448 7662 
32296 1094 
67972 97590 
8355 57616 
26817 68657 
48770 81554 
71515 1189 
18212 8314 
26619 17650 
55986 92345 
69898 84371 
83036 41046 
11428 60739 
31235 35614 
74142 40267 
88487 5148 
96386 10024 
26717 91508 
2085 40235 
81482 66751 
87414 4169 
81698 42407 
54137 19984 
85933 40413 
79327 809 
67697 79239 
48709 97098 
6377 65527 
96642 16168 
82695 71527 
89581 7851 
48021 21665 
61825 12293 
35387 7797 
62477 76214 
6707 1968 
753 57302 
85503 38001 
83108 52930 
7337 88749 
20162 9011 
31197 74581 
43955 87552 
94236 443 
16829 97359 
59534 33832 
32050 21343 
2010 4030 
3270 6003 
1079 24184 
15029 13921 
60380 12096 
59711 78482 
54617 13064 
17718 41534 
11530 8649 
47106 99335 
73002 28962 
36514 29875 
43475 72852 
40950 25573 
26171 80355 
63835 9303 
67961 94792 
70681 68883 
82320 98118 
19898 5378 
96428 2446 
74402 53965 
73272 33074 
14095 2602 
92533 43971 
3722 3387 
35039 65307 
83229 44233 
4762 94464 
38458 24354 
39607 6906 
78876 56101 
7640 81330 
95976 97769 
58957 4746 
1144 7278 
5054 47403 
44928 95000 
27320 74979 
1084 45518 
74215 95956 
58159 72714 
92714 25851 
99035 70350 
53758 86742 
64548 21194 
73747 50503 
91145 31710 
4509 77210 
84537 66517 
62721 96383 
41361 67012 
96426 28031 
59139 51987 
41046 42924 
81130 14537 
243 17077 
7157 49205 
97980 44111 
64093 66045 
87311 30996 
70409 74190 
68711 17596 
48027 46486 
66171 28523 
31710 8909 
32799 86989 
1306 33710 
9368 94661 
15382 53636 
38985 8969 
56150 56064 
49017 29882 
5045 60513 
47397 41856 
55912 30767 
44643 43482 
38483 23707 
5154 37289 
68692 30954 
51811 45239 
64312 26564 
96396 61639 
64526 94272 
45051 54498 
70255 71131 
32741 78816 
78416 10939 
73614 70847 
17754 40453 
75205 51085 
6483 54128 
53548 75501 
42716 69037 
3581 39560 
7484 40593 
24635 57550 
7134 21852 
74301 10996 
6986 34408 
25688 84213 
11363 7286 
32799 82527 
26435 31728 
66731 59221 
1811 74424 
71388 60993 
84405 89442 
1577 38493 
33811 70057 
48664 58487 
42293 85623 
29313 97223 
74445 55798 
11457 90782 
91704 24668 
78218 67542 
55074 10707 
85345 90252 
5824 25002 
50624 90874 
8352 69808 
24737 89949 
2018 52254 
32236 54139 
49485 73892 
38556 60472 
87933 85789 
94423 3941 
86496 30997 
32526 6257 
88371 31480 
43006 57883 
69265 14954 
34082 52947 
75194 18624 
92049 57142 
12120 51389 
90923 82468 
47526 43884 
66169 29456 
49720 66576 
59212 97456 
34528 50146 
59886 56659 
11023 99524 
22451 21681 
17987 53185 
7529 65897 
21086 2698 
7045 68099 
97022 54037 
42206 88679 
65470 81759 
85560 31180 
42131 99954 
47357 56896 
77016 49708 
83702 85152 
10883 81842 
29414 29942 
29752 95839 
32031 94799 
22488 81071 
65069 72101 
49704 94883 
28418 70448 
13537 3544 
1677 24305 
77375 6727 
2268 23806 
22159 63927 
14307 39442 
41650 42115 
96528 6260 
72868 7910 
47948 75323 
29903 94704 
8479 36302 
59373 85410 
98404 64469 
64066 64884 
55349 47711 
47596 12599 
10373 4848 
17428 25733 
55747 15131 
46189 85642 
96241 40707 
31925 6512 
42942 38693 
16796 34043 
4099 27640 
20693 94089 
50995 94310 
21334 26491 
88499 1027 
65646 77671 
39771 81302 
28560 67086 
62467 91996 
44845 87255 
49837 23974 
27184 44847 
34291 60032 
49425 1164 
3258 8796 
17798 24389 
57592 36392 
74840 23083 
91326 63836 
80886 90658 
48199 97455 
96203 53966 
15214 12057 
43178 85609 
46343 12145 
62474 9220 
70586 55161 
89619 99738 
27688 32581 
69272 56540 
92174 69577 
93209 6331 
91705 22084 
95069 74803 
99338 21263 
59996 51340 
80920 39678 
10532 59404 
8620 30956 
11464 36776 
9536 25244 
95791 24415 
4318 46503 
51608 60491 
4954 54444 
25376 76980 
83087 3919 
90941 270 
90711 57572 
5612 64309 
13581 83818 
24708 55094 
64339 21471 
74222 18693 
77167 94844 
87572 81481 
48667 18647 
96910 50897 
80700 40758 
32035 87798 
20094 32728 
20689 67351 
57404 52810 
2863 74418 
42321 74416 
68715 11508 
96853 94041 
4778 32632 
59085 7051 
86404 54775 
70076 67157 
85682 40196 
24394 25953 
73586 87402 
40804 82617 
82683 16403 
73786 60660 
62462 84710 
78867 68564 
3183 24574 
65122 94222 
26141 49066 
16768 29260 
38298 34862 
42434 18678 
27511 52986 
15435 83642 
30874 85248 
1348 70862 
43216 33756 
30177 40664 
45362 3635 
59575 17680 
22496 14961 
92863 93042 
11823 78916 
61021 84992 
65674 55321 
51324 36062 
41328 93919 
66998 49249 
32028 50214 
32011 43080 
35008 58109 
13072 36019 
11846 36284 
16909 54357 
34037 2946 
35062 94546 
22400 74517 
50744 60876 
82801 27783 
92688 42475 
12622 12190 
19467 89769 
2522 9206 
44414 99901 
86246 49063 
66067 23010 
97602 11682 
51970 56860 
78174 58222 
34694 5999 
41959 62444 
18095 43421 
43838 36962 
59138 27692 
17607 78461 
85993 96509 
46324 88081 
36657 78906 
2759 58420 
54040 42605 
51019 57009 
53180 20450 
31715 77582 
84241 40463 
62552 75129 
50901 17706 
73794 48430 
7963 52981 
63788 84706 
54275 23331 
3584 34968 
57450 42371 
41648 45802 
95438 14678 
59773 33597 
76643 7762 
9514 50563 
5058 17620 
14820 58426 
89825 9393 
60994 95289 
59639 73388 
2749 93930 
31587 48507 
14797 85651 
1294 30073 
77308 2837 
66659 97127 
35502 75471 
71001 65438 
97777 2140 
53094 96807 
39969 64432 
21352 72667 
64687 45112 
27340 70550 
24176 5131 
99822 65713 
52703 72234 
14708 16984 
70231 94847 
18564 85862 
12962 18907 
93746 80975 
18331 52427 
51751 16164 
42099 92859 
68055 19800 
13441 5675 
26478 35384 
40260 59112 
24031 9020 
61441 39633 
98239 68086 
5338 95429 
78081 57196 
54530 81154 
26999 12521 
35721 6102 
41805 23598 
50629 20141 
94874 52931 
38805 7002 
58672 58027 
16567 92867 
31428 87934 
67538 19751 
90702 6918 
69804 77735 
37615 31619 
32261 37934 
58669 54830 
78463 78900 
24377 68984 
60127 53218 
64339 95506 
4433 98124 
6905 72380 
99331 54292 
48269 51597 
99313 20258 
20592 10575 
90450 36493 
61665 87237 
87955 62747 
49684 7102 
52143 85036 
55828 82568 
99382 64547 
84652 29513 
53468 19711 
17702 64388 
29836 14838 
49290 16196 
70108 13964 
5037 12040 
47729 46931 
63569 72379 
46740 26230 
59677 82699 
75263 47761 
33249 91980 
12838 6425 
2504 25187 
6475 58343 
82273 86921 
24161 65478 
38540 76458 
46485 65606 
68957 30576 
27199 20797 
25723 59903 
81705 10967 
51989 46958 
68840 55562 
85883 29598 
15781 66059 
97253 2322 
98518 54730 
61424 29655 
31020 50988 
41503 80798 
35123 5645 
46233 62804 
60087 95525 
53881 50704 
95918 76152 
44328 87351 
77722 68601 
61323 53182 
9750 8087 
34757 86649 
47247 26527 
28844 69796 
61801 89050 
46282 80230 
81640 55293 
10728 50729 
42158 90351 
70336 70732 
3915 7369 
13648 10224 
95467 84004 
65791 45762 
16605 58383 
37705 20907 
93922 76680 
34045 78839 
15092 34061 
86438 63639 
80878 23496 
67937 98560 
4555 82837 
61782 14519 
57333 9533 
3018 20118 
5307 94509 
85024 75710 
8559 11980 
24687 58323 
56283 90339 
9746 81697 
93130 80787 
9704 66269 
51439 34979 
17793 37632 
41642 720 
5601 68775 
68836 45633 
14257 71418 
37355 22712 
76510 84753 
77175 98815 
62521 6144 
76051 77393 
68914 57634 
29537 60130 
25350 84540 
27360 8701 
75844 38007 
79112 87432 
3068 2073 
44821 90454 
3030 87590 
76663 82782 
84824 30340 
96951 13777 
65538 98691 
34504 93570 
53964 37382 
16571 58276 
68386 48299 
66755 88215 
13530 36580 
90677 84853 
49671 30932 
40637 56813 
22893 20746 
38102 13043 
89719 39398 
98573 12137 
61544 63085 
47249 70771 
14772 87599 
35860 91378 
61056 91632 
71148 29420 
48723 94527 
43687 84007 
71228 68833 
2113 62096 
91426 73583 
52246 36166 
51435 32899 
73260 87982 
27088 96372 
33717 6964 
3191 82567 
59153 90678 
91261 25101 
49894 77077 
84944 11921 
72838 23407 
49944 32727 
54201 35036 
75127 26914 
81542 38987 
69329 55007 
82881 91598 
74465 212 
88293 7447 
79679 43561 
95115 97597 
63562 46031 
51727 9202 
61879 14127 
46841 65647 
56787 21577 
41358 16646 
10160 9111 
8031 21108 
18470 86755 
50560 2077 
49519 18605 
58199 32691 
32422 78772 
14541 34838 
11342 28986 
19908 98104 
40798 83278 
5568 55561 
95765 93263 
15030 85121 
93322 8690 
2710 40406 
74262 42286 
53536 53466 
72874 95332 
58363 93194 
10993 80982 
89575 7906 
88481 16046 
8826 28306 
6431 38740 
4611 57943 
51701 49890 
1191 32263 
91764 68095 
2383 84495 
77430 35594 
33813 16856 
27612 10855 
25453 38950 
75150 36386 
32626 1726 
85554 75795 
28106 25000 
21621 72850 
10571 89293 
15992 97084 
65369 38625 
31043 5447 
82402 19899 
30868 67560 
82923 66637 
63703 73335 
32129 20094 
54740 66011 
17650 69156 
39117 21144 
55383 81911 
22745 22596 
43614 96432 
44688 70329 
23937 36064 
28958 91547 
23212 15372 
55892 16754 
44681 6924 
53658 25291 
48273 46199 
9009 61145 
10297 62187 
23028 69142 
80879 34598 
92418 4044 
63905 95117 
79796 20686 
28654 9774 
47465 61920 
24944 2246 
68337 23019 
14304 3779 
94922 86064 
48559 44440 
62746 85965 
24167 32526 
28061 90915 
15755 4205 
91406 54418 
45532 63866 
38339 23459 
76578 77130 
36560 67956 
27510 23123 
64735 30335 
93607 60360 
12404 80855 
25203 11472 
82733 4297 
58000 25989 
50216 36652 
11945 37568 
73979 16666 
75375 92255 
44045 16400 
69394 87788 
42620 67414 
43786 30439 
35462 4742 
90208 85506 
69349 9524 
71063 70358 
40893 42968 
53109 14771 
19165 29267 
3775 92330 
50063 63164 
55067 8787 
43863 89024 
65088 18515 
49042 22628 
10397 28590 
45280 64314 
23783 41522 
46431 82667 
51514 82299 
90295 31656 
41695 53156 
6192 926 
91123 60347 
93614 88900 
71843 61228 
15641 31397 
30606 87070 
9353 14689 
4515 7275 
42118 51225 
24372 14054 
97425 98665 
83579 23127 
56850 58489 
34938 5628 
55758 99083 
40268 89172 
29527 10056 
38498 91884 
34352 9462 
16731 82238 
22096 93684 
65761 89636 
72199 40914 
76597 25964 
35305 53492 
87808 16682 
23069 51797 
24814 81562 
86492 12953 
81741 49784 
61192 81323 
84053 41857 
22158 64534 
35894 1741 
82839 68777 
99915 16491 
93813 20142 
79357 17950 
44825 64971 
72218 21191 
50639 41507 
45599 17851 
5949 67583 
34639 8979 
27465 94634 
4938 31632 
62386 37022 
29960 6237 
31571 97486 
25630 7606 
93043 74451 
53191 41481 
56856 55018 
48347 90632 
55898 68626 
59841 79778 
78854 720 
83804 96979 
1342 43170 
61595 658 
9148 88787 
68300 36023 
93527 60935 
56661 82440 
12669 6086 
36942 54164 
55754 67097 
67062 80845 
16408 98037 
99322 1365 
80894 77615 
80135 14797 
63068 27553 
27398 45682 
72880 44691 
16491 97291 
88140 11194 
90358 86200 
10270 55894 
71725 74237 
23959 1656 
96233 39752 
47903 48555 
4115 59153 
59217 10749 
25008 1806 
97663 46110 
65600 76601 
7477 91998 
63025 6931 
54370 47998 
98284 52270 
63195 27012 
73412 39214 
57801 29782 
43743 12576 
48750 84757 
62327 68019 
6873 35115 
37395 81690 
81029 47879 
25774 9498 
66996 66198 
85200 88865 
11050 25213 
86755 39221 
36606 4376 
44956 23971 
15166 94620 
57526 6327 
63907 17508 
59460 4115 
41341 45292 
86726 24589 
29823 35740 
13792 39244 
39039 13673 
76134 40779 
38190 2349 
13991 9616 
26214 32121 
76834 5721 
79186 31272 
9395 93039 
71946 34467 
99541 98429 
57039 27973 
5901 4759 
98212 87604 
98862 78721 
97999 55289 
42412 37887 
29325 43246 
16254 68692 
79618 50894 
27749 17269 
42549 29007 
91442 88441 
47334 28013 
60273 4673 
98411 22921 
77072 96444 
9382 16051 
77499 18195 
54217 80568 
16350 9966 
26051 22741 
7962 53767 
89294 8929 
68451 5895 
34293 24490 
22601 21667 
95480 6115 
91444 27389 
73707 16533 
7926 35912 
11359 11114 
17515 46741 
4919 79555 
8230 19426 
3772 32698 
80244 59830 
36352 44414 
9125 12885 
25121 51618 
78702 12571 
433 61601 
59651 110 
99967 15246 
88146 84735 
45221 7091 
55229 87918 
19452 68791 
52053 81546 
32496 81215 
28735 3309 
47053 92233 
15287 8433 
58312 82190 
21942 95886 
64191 37119 
83144 29339 
37031 60963 
34609 58392 
9195 82359 
16045 33965 
14860 88999 
73481 3264 
88158 53159 
94654 64348 
3893 95645 
48452 58087 
61182 72247 
15173 76169 
52694 56738 
88187 67842 
32541 37501 
99579 35164 
94419 41064 
72425 16838 
98270 45161 
30588 74045 
38496 46338 
3278 8217 
29693 2733 
46081 60315 
96885 81320 
62747 63924 
96417 735 
52790 50368 
60934 75736 
28749 33038 
57300 37436 
43981 30267 
69835 24610 
46911 21339 
72905 15714 
30923 68583 
36705 98687 
80398 80025 
17960 56182 
22892 31698 
23314 77549 
85038 16445 
97350 95720 
15482 36954 
79453 87093 
82011 14754 
94133 65555 
71994 44034 
87987 48003 
25374 79384 
3114 68026 
7654 9984 
81585 66843 
86673 39201 
28495 96182 
11445 58247 
22150 26442 
3926 75264 
49093 65346 
65302 37104 
58976 57174 
67227 60057 
79678 50788 
45440 67927 
6626 95808 
38243 21099 
81906 50649 
15593 8616 
8566 63543 
25873 66808 
3401 18257 
46903 82615 
77561 19891 
65328 37525 
48471 32975 
24261 48913 
28847 74020 
72903 69578 
8992 3717 
23825 13397 
47104 60232 
73701 85278 
8971 24281 
71516 6963 
53236 9188 
24583 46743 
41299 24633 
17237 80774 
61979 71534 
79599 36435 
214 87289 
84588 94050 
46348 75570 
70173 52303 
37992 22922 
80835 94788 
49948 25592 
97311 30424 
99376 24360 
76916 18793 
13150 72563 
58083 33026 
12260 43081 
92229 57422 
4164 13736 
53665 64798 
38146 57381 
43979 69420 
71012 2888 
51181 5356 
10891 26328 
45849 37254 
55419 77791 
96644 70777 
17252 48662 
65759 93314 
34648 36564 
1226 42082 
97752 70766 
77478 66392 
82274 19555 
48151 23553 
71381 12859 
65855 23822 
63941 78383 
92458 18783 
12647 7553 
70436 9662 
9087 38787 
50911 37357 
34491 69901 
77232 4332 
24673 88917 
4315 70027 
55581 43095 
93400 56067 
41928 49717 
59511 95305 
55510 88941 
64612 59611 
12124 9029 
43301 5342 
46399 17255 
19864 82510 
92389 26067 
25590 63992 
14432 73323 
53504 64416 
87587 37903 
93987 34952 
9830 27567 
79239 39785 
39275 24591 
27156 42865 
88794 36553 
15879 59360 
77750 14592 
39155 55279 
35911 69482 
89600 10830 
78200 37123 
92056 98356 
20556 19306 
62477 64056 
86986 53078 
99087 44210 
65804 42615 
22063 91251 
9059 21157 
65581 32782 
33357 97426 
91768 37516 
72526 80851 
39986 16125 
53010 73017 
46815 42104 
11400 58920 
72209 38007 
50176 30958 
45538 35822 
32520 31000 
1548 86701 
49966 1459 
10773 64948 
57685 94984 
21497 83878 
61373 4192 
21130 17061 
56996 37821 
93665 97471 
70035 87728 
96891 49168 
14438 2371 
8103 91417 
93128 6715 
90314 43525 
91704 85946 
12274 50156 
74885 80950 
15104 41547 
81287 27197 
55958 40786 
26263 5488 
74809 31177 
64852 62975 
24345 758 
37268 5913 
74919 88128 
17898 61808 
56575 64011 
15463 57934 
28430 96380 
26737 65639 
72011 63423 
29172 15421 
89633 98316 
8794 96454 
51493 72481 
58882 16045 
75895 49899 
52256 9465 
45839 74062 
85384 58650 
62208 81268 
16070 99458 
8874 69201 
68141 71498 
58256 88160 
56321 91969 
77235 63751 
92424 15532 
2777 4531 
69996 75918 
44229 95820 
88714 91794 
34980 31780 
72152 59350 
1 91878 
52888 47143 
27788 24959 
47510 54912 
35290 64420 
20715 97408 
92666 61361 
42473 26716 
31023 89076 
75166 12118 
90801 41885 
88608 55227 
81025 24072 
90059 29957 
10407 550 
73586 1813 
20104 59905 
38559 99071 
94911 22569 
612 79599 
54784 12158 
20031 61382 
31789 96363 
2345 62273 
18937 95309 
83788 25038 
36823 49902 
342 87470 
1599 40457 
53229 94148 
93531 46776 
26018 36385 
19218 44833 
78888 49934 
32558 42378 
44169 96260 
29614 65998 
73914 2455 
60767 25584 
45038 37368 
9901 98614 
10495 57023 
74813 96340 
95968 61156 
45658 96680 
80736 64471 
18967 54521 
68644 1171 
3590 29126 
50523 49404 
71942 479 
82947 83418 
84965 81652 
59862 35574 
72502 72648 
33419 77786 
82079 42701 
48237 12519 
18601 72609 
89384 97192 
85025 36466 
8486 12615 
99845 53007 
84708 26070 
11023 90809 
97708 92668 
48011 68699 
38241 84853 
53582 52991 
58735 39195 
15416 16539 
70938 62093 
73757 91106 
30662 41542 
15880 14177 
10679 70850 
80769 44094 
51967 1956 
88067 93271 
819 10995 
74253 8250 
84725 76778 
65953 7499 
53453 44074 
45391 73087 
13450 67886 
66204 80764 
13444 12359 
59217 44477 
97049 8520 
27210 45979 
24205 58742 
65335 17936 
77444 12648 
59558 49830 
11270 29102 
9330 89950 
73337 82001 
92700 23892 
24648 63791 
42136 20243 
12667 89916 
27585 47513 
6001 9879 
49623 82863 
82253 86142 
30020 52832 
71637 10794 
49671 68986 
98150 91729 
24520 47337 
27352 55007 
28998 29324 
25226 78162 
73430 54348 
56129 90388 
17002 69031 
99487 49862 
51059 96818 
44707 35897 
18891 32993 
31645 74207 
47614 74838 
40041 47218 
55357 44402 
95474 28211 
62689 12243 
51670 18011 
81070 84489 
29439 55995 
73075 72708 
40995 23397 
79248 26326 
5137 56198 
84658 70715 
63505 37327 
54577 60566 
41055 43471 
3176 27801 
54946 80482 
71736 76035 
65156 53183 
83584 49459 
77462 80324 
11810 83047 
54823 83489 
42819 23090 
66715 49966 
43832 92341 
7668 93900 
45703 62402 
46005 17479 
33748 87533 
21712 4494 
98769 48635 
98402 62286 
38041 53969 
88477 64905 
11764 44012 
12914 40285 
54311 51870 
27475 87237 
11608 77805 
45692 4340 
26044 46663 
15640 62040 
18556 30402 
62297 51777 
23866 34385 
90188 1489 
19344 65771 
52053 55532 
50524 25053 
28451 78909 
97082 87708 
30475 60585 
41873 71888 
33176 58783 
2649 20260 
70825 52324 
61131 59289 
76816 36382 
77373 37720 
30770 28487 
8667 87437 
83334 31167 
61743 94572 
65198 31302 
94586 16439 
51015 3094 
49938 30791 
41176 21492 
46385 57872 
44834 85969 
74918 52873 
96082 764 
48929 26657 
11857 56983 
33861 16003 
4925 14433 
39035 91112 
98226 86587 
88700 57740 
47864 90821 
1905 84112 
71223 37824 
1533 58605 
93943 99071 
41699 63218 
74929 9283 
89659 29983 
42063 32013 
23491 32685 
73006 40791 
10029 54706 
85195 45726 
8886 65226 
57107 26004 
7849 30726 
88866 12440 
32564 86432 
24433 1028 
89123 93251 
99919 68409 
92014 9736 
52950 3209 
1894 15757 
26566 63409 
47713 34808 
27786 19239 
35944 15244 
55758 43484 
56044 47276 
97325 66716 
75722 12142 
98877 23601 
82184 82664 
62504 78294 
66274 20251 
81773 31836 
65250 42430 
27839 82569 
76923 67105 
20154 31745 
32970 75006 
67688 845 
72483 70158 
46356 54555 
88124 59724 
86276 3910 
26761 19172 
78493 97815 
14046 56516 
74984 97969 
38113 40205 
48023 72146 
71432 9288 
95432 33877 
31826 41586 
26725 2740 
83736 15846 
41864 58811 
59089 67273 
19111 17238 
33404 2279 
61345 54512 
27315 7978 
11301 76631 
16227 64672 
35300 31257 
21585 45451 
92350 30825 
26065 66065 
50901 71683 
1972 30318 
89070 5517 
67220 1515 
15817 43616 
86521 18857 
80340 52008 
16710 69186 
94848 26032 
54648 19114 
81942 16609 
83725 10329 
71953 17316 
30706 21730 
17911 11268 
38515 6067 
66191 19923 
32520 15892 
19447 92069 
7991 43853 
55094 20619 
94615 15784 
17374 77238 
60292 91510 
83976 10417 
939 47933 
19182 61297 
25587 41731 
64709 13354 
86816 74838 
86663 7005 
25385 14939 
92469 18262 
94923 55279 
55147 21737 
7609 33391 
33974 32655 
95030 66693 
60370 49920 
9704 4421 
65728 2891 
2290 40002 
63976 38196 
97042 75703 
65786 69730 
53833 82294 
93670 54924 
48899 50447 
87559 53447 
28432 87741 
39054 70680 
89253 75386 
69166 87631 
19006 62146 
69133 31391 
84682 39479 
56864 45810 
92729 11506 
62532 80741 
56627 46192 
46053 30049 
98510 69997 
66430 13489 
80277 47266 
68386 15652 
6602 67742 
25220 66348 
67348 50853 
78493 71122 
90118 63791 
44928 78052 
55023 41920 
18836 97503 
83211 94664 
84383 75266 
48314 77793 
66212 56260 
75682 13883 
89180 65969 
88113 46763 
88417 79828 
28791 22856 
9423 46955 
42198 2605 
64587 83977 
22031 18521 
67298 57093 
41467 12938 
47736 26126 
65626 8135 
65449 32983 
8645 84293 
72999 78755 
38527 66592 
52222 48657 
51758 51784 
40104 12045 
36669 36679 
84742 45953 
19613 46283 
23582 4906 
41248 97636 
55880 87215 
41569 76976 
89234 28506 
41799 52428 
76105 86950 
98854 92198 
20367 71465 
73818 9122 
26235 4092 
99696 6437 
82322 847 
55719 56740 
22114 1501 
55536 6396 
78803 78085 
34873 60998 
57224 4353 
80586 74006 
78522 73987 
77497 30318 
14246 14048 
62001 89276 
15684 51960 
62174 27493 
61590 59285 
72924 879 
92814 13595 
61743 27407 
75909 90941 
25674 77352 
39456 25751 
23355 46197 
56604 52398 
87350 76815 
5254 73283 
81432 92247 
23355 81948 
5099 98087 
90921 6543 
63316 14403 
12672 28938 
13329 1101 
45629 77814 
72363 47802 
14491 90271 
20127 9497 
84324 85800 
58251 82708 
14840 98919 
95149 33293 
3486 72321 
9264 6743 
35571 21089 
6241 74520 
98843 40351 
26323 95893 
87189 43669 
77070 3713 
13566 87545 
63528 54709 
75788 58612 
63017 20147 
70454 74384 
44974 31053 
30112 75889 
67607 33716 
66620 71090 
92605 55823 
39751 21649 
46733 31327 
34203 52452 
24881 83006 
20494 3234 
72955 15726 
95616 34689 
11016 30483 
47854 47690 
57115 29625 
66851 73509 
90548 46959 
24774 45403 
49560 3030 
87344 67491 
93024 55410 
74539 55515 
68220 86659 
79930 35941 
17542 48444 
74900 54750 
25820 59343 
69400 65356 
56937 35965 
74440 36300 
53471 22293 
13169 43634 
76365 70519 
57176 90404 
42938 18138 
22574 26179 
81051 735 
46433 23259 
54816 37602 
78325 3039 
32973 28231 
63996 95915 
64907 1740 
68613 61212 
1240 68383 
85558 89784 
46044 32594 
3399 61267 
55933 40352 
58474 30405 
7642 50186 
83394 72418 
40180 36756 
72850 26111 
40231 58711 
27246 35191 
80216 48373 
1962 3237 
37246 9852 
85465 45828 
18216 44273 
53046 44500 
91331 56080 
94568 81564 
77638 32766 
94453 62209 
87425 31845 
49999 10923 
95871 53562 
50193 62928 
39904 25545 
1307 58162 
83935 76517 
77887 85249 
46032 30160 
98122 16025 
97998 7380 
71139 17299 
52992 85450 
40423 25925 
32488 25913 
52337 25637 
60766 49601 
11638 69709 
69560 6783 
46918 52170 
8126 63202 
98063 42136 
44676 98611 
55088 60737 
14001 93472 
23147 98225 
13071 61574 
62030 39993 
71484 71587 
50125 94593 
26878 88954 
52610 94246 
16756 61033 
31549 68940 
57656 63006 
21600 78871 
20176 19857 
9205 26814 
24115 20567 
95420 61960 
71814 44714 
92943 29796 
9772 28760 
6441 18831 
58687 9588 
71942 4250 
80332 96214 
85832 91053 
55971 37105 
36909 14777 
35549 70179 
65997 66612 
79444 65293 
16749 71511 
55318 94918 
8599 62873 
71434 97708 
58193 65401 
24793 31781 
99186 18969 
17535 49806 
1937 50617 
48269 66349 
74450 29257 
16354 29449 
33769 18222 
86612 53023 
73121 74494 
49562 14437 
14230 30254 
77992 72478 
26513 32353 
24504 14964 
15303 8347 
26690 2340 
29739 73947 
86641 33880 
17664 96052 
69747 26499 
59624 77966 
24093 62648 
46998 38971 
56206 33444 
30302 19110 
11534 75899 
52891 51877 
98736 79006 
2542 12417 
65725 12463 
58839 66928 
82382 13898 
87802 20155 
9931 55771 
36856 82142 
40222 1453 
13035 52913 
69498 51523 
85222 54257 
30684 75942 
37252 21520 
45863 25502 
12877 5125 
76301 16862 
35873 21445 
41239 89438 
58975 35778 
48656 39594 
93867 56313 
31268 47800 
1115 67309 
9301 27808 
73704 32183 
7885 43420 
30771 52698 
41395 58018 
49136 79220 
39681 4821 
99425 28743 
31838 91668 
20819 82406 
22003 83164 
63930 2216 
88672 35149 
54787 27937 
14084 91679 
84609 89402 
3496 93129 
9811 96933 
85450 85490 
54613 53151 
93686 65591 
44636 63115 
18879 44716 
64053 6582 
84158 63970 
21128 76079 
42172 48744 
27409 77591 
13466 46778 
44339 36818 
86011 54549 
27757 53295 
73976 106 
5508 97119 
90149 16979 
56303 48550 
20907 13401 
19017 39497 
5232 13869 
50755 67691 
9979 25897 
69310 19276 
62475 63888 
61048 53638 
48454 44101 
8792 75488 
8502 50015 
95926 43488 
69325 55722 
72736 42214 
27579 86512 
28917 74760 
63418 90426 
2195 17011 
98532 92314 
67193 11419 
29187 2821 
90944 68061 
58594 58706 
11852 83816 
24939 78053 
97475 86698 
71469 24180 
63119 61700 
33290 85404 
88045 16932 
21855 94377 
48999 4424 
72588 30284 
1800 18630 
83717 69982 
80884 57506 
15082 80017 
54000 45979 
34547 70485 
64638 89661 
96608 63793 
18340 47889 
12905 66680 
20666 89470 
27542 72189 
54403 21952 
41488 59809 
91499 65810 
39800 6651 
71248 78630 
62995 70226 
40396 21190 
29640 54325 
43153 97275 
61060 23481 
69476 92134 
81043 88614 
18530 80663 
63520 46722 
10918 75756 
79425 20883 
88021 39641 
50268 13281 
69718 86656 
50459 53668 
2802 64559 
12979 98361 
21534 13295 
83762 10805 
59101 65116 
38953 33702 
94130 67965 
26219 44854 
89946 85259 
16360 74115 
85937 49526 
54708 47219 
30163 24772 
83137 13781 
245 63023 
62989 11348 
45643 24212 
66812 15201 
98539 65336 
22528 24405 
42880 94816 
87514 38690 
1501 31005 
2014 87808 
99812 21 
21447 85307 
91188 57365 
55347 92023 
83965 20253 
47074 91102 
92901 53138 
12845 95992 
48931 57604 
21296 35588 
40273 79614 
35453 86615 
25181 62055 
57879 52312 
52067 38570 
16708 18635 
46245 85876 
5398 54422 
74227 26064 
42231 60365 
76253 97846 
46969 13129 
65681 96244 
41510 95596 
29876 13940 
69025 51935 
31412 4312 
91741 57128 
666 26107 
71413 44539 
31323 22792 
58489 92269 
38815 35801 
16062 29293 
18399 50223 
82939 85726 
44355 23891 
36504 78119 
84693 56446 
50502 90260 
66805 13590 
55509 82755 
18640 33596 
535 40504 
27285 8058 
83087 46235 
2227 46962 
61956 50330 
4118 9303 
92142 92496 
1525 4847 
24495 19159 
47921 50026 
94033 31989 
29102 91561 
80377 97602 
17222 95061 
61303 46197 
81836 32708 
96177 87826 
50592 94032 
69855 78943 
82636 86884 
99623 79034 
16337 91883 
57831 47390 
79591 82942 
91118 43442 
5739 28915 
23459 10602 
81070 46965 
14734 43162 
60882 86970 
9140 58584 
30270 88070 
48455 23361 
53062 63410 
44039 9666 
47751 37217 
98425 92102 
52813 79515 
42434 29145 
95446 58118 
6982 12246 
57550 54963 
80113 7049 
40696 74437 
9219 55820 
67853 5016 
96058 57946 
23792 82377 
97863 96221 
28406 42056 
91700 30657 
57557 42824 
81220 38671 
74608 88117 
25001 40784 
12489 72180 
43965 14291 
50864 30048 
21635 63938 
65962 76013 
45527 88200 
91583 73953 
50527 52557 
19021 94694 
15851 57024 
80890 80538 
36025 64199 
9265 55124 
33291 36207 
32074 88021 
3956 14214 
73360 47728 
94403 62506 
52780 54235 
83850 90677 
37669 72829 
10407 62083 
86968 74561 
14580 94467 
40542 25557 
90083 59552 
49648 57350 
25698 92394 
14753 13433 
93854 28408 
95417 63451 
91723 96264 
83634 25759 
68846 8192 
86799 41503 
81648 5759 
49382 98970 
99667 38815 
53417 15623 
50940 78039 
77093 47071 
34685 87413 
58001 7139 
48286 11949 
3008 51316 
72560 68121 
10265 96991 
34358 59717 
20511 28258 
18814 80178 
94641 60468 
34866 4047 
22369 20317 
47177 14721 
2917 30894 
75153 63487 
2758 78001 
25503 5699 
87773 73920 
68612 13956 
47567 27932 
90998 25251 
78232 79059 
56177 39346 
66508 45799 
84543 48984 
23061 105 
19161 49062 
45545 78396 
78871 41511 
53105 1074 
12712 25404 
23159 83880 
60357 37648 
78606 89306 
92139 88682 
18956 84387 
49199 19666 
62491 42380 
29382 92952 
68148 50143 
67749 15983 
35668 60469 
41893 90263 
40412 59225 
91755 71693 
45326 780 
81189 26304 
46647 2097 
44294 66305 
52277 75726 
53345 55353 
62137 25073 
17144 79113 
18331 21460 
68697 87396 
19656 31834 
29373 27556 
49738 68420 
43004 5337 
51000 87161 
57906 28979 
87708 70524 
97361 15156 
80490 92001 
99840 61180 
62018 74651 
29104 16938 
98945 24024 
51260 22128 
48730 37054 
50988 9636 
71646 62800 
12340 14256 
98034 18342 
20895 67482 
58808 43750 
53482 3703 
23221 13676 
9343 50915 
52071 9996 
2258 29908 
66825 99813 
77064 39934 
55529 56257 
35933 65941 
84921 5646 
59898 2760 
64814 83945 
89314 54967 
15618 37873 
83305 37692 
22748 11571 
12719 73223 
22749 18448 
53715 51060 
55074 9637 
39799 94912 
30781 15432 
99025 59154 
14797 54127 
50003 59392 
91954 73914 
55475 27023 
88632 17752 
35447 66064 
51671 78620 
23192 82043 
44083 43086 
6941 47336 
3153 4855 
37649 65132 
20678 66734 
98955 95059 
47370 39432 
29322 7508 
93856 88666 
58276 40836 
99267 78208 
68800 45882 
65033 5878 
26136 15574 
6309 31883 
19610 13977 
56372 54488 
48560 38685 
70340 96699 
46039 73264 
13748 29441 
74716 12325 
88792 71674 
48199 70791 
46449 75938 
28022 21059 
56252 29021 
21613 37030 
57110 71753 
59776 62334 
92397 69383 
63589 61589 
40407 44547 
20080 58172 
87325 18532 
73634 9717 
54025 93360 
5823 23452 
80282 47167 
20190 67469 
90404 8383 
70483 91182 
12817 20460 
70950 28434 
2802 8175 
5516 20155 
22369 8979 
9013 59910 
64160 38460 
28105 35368 
67304 17635 
82159 11421 
62319 1639 
35020 76606 
99426 14300 
57499 53461 
60071 11164 
7372 55575 
24959 64722 
78762 59367 
73587 89911 
76010 46978 
20039 5392 
48498 68194 
47718 56694 
82336 63921 
91715 10987 
82452 91501 
31699 70063 
94309 93044 
474 38058 
8376 51926 
83762 23518 
62383 89768 
85324 51564 
6551 66443 
58175 11293 
25172 59037 
57426 65928 
14274 12201 
53230 8841 
99584 71966 
53305 57242 
41586 37820 
23688 37158 
15205 93767 
63662 28250 
70499 8047 
86196 5100 
77690 23356 
78779 32775 
34998 94655 
71196 48816 
70931 70017 
16560 91204 
4062 51485 
99846 12459 
32764 17539 
24201 53696 
15003 36510 
89450 39288 
63989 51186 
69524 92729 
29352 68819 
15939 67334 
55454 47915 
62975 31653 
8587 33408 
86897 48736 
42983 55217 
76307 40864 
31952 71677 
3657 36922 
24907 8983 
48969 58262 
3641 20508 
15981 10750 
1962 65776 
98210 15612 
21601 87831 
97844 29757 
24324 49909 
73912 77472 
5240 77555 
97825 39664 
55546 40707 
24181 24307 
4284 1771 
42639 72270 
88158 50360 
62687 36446 
36062 43091 
97306 8873 
70697 67742 
53801 60509 
23478 55052 
10495 1372 
30944 68601 
56511 64959 
30943 13433 
98527 70172 
5115 17490 
93161 16407 
20525 56408 
46593 23052 
7784 11861 
34009 33314 
75582 76413 
30666 64115 
2297 43677 
13629 98740 
64156 51619 
88645 86988 
56455 78963 
20175 38766 
39376 29894 
94235 71382 
93214 80663 
23510 98236 
99149 3163 
12088 27177 
71176 25217 
33229 70469 
52401 35038 
37710 55163 
54646 88220 
2591 62561 
64130 29617 
50663 18575 
57999 99585 
19358 2939 
76538 54347 
34563 44566 
74148 93575 
49586 22790 
28515 54831 
42399 99761 
21854 4107 
25352 68022 
20729 24474 
10685 9028 
71662 80720 
92462 23386 
98593 16867 
50968 11608 
35224 25589 
59130 55395 
50382 13787 
72193 73750 
27764 76987 
11664 5705 
42748 86706 
12452 1976 
38469 89569 
88157 91565 
40917 14712 
83632 26144 
68556 86891 
26220 95006 
85821 46713 
57477 46416 
21786 86534 
25747 47394 
25441 20833 
46569 63300 
57198 23235 
92749 40986 
22616 78876 
58763 34893 
38810 20413 
55264 24141 
86585 38760 
28574 30464 
42078 85480 
67353 61819 
543 12804 
54042 74525 
1856 29330 
42210 68009 
42456 84763 
92591 531 
11630 35388 
80395 41726 
21407 83497 
94382 58335 
8803 28626 
84202 63221 
76752 16174 
76706 44560 
5779 19919 
74182 32045 
12329 48879 
67894 50016 
51619 26145 
48841 53601 
63005 47548 
74299 43298 
34042 91407 
53519 5830 
15814 17090 
48832 34721 
56522 59785 
49473 42676 
32965 1599 
64590 89721 
50259 74989 
99174 15955 
48962 33556 
22083 85861 
5785 7318 
8840 22292 
39133 44890 
43573 32594 
33968 33309 
94217 6739 
81809 77814 
33049 97917 
91184 18470 
60621 79746 
61425 58301 
5344 11046 
28423 78482 
13261 29088 
84821 20112 
12919 35277 
49084 19270 
38860 33434 
7983 92254 
23819 30153 
85248 81325 
24584 9149 
95520 87763 
29329 47080 
27163 38667 
5295 47015 
60121 56704 
84837 27548 
65736 27856 
55153 20479 
54257 91274 
12417 98076 
32779 7409 
64566 72087 
11419 95903 
18662 81039 
48784 73057 
68526 9736 
59118 60240 
6264 65508 
12983 79187 
17320 69386 
50952 97920 
82872 7246 
95475 41900 
5657 25877 
89976 38998 
95733 52004 
16163 24046 
1207 58489 
40660 88936 
45637 1251 
20293 27643 
38581 2879 
51687 92051 
58686 64487 
85334 44066 
69760 46048 
36863 62293 
19389 67267 
18985 37391 
86994 45971 
86414 69258 
93609 9098 
33067 61300 
59178 82527 
5909 92322 
94882 90319 
3060 34918 
47730 71382 
5108 80786 
72608 52139 
48063 27985 
92985 97456 
83971 82926 
25646 98942 
90930 30758 
87114 49610 
88116 31831 
69814 97027 
83360 9014 
74590 63211 
30977 934 
12826 68898 
5693 69567 
46219 2198 
4937 67105 
15164 27268 
76189 86675 
17736 37296 
28690 44220 
40417 17902 
29551 64737 
9009 2030 
3117 75082 
23584 65444 
49459 37659 
64835 33150 
72918 94585 
10884 41370 
64877 30291 
83371 27146 
16284 2021 
49554 98212 
44900 32326 
43197 69464 
9869 5409 
31180 39178 
51915 60034 
45038 18069 
41322 25745 
17066 17330 
37827 6247 
9151 48018 
66652 74063 
99147 83440 
93126 3969 
94405 88644 
34690 39190 
74979 26685 
83560 54001 
30054 10033 
25911 49095 
40311 77299 
34172 91986 
76234 40400 
77880 93717 
27755 65346 
45478 95244 
54191 21033 
94600 22168 
45072 54734 
51541 54810 
12251 30422 
62010 52192 
91591 96628 
54713 63044 
18567 34231 
16907 54781 
56274 71386 
96810 92219 
96629 42743 
41567 1833 
25941 13175 
51485 64476 
44587 82425 
81308 89742 
57176 36395 
47558 38523 
4368 13248 
7286 76817 
90427 8056 
58083 63489 
71632 48411 
71768 97411 
9810 35254 
14906 75311 
62563 58095 
28165 40659 
77145 61876 
33479 36038 
78519 63911 
13079 6711 
93727 93682 
57708 41467 
34559 55653 
12631 78351 
68355 95906 
59585 47474 
42853 87022 
60345 70900 
95135 32507 
53379 90448 
67004 31952 
38838 48273 
69565 41226 
9154 2210 
88278 8170 
82599 18114 
96431 63570 
75366 44822 
49786 99651 
4107 43862 
68011 73884 
45320 15647 
69603 34587 
90567 36671 
16122 76638 
27251 98087 
38864 525 
43513 15053 
66515 66071 
2775 58363 
45836 3308 
58569 45143 
49131 67342 
83508 13739 
91990 1461 
67602 99482 
42746 3313 
589 22578 
91093 72670 
90564 97192 
57502 56122 
86891 71618 
67318 93974 
69259 13457 
83864 17674 
36676 60869 
93410 42339 
80331 71175 
61492 48193 
52465 11508 
34907 47234 
49710 52694 
46562 86981 
13888 47169 
91437 51849 
15798 94509 
81050 84521 
28277 24019 
51114 64618 
13665 52816 
92485 50060 
47766 10013 
99029 7654 
77501 52809 
77695 33822 
62673 38713 
45879 93768 
83609 59620 
49058 87988 
5917 88065 
67722 88696 
81194 33782 
46776 75573 
28246 59520 
72895 40169 
83220 59111 
45688 21364 
29037 57901 
37102 80492 
14593 55899 
10129 24035 
52432 97395 
72678 34241 
39942 17300 
75368 73593 
83580 84063 
23068 87738 
18264 31819 
59120 43298 
4747 50263 
98515 1947 
56689 79765 
31665 50183 
96060 41374 
93980 75417 
60650 16591 
98081 3337 
90657 80211 
55316 88922 
2695 80983 
71104 84064 
18996 59522 
84701 88440 
57239 90613 
38139 27088 
2099 37960 
1350 88106 
73498 13424 
50934 96918 
78498 39912 
98528 99786 
83874 27359 
91428 78534 
74633 84593 
62868 20904 
70074 6409 
92297 26524 
53494 94775 
47016 37172 
34200 95875 
15702 41812 
1242 60555 
11623 21856 
47105 64741 
18775 70125 
36600 58551 
77689 38225 
71255 48037 
59329 41331 
52767 51912 
55281 76821 
80387 17094 
20338 93799 
26623 21536 
39644 84183 
23202 40574 
56681 52908 
54989 3884 
90714 64684 
3385 24168 
92676 57860 
2714 35789 
37047 62101 
73198 41858 
23915 55924 
72345 31635 
70195 52571 
62921 96617 
1922 8264 
30154 43313 
20517 5576 
93406 73463 
5140 76483 
48286 78335 
30476 94582 
44007 72733 
24771 84031 
47786 76496 
66401 63992 
73151 36485 
18981 71604 
52282 70484 
34759 84040 
13820 5904 
13984 90693 
87084 80818 
93938 50274 
91208 72625 
55527 4411 
83459 20506 
77557 9261 
34812 11831 
39284 89742 
72864 9826 
70323 17164 
82238 10049 
73678 60353 
80881 26600 
2447 62826 
96967 25513 
53646 54108 
55638 42374 
53644 12002 
47365 43999 
48870 54429 
90473 19869 
82712 54383 
19194 18004 
34971 39641 
25604 72126 
23730 60040 
58886 2184 
21204 79438 
38582 8701 
14874 76956 
69861 22921 
53156 22621 
58279 19329 
50873 26252 
9130 44922 
93960 45237 
62183 70428 
75120 76776 
56474 22732 
12556 53269 
41772 14847 
52450 5676 
53452 50061 
32497 59015 
45719 40242 
88612 76617 
34494 44804 
19829 75288 
35703 6465 
87432 92259 
97372 32658 
13551 96592 
14590 47379 
61700 2661 
85288 17215 
27179 61407 
11750 37455 
38786 76229 
77853 49425 
74922 14720 
35273 48574 
27008 64870 
13233 34331 
988 14952 
25850 47407 
33762 19973 
88714 37940 
15546 54411 
72092 8770 
51430 40875 
11955 82156 
65835 87423 
72036 45336 
52083 62436 
197 40628 
95966 85272 
50623 79107 
56999 13381 
49700 73439 
73909 62094 
67906 5035 
72006 2033 
22657 63499 
89189 40864 
77742 22163 
4661 11089 
23864 42550 
49813 53621 
21752 32713 
4296 8079 
64410 19664 
31931 95067 
68308 34471 
90929 3135 
34646 50126 
60757 73677 
31306 56890 
64071 10735 
33708 7602 
26259 29473 
28498 16293 
7434 97038 
27851 47470 
62141 12589 
64147 90554 
30555 19465 
34864 74207 
41620 41779 
45770 38669 
13365 90168 
56832 50732 
68531 86999 
69736 15591 
44702 20013 
8511 12587 
67259 45211 
35478 57725 
70797 24735 
13574 74845 
25 3543 
73099 39478 
94732 99894 
66008 44643 
65033 8953 
94118 26247 
92913 96281 
78912 77227 
54006 88535 
143 74239 
39541 52403 
67978 38399 
72608 89598 
9218 52521 
55119 65701 
41899 61254 
52291 33679 
84620 87671 
20008 9133 
96996 10109 
7056 3609 
75873 56445 
19038 24768 
38306 89494 
13670 7787 
6731 76831 
8197 51020 
74412 61123 
18833 90800 
69917 72895 
19411 65184 
58271 56706 
1829 84519 
13363 13793 
44438 47890 
71315 99522 
46155 18832 
27731 52365 
63875 1137 
73081 72613 
98671 36133 
69974 13668 
12312 76532 
63641 96519 
19760 78724 
82701 8873 
95638 95382 
31100 4426 
53028 43258 
94119 74889 
1517 67283 
81417 27621 
68063 21377 
8309 65126 
69047 38832 
72832 29150 
54756 70673 
20611 41766 
8628 29128 
2147 48562 
72704 85120 
17870 44957 
88038 33668 
15134 45641 
84226 59113 
48327 39298 
25748 3316 
38342 55998 
24477 64263 
70903 63025 
57485 29959 
54558 96439 
87209 83078 
18654 30265 
67051 95495 
69189 82971 
29664 68675 
36153 61781 
97436 65808 
39842 49362 
25143 24669 
75575 44566 
83210 36353 
66354 79134 
16744 24369 
61241 45699 
70240 61003 
63541 88868 
50798 13434 
57394 30841 
13722 20789 
63939 25746 
93510 65112 
98966 62773 
70564 14188 
22793 67177 
59329 82228 
70106 80351 
27120 75585 
22565 35433 
4557 65037 
40237 83283 
28302 53555 
99229 65166 
64715 89095 
92401 73117 
99077 5607 
37608 86707 
39178 62287 
3660 25818 
74374 91036 
8030 13027 
51601 55157 
62319 96339 
78401 68508 
41566 43261 
39642 23663 
31745 80573 
19414 30033 
66110 20685 
52514 68527 
95531 85069 
90919 27961 
50574 8024 
59861 289 
43779 79911 
95355 76642 
29455 67995 
486 4233 
85276 35152 
31252 35393 
5054 61978 
24453 24300 
95313 66183 
9893 4407 
49592 4687 
7056 10157 
33926 38439 
92482 90249 
54511 37753 
38196 96535 
94313 6824 
63853 22583 
99205 10094 
15665 8994 
66202 90256 
83709 28759 
36464 77973 
95863 15254 
23935 6707 
81439 97917 
16885 62629 
80449 66221 
74023 19146 
85497 91230 
99521 28375 
42462 95867 
21951 67764 
3381 79944 
21029 69046 
20410 74085 
42996 88873 
93215 17846 
20594 15699 
33853 31679 
66809 45877 
92960 79800 
42875 3448 
98989 1609 
10553 22694 
98260 22994 
66257 60328 
47766 45652 
20337 55031 
4942 52545 
28673 6074 
79026 60606 
5724 99893 
57184 98089 
48239 73712 
95205 83180 
77086 68728 
67382 33010 
61007 91846 
3104 37717 
20549 74584 
98697 92936 
23061 90542 
82240 95882 
70319 68680 
26340 75156 
49250 18682 
49296 42459 
63135 66779 
18572 25588 
85814 85700 
72194 66407 
84629 90752 
3467 44943 
39162 65575 
12291 21291 
42348 75722 
12431 70730 
8081 25973 
98224 24263 
25210 18183 
16500 16727 
91628 70441 
59919 87697 
34154 65484 
96435 76581 
69988 6525 
76279 2651 
93761 72063 
12632 23158 
80538 77724 
15061 18277 
79593 72831 
65849 60299 
36411 22144 
68467 86322 
21036 49085 
64784 8607 
59804 45776 
12954 64868 
64396 87353 
41506 31919 
27309 23252 
46794 446 
6026 56554 
80761 36099 
49524 64000 
83880 32666 
30242 53861 
54165 96790 
32212 6674 
7311 90500 
11793 94668 
75304 97767 
91281 29751 
11257 74370 
67660 47043 
16752 86538 
18836 91186 
84638 43166 
67936 36060 
55026 78820 
22585 35018 
15108 50344 
40566 68398 
34493 68544 
85848 27815 
16886 98250 
29700 52608 
66243 25024 
20453 12853 
10929 4791 
92441 15424 
2945 83930 
9766 94911 
10969 1617 
43729 39514 
55699 63704 
64136 93583 
93943 7941 
84156 73076 
43907 64070 
36007 27987 
58302 49136 
70454 86639 
94170 28260 
66979 20775 
98750 14260 
13430 77493 
29230 75614 
64064 34320 
50896 71643 
13123 47114 
12973 36192 
27425 76976 
84361 86673 
65930 1985 
42511 44021 
76836 42316 
47838 10927 
3479 53208 
3354 70650 
49162 69208 
94627 36796 
48017 15287 
28686 5617 
64090 35651 
42166 36718 
94067 29474 
28774 15497 
80407 24241 
44059 31195 
51129 62082 
81504 38161 
90068 22165 
78133 54702 
7189 53140 
82 93882 
22332 43619 
79032 13652 
97799 15787 
18899 19935 
55231 87527 
68860 55546 
90497 11792 
63581 60335 
56630 68465 
64393 93449 
19327 53603 
96247 67340 
2149 83671 
64381 54940 
29232 8296 
51978 96377 
42221 4039 
45444 49667 
15080 3833 
7521 1015 
15527 1985 
20082 74656 
65092 63007 
48239 59641 
31105 54070 
35325 1506 
43436 15469 
24328 90468 
66371 81280 
15520 14621 
71752 63232 
12315 36516 
53343 14849 
77788 94610 
94375 34 
22843 27223 
50302 513 
73650 66004 
37021 9959 
20778 48298 
21192 79092 
35358 53419 
93703 95701 
48631 76485 
69997 6283 
30423 15323 
1638 11861 
69334 60863 
2372 99564 
52883 49529 
88918 3673 
69360 57318 
11790 25088 
4791 89566 
4707 76550 
88230 47853 
12477 62471 
46481 36069 
66721 46827 
65402 1338 
66392 10350 
19091 92323 
85779 49113 
20559 57381 
76525 20618 
67875 98099 
52162 625 
8332 39925 
43769 74207 
19827 80940 
93570 47902 
13443 32244 
9649 36332 
94113 69013 
39430 46292 
77310 69948 
32151 54066 
48841 34687 
51319 47595 
72116 33662 
66934 84150 
92686 62970 
4282 96260 
63358 48006 
51185 63926 
14871 63940 
28790 59521 
26897 18523 
12382 63275 
12036 73329 
48118 41871 
11523 63187 
49228 80465 
15503 10377 
70910 59251 
63046 20148 
57031 69790 
47450 87112 
23685 73358 
50937 38336 
94782 13892 
59515 88196 
33055 11455 
63523 82574 
16209 78654 
32347 65469 
92432 22077 
62765 9848 
12067 13566 
39607 16342 
72967 42022 
14625 98350 
35925 85441 
4957 40169 
63505 75016 
36040 35970 
10734 58379 
5525 91751 
49319 7451 
24521 99843 
38408 57867 
390 76101 
64376 11568 
61391 83619 
59726 81908 
87576 53616 
76919 11504 
4676 54074 
36780 47067 
18093 49797 
93116 12562 
12667 43721 
55269 82326 
20529 88658 
88552 19122 
64168 11054 
68875 8641 
14704 93960 
2315 91566 
66444 25057 
33011 67086 
17916 27420 
53466 17614 
66889 55644 
194 83476 
72285 58020 
64630 98459 
9424 76633 
74301 82367 
46711 81577 
2496 75102 
1644 12933 
46004 88315 
91961 34696 
69983 45259 
83730 88558 
56604 77285 
52410 72256 
9832 46244 
15137 57122 
62577 66108 
62936 2575 
4401 4222 
20083 21448 
98061 52871 
84499 99377 
81421 75208 
57845 73935 
57569 46123 
56908 34717 
60484 28212 
8879 14331 
46189 45814 
72307 2006 
19 45925 
92790 26534 
69536 63819 
97872 23259 
29532 43324 
59150 21083 
60719 96973 
1260 59728 
76874 29599 
17196 74961 
66599 90487 
57311 70045 
25296 63784 
95416 25368 
40582 54645 
39516 85028 
60060 79486 
47035 99088 
14243 22663 
24781 93275 
89378 79107 
42431 84102 
45021 62613 
64992 56701 
49438 22938 
14472 75085 
62259 81295 
3890 156 
28274 63528 
47820 49424 
58862 82945 
42792 44257 
68273 712 
28190 55402 
825 70683 
83656 75583 
32049 57691 
92599 19190 
51911 3570 
3010 73367 
41481 3549 
46613 2273 
35730 47186 
35268 36829 
24659 72609 
39598 65980 
82499 80611 
68936 82299 
30517 56009 
14019 24724 
32737 47690 
84233 4248 
95912 65888 
69762 94621 
95165 65493 
85644 19393 
74913 97582 
9539 69109 
81085 27843 
7909 37999 
65073 40213 
56350 78223 
62481 66807 
98978 31531 
90444 11060 
59052 13153 
26139 60054 
8436 90784 
26100 14108 
27025 22736 
21017 96945 
34924 93640 
73942 48170 
59968 13515 
21169 41267 
11056 26598 
24533 14953 
63830 10016 
51446 53499 
29373 29198 
64751 2485 
68900 56865 
48281 60485 
37818 55503 
16012 44272 
91060 69413 
52790 85427 
58277 71762 
12821 79587 
2232 64476 
58479 76072 
6680 34406 
56446 65283 
1019 27869 
60807 93987 
18191 17510 
3440 14506 
99570 334 
80877 52818 
5999 83864 
73816 62719 
67672 88538 
60521 18425 
7215 18800 
88610 86414 
93 32761 
51043 8765 
94413 70898 
71619 24907 
98188 87915 
42885 56445 
56311 68740 
75065 80600 
81784 99554 
8487 21803 
76112 7822 
13957 98119 
72365 81484 
55595 69433 
61029 26783 
18923 47694 
13561 26644 
13296 46031 
1498 17092 
42261 63188 
19964 7881 
98035 22453 
63607 35324 
76989 10166 
70292 50263 
31894 87883 
43242 12170 
73659 84384 
85908 81575 
10371 9000 
35477 77326 
64687 66093 
60707 92632 
41962 92021 
97723 44397 
30985 80562 
33398 64059 
6777 10532 
10145 24954 
70641 40182 
18192 41165 
6482 86987 
61866 65892 
54427 68573 
34901 63564 
2811 40756 
16478 29225 
77893 32065 
4483 81183 
66933 40634 
35366 58459 
44815 28943 
1034 13282 
86923 24683 
62370 679 
41763 11862 
76244 32152 
5619 75307 
98299 78510 
88553 43810 
97342 78107 
86110 62451 
18803 31058 
74350 13004 
64537 37429 
27145 92805 
14135 68009 
14187 57137 
98966 39895 
75707 27915 
54301 6004 
85670 72324 
17186 57529 
9030 59091 
8130 81428 
30620 7184 
33195 11231 
83323 51992 
69767 58777 
31441 67412 
54028 16902 
71460 98787 
71113 78715 
96957 81249 
59917 27726 
36914 40787 
83720 14981 
17501 1241 
85054 54234 
16183 49421 
38666 34284 
74005 42670 
39954 68810 
6996 78473 
17917 78313 
10874 84053 
41445 26253 
84544 25442 
95693 12021 
7399 80098 
41295 57061 
93007 64940 
33365 7316 
7473 62510 
69495 15061 
84660 42004 
56376 56296 
92383 29032 
33210 86035 
3795 38215 
66728 33167 
6440 46118 
37423 88976 
37742 48517 
69527 49003 
70215 15622 
18265 26618 
82260 31634 
17119 68460 
41136 80905 
5082 66886 
93544 21955 
99327 82608 
6231 72735 
52219 61891 
24131 15798 
33291 57015 
16762 20380 
6555 36130 
64965 69938 
31459 99213 
99534 78290 
1814 515 
40883 75279 
51206 14706 
4627 43742 
95637 73883 
31790 93579 
54628 45640 
74333 65855 
90464 18624 
16795 70100 
32007 11296 
43052 71362 
4217 22064 
63562 60090 
67474 94526 
2919 57513 
81817 80245 
10152 31976 
50375 43293 
94921 27534 
63541 65754 
11610 35161 
60873 81436 
10282 68991 
51228 86220 
48582 45326 
83277 47819 
11865 487 
38375 65137 
20202 25103 
25635 7990 
10370 37055 
95104 1652 
68539 63046 
49101 7498 
55090 49659 
24051 90947 
6850 78751 
35581 61008 
23986 19172 
28156 11870 
48922 7049 
47192 96355 
22850 10246 
56407 13442 
61751 99140 
56026 97670 
28327 15439 
18526 56898 
88839 3571 
47767 16735 
34552 45011 
84620 94881 
16367 14944 
27637 46688 
88168 62770 
10821 94450 
79509 3243 
82227 77236 
21508 93357 
56921 35528 
31153 61677 
75694 75500 
18677 51362 
87021 41438 
20302 35926 
83861 61654 
74327 67668 
69211 23166 
52412 22669 
94733 73474 
29877 13409 
15293 43991 
28928 50316 
28933 38953 
96943 46921 
26564 36124 
88307 79794 
58587 1129 
2752 34101 
36682 25995 
95758 88313 
28167 64239 
17292 17548 
67615 49828 
54002 23977 
5810 55375 
46984 34873 
39704 66148 
32289 44151 
18623 20756 
4618 11585 
1846 96858 
35948 75456 
50500 766 
90339 78928 
72821 53528 
63749 58300 
5956 52901 
43433 92069 
9763 30531 
25309 63819 
68502 16764 
49690 49022 
44814 71679 
15847 96132 
7071 40246 
14105 35706 
55954 41986 
70526 17798 
9013 11031 
33681 47516 
63038 61209 
45656 61352 
43173 62582 
30099 62810 
65049 80800 
99028 14836 
81572 48722 
27031 68695 
59578 10913 
66640 94191 
33198 5977 
81845 64502 
10564 29108 
58079 40414 
68436 47803 
6481 93349 
55286 27394 
17828 4370 
37638 59849 
37259 77173 
66641 79243 
24765 7145 
12357 90385 
38380 55625 
11714 33224 
27114 88830 
2763 55053 
48896 54221 
72666 64895 
35122 83637 
29744 65 
7908 32137 
20937 43595 
18714 84222 
55226 92991 
17750 85041 
60799 95775 
82409 83119 
99211 35294 
29949 3348 
83266 71505 
14750 4168 
97060 15726 
63690 11295 
96373 45809 
34517 61830 
75526 48752 
91595 37219 
22850 11451 
80987 11283 
51068 67121 
52538 90437 
81195 44836 
20517 77179 
78942 62742 
76297 45113 
91172 51639 
66697 73968 
6603 94991 
29788 56505 
69739 23828 
36356 55667 
9922 10600 
19652 59980 
8434 64707 
88676 57965 
15737 44268 
10966 28187 
48223 63622 
19687 20574 
39256 94121 
46833 86791 
92831 26972 
9396 2678 
89822 91186 
78629 14138 
26579 97168 
43840 29416 
23564 6996 
41661 75256 
27720 16180 
59296 32257 
46441 68479 
36009 65579 
93319 15299 
80941 71166 
96198 74271 
97316 64788 
16671 37785 
53216 51459 
56752 31591 
67290 26148 
83281 26005 
84158 73233 
83521 57818 
98687 51748 
76421 29733 
50972 76256 
43215 15913 
54533 29024 
8278 17232 
39103 68219 
96594 77825 
86365 28951 
17710 95768 
12074 49228 
77724 35022 
1237 91315 
626 73196 
34363 70436 
48236 292 
52276 47431 
64005 17251 
94574 89705 
30111 69944 
12542 55712 
19570 94204 
1177 12183 
45491 40559 
16957 50482 
58128 93494 
48071 28689 
17058 99431 
82076 29408 
70600 70005 
72254 89799 
7471 32832 
38464 29960 
6756 60612 
50842 78528 
1390 21252 
35436 70279 
87655 56641 
9727 69476 
58600 15740 
2935 54847 
12830 38887 
41120 87367 
91756 14503 
80313 70342 
28216 6825 
52254 2834 
47246 83893 
46777 22087 
45841 58656 
92514 28361 
92713 92926 
13263 86463 
31299 3832 
31254 2272 
39737 55471 
60510 79685 
15 14699 
83569 73648 
55188 99254 
33104 68342 
88326 48899 
6289 26074 
39781 5815 
24238 72068 
90382 99163 
11460 3095 
77335 90560 
10974 33762 
76894 52153 
69579 23286 
83262 17042 
24767 57720 
36740 62981 
99838 97808 
5788 64629 
67009 41098 
7438 77043 
69666 88361 
58439 93673 
4367 49072 
85513 55823 
50806 68404 
87293 77347 
3678 9099 
32772 88293 
4215 75559 
1524 94275 
91166 24668 
19488 94555 
91043 68054 
20744 1099 
45747 33929 
70535 53370 
31954 23130 
17665 29123 
61190 63591 
5456 10210 
62065 40284 
59599 74185 
36892 53480 
88519 47469 
53755 37242 
77302 73873 
82046 52152 
29734 23487 
4626 51553 
14690 91257 
42949 8944 
2889 12011 
12860 85695 
37930 49252 
88238 12854 
71582 98752 
87264 58585 
7429 84765 
11801 53654 
39295 16657 
64242 51382 
41242 16767 
38133 5609 
64510 26562 
28983 60474 
23396 47421 
39913 59196 
6877 74839 
63110 95533 
35669 40422 
2556 51233 
95476 84705 
66077 85550 
16321 45677 
95504 68774 
35152 62808 
22554 80709 
74305 64463 
35038 27198 
91973 27753 
13095 63017 
12461 74224 
48357 47851 
23801 92192 
90328 3571 
38226 57122 
73700 85654 
47008 55129 
67949 29348 
65359 1500 
56276 82054 
55344 86075 
94780 87416 
35202 70393 
24768 43716 
31972 7696 
11157 19453 
11002 56219 
58174 72341 
20700 8593 
9914 84469 
23793 65811 
77748 96011 
47398 42855 
49230 92609 
73367 4908 
23815 77435 
7648 98035 
89600 37950 
12842 56258 
2222 99503 
61614 38163 
52202 43156 
70350 70472 
10184 53527 
2169 53475 
20922 53904 
86353 13771 
76300 80569 
87281 73462 
35298 45960 
70101 41760 
74503 41239 
52681 24907 
46664 32794 
3766 93379 
96701 14354 
45827 41531 
34738 86639 
47736 24161 
93889 49859 
47173 56903 
6941 10862 
25618 22948 
20483 26381 
69772 37246 
27693 26559 
92443 81202 
41652 88834 
53215 35783 
49969 61254 
14596 9043 
88409 66432 
92933 75260 
46369 52590 
14986 17174 
70229 96536 
70869 90299 
61973 4914 
61977 8807 
79955 4694 
78536 86197 
36243 61632 
5586 50763 
50764 16290 
48490 95842 
66241 81240 
89469 17853 
49957 172 
35207 41362 
8430 29906 
92210 29707 
19330 69667 
11414 32159 
41313 28507 
76430 24175 
96906 91362 
70855 55968 
36195 17007 
49231 36455 
79783 77044 
53537 44581 
8313 24057 
62486 78071 
12869 59196 
34450 20875 
45611 54728 
6497 34859 
13265 75430 
41789 58781 
37425 34249 
75535 28088 
65067 12251 
95689 12848 
50343 70647 
8776 7867 
44347 83555 
83491 99030 
23501 24185 
35146 72971 
59083 44222 
12551 33333 
80589 96478 
75602 36235 
13805 64231 
6612 59985 
80822 77190 
81346 79642 
33712 13658 
36747 25739 
56153 11191 
11506 68264 
8045 33968 
2906 81979 
6986 74068 
78794 17183 
37457 95973 
7056 21245 
53658 68893 
16641 30538 
95169 69867 
83953 79837 
65949 82113 
46355 56839 
36659 57712 
80553 63122 
17901 61482 
47790 29688 
17670 63772 
74 75200 
40194 3898 
62056 88041 
5273 3089 
51731 59561 
67353 66059 
79779 95169 
91784 73686 
72154 82371 
2055 35815 
93436 435 
46278 42789 
9509 15033 
43792 27108 
17266 13050 
63470 22461 
86340 97670 
54169 86397 
3286 81934 
94738 35036 
82134 90148 
56084 23448 
6926 825 
71037 93744 
1643 42311 
89077 4392 
80783 82785 
52491 48923 
19967 40039 
68097 69935 
34 73233 
64407 75195 
20419 8791 
17960 66608 
48006 95649 
4491 15 
66175 81261 
80762 3952 
15424 49097 
31027 98967 
71750 60795 
18518 75527 
91853 1696 
66781 8211 
65291 37203 
58275 6641 
52851 49184 
78407 29457 
57711 36616 
51992 16676 
71343 32721 
16108 27875 
59687 12018 
48430 8919 
6740 35067 
23319 48314 
12526 6096 
99324 25773 
50308 99270 
51189 230 
23923 43064 
47107 32251 
30319 39017 
37616 86719 
24621 31072 
66453 15633 
5478 34782 
35602 78022 
86992 81869 
56889 14188 
158 34904 
703 54930 
71558 79348 
8764 12840 
59955 5753 
72327 72443 
92454 53605 
89824 68676 
31077 110 
8650 19094 
17870 42177 
24664 54186 
92080 37906 
59927 72327 
46465 45075 
64329 31124 
91470 18465 
89940 75316 
25782 5263 
68310 92877 
69688 8384 
80371 85608 
3687 71227 
46232 38244 
68993 74197 
77857 71004 
28818 23271 
31467 64500 
59753 53957 
68488 53040 
41101 70173 
83957 92651 
36667 86891 
89521 23478 
18307 47860 
44515 62760 
63429 45242 
13075 84192 
69701 76724 
87847 62236 
69354 37472 
61561 85837 
92773 59230 
46595 74982 
26474 76940 
39636 65697 
34083 24452 
3629 64292 
60631 35202 
92422 10098 
20223 51182 
74891 27377 
75071 24091 
24768 91778 
49924 26251 
30020 84423 
90059 75686 
41324 57604 
63314 19697 
23058 90071 
27036 14343 
92180 67031 
29349 83429 
30473 80200 
90828 39902 
33852 6686 
17424 5025 
18788 91910 
28418 66233 
40362 31477 
44194 73301 
89065 19600 
67810 84241 
24194 7604 
11603 37298 
70519 95018 
65489 43490 
51886 57882 
77154 65315 
60523 4195 
15993 71567 
64014 34744 
22421 35652 
33277 79126 
2126 75349 
34353 71338 
10827 15675 
64392 27119 
89305 93289 
27965 86084 
50704 10867 
43672 85672 
92581 92885 
42981 41110 
4643 90494 
73346 15797 
69831 32451 
45853 79926 
11160 21524 
74022 71657 
19645 31354 
34828 94756 
9686 67455 
45633 9430 
87424 17834 
91425 98895 
84897 33672 
55624 23270 
8200 48562 
4662 4501 
71410 65991 
51670 21264 
39700 19078 
77814 31197 
84835 34019 
21164 79285 
64162 9238 
52466 95886 
70240 55978 
44770 35609 
62427 32821 
9612 59154 
83999 46631 
16270 14214 
88816 85432 
32591 28678 
50070 94947 
26014 89628 
307 9844 
41594 44994 
56711 3153 
30199 31232 
18539 22919 
34542 49 
84641 43808 
53266 89898 
28142 73243 
94071 63908 
82673 16540 
95674 14864 
39920 23629 
45408 20014 
31824 11092 
44319 13726 
72399 77610 
74896 34384 
63933 8307 
7855 93441 
30258 94085 
43933 9145 
25781 75708 
24195 45238 
83156 59233 
58101 95788 
4751 39294 
12450 61318 
73468 9860 
76229 68539 
57025 38216 
66572 96236 
6451 27305 
69182 83229 
4347 93946 
12972 10862 
1359 46048 
63123 72063 
90364 50613 
79366 61807 
7008 46161 
27017 49674 
12548 68110 
47134 24200 
10321 23752 
89153 30853 
70743 74642 
84440 60716 
91364 58519 
92431 85341 
98317 10343 
82383 74738 
3385 22587 
23201 80089 
66969 18604 
41459 10550 
81380 99738 
73399 84352 
81179 66746 
80574 88443 
7688 9198 
20764 38031 
3334 2700 
65893 87636 
88148 53102 
36888 8647 
75537 79301 
81789 14890 
17320 31797 
57871 87319 
29120 2877 
91147 21719 
36287 96106 
77345 99175 
97873 87732 
57296 58076 
11565 30708 
46636 28541 
76005 23198 
24841 75412 
88622 87765 
91820 84342 
86850 84877 
81642 17000 
98532 14938 
82453 56067 
53349 46721 
49228 58406 
21270 46939 
11729 35725 
86293 75583 
73894 86008 
34177 54753 
72835 6147 
31380 14897 
15754 26447 
99098 71671 
41269 21057 
41068 89104 
58019 64901 
66715 40280 
97888 27276 
62264 85485 
83755 15079 
1588 49542 
52453 4471 
55850 95028 
92402 28814 
56422 56115 
52427 22823 
89069 18980 
53299 58157 
49078 9040 
86808 44015 
66781 72712 
18506 7856 
20830 21953 
19740 15928 
92616 43556 
42164 41115 
79407 61947 
13697 36430 
76020 84232 
78676 26519 
55309 49234 
26978 86662 
26229 48528 
56963 39014 
24940 86741 
95293 59193 
99180 854 
53075 52848 
79045 63795 
32203 31454 
88364 56327 
8402 89340 
39993 3011 
8182 59827 
75660 33015 
65771 7384 
56402 44554 
93060 94786 
83138 22991 
20684 49579 
28636 86893 
71618 42479 
91868 13825 
9960 81864 
43679 28196 
67102 23146 
18742 17172 
85055 89557 
22903 77513 
32414 1756 
67326 86079 
42324 17692 
11258 29876 
93752 91257 
93753 27661 
7481 68535 
61378 24459 
56468 53835 
53681 42789 
