19373 2941 
26433 66746 
49292 20536 
2960 60045 
39505 82672 
40647 9270 
72457 30822 
58211 84296 
53849 96882 
27899 80270 
51047 38829 
13348 98617 
84455 3371 
65885 33325 
7407 21228 
51971 94757 
66521 7144 
17454 8761 
68890 6401 
55302 87592 
95122 2326 
32648 80931 
87928 75176 
50279 80255 
14825 81805 
53099 67866 
50498 7604 
83629 73085 
49439 27503 
72285 22423 
82730 1184 
87938 48008 
94174 19147 
30176 49069 
90433 10923 
30745 85016 
17478 24459 
45766 15450 
91307 86609 
62652 92363 
44813 58623 
16024 52889 
24595 7708 
5488 57135 
21632 25946 
34772 64933 
47960 41257 
46531 47824 
77832 81591 
10008 88113 
56326 73159 
29808 25556 
40941 76275 
83181 74046 
82477 88255 
60484 45599 
70307 71820 
78951 87021 
64154 99582 
63362 55814 
9555 40455 
38935 36211 
87440 52188 
61501 23662 
79582 85751 
17953 86650 
41174 51910 
65984 48435 
59342 48089 
46309 18113 
42181 94502 
92826 40329 
26702 82535 
86598 26054 
16071 95490 
48064 73018 
56629 22041 
38567 83719 
43375 46173 
47025 41353 
98972 63826 
70553 9595 
5788 46131 
58801 80840 
83098 41866 
80998 9327 
92276 87645 
91937 30530 
21670 73347 
18562 86239 
49826 92427 
62355 45967 
10804 92006 
14362 39618 
88588 26026 
9522 93825 
48893 6220 
4825 94873 
76192 40335 
51889 84890 
21349 44755 
48710 34737 
80986 19555 
97600 27012 
23543 78058 
66768 25635 
48985 30030 
51503 4673 
19189 27981 
57603 58372 
24269 99336 
84472 16826 
56459 3828 
68208 47263 
47622 75013 
56051 29613 
89081 27624 
22721 56867 
93157 38332 
6443 25640 
74685 36478 
37903 50454 
27706 73493 
58858 56421 
47677 74955 
78856 79339 
2732 17630 
98229 29646 
88883 15325 
33498 57245 
13534 42034 
17323 87914 
39254 68596 
9308 88813 
85510 39968 
46253 60560 
29879 74214 
80859 46408 
72243 21467 
6412 95231 
25581 81317 
41657 14374 
75168 40529 
54839 840 
4358 59444 
38795 44854 
19603 5063 
10044 58551 
19936 1584 
93941 94336 
46895 45005 
75290 82418 
19698 7452 
39178 35062 
7447 38980 
367 36339 
15256 59887 
21209 60424 
64400 24915 
47858 38950 
27936 32268 
52443 28518 
42735 44968 
54923 13104 
56430 89824 
12477 12968 
83546 200 
6608 61583 
38890 72740 
28491 55174 
88273 15343 
61704 75668 
6732 73953 
88069 37125 
62636 39082 
97166 8229 
52405 49512 
62969 18915 
95060 30229 
62102 67955 
58399 24413 
47348 10102 
29333 5181 
57366 16371 
59754 81780 
38957 69051 
16283 47059 
81746 74296 
37341 48304 
16841 49404 
54223 1906 
10783 69363 
64170 13807 
94027 37815 
52946 12349 
99228 81250 
52001 47842 
48752 52093 
81018 64107 
23152 66268 
70521 1207 
62710 93888 
81149 45734 
2726 67936 
36347 5269 
19867 75069 
63401 46996 
71688 45193 
94130 6989 
44339 61929 
10998 46267 
84512 74883 
37013 2535 
80849 6357 
58508 62331 
77290 10151 
38729 57375 
46294 58124 
27160 70990 
23353 1400 
94574 25747 
5921 77416 
27056 11863 
49635 11437 
93558 7379 
52633 91756 
61060 35764 
4803 81458 
68964 4378 
92948 66465 
90108 68057 
95165 29513 
99605 66147 
68111 82783 
44719 88371 
29380 88082 
59036 35246 
63896 42818 
92476 52072 
37966 12417 
34982 32073 
87592 45434 
96225 3876 
58647 16271 
66260 41259 
15699 2243 
22775 59004 
3534 16682 
69446 87672 
40856 87825 
86856 52256 
49168 94421 
52564 14919 
71499 43328 
40104 80406 
15433 1775 
38059 4225 
62787 77583 
39834 88301 
24362 74276 
42315 96602 
82289 34870 
57376 74061 
54844 28047 
83991 6179 
38963 23492 
10725 13768 
34252 49380 
18438 37594 
28940 24275 
31289 31029 
33007 8201 
20458 45331 
76624 23154 
99480 61814 
53095 52060 
62680 97901 
74625 36976 
8934 89953 
26548 62279 
61807 34755 
51044 26660 
44111 53684 
64911 78914 
90012 28815 
17625 16863 
81045 48639 
25703 26155 
73737 92516 
77283 66281 
46015 77672 
86896 94818 
27171 90257 
94534 57736 
91890 22895 
45425 63556 
92664 45134 
57334 2179 
76932 40344 
80732 65448 
85347 52873 
83847 75765 
55802 2636 
49389 31586 
64223 40821 
52660 34123 
17551 40028 
1781 68320 
77000 34910 
59948 72972 
30352 55258 
36888 49780 
50915 22481 
32125 29228 
77747 12566 
36176 32344 
26836 23844 
47477 41725 
96160 26276 
42608 22659 
58890 10481 
45308 15712 
48466 99339 
75798 55890 
26901 32780 
26099 60249 
93351 87226 
99311 65808 
33875 45178 
71215 92658 
35253 87551 
81145 53378 
85836 41621 
35656 29153 
64643 80834 
13391 85474 
76239 39219 
92379 5805 
23407 72778 
82094 80374 
22259 72994 
31710 98972 
55091 13454 
3336 61667 
25199 89607 
44348 39343 
24795 93793 
66548 87211 
52295 52952 
41485 38724 
18453 44765 
51072 84791 
62174 99525 
90566 73729 
56292 89642 
6982 51115 
21242 6430 
70185 95485 
80211 24736 
16196 95780 
83263 59937 
72649 59523 
99869 28995 
74870 36861 
29383 37476 
7719 94975 
7225 27861 
63110 79754 
90885 40944 
86043 57227 
94318 61762 
93009 35926 
1929 44244 
85801 33166 
34031 34654 
51029 63190 
54540 42911 
31076 93157 
8622 42972 
75734 34176 
53117 18753 
35456 8901 
95779 10414 
36900 64610 
90725 57360 
89405 81310 
46961 78918 
7018 58059 
94435 81410 
94900 47529 
17809 31249 
41193 48780 
11981 87627 
75850 61267 
35361 45567 
6470 49309 
36995 304 
17829 65557 
11874 7375 
26594 34433 
95088 79282 
15616 2098 
39983 29241 
33218 18182 
38045 45256 
32080 26318 
28995 53673 
39584 5496 
18394 10324 
96908 22288 
67053 39555 
77683 25187 
41621 26646 
98698 36651 
18965 57515 
64912 75847 
18290 91128 
48941 75676 
94434 44630 
91248 41350 
63340 68996 
21386 34605 
46485 93855 
42953 57573 
14822 24170 
95333 53414 
84832 78561 
3815 36985 
69335 69324 
56343 18146 
13952 37584 
99962 82752 
56445 73511 
32895 51936 
30654 71161 
79247 48979 
99328 90264 
72502 64891 
40875 23156 
41220 28751 
33921 94046 
85805 56946 
80498 49963 
58714 76600 
83843 37948 
12150 92852 
49940 1471 
57058 97038 
13348 70524 
85180 93424 
97284 64493 
41916 55814 
5568 74656 
1943 12198 
9714 44034 
91793 95506 
38341 16329 
24036 91639 
98029 82805 
56204 62121 
54845 16229 
64308 18030 
83987 44367 
25532 74318 
51348 82027 
37631 19191 
25261 10284 
63588 91907 
29307 64256 
79244 74173 
37758 66700 
18884 65266 
84104 23680 
59214 29053 
76 80710 
55643 72307 
27662 23014 
46499 37986 
49860 91920 
70553 74643 
67233 80926 
1150 73642 
6828 69596 
86292 49588 
87602 51181 
98155 76181 
82225 10782 
37824 79635 
8983 14826 
11445 34896 
59473 79783 
92496 6051 
17869 98317 
11587 21668 
55790 14399 
69943 78227 
93107 55467 
55656 20376 
99536 49308 
52821 55436 
74451 76106 
72828 21403 
83047 31982 
4380 42620 
45880 9349 
74194 75374 
75738 31530 
33901 66860 
30922 14362 
40312 25266 
7227 65856 
75993 26172 
22265 76515 
65019 61042 
55247 97527 
74796 67254 
92923 51807 
59014 65938 
98128 73737 
89072 73847 
61207 27468 
41724 48539 
16580 10760 
59231 72327 
6785 11610 
74980 79809 
54588 48280 
2281 86187 
60079 89839 
17007 79184 
74140 23995 
25736 96040 
12286 11693 
248 18893 
63591 43881 
76489 86789 
18263 94826 
61540 40636 
84399 48501 
65666 88599 
89561 59801 
78156 3761 
66019 761 
35486 43313 
99871 33401 
88224 9084 
83713 45502 
59123 52960 
50136 83341 
99046 67490 
79040 16302 
89604 91987 
65612 72276 
11832 7452 
7790 89907 
98756 89854 
22121 43984 
16354 40622 
25142 13653 
72207 15645 
23793 79639 
34051 29618 
42787 56294 
51465 21321 
79526 87032 
13093 27154 
17806 57605 
39093 25269 
50465 10660 
3910 80659 
58053 77169 
7986 42771 
65733 75555 
68727 21522 
53815 67727 
80775 95054 
28708 2752 
3593 83097 
70512 23485 
70369 53545 
61095 59286 
76435 16620 
62208 78770 
97652 980 
57057 30604 
9653 99170 
90689 57427 
27348 16006 
44688 28290 
60764 52820 
59879 98337 
88076 12911 
77069 70984 
79612 19117 
369 7466 
67602 93137 
195 1395 
45673 58022 
63803 11815 
99309 90199 
70027 27295 
13947 65477 
11907 15676 
80902 14660 
15934 99384 
22973 28704 
9918 84578 
91362 30809 
72794 63912 
43475 63406 
59172 7316 
97158 21665 
29025 52962 
71149 1998 
28638 11452 
63742 23962 
62795 271 
92123 27007 
70132 32680 
13344 39757 
63700 95482 
74580 68783 
27010 63446 
95070 56285 
62150 14730 
65091 11675 
71079 31211 
58327 30724 
13753 90435 
93144 77783 
27509 81751 
45601 21488 
10942 8201 
12405 82463 
72501 67881 
45575 72711 
19128 43716 
32218 80692 
13481 68999 
72635 83544 
59628 77534 
17858 48459 
86587 91836 
63761 18917 
86651 50640 
63064 68308 
31213 27798 
8815 43398 
30590 48678 
63348 13178 
26374 67308 
55261 84803 
4901 27740 
43614 47684 
98660 96517 
53314 59180 
98824 19605 
18598 90972 
36541 26792 
32537 13822 
3220 79317 
89634 10297 
70798 32355 
25916 69941 
41778 62996 
6277 39456 
5834 96488 
82409 71653 
4870 48765 
46288 41229 
11631 91661 
33992 72900 
8317 38698 
92502 57949 
11138 44009 
8227 18966 
24321 4657 
10089 19367 
22824 57524 
2352 4213 
56844 65940 
52735 1927 
43191 98357 
59923 12689 
58688 11596 
51240 58614 
78991 64633 
16007 73247 
12549 5324 
63071 63497 
63930 92157 
1963 85800 
23304 35836 
86366 40123 
19611 71400 
25805 382 
93804 571 
66916 67887 
45488 76169 
69179 55626 
81433 35663 
51640 85537 
47597 29341 
66964 8320 
57701 30039 
67057 35942 
40826 56052 
60504 10668 
18132 86548 
26293 21257 
84495 99737 
40503 16911 
14726 18008 
93115 62650 
36005 1406 
20586 25932 
8241 91060 
56522 83709 
32328 67551 
7548 91500 
62576 55725 
94404 61673 
34100 77070 
59302 56783 
28520 23546 
29783 15645 
92082 2609 
46544 94780 
89116 82217 
8162 25897 
20758 46691 
59155 61306 
63932 59578 
49477 3445 
88831 18054 
23345 92171 
94477 74875 
53190 53998 
61390 98556 
20568 1196 
58053 40169 
60026 5445 
53503 76062 
24206 60707 
82292 99793 
98869 93021 
80010 43692 
95063 71147 
57641 20742 
72340 21271 
11283 90823 
1656 51442 
70080 71883 
59571 46981 
69707 36232 
56338 6772 
1323 54884 
39676 52196 
26664 78785 
83267 55373 
68763 74748 
64466 1473 
84769 66040 
59224 21028 
2447 62845 
33885 2512 
55136 6173 
93313 22873 
81324 90325 
52715 14300 
64435 73611 
36543 19163 
76052 34818 
72048 71913 
51507 83762 
37318 86645 
70611 88293 
44049 22115 
38297 37232 
83850 42171 
60000 18981 
43513 88897 
84879 58924 
99497 38192 
46279 25245 
34751 13086 
63336 82406 
82069 88776 
80226 44295 
87306 35185 
10255 54936 
3084 7796 
20868 3627 
69016 15563 
42608 63546 
8019 65915 
10152 28085 
69948 11152 
46788 7557 
83555 98022 
85031 40441 
35709 52777 
75556 67935 
82830 17750 
74220 18368 
13654 92276 
12673 48867 
24736 20729 
51894 95717 
40510 13537 
89978 91949 
8247 83191 
45585 20964 
24924 26601 
66679 88377 
7812 87603 
20560 10748 
3456 88961 
5625 39541 
40830 31929 
87929 61358 
73529 23218 
6319 41396 
23210 4200 
8757 6089 
31862 25208 
79445 93007 
54043 28997 
91438 31336 
71880 81761 
72665 54673 
95393 17513 
4618 89327 
18644 42229 
82464 5994 
38231 77831 
52897 70386 
4794 12914 
11798 79299 
70523 67043 
87612 22610 
16029 68543 
58313 68797 
88488 91865 
49941 31860 
59648 99941 
42906 40876 
17036 89394 
68607 99947 
34649 42016 
13388 95904 
30419 44623 
59443 83909 
6924 51228 
83016 56952 
89089 26385 
99080 84271 
18039 26660 
88659 85816 
33792 48341 
70038 95175 
81146 93840 
78368 51722 
2910 86670 
99462 54270 
42512 95453 
63110 3130 
64072 11095 
38794 55257 
12203 58092 
92434 17992 
76035 10879 
56628 10978 
92431 29167 
38833 32889 
21864 22450 
42020 79935 
57071 3143 
572 76412 
79430 90274 
40525 94138 
60878 81216 
57745 57194 
20224 17627 
70213 51166 
81914 33596 
41323 81973 
52517 88918 
89943 58331 
25696 58516 
99964 4084 
49881 70175 
17152 41842 
44588 57120 
74350 27769 
31075 19366 
17425 58859 
50943 68367 
13812 18685 
82333 63171 
13124 75315 
27526 33089 
95015 96027 
38041 21863 
83318 97413 
63718 81346 
27465 6618 
60848 88926 
52301 69685 
71022 62225 
55600 6400 
87202 97062 
88961 77488 
56391 60211 
92241 99676 
29345 27214 
64247 16858 
56893 67276 
43161 11526 
49771 42261 
39024 19576 
64217 4834 
7533 93768 
49170 52013 
79570 46369 
92550 14691 
64037 89857 
33864 41150 
22975 86116 
68339 63136 
77376 9127 
53765 16758 
39720 23963 
45440 27319 
84982 85744 
26854 57075 
65696 66221 
74188 58043 
48659 22783 
91218 68119 
920 34956 
77893 38126 
80951 46799 
50629 79819 
97235 70154 
15272 80462 
80977 23302 
4719 38287 
82237 2345 
32354 34926 
39521 8512 
79731 75898 
91704 83587 
32347 98265 
98124 37792 
891 65776 
7802 89698 
17005 46119 
71956 76145 
72391 92374 
25312 31616 
77992 31294 
71226 81173 
56022 94745 
93166 38800 
41779 17458 
80904 53880 
64454 64180 
3541 2539 
96566 42375 
83511 77715 
10186 2831 
25789 92072 
54766 29826 
34748 71242 
76190 74966 
7461 81409 
29556 94361 
26729 4836 
99247 7503 
89687 49745 
29006 8023 
98586 56781 
82004 21454 
9192 43345 
96319 23174 
79203 9174 
74765 924 
84200 11814 
49675 70578 
71857 9022 
93028 31312 
6496 56614 
215 76873 
15524 44917 
61785 63337 
86916 54746 
51663 70572 
82609 14685 
2608 84550 
26521 45470 
10123 70738 
97889 84402 
4520 4960 
10729 92957 
57539 77473 
88402 64161 
44684 88417 
48673 62771 
67360 8361 
99078 50982 
49919 86398 
5036 75059 
65908 49998 
33857 14263 
15053 55827 
96645 22353 
67977 18765 
7070 24153 
19138 67577 
51080 64865 
40163 49975 
14843 48239 
5533 37294 
49568 41169 
70460 59528 
61299 66951 
16884 35183 
1426 57165 
47620 47235 
99306 83048 
1004 56388 
22316 41200 
78806 35926 
70558 25613 
28670 58625 
13587 78266 
99047 65510 
54737 73905 
89358 98695 
64952 61126 
51006 86097 
62533 51504 
55938 24511 
27786 21299 
38589 19353 
32281 66092 
34320 4308 
31299 27763 
82902 82209 
14985 95309 
39096 99637 
38852 66289 
34072 92068 
57490 44031 
61173 13823 
66675 37274 
17450 97657 
18571 23493 
18425 72496 
12271 34992 
17710 4659 
77709 27628 
5369 17854 
64749 96129 
29362 90266 
21304 7023 
82892 23298 
94366 30500 
27193 25796 
16112 65876 
74032 60064 
43545 71848 
35147 51514 
4654 32355 
56844 72513 
66620 11605 
97172 72792 
82372 77730 
70348 43709 
90591 3501 
78535 71766 
41293 84694 
74596 57921 
94144 51936 
51131 53599 
89972 90243 
30852 91703 
27202 21971 
41298 71532 
84474 53514 
92914 90181 
18280 33859 
43652 99821 
30162 23972 
25596 10193 
41902 29990 
29459 48735 
39060 10339 
91376 36919 
43349 27141 
3066 40736 
52550 75644 
71223 5651 
42999 91934 
84891 91990 
64181 8800 
10640 85327 
67537 2378 
24503 68342 
2337 48091 
6912 5486 
80285 83392 
72305 9910 
57546 56953 
78591 33279 
7924 29198 
63324 43416 
64191 77454 
83231 32165 
85885 50487 
91638 26420 
71384 11856 
74383 58962 
69649 9218 
78949 92580 
62768 7644 
13871 80854 
84250 28979 
65817 92085 
10030 46425 
80367 19029 
9222 93771 
79073 46400 
69861 62077 
40270 50572 
21279 73120 
53925 61462 
59156 38544 
71919 25255 
41970 36403 
14274 68481 
68203 62669 
59139 78866 
62594 44283 
39754 86458 
96633 32448 
95152 49720 
43629 30131 
73011 25595 
21899 46102 
62860 29991 
10948 9351 
45745 75709 
35040 22363 
82515 8503 
96078 79465 
27013 48812 
3510 27348 
42793 86620 
92778 98878 
22329 69977 
45818 8426 
56292 73890 
27202 57200 
77059 35653 
27769 60466 
5461 95056 
63893 75010 
62644 83553 
15050 74853 
69986 65104 
94910 95972 
49147 43259 
41940 46661 
51634 13968 
84309 59171 
92656 61690 
80899 40387 
37592 67542 
65287 64579 
91054 22570 
22819 39611 
68295 16639 
12221 69523 
86662 4035 
2675 31006 
768 30533 
34886 79068 
19289 43525 
30375 98054 
83505 96732 
67114 18181 
58186 4093 
11545 24893 
83886 93613 
47159 98588 
66435 61279 
68031 35649 
34156 27571 
12024 18201 
76271 54692 
92886 19679 
86983 91310 
53038 56008 
78880 73427 
99586 18093 
96608 24933 
4924 50328 
57151 69476 
50277 71948 
66598 86450 
65643 73300 
14941 18254 
72778 57515 
30230 63366 
69264 39519 
81323 70404 
1135 59003 
54502 81976 
59142 11691 
93378 63993 
99484 54125 
83817 96011 
33648 91217 
86005 91271 
53982 12909 
64315 61281 
61745 6575 
42299 39104 
42572 35135 
14911 27946 
90646 37406 
82986 47242 
17364 76791 
36017 7063 
92843 37196 
98452 53561 
59375 40942 
71999 93047 
24756 42422 
51865 20402 
90407 33400 
68349 48688 
94283 81094 
6914 61168 
51825 8581 
89616 84359 
59499 18531 
58684 11318 
85006 55950 
89102 88070 
5788 3317 
71168 12876 
73213 2437 
46327 87988 
73658 1276 
49951 6627 
29670 31214 
13303 54077 
34514 30398 
3566 51121 
41599 42232 
35605 70504 
36655 34584 
72047 12627 
4990 4892 
39283 35433 
68751 59100 
26188 95186 
9857 78266 
99600 69865 
13077 15647 
66032 4893 
60762 99233 
32642 42156 
85763 49922 
72093 67563 
42361 63935 
75793 39853 
86328 49562 
87841 43902 
64742 52941 
48102 45497 
3765 55376 
36954 11343 
48319 75508 
6553 98023 
51436 63734 
3863 6678 
33048 33329 
39254 46403 
28051 33026 
31091 48620 
21736 29168 
61568 27175 
26992 32057 
11919 84454 
92195 70749 
6187 22492 
41249 93295 
81885 29900 
38025 45325 
23181 80336 
36232 58844 
37627 96341 
22776 65281 
31020 3542 
87728 32036 
36598 24543 
57261 10191 
84608 39259 
7261 72539 
56157 69025 
34786 15698 
51314 25503 
2138 97867 
15565 2205 
84065 84622 
11050 76436 
42416 79181 
89379 32469 
24577 20682 
21380 13013 
32096 44276 
65792 55305 
34140 10219 
13697 70633 
6768 25642 
28398 81636 
63464 2317 
11476 40443 
5009 16489 
64935 12503 
57444 62707 
86617 25931 
85771 22629 
31485 54226 
67968 1847 
94897 21445 
89041 23103 
25676 93196 
67999 2570 
56543 44290 
62042 77448 
47391 74430 
1695 97690 
72949 77027 
98217 42486 
50486 53031 
30344 72954 
95543 1629 
61292 86539 
14062 12698 
58862 95730 
87825 32131 
91666 13943 
86777 70426 
52635 94834 
46590 77412 
17389 37773 
82734 11524 
79462 41865 
73358 90743 
17014 63646 
32450 24117 
36371 9456 
12013 87762 
6566 72514 
17425 27244 
46065 6827 
93677 39499 
47909 15328 
41829 11716 
32775 18028 
54841 72086 
770 57452 
19816 37855 
12270 93264 
19745 29825 
65688 35750 
81989 59278 
55809 68694 
63047 83210 
90149 16194 
29523 66841 
12784 15090 
93790 88582 
35185 64925 
89471 71900 
1828 40759 
26668 31036 
24681 70626 
49758 73026 
5153 99097 
31631 7227 
24683 81114 
77390 75316 
25879 76191 
77824 29716 
24945 42039 
48382 56432 
93128 58836 
12889 59496 
20003 50580 
42934 98523 
24638 8381 
43631 98336 
12030 62022 
84352 30158 
81674 90766 
9089 97594 
82735 12119 
25252 47416 
75989 38174 
61993 65119 
6586 43118 
9548 8275 
13616 42659 
99657 76909 
2605 46346 
63735 19438 
85241 7160 
10296 25142 
47016 59245 
96005 59734 
37932 4281 
25804 59236 
93995 79750 
6684 9246 
87989 18235 
96989 1570 
76809 85890 
38525 78290 
59678 70335 
32301 44516 
86588 73519 
20370 55399 
59614 53429 
66050 60407 
51011 50057 
82682 18446 
21563 25667 
47144 81099 
60165 47126 
48488 78051 
81423 38991 
64353 28756 
11839 39992 
28221 47406 
67157 2739 
49116 4509 
73535 86680 
71999 57667 
13433 7752 
21916 66607 
83436 24666 
57843 63048 
35746 61374 
73225 54738 
37617 88043 
19358 4754 
23787 8742 
95046 42124 
35763 33026 
41385 27910 
38819 40751 
4053 22050 
82646 84719 
77144 70602 
24825 14082 
22371 60464 
67639 43011 
65387 69196 
68206 33688 
6976 71294 
69532 10499 
51067 49051 
65779 73134 
43765 96101 
58911 30337 
38051 94792 
85850 33167 
47287 94746 
95361 46880 
27378 19262 
32124 63922 
32163 78669 
41777 27043 
19592 75303 
45220 1143 
47207 43458 
43024 5240 
84659 79511 
1555 91817 
88263 82321 
41236 39806 
27979 42097 
94365 9608 
30781 87121 
24999 93791 
6015 21999 
6621 85485 
48127 68602 
34693 78017 
70061 51380 
10615 3927 
6674 52452 
71267 19286 
41643 98671 
53982 40106 
53661 32842 
80692 41631 
48095 64269 
16911 38433 
38851 90086 
11375 73500 
71805 28060 
50323 57854 
35999 4057 
66796 18772 
91656 92892 
29781 34296 
55148 19996 
628 54472 
20181 93137 
84893 35643 
61765 48373 
26610 43113 
64936 62499 
88966 9647 
43736 5416 
40438 72513 
67620 80184 
18701 50142 
92235 25964 
75938 61016 
99444 39595 
18667 31980 
87478 5286 
42795 90981 
16279 8679 
30338 90053 
5385 51498 
18084 58441 
2086 76075 
70451 42811 
86165 55217 
88896 51823 
54151 2197 
68450 85654 
30829 8111 
68296 97615 
88640 19392 
97788 4600 
16660 26961 
31903 35878 
69985 50328 
60843 85608 
47651 64890 
47343 13477 
92622 38727 
12228 19953 
80918 16405 
93846 7951 
68597 11611 
30238 31043 
95124 47870 
94246 19876 
99544 17180 
71228 73071 
91904 10078 
6666 96647 
36571 7478 
66659 76886 
46326 14546 
48133 75544 
56554 59976 
47606 43479 
47398 80174 
47401 58979 
8354 57222 
6464 10475 
94634 81912 
49248 59830 
7484 68691 
30647 42014 
41696 58087 
17506 79728 
82732 3978 
68018 17428 
3126 57999 
9095 8204 
3265 31482 
8843 19081 
65194 36470 
16323 55585 
39711 81711 
94007 44785 
66857 26941 
99721 57521 
37759 79348 
84280 95171 
41869 49799 
58680 14046 
7774 73234 
50388 11405 
38036 37547 
12145 51053 
58955 58391 
68655 63649 
54648 83464 
86645 17079 
31539 9232 
31985 15641 
64092 45404 
33921 53289 
5579 68107 
10946 15807 
8668 61364 
25408 99553 
89804 58305 
24724 90272 
88625 58473 
95851 24497 
19079 15681 
6713 38180 
82424 62027 
33309 92436 
13981 58022 
74505 54702 
65256 36224 
37825 5055 
81007 36307 
39047 32128 
16815 13239 
96007 80758 
56925 37000 
12724 14429 
34362 92268 
43815 59544 
25791 29515 
1152 5688 
92071 15196 
14788 46334 
62147 77989 
88421 57776 
12701 50517 
96002 30608 
78899 61519 
50575 87686 
42579 42162 
39014 45265 
83425 71978 
57083 99886 
45934 4854 
98048 52584 
70387 83581 
45072 14116 
59591 72653 
92715 70188 
4801 13315 
76081 23986 
74029 32318 
17502 74888 
73848 16389 
10116 36791 
31836 98127 
45318 47308 
10970 85842 
56747 69917 
59563 9807 
97353 45177 
20742 50447 
88045 4245 
74005 60196 
76517 18183 
58058 90050 
23091 19924 
28910 84298 
86724 2271 
40123 12490 
18852 64920 
93143 66353 
85289 56284 
94794 61240 
27165 31723 
76320 46579 
40700 28839 
73754 47904 
2615 42603 
42920 34211 
93040 68314 
84069 28713 
71058 68816 
80895 58496 
39304 13857 
16612 69169 
93566 34132 
15799 14261 
90905 30293 
74890 65961 
85544 78092 
86443 83721 
75609 74824 
32785 20314 
75805 79376 
23094 41144 
81178 8415 
74718 81888 
15354 64677 
94237 72031 
62990 89752 
96760 7391 
70647 53469 
12915 63441 
62885 14666 
72203 3033 
61104 14060 
18653 47105 
11523 88913 
10102 44961 
25620 31319 
76005 1974 
11503 47202 
60309 96822 
27860 11477 
55706 47834 
23518 56356 
43518 68594 
35092 74375 
89475 86629 
2812 65506 
9822 85821 
30332 8569 
14471 73148 
58194 91194 
54320 63394 
42550 89667 
48415 21688 
30893 50298 
43261 3022 
4728 87297 
61401 80363 
15497 78646 
29274 58529 
74511 11102 
35410 29680 
70265 98220 
59169 38124 
77232 71130 
27532 87034 
89057 20853 
2841 37780 
56076 53040 
77936 23750 
32162 1279 
56798 24853 
39133 33492 
28575 26332 
38285 77460 
805 16110 
58129 86120 
43657 58538 
64951 61058 
11190 19274 
78585 53480 
47906 5935 
29611 65955 
59298 32244 
26170 85361 
23601 9577 
48690 87700 
48638 19137 
19022 68847 
32442 20430 
96865 71786 
69210 7265 
40794 528 
53233 31208 
33828 33643 
72549 74229 
14197 76245 
51409 67237 
70796 18232 
95994 19227 
59804 98759 
21422 43008 
74046 12136 
89689 37748 
49875 28742 
68000 16044 
27730 46046 
24856 43781 
91976 29465 
17292 94733 
3237 50510 
86821 8680 
2158 80597 
73924 81760 
7374 52864 
81344 10823 
52451 61484 
64966 59780 
6626 28216 
7737 15212 
2454 29308 
36845 50982 
49757 42377 
77317 27150 
49776 42517 
96201 7163 
36032 49638 
80677 89139 
59091 4918 
10715 11981 
1308 33270 
32317 15135 
54587 30814 
10915 2001 
19273 1655 
46139 81304 
85560 56592 
58989 38197 
40087 77923 
20319 17419 
99925 49134 
75601 84529 
13706 45988 
35081 68042 
85411 86457 
40743 75258 
70139 40887 
91880 17617 
63200 10967 
9634 77618 
53913 96294 
47513 98645 
43782 80711 
9673 81507 
35006 87114 
21676 27039 
79790 69030 
9472 72815 
43523 30039 
81479 33844 
75574 87992 
75985 72051 
366 29961 
31432 87426 
38289 36011 
60738 44895 
41179 85131 
62431 25300 
80259 95018 
81185 16320 
55821 88955 
38237 39708 
7381 27602 
88204 44931 
90643 91319 
22991 86119 
53336 49490 
35747 39147 
85824 7327 
78255 8766 
44371 77773 
93658 21881 
45042 86358 
83109 2376 
4425 80258 
69680 75356 
59741 79309 
55823 54223 
35348 76336 
31663 22687 
35255 66942 
80603 35657 
32001 64764 
45983 27879 
91065 37198 
67945 37238 
16985 78751 
73208 20888 
32441 24397 
2100 66620 
4770 93731 
86991 79370 
15756 48185 
54170 53326 
29991 38218 
7251 23761 
54705 15145 
64357 29561 
99681 83138 
63611 7352 
39735 70948 
21864 81187 
54193 10022 
30149 7959 
67910 15933 
95983 88014 
46589 83449 
97449 52871 
5512 22018 
96873 97552 
75262 78145 
72981 33680 
30622 13823 
69544 1345 
29545 36106 
25827 92664 
27954 1898 
49574 8048 
33085 54153 
16760 87343 
33206 80952 
34059 32377 
94740 27299 
79696 64851 
49196 30961 
46321 44075 
1768 98333 
45538 2783 
81050 84059 
97893 46029 
15076 88989 
24426 98131 
62694 45101 
76280 75698 
51286 13113 
87400 10965 
71941 78773 
12035 48961 
61393 97204 
13505 94503 
56412 1163 
3647 90558 
40775 58730 
93347 68202 
17575 38668 
3766 20244 
30323 17598 
5113 15503 
25158 42127 
95273 88798 
93457 41180 
4076 12903 
59209 69085 
10722 83044 
78790 48278 
91596 21947 
2057 72061 
73661 44001 
3213 22423 
54640 827 
27456 55722 
65346 67320 
15155 9893 
91825 17197 
59161 90847 
45370 80146 
22797 2854 
67010 68857 
96216 97982 
79725 13536 
96994 32992 
56449 43947 
27206 38660 
54797 14585 
83681 26050 
80520 77287 
80752 77094 
80830 67393 
85519 92645 
36041 84511 
84505 222 
13358 17022 
97552 55766 
70205 80625 
29906 8997 
46132 15571 
6644 40331 
62125 14640 
64984 18819 
54053 34523 
89446 75211 
3030 76915 
62452 31989 
89621 12494 
68686 83093 
91106 60849 
35360 70084 
61430 32532 
12516 58585 
82011 85571 
97594 79141 
48208 48104 
86710 59955 
61079 11257 
91453 45540 
26930 1907 
94453 64878 
28220 3726 
29602 85479 
18519 6654 
63512 65607 
11539 29947 
23645 95922 
79632 81966 
65534 3936 
50691 91101 
96592 79931 
94083 66514 
77246 71357 
15977 24841 
1482 84248 
42379 49556 
18324 24800 
54209 33386 
93438 12038 
52909 90997 
25689 93346 
77359 19090 
27404 98670 
63302 24133 
49008 76301 
34991 34136 
78839 63433 
45449 60196 
77147 58028 
36513 75977 
9633 75079 
72734 38860 
30366 89923 
14257 85187 
26510 94080 
32959 93839 
78000 14921 
43391 27341 
4185 79488 
15510 27719 
66398 34936 
59699 65582 
70530 73291 
26246 15162 
66895 46614 
41228 55510 
76036 165 
8662 78635 
78572 95790 
44827 19019 
94815 45492 
74807 5788 
45570 26051 
13591 78757 
29420 99550 
74502 2628 
73731 21778 
96220 59807 
16744 80768 
56357 1636 
56323 71074 
44320 90266 
57270 75919 
99100 68963 
43625 98959 
78655 57343 
14922 60167 
16751 79836 
16124 46229 
40358 617 
59804 84830 
66142 56333 
46099 94356 
68136 49107 
51076 45774 
10295 86657 
57361 61844 
67468 33782 
82241 70320 
16195 70044 
17904 22408 
62811 32162 
36104 85544 
90446 56462 
25237 20374 
48850 26643 
21673 55882 
81348 75224 
69167 83700 
81776 83185 
90259 2908 
902 71668 
81795 59998 
76640 82020 
53060 45196 
45251 96042 
9486 25947 
1773 56997 
47468 21139 
17089 13728 
66592 45499 
86304 25220 
24384 82631 
78541 30952 
55676 77253 
81780 13621 
53802 72488 
88031 55123 
64016 56401 
43918 14096 
70924 23513 
99663 33936 
71151 1630 
25487 23854 
10078 42083 
28616 42376 
27231 22369 
96349 52624 
98693 64156 
11079 11781 
86945 26781 
31668 3346 
8610 96591 
12246 20078 
8779 55879 
34310 57998 
86993 81660 
60866 87360 
54384 94160 
82437 25204 
14091 47655 
13888 45927 
47809 32156 
18323 31239 
60134 33475 
79705 78933 
79379 81281 
19403 61110 
38622 83 
53507 46791 
63955 66371 
17563 81315 
78270 66729 
43269 45461 
88381 46307 
57708 949 
60880 34818 
89889 65776 
7850 38108 
11593 52784 
97398 87328 
9984 47937 
75966 44894 
87961 961 
39430 76658 
14865 50320 
18283 13094 
4989 6950 
48480 38807 
84202 76736 
84055 69309 
16057 10400 
70169 96756 
97911 31293 
35996 12201 
4864 6532 
85714 40966 
54746 94975 
62789 59811 
90895 26715 
37917 99872 
31152 43120 
24125 77701 
11271 53853 
53946 38255 
58857 47890 
63033 38292 
69977 29245 
12154 46404 
24748 34917 
45270 86804 
70503 32538 
25222 7935 
21527 88232 
10525 14190 
72903 41427 
36881 59176 
2674 22641 
45222 62442 
41286 2736 
54474 77999 
20225 67675 
11666 12669 
72761 71524 
64640 64991 
48889 32259 
93319 31337 
23852 99854 
4359 4860 
25011 44241 
40950 75058 
75393 81866 
84662 20956 
53899 83927 
29446 79322 
1919 86801 
89227 60809 
64042 55742 
60032 81561 
36572 36604 
95164 75568 
11707 67193 
67676 53934 
47543 9759 
88235 81231 
64470 9234 
18442 46229 
67050 77987 
69778 14564 
17154 57209 
6553 64267 
38880 7458 
77604 21590 
18727 36489 
85936 34201 
75510 81146 
68128 41545 
13652 21959 
96011 28099 
40818 23977 
32009 74186 
26207 65485 
66487 51207 
99402 37403 
40546 43354 
41309 70508 
10939 16276 
98520 75051 
45120 94664 
60329 57906 
43920 55343 
73673 16083 
76926 90229 
35440 92258 
81384 44368 
93841 17902 
19273 88301 
10998 62662 
9182 41102 
87387 54857 
49718 20717 
25475 37231 
29393 61587 
14648 74579 
74288 6053 
52459 35425 
19261 45678 
78231 28588 
1070 61357 
84248 87352 
62500 86972 
87020 58819 
25427 370 
86531 74174 
37737 27536 
14920 46699 
24103 31120 
77692 68766 
73850 42837 
20348 56420 
80491 90771 
11242 20766 
6979 67240 
17486 29053 
88326 80630 
64904 55156 
98964 35491 
15318 9129 
6060 89194 
64849 78515 
1981 40556 
65458 10352 
59201 16134 
98621 12084 
79146 33218 
84792 52052 
12868 35102 
95250 95788 
15840 13815 
43940 23053 
61836 58250 
76075 32345 
81532 91521 
37572 54569 
10328 90363 
4790 65617 
26868 11543 
77567 8790 
38830 85475 
90237 12334 
25773 75641 
75060 14777 
80188 43889 
20449 91331 
97358 6355 
2365 8326 
52251 12457 
31463 19441 
67369 30329 
50809 57436 
19334 76044 
39430 68193 
53975 81120 
25489 80009 
79756 53038 
89518 441 
87631 46895 
42957 85443 
1731 32818 
135 31068 
99800 13385 
22864 96745 
54858 18058 
5996 80919 
40297 77515 
89564 34809 
9505 59764 
28526 18088 
8010 32068 
24706 71497 
1321 97929 
27136 5702 
4780 46807 
36826 83166 
83166 45704 
9883 352 
47194 96416 
38942 61285 
11709 79969 
7017 70303 
96057 10673 
50192 61774 
40972 26197 
35952 27625 
88317 47229 
62511 99712 
20069 50505 
11154 93388 
81200 12402 
38365 21055 
17432 96776 
77480 40063 
43324 80352 
30569 8001 
18753 31745 
70476 80258 
52554 86049 
40191 99642 
70950 85947 
32145 95951 
85376 92423 
53570 34550 
69383 3406 
35708 27339 
7540 57065 
24447 46933 
10613 37960 
97873 65455 
741 48902 
92249 73000 
57959 59119 
82123 17695 
85118 90205 
52512 49177 
92115 55335 
21546 40390 
22311 24351 
20489 8820 
44104 47590 
14707 57559 
8872 34697 
53933 9059 
32823 51167 
73105 10005 
94768 64990 
26084 44410 
54450 48533 
23698 3866 
86754 16675 
64879 28814 
95984 61184 
95039 52784 
21389 23511 
99385 52716 
70167 33369 
40522 32819 
17448 28879 
79488 46850 
94076 65578 
77263 94260 
42495 16165 
59843 9359 
58630 60680 
44122 99459 
53397 67625 
64103 77886 
61293 70602 
7394 80846 
95530 52107 
70444 53289 
99228 56445 
67673 38252 
70451 67032 
84400 6609 
45175 99926 
46412 19685 
6794 85013 
90027 25941 
53314 29030 
55690 54699 
94167 80519 
95403 84843 
67378 45769 
79710 34506 
64806 36957 
13497 38921 
28292 68945 
21526 57950 
32749 59573 
44396 82240 
3583 29786 
93541 87509 
25314 44561 
49933 20193 
85853 83372 
55262 84445 
66622 79772 
36717 40476 
32550 23725 
26852 17256 
97945 77404 
88579 88797 
44341 15454 
31983 62562 
44652 64081 
14455 80976 
4306 79854 
48506 42577 
64492 78697 
2727 8067 
25268 98348 
70453 68287 
37009 53414 
98022 16141 
77479 21148 
9898 82501 
78841 78227 
41498 67377 
93966 94051 
92172 21893 
94662 74455 
40629 14100 
75771 41240 
22965 42192 
98549 27569 
59503 42399 
44378 66985 
30826 75643 
65524 54750 
45647 66978 
13569 64146 
13575 14906 
98049 7552 
34402 83871 
77994 42348 
42137 42501 
17230 35069 
96857 12669 
40703 13746 
324 49966 
13503 58005 
22353 84888 
26925 99235 
64083 15859 
16562 29020 
51594 60138 
56337 43038 
48705 36743 
69296 79759 
1347 76708 
71116 48520 
77534 30291 
15508 79942 
46781 68232 
42008 73153 
50681 54667 
36166 58917 
52436 3065 
99706 45505 
17256 13305 
93969 65057 
67851 28004 
63796 92141 
79643 39239 
70981 63394 
28857 23011 
66519 87340 
83320 78121 
9102 96889 
30564 98559 
93647 63511 
70759 14068 
88150 61714 
63038 92263 
89704 45197 
2898 7470 
1302 71950 
25709 46412 
99828 94555 
76719 38922 
12680 14081 
61499 73070 
45512 81220 
92444 78392 
6830 16687 
76704 38360 
56520 14418 
48857 23791 
64871 85711 
37644 22595 
6212 238 
70275 78066 
27076 80703 
60080 37876 
22566 11948 
93682 58972 
26651 32429 
32442 9813 
72155 86240 
69537 60648 
4470 27233 
38855 55008 
39341 83306 
54783 11160 
39554 8538 
73000 10924 
47965 73620 
1559 95122 
55024 70895 
58810 99808 
97776 39340 
70138 35566 
84336 46944 
19028 33282 
12889 3187 
19607 54175 
7522 12703 
57638 89262 
24518 22729 
54802 54042 
92235 61555 
47186 17837 
35268 12935 
33017 94079 
99347 22341 
37000 57745 
37230 84890 
58995 49226 
37867 21939 
23336 70100 
81166 13587 
21728 75596 
78952 17714 
47460 20990 
19033 72649 
51573 24701 
63767 50254 
12673 69613 
67125 98903 
1202 75893 
64968 91751 
36318 43568 
62088 74682 
78900 81169 
86567 90441 
77751 7948 
7075 40745 
87732 41474 
11954 36485 
8330 59890 
30318 77716 
49094 58643 
34821 99679 
14399 5204 
3369 18918 
14147 32129 
32788 14391 
49318 98723 
91275 82504 
91683 94651 
68459 12109 
75528 55037 
31973 35773 
45901 5901 
27699 26994 
62676 61217 
67139 29556 
42638 48461 
29893 24827 
32828 48198 
71788 65574 
47556 95061 
69939 30742 
68758 2451 
54866 84642 
4801 41317 
76761 56135 
26358 24581 
28114 88632 
49656 23105 
98094 50141 
17163 66499 
65470 34059 
33702 62689 
46306 26064 
52021 3800 
258 60205 
65992 12766 
65038 38161 
61910 25002 
32454 39660 
98772 92548 
1402 9160 
36936 44268 
43277 64164 
11252 35040 
93529 33906 
49503 69266 
39374 3658 
69941 89643 
8215 9534 
52699 80801 
73869 1420 
69072 49226 
88440 67543 
69884 5864 
16542 93184 
79625 95808 
95514 8181 
16529 90733 
70395 63126 
60466 83989 
55636 62511 
20281 5768 
56881 74620 
10114 6273 
45609 32566 
30313 38548 
17053 38635 
62658 9425 
77492 84978 
31940 56982 
909 7691 
56336 55995 
66944 98466 
7537 49031 
42183 8229 
28292 50158 
95043 90579 
9761 70701 
40869 49327 
14024 72008 
98318 74089 
38108 58923 
717 70612 
55046 89442 
46788 18411 
34805 90981 
93998 17291 
43269 41783 
94756 16456 
41066 97111 
50770 55170 
55628 14277 
14124 82296 
79711 57927 
94940 63565 
57461 47606 
45014 30040 
55189 43311 
74369 68992 
78162 51554 
23424 9307 
86990 74393 
57293 7515 
87623 16974 
70731 97683 
17488 15287 
92325 28666 
26972 45195 
54758 75567 
60216 26201 
54303 78806 
72138 39001 
57215 33772 
79590 34572 
23246 26829 
33748 24331 
7249 89304 
18106 5873 
68695 20097 
21865 96845 
65876 9678 
12014 20712 
36687 83493 
29109 12478 
71077 71181 
61493 89885 
61646 99492 
10641 66149 
78293 1468 
46338 64018 
50445 32129 
64555 27737 
56118 81880 
3182 19426 
10902 82762 
41180 29494 
21927 9876 
5255 26847 
21992 90521 
34807 24008 
27226 46967 
10709 34682 
68024 15327 
36362 56877 
27473 2547 
70520 23382 
84051 66382 
50539 23221 
96152 29009 
11978 12629 
84791 64009 
5907 2190 
67850 28536 
38790 27941 
74307 47743 
11504 88580 
20112 96960 
13799 58349 
58729 68552 
38446 65731 
28838 55080 
15350 61792 
9267 28097 
30046 88822 
56985 42821 
83306 99853 
47793 52899 
68980 72717 
61347 76639 
95734 8494 
52253 16319 
55003 3498 
27162 95553 
42278 36425 
4176 46241 
71730 17823 
65335 46193 
85234 7743 
25541 81341 
46006 19261 
32023 82265 
24340 90484 
77274 63834 
28374 25727 
55360 78811 
6302 77739 
16637 81604 
48160 67176 
79073 86664 
45062 12953 
35777 97577 
21684 77679 
57777 77484 
43839 16070 
28696 29267 
17125 51042 
63695 54768 
34941 92151 
58913 66352 
4543 54082 
89574 31223 
78378 29108 
25080 39186 
44579 16732 
57568 97892 
85282 16199 
46822 76142 
94356 43087 
68848 35427 
57157 39922 
18059 12658 
34078 12549 
53707 42893 
56965 38942 
81 39902 
42860 65207 
6923 84507 
53080 24708 
51648 5924 
77301 90591 
18152 79681 
2102 99382 
18360 7202 
31309 63943 
32107 86786 
61572 27732 
28590 33454 
80695 99142 
98298 56001 
48585 44632 
68222 53635 
41063 12431 
95091 51661 
85324 4792 
31476 55977 
92496 16074 
37861 69476 
97530 6387 
70072 79990 
49563 86100 
5989 99026 
56927 45193 
88010 3294 
80157 73259 
48490 6913 
83604 80902 
54229 71189 
1693 51343 
53017 40967 
49396 22235 
30404 81844 
8154 22005 
88018 80885 
48245 62496 
36156 64994 
6539 20215 
52813 85719 
24589 22225 
98930 17045 
66188 89506 
95349 13566 
75775 80564 
60822 80472 
9535 21133 
82400 13892 
69513 1999 
39599 80396 
97777 76303 
31991 17841 
42402 90108 
66203 56238 
89999 35600 
42785 76958 
70519 24956 
45984 51343 
79241 44764 
80229 25677 
28113 65783 
15932 48449 
34062 50942 
4202 68006 
75394 25616 
95187 63915 
99072 48580 
47939 13760 
41456 49459 
51077 38574 
32987 79063 
82998 14764 
93334 52687 
27948 88123 
87697 53278 
30036 76400 
7215 1298 
11074 925 
56875 91211 
152 44886 
82821 40653 
22884 96125 
47637 97742 
76573 95699 
66975 4348 
73791 79958 
53770 18762 
71441 73501 
77375 59869 
14882 63157 
34049 46761 
17473 58988 
42575 72649 
64733 27332 
24145 70024 
79248 63032 
99210 95186 
7621 53229 
35660 84582 
93906 73522 
12457 12858 
85391 48743 
20783 13048 
76002 5280 
10773 3073 
30246 39589 
6098 99488 
46302 28453 
50901 89392 
10733 10515 
24052 74463 
69267 75771 
54177 97275 
88174 9947 
95604 9383 
9009 54056 
80149 43080 
5830 55962 
42564 4318 
38468 10373 
28519 12966 
58041 6471 
33143 78397 
61591 28227 
85429 13332 
11626 81513 
89230 56949 
33260 54173 
55101 99436 
76795 50544 
8902 74509 
86763 80250 
42858 13833 
49849 22608 
82701 37855 
3534 32624 
80526 91280 
74926 2293 
7175 18182 
84972 41821 
10244 11736 
97063 99350 
24206 66592 
11065 94956 
67695 8111 
3838 4873 
39646 72011 
95613 95341 
30772 60389 
77858 71930 
99771 5683 
72803 79855 
24695 32786 
7358 63527 
29061 21394 
74893 69482 
99591 35562 
27181 55815 
57842 5541 
85802 53400 
21568 18145 
87391 9405 
93282 96215 
80326 32006 
43276 25197 
71811 46705 
12282 15412 
83791 69279 
44985 72269 
13713 98154 
79745 83538 
11876 29861 
62196 22677 
80972 5250 
20776 10328 
75385 1256 
40795 72254 
27903 93266 
298 81328 
59738 26531 
85765 73602 
36086 51535 
88614 84083 
13934 97912 
94479 56498 
91418 84202 
16433 43172 
8762 86665 
90581 26086 
69670 19334 
47867 58217 
49020 9654 
99481 45502 
27810 89272 
24914 64032 
49513 57962 
31465 34569 
23367 20124 
61960 57021 
9587 37979 
63446 41197 
9080 93285 
93786 57000 
45975 324 
35378 67146 
75127 66870 
5628 98553 
68714 57016 
2329 54771 
36172 69964 
98780 71081 
9896 12274 
8245 66406 
85519 7568 
70269 51677 
40031 57326 
72413 13023 
63614 39131 
10112 99976 
31770 4644 
4649 13796 
13191 18566 
44678 9108 
55773 61967 
90205 93232 
18293 8644 
79662 31900 
18466 71524 
10437 47489 
49467 7637 
21186 26480 
76476 64832 
90229 36534 
62373 51122 
78556 90397 
87489 8475 
88200 83778 
22087 76826 
77175 77428 
82311 41242 
70706 89824 
50356 65409 
35132 16184 
67890 28015 
35652 91980 
18081 95062 
81994 74682 
96064 80815 
77129 26164 
30277 72829 
23295 40002 
57811 22365 
6898 72856 
75794 30530 
79260 7183 
87751 92595 
73724 93719 
39048 98186 
51266 96491 
88676 23457 
46592 90551 
96044 92819 
94555 43207 
10876 32446 
52804 43194 
41938 85545 
724 29070 
46014 10222 
86987 8043 
22424 34823 
18503 49514 
20331 2716 
32015 83801 
66193 98768 
66330 35845 
96932 13124 
57873 76112 
40742 64416 
15251 76500 
21933 74159 
89468 17727 
78796 56822 
45652 6518 
74221 65976 
59408 25823 
47604 15895 
6335 59378 
3605 80134 
86766 3133 
58376 53849 
29472 330 
67111 55014 
47838 14525 
38136 31176 
79929 85369 
98199 33057 
29919 95657 
11242 14005 
42490 14998 
68657 15236 
84109 75369 
62850 772 
75498 76901 
27951 13131 
18155 18436 
81576 31061 
84416 96689 
29774 24013 
95370 20333 
3643 14523 
93835 40840 
80588 79327 
30612 10646 
5750 42769 
21447 40994 
69904 41954 
99366 46773 
18949 72100 
82484 33720 
67070 52650 
928 4555 
60794 90002 
78150 34923 
94337 51053 
41717 97480 
8016 3269 
46563 93001 
10968 21648 
29721 81093 
57003 10650 
79716 89920 
68154 40082 
96098 24263 
44338 47926 
34973 84334 
19494 20208 
84955 53937 
24679 18283 
94621 15886 
96829 87270 
77300 5035 
28220 45894 
51993 14848 
86161 27601 
40206 32110 
45024 15586 
27668 86221 
63460 90232 
17185 64428 
8483 86487 
44278 62449 
75089 40804 
804 11100 
75162 92551 
13424 43884 
72645 93169 
53534 47913 
23314 67838 
13231 71136 
36951 69079 
67881 42491 
17308 59446 
60044 98464 
50996 61338 
81782 99441 
10254 15995 
2785 62331 
6557 828 
90301 32109 
82080 64534 
93493 64272 
54298 52780 
19643 92599 
35328 13780 
12554 12226 
32084 92699 
54481 16688 
95943 46571 
52146 89443 
31305 37317 
34635 65281 
91311 89419 
86396 45146 
85942 30974 
62104 69046 
2807 72067 
81794 26055 
94176 12818 
84477 7871 
15142 14929 
26349 92929 
7278 15210 
45725 81781 
9747 7306 
81027 91270 
45556 68725 
20400 54953 
74475 64276 
81969 70315 
26131 14150 
72262 79482 
26884 75137 
47016 69479 
12294 46848 
3328 30521 
73367 81302 
65053 16360 
19219 43903 
84384 9452 
51391 46534 
71684 5476 
35799 49422 
82960 96717 
27114 7410 
39757 51857 
47364 18385 
29785 60953 
45647 16911 
38262 38636 
69047 44439 
89744 56078 
56221 19017 
38099 2780 
24571 22025 
28350 62958 
59531 17213 
68248 28112 
30215 18229 
89737 57303 
49517 24779 
50856 39738 
68731 54742 
27211 10430 
46854 9771 
68742 19055 
62967 25327 
52353 54533 
46409 72572 
43853 83447 
83978 99183 
93698 69104 
25936 18913 
30180 99838 
53373 85589 
81012 70142 
88276 16244 
49640 26219 
24679 60228 
96172 8793 
34318 46355 
24460 305 
53473 78579 
56669 11058 
89003 92134 
84559 19462 
91067 26760 
22756 15212 
27619 21347 
53454 81030 
61482 85227 
44241 88580 
74661 55349 
41205 77202 
6516 5703 
87957 30303 
72531 35588 
97911 63591 
8630 26744 
11917 91731 
42320 25820 
6275 45616 
26453 78321 
77170 71098 
83960 12909 
16755 51869 
2649 50810 
13370 64108 
88006 94108 
53810 88582 
28916 28790 
79084 77075 
56298 63716 
46768 94349 
77896 15022 
82845 34260 
53800 36988 
63822 39242 
36744 95026 
55969 36045 
38844 74207 
52669 37447 
2125 17610 
93152 49579 
44078 92791 
16320 67588 
21419 91787 
1862 38549 
5361 80344 
77578 19848 
89884 25420 
26541 63702 
60886 46517 
10718 14056 
38541 56037 
38635 10771 
67780 76601 
43874 57860 
72568 49160 
8466 27435 
8464 74709 
60644 39138 
44941 64575 
99961 75966 
84032 9470 
54447 71784 
75107 15912 
54250 33188 
16904 96 
14126 39010 
47445 73932 
53165 94405 
10037 5737 
44331 3303 
49290 88914 
78629 62927 
34949 5998 
49181 77179 
33270 32531 
8973 31837 
45819 85521 
32737 73879 
13740 84601 
18192 89645 
41939 60504 
94789 82138 
32062 15113 
69141 6461 
25771 10080 
25474 34174 
50516 36913 
16713 82339 
28889 406 
27256 61043 
59578 29434 
61986 64419 
3056 14385 
17757 54481 
8369 58876 
23373 64518 
98716 24902 
91975 79402 
93004 45216 
15795 33805 
78153 74453 
47407 6169 
62632 51438 
53867 76209 
35597 49074 
567 56786 
27919 95378 
20142 7185 
21534 59452 
48449 84156 
81748 9577 
64410 89495 
93479 67113 
53421 28543 
66894 99521 
25075 2636 
40497 18569 
55088 20378 
50446 75674 
88627 27555 
53719 75328 
37622 23543 
89736 59684 
28211 53298 
40125 52643 
6087 38292 
99550 90151 
87338 37228 
1870 4908 
50268 7926 
55370 78363 
99712 75450 
28394 20567 
99526 98383 
92436 89371 
61233 65092 
73610 14458 
97182 44872 
85364 48803 
95154 65084 
15416 30450 
47962 84693 
18122 813 
76433 87055 
19805 92293 
17008 20387 
79090 67543 
6286 73018 
56833 65548 
83970 82359 
41006 85501 
52950 41462 
40718 18505 
80703 85101 
10533 19237 
99686 8503 
91335 94966 
66078 96176 
57239 77709 
66027 15724 
39357 36792 
16421 62085 
56733 83736 
93293 21359 
22336 19110 
35099 60167 
7741 71921 
10380 36451 
43961 86050 
9777 70679 
7874 15438 
20849 12623 
93779 99925 
70841 88173 
97859 7070 
77322 13114 
49633 41735 
29519 16343 
9007 44901 
34212 23709 
10086 25882 
99218 15456 
73661 98030 
94781 85212 
29105 16992 
28573 96518 
83420 52725 
93575 54092 
50248 61737 
99749 81322 
4876 64381 
80210 22960 
62652 73541 
70490 72503 
87648 65695 
95568 57497 
26054 33060 
63445 2756 
24472 6434 
56382 31491 
37141 92338 
31279 57349 
48114 25193 
89251 66612 
34467 95519 
51088 89072 
74873 78531 
80085 8574 
64225 54000 
26633 69769 
29428 77878 
30002 96315 
54129 38941 
1904 47581 
10821 9600 
33698 5847 
67670 78989 
14542 4061 
84309 38623 
21289 75411 
36019 76133 
42619 30275 
8877 20983 
29664 43568 
89834 77568 
23303 66053 
35159 75727 
94339 56893 
38245 66463 
46917 71522 
33555 91523 
77850 28877 
67277 59521 
54912 25055 
37274 68389 
75690 56713 
54976 24221 
95273 66785 
10112 19926 
65801 27577 
25513 53640 
13855 31830 
73693 86445 
92647 71070 
89516 61732 
85193 42348 
53965 34380 
1880 39434 
42910 86973 
11281 52587 
31696 42375 
66611 22214 
21521 17241 
41837 66059 
6755 99441 
71304 26981 
33720 73844 
94579 68977 
10930 65571 
44312 82767 
18356 17564 
79025 49099 
29050 70193 
55065 47855 
261 64632 
52326 94119 
13187 48876 
16929 28556 
40585 25500 
60652 88750 
99688 43658 
61749 40629 
4225 4322 
44648 54628 
63817 17388 
77098 69963 
91615 22017 
12474 2191 
71763 57489 
22237 14180 
7144 50817 
8949 88667 
14784 69519 
63813 11793 
61468 73191 
34301 1306 
35251 85916 
97302 90558 
29981 3018 
91054 10014 
79360 40337 
45217 91659 
14704 31926 
62566 58507 
36272 82962 
48096 51377 
81873 88667 
51720 88144 
48459 37162 
89285 46872 
72475 24426 
33299 13571 
3000 22926 
19529 37722 
8008 61960 
98554 94320 
38618 97427 
72395 59861 
38728 71441 
95480 71498 
28207 88128 
86531 53565 
6644 60921 
93316 63713 
21614 18812 
75790 32099 
20541 94275 
24788 41378 
58455 53927 
13217 22708 
65271 74546 
84609 23525 
85717 11640 
19936 36547 
92608 55559 
87742 66279 
39918 20992 
74931 49231 
65910 69708 
15965 37133 
78593 23534 
86760 98615 
55859 84796 
6226 94149 
70859 44851 
93189 31463 
9556 27831 
59323 14251 
81844 86348 
79791 55639 
40219 38660 
72415 39729 
10730 12700 
33505 79462 
9760 41330 
23887 37103 
67182 35357 
72181 44868 
1513 46074 
64079 87492 
95930 17479 
16118 86016 
5353 19812 
90390 52615 
84258 50717 
92624 69977 
62509 88043 
10290 85585 
12191 79209 
89598 1159 
42304 56048 
20734 80617 
30114 71188 
99161 96086 
48102 62257 
57510 80799 
73614 63603 
17349 60198 
74731 1709 
93031 88071 
50293 30123 
90878 23295 
64637 82461 
86078 44544 
58334 47936 
27005 15265 
35042 2865 
12031 79304 
21573 63722 
7494 88747 
73374 62586 
27078 39846 
50840 84185 
72709 20370 
23221 45255 
44938 52263 
66357 41556 
66840 47188 
8095 35654 
29604 79357 
40924 9430 
60290 19985 
65253 59315 
32621 70781 
48694 69350 
90228 80057 
86850 57435 
28418 24384 
29275 53521 
85327 91137 
90691 34980 
26213 2867 
1943 14037 
65710 83087 
67842 44887 
61992 74928 
89716 94021 
34103 89012 
79365 96245 
99102 74999 
38076 1072 
99231 82419 
99456 99345 
90944 744 
38076 8396 
97452 46081 
27228 85495 
84311 92443 
88627 34021 
3666 29233 
14429 64486 
66864 63412 
57707 73488 
47494 74743 
81343 7601 
87271 75587 
27275 86404 
75757 22903 
18153 69058 
1532 79430 
31643 62245 
27264 23476 
94015 83778 
23982 62282 
24075 15813 
10930 12649 
21130 4369 
86524 74314 
31391 87717 
3229 36511 
46059 65213 
34566 26208 
81318 50290 
6013 27725 
65560 86552 
13214 77720 
12375 44318 
30696 67015 
89210 56457 
22211 61252 
1046 96975 
99836 86110 
96071 53583 
43156 9582 
66011 96358 
82111 93798 
57675 98581 
67504 81899 
34198 23013 
1726 31716 
24590 47078 
78871 7261 
78426 63834 
88248 91528 
98826 62100 
68159 89645 
61397 58737 
57894 50119 
39358 28842 
85011 43711 
45816 55491 
42290 4464 
73026 99660 
54126 55421 
55384 73104 
5707 12795 
8076 82195 
9924 86666 
96452 99146 
16801 73710 
72609 8495 
28105 68030 
75085 71407 
65859 99879 
25205 48057 
57601 48835 
69313 19280 
43584 67970 
9989 52644 
81437 98608 
41323 65250 
22421 51440 
53397 45802 
60023 79116 
99372 11896 
6438 67840 
24917 94939 
35391 31093 
44172 64782 
40795 97265 
9067 28875 
99888 44827 
59519 66638 
96795 53596 
60872 88752 
57846 8714 
31944 43209 
73549 15166 
42112 25178 
33740 54952 
9120 86181 
82258 46507 
60600 79519 
5357 46492 
31828 23557 
4144 67797 
59764 12215 
65478 74399 
99221 52884 
38023 53665 
30788 66013 
40611 59760 
52160 37716 
78558 67991 
44587 77012 
20262 79278 
84394 92709 
91193 66327 
25878 71402 
75285 58697 
16337 7735 
74791 22610 
16612 10797 
68810 3194 
91221 86405 
27985 61771 
1031 74052 
88277 58880 
78375 99395 
60267 4913 
89620 88443 
52080 24555 
93417 77961 
13823 58673 
84218 48116 
69344 57846 
70100 98039 
87128 5433 
71553 82685 
56349 44891 
43599 30317 
76329 75995 
17463 63873 
38118 27675 
29988 56670 
75412 11381 
59077 63093 
88680 8199 
11688 78350 
1194 45391 
17217 97840 
88525 73587 
63637 66319 
34126 64555 
76282 29817 
2777 11295 
79960 29120 
90952 27129 
3885 2648 
8581 8553 
85891 98672 
70212 47769 
7516 32099 
25237 55182 
44733 59383 
36633 79526 
50478 86683 
25589 93925 
94593 70967 
35397 49801 
74376 21542 
32185 87439 
74692 60366 
52317 31902 
421 53496 
26723 96080 
25983 83153 
60938 58848 
6817 90154 
26305 85624 
75864 79818 
22568 11046 
4489 50973 
5003 9075 
41741 77321 
30260 34505 
58425 43154 
64262 31684 
13219 11312 
12768 71200 
26894 80275 
80657 93329 
97664 69393 
39477 8256 
15811 56540 
84508 27396 
38929 80828 
92338 77561 
70504 14542 
47883 80305 
43987 3082 
95812 62480 
52159 69430 
85490 810 
77253 80586 
20847 93289 
71207 77363 
96990 93225 
7345 76113 
3900 37975 
74909 61161 
4233 53715 
16069 158 
47016 20047 
11418 31011 
61938 33785 
4373 88716 
89988 19994 
17578 63160 
45332 119 
55050 4840 
70609 42037 
2720 24445 
43265 84896 
36950 64380 
14025 52802 
25730 55578 
10318 45742 
60470 11287 
17220 23570 
87651 51074 
56408 79436 
19080 92873 
19635 32741 
87079 98689 
77426 58530 
76663 10419 
75942 10139 
10630 66294 
55406 85017 
85419 45526 
71991 29820 
55733 49051 
81748 80179 
44115 87588 
49935 83010 
8023 14783 
82007 54773 
31434 12790 
33571 87812 
20587 10444 
45776 28679 
74197 90015 
69880 17336 
67350 17564 
90154 94158 
35214 14050 
27814 52873 
67843 69563 
10342 41869 
30542 91487 
20324 93777 
5634 68836 
95865 93761 
10909 29706 
40655 80671 
87683 66479 
15941 12014 
67061 4327 
28919 13641 
16887 92568 
2510 78137 
43821 5530 
9962 72037 
75078 49867 
84448 61390 
72597 88624 
68547 67541 
38743 8859 
51467 20654 
57129 79269 
52855 87126 
74734 67000 
51228 8894 
72224 8726 
22338 7562 
88224 60066 
48180 74358 
60256 79536 
80919 88095 
20184 38509 
97633 77657 
35185 87012 
61578 72952 
16649 46693 
13598 68848 
28876 46947 
53311 60301 
17020 67907 
33887 93687 
39468 4911 
86509 19320 
33692 23051 
11012 23170 
66566 27539 
17749 62006 
20259 35876 
82373 25516 
43026 1201 
80019 1360 
50565 2678 
98280 24727 
98090 88440 
89402 52608 
55863 29327 
11296 14867 
11639 17568 
24220 59077 
92356 23532 
55439 24204 
44335 5818 
17663 49380 
36383 55220 
68747 48342 
53410 41433 
29920 57543 
29501 22939 
37717 96509 
28875 75087 
90816 62725 
20758 89150 
67155 20113 
9908 96037 
28985 30156 
78393 72320 
3923 17729 
66188 93377 
28590 59951 
68247 8700 
68126 35641 
53948 27804 
79592 75425 
21142 21670 
70237 8099 
81502 64278 
12611 7560 
36501 61561 
17679 6404 
44017 40962 
34367 57263 
94465 3815 
39389 90994 
12294 74846 
4736 42049 
73782 18413 
81866 85642 
85330 29428 
21425 58800 
97726 48422 
55228 17929 
41414 94866 
3285 19231 
55317 60579 
32789 95118 
47538 55963 
88288 39711 
70106 55788 
32677 9579 
11869 48398 
87158 92071 
13791 52434 
35000 92896 
89073 28590 
58703 47056 
86924 80384 
13086 62812 
73229 7572 
97843 67036 
13989 48591 
82301 32131 
38127 24284 
52349 29643 
25094 74170 
94973 73741 
9685 58659 
9323 88959 
21570 85846 
34926 60878 
80281 9913 
17425 5897 
47719 39672 
90152 26787 
99744 90401 
35860 4424 
15988 9888 
7120 12913 
2773 10462 
26146 35254 
57834 42831 
55257 99763 
57565 54614 
27681 53664 
97546 86778 
55103 39578 
45397 74512 
83114 43064 
71283 35610 
48655 34967 
5937 49048 
4550 40971 
38601 49195 
15430 32627 
8057 86985 
96588 49014 
58737 38372 
62744 26299 
30895 72520 
77228 33627 
28900 27440 
43738 88103 
64952 79160 
62640 49061 
6858 32021 
81654 72386 
67977 2309 
6831 39350 
65062 15214 
3886 61223 
35405 85950 
12208 889 
48595 9908 
14322 45726 
70124 43817 
52071 12248 
34198 20157 
57482 62276 
61329 445 
71033 62873 
12633 39506 
52977 27848 
7220 2494 
54394 37304 
41675 49154 
3805 43542 
41339 75724 
82487 36565 
41966 83849 
6996 60486 
47270 28034 
11000 43358 
33018 78406 
20117 27228 
71505 23929 
43299 62693 
31626 32734 
62166 62773 
69220 80832 
85765 94620 
59951 58267 
52359 24409 
42735 62606 
2162 20673 
35546 93691 
15328 64441 
57420 70705 
8046 10692 
40583 2849 
6250 95000 
44815 58312 
71239 81643 
92560 92723 
34415 5047 
27726 17886 
9377 65102 
63732 14385 
88763 98730 
27074 17486 
551 65007 
21553 34799 
93881 49212 
35240 86275 
48056 12363 
87387 92369 
50003 87140 
65700 74588 
65264 48497 
35742 74128 
35515 67868 
13693 38961 
71630 93540 
81318 77452 
75469 86593 
87695 27503 
15862 81750 
26105 44189 
4656 35534 
96472 66010 
67255 70335 
63822 80107 
78708 22301 
1464 70208 
41211 53402 
63945 97527 
11789 93593 
69280 34514 
49963 37687 
82604 44062 
44359 33365 
84054 72709 
94515 61694 
72598 5320 
69538 29599 
4444 10910 
38811 64892 
89811 94494 
71592 28836 
75026 58239 
32160 38602 
18282 66703 
55043 22587 
26858 5564 
70918 15230 
61198 20993 
67931 34786 
26972 27726 
15454 77467 
70083 77871 
47735 4407 
61570 89618 
3404 94115 
9435 45288 
43473 82399 
62673 81524 
25250 14161 
79088 10931 
92497 87070 
13010 34104 
53206 75761 
41560 23742 
55495 87072 
88893 88409 
39466 11751 
26650 52533 
38219 6111 
25855 21327 
24794 58353 
10563 34609 
53452 68541 
16818 51844 
23495 98687 
91802 52262 
1736 29966 
77540 78509 
75774 97752 
11123 60 
74365 62010 
39135 23504 
83499 10507 
87803 30792 
7169 85367 
52401 83697 
70383 69695 
69477 92974 
38602 70308 
13749 14075 
32603 85050 
17837 97811 
50644 48749 
47472 93946 
70871 10528 
77429 78490 
96046 7053 
4146 51308 
19973 61197 
99838 29710 
40412 53678 
59907 45758 
16783 86442 
20507 40332 
72658 80837 
26387 35350 
72788 31110 
10468 57038 
62350 64290 
6057 77788 
42117 41236 
50251 41896 
67428 70423 
52757 41331 
1101 96007 
98226 11718 
20862 64747 
22176 25823 
80385 72583 
50654 72100 
49715 40958 
22038 19221 
15591 75435 
15706 84037 
5165 14708 
96775 40018 
7563 86823 
48727 26004 
6979 51206 
6437 40954 
8205 20070 
20989 39394 
30965 20818 
84616 74401 
72923 82263 
19223 70196 
92910 1787 
85146 44815 
45693 78027 
98179 44819 
7529 74213 
52342 98645 
67766 11002 
33486 42936 
25934 74447 
74546 27091 
26030 64688 
47079 55253 
80140 4032 
5749 82102 
82040 69261 
2451 39077 
88123 12326 
65049 30996 
47733 86044 
92008 9597 
97949 96958 
48708 109 
98849 66234 
63780 29742 
74486 91254 
14586 82849 
42063 65554 
59758 86528 
57216 32766 
23709 12551 
76855 21457 
63136 66772 
42660 32059 
48730 25528 
18124 24521 
76691 70073 
69939 85885 
84067 64697 
70568 40689 
79607 21938 
12980 3889 
17462 99186 
70847 65978 
34977 74959 
7879 42986 
47749 60297 
38530 20309 
45262 10919 
68951 68553 
58576 19230 
1869 12095 
77975 81721 
71967 86572 
82859 56948 
89383 30229 
8848 52042 
8102 15871 
17729 1573 
3299 45104 
54752 31578 
37111 94595 
74746 33722 
15837 25323 
93634 9797 
93237 40052 
75126 85141 
54378 1727 
93741 31074 
22388 6081 
24771 81064 
66519 35374 
99389 73105 
54072 7070 
28849 1656 
81027 71137 
45547 16489 
36630 2776 
30701 62952 
5722 83529 
98504 18365 
89265 63076 
84828 42676 
28286 46422 
44882 28007 
49394 56804 
98746 1324 
11035 83280 
76255 7252 
18834 33806 
3446 73911 
95645 79566 
41652 43659 
37334 94344 
37246 32769 
58873 63949 
65201 69295 
36974 65019 
52794 46790 
85266 89955 
51177 23025 
55950 25317 
81983 87489 
47890 74704 
23733 19211 
15250 53946 
18557 57308 
13090 76384 
73558 10702 
86741 89094 
3149 40519 
10288 17074 
8755 59007 
6194 21748 
20550 2133 
32846 82593 
32177 49544 
9738 66219 
43942 85216 
61011 55987 
92508 14852 
97286 77004 
85887 81973 
22938 66310 
81343 53661 
51431 6144 
40814 79020 
34837 59331 
73535 58706 
65329 20198 
28794 2218 
86230 21816 
33078 91183 
58094 20985 
75348 11467 
61355 16017 
31786 64723 
81211 39235 
87064 20842 
12721 6017 
53042 26796 
44487 95287 
7787 44479 
27833 82565 
77868 50414 
15057 45969 
65148 93573 
55108 18042 
75602 74040 
67958 61813 
42195 74916 
79981 8206 
46427 52581 
91781 3737 
33893 66327 
67242 82348 
88035 7370 
77935 93338 
73262 69394 
10596 88501 
83678 88009 
47014 95927 
36913 64907 
55475 85347 
33879 83986 
90806 60470 
64750 21366 
86111 97465 
79071 48932 
33436 85544 
53608 31971 
92894 15544 
85419 25430 
40189 5479 
9580 80471 
61020 48224 
91103 83257 
27490 15802 
68819 61265 
46450 57192 
35319 8944 
52597 82143 
21557 4152 
30202 32172 
17267 9561 
86489 1727 
99126 79115 
66975 87463 
57390 18597 
98489 11611 
8738 81530 
69137 86650 
58137 16848 
6117 62780 
25785 23194 
92089 27138 
86500 6178 
68713 4281 
78440 79556 
12007 41146 
25605 99072 
28316 46491 
84305 68550 
12002 94804 
67623 11849 
26344 97696 
23889 61417 
17690 91997 
45249 74432 
49565 93108 
60669 50899 
48202 14577 
24036 94574 
83901 60449 
42508 27215 
73646 55621 
2843 39421 
79551 91270 
44192 37185 
95034 27332 
94647 22304 
55973 12112 
35848 26912 
87692 50257 
85014 7654 
229 74684 
87022 93404 
74171 55452 
90468 71930 
37214 9172 
41159 95532 
17668 56220 
64034 83450 
75274 9829 
20280 99700 
51979 71095 
20228 89008 
55747 46992 
44597 60642 
88995 4674 
76748 20188 
59922 24663 
76842 62714 
69764 17974 
35131 57239 
51949 27782 
26081 72085 
50122 44923 
47657 13424 
61204 28359 
70762 75212 
36919 36652 
42745 27722 
32629 44581 
85784 3990 
15860 40210 
6126 78774 
98567 72047 
83332 72971 
36955 43354 
40042 57972 
50596 31268 
2262 79039 
48619 42043 
47746 64566 
14891 575 
5786 38932 
96423 12294 
15571 10701 
59618 28575 
72233 65005 
27518 93022 
89823 49252 
87888 45288 
88647 4620 
66735 11519 
70775 62366 
94773 16123 
81988 93554 
55402 8198 
71020 73591 
91905 7815 
47706 98826 
68862 42265 
10450 71484 
28187 60473 
60445 51312 
53738 84933 
45133 57595 
60102 84882 
76652 93563 
50934 31836 
52340 56709 
50168 29191 
63848 93198 
95410 91284 
19008 52242 
97032 84134 
16336 97275 
8727 29988 
5878 34679 
25726 20927 
42100 28022 
25396 82904 
84602 75950 
91607 80971 
30676 45324 
19035 58838 
70063 67625 
76485 61514 
36741 26352 
19346 98448 
95181 85826 
80458 66406 
39207 37734 
35945 66284 
480 70746 
37985 16083 
60565 642 
30039 83509 
35659 33668 
11680 35935 
56265 74206 
99988 32941 
95462 29356 
42379 67184 
8878 7628 
71743 93057 
37081 56746 
58970 69420 
86819 36395 
10196 82596 
51389 75784 
76513 8935 
52395 22988 
92452 22405 
85242 53338 
36161 51994 
28937 67455 
9032 46172 
37131 76052 
65403 7182 
61784 38271 
84028 16677 
73449 93040 
62138 85976 
32895 98846 
30229 29213 
37628 76313 
31101 75670 
13839 30090 
80223 8807 
49425 11830 
26151 43805 
66932 74414 
59506 32887 
16615 59054 
76947 18236 
29305 51576 
92594 36040 
6353 41914 
3513 11986 
39635 21729 
58179 78493 
48484 59065 
47221 87015 
92339 96106 
34313 84959 
68054 26322 
71698 76057 
28973 20690 
99667 85498 
69289 89177 
12178 6661 
1611 83292 
81861 15020 
18318 68279 
76816 96568 
67969 19402 
68881 53081 
96890 25763 
28472 14585 
3043 17232 
24618 10607 
24366 65338 
492 26074 
37012 47309 
74510 95193 
70239 4000 
24983 67209 
54197 67037 
52342 11604 
4456 78281 
77127 17147 
12812 75600 
24191 79137 
57804 72910 
64017 62233 
70298 19611 
30539 72473 
89628 84784 
11554 71404 
23991 74878 
12578 17659 
85139 60147 
27912 26919 
1894 54706 
13717 99865 
29593 67845 
47082 79549 
63319 20094 
72296 64557 
31588 96572 
81025 22393 
94164 92242 
46546 18725 
92759 88983 
33931 2428 
6590 92747 
37785 63805 
46132 50573 
57115 13960 
77864 61883 
2890 16935 
10399 96201 
48059 43103 
88136 30351 
72038 2194 
32383 22166 
22114 57433 
41911 44893 
12746 18452 
14961 16710 
10382 59946 
82985 73165 
6227 15485 
52706 46851 
62289 51483 
37610 38247 
27061 34979 
22516 84425 
56374 70736 
45656 58193 
42222 98082 
1495 59241 
47794 5998 
64525 91010 
70449 46136 
9349 52225 
6074 97784 
55599 10444 
68000 66220 
97576 66454 
21615 76466 
87979 62985 
31792 58163 
32688 38973 
84468 4069 
19272 81462 
35941 24661 
45766 81268 
63903 14362 
38212 55625 
42734 91124 
45578 61311 
42272 70387 
78860 85118 
54020 86920 
17559 65045 
81700 83564 
41163 65206 
94069 44634 
55889 213 
27101 63520 
77633 80673 
39886 98993 
960 30420 
74053 92772 
30904 8271 
40015 92101 
79473 52309 
55030 45417 
31949 53101 
87834 16609 
69457 53756 
22521 93953 
93707 69341 
40376 53484 
37452 15967 
32544 73395 
59894 40681 
98665 85993 
20137 47362 
57070 96796 
93759 20886 
90607 96563 
47658 62151 
78881 41351 
16560 59852 
22440 78146 
30935 41478 
47364 49183 
30510 65564 
89755 16730 
60199 40037 
98767 11991 
85972 77337 
64119 26644 
87034 26031 
69436 33674 
77667 50729 
96297 45291 
87184 67397 
55533 90079 
79649 79529 
2101 18947 
26397 2145 
97765 30018 
53829 5197 
21874 36284 
76569 55748 
94635 86692 
91803 89148 
69639 91227 
54445 93428 
72729 93662 
74755 48286 
12904 81819 
80159 20269 
67555 24502 
61191 79155 
49163 76710 
77869 67018 
93456 292 
37285 21117 
70096 5924 
65745 24480 
6097 34066 
89590 33940 
29481 57536 
7595 14396 
86065 6380 
84888 90182 
55848 86912 
23378 9689 
97072 91130 
66932 7773 
75873 70134 
80875 41970 
97298 75752 
4864 73175 
39541 58268 
15789 59203 
7376 44961 
53061 30516 
63083 14108 
52527 21411 
63541 22164 
7176 37092 
30718 38037 
22947 47309 
9455 87677 
66145 10610 
21192 14646 
5316 49772 
5232 17905 
34925 18596 
50157 36748 
30762 23012 
57163 14608 
27721 85317 
44384 88439 
29472 69361 
96672 18406 
56475 16647 
88836 93833 
13918 78550 
62012 25661 
14382 68237 
12611 63119 
21351 97381 
61212 52869 
89200 7397 
4783 92580 
62861 52664 
19807 17712 
66107 44082 
76136 212 
51235 15338 
41840 30910 
4893 31351 
7825 3587 
4914 18638 
37680 18002 
1229 60725 
52973 71601 
50275 68218 
97153 15218 
66798 2795 
82218 6740 
69543 7110 
11507 8556 
88043 68506 
89222 39517 
66570 23419 
72727 10232 
48294 91485 
97175 41705 
47759 13636 
3718 91618 
23058 56810 
32284 90030 
40395 39460 
97867 16830 
83213 26613 
55283 36934 
95658 41033 
71502 46094 
65889 37905 
66975 70073 
48560 94451 
57761 3034 
97801 73020 
28809 67186 
32107 26479 
95395 25023 
80785 28052 
64529 77963 
67915 24323 
91010 40736 
74322 29696 
33894 89569 
80571 3381 
58266 44050 
34802 75873 
94490 57454 
7996 20838 
62559 58429 
96298 526 
92649 8092 
5072 48013 
24686 10926 
2618 87992 
49494 45295 
62809 39346 
62017 59966 
25394 87318 
33124 16732 
90300 60907 
70695 46017 
27984 1939 
32945 22308 
31755 66325 
77363 59326 
59939 55084 
77184 71024 
15855 33027 
13956 43829 
91817 56317 
59577 17982 
59702 96675 
94049 81398 
25092 19594 
66267 38156 
74637 46695 
94300 25552 
36939 8236 
18913 18580 
46182 70784 
69487 78782 
44647 7194 
75035 75591 
85372 61289 
54661 32620 
99445 48016 
51607 28766 
73750 21354 
32932 14604 
44477 36888 
62912 88196 
49282 33705 
72401 11277 
96726 61151 
88682 36739 
5464 79998 
60754 61349 
37621 74686 
13522 13888 
888 23583 
91031 38176 
22120 87543 
3658 32895 
1519 93602 
77098 65702 
41010 10223 
12004 87801 
2968 33301 
2315 36975 
96212 27994 
27569 31995 
5014 447 
29939 29418 
73837 5632 
10230 34962 
35640 32738 
28767 35961 
24772 47975 
76870 48849 
46862 16105 
92526 56195 
87560 66694 
29909 41487 
29595 18791 
56547 16685 
13330 28651 
44238 77523 
19844 79094 
40214 14571 
77555 86251 
53577 54290 
93469 59672 
68730 3616 
88397 15175 
2261 24056 
71798 6299 
52688 66829 
26403 9877 
53486 59309 
85353 73959 
28985 44805 
75325 12248 
70016 42691 
67951 8167 
91582 13927 
28821 73826 
8377 88248 
78448 94420 
65631 33568 
82807 76947 
92544 25624 
72393 13653 
3482 6434 
48231 65237 
58148 3834 
70856 66600 
6089 21186 
44017 58812 
83207 96273 
98691 54948 
98324 71489 
54972 54609 
46409 13588 
89513 32173 
11726 70618 
64390 37204 
78945 56055 
79638 61956 
53182 5772 
96151 50540 
932 62114 
38266 47059 
63083 1230 
26048 5928 
58414 34682 
6157 16555 
91441 84491 
47138 26732 
1985 51905 
40087 84311 
45504 74542 
98859 55120 
73021 93974 
85327 16603 
87373 36387 
94694 71264 
88564 42658 
23427 71762 
85145 70988 
8140 401 
40849 35185 
67564 99730 
46090 34749 
1749 8122 
52511 79114 
2715 14440 
85382 7691 
9005 9295 
53471 59846 
92936 76879 
8897 54453 
3813 41007 
70525 97404 
2991 51752 
13602 47259 
17346 74916 
45654 34127 
6620 25622 
34031 45006 
87035 69402 
24060 59921 
78688 99426 
88392 47587 
47458 86915 
77956 6706 
93502 93242 
2792 69618 
97894 26900 
57118 68695 
76547 26226 
17116 2686 
6307 49698 
82214 30159 
81912 59574 
1065 60278 
34535 91809 
21932 7297 
92676 15430 
33877 24518 
94433 97909 
19917 35872 
66505 9615 
26233 38855 
69751 20013 
62535 61247 
73750 61070 
87880 15853 
63502 59173 
3478 12454 
281 65904 
69477 54207 
55595 50102 
86226 66948 
12352 48944 
32178 84140 
80489 14114 
30388 37678 
5742 30662 
23474 85311 
59640 30769 
72923 39125 
86450 72390 
62809 46387 
48507 3627 
80270 13933 
55199 87697 
65477 60404 
82877 20471 
72404 26790 
93025 32826 
58329 75071 
34279 33429 
24814 57189 
70208 14080 
65792 42147 
9255 9354 
39447 47714 
25823 75054 
69728 35048 
52244 25865 
609 89486 
90155 51584 
71641 28797 
36859 13447 
56854 51421 
47268 7334 
10746 61491 
55308 68983 
94866 84927 
59977 87883 
16422 21397 
40734 91122 
96364 60692 
4496 56220 
98567 28835 
82236 12875 
94025 19197 
87026 97530 
4353 6982 
17342 31814 
67463 41593 
39546 6163 
94919 60740 
11684 63286 
45261 72592 
17076 92684 
20507 7804 
60666 67013 
4082 52005 
43679 73878 
97551 31077 
72866 22484 
80874 36565 
79461 33618 
16246 46567 
19951 53518 
39180 18686 
5845 67479 
32107 5914 
62872 27398 
55574 73787 
51369 48982 
20032 77678 
89091 78958 
17230 92834 
5291 80379 
94391 76535 
20621 35021 
46654 81726 
91259 15837 
23644 34521 
77644 39577 
94581 34179 
98303 69953 
93021 33462 
7451 5082 
67057 9739 
91433 49451 
93769 42736 
13505 40289 
77724 73575 
49094 70974 
42476 31499 
44357 29977 
41326 79679 
99744 52863 
59002 49523 
27208 66991 
49438 4124 
54834 93801 
56526 95787 
55864 61970 
94455 60021 
60439 76216 
22218 18954 
67867 81152 
32834 50805 
14816 57348 
92064 18882 
70545 87661 
3624 43503 
24151 35847 
48349 43307 
769 86654 
43285 68619 
93763 6811 
93322 98839 
28174 99717 
62823 78277 
77027 43149 
77547 20411 
36597 18915 
78248 19258 
29283 66157 
86475 68322 
43526 15867 
10375 2584 
38999 93198 
13730 47012 
42296 6261 
94981 76278 
33452 75386 
74643 64718 
76816 95168 
69339 32941 
81190 63145 
38535 78143 
83585 53579 
26141 8798 
38549 62558 
83279 91278 
60770 1530 
50815 55840 
12472 70372 
644 2528 
49101 98222 
83282 93708 
36926 576 
5947 19267 
34354 64513 
70127 72966 
85149 40414 
30514 83982 
6192 88188 
98239 6392 
65020 98749 
492 81129 
33124 87385 
25907 49934 
69798 34652 
30489 18845 
38345 32567 
52403 39975 
81507 79111 
85603 4672 
86233 52448 
92065 18537 
49234 87761 
90309 59412 
14257 74240 
43889 3078 
89591 87505 
87762 38267 
70068 73630 
72653 82509 
81628 4937 
78002 53400 
38543 34862 
42588 46086 
53442 89441 
88588 17060 
68533 46338 
69610 76805 
82761 68875 
56177 49411 
34095 82095 
83122 65944 
58767 708 
22566 20202 
89970 44585 
13414 30400 
77415 6525 
73699 18424 
6067 69116 
45673 39453 
67527 2766 
75175 69094 
90723 15374 
6607 82599 
69913 65610 
82755 41299 
37510 96387 
74720 35096 
16794 92886 
31397 16652 
55339 20353 
30226 2864 
83792 50902 
31319 12292 
66648 45691 
85652 53370 
11744 19075 
24626 77575 
83415 74734 
63111 64157 
20619 70275 
80996 8591 
95789 36433 
9283 45635 
62793 49748 
35958 49647 
33079 33478 
64115 19798 
87951 40520 
265 75867 
81883 54211 
24249 61485 
16880 28179 
93882 76036 
71117 74744 
67199 33842 
46430 2917 
83110 79838 
58713 1645 
27298 74624 
32881 61716 
24352 98623 
79741 30607 
39416 14965 
26022 98589 
43043 73850 
40737 21478 
91477 37271 
51167 95749 
1257 52339 
69990 15038 
51790 3872 
61400 53604 
32511 32477 
58559 41938 
62200 13066 
7306 22464 
47275 50521 
51782 99152 
13085 64215 
96456 23859 
37705 1129 
76049 94373 
41212 38503 
39902 74346 
35125 11278 
10597 83718 
16460 27034 
7967 49714 
98751 11683 
39101 53141 
8442 62874 
42573 52454 
39204 74883 
40812 18943 
49020 38706 
98394 70405 
5293 14124 
6031 47775 
31750 16726 
10079 39461 
87616 62171 
85662 21512 
14257 62415 
7826 48217 
17468 74208 
9618 97407 
14560 58842 
28574 47464 
64593 23954 
33854 38898 
17375 83131 
95058 52416 
62274 87134 
779 17465 
31385 51728 
60019 50549 
13304 31459 
22819 10938 
63519 66117 
37816 52961 
55323 57236 
23896 48626 
1242 15623 
70716 52132 
89061 57773 
98596 78675 
18877 18937 
2120 73971 
97989 93689 
73771 58041 
48964 11017 
53998 37061 
12903 306 
82370 90462 
84691 6988 
30790 56960 
99944 72229 
84233 62828 
4391 99696 
97050 58484 
75586 94276 
93641 55337 
34142 72548 
1088 83837 
77088 12893 
98374 25823 
89462 34289 
41876 9484 
41951 67196 
80038 93658 
62140 7337 
1502 9675 
74865 23771 
70439 73602 
43193 26342 
90403 29476 
5692 84392 
3768 35009 
97992 28591 
77678 55242 
66975 60775 
49346 86767 
34544 42902 
3726 95374 
44508 35527 
34718 13368 
30971 8659 
97479 9300 
79471 53421 
93848 12499 
13183 81616 
45499 47523 
25648 12141 
180 9541 
98770 8112 
85199 90668 
90249 46633 
69341 49374 
48132 74350 
19461 390 
11846 26213 
41235 90864 
88847 62362 
74906 20050 
53934 8557 
76311 54446 
4312 69318 
51099 88035 
17649 19730 
25761 98167 
2660 71807 
32932 51633 
2144 54388 
60415 22599 
6972 41734 
63466 94330 
66136 15280 
68096 30006 
32799 45483 
99501 14443 
69159 36224 
54210 88156 
44013 82969 
97121 17958 
96019 57654 
5328 74163 
2998 48237 
99501 13477 
92971 48923 
524 98764 
56200 18236 
24226 22167 
69147 96465 
80242 36404 
21049 1414 
72394 40588 
41727 1983 
7457 11536 
65268 2780 
6772 19301 
28392 59788 
80887 16512 
94594 87057 
71262 45147 
15562 7437 
85034 61465 
89911 46590 
48953 40083 
55931 68809 
86806 81576 
59822 5627 
81008 14466 
73828 33760 
13496 52099 
99673 17626 
93676 37677 
81911 43492 
71885 86558 
73044 37234 
5676 13982 
37706 75793 
93223 18485 
56720 73558 
13217 76505 
93516 49262 
13863 92110 
15165 56391 
74936 37219 
18212 90688 
26312 12374 
95506 72022 
44007 55837 
94414 34703 
60465 29672 
59048 50272 
19689 15499 
19595 49860 
79783 59701 
90333 9397 
15575 18140 
64601 10273 
2188 63823 
49762 90499 
66823 37434 
68124 56961 
80433 40316 
60793 38089 
23612 92202 
70630 18034 
1720 1908 
47728 8433 
3110 28175 
16264 81867 
91326 39996 
65112 12337 
97197 21009 
76241 42395 
30005 922 
84750 23990 
58239 38428 
72248 60679 
19930 24714 
31373 12531 
10143 24402 
3367 11874 
58945 21666 
82942 77963 
56993 93238 
5033 11745 
7886 87171 
76640 98051 
86500 46485 
93545 41875 
60744 80165 
86537 17869 
90564 50534 
74650 17694 
52427 15605 
63965 38610 
50186 37810 
19705 68482 
63894 46351 
56601 87309 
57013 19446 
37946 23481 
9427 34852 
47290 74129 
68771 22323 
98362 23260 
15797 40018 
78618 68835 
20864 88382 
79714 461 
28101 69682 
54238 53112 
41389 99076 
52187 99087 
2032 74032 
32986 30348 
41846 12875 
19215 26460 
67341 80400 
56791 99548 
80801 28703 
72977 56987 
72265 94817 
78389 24998 
22770 13192 
42089 31883 
43688 20705 
79870 58324 
39591 54664 
35010 23987 
22789 70102 
98065 94606 
26548 31707 
7661 61815 
60956 67824 
97791 69150 
30510 9255 
8797 31985 
85719 73931 
58967 26603 
12357 50 
81629 4160 
71484 74908 
68623 19008 
90952 54384 
25217 47642 
74815 18943 
33809 14480 
40934 66009 
44154 33775 
19040 95690 
56428 23109 
41580 7106 
40049 43273 
37951 85917 
36005 71756 
99023 30202 
23331 22636 
13353 31415 
91402 84369 
89082 99932 
48889 58775 
66230 580 
17505 49463 
92956 42522 
4056 66010 
86302 50031 
17893 81404 
23079 25903 
2465 4554 
9727 7683 
79507 7143 
61370 8333 
62281 74648 
79727 27645 
80326 35032 
57165 18421 
72335 55472 
49885 92343 
46078 87366 
57081 54447 
74662 82985 
14898 62254 
96999 3298 
64093 15858 
16979 85816 
78543 98648 
50647 43756 
48079 4853 
53594 23371 
93613 9725 
71792 55012 
55097 60919 
98284 95274 
33609 95530 
85404 72540 
87675 16226 
57641 16300 
80937 92056 
93745 71803 
53357 84778 
98413 75929 
41376 39903 
63582 97610 
3790 23186 
27352 26668 
19593 27897 
74544 28687 
11607 25980 
87076 70277 
15468 87064 
44629 59098 
57376 43333 
96476 36042 
25979 35332 
73885 3156 
23878 34101 
89174 70242 
62441 98368 
72273 55472 
19984 92049 
28552 80939 
17835 56934 
62736 62773 
81389 8184 
2855 7231 
44014 96155 
75480 89140 
20474 57055 
28909 7132 
23545 57082 
74490 81293 
22569 19932 
17941 83181 
45944 15955 
82297 65580 
10859 82744 
82040 89962 
23087 41543 
94002 33293 
27231 71670 
84759 92639 
3544 5956 
96588 95974 
1295 14276 
64380 70672 
70616 49324 
34521 17320 
4875 39077 
83358 85846 
33835 23729 
87664 53367 
14209 51437 
82460 58750 
48690 66782 
52518 57554 
27143 48672 
43112 22848 
24349 80231 
42800 32337 
7572 62266 
86468 50294 
4141 14005 
50390 33985 
54404 40079 
62724 68610 
28562 81065 
32639 62183 
17304 6447 
9187 12390 
15578 53463 
17073 91113 
6487 63051 
80613 79155 
17974 15008 
39497 23623 
68830 18465 
80334 83505 
42539 70910 
56528 75151 
27554 59255 
45690 28715 
40826 39808 
98550 19018 
7767 530 
66277 39897 
6279 78569 
54132 49757 
95106 78834 
38532 27898 
37464 15242 
1912 46100 
99762 75266 
85161 78039 
52201 90570 
30952 40271 
23144 81726 
92942 82871 
62335 33439 
15609 25225 
49457 48165 
47403 63059 
43925 20660 
35907 56473 
9452 73749 
67898 45558 
62626 96475 
59441 30135 
88610 29804 
71596 93200 
39000 52176 
25831 43857 
77040 27457 
19898 4854 
63554 91227 
99730 72241 
83343 67837 
25795 30285 
96253 30285 
83415 13418 
59713 37756 
25691 68854 
10277 11497 
4966 88417 
10541 38737 
44192 46211 
64786 26487 
23051 99956 
81787 62290 
5399 88101 
16465 77397 
14341 82312 
53385 49323 
69188 35450 
4606 25390 
34555 98895 
81947 96588 
96033 69843 
69499 2004 
69168 69178 
66029 98034 
68849 43565 
88898 83741 
14787 31619 
31237 33980 
25398 33312 
42318 55282 
57203 74214 
57415 45981 
79758 61748 
37942 11731 
37164 89323 
95206 60281 
36383 56015 
61897 75261 
19844 34419 
44232 47758 
25254 37368 
34664 26563 
9059 5379 
90176 33231 
11653 61043 
84383 76491 
72228 53976 
23012 92027 
59064 50536 
71835 28283 
67092 6214 
83668 96712 
48722 95393 
26848 5758 
86221 63130 
11371 1854 
84325 6689 
80904 47879 
60311 90716 
88955 79726 
35420 49307 
5707 95064 
86291 30604 
8384 44828 
97992 95182 
92479 17647 
71264 88140 
3765 30134 
75751 66628 
31756 61875 
8278 79512 
24109 2932 
10649 63907 
78438 13822 
24966 44539 
43118 33170 
16141 96170 
11867 6634 
71051 56801 
28245 52185 
91694 59915 
25694 21468 
35747 87710 
16310 64711 
22077 34101 
7308 57539 
11057 6201 
67932 2052 
89928 86061 
91586 71646 
42000 20651 
98032 29320 
55136 7349 
98722 12587 
29763 94692 
4694 44615 
79529 23668 
90926 836 
78815 93540 
43631 33051 
407 48016 
7727 28885 
3982 42491 
20523 63511 
81417 71194 
64672 82633 
38505 4224 
98514 41020 
94298 8810 
25171 9223 
9098 6546 
43097 52638 
10008 48929 
80254 81702 
69020 77227 
51692 69744 
2741 69499 
96022 35916 
5174 67556 
40147 94625 
95364 19701 
13532 80005 
60256 71273 
83461 64240 
99780 84366 
10902 1913 
35958 70498 
32961 49065 
30730 75591 
62396 25287 
68253 65322 
57229 9897 
96559 20698 
54251 89165 
90771 68674 
79026 519 
95458 40680 
42012 51834 
27280 73127 
5480 29108 
70690 38274 
59149 44264 
79293 21272 
73816 16280 
3329 39794 
11705 23491 
99815 36302 
59877 12668 
46018 59879 
18763 1350 
69238 94446 
21717 63908 
26262 83277 
83478 48951 
14416 45904 
75514 35944 
72778 82831 
4446 2275 
36916 15905 
26093 38525 
43412 17776 
62181 19303 
41479 42541 
99298 9800 
58138 81522 
40464 64042 
80690 33023 
48495 49882 
65661 93035 
67314 17856 
56889 44981 
32476 16298 
97133 50975 
85379 43500 
47321 24466 
87005 19186 
85500 94719 
86472 52215 
43561 57287 
37307 79158 
53995 41421 
70060 49316 
21205 15326 
23729 35696 
2299 93239 
10432 58633 
80871 4467 
37870 18986 
43869 33882 
42342 51204 
26498 45783 
91422 23080 
72971 58601 
99877 28625 
71981 46631 
65009 43266 
64917 6782 
68320 36421 
92139 43270 
9261 65548 
38024 91268 
33769 7851 
59050 21677 
95428 21121 
30821 43561 
40290 63530 
29751 48164 
37753 43736 
73003 19037 
89351 17255 
76336 66479 
34918 92837 
53668 31317 
41324 63431 
74447 42986 
2787 30370 
15327 9937 
3798 46483 
91195 66603 
95733 64152 
27232 454 
16491 37653 
38513 35119 
38823 95684 
16511 51132 
67507 69556 
82961 84529 
18096 35312 
60644 55348 
718 3912 
27995 43042 
1231 72612 
69784 43851 
99026 32813 
9724 16391 
85854 14896 
12450 46033 
53284 38941 
72163 36081 
97754 31739 
63092 64326 
51624 65119 
12996 27238 
86272 68396 
75064 30897 
48970 68578 
15878 77670 
89130 16024 
7498 40749 
1502 60342 
10269 14806 
63967 51576 
59612 80397 
75830 55120 
24841 22135 
8842 85284 
90965 96243 
67646 82087 
25457 51801 
18979 78589 
31161 71789 
89622 31952 
53738 14985 
52011 20444 
7538 7850 
13319 40705 
7243 56711 
98990 74856 
44343 24873 
74866 35428 
27270 46731 
83435 37558 
11911 31536 
79191 92563 
85297 43118 
35677 64724 
29371 28750 
62546 84029 
84078 10208 
14766 61585 
49385 43205 
98117 11578 
14406 97538 
75210 43873 
78442 9607 
54459 54778 
33562 11418 
818 9942 
11219 45739 
41549 83021 
56474 35770 
52887 86502 
82530 89500 
4195 6931 
75580 83890 
5035 35815 
65370 92043 
47590 69586 
50432 87760 
61913 37274 
68576 86169 
4762 2920 
33046 56555 
84083 81240 
12623 74112 
80691 99718 
20019 60989 
66316 38028 
87060 3855 
32857 76574 
47419 25134 
41587 89946 
18114 28115 
72987 28217 
69475 32363 
8010 39255 
99971 65146 
99766 98597 
87076 77044 
1014 29966 
68244 5488 
97272 19101 
17102 18634 
57988 46344 
19162 33823 
58913 89319 
18583 19818 
47690 76016 
2975 60049 
21618 732 
16735 75321 
61668 50588 
45101 78740 
20052 28708 
90852 63044 
89964 1632 
73533 1123 
95631 43218 
17095 74161 
28370 94964 
56009 28702 
20087 13643 
82188 3817 
89501 31080 
75483 62689 
18354 8070 
9028 9066 
14940 24664 
97386 68369 
549 12466 
60233 65702 
10734 1029 
7211 38540 
37800 20130 
10644 80598 
53507 72412 
21936 25176 
41700 66789 
4792 41225 
39437 81989 
3786 33452 
32137 11764 
40344 8963 
73391 28524 
29874 97261 
3286 90564 
43556 87867 
20454 9515 
96214 80381 
22506 89319 
27731 25514 
67143 45754 
59631 72416 
21926 16432 
50714 27580 
64557 75177 
46088 73666 
67480 71848 
12423 92780 
50730 28894 
78941 88052 
15146 39325 
58452 99819 
74456 27297 
5627 68252 
89172 52100 
80743 2996 
67857 59138 
26328 82176 
42046 7340 
31351 18086 
39940 31448 
53096 94926 
80970 29771 
90315 5164 
88435 3222 
52976 85387 
70618 9873 
53663 79991 
52161 40722 
53632 41572 
46926 67029 
32537 10617 
51187 57321 
14996 3888 
1698 13029 
79492 80832 
87064 25760 
95452 50437 
22776 16300 
82951 27110 
388 75713 
66078 43512 
99556 92284 
95854 80687 
7951 14554 
51449 81418 
28603 70316 
89505 71414 
66761 34212 
535 24764 
79135 12427 
48636 75021 
37187 92008 
16185 91362 
3147 84438 
48703 10438 
42497 78363 
96741 38878 
99926 4753 
81436 18812 
47052 9267 
68273 79377 
69745 21232 
19645 80857 
427 6404 
10960 94892 
16479 91535 
37308 54187 
19723 52813 
8145 48170 
83921 67327 
25958 37261 
7329 36994 
71554 7734 
35565 7750 
73379 91586 
26410 23325 
21218 31390 
12611 72522 
95622 78821 
81379 11707 
23600 77332 
29971 70083 
38375 94421 
75621 74305 
16446 36987 
95030 61166 
88680 4461 
43739 82290 
73882 8727 
58935 43182 
63026 17274 
80574 60470 
90261 56599 
35179 65811 
62840 46561 
14288 32689 
86284 23216 
45229 53194 
13365 47592 
95747 45908 
65910 90938 
75996 33114 
26975 33160 
1495 85834 
77566 10498 
58874 98553 
56916 907 
72570 22004 
58179 41201 
5145 52020 
32502 28685 
36430 45204 
63537 71844 
57500 8043 
91777 19571 
84259 85125 
13506 16497 
42443 54204 
52662 3193 
914 21139 
5611 4281 
33349 96123 
88592 25001 
69784 24078 
75492 7287 
58935 36773 
99682 80125 
99817 91933 
7765 75784 
16914 65516 
95407 73451 
46989 67326 
25792 74838 
77599 57251 
29836 12581 
27484 49685 
13877 41500 
87217 7069 
55425 65284 
44839 39976 
50406 6697 
5703 50806 
86388 38108 
78321 80916 
55455 50967 
38737 46872 
87653 57774 
4820 80529 
81356 88177 
48795 19765 
30435 62003 
51497 31956 
99770 96367 
54970 90647 
80428 31415 
1472 67397 
63753 39862 
56337 45379 
9631 19134 
99808 9089 
48358 51784 
38629 15402 
47843 59750 
32065 5187 
98259 71123 
48977 71860 
14809 64271 
72673 63472 
35936 53480 
48494 58348 
99067 32711 
25417 20745 
8932 99655 
77463 12684 
74490 40943 
3267 10816 
79686 71189 
92892 53088 
70543 83481 
19848 18974 
86473 87025 
63202 29161 
37282 78799 
89798 35828 
28951 20420 
29823 63062 
71087 68865 
60282 48410 
56850 40239 
70449 31261 
92175 69492 
20932 31429 
65301 65789 
23728 62266 
89876 53183 
64481 26569 
25326 29321 
60148 50719 
76720 71078 
95344 22726 
3010 65348 
8891 13235 
17322 45672 
8427 75057 
45866 70912 
75407 36398 
23101 90924 
85421 25758 
39907 5948 
9491 92286 
28841 41410 
80842 14443 
65943 27882 
8615 21919 
92101 97146 
95101 91009 
8624 79604 
66286 12033 
81511 15750 
56845 68906 
96731 74957 
200 15553 
44949 8544 
61855 81672 
78241 50883 
19943 91167 
73623 22275 
40756 30639 
58686 80364 
19028 62389 
3075 13067 
52807 36700 
56306 65305 
1006 21499 
17119 44264 
28037 34023 
52526 53489 
74442 28755 
45733 64789 
4996 68607 
41264 48759 
76506 82266 
72919 49675 
36374 89565 
5593 8553 
9944 58912 
95536 9397 
59777 46037 
75263 47940 
3210 51712 
99148 99647 
55897 27603 
43610 94301 
28508 54016 
41867 88201 
41367 11107 
47356 61790 
37515 65928 
62243 60510 
68549 1773 
37827 39712 
99553 23336 
52187 70657 
29529 81504 
97093 13970 
51975 74954 
60958 69323 
86585 2251 
77557 65715 
97532 57747 
21232 65403 
76390 87357 
68502 16335 
8476 46155 
13254 2910 
60219 28747 
18108 12932 
22183 75483 
8103 59812 
17416 92869 
64467 73427 
38047 64860 
56082 432 
4408 73274 
54098 35426 
50411 90160 
11241 38066 
26508 52718 
51487 77994 
77314 82262 
8061 89454 
94782 62685 
68163 10476 
69806 51059 
31302 27736 
65254 53220 
64831 47508 
11596 60588 
45040 65548 
82702 10963 
5062 14354 
43814 5682 
71908 24887 
76315 88263 
64085 51711 
74634 65536 
38550 75394 
79477 31289 
21162 14129 
58537 34566 
28308 47690 
70950 19999 
89087 81174 
54972 55972 
7158 53408 
59706 57874 
59320 25485 
1182 8368 
13911 68559 
60688 74311 
66254 6866 
58968 20898 
30694 61879 
33765 27548 
99159 86546 
20143 17211 
74721 74792 
83133 21036 
15295 80749 
80455 13685 
77384 84628 
39442 71123 
32723 97727 
16732 22304 
41660 7742 
71914 88962 
6323 27376 
27033 33566 
93868 24175 
2702 64521 
15537 77595 
18544 79817 
70780 30489 
20779 65586 
17353 76516 
53012 4402 
8105 52429 
17599 89661 
43046 84750 
84463 87026 
21365 74040 
91819 31636 
42188 86790 
48984 709 
95173 64890 
95324 55124 
2449 55713 
91316 729 
21930 12034 
17844 80364 
98700 10318 
38049 70953 
55961 88362 
32403 26566 
49928 8840 
52158 77921 
74100 13971 
48895 71601 
87499 48390 
28668 8110 
58745 92195 
48023 16916 
63257 64245 
16200 88733 
44390 26952 
92892 70578 
50996 48148 
74167 17490 
93663 53026 
40505 86324 
19813 29742 
386 51645 
93869 35939 
433 21514 
82853 90285 
88876 31829 
90074 23049 
12924 1883 
49972 2798 
2599 40956 
95719 52520 
43722 5968 
37824 17757 
70913 23644 
46810 51793 
17854 7116 
15894 38509 
46513 16527 
90677 82207 
39649 35956 
91988 55514 
81602 64858 
25321 11418 
71269 51224 
65702 33584 
8087 25783 
30380 20233 
66999 31837 
3374 71243 
31538 83685 
55706 75529 
85576 28104 
13051 76351 
73698 27985 
58589 25874 
27813 34963 
22971 27135 
23291 68786 
5636 1501 
71791 75134 
92087 12772 
79911 90765 
80310 25282 
2880 5090 
6137 72654 
746 70684 
62172 66322 
60856 81716 
37795 78481 
84900 8930 
68804 92839 
51379 52564 
74391 28332 
55094 50455 
76468 5951 
94097 57592 
41743 46832 
21496 95528 
60485 61021 
4649 55266 
77598 10581 
37452 25671 
21368 8196 
32817 10927 
33208 42965 
81885 95182 
87716 8782 
4113 10319 
6549 47508 
28128 63623 
11890 9098 
37043 86146 
35703 73886 
83946 69686 
99485 78447 
33337 70573 
5923 35761 
12532 71797 
38607 42841 
63395 11550 
48885 24565 
69224 5875 
19982 71131 
94223 15846 
37650 88381 
13720 35624 
63909 95171 
32115 6693 
5859 70051 
82551 95749 
95061 70665 
77359 8929 
44656 23671 
31582 53492 
31169 10334 
13221 99519 
55874 53593 
83301 38872 
76591 46040 
76488 86365 
64999 45085 
38670 19025 
36785 1524 
81810 3273 
22404 80791 
38291 17032 
94704 82368 
97138 33988 
46404 62127 
82668 627 
15124 14857 
92499 3173 
86622 79752 
46317 91171 
67926 90356 
9382 97228 
11182 2267 
45499 68291 
86347 96851 
23009 2847 
46269 77264 
44337 70570 
1207 44301 
94738 76183 
21537 63880 
9080 17675 
17139 15427 
36885 80540 
99909 40990 
45290 4317 
21833 98594 
37213 55456 
95269 60185 
77707 41441 
44310 84419 
15362 5083 
6571 37668 
57558 45022 
3236 32743 
8487 18756 
21869 4216 
7089 97867 
11304 41613 
8366 61627 
70795 57342 
36065 34813 
26688 74912 
97240 98271 
28997 84801 
90021 26711 
67589 30283 
54663 37146 
3051 53589 
15022 63586 
30892 53974 
32613 8797 
49359 83554 
48696 62357 
80942 34261 
21140 15702 
5562 49782 
72310 49528 
99460 30080 
51813 16639 
37966 82887 
83657 94212 
12619 16509 
11232 33478 
33513 61350 
75503 91905 
36281 53746 
61866 93276 
89795 15039 
29391 24380 
5427 11216 
92491 43577 
81650 84068 
59530 46110 
78783 3454 
45494 3794 
7828 2115 
66566 72592 
34669 19402 
93291 40584 
46270 98356 
85983 70982 
99079 51763 
61152 80080 
71491 37145 
40904 78412 
72001 58046 
18674 94898 
12603 39592 
34061 98392 
43016 9950 
87188 28784 
55480 56159 
38696 50695 
12160 12724 
35344 46821 
17583 84445 
73156 75088 
57097 1147 
60159 24048 
48975 51271 
68960 14329 
12593 43763 
75789 10426 
38011 3224 
67081 26808 
53314 12014 
57275 34999 
25253 74791 
2237 4221 
95978 95916 
11556 37177 
54104 28235 
59933 94668 
61851 72912 
72989 38006 
11681 84338 
16030 56570 
65628 61546 
45660 89325 
38445 88164 
93608 93797 
21694 16598 
39733 63708 
10107 78979 
96882 47387 
83794 47326 
74132 73063 
20313 58468 
6943 44258 
59124 65439 
42784 28800 
17640 76384 
49091 28296 
62852 94463 
66717 81447 
75407 77786 
66510 24217 
4099 97130 
79275 2595 
97820 80986 
60076 9587 
19381 2426 
16698 97090 
90965 80362 
79042 95392 
94535 38946 
11354 58337 
52175 93169 
72373 40549 
41141 6197 
9874 4613 
56267 94489 
35505 50755 
18466 40487 
63469 59294 
42179 9465 
12276 37052 
16927 57037 
62674 62864 
28530 56958 
36811 34510 
44106 74962 
13809 29611 
11588 63766 
25119 6412 
79324 56765 
79407 86904 
24201 93540 
51166 84334 
87792 18969 
29873 59925 
59175 59557 
67198 19509 
10352 95552 
78659 89761 
85630 15465 
53065 45874 
69827 60801 
98188 97749 
11852 43160 
4333 80173 
59995 43240 
38830 33943 
73141 81928 
93925 9527 
8202 87269 
98163 72625 
48187 67992 
67074 41843 
27627 44159 
12807 42722 
32487 78609 
54355 19471 
222 99032 
70085 6037 
22305 99848 
12540 21481 
56329 65479 
61782 21180 
87707 62205 
28075 4967 
42012 4450 
27259 56090 
38183 13184 
42908 60758 
90090 49061 
58207 37028 
9360 20982 
87468 83928 
35918 41952 
62280 46959 
24338 28434 
30535 84505 
43904 16839 
7896 11179 
8157 1340 
80777 88753 
35798 80914 
97457 33102 
58903 40327 
99725 6432 
36758 79703 
41260 68095 
3987 50390 
10939 64422 
80207 51060 
29367 48234 
95092 87230 
15138 32101 
37509 99906 
23687 95900 
20322 24560 
46063 88865 
63464 50374 
17557 89073 
37057 11498 
26831 9183 
73649 56989 
35061 66251 
54028 14197 
11548 65587 
94618 81529 
67383 83848 
16140 60849 
21951 74965 
52968 67211 
68424 63987 
70550 34203 
13839 38570 
94302 66831 
56991 95573 
17510 80747 
33061 51128 
48096 6510 
97776 76528 
74504 30675 
45828 79428 
79478 91680 
58437 10089 
7189 47806 
53109 35796 
93951 86960 
65013 93054 
5647 53565 
23889 96837 
86067 26544 
2952 58868 
9479 94203 
7037 42839 
48063 36764 
36018 63441 
10243 45354 
6564 18227 
79482 77452 
40341 26585 
84765 73115 
30033 38456 
63796 33749 
75874 66966 
37820 95745 
44879 93742 
3037 15000 
42527 93455 
57722 15165 
2419 25009 
26461 42380 
93234 40777 
13315 12365 
14304 72458 
14258 31876 
1235 62337 
45904 25886 
91186 22133 
2318 4292 
3821 18128 
34615 57493 
78361 881 
59080 78893 
69817 20599 
38728 74203 
48162 95107 
50467 32338 
63075 26380 
45478 791 
33858 93694 
33934 29548 
99218 86755 
76847 21925 
14828 80495 
47633 58144 
17938 94768 
33861 38061 
87778 26782 
85725 23090 
18077 91863 
81912 44256 
83767 59043 
75838 83195 
27780 21934 
5618 26013 
15801 2516 
99703 36103 
6978 45691 
86730 91326 
66765 25854 
22968 83420 
4464 53223 
83611 83048 
52466 37309 
25222 32609 
16834 37649 
15804 40728 
19538 7822 
46227 17305 
21554 17750 
82191 6059 
62981 21427 
89391 42683 
81418 22480 
66274 91076 
73110 78329 
48483 87518 
42665 75225 
7084 53246 
46660 1078 
48615 19587 
74025 40729 
39239 46584 
21831 19212 
17503 6044 
18948 22552 
30662 42949 
22020 32759 
28025 25415 
58288 23967 
71477 42648 
18030 79998 
78083 12846 
5719 10184 
92604 18493 
43496 59867 
98803 95257 
83121 34784 
17552 62454 
23313 84398 
7063 98030 
48232 18258 
75950 29048 
99818 61585 
43393 29879 
71812 91549 
32309 94599 
66503 34068 
61237 77539 
86589 42475 
8544 76514 
44015 24021 
58608 66918 
55255 27934 
3767 81724 
58215 59643 
68150 72349 
29785 39770 
39868 78408 
5060 83627 
46618 80587 
99318 37206 
86396 10168 
12075 69026 
29792 41188 
48906 83723 
43266 96776 
31168 92868 
43843 59908 
76356 51278 
84789 90636 
22582 42950 
89171 16773 
39461 79756 
93562 83117 
14716 58170 
37721 15448 
30865 4538 
37720 79876 
49606 27805 
9793 95555 
2848 90085 
70064 89327 
48820 125 
21378 64578 
89273 32428 
52596 93386 
59531 75724 
18013 30988 
96978 18438 
34958 94650 
65545 85967 
36184 45245 
63874 54801 
40301 59121 
73033 81943 
58295 80303 
6017 4543 
37101 98652 
5753 84310 
52203 8262 
905 94040 
428 62224 
69505 69425 
11355 54812 
79292 78374 
91196 30211 
70602 92154 
36526 38108 
22757 77939 
6899 30774 
98117 70743 
25186 23713 
89317 24178 
82358 22516 
4671 84153 
59501 52253 
14332 77356 
43982 12546 
45523 57237 
8991 21422 
58977 4245 
46077 4088 
60740 34156 
88856 28986 
3543 28623 
42696 92783 
10200 65431 
39993 8411 
7837 92465 
73567 55813 
96202 59005 
21707 13772 
85943 90733 
67602 2996 
33438 70721 
33143 35572 
67605 67639 
92504 83993 
51115 34602 
4454 54116 
43510 87283 
3993 70764 
36959 58320 
23710 62087 
16726 16555 
73159 59412 
57903 34246 
90579 12945 
7562 83184 
95468 60562 
17189 41479 
12777 76819 
84122 96837 
9920 72414 
32687 39230 
86324 10504 
15814 46144 
81899 55601 
46159 76966 
25607 73220 
72073 9555 
28202 54006 
98265 71701 
34264 44772 
13581 42907 
87790 30677 
29055 27814 
32920 27746 
48231 31600 
66753 12964 
88727 99799 
84770 40388 
49115 20264 
11024 66046 
68406 23333 
85047 31800 
56787 57823 
85344 38963 
85716 65045 
5364 76099 
13087 20825 
62001 52309 
84910 66389 
8978 27181 
98767 2949 
47855 21722 
36321 82003 
77959 40718 
72208 83564 
3169 36313 
44904 37948 
18305 95051 
31476 13244 
30752 36165 
2624 60212 
34000 67597 
46991 79118 
38943 58067 
44474 48886 
86049 48423 
37078 37956 
6946 43591 
92871 98374 
77485 97625 
83653 29867 
6018 28678 
205 89064 
30384 78154 
10322 10520 
55055 58866 
24301 813 
45883 20727 
70157 64761 
14065 99295 
96571 23669 
63243 2464 
15404 89525 
44050 33634 
67602 66199 
58940 45893 
46400 58932 
86829 71076 
39967 86821 
51829 69966 
61967 9454 
43289 5531 
23011 98537 
5377 49715 
58532 8056 
53608 96167 
69380 22443 
42997 66211 
50254 91180 
7945 63431 
78062 90424 
17477 53438 
7423 87490 
41127 19698 
73704 22404 
546 73749 
35385 62237 
89830 78690 
96966 28567 
83566 78529 
41271 46170 
15801 12791 
65690 11915 
5389 35709 
60788 36848 
23597 52422 
91633 71570 
48378 30770 
42344 85277 
26392 46590 
62543 32204 
68618 72888 
10764 5729 
38344 28780 
24338 49988 
51321 62846 
57871 71667 
97051 57301 
23154 70450 
7459 4363 
32193 85645 
44603 24256 
92026 38640 
52620 65474 
25066 36071 
20755 52250 
91976 86980 
34119 21614 
75385 78747 
46722 22998 
42257 51197 
97366 37027 
40297 6049 
3133 6957 
99541 89737 
7521 66163 
4065 91660 
30636 88139 
70792 7028 
67441 81683 
22398 23727 
6685 3225 
69614 6013 
97933 60729 
24503 64350 
77027 39145 
50819 20315 
71345 86089 
20113 98284 
45386 58243 
82993 1445 
14484 43902 
83783 58744 
49881 45179 
43822 61433 
21906 24543 
13689 43212 
79684 94709 
47943 96276 
45571 58327 
87218 57125 
10429 84476 
42087 40595 
51887 42680 
60607 48344 
61896 1963 
27277 28887 
62163 42405 
84894 20290 
6482 19738 
92852 63765 
17477 69693 
35452 36640 
81976 38141 
72074 16586 
33984 75516 
77365 55470 
87153 39545 
54096 10833 
39676 9048 
13924 55743 
63696 23341 
12039 63673 
8600 26746 
90487 44022 
92978 15777 
31968 86058 
33573 57735 
50994 54305 
61199 73804 
52502 66765 
3383 57142 
69385 78880 
71415 27056 
49858 90777 
75511 4017 
3192 93069 
5954 27116 
28059 67381 
60378 25473 
41573 61778 
67748 98202 
99108 68379 
58143 53707 
45047 40722 
54097 8419 
62855 1805 
14053 47513 
99205 10232 
41368 5707 
21364 71541 
83379 34956 
29654 4518 
84163 87642 
87504 98206 
21939 58832 
50468 24296 
57453 99217 
72567 1738 
43227 31555 
43396 45656 
95210 77746 
62652 71025 
8169 31116 
90119 63072 
4039 89041 
18589 71009 
38518 94756 
4794 29434 
55334 23985 
59180 62628 
69898 91986 
39164 80999 
84474 49665 
12502 35999 
85527 83606 
57507 60160 
50569 34181 
45052 82229 
96617 98347 
3668 73897 
35273 89291 
3496 54253 
60483 83799 
7466 50838 
84187 19 
28791 92069 
52361 13242 
2717 84782 
19355 35382 
27433 12790 
31969 55041 
54155 77609 
76381 59353 
9613 90871 
70804 36229 
15514 19443 
44675 86230 
29039 78934 
31214 56933 
66026 68969 
14343 49527 
84187 44553 
13243 37270 
