7314 70630 
7698 49085 
49785 48171 
86886 93390 
79890 21593 
29365 70450 
93658 43706 
40292 4441 
75412 52855 
23786 4627 
49528 95246 
1221 78672 
72138 62907 
895 67405 
15903 98613 
90632 10243 
19880 48087 
20304 18492 
73436 71941 
64756 54992 
78299 65066 
9323 92849 
86017 69548 
99871 53450 
39489 8714 
87239 4540 
56658 14521 
31966 32804 
82102 68255 
99368 92232 
97933 25406 
67306 69479 
29299 49573 
89391 503 
1744 37371 
4923 18951 
7769 76597 
63498 16078 
18173 43263 
37036 44442 
30102 9620 
24845 3147 
78187 4927 
18430 1148 
47774 43464 
81851 6903 
19963 10183 
20794 57623 
47003 73374 
58840 19439 
3601 75866 
13048 60971 
84753 41539 
62548 27144 
23980 22292 
33667 77485 
87144 2116 
83020 83744 
56541 69567 
46014 65365 
57538 67662 
32390 78116 
95743 31119 
92709 61178 
66565 24861 
50086 91032 
70969 4833 
90041 86665 
21349 32428 
27955 59964 
49647 87206 
28441 7575 
36212 39095 
33832 96093 
62348 60881 
70025 1134 
52111 84556 
37076 22654 
9630 30977 
59243 13814 
77077 71273 
64569 28781 
35389 10593 
87623 16020 
44924 20023 
40716 57960 
76490 80876 
78642 85361 
14489 47088 
89947 75264 
23434 76046 
83740 75121 
56669 25965 
5235 82481 
51838 68773 
5481 49588 
1532 21502 
11164 75295 
9479 56288 
88892 92874 
42748 9339 
75038 61660 
68688 72628 
46984 22866 
21621 18546 
44565 85492 
78836 77396 
11472 66953 
37979 60358 
15624 24836 
78696 96433 
24716 81170 
60200 30881 
58631 58642 
53441 14792 
13894 19387 
31618 682 
57022 21292 
46034 47404 
13421 84208 
95598 29129 
36364 89016 
57798 37825 
26638 16192 
86529 66387 
87616 67336 
97903 60455 
42768 3059 
59010 30966 
13053 73696 
66564 26622 
50182 15516 
52490 75686 
48363 34386 
81692 19922 
11968 1328 
13630 79985 
39442 39930 
83779 11200 
94824 94305 
23649 31426 
77398 28073 
78776 28568 
67299 19815 
2923 84321 
20278 88486 
3729 82848 
8391 3482 
90107 8346 
55035 8366 
24949 73838 
92513 14706 
18030 65042 
78257 3035 
3458 27772 
41851 1640 
33651 75100 
99156 706 
87508 41393 
62131 99272 
34320 64307 
93358 75542 
16913 33004 
2799 17251 
17627 1052 
60987 48154 
48968 25902 
7639 39089 
67087 63289 
67569 97678 
40734 14583 
46845 89395 
20949 97826 
71272 54565 
47424 89102 
46561 50769 
96373 59863 
64997 68242 
21688 17994 
56893 36999 
66254 45631 
86830 68763 
23546 15124 
24435 54211 
10950 56061 
77380 66606 
75733 40879 
60300 6595 
92192 54345 
87510 59747 
24228 13081 
19675 28366 
21427 5293 
64982 42164 
88733 28008 
33938 48590 
19865 9372 
73531 32897 
12862 16929 
61318 20516 
92506 69328 
22879 69812 
48810 88521 
47142 72058 
63394 52257 
13214 37212 
36265 32585 
9671 59070 
44378 35050 
22637 21429 
60333 85429 
92543 28043 
34640 46070 
91106 13547 
98237 82319 
49843 19880 
73257 40974 
79380 3383 
89554 47390 
54803 71377 
92058 75558 
6493 33881 
89768 96404 
48168 96060 
41054 63525 
94252 10050 
91882 52742 
67227 51013 
83691 32057 
72306 81589 
25882 2035 
21524 21337 
84199 13089 
22264 43346 
70793 35804 
6280 78883 
34310 33174 
64415 22736 
39117 59518 
69529 96903 
91593 89826 
15535 48280 
18391 65447 
73983 27255 
26689 27236 
71315 18384 
79657 95714 
19649 71796 
1706 49249 
91922 14518 
87596 45923 
18206 4624 
27026 32497 
94201 27916 
72090 84761 
35172 26784 
68818 27569 
79044 93962 
45987 89968 
40850 60102 
4496 61120 
47436 53373 
78822 26052 
36096 11770 
48399 76804 
83694 84351 
61275 14161 
43915 66336 
94959 77918 
9411 74813 
20118 69481 
82889 86721 
51623 59657 
36637 28870 
68422 6561 
63472 30935 
58791 43864 
73787 26675 
792 37961 
73152 16094 
19035 54160 
62812 81782 
68395 16597 
41507 86415 
82872 94364 
51141 65172 
93537 97196 
1163 66796 
63347 18073 
26908 90066 
8572 17230 
85672 8658 
76701 2301 
70988 76685 
28891 22731 
30324 59649 
31381 63068 
4343 41081 
94773 89382 
66916 13889 
12663 75835 
34209 77188 
41847 14259 
28483 24372 
35153 88658 
27629 26239 
84945 78629 
5013 84169 
60428 40978 
65855 52674 
25104 7193 
16161 8084 
2092 25908 
58127 70695 
14482 74155 
91976 71395 
65497 58933 
18351 90605 
38959 31515 
77660 87316 
94409 40900 
33193 79057 
3184 59979 
3366 29832 
21881 28192 
75090 52380 
27834 67873 
85067 33542 
47593 47973 
38719 47101 
93858 88446 
47489 27145 
88931 21405 
4412 36810 
93454 50963 
85146 82224 
78065 82718 
57055 89515 
72566 25976 
2479 83953 
2300 7020 
13976 84615 
74654 70157 
99120 55377 
9955 84753 
40333 33647 
20501 21091 
91287 91903 
29048 5673 
55531 73934 
83835 17416 
85347 87642 
71034 40247 
59173 29280 
47514 44699 
44539 60249 
16890 31361 
30063 56855 
50059 32449 
14884 5883 
7777 34224 
76782 24408 
57280 52643 
1303 40957 
87581 67369 
43343 86950 
18781 95159 
9942 12290 
69570 62624 
98448 57042 
94096 20522 
97739 82320 
24447 26967 
61863 87840 
58225 15332 
95232 21010 
12061 54132 
46418 13025 
21336 776 
93637 61091 
4046 48873 
19161 12766 
22401 69613 
12200 98282 
69645 51773 
10170 99859 
81529 52027 
86849 43128 
21987 77479 
22540 45175 
20760 35728 
46156 56094 
47095 4273 
22075 86558 
88090 90702 
65617 22560 
62869 77847 
10173 90328 
44489 73991 
16291 49353 
80330 17188 
8452 59506 
98684 14907 
48779 89463 
64377 35463 
8603 7921 
99455 6058 
78587 26573 
16328 13787 
66009 44335 
20239 50577 
63875 76057 
25512 90768 
40631 35717 
95776 40961 
91611 84076 
62175 55721 
13680 43821 
95589 69884 
13143 31416 
8962 58444 
33596 54199 
44044 98401 
95210 73712 
53254 73436 
69844 41793 
21768 31914 
77402 74692 
87609 81468 
78043 42241 
8184 79306 
52089 14090 
90583 56368 
4947 23056 
49935 95613 
7830 76857 
85192 69940 
86788 73785 
64953 33657 
2282 55328 
97284 52893 
19504 59332 
16949 54991 
55626 20961 
61089 74664 
4364 5542 
20082 75581 
80513 47319 
44197 30049 
97499 11220 
58578 46597 
89569 90904 
89256 45503 
16868 5706 
31057 95705 
46447 61510 
94632 43023 
85166 96160 
54348 79260 
51467 38721 
81304 24497 
12189 73684 
86539 20779 
77837 16198 
18269 64399 
45174 72431 
54041 36093 
99493 80393 
3708 23746 
40634 841 
92430 70564 
76553 55342 
24189 23176 
36192 89142 
35824 98762 
89414 70159 
39166 38063 
25942 22258 
14575 61985 
37506 30891 
63049 3549 
67846 52261 
46024 44025 
43710 3357 
42095 42384 
76685 9515 
28104 10552 
30466 38626 
48402 53461 
81075 56644 
70540 62531 
58584 97769 
38266 23953 
48069 54476 
23420 79040 
44765 57519 
47154 52913 
3863 34086 
87901 49892 
98864 3493 
18586 99266 
4112 94101 
18820 23447 
46892 42606 
89159 92043 
32379 67386 
53960 20010 
30791 91321 
77009 65785 
30229 26269 
29764 86200 
981 21378 
45957 8974 
87491 20430 
68230 90681 
42705 69638 
42603 38413 
46191 66614 
44781 86647 
2187 43687 
28657 37419 
96682 34286 
71859 91457 
3614 79836 
55742 20740 
69486 96385 
58013 58797 
72956 35165 
54956 14066 
51354 39317 
27251 43775 
9656 20241 
38450 61050 
79070 51311 
8408 86333 
72179 4162 
35294 95709 
89516 33308 
29320 63356 
68458 48558 
8881 43097 
29500 1489 
75542 84895 
67245 52198 
28161 36163 
53876 75613 
98394 34863 
71376 12834 
89939 61645 
65467 72286 
82093 81622 
18979 37932 
14535 72935 
75307 47311 
4746 8830 
3629 60927 
62042 32770 
86716 56256 
52948 41959 
29472 44642 
41468 73661 
31722 27382 
74782 70852 
42329 78506 
10021 88939 
13356 66071 
80954 93735 
2802 1229 
84802 92314 
32321 34897 
28856 33046 
92392 5551 
14168 8839 
1561 78472 
49307 98504 
68646 6728 
81040 85167 
77242 87225 
735 97774 
10350 81378 
35414 31986 
59661 19231 
60586 20152 
18781 8339 
78344 36537 
42599 24255 
88696 43631 
66043 68177 
44659 8089 
14629 39131 
22423 40765 
6479 82977 
56685 44279 
40907 48633 
88273 83700 
92210 3069 
46233 31186 
78947 30962 
39817 73774 
58785 72326 
67123 15056 
6904 32013 
56637 46076 
71971 28669 
45503 8543 
67877 37532 
64087 24352 
51699 21424 
40237 19374 
58756 37332 
58621 26648 
14187 52177 
10619 14320 
17111 692 
48464 47085 
98233 70752 
13688 56372 
84660 7085 
44383 64152 
66728 82974 
78400 77999 
50816 1378 
60328 50909 
99371 51840 
28930 78394 
4833 67633 
8711 87492 
17623 98744 
54365 57585 
50072 40671 
82 1308 
7913 36400 
47056 25314 
58894 99515 
81972 85317 
34097 90100 
56895 47564 
71698 11871 
76668 69780 
55210 88954 
33784 18631 
68632 23779 
2690 47875 
89503 33735 
55549 71631 
67467 13579 
89722 80568 
90795 72999 
63590 65330 
26175 54329 
21781 31125 
28150 44085 
53506 10187 
53715 53812 
68374 4661 
84898 60673 
92976 21508 
57537 66289 
88418 93118 
18010 53507 
64160 12593 
81337 95115 
16683 51052 
43853 95945 
52880 65768 
11561 30380 
67534 52640 
41324 70973 
31850 44199 
56181 90701 
15716 5269 
88400 61313 
10226 32372 
24260 63312 
38977 20128 
73098 69281 
46729 18131 
59822 61599 
32266 65169 
44875 98025 
48619 54166 
8535 44197 
28296 50843 
97483 50782 
3777 61846 
20734 64826 
84215 23996 
99285 29812 
18172 65271 
19291 46971 
19172 70313 
12056 41619 
55956 68458 
85850 2567 
12529 50708 
64285 40136 
4483 13532 
43946 38833 
97488 22043 
69983 64483 
11496 82821 
42517 22373 
9903 17569 
9034 52957 
66749 32744 
68328 94708 
77038 87486 
10076 39890 
25339 72383 
40831 58373 
56040 25002 
1954 67012 
95013 24631 
67958 77711 
56883 28287 
24742 65966 
34703 32804 
66377 63511 
9573 73715 
16365 93610 
36569 605 
74729 35638 
60340 781 
15818 26750 
88805 78340 
13346 82782 
6629 34085 
49022 47945 
41488 33272 
68980 63471 
5615 92771 
88303 79018 
22712 66994 
8054 17499 
16033 62817 
1541 43924 
77300 67727 
46948 81892 
58079 32559 
31976 67610 
25338 10428 
32841 30569 
1148 16855 
74710 42507 
62808 42591 
13619 81822 
14178 20251 
40904 19291 
51582 18646 
370 42780 
38363 14575 
25696 3569 
71045 70831 
50974 84967 
66995 31321 
20846 65109 
28605 29441 
28314 70118 
42217 94230 
38139 91272 
51372 30336 
11613 70386 
3436 42449 
34541 41280 
6248 72604 
64426 52079 
47165 19667 
55142 82957 
20718 14265 
87780 17071 
83073 29615 
34891 18588 
1590 18907 
12011 21019 
95984 83312 
25144 31543 
73957 91154 
5776 12545 
48619 88467 
36035 10292 
87648 63840 
5785 62500 
84820 56410 
10692 31459 
63428 24795 
95758 77473 
18044 26949 
72309 8561 
76218 96124 
88117 16666 
14876 36545 
10094 38069 
97596 3875 
86938 56291 
8335 80197 
95102 99417 
44853 984 
35673 70624 
740 42416 
41974 90633 
8853 31386 
78161 23850 
40893 97700 
57598 6192 
57987 48190 
86443 91852 
85354 5878 
42705 88770 
40459 23797 
33887 58074 
78570 52729 
37413 11506 
32196 14863 
17163 52609 
11623 11258 
26745 72443 
2624 69991 
55549 28636 
44356 24026 
47122 7760 
95598 93044 
21122 95371 
665 31922 
59857 55460 
47730 99972 
78314 51648 
71691 99764 
82668 26140 
91399 32035 
36370 89282 
86705 14124 
95215 62486 
14697 13332 
43225 60366 
36432 53771 
59679 94140 
75578 65498 
74300 27613 
58600 58109 
22412 19572 
92485 17489 
94745 41917 
20452 44020 
87656 71602 
58706 73324 
98642 16245 
58017 46484 
79352 48208 
52739 25687 
53679 90028 
56882 83382 
32067 15268 
41917 28271 
4825 3162 
84243 69858 
77031 12875 
1574 64763 
15495 23787 
6996 32647 
14323 21852 
97008 77356 
49750 98964 
55637 99744 
87210 72132 
503 42677 
24030 22406 
18732 65813 
99649 99621 
40690 8027 
81939 38392 
77727 58729 
42985 83201 
6499 25816 
70597 26010 
16860 57634 
22842 18500 
52972 49091 
22081 32872 
67943 37909 
2237 10081 
81207 76049 
68466 52433 
74782 43441 
1922 88684 
89690 56410 
43971 64069 
86991 11587 
23979 85167 
19289 97565 
52752 80036 
17981 1220 
89675 17775 
39173 33364 
5830 68466 
26871 99243 
7595 74395 
45914 43460 
55684 46535 
9105 5969 
13081 96425 
73055 36077 
82027 62945 
5529 24761 
44964 95896 
33386 32106 
7268 13854 
64695 6305 
50640 62501 
41220 13414 
45186 61402 
18161 22929 
35478 42162 
86912 23267 
11337 48979 
53552 73345 
97585 93766 
60897 31735 
48683 32357 
95145 43203 
13952 55740 
49516 3999 
46999 70845 
26745 71857 
68982 79070 
49886 34424 
59534 47597 
16621 730 
41423 8431 
76088 34305 
45468 13221 
29259 3664 
90727 18061 
53933 86175 
91674 71823 
33709 24650 
8837 34007 
26575 2555 
92290 53628 
43284 73327 
28432 99411 
18238 52052 
89633 43322 
46372 53647 
3633 64445 
28314 40679 
4958 58256 
13146 26083 
4197 7559 
53111 61307 
12588 95644 
87911 28783 
89208 19676 
57504 49118 
35918 92908 
1876 8056 
51279 7966 
43764 5970 
68820 70304 
66108 33581 
47287 853 
89821 81546 
50963 49960 
29425 98729 
56649 60887 
54242 24198 
50554 70495 
11010 31387 
33166 37126 
70169 39353 
33028 41324 
42507 65684 
41436 13662 
75501 18396 
19193 5819 
79347 49992 
93862 35943 
51577 25899 
61358 7444 
66101 91609 
29269 21517 
67623 58102 
90938 78029 
65596 63514 
99141 86856 
53237 10529 
16082 92294 
86579 23565 
52502 46884 
46169 17632 
72806 57794 
69686 21560 
35446 68856 
87672 52355 
58174 34399 
16480 94525 
46339 87237 
62675 98500 
99031 2471 
71337 75638 
12708 11208 
7060 33805 
34798 23867 
90924 67172 
80835 81444 
29293 86597 
17860 64902 
61052 52846 
34055 57814 
18689 53937 
60048 75441 
45667 49975 
80805 44629 
37565 94134 
78739 43218 
77735 26819 
78405 85088 
19553 31517 
21086 67565 
26799 35510 
83612 81560 
21339 36361 
69892 21662 
2961 35949 
45952 23342 
90 67863 
59655 97464 
82074 11071 
84845 28539 
13835 93039 
56281 52433 
61881 98863 
16545 31694 
67067 19459 
78998 2238 
83896 91525 
21899 73823 
48836 4686 
67971 28534 
80769 77170 
70957 76488 
35590 30328 
26155 95982 
33925 24447 
45432 6547 
56035 53583 
88873 97647 
51209 35479 
25038 63231 
40275 74174 
99663 72906 
99344 17515 
28719 44173 
510 79553 
95886 67017 
50925 48671 
26771 72047 
15539 56290 
32633 26482 
30753 38168 
64900 88445 
16349 80498 
98424 49353 
71248 6445 
66205 46641 
95048 25232 
1231 34607 
11712 35539 
2113 59870 
84410 47705 
28338 99748 
1226 65131 
48288 86786 
80297 44255 
8540 60769 
89915 34640 
66517 60706 
4224 85918 
30225 93607 
18376 96761 
78591 94320 
28333 72521 
93816 21247 
40015 52828 
23211 16469 
10039 68175 
2131 95600 
36072 85413 
11913 22662 
8619 6064 
17136 68311 
8085 88522 
25042 45957 
81002 75412 
36641 69623 
57577 20815 
13788 79844 
79035 28530 
69433 39447 
87716 32197 
99297 9787 
95483 70828 
12365 79779 
86717 39219 
84876 35051 
31027 21676 
57927 22593 
77764 49636 
22299 87452 
79542 59021 
85805 32371 
45192 61540 
98246 78690 
53891 85635 
16942 87391 
71729 87451 
31876 32884 
99535 79889 
33626 8919 
46528 78754 
99552 85963 
68196 18953 
94114 32458 
28782 50873 
27739 58546 
48857 87293 
95305 40177 
76674 34575 
20093 33960 
78354 8381 
61991 98670 
76427 3798 
9738 98028 
78832 62486 
66179 71185 
31233 55382 
52774 22271 
94326 78446 
5026 98460 
94805 41109 
4011 97166 
23738 12315 
90879 67318 
59340 77426 
40948 47104 
72469 50772 
31954 11136 
32642 83258 
27027 83673 
69977 2178 
7157 11366 
64178 21290 
30154 78930 
25525 63182 
63567 94209 
4833 43113 
37520 65285 
19383 73754 
90103 41619 
10129 63625 
32741 93638 
51752 98553 
45875 60744 
21670 15075 
26308 6427 
96672 97495 
46753 80974 
86580 56145 
55392 7203 
33189 73445 
38657 72718 
99708 36456 
94005 33391 
51030 9887 
11087 7055 
78352 41891 
39526 63874 
53070 36494 
29408 403 
4275 71125 
66629 18030 
1844 85471 
89415 13345 
92783 18757 
64601 27879 
82375 26565 
22671 97753 
73619 65421 
99093 89967 
78578 93637 
6161 11344 
93447 287 
64300 28637 
85519 40679 
54760 43821 
74695 26327 
16593 27322 
4777 90178 
31 23730 
90510 23735 
5617 9499 
95187 61701 
83880 178 
40601 71915 
43877 75954 
76226 93611 
20572 18547 
37734 55388 
80819 29990 
6305 95790 
5629 34357 
39642 4052 
72420 47218 
83238 96265 
75126 34399 
86116 43155 
62317 71579 
39152 69626 
43897 59305 
26045 53378 
15474 44234 
27093 60133 
76171 46666 
44168 66430 
70412 96956 
21618 37390 
67151 38863 
22308 46537 
1017 66679 
80608 47490 
39051 24735 
94843 33210 
3939 12830 
40596 47515 
80114 9242 
83196 45693 
52594 44093 
42854 36279 
80105 30241 
19094 74482 
83801 86241 
12517 19208 
40834 66536 
91370 10291 
8042 47689 
38009 70256 
65175 6332 
76076 85878 
59392 64385 
23028 78727 
53144 70235 
34662 31098 
26110 30700 
8361 93912 
58513 7944 
89997 66595 
27914 47957 
85805 5429 
84507 12764 
14991 86505 
30969 47221 
51436 22147 
22075 23094 
93593 5578 
16579 68014 
70514 37590 
59264 5026 
38915 71093 
44617 99580 
51281 94719 
15210 35185 
78261 64971 
77706 16344 
49908 87974 
77258 27974 
39827 46467 
57160 64215 
53881 65460 
44730 76333 
821 10833 
46707 79357 
16062 19188 
7857 189 
81794 64353 
85005 46080 
36717 76245 
15384 21703 
96922 41120 
12968 25492 
15757 28786 
9371 11478 
95029 11966 
66924 11548 
22467 65744 
30709 74864 
51091 60929 
53610 96137 
54994 94147 
23850 72487 
93012 29636 
48023 49849 
86843 62926 
94285 94163 
73419 55016 
80152 50065 
22662 27118 
97278 30326 
21247 50707 
1591 13008 
10575 15335 
61367 10106 
32889 7571 
48059 11389 
83330 88418 
75158 215 
87659 13695 
38846 84307 
25528 2129 
90918 83761 
97349 19264 
79182 71024 
89196 11814 
23488 63145 
24636 96718 
56571 25264 
4970 81888 
48030 56176 
30113 71553 
47085 91679 
61164 88061 
25125 79548 
32704 24186 
72639 51119 
47968 25183 
6733 38812 
93222 88258 
75270 66348 
89070 58600 
1540 68994 
55855 95762 
99427 84845 
7936 81915 
3195 94990 
7325 44406 
98287 80330 
1044 69035 
9965 5890 
38500 87582 
5126 39666 
15314 33415 
89316 62356 
18216 72337 
35736 26757 
52014 32363 
65934 81209 
14077 75747 
12936 80103 
44398 79317 
36712 66359 
20004 15070 
29159 25642 
81352 51978 
41205 80221 
75289 32078 
88156 11520 
74300 9187 
41083 74750 
84927 76950 
91823 96437 
89656 54438 
87082 26250 
75990 42135 
63160 48197 
94057 8924 
76982 43087 
49804 21545 
21396 34114 
84680 81995 
33123 40443 
14705 95505 
50270 9914 
1875 51928 
52968 1268 
9127 66816 
25510 38758 
46399 94896 
11241 67551 
49799 98352 
92510 97054 
48516 25027 
17148 31068 
64802 27555 
10218 48671 
61214 33443 
55193 17732 
96276 58238 
2264 94216 
74826 39174 
63117 84700 
82515 55081 
81335 27001 
75302 89826 
25461 74365 
54232 91202 
37811 52350 
93406 74912 
86281 94385 
4757 24209 
8681 51881 
17106 39715 
9524 17881 
18933 1109 
67760 99403 
64415 12597 
40578 22946 
70473 17479 
3205 60080 
38958 83622 
47521 15612 
22547 81270 
73371 29482 
15523 97397 
45579 5407 
91362 56658 
56999 94182 
27858 48026 
33303 27650 
57508 88315 
38769 20532 
56000 89046 
93993 31617 
34817 31496 
96215 3263 
35373 96266 
40875 78728 
31528 38341 
79046 30535 
34947 46370 
9552 19885 
63498 75760 
96856 47102 
76699 99197 
26235 46113 
4241 75325 
56259 22213 
93668 96577 
5290 31631 
81555 40525 
13468 53894 
48845 15615 
54591 13513 
55497 61800 
33309 66260 
62180 39316 
92216 77054 
37486 14735 
70722 81484 
17967 32443 
2985 41006 
35286 41798 
15722 73079 
49866 35493 
88372 61812 
33638 43028 
67883 32118 
25842 14687 
88292 977 
45313 26054 
31312 3044 
80268 30862 
78286 24725 
92345 90828 
46173 70707 
65480 15155 
70621 30075 
2208 49486 
97739 5266 
20024 64375 
72813 16484 
28713 6699 
69020 96605 
75881 93943 
82099 47187 
32378 50930 
27956 34887 
51935 11303 
19366 69387 
80042 31969 
65205 18908 
5926 97686 
31052 87423 
48496 25147 
23546 98878 
42188 11120 
12543 8075 
41883 7618 
84892 85266 
97412 48575 
31571 2119 
57639 97094 
5954 80366 
51707 30147 
55138 51303 
60748 28432 
18553 14208 
37231 93139 
8473 74858 
51059 68458 
35602 91463 
41649 8974 
19546 54708 
33451 94419 
28781 80984 
28686 60791 
27648 3500 
25595 86459 
68902 4618 
23044 44638 
59557 44607 
63091 9497 
45001 6929 
31946 82146 
1803 98239 
86734 84918 
3155 12485 
570 57570 
22546 92803 
21682 77442 
71057 2331 
23646 17097 
21590 45660 
83299 47590 
59343 66304 
60471 93304 
12042 82406 
69413 45108 
55706 12824 
25623 42660 
62129 88827 
23790 43764 
52808 42798 
52617 8960 
50702 14674 
80556 42901 
75992 19292 
52797 50586 
14921 73377 
24359 86124 
1830 89587 
16702 94482 
93664 6868 
26017 72534 
83511 41291 
30191 4735 
95148 9631 
38429 60881 
24085 99117 
2585 78652 
42297 31124 
62517 92036 
63577 93988 
29090 8221 
74369 725 
17949 80170 
70999 61103 
34771 69859 
8341 44332 
78427 48031 
57261 48605 
72341 30315 
88603 86753 
56294 6709 
49997 43491 
71030 81644 
78433 59046 
46232 5281 
96340 46399 
58798 43122 
71806 54925 
62806 726 
84632 51932 
5162 93004 
29030 5395 
31641 23498 
1119 16134 
56900 18017 
64733 65742 
18970 39154 
62613 17776 
63896 93463 
41718 34020 
9341 31419 
91160 45087 
17396 31849 
49195 45187 
66238 57087 
21722 64574 
47936 62907 
68914 10017 
35384 48143 
58886 53562 
55210 32914 
57707 92933 
75488 61502 
23619 3107 
67144 36192 
99959 47908 
26217 1744 
56086 22917 
50442 16687 
8524 56562 
48127 67253 
65541 4919 
19863 2508 
77597 37614 
94359 95137 
43311 27116 
18512 61326 
16068 21804 
98831 5323 
79890 4374 
66384 89515 
14854 11455 
90711 69221 
52152 17782 
99451 72935 
26751 68789 
69931 53345 
71708 79221 
46548 82240 
62296 2158 
3507 13279 
10415 12784 
16319 90600 
30176 44317 
27434 38387 
44053 59687 
91497 26744 
75685 41885 
63913 72647 
80190 38322 
52778 1186 
95747 140 
88689 62007 
61252 16070 
79558 68555 
34028 52275 
8256 3651 
58802 74541 
99796 13898 
84648 47266 
31693 97568 
57 74859 
86271 75859 
58005 75499 
46904 25807 
92655 54651 
21496 44615 
87234 76271 
36029 9823 
38682 13365 
78558 97468 
78805 96339 
89778 21285 
53976 67569 
90143 59981 
35797 93631 
5464 46761 
33736 82869 
3028 5542 
7335 5272 
78509 31642 
30433 14076 
40275 31265 
42730 24068 
22165 53724 
35048 10285 
18432 73088 
53828 52577 
75239 1818 
77660 66483 
91970 47992 
14079 28916 
82572 59787 
88377 28340 
22249 36212 
47848 43452 
58051 21401 
84660 81823 
93259 41329 
88487 90495 
64905 86400 
76016 84266 
21417 91150 
8671 24157 
73057 13153 
2110 18549 
31675 67247 
51528 12506 
78310 28305 
45287 77012 
97208 76057 
16069 9157 
93107 18806 
83542 6756 
64947 99439 
75434 86441 
43653 56708 
74926 72968 
14232 87558 
31478 99294 
33155 32121 
89432 21911 
20828 82014 
34204 74007 
55945 94723 
29358 50211 
23598 82076 
19560 40971 
72257 29211 
4166 12103 
16072 91947 
44118 55568 
78416 15082 
50862 21253 
10202 11914 
20153 76344 
32213 46138 
15901 28810 
44545 61302 
79628 94599 
18223 10106 
39632 84325 
34161 46109 
20614 34544 
62845 53762 
9319 11177 
84479 9214 
14648 68160 
33805 83946 
71720 53154 
16392 26053 
78551 13901 
83923 79869 
21271 73812 
74868 33645 
39229 13382 
23872 17088 
4874 15275 
18318 5872 
44947 5191 
33725 28556 
9306 48098 
11002 12894 
1631 39969 
48039 53123 
22270 68847 
65733 27582 
37671 5896 
74243 46886 
83099 27023 
9145 66886 
25780 58721 
29103 57782 
64129 87988 
66794 80996 
15387 75484 
3024 88804 
48763 63518 
90349 28216 
54118 76063 
86952 241 
97228 66628 
74155 98413 
1845 81695 
21653 26327 
16056 72319 
33411 72964 
65844 4599 
54121 6688 
72297 90872 
41250 34058 
10567 87855 
10885 57988 
18475 85341 
46973 61274 
20544 39674 
22991 36152 
19316 89883 
22708 78299 
19929 31195 
62404 64559 
96245 10565 
10760 37699 
77214 51959 
74621 28607 
30692 15283 
68913 56619 
48618 42192 
17232 62025 
92194 44447 
35957 41310 
38670 46045 
39226 75333 
82335 99060 
64701 63366 
81499 54923 
60776 1836 
10520 87836 
94732 75575 
71353 35056 
38296 61547 
42616 40002 
62202 80257 
95856 58436 
24516 68421 
88453 15414 
68891 87998 
50522 81278 
58351 31301 
19226 68641 
57821 29654 
38037 39134 
44331 23961 
30798 48645 
67685 9528 
80837 52803 
6342 24637 
93918 40709 
63358 12604 
478 64179 
25471 50438 
57382 82243 
64749 3731 
42335 46184 
96689 37022 
95140 9118 
21270 81646 
49126 55908 
64165 38943 
13377 14160 
4181 75729 
11795 25117 
19960 51035 
58565 24451 
14074 98380 
51250 7263 
75871 76250 
92527 29078 
25770 90905 
9494 25126 
43193 90324 
25503 13964 
17889 25807 
53641 88246 
80165 78660 
23255 85430 
59357 53371 
21353 74271 
91858 45836 
29209 89117 
50122 5430 
61202 93375 
92278 23105 
67666 55927 
38338 94205 
46474 79870 
63455 24301 
19082 31604 
61289 69120 
65936 80170 
71262 25520 
83442 71607 
82311 19452 
20072 31236 
22759 68988 
72749 7913 
20983 35754 
76315 48646 
74804 16483 
98623 19392 
98858 67890 
61784 68431 
28704 2728 
46050 62391 
47979 42615 
97043 11822 
70681 64118 
49281 43169 
54475 28563 
99391 67034 
42903 43197 
10902 38830 
34477 61551 
9215 7250 
54855 94260 
30087 98382 
64636 68077 
17905 88923 
69815 40470 
31059 80573 
14495 49912 
857 99556 
26202 57896 
7761 10141 
52999 17669 
84070 49081 
78550 86839 
25765 59121 
26389 86245 
97865 23999 
67893 95862 
47425 84844 
29758 70028 
96234 48404 
56311 48893 
71296 81273 
19529 40753 
45331 21042 
85407 50808 
1834 25319 
39127 35898 
9629 22539 
43485 71871 
90388 24769 
55101 30525 
89256 11944 
51188 76432 
13504 99479 
25971 10433 
87025 56725 
365 6272 
79560 52456 
51060 9533 
8665 65361 
5939 93975 
79732 12492 
71576 99326 
24790 16661 
55522 6739 
24331 54965 
21218 43382 
48097 4969 
66567 45986 
30502 32470 
48559 54698 
4328 45378 
85808 53201 
52320 71906 
58478 18842 
499 8100 
90754 97349 
69285 19667 
44916 70759 
18918 76138 
78008 44289 
74241 41577 
12200 38137 
90506 45391 
48177 33575 
26727 9202 
7221 89227 
25935 11341 
22129 13008 
62787 29193 
9718 47997 
8106 11454 
48372 6368 
77233 97288 
52948 64520 
74466 17449 
86326 14681 
19408 83623 
71989 53484 
42705 96557 
75230 76443 
68433 80985 
1954 38709 
58318 85930 
23479 37159 
78977 72651 
73386 66576 
67577 49323 
78138 3622 
13548 1461 
77084 76237 
44411 10208 
59399 83292 
2342 46746 
95636 39521 
24708 80442 
69762 34188 
96637 40776 
23929 8405 
26569 28643 
12681 75671 
6779 81349 
25889 32955 
60022 57406 
80467 35510 
40745 22175 
99723 37623 
54698 83510 
96195 33631 
84328 47682 
48935 68786 
59013 40246 
19384 27926 
88933 63903 
81371 51427 
89348 46009 
50224 72522 
58022 62063 
83562 17842 
32752 8302 
92107 63901 
48203 36528 
42634 96263 
31681 57281 
57230 75248 
26003 63740 
13049 72290 
4295 27992 
25040 4444 
46312 73787 
50438 61030 
78816 35438 
88275 86063 
43539 71246 
59802 52814 
45476 11608 
46384 42793 
51478 86944 
30334 20401 
54567 98622 
31072 76645 
92916 67265 
54136 559 
14096 17124 
73757 25366 
4976 32664 
51097 87895 
65581 54064 
49681 34424 
91236 62009 
47189 3849 
41493 39015 
58464 19975 
16622 84403 
78462 28725 
32853 3164 
25846 23184 
86095 85121 
17984 9659 
20516 40103 
36400 81310 
73154 57310 
48007 82410 
48642 12594 
31970 65927 
89158 56084 
24624 69864 
43879 74406 
35601 63686 
9497 36656 
7167 45149 
8771 1405 
85735 0 
97617 83155 
49635 72241 
42907 51009 
90427 31052 
92921 59761 
76397 61962 
70323 94159 
36357 54496 
53552 40803 
89448 6250 
76680 88953 
12394 14274 
70092 1454 
79476 78601 
84726 90068 
32487 99909 
91170 75675 
38016 13569 
21560 13132 
67641 65679 
27011 13036 
92943 3218 
56222 98159 
21749 20066 
21939 91067 
14581 73405 
11108 41216 
11040 60861 
11842 64767 
64684 27807 
75740 88443 
31919 56318 
7621 59920 
85569 72559 
76401 11576 
26947 97758 
70637 41861 
51649 59408 
80147 9110 
83747 73996 
71177 16322 
30642 10270 
36726 2240 
26589 42995 
45942 44006 
26723 11077 
86895 19733 
85417 1137 
95584 75534 
2876 87813 
90679 90853 
52100 75489 
88304 38391 
4723 2619 
54061 90493 
58651 89473 
60526 32528 
33085 32867 
57642 5655 
37193 77319 
30662 16251 
37548 21090 
15770 17409 
46445 47687 
66985 89039 
28291 8653 
19659 17481 
74468 21868 
75629 2933 
28460 91068 
43019 3601 
52462 96931 
99719 59136 
14324 57830 
13701 22767 
39369 9224 
45667 71467 
15513 4678 
79884 56550 
62046 98613 
77629 3306 
72571 31160 
24315 67582 
20777 98849 
46153 9667 
74117 61397 
5117 51387 
94891 4452 
42023 41055 
20861 50941 
26676 62665 
8244 89514 
91331 90731 
88749 67612 
69139 10194 
39344 78792 
32764 92027 
88498 59204 
30017 39483 
85869 96500 
43161 97371 
43796 45954 
56423 47313 
18355 43185 
2311 95631 
35419 669 
71459 97309 
82814 76064 
13053 49451 
83546 4388 
23262 30686 
37054 93242 
17652 59193 
65515 90482 
10227 91307 
30457 47168 
76497 85142 
91317 15078 
60930 9195 
61988 37746 
124 84615 
84068 16700 
72254 11637 
76196 60479 
50577 45594 
37728 53011 
34241 56026 
81980 10035 
53130 23558 
49351 27555 
95186 3576 
3877 64633 
84382 13121 
48105 44386 
45486 78050 
642 1640 
27739 11136 
68352 53475 
23764 78654 
10882 19758 
12304 52904 
39036 74778 
73773 41214 
10521 68206 
76182 28122 
86651 13878 
5610 66805 
91841 8275 
20227 8211 
74060 7056 
39745 61950 
98889 57660 
43235 41677 
22424 58724 
37389 59536 
78995 92950 
74609 99127 
88503 59071 
45702 14600 
35175 10662 
45500 74593 
94605 94840 
11378 94105 
89193 72228 
64452 74805 
33444 91113 
41103 4860 
90030 83306 
88562 53045 
95169 47003 
12412 28725 
27539 82817 
6162 69232 
88835 53131 
63462 59232 
36045 42096 
72054 82868 
55576 3797 
15226 58774 
97664 99546 
61302 10505 
95753 41716 
4638 80496 
80094 81187 
32601 4344 
57337 98227 
32192 24027 
68656 82491 
17238 33634 
57792 16853 
52514 19201 
77338 11890 
74659 75502 
36732 73107 
61436 56900 
48620 21358 
80665 46846 
61602 28439 
58060 11164 
76845 74440 
39240 33945 
33667 81207 
85356 21710 
14880 27139 
34038 1419 
66561 2565 
77795 30992 
48873 22034 
60537 87180 
34669 70167 
69527 94954 
50825 21031 
4883 15019 
13598 37561 
41640 11613 
43781 27133 
60430 81467 
60022 2182 
11992 36600 
39389 70620 
98003 98564 
3141 59815 
96153 79828 
32584 60029 
30889 99191 
45045 58444 
92951 2394 
63185 23330 
40575 36593 
92224 89348 
73162 57879 
79147 89678 
54260 34739 
65513 78358 
74836 47182 
61260 87143 
90133 71160 
60719 65159 
33790 81023 
94024 56800 
11455 98901 
57209 83516 
2779 69254 
92509 8576 
55450 39237 
96717 80338 
37861 81136 
19931 69241 
28018 1781 
79631 36443 
55468 45694 
55721 97932 
80300 13636 
51048 76940 
88706 86322 
98866 69606 
8089 64226 
73826 84102 
96395 8751 
16263 51809 
40122 97445 
10941 50628 
3359 86542 
70868 25152 
6259 7772 
64375 36176 
75498 13227 
89410 22883 
1566 21981 
42827 15079 
58137 15256 
54413 89952 
87316 73102 
55510 28101 
31187 44875 
30317 86948 
94931 98256 
54277 76158 
59617 97086 
58451 89317 
23874 17023 
71379 18873 
42765 19821 
80623 57227 
49500 71965 
25084 65857 
90999 11486 
76094 76495 
81904 37959 
90448 73623 
83240 24992 
21706 95948 
41755 31979 
57490 85998 
83866 22437 
9927 11623 
44150 79954 
24043 80950 
22522 49566 
84571 73185 
6494 22364 
95545 11702 
65327 24151 
78976 12957 
21431 65197 
89035 55028 
31022 57438 
66382 22963 
60829 7912 
63616 4628 
30556 52792 
57305 30355 
1844 5060 
24663 72468 
33629 50695 
3635 46633 
91080 43183 
74025 85972 
90718 14216 
94262 91036 
87848 39653 
3499 93960 
64084 74118 
51967 13506 
52559 95071 
53839 19231 
46292 77722 
66358 67600 
71245 55889 
86556 20664 
69746 10685 
22614 8761 
32244 68876 
40795 52741 
35773 85820 
10797 18314 
96048 34076 
72531 35381 
16744 18105 
25505 78608 
24341 87904 
98367 71971 
9779 30019 
90631 49662 
59240 73012 
91193 78484 
45524 56353 
68989 22731 
68745 76570 
99971 11587 
80536 42622 
41573 51167 
99429 43604 
90912 8609 
26781 56235 
66220 83979 
2377 97024 
32315 77282 
96762 54547 
50438 52469 
23383 20997 
70326 98123 
67793 78955 
98166 85340 
73431 89289 
67887 27371 
93938 69152 
15231 52677 
20467 45227 
4147 13348 
19128 16707 
83268 64168 
68490 64921 
56583 64151 
69968 2087 
36872 71983 
14960 60380 
13115 29556 
31759 84281 
3738 53680 
2554 4174 
86476 85028 
36237 37155 
92566 75541 
6275 82270 
28087 30728 
14560 51680 
38492 61722 
21940 6692 
63730 43408 
94047 48186 
40807 19613 
47055 44639 
98263 44078 
42192 67758 
52734 96795 
70088 45708 
61647 69351 
86459 36939 
8030 69982 
9173 73859 
93563 59340 
63388 24870 
94172 91349 
66244 75762 
88861 2 
75512 37004 
6900 42624 
87616 42166 
51136 82831 
59617 14541 
45877 72344 
47044 43937 
26668 69773 
94842 33728 
36238 16657 
92257 49396 
16013 76267 
4150 24148 
85784 29074 
20987 54605 
85500 10297 
27684 50159 
12597 69545 
77524 83242 
25900 30349 
71507 24616 
2833 28260 
85789 37695 
30539 10154 
60273 49001 
83468 84571 
59958 8031 
90112 23122 
47303 99136 
19751 26404 
58643 70469 
26470 84349 
60628 583 
72137 80581 
73657 32005 
12646 13087 
88475 62893 
72470 29413 
69358 2823 
51377 3569 
32733 66848 
4170 13983 
13616 3134 
9399 17086 
83911 23810 
96196 49485 
66391 36095 
29775 33195 
96102 51358 
65554 3023 
16957 83427 
69519 22955 
65462 34310 
68108 9264 
85775 5395 
34790 32088 
40739 65310 
42465 24319 
32043 51772 
10908 86936 
19342 84092 
56701 43260 
32928 15444 
9474 61135 
7489 59573 
92685 31660 
25496 85284 
79849 65859 
47931 83923 
27775 46532 
27365 79939 
57260 51564 
43780 72734 
98653 47080 
77089 69175 
44795 34088 
31954 90448 
57055 20637 
60288 14418 
51563 83022 
84749 45168 
52167 74185 
12544 85130 
34276 35232 
43060 22010 
99460 66850 
15076 32659 
14518 21420 
9767 49116 
20714 83755 
24210 28212 
68968 18625 
56790 15490 
65010 76640 
659 96580 
14855 66544 
24350 84782 
45449 21608 
29635 2269 
37884 10569 
15930 74164 
51368 69424 
47790 69662 
34925 59430 
17464 92448 
20812 88729 
18031 43866 
68718 70339 
94266 56571 
83035 27575 
18198 23882 
56855 99508 
44216 30600 
5788 43667 
34629 24729 
42324 80963 
10717 56396 
7172 78700 
76641 50173 
17852 21507 
83940 70071 
16803 77193 
52919 82703 
1341 24759 
43868 23380 
96072 75188 
75846 22383 
84643 82129 
23668 54201 
52261 9233 
84787 31231 
2950 93642 
96887 75227 
6269 21016 
4334 64764 
97057 6488 
17002 75015 
98731 58055 
78541 97344 
65777 84194 
62837 50544 
44287 95826 
47148 72972 
30750 44311 
68362 15408 
68761 31729 
54828 38167 
60940 27502 
40381 52788 
89032 26267 
9459 38576 
29064 85916 
92640 7355 
20342 91850 
30439 85943 
97229 3760 
49866 35226 
20824 54597 
53068 27095 
54037 87936 
233 56131 
8007 39531 
80004 71569 
50431 91640 
99812 76919 
7066 54562 
95805 59538 
6542 58830 
57472 80550 
15578 73651 
85588 76654 
86798 2423 
53785 99716 
94561 44529 
23805 47472 
65577 54144 
72438 19218 
20545 71383 
24160 64083 
30648 48897 
47656 76264 
58460 47889 
66684 31593 
96686 31547 
56175 52800 
40089 40977 
42970 37106 
26112 99027 
7260 79037 
57862 50731 
85606 73824 
79530 15626 
9291 92304 
8751 96809 
72803 76938 
43025 64382 
16439 20373 
48042 6770 
24238 52920 
4592 22449 
83940 83385 
37731 6705 
29135 8876 
76950 73334 
85478 33537 
99332 39554 
72591 13594 
89025 93900 
71212 76655 
5839 61517 
51169 46927 
93346 79018 
69933 44793 
72632 91925 
93763 19155 
61640 91766 
63900 14017 
32074 16979 
28770 66961 
65877 52059 
89843 86490 
1570 72751 
63561 57667 
67037 1604 
44664 81015 
79859 57815 
67287 58371 
58863 8069 
99345 1172 
31297 50927 
73022 51616 
38871 96362 
49583 75189 
42902 34123 
40265 4251 
3868 19902 
56664 86692 
63924 46635 
43818 21099 
92266 9776 
57097 40460 
62707 20018 
80049 40095 
20432 64680 
44509 32353 
60604 69870 
6560 50525 
85364 69522 
52344 17519 
27721 44546 
56278 41002 
30940 55585 
90848 96057 
50245 56241 
91981 8833 
17 40142 
16885 60240 
4125 44858 
92272 87404 
19638 8411 
40079 72472 
94875 50023 
85024 73228 
91619 25734 
93814 68100 
48261 91656 
69305 59307 
85779 92888 
24591 2218 
61639 84487 
91804 6427 
58078 82401 
78272 84626 
50706 36897 
68770 9049 
40925 18770 
86717 72059 
51440 9490 
69477 37423 
77932 90476 
83336 11846 
61979 33770 
2241 62570 
371 6683 
1071 56124 
34221 16331 
68989 95771 
67600 36506 
31312 90763 
49897 78934 
79414 99204 
18727 93750 
47286 48131 
40890 9875 
40716 49377 
7777 55002 
20409 97842 
38564 27024 
63951 59980 
19628 23970 
83136 34636 
61874 77936 
53004 95816 
88973 79957 
16810 7514 
79006 27418 
67203 34440 
69593 73367 
68045 59291 
2333 7937 
73586 57153 
26184 56126 
22129 70691 
1442 33279 
29835 75979 
46020 59910 
86998 28124 
43995 825 
63901 28291 
92710 60077 
66263 59305 
99201 32854 
41330 95693 
49320 88189 
24833 5828 
63647 32255 
36299 28828 
23115 81005 
75630 26858 
94276 53040 
47394 84742 
9200 78863 
40925 53070 
58255 11044 
24132 8431 
35321 11307 
66802 34981 
34518 85218 
95245 15239 
35078 32874 
94267 54813 
26733 84883 
14748 55723 
21847 96929 
15525 96023 
72475 83355 
66796 69641 
60640 80422 
68931 89657 
58350 43322 
95362 60694 
60193 97481 
51133 81644 
75864 84364 
49726 48668 
32542 64709 
49930 90195 
77772 68014 
61826 80617 
92351 6103 
26349 47427 
19694 736 
96444 7726 
93250 10449 
99466 44376 
96756 80230 
40288 59489 
23472 79118 
12480 23508 
10019 35436 
20943 71856 
8019 27139 
83565 87901 
22473 35638 
71740 50977 
89665 25432 
70000 21218 
89341 69062 
83541 79191 
86016 97106 
99110 37616 
72482 16344 
9458 94894 
44938 5707 
44524 5742 
73643 69275 
13523 2935 
45579 98305 
51262 15934 
46333 70204 
79330 97175 
17280 91306 
38177 84797 
71077 72490 
19657 1850 
73623 11896 
31265 16267 
3825 47400 
53081 63382 
83886 32989 
6346 63320 
32277 87834 
38619 49269 
29180 64579 
44653 59470 
99889 84278 
84382 35714 
15517 89388 
29828 14174 
82325 73369 
71294 90611 
41086 55696 
39842 91312 
26124 84459 
57851 83542 
40005 65242 
12367 14869 
84348 34584 
56976 79425 
49802 19100 
87105 70952 
8969 47207 
948 97451 
74901 9397 
53585 304 
84768 95147 
35455 41944 
43381 69790 
57957 433 
14513 93067 
8757 36803 
79256 22571 
47293 81515 
90174 89926 
46996 20148 
37572 85308 
54907 45195 
9950 36773 
31659 80816 
74549 24891 
55209 80445 
25857 30280 
20209 43357 
50068 71906 
41620 95600 
31673 57411 
75901 33155 
84751 33188 
6051 30731 
25966 91602 
97807 78328 
18894 65478 
23462 19477 
10009 15858 
67045 30040 
45538 98058 
70030 94499 
5316 73146 
50257 7869 
14928 17253 
28429 55674 
592 69482 
26318 1872 
32632 50698 
58733 45185 
62834 80102 
27324 87978 
98579 14259 
38481 98639 
72380 34104 
9848 38372 
59294 9494 
391 66362 
66642 77952 
97499 33482 
70585 84551 
21256 24003 
2311 43236 
60789 7236 
92950 96387 
40541 16590 
70788 69078 
25324 82207 
66972 37205 
12176 5186 
26603 54571 
24341 76307 
40964 12995 
18083 10274 
13609 41646 
36601 87652 
48137 87073 
96945 71018 
98686 53752 
75656 89259 
55545 26506 
66721 64546 
47744 40750 
21503 90188 
32083 14312 
44443 54377 
3785 5398 
10641 44803 
7800 15336 
91796 62160 
51778 11826 
25559 16764 
21788 8673 
39999 81836 
80135 1395 
49643 29404 
80924 24553 
72511 80394 
73531 66322 
78549 59135 
76716 48555 
69064 54332 
96845 56462 
4032 53511 
32533 81062 
39550 35984 
54991 19649 
11269 80602 
78471 64827 
1272 68850 
38395 972 
55670 41310 
76137 18562 
78079 96059 
88885 51385 
10206 1272 
40593 39418 
24891 31121 
45776 21043 
99273 23989 
31754 62267 
6145 5097 
56886 37747 
60090 11826 
12484 88665 
81663 9334 
64276 95896 
97666 86515 
95662 23388 
78465 77900 
99466 6333 
24342 65810 
27490 81435 
52040 78867 
47896 82477 
99921 17932 
79296 53386 
65598 8578 
67391 63128 
13413 439 
45111 42007 
40804 8035 
70415 97344 
72393 15174 
67280 7990 
58522 45556 
4851 41771 
91011 35916 
37361 87722 
13082 34844 
93098 45822 
92644 90390 
44606 70975 
48585 82589 
14235 25094 
68225 3265 
69259 51398 
30753 84774 
39030 48419 
56256 31788 
42952 87716 
32859 15797 
52544 88924 
35526 50686 
23470 38512 
39236 79569 
24110 14514 
46538 67993 
56133 58496 
94882 16717 
9447 18147 
82677 78418 
19080 69143 
54685 87043 
94672 13306 
17122 85922 
74704 41590 
10783 71367 
16977 45048 
56519 52122 
74516 54690 
1558 61906 
21748 92031 
37445 52174 
89697 16107 
30808 35326 
40865 59901 
6653 44777 
64603 59344 
50586 27602 
1980 91439 
51135 87932 
15499 54599 
86234 54834 
3516 43842 
69012 57097 
21766 96332 
7133 49161 
15164 8549 
97268 47388 
81875 55441 
71667 3902 
88633 73992 
37329 66456 
31366 8930 
99940 47076 
88437 56655 
44534 49681 
45122 84971 
52737 87440 
77464 50856 
72482 54335 
71183 86234 
20267 2181 
17106 72608 
88285 14341 
68378 79397 
49185 60402 
66711 97985 
99746 62279 
45038 63701 
61422 1556 
92120 21357 
60471 50268 
21055 56469 
43334 12944 
18063 83901 
43925 26379 
60552 58453 
8679 75446 
84173 47764 
2472 48207 
47429 86920 
63956 71601 
89378 16290 
52376 40253 
1052 89353 
29592 75192 
34458 25674 
50821 26749 
54356 75669 
95529 66474 
97502 58460 
55928 96565 
41612 31837 
14692 42177 
2060 54257 
85812 81851 
68142 2790 
62882 14439 
62733 18067 
17684 57039 
59237 57521 
18584 17794 
17983 51619 
93006 89858 
10541 74250 
41231 68369 
84918 58099 
19727 998 
87185 8564 
51423 44423 
95823 95667 
87618 14056 
43904 32406 
41613 82370 
1200 80139 
37699 2422 
63438 56809 
70795 7428 
49084 62252 
51806 64730 
35460 76276 
21695 43035 
75399 29876 
53284 85517 
23301 97676 
23975 68167 
65126 10573 
34843 62742 
90747 41569 
71990 16710 
69035 74901 
54577 8793 
86154 28831 
90584 38016 
85763 65841 
66179 56625 
6175 90483 
27458 62784 
43992 4751 
74344 27674 
86333 63613 
75631 43417 
44496 49219 
31401 43189 
90734 61270 
54488 62983 
46824 3230 
16171 85610 
98163 29238 
2953 31929 
10387 5018 
61074 41650 
6843 27564 
63288 16688 
24702 42995 
18506 83707 
5121 99750 
59040 69308 
88577 75167 
82483 71262 
80336 17475 
95652 52268 
22994 52398 
6592 78879 
63149 13760 
37249 77590 
27442 70941 
84252 82481 
29592 42453 
38122 4423 
14499 4605 
82289 60508 
8102 26931 
32416 64200 
82388 91961 
43870 91630 
63807 85908 
10544 7550 
10310 78975 
1784 55624 
57335 49240 
35848 92069 
86289 42456 
68096 69087 
400 1610 
80007 55118 
2322 44708 
91198 12599 
55440 17003 
80721 40772 
76569 94789 
96255 30991 
51569 71838 
50181 75065 
87383 16749 
50079 13358 
14110 49665 
87849 8679 
28915 50254 
16433 84452 
29975 75309 
76041 71204 
23081 33975 
92789 64103 
96155 41355 
61862 6122 
47642 47137 
44554 76295 
23585 14864 
53979 80649 
65175 9628 
77775 14557 
93655 37207 
87764 89577 
62689 66036 
16349 95298 
89633 54921 
37316 97258 
36663 4030 
74739 55719 
50251 44449 
77882 86865 
83261 82457 
42224 77965 
17743 18698 
27192 11084 
78498 69554 
19694 46135 
77579 28254 
19213 63361 
58114 16667 
75005 67804 
12177 95197 
88859 13854 
31934 17861 
7910 16691 
15845 42358 
71150 79230 
92469 30819 
40583 78122 
43232 5954 
43354 20448 
2523 59412 
74752 3913 
88540 44446 
63612 87666 
71582 23339 
81450 8336 
17776 81557 
84572 56410 
55744 65229 
14412 61786 
1296 46299 
45551 24157 
40946 70579 
63121 63804 
18921 97930 
71722 61460 
94280 941 
86525 2092 
34880 48712 
33864 36761 
93131 65735 
93445 29163 
64844 22376 
47177 59034 
66930 83078 
60678 13260 
82333 11170 
12681 7396 
11272 5033 
4819 45193 
36739 19395 
29715 41829 
59165 7644 
48815 7730 
80249 6301 
33054 14150 
19192 71180 
49273 39184 
25920 66262 
33152 23374 
15323 947 
75523 47836 
84187 9084 
63035 84604 
88171 64079 
56466 58834 
50054 28372 
60359 5604 
42443 42697 
36217 207 
38238 70824 
38138 90169 
50349 28811 
4557 59647 
88544 44350 
22677 12463 
45746 11376 
93212 68675 
88717 27903 
62201 31442 
68774 30881 
53975 95860 
87049 70926 
34722 39515 
45749 1862 
59684 55707 
92007 95282 
8633 64579 
14090 28732 
94077 64875 
81140 37581 
34573 69570 
27025 65324 
21528 2348 
66538 94778 
72051 18675 
97865 93523 
52698 55213 
89105 60948 
79363 4330 
68598 21391 
47097 56682 
38911 68105 
20311 54170 
12561 26173 
18588 47985 
23890 68990 
66245 62045 
5986 92570 
34839 20807 
34154 24679 
96930 12265 
28142 21672 
26744 21870 
74179 84937 
28768 91194 
74880 10945 
48825 26329 
60132 74187 
23890 5354 
95323 30654 
56632 11616 
4618 20991 
58622 50167 
86464 47129 
92161 88364 
36084 93931 
54849 98474 
5464 68240 
93296 70059 
25179 31792 
2794 2981 
84375 11496 
68299 88064 
15309 80920 
28724 31766 
57099 20143 
1360 83647 
79665 77660 
86099 80993 
33306 77661 
80228 33656 
51990 38751 
73679 33959 
79110 96041 
61924 91489 
3350 47590 
9110 60642 
89248 78243 
17571 49991 
62161 49230 
11496 76860 
60537 80215 
22344 57919 
99769 92023 
71478 7203 
1372 22880 
81556 46621 
28809 78782 
12339 20869 
37032 29453 
8906 48569 
86644 15375 
70638 34551 
95556 88518 
97888 14377 
1123 69611 
49908 1505 
83956 68216 
52393 59963 
60946 78339 
25911 30951 
89542 31964 
67510 473 
37880 65631 
6986 6945 
66108 31077 
76540 52629 
33107 59944 
77993 853 
89751 74699 
5251 12124 
44970 23162 
81372 96585 
94104 2418 
99375 37718 
80366 29388 
13838 72711 
19719 9968 
16371 98672 
57071 56397 
42211 10614 
37394 3399 
97464 67148 
69255 77630 
66927 22813 
30188 82120 
60987 62240 
13449 67622 
86706 20599 
43912 76185 
83028 77255 
97232 58752 
42932 65126 
40832 88230 
56402 46894 
77913 12214 
47229 71092 
16382 15447 
43970 35971 
3450 91086 
20769 57161 
63624 51977 
67313 56317 
52904 48401 
98819 62251 
95246 97126 
96777 43501 
98663 68104 
79040 71850 
57842 19786 
33915 50010 
37724 21783 
17068 23476 
98251 54456 
2323 36534 
64283 29074 
97868 85441 
66721 29245 
87901 67996 
80910 34622 
36405 28056 
66661 51263 
94554 45958 
70567 39489 
86122 31405 
85742 99776 
6337 34053 
76742 49904 
58762 98844 
68122 2522 
72073 58090 
63952 31248 
84032 70362 
12557 95582 
53448 87447 
55898 80152 
62636 54933 
6158 92185 
2609 29430 
73524 52615 
91194 26021 
28566 10854 
60276 93196 
20248 11018 
62543 49356 
86313 38269 
90377 4923 
86638 77938 
69969 37138 
62123 27244 
92240 80837 
71786 9636 
68853 47803 
88934 55212 
56332 89743 
43664 27133 
74268 75487 
83390 93603 
54586 61718 
85703 67737 
98031 98345 
98589 63501 
81311 24582 
1888 44937 
53732 79845 
80829 77990 
85719 74802 
77606 29536 
83254 42187 
40137 96553 
62066 14468 
18544 89924 
83298 55998 
69336 41939 
88438 10983 
14870 54379 
35428 15421 
71421 54872 
30188 61092 
2992 83286 
68159 92759 
80010 86998 
49049 65924 
22136 64162 
4590 91806 
82622 57467 
83923 48647 
88031 67384 
74115 44003 
81574 23527 
94381 71408 
30946 25507 
91706 16563 
52236 40537 
82874 33187 
70361 24058 
33311 26713 
83426 11770 
36682 55201 
23524 16711 
60853 81176 
9703 53421 
55602 85507 
70176 2710 
75371 85051 
70332 25186 
56412 79439 
20690 29459 
1800 89222 
54672 1817 
70107 37526 
59907 8146 
33918 70437 
18769 86046 
72926 7520 
63923 55300 
92970 63205 
82907 88257 
17206 82194 
12097 98185 
78485 87643 
44893 23302 
53043 49522 
41554 6890 
14801 42414 
68833 99859 
56807 76916 
16424 41042 
21819 56910 
34166 2711 
7512 36129 
9114 24002 
63492 21793 
54728 93341 
77058 487 
15856 82461 
52575 42073 
2604 79237 
25363 71076 
53807 14301 
15143 81823 
96543 27295 
16401 13540 
11960 72630 
43400 94706 
39684 21708 
96155 12110 
53139 78880 
90286 59429 
16380 91735 
98513 72523 
89337 2847 
84408 64281 
82876 59742 
70108 30465 
77671 72574 
68801 9892 
11597 84903 
30132 47174 
9206 1965 
92043 24343 
73830 2945 
6128 98853 
87929 49023 
5230 9786 
70556 87348 
11782 91524 
22128 42592 
43337 64700 
46191 82363 
57727 57971 
75443 40514 
94476 50925 
45018 83265 
11380 18411 
49866 7063 
85558 99629 
95061 64210 
46824 11526 
97933 22581 
37897 75325 
29173 79102 
50743 27511 
86395 63173 
71244 42101 
78103 85853 
75447 99768 
58629 13376 
59789 1186 
95310 69431 
54977 36885 
68040 99680 
68633 94012 
98282 64074 
25321 1550 
79743 57800 
24255 89886 
36133 88 
14760 68036 
62767 71575 
97480 2442 
18246 25583 
95343 14893 
20069 46405 
2473 3992 
63712 78575 
11521 34493 
28604 5105 
40268 31923 
56353 9809 
26953 66072 
86730 19058 
40351 6287 
15076 81729 
55497 83898 
91210 12582 
78808 2718 
14333 93951 
67397 97219 
91068 3372 
76566 49813 
14451 10658 
86696 43619 
90583 66937 
6224 45129 
86594 90293 
20873 82435 
98668 37900 
61007 8926 
42131 42940 
88737 19869 
46908 86058 
64343 19805 
1165 65791 
37574 22428 
23527 30103 
23596 1372 
59996 32088 
65588 352 
95540 76878 
56457 54079 
42285 33921 
90621 67653 
16363 99071 
43509 51374 
43670 4286 
31196 10413 
41141 89237 
85494 44310 
4628 68789 
90882 19983 
97066 53022 
68781 43739 
71315 2379 
62000 72714 
80944 29510 
67564 74249 
29173 91516 
89688 62882 
81285 51555 
36302 18974 
19068 27144 
62342 20415 
47166 84000 
70907 99416 
70707 78883 
19437 70102 
51159 2680 
42212 59428 
13123 25812 
92766 13882 
18557 2089 
30224 47493 
46976 44240 
22087 42893 
20192 44605 
12676 16439 
88447 77864 
11209 10898 
51094 89168 
86403 84734 
19478 40684 
15538 25730 
42260 62294 
25053 28501 
4141 28092 
77075 40406 
77809 59322 
1637 98390 
55886 36502 
47913 50549 
14766 88784 
29460 80450 
65439 16925 
68215 29748 
27767 97784 
99924 45148 
24123 12879 
89722 59510 
25932 41279 
20724 53659 
2350 58016 
60780 35437 
14176 83157 
82968 15589 
68071 33870 
13916 56268 
96234 41996 
10717 17253 
54936 13101 
21978 27435 
41642 19398 
71467 64660 
14925 38642 
13840 35759 
63975 73788 
51097 10341 
15239 14123 
65715 76947 
82564 27568 
21788 58161 
64183 5978 
9064 42506 
65001 20523 
56428 65257 
75841 82616 
21131 97738 
72667 47352 
68035 85245 
8279 41048 
89119 7438 
56557 42240 
77690 21825 
35066 96363 
64018 90953 
75681 98338 
39513 86942 
34859 34443 
45109 13224 
35282 35059 
76190 82631 
8828 53308 
61142 43466 
67157 51067 
3571 50690 
60691 43479 
39227 38124 
99344 25863 
47851 59321 
99109 82751 
77440 29737 
87423 57845 
83848 20886 
47224 45766 
62153 28359 
4723 51745 
47903 59903 
69092 53787 
96125 67183 
13680 93325 
3902 75449 
47783 15037 
28345 48987 
65623 74222 
65955 67074 
74919 31030 
1664 75072 
1246 54848 
6230 18406 
36400 69250 
59219 63305 
49036 78208 
1465 57556 
4103 27593 
75662 86926 
43929 72557 
96681 38485 
68298 40952 
4226 90758 
13438 5760 
89595 12455 
70573 5333 
55624 66443 
3550 79270 
64263 83728 
22004 19906 
49811 93374 
41629 74589 
27461 68627 
16361 72364 
6616 76933 
58604 90127 
26328 2121 
73105 17992 
66268 40703 
17714 31330 
50771 61065 
69933 27837 
55816 54270 
22057 41988 
49166 98236 
49654 6364 
42484 3279 
98227 89586 
10855 6303 
11152 3986 
39949 33361 
78292 42617 
93970 55888 
19199 74877 
58576 24596 
27388 2731 
2084 76830 
92894 55431 
15620 78130 
89187 79612 
38211 76817 
57474 63782 
46411 21600 
46510 21483 
89681 16522 
69295 45761 
82535 65013 
19343 39114 
22385 85371 
48709 17684 
88030 63694 
47538 86241 
87924 47096 
80641 81369 
69612 69979 
30441 84274 
72166 49215 
67599 11761 
1948 80262 
20736 4187 
38735 15567 
44903 42563 
33983 9056 
94752 43491 
45940 66055 
92899 260 
67354 46705 
46511 61156 
40665 32732 
5904 61935 
22885 82379 
77777 58411 
57735 66372 
2673 37248 
36199 99001 
81374 18267 
78267 52665 
88135 0 
48446 71749 
40035 41696 
25536 82178 
1173 19634 
83176 26764 
88052 43325 
1856 43225 
8208 68100 
25359 41714 
7989 94554 
95000 31781 
27362 2452 
43586 94842 
59729 26983 
7671 97585 
92949 48573 
21444 94160 
64111 34037 
88548 70573 
95080 36421 
89101 43405 
88434 33679 
68410 36775 
54131 62186 
71105 26418 
6088 80107 
29862 57828 
14848 77751 
91413 16571 
27572 37324 
64176 53236 
69853 32838 
1675 42893 
25176 52464 
93764 89519 
47315 20238 
23774 69532 
98586 91773 
63797 45397 
22554 99522 
22654 70196 
53679 27139 
31485 47146 
38341 99604 
50432 4205 
91771 86045 
6542 93263 
43666 25563 
27834 25808 
31588 2858 
21331 12587 
85727 20114 
53947 83394 
11221 34321 
34234 25017 
14918 55107 
60319 90246 
42341 27164 
94734 98958 
87579 53458 
50411 73469 
13919 50700 
23744 24646 
76267 66892 
90430 32748 
67742 32313 
87694 47490 
22319 59895 
42545 65558 
92968 58725 
69880 30570 
90478 75268 
56509 40480 
12005 30927 
67616 40427 
10332 81663 
60699 25262 
54961 85674 
68669 75299 
14347 28501 
18602 1253 
44950 21423 
85534 79929 
7255 58659 
41734 20877 
41497 91616 
51024 16096 
26555 54322 
75045 89753 
14333 53193 
3725 83002 
78907 16379 
95795 80136 
44826 83227 
16806 6663 
62170 2762 
91932 7293 
77319 1567 
48717 42438 
7860 76125 
10984 25469 
67650 62387 
19277 59839 
3789 36236 
95478 25078 
1098 2527 
39682 3767 
81651 37485 
45910 37768 
77051 59521 
49937 51310 
79319 16902 
77269 80983 
82633 97194 
42229 8236 
12629 83063 
60141 98684 
2570 1728 
73763 14345 
16398 41284 
62405 79853 
37561 36081 
97575 51789 
39455 55492 
32538 61427 
28417 65657 
64828 75535 
3456 72160 
90536 47310 
8226 93108 
77120 10075 
60228 56702 
17487 83 
29830 65162 
92314 81559 
7425 17714 
59784 87083 
40854 39382 
12401 79464 
47260 19454 
89018 87454 
3572 23714 
6920 66957 
98073 7953 
83555 91851 
81868 26751 
50445 84083 
93496 1144 
22812 51404 
42562 81581 
77655 12924 
28997 18399 
10250 57601 
43352 31112 
84507 98865 
40558 49873 
66105 59729 
4661 87778 
29023 47115 
25245 91032 
55857 51503 
87639 5494 
10205 38615 
38452 92773 
45476 83538 
25584 26776 
28602 34475 
27579 2507 
99437 83295 
81058 92898 
57036 63091 
86897 96613 
62533 89148 
25959 29982 
75006 9068 
43386 29641 
91502 30198 
66808 48915 
45291 48100 
8301 50661 
27479 8501 
62530 21980 
36249 96941 
54223 62152 
25285 65326 
6980 24095 
18359 72613 
2384 21812 
80582 38091 
73493 51541 
88487 79989 
30004 12681 
20894 39630 
43715 56091 
420 71890 
32430 31985 
51524 16409 
67981 57398 
5161 50841 
99827 74062 
72365 67350 
29509 21568 
29526 6624 
93191 7786 
6646 29900 
9678 18784 
46526 8765 
29449 73870 
7599 64978 
76648 97876 
16081 98104 
10421 52432 
34086 97445 
44590 40741 
99566 46581 
55388 76232 
11192 93746 
75798 84485 
76702 79384 
22058 89946 
16799 83347 
22941 24190 
18314 78595 
25676 80899 
60158 55625 
33722 34193 
93477 12479 
91047 31612 
43478 88840 
65216 70767 
14545 59551 
97252 69589 
22539 92836 
80144 44094 
48610 21568 
99797 14703 
7358 72110 
22350 72427 
48871 44587 
39990 49595 
68908 40885 
93756 56315 
84461 92218 
76284 63466 
42916 46836 
80047 35810 
72224 40225 
97373 44653 
46759 85105 
97361 18514 
38971 86617 
1794 22381 
50455 9242 
57247 91381 
67728 96356 
53805 83083 
67794 70722 
72157 54151 
6483 24834 
50306 11678 
58587 43667 
48733 37320 
42965 89257 
58564 33192 
58094 16428 
41164 92516 
73949 82080 
9515 55126 
74600 56649 
61873 68196 
22626 45619 
56397 35942 
21188 81475 
71793 8531 
82530 52000 
33496 30083 
72715 89527 
97513 38393 
91558 57581 
74753 84887 
64000 36288 
47548 22311 
64587 25967 
77011 89816 
70245 59556 
24999 10308 
38203 38797 
17659 3369 
35705 86581 
58877 8494 
6064 38400 
61448 8080 
41626 79542 
1347 37312 
48415 71503 
16234 68989 
29457 1004 
63161 65334 
84254 28094 
22417 95972 
20357 5986 
84553 31479 
99687 94610 
85850 35335 
97020 92295 
63842 93567 
30968 65569 
88968 41041 
38817 65749 
91039 66078 
5754 82805 
39923 981 
26287 1950 
58691 35029 
71083 96430 
44463 18669 
55981 11229 
47249 62833 
61590 66675 
10355 75749 
31683 38414 
7222 21056 
86486 50747 
19082 25718 
23020 54059 
85373 13947 
38799 43840 
24611 94238 
7471 18778 
67239 80635 
55411 68447 
63972 86442 
36802 27315 
33221 88891 
81394 31105 
89436 26618 
93935 64001 
50530 58330 
17162 90724 
57037 80660 
31270 26239 
48236 75962 
51965 7629 
31218 36687 
6466 97642 
47699 91970 
12227 67465 
90366 44202 
56720 77487 
45644 8605 
78245 99105 
42986 37202 
77527 98107 
72138 103 
47785 30689 
89306 91616 
96969 86878 
70749 26495 
50054 52959 
88050 92466 
61520 54419 
73140 29216 
38604 84003 
13170 11142 
74410 15674 
65368 21396 
16647 54568 
10284 18183 
52534 75493 
68155 10722 
73327 58076 
87592 81950 
92957 35363 
78399 17775 
34443 34483 
1046 28585 
64990 2934 
44181 77708 
56149 82123 
18517 63647 
68890 10965 
70545 38187 
15149 16678 
72745 80816 
27173 77351 
78305 91453 
73888 21412 
37833 8048 
99574 62851 
63162 3425 
24276 57813 
89039 66587 
37656 8180 
27373 27712 
38440 30780 
30649 43209 
20089 57078 
81259 17437 
80039 27504 
1682 1095 
34617 97030 
36809 72763 
54634 74167 
94203 79731 
97729 74241 
40636 87003 
2657 79622 
44006 59208 
28040 64541 
18574 79218 
63468 60169 
78423 89330 
14411 6836 
29156 26181 
64035 64596 
31049 8913 
44815 30758 
48260 31606 
10742 43599 
58119 5664 
86963 35147 
32169 95526 
87842 32739 
16321 92035 
36721 99018 
31332 71718 
91078 43072 
86817 97438 
75305 31638 
52069 26060 
49977 78587 
55207 2217 
1305 93362 
88505 33712 
17336 24601 
82241 63764 
28521 43871 
71989 78017 
29426 76250 
25015 10168 
65650 99448 
10263 38997 
65412 1208 
93427 1794 
18825 5932 
13649 84356 
59515 55788 
51666 86174 
83033 58994 
30522 867 
44435 98553 
99482 96613 
13413 28376 
39330 29032 
29540 70590 
93021 69880 
92471 67727 
69429 88915 
42349 36577 
89980 83403 
34205 16688 
47997 10034 
86806 5785 
28848 37330 
91167 26852 
95301 3200 
96889 77164 
77005 31868 
55483 68257 
15563 37197 
89039 77647 
7435 15279 
69834 98035 
55714 8192 
41946 87811 
88829 2927 
89417 97869 
29288 14768 
57201 74039 
98837 92768 
60917 11902 
27720 76470 
79323 71324 
95233 27671 
9477 41715 
66325 58746 
78692 85854 
4767 79963 
49708 80055 
37211 92195 
25882 11519 
14465 58589 
61743 89909 
66402 98984 
10938 79482 
75132 64267 
98346 60601 
97426 64347 
86080 84950 
51847 43055 
14104 97530 
48647 16054 
35378 60291 
81197 13686 
32707 27200 
16592 99723 
99897 88638 
20014 69087 
93341 24177 
22553 62888 
11834 77116 
95404 77469 
42192 91622 
24713 85703 
16157 33833 
90797 33362 
60109 52033 
43083 21170 
83275 17780 
27823 34013 
42397 29832 
69493 32788 
41234 55777 
28747 81507 
71806 32456 
59918 42508 
80974 45609 
69247 36030 
50681 61574 
31402 26892 
13152 89488 
56299 70647 
83333 11078 
10841 24358 
80050 26984 
90924 2985 
24618 33487 
7888 41408 
51079 61565 
577 4226 
35745 81417 
9266 70725 
55405 99893 
50934 10789 
13344 55725 
16719 59037 
30203 47999 
71842 89089 
82788 17015 
75907 87625 
88052 33505 
57206 28774 
71796 42098 
68475 53383 
32006 48004 
23571 64828 
5336 32083 
64586 63309 
71828 28762 
37170 53920 
87834 3725 
58174 80315 
19928 23867 
44192 55403 
63711 20665 
32181 83261 
70505 9979 
64059 92350 
72264 46212 
26046 29089 
90416 56808 
30447 93013 
37898 24313 
2717 29954 
75286 57470 
89844 38098 
61742 20330 
37439 83244 
49371 68860 
92398 64250 
5644 78288 
75598 17375 
12695 31178 
34813 99134 
84576 76222 
31873 41257 
63978 60759 
40080 28505 
8457 86265 
27976 10315 
52857 35330 
83788 20658 
39414 71121 
91230 46966 
39936 15858 
1789 58646 
55489 73561 
61264 78426 
68166 74104 
38988 55661 
36824 80582 
77084 79759 
74071 20048 
24010 53963 
15312 68874 
41788 35040 
92347 48308 
79526 32752 
53766 63231 
87181 54530 
32338 47702 
2987 75373 
45583 64545 
85580 10759 
29908 43086 
77550 71243 
50953 29033 
81043 81396 
3225 63627 
97939 52894 
10602 5325 
37312 11807 
65980 56624 
21028 93513 
3103 61067 
24728 35184 
76535 91041 
75904 15387 
36759 55665 
93373 13145 
26550 19883 
93166 84625 
92080 40825 
4725 84681 
97566 95555 
38239 92559 
55870 95521 
19076 36359 
39088 57346 
58470 49215 
12932 27027 
60985 31653 
46676 35181 
78748 39233 
86412 94673 
10025 62309 
43553 38776 
5453 15646 
42808 37941 
89101 9624 
94249 26346 
23458 31886 
2634 15560 
47599 28540 
3805 71993 
95978 37428 
22780 87231 
61623 92428 
81039 75930 
2029 87449 
41572 94630 
98601 61470 
69397 86668 
71240 41901 
2544 23316 
18514 62519 
73911 29315 
816 54378 
97948 52206 
9024 93330 
37759 59128 
64393 76186 
98014 22239 
76750 89052 
46973 84450 
47559 25982 
56962 80872 
41979 13877 
66777 28182 
69814 400 
11813 84063 
9057 65726 
38100 21931 
77719 26026 
14973 62364 
9745 6876 
87759 51959 
19014 78140 
66648 82773 
41789 58400 
30841 1099 
32459 16594 
38071 62988 
49977 21338 
68792 55759 
13178 14228 
1579 19696 
21952 12460 
11727 72155 
38256 78217 
8542 57547 
96038 27533 
78490 20931 
62360 89724 
81172 30441 
3358 69970 
52960 54284 
18162 12273 
9217 31787 
91486 7762 
135 64753 
81305 44206 
67556 95350 
1931 46573 
70501 29800 
84703 15643 
95722 13354 
98689 31898 
46204 61333 
91922 55311 
5357 3462 
70146 18166 
7542 4305 
64417 77644 
6612 81275 
51592 67691 
23290 53531 
82391 65549 
69529 20004 
40612 67340 
93373 82866 
4033 49216 
61390 3942 
2619 75841 
97411 5886 
72914 6374 
26077 7383 
88796 39582 
27636 12204 
8293 34381 
96433 55627 
13713 39834 
9715 48570 
38107 69529 
55667 49707 
64883 59246 
39976 38899 
59411 53971 
88790 61496 
41522 80544 
92569 62348 
36029 75648 
90126 30809 
44782 55289 
75071 33613 
68180 31612 
17886 21157 
66722 5605 
36043 54557 
93857 90133 
11841 15797 
50273 46769 
53068 31329 
6707 51983 
15104 60704 
17483 43538 
54779 76106 
194 36288 
66033 86116 
88287 38117 
55394 37601 
72800 41334 
51271 63294 
37076 12656 
5264 29481 
54028 55725 
35941 78125 
59338 74164 
85971 50825 
35991 20274 
12018 28228 
45617 74730 
3473 17777 
20322 66031 
30878 75186 
85083 4944 
57813 50523 
15202 78822 
11050 8553 
45952 23414 
92923 84737 
42249 65704 
37191 3277 
5036 10254 
55017 1640 
38045 23723 
91287 77178 
23689 57448 
13106 95807 
60067 36354 
82107 80117 
92410 33982 
20142 24864 
31773 48035 
63914 71507 
91365 88615 
18311 10218 
86636 92167 
60466 67799 
39108 78206 
16984 82956 
95862 72976 
35304 66585 
26751 34470 
96848 94064 
89576 26637 
74352 78955 
59853 7054 
18735 33093 
6239 12035 
71848 26762 
55305 45837 
40651 24417 
30058 6565 
35609 86417 
65456 10327 
71539 95236 
1151 7357 
52663 85871 
26763 19061 
15277 34440 
8247 63320 
81247 86412 
55226 76891 
83433 86503 
98669 88387 
60198 5926 
35865 43040 
80295 49525 
65379 31367 
51745 65260 
78521 27838 
88683 71568 
95841 2779 
58728 64326 
37230 31008 
10067 64445 
92478 84065 
82240 19591 
15443 59406 
37506 79066 
99478 69576 
10737 19586 
4365 87098 
64915 11522 
95719 16720 
56603 80083 
26664 45669 
61188 34018 
38585 4652 
81198 5576 
82823 57655 
62683 69808 
68425 26917 
74414 88707 
22405 50988 
62589 56274 
8433 68417 
79733 4278 
87488 17333 
689 65284 
19708 42106 
80824 79492 
543 2236 
82039 74969 
96265 85794 
90676 47058 
94014 39939 
78068 12073 
9753 44461 
9302 12809 
3872 70780 
88628 8993 
38655 88459 
41013 94458 
74401 4055 
68500 44672 
41736 43004 
87285 13162 
46493 14233 
46879 63478 
60494 29343 
56230 44495 
26704 83423 
93339 91196 
60391 42987 
54703 60505 
59348 27971 
8821 92304 
45626 19403 
54032 19481 
48892 72092 
45123 37638 
7210 62552 
45411 85064 
4903 56413 
81445 76616 
89121 36663 
25967 81362 
6846 94334 
11477 33146 
82288 46645 
81499 15684 
10956 14074 
19557 69358 
81188 57508 
56935 25565 
46492 49326 
49414 86315 
62806 28203 
30496 31685 
73600 66374 
94014 55822 
72733 60259 
32591 3365 
82 40596 
60016 2496 
28161 86607 
75469 68238 
79317 20219 
85360 80217 
72551 51000 
84630 22770 
36609 40232 
13510 12119 
41725 53391 
48011 25253 
96221 74344 
52843 88246 
26163 61683 
23976 77913 
6368 37866 
74737 40029 
39257 15230 
74112 29784 
84431 79429 
28830 35706 
26295 70486 
11849 56970 
29654 24410 
79009 65845 
73945 64184 
82930 1954 
75596 57967 
88609 13098 
4991 94448 
18730 78586 
79602 60570 
8358 25329 
68099 45213 
28453 74388 
71553 33914 
45582 36258 
57374 4361 
21216 6822 
9170 80119 
18173 2768 
21475 50951 
74041 15165 
12128 22088 
21851 52997 
47046 11934 
86762 94613 
72256 77936 
64228 64381 
26246 13756 
89870 4287 
62077 27351 
44190 15764 
43123 79219 
96315 5744 
88963 32814 
80109 82734 
38611 45015 
13262 13665 
67168 3538 
15412 70317 
38916 302 
54844 65341 
5001 15031 
55015 2171 
57045 71724 
21904 40612 
29407 22170 
11127 10418 
2255 5264 
39753 88881 
95228 28683 
61967 95265 
57188 20323 
69961 44866 
51397 918 
51883 48536 
7445 36402 
37187 39710 
61338 38795 
86398 60280 
33381 97806 
37077 39111 
99844 41841 
708 52569 
98872 46720 
16231 65085 
73681 33180 
5132 9651 
96833 20094 
40269 83032 
38203 29385 
36037 98582 
36242 70684 
90998 60725 
7230 69078 
65761 99482 
80438 37672 
58708 30870 
78461 38155 
50030 89561 
71466 17240 
20605 13882 
21686 54556 
16408 50051 
223 8490 
21397 82503 
2063 440 
22279 90181 
7182 35105 
97049 74926 
35724 14672 
35881 7344 
23447 68137 
7731 88038 
99980 83516 
18913 27590 
86921 316 
70958 7446 
45382 92405 
14219 95590 
93333 47271 
10955 55917 
81916 26707 
67082 8208 
66910 76047 
65248 66866 
36586 34351 
33624 10824 
60443 86320 
14510 14546 
4655 88217 
54843 545 
19520 94692 
26662 57575 
41817 11187 
99792 5456 
70695 97453 
31266 77432 
69550 51724 
6429 34030 
18349 12217 
65200 18579 
90926 22899 
73629 13864 
60018 23804 
55655 61836 
39150 42736 
82912 63858 
54949 84771 
31446 87659 
6074 38772 
53356 68996 
5650 45975 
78682 10950 
22973 4724 
58256 51855 
37197 17566 
81776 94055 
90830 22152 
57009 59992 
84074 85795 
15839 69577 
82414 85010 
20761 13351 
19298 36025 
81463 29655 
63397 89970 
55327 80818 
85601 57351 
97902 63339 
4797 80424 
49894 80080 
13437 29193 
95676 48711 
83986 57031 
5032 19919 
35580 15283 
74617 31391 
96565 92728 
18519 29085 
33067 15410 
18357 46060 
26326 15070 
32501 40886 
72268 50338 
81287 62656 
45615 43806 
70507 27642 
17838 80259 
89002 63867 
43317 96575 
17823 4136 
31321 82203 
18237 85574 
2767 615 
23747 44206 
90169 36770 
47325 76882 
76822 73372 
29250 79616 
86942 99590 
93179 61368 
32380 59907 
48537 75360 
93459 57895 
75818 6213 
61603 39979 
58045 511 
99657 97596 
76461 30823 
82107 42713 
71378 38793 
61936 31250 
80191 11614 
73395 31723 
3707 7978 
20739 62322 
19213 64579 
21786 48598 
54144 82284 
72153 86114 
57719 12287 
71118 27627 
59599 36888 
3272 52765 
84378 66951 
1478 19671 
98657 58707 
26119 42706 
3465 86206 
83236 88054 
48961 92589 
69853 29967 
40638 83247 
78642 64375 
26645 17047 
16072 33718 
4399 97947 
88252 77128 
61312 68682 
86934 83439 
69225 60617 
64453 91027 
85087 59437 
20895 48116 
71412 5040 
39345 19912 
39248 55814 
95810 4840 
33631 12410 
39256 1140 
26960 14207 
84170 47211 
59214 92838 
83146 44353 
65626 91482 
50242 58933 
62198 36046 
87168 92496 
17365 74949 
23872 2989 
24123 87898 
22659 57998 
1141 862 
10723 1795 
93612 34409 
99812 21991 
15051 55599 
23707 8710 
69751 99874 
74316 9467 
22293 78644 
45385 96305 
35272 90749 
99199 78251 
79326 11532 
56089 11774 
30573 41937 
69179 84700 
9743 61886 
87545 74886 
84565 47108 
29748 14001 
52363 76679 
86753 18851 
43392 79701 
48282 87965 
37065 43888 
99894 99520 
63017 36250 
69442 88212 
66886 66648 
11021 23274 
56693 58665 
2106 57630 
9879 79075 
95323 69027 
13349 17120 
10135 68006 
29265 97875 
71692 4703 
27885 60178 
4203 66709 
5386 28900 
64395 23607 
9412 63806 
56988 40330 
27980 72777 
8587 51052 
58437 35908 
88960 58159 
62285 98759 
59452 96654 
29019 58026 
97057 83393 
17495 80932 
89725 52678 
16904 70842 
23499 64961 
71083 15927 
85366 63823 
39665 35129 
87010 47872 
27506 66267 
74147 18843 
99844 24786 
23718 64950 
14800 98502 
46929 39382 
47139 33603 
9992 97880 
47596 10262 
56375 66436 
80622 2389 
64481 20421 
10057 65374 
2887 69809 
57026 98112 
51632 61705 
37264 81179 
42513 30964 
96108 1685 
33936 52495 
98560 37200 
76608 74669 
99100 86040 
45185 42305 
11361 99290 
7991 49804 
21270 91140 
81985 257 
38973 78403 
73397 84751 
64607 27550 
35816 37583 
50901 68138 
86948 67726 
81644 65228 
12883 14651 
49185 30180 
54450 27472 
6438 89165 
14031 20410 
89275 21801 
43252 14678 
53711 28514 
71994 37146 
48957 84531 
17446 9543 
52194 90859 
68238 28432 
23848 38178 
73170 5840 
3153 58252 
76667 13171 
52975 49298 
33782 46909 
80145 26667 
6455 13625 
2953 68289 
89669 13938 
11003 95506 
41272 90306 
64280 54226 
92450 91944 
8068 38806 
97163 1633 
38266 31591 
38360 63831 
37689 14776 
46363 51246 
18099 48034 
549 7921 
44992 95318 
79288 10855 
92584 27307 
95090 99355 
74963 22153 
1991 31530 
26056 36506 
90445 40740 
55819 21224 
91333 81311 
92983 11774 
95162 72445 
35725 31976 
55147 72033 
70785 11593 
83566 37930 
88843 33195 
69647 63264 
19372 91808 
44206 4505 
31737 72014 
91359 56225 
927 21536 
60839 64904 
16160 27741 
65835 15615 
18439 84078 
60688 70063 
89222 67157 
80418 82196 
76516 31999 
89772 68498 
36967 72907 
33313 64059 
92978 90500 
53 52675 
52365 51633 
16251 19444 
14760 28225 
58169 37754 
93749 53498 
32990 69008 
16624 39652 
10522 23107 
24692 59726 
932 436 
86215 8198 
64489 11990 
51362 19809 
8112 53280 
23960 44190 
70514 89775 
98349 45022 
22836 96923 
11337 16828 
14851 86117 
89002 89875 
78224 39551 
26025 24295 
57724 71454 
21266 78164 
78930 31030 
7443 71149 
76670 63234 
55066 55235 
2293 47578 
1213 47129 
99827 42251 
52216 73126 
91207 71112 
36044 26535 
38939 4485 
34907 40212 
60953 1184 
11559 32303 
56835 98844 
53760 92000 
67264 62366 
585 33927 
29155 26179 
81475 64712 
7906 95006 
94415 73367 
85086 99988 
73088 78300 
55011 42219 
44563 38079 
36875 94178 
58848 60531 
40455 71017 
79522 25313 
32879 28288 
60742 68782 
41531 90475 
45 66818 
93925 65555 
48661 91187 
39181 54803 
81466 8093 
17745 24229 
77244 33779 
46074 64234 
36568 61324 
61242 27505 
69414 25260 
26758 1613 
17528 76154 
35366 42483 
37598 96050 
57196 67570 
60437 97418 
72357 83536 
58683 13250 
95910 2176 
927 3988 
50124 80477 
43693 78152 
64034 5975 
14409 47871 
83522 36919 
68216 17955 
56510 98272 
59447 37695 
17300 29220 
54597 28312 
31725 75577 
27773 35729 
80476 21399 
21913 48355 
51820 58088 
29465 62569 
86910 96410 
44735 74834 
70967 37113 
66810 28649 
91848 29183 
86709 47023 
93865 61317 
75353 36691 
39181 51793 
99962 59009 
51715 24675 
35658 24258 
59209 86182 
6342 81042 
67957 44043 
84293 40541 
1665 44793 
1528 96542 
11020 39216 
77556 76518 
13756 24527 
48005 86444 
